60
5 33 41 12 18 51 17 36 42 26 53 48 15 54 10 4 23 20 3 16 31 43 2 
11 29 17 35 1 30 46 24 9 6 55 26 45 56 19 25 10 7 53 23 50 8 54 22 51 49 13 37 60 33 
22 15 23 47 11 56 27 13 17 1 21 45 20 33 19 37 35 41 34 24 14 58 4 44 7 8 40 57 29 54 
47 22 34 44 29 6 27 43 26 14 18 30 40 51 24 58 41 42 11 23 1 3 49 45 10 31 12 39 
40 37 18 44 45 39 48 60 1 28 32 41 58 59 20 46 6 7 12 25 8 53 38 15 54 50 13 52 24 26 33 
32 18 26 30 44 5 47 7 43 4 56 46 23 9 22 53 2 36 14 50 37 42 8 16 45 24 33 
15 47 6 26 59 55 11 49 2 20 56 36 29 46 22 13 33 32 10 3 40 43 34 19 48 5 23 52 16 38 9 
55 41 5 50 23 38 3 15 39 34 35 57 42 22 44 2 6 53 52 28 9 20 24 48 16 26 33 10 
27 51 23 42 38 60 29 56 46 21 57 10 55 28 20 6 7 49 33 47 8 34 35 52 14 15 53 30 13 2 
57 32 31 33 54 21 55 17 19 42 4 49 24 50 13 37 34 39 40 7 14 8 1 9 12 56 2 
42 17 28 18 3 44 60 56 52 58 34 21 55 39 22 31 13 51 25 50 46 7 45 53 4 59 48 32 57 37 43 24 2 
52 14 51 13 35 44 45 60 34 10 16 43 37 49 56 21 5 1 22 41 26 17 24 57 28 50 42 4 23 27 
24 19 55 54 29 22 23 26 5 60 42 44 2 9 46 34 17 16 43 3 11 25 52 12 39 20 10 48 30 57 31 37 41 35 15 7 14 38 
41 4 20 25 48 3 39 9 26 30 40 52 56 50 54 17 51 28 42 35 49 18 47 60 15 10 23 32 29 21 12 46 31 6 55 13 45 33 
14 23 17 47 7 3 58 18 8 42 48 40 27 33 51 39 44 32 46 49 13 34 59 30 22 50 9 54 1 37 45 5 
29 30 52 37 7 6 55 1 28 46 54 43 42 38 49 40 8 13 32 60 53 44 12 36 51 27 31 
34 43 41 28 51 12 48 46 38 21 3 40 56 58 24 14 13 39 11 22 20 1 10 2 60 25 35 18 15 50 
59 4 36 55 40 35 1 37 6 24 56 21 22 60 32 15 57 44 17 26 14 38 5 11 19 39 
34 49 28 51 30 18 52 2 3 39 7 27 33 46 10 42 53 24 44 50 21 13 59 
8 7 5 9 14 43 53 47 13 40 46 26 45 28 30 50 35 36 54 23 56 57 3 60 58 22 37 55 1 34 24 52 38 25 51 33 17 
24 29 14 28 60 9 43 10 19 48 46 55 58 53 12 57 11 42 18 45 31 3 26 52 54 32 17 
36 2 12 37 18 53 6 31 40 25 56 46 58 8 51 15 27 38 11 34 24 4 7 52 17 13 47 20 33 3 
35 36 15 6 2 43 28 41 14 1 39 29 38 37 4 34 26 3 58 13 48 20 8 7 59 32 52 12 31 9 54 
35 32 46 5 13 30 17 41 12 43 21 3 18 52 4 26 19 28 6 8 38 2 48 56 55 36 25 20 22 11 27 59 10 29 51 
57 5 41 58 13 34 59 11 55 48 32 20 51 2 36 42 22 37 33 14 40 28 24 17 43 
14 4 52 53 47 42 6 7 2 5 21 43 12 18 1 27 31 56 60 8 20 50 36 48 55 24 49 13 29 30 23 40 
22 39 16 9 26 38 54 57 4 15 55 29 12 37 28 31 59 53 24 19 52 58 40 35 49 3 33 
45 38 21 27 20 29 34 49 59 58 24 54 44 16 23 41 36 48 30 25 11 17 46 9 43 8 12 31 19 14 5 35 50 
42 57 14 31 24 59 3 34 7 27 16 26 55 28 2 23 51 47 30 44 21 45 50 13 52 41 46 58 9 4 
9 2 36 51 37 47 4 20 19 15 48 13 45 40 24 55 29 58 46 49 60 28 34 26 59 16 6 14 
28 4 37 53 60 29 45 39 1 23 58 27 38 11 16 14 26 40 51 10 13 56 42 22 21 36 59 55 
11 42 14 5 7 47 18 54 45 15 23 48 16 40 24 21 33 59 37 56 60 25 36 10 53 6 34 
51 7 19 32 46 52 56 44 53 9 58 14 15 50 5 37 22 60 41 10 3 8 27 25 1 6 20 2 34 57 
11 29 25 20 10 35 32 52 36 40 57 19 3 41 42 8 4 30 22 12 17 46 47 23 15 13 49 7 9 38 45 33 39 28 
60 59 28 24 40 34 58 13 8 49 3 17 41 14 48 20 9 23 54 18 2 37 45 27 12 
20 23 57 42 38 22 24 59 43 58 32 18 25 55 7 48 54 56 53 30 6 31 47 28 16 1 26 49 34 
11 18 39 33 31 10 23 30 2 32 45 58 13 53 12 54 50 15 16 59 43 35 27 6 48 3 22 5 25 20 
46 36 17 24 47 43 28 31 5 52 56 8 18 27 55 22 23 13 7 9 57 20 39 34 41 16 49 51 60 
11 15 17 4 18 8 40 47 43 54 38 37 27 45 13 5 34 14 31 19 49 10 59 23 56 50 
18 35 22 27 32 26 25 41 51 59 53 15 42 17 4 34 14 16 30 5 31 56 3 10 39 60 20 7 44 
60 24 59 4 57 25 23 48 53 3 5 55 8 17 14 28 34 13 47 58 12 49 40 43 51 56 38 29 45 1 42 35 33 
36 34 14 53 48 31 6 4 13 50 11 32 19 43 12 47 25 1 21 40 8 29 10 16 49 9 26 56 41 15 57 
57 21 4 24 12 25 16 20 51 36 11 1 41 39 23 26 7 38 6 52 54 49 17 37 13 47 28 56 50 42 
50 5 6 52 3 56 46 8 33 13 16 45 28 12 60 29 15 11 19 4 59 40 18 55 
57 29 46 56 58 6 5 4 31 2 3 50 35 21 14 37 34 39 20 48 44 28 30 49 11 32 15 41 12 
16 50 48 2 19 45 22 20 55 13 58 49 53 33 14 52 44 6 29 7 57 28 34 47 5 17 15 38 24 11 9 51 21 30 
14 38 52 46 30 41 7 26 4 15 43 3 49 34 36 58 9 22 39 6 50 42 29 60 56 48 20 32 
37 42 36 57 17 25 14 23 24 41 7 50 26 13 49 30 53 51 45 15 5 32 54 28 8 46 11 35 21 1 47 
19 56 43 30 4 16 10 48 36 41 47 15 9 27 42 28 12 46 14 57 38 7 45 60 34 55 39 26 2 35 
19 2 12 15 5 39 11 10 29 17 52 44 56 14 8 46 6 58 57 60 42 48 59 28 43 20 45 26 47 33 37 53 
33 19 43 12 25 11 53 40 22 30 15 17 46 29 4 20 57 52 56 59 2 16 60 1 14 48 41 31 24 9 38 
13 27 8 55 57 5 29 44 16 53 59 22 21 33 50 11 7 14 43 34 47 12 9 38 56 19 23 46 51 26 24 20 
19 21 2 36 51 1 22 57 32 8 56 27 60 40 52 11 16 37 46 42 33 5 9 31 6 26 50 41 59 48 20 
39 56 37 5 55 1 16 15 20 43 13 57 35 48 28 10 2 36 32 23 21 27 14 3 
7 25 30 2 58 29 46 21 54 27 10 9 8 24 60 49 14 13 31 57 41 38 11 16 59 26 44 36 18 52 20 
7 11 39 38 54 17 32 18 41 47 31 44 45 51 58 53 14 2 50 22 20 49 6 3 12 40 43 52 24 36 33 10 9 26 42 
48 10 45 54 42 51 33 12 49 46 13 8 36 55 18 41 27 50 34 38 52 43 53 20 11 29 9 25 21 3 
47 17 56 37 20 60 50 3 59 36 35 31 11 23 25 5 15 55 27 45 30 22 4 28 29 46 41 33 21 
39 7 28 36 5 25 58 50 29 23 32 51 11 18 27 41 31 52 53 35 15 55 24 37 30 19 44 40 
2 38 9 41 58 5 33 30 11 44 40 50 21 55 47 35 49 14 53 13 26 18 16 20 32 51 12 17 31 