60
49 24 17 33 9 25 13 47 34 30 50 37 6 29 10 4 48 23 7 46 45 28 51 53 55 27 39 32 12 3 15 
45 35 43 9 30 55 60 11 39 10 22 49 48 5 4 15 27 17 23 33 13 47 51 16 56 7 24 
22 54 1 34 39 11 17 33 9 5 48 52 8 26 38 10 40 27 47 57 41 44 55 43 6 24 59 28 4 60 30 7 37 51 18 
3 40 30 11 16 48 45 12 54 36 28 31 25 59 22 13 53 58 55 1 8 20 52 39 33 57 32 5 56 2 27 47 24 35 17 
2 4 50 32 59 6 34 3 49 17 52 46 25 53 27 29 28 26 20 37 58 9 54 43 55 
20 47 30 46 19 49 56 39 18 48 43 28 21 34 44 5 10 17 3 52 53 60 1 29 41 8 51 25 37 14 
3 1 46 29 57 12 2 44 55 25 27 22 26 30 54 19 60 16 8 42 51 43 58 10 
37 19 7 11 16 20 33 40 26 6 32 57 52 3 53 21 12 51 9 22 49 23 4 39 41 29 58 
2 1 20 55 51 8 11 42 49 25 57 17 35 48 28 44 3 31 23 53 29 12 50 5 
17 53 25 3 27 28 59 57 40 32 18 12 21 30 20 22 47 56 46 35 42 31 38 1 7 44 39 29 41 55 34 2 6 26 
46 13 53 38 23 52 15 47 37 9 20 48 31 36 34 12 4 56 49 43 50 55 33 19 2 26 42 18 29 3 8 60 39 
34 46 40 10 44 4 27 15 60 28 57 11 25 7 39 31 13 20 42 9 54 16 59 21 58 48 50 8 19 1 
43 25 45 59 11 12 28 18 36 24 47 39 54 58 50 16 17 33 53 52 35 22 4 2 19 51 37 31 1 
47 17 33 59 60 54 44 46 41 6 37 36 23 50 29 20 
24 17 16 53 56 39 35 55 30 48 40 28 49 51 27 19 45 1 47 60 54 11 57 2 42 32 23 12 37 36 
43 27 19 13 37 28 24 46 23 53 38 4 33 15 57 17 29 42 21 12 50 2 8 22 30 7 49 41 52 31 60 54 48 
14 35 9 32 13 29 51 56 2 59 53 40 28 1 43 47 44 34 49 41 52 54 6 21 45 27 16 37 4 15 5 24 10 31 57 18 3 25 26 
33 13 29 10 27 55 24 39 54 50 57 3 38 11 21 20 25 28 6 40 47 30 60 17 59 22 43 48 35 
7 51 23 21 46 28 8 50 32 57 13 29 16 11 34 33 15 49 38 31 35 6 36 12 24 47 56 
37 46 9 31 30 12 4 40 8 41 18 45 26 57 59 10 47 52 21 6 49 42 53 14 25 58 34 29 32 11 5 
51 17 50 23 45 40 6 16 34 53 33 60 46 39 44 47 27 54 56 42 10 24 31 12 48 20 36 18 8 19 58 22 37 
30 13 53 8 37 51 3 44 38 39 23 2 10 21 32 25 49 29 16 7 43 4 27 18 46 
51 29 44 56 8 1 42 26 55 22 24 59 31 47 41 2 11 32 14 15 48 46 40 21 19 16 9 33 
56 40 27 1 33 18 21 52 19 26 50 32 15 51 4 41 13 47 16 25 2 23 28 58 17 55 3 
33 4 9 41 58 56 47 55 59 24 36 50 12 43 18 40 17 1 22 20 5 37 7 53 46 57 6 54 10 13 28 
32 11 24 50 44 39 36 20 55 47 5 10 23 45 34 8 3 46 7 17 33 
54 45 12 24 1 35 33 7 32 40 46 28 4 3 16 34 2 50 55 52 18 47 59 48 17 51 15 37 5 36 60 29 10 53 21 58 22 
13 5 47 15 56 35 6 49 18 3 44 32 25 40 19 54 9 12 16 52 10 4 24 48 27 42 53 59 60 1 17 41 
56 7 52 37 19 43 6 14 9 10 51 23 48 17 39 20 38 32 22 27 1 16 5 8 59 57 44 18 11 60 
38 15 10 49 42 47 48 53 6 39 18 54 55 56 4 40 1 2 51 31 37 60 20 3 7 16 22 33 59 
39 23 21 35 4 11 50 51 55 59 12 16 49 19 48 30 32 17 58 13 54 34 9 46 10 45 36 47 52 20 
53 5 56 1 27 15 4 23 10 20 26 8 22 55 36 31 41 38 49 29 43 42 19 17 28 48 24 47 
55 59 18 40 47 2 25 19 37 21 16 46 60 13 4 51 1 26 11 39 27 14 38 30 24 3 48 34 56 8 45 58 23 
21 52 3 5 49 48 37 27 54 1 26 36 31 10 20 19 33 12 39 51 58 11 46 6 17 40 59 45 60 
54 53 59 19 41 36 15 27 49 4 55 13 9 38 17 56 28 37 10 58 45 18 2 31 57 
11 21 45 19 14 46 58 60 35 34 40 43 39 26 31 44 4 15 50 27 41 52 25 59 13 32 
52 20 57 33 1 22 8 14 15 46 17 21 11 45 13 29 16 48 25 41 35 44 30 58 27 5 40 3 54 59 6 34 56 
35 59 11 30 16 19 42 49 53 32 54 18 33 3 45 60 56 44 46 22 40 39 10 50 29 
58 31 3 11 51 38 36 45 41 6 15 22 48 21 29 12 10 13 60 8 54 18 1 34 50 47 2 30 33 26 49 40 4 
59 30 18 3 4 10 28 44 23 27 8 38 47 21 20 52 43 41 36 60 15 24 12 53 50 17 34 25 39 54 49 33 37 
6 28 56 8 40 32 49 25 48 10 24 37 39 47 16 36 14 23 42 20 44 3 17 45 35 
46 7 12 58 10 28 41 11 15 53 21 47 38 59 30 48 16 23 55 43 20 9 32 
32 42 25 29 3 17 16 7 5 54 22 57 53 11 50 2 13 51 40 36 49 6 44 18 
55 38 36 7 54 17 52 12 28 46 40 23 9 3 26 48 53 43 29 6 14 22 37 10 41 21 50 
51 34 13 4 21 57 31 20 54 35 39 36 15 33 37 1 59 27 17 2 41 38 26 
53 22 7 36 11 37 1 42 38 57 23 26 34 6 5 33 25 27 19 52 10 58 12 20 21 16 14 31 44 54 
20 33 32 24 15 21 53 17 2 30 52 1 13 14 26 60 28 27 51 25 10 4 40 23 19 6 56 31 11 3 41 42 18 39 
15 44 4 59 9 39 50 33 51 1 37 58 30 29 12 27 56 34 32 28 53 31 49 42 6 18 11 52 23 55 16 3 21 2 54 41 
20 35 41 2 8 28 38 31 60 34 32 40 22 17 43 53 1 39 15 48 5 56 9 16 6 30 19 55 11 
43 25 11 13 21 9 48 59 40 24 44 38 39 14 51 12 52 18 26 31 19 5 27 16 56 1 36 
56 29 55 52 13 22 8 39 30 6 24 17 45 31 43 7 58 15 1 33 47 21 9 50 27 48 3 19 2 34 53 54 23 
29 47 50 56 13 8 4 51 11 48 17 37 28 40 34 36 5 59 27 46 24 6 60 44 20 31 57 55 3 16 
49 15 8 4 21 43 27 35 54 25 22 60 58 5 20 17 11 51 32 38 42 1 30 40 16 47 9 13 10 6 48 44 28 46 
16 58 45 4 59 27 7 40 34 5 3 14 18 12 56 35 37 31 44 28 17 48 25 53 46 30 21 51 38 39 13 43 15 57 
31 27 42 44 30 25 48 56 11 52 35 60 4 32 51 33 2 26 10 49 3 18 23 24 7 15 5 9 1 
21 10 55 11 48 41 32 35 54 30 17 47 52 23 29 25 51 6 28 50 33 24 37 49 38 15 19 57 58 2 4 
54 46 37 10 17 16 4 35 7 12 8 3 15 18 52 59 19 43 9 58 45 25 29 56 20 
51 8 7 48 35 53 20 34 36 33 57 59 5 27 56 25 13 39 37 54 21 24 42 4 31 60 46 12 
23 28 31 52 17 54 35 58 33 50 42 48 40 27 36 5 29 4 37 25 14 38 57 34 18 10 3 13 45 12 30 20 
14 58 38 7 18 3 40 6 49 53 30 52 28 29 47 15 12 33 2 11 27 55 34 16 21 39 36 