60
33 47 36 43 19 48 39 38 12 5 50 21 52 13 44 56 32 28 22 34 29 30 45 15 16 10 4 37 23 53 
3 51 41 38 30 56 36 48 25 23 46 31 27 34 60 40 35 6 20 12 32 19 
31 17 37 19 51 4 10 39 14 7 2 28 46 9 48 56 42 23 57 32 36 49 24 52 47 13 44 33 50 45 26 
29 30 59 34 18 16 45 13 37 35 22 42 58 26 40 38 1 48 3 6 60 41 25 56 53 57 15 24 28 12 47 
47 43 60 26 25 49 30 39 57 56 53 42 33 16 35 8 21 19 12 37 55 58 10 46 13 45 6 20 38 1 7 
55 50 57 11 25 42 36 51 4 60 37 22 5 28 26 14 27 47 12 24 35 59 54 19 2 43 56 44 21 49 8 
40 26 8 11 23 56 52 51 41 49 39 57 18 54 19 34 48 46 21 35 14 17 45 5 20 3 
52 13 45 7 11 37 51 46 59 57 58 29 44 26 32 16 9 42 55 19 43 5 54 25 36 15 49 6 12 39 33 47 
12 40 48 17 10 3 20 18 44 19 39 25 42 24 43 31 41 15 8 55 27 21 14 49 60 35 32 16 57 26 
53 3 14 1 52 5 51 48 60 39 29 54 56 27 58 25 40 9 49 44 13 45 22 
42 60 26 6 17 49 16 59 56 7 30 38 37 22 23 45 46 14 53 8 39 58 43 54 27 13 29 52 
4 60 1 57 9 32 31 28 15 8 20 6 42 48 5 13 40 41 50 54 18 17 51 33 2 22 52 37 29 21 
21 32 43 44 45 38 11 15 49 27 26 33 20 58 52 28 3 12 8 5 4 53 31 10 60 56 46 36 1 
47 41 46 43 55 11 50 51 40 21 18 56 6 44 27 26 58 7 10 36 19 17 35 59 3 53 9 42 60 
1 33 40 38 12 51 52 35 21 58 22 53 60 39 23 16 17 34 37 4 36 18 13 44 55 29 27 9 8 
1 57 39 4 35 42 55 29 9 5 19 11 38 48 22 33 17 46 59 26 24 36 8 25 34 51 43 32 15 50 
32 25 35 56 15 29 49 16 23 60 14 26 52 28 11 51 40 37 3 20 47 34 7 45 42 50 30 9 12 
55 15 47 20 22 38 26 48 14 44 49 9 23 56 40 32 27 51 29 59 36 24 12 7 4 37 21 54 45 
5 6 3 25 39 37 36 9 8 55 1 38 58 34 32 54 41 2 50 16 27 40 57 21 52 7 20 31 35 30 14 28 
17 9 28 7 13 18 40 42 2 41 50 39 58 27 31 21 56 44 12 19 22 60 37 51 33 23 5 
49 15 43 33 31 7 58 5 28 1 22 18 60 42 51 14 6 23 52 20 36 40 48 9 19 12 13 
12 36 51 30 11 20 45 18 52 46 57 37 42 15 55 23 10 48 50 16 38 21 1 6 40 27 58 26 4 33 28 
28 53 32 25 41 44 22 1 17 2 55 35 31 3 56 37 47 43 40 33 48 18 21 50 11 20 7 15 
9 46 39 4 52 6 48 56 45 60 41 55 18 16 34 44 59 3 54 37 50 58 28 43 51 31 
5 10 6 52 43 36 4 29 8 16 47 57 2 34 59 46 32 31 9 19 39 17 58 55 53 30 54 23 
37 6 41 17 40 60 31 58 8 5 11 53 3 59 28 39 7 18 16 4 34 9 51 14 47 27 46 32 44 22 13 
60 58 22 9 51 47 18 55 14 42 46 39 2 11 57 26 19 6 32 40 52 56 13 20 34 50 10 15 
38 57 60 42 56 21 30 43 34 22 23 29 54 36 12 20 13 55 35 48 53 58 3 19 45 49 6 4 51 24 17 26 50 1 
51 40 31 42 11 56 50 53 8 55 18 41 37 30 34 28 38 32 1 10 4 25 35 12 16 15 33 17 
41 5 46 37 29 25 2 31 34 19 4 36 56 11 1 17 40 57 55 50 48 22 54 28 
46 51 32 13 29 20 42 40 54 24 53 35 19 23 3 12 49 9 2 33 59 48 52 25 56 21 50 45 26 36 30 
2 52 55 3 44 60 42 26 1 9 46 25 27 13 12 51 23 34 41 33 17 31 50 58 56 40 18 29 19 16 8 
51 1 43 29 3 32 41 37 36 20 22 13 59 21 50 5 23 38 39 35 12 15 57 8 48 55 53 52 16 34 44 31 
28 42 19 7 32 33 44 39 47 26 16 24 59 15 35 45 27 53 1 46 2 25 17 30 49 4 48 29 
23 51 48 59 43 55 39 42 49 38 7 16 19 50 9 14 28 4 33 5 31 15 40 2 37 17 53 6 56 34 36 29 
40 1 50 35 33 45 60 19 14 21 55 56 37 59 53 25 16 13 54 15 28 43 44 31 58 30 22 2 6 8 3 18 
8 50 18 22 59 29 1 53 36 5 45 17 15 12 4 57 39 23 33 26 51 54 30 24 20 35 47 46 11 19 6 3 38 55 
11 39 37 60 52 35 19 16 13 58 48 33 51 18 1 57 53 5 4 15 22 29 54 2 28 40 
54 1 16 49 60 24 26 40 41 33 3 38 7 59 20 11 8 35 27 46 58 44 10 37 43 9 19 47 15 5 34 55 53 25 
10 18 4 21 14 56 39 9 23 17 29 7 35 2 38 48 20 15 31 44 36 22 30 32 27 59 54 19 58 26 12 49 
2 19 14 39 33 51 7 32 20 9 29 49 24 54 4 50 12 60 23 42 26 55 30 47 
60 47 8 32 41 31 48 6 9 3 29 59 35 34 46 27 22 4 16 50 55 28 12 51 14 20 11 17 21 5 
39 14 24 44 11 21 16 50 55 28 25 9 6 1 35 8 13 58 60 49 36 46 33 23 52 5 
15 10 48 18 45 32 40 33 23 57 52 24 1 53 26 14 3 34 58 55 6 43 46 8 36 60 20 9 39 13 47 56 
17 24 1 51 22 28 4 11 37 49 34 48 50 3 13 8 57 46 18 47 7 5 55 10 36 44 31 
7 30 54 42 53 5 8 45 50 13 59 31 43 37 44 26 32 22 16 52 39 11 60 3 34 24 51 14 25 2 48 49 27 
44 55 42 23 59 25 56 5 54 14 39 49 6 41 51 50 1 8 34 26 60 48 57 17 37 27 45 18 4 3 
21 47 1 22 23 18 38 52 33 35 24 3 34 56 16 46 10 4 40 49 7 2 42 59 28 31 30 9 12 45 44 60 
59 18 5 51 40 39 41 45 58 21 9 35 13 28 47 7 8 57 34 48 11 3 46 6 10 17 50 31 43 
53 54 60 37 14 33 57 43 32 23 30 42 36 22 16 3 19 51 27 6 55 17 1 46 20 24 29 12 56 45 31 41 47 49 35 28 
22 26 15 28 45 8 37 12 60 58 32 16 47 54 49 20 31 2 41 10 3 33 6 27 18 21 42 50 57 7 14 17 29 35 46 38 24 
12 33 19 3 55 44 32 43 13 15 10 22 48 24 11 1 31 25 38 46 27 56 53 17 7 8 21 58 
44 29 56 37 4 33 46 39 1 10 28 13 25 15 26 34 38 35 59 36 31 52 5 50 11 14 57 23 
28 55 59 25 12 24 40 41 60 8 36 30 50 37 38 31 39 7 47 18 51 19 6 46 57 11 10 
32 22 56 15 29 44 8 58 6 33 35 39 36 52 28 24 37 19 25 23 5 50 18 14 47 43 30 27 9 59 41 54 45 16 42 
44 23 4 36 11 32 47 50 6 53 3 29 31 20 40 13 58 48 7 35 57 30 17 52 2 14 27 24 1 10 18 5 28 55 
44 51 6 50 59 37 49 4 60 53 33 8 30 27 16 5 12 56 45 25 3 22 9 28 47 38 54 19 7 
44 24 15 28 21 11 55 8 49 39 14 52 27 5 19 4 51 20 38 32 40 22 26 13 56 43 10 36 25 
53 37 55 54 4 6 47 57 49 48 16 11 25 33 14 18 31 35 26 39 8 34 42 36 46 24 40 
50 48 39 9 51 57 36 10 28 12 44 14 41 42 4 46 5 24 32 11 54 13 2 26 17 43 6 27 21 15 20 47 38 