60
37 4 54 46 55 8 43 36 52 32 6 22 51 40 11 29 28 13 21 16 2 5 42 45 
26 53 52 48 35 16 1 21 17 49 47 51 14 44 20 31 6 11 15 25 60 19 37 23 29 10 59 4 38 33 55 3 46 18 
39 32 37 33 36 35 8 53 18 20 42 54 15 27 44 24 55 14 4 43 2 45 5 28 16 12 40 31 48 38 13 19 46 59 
28 18 14 60 24 55 47 23 46 51 5 48 33 3 42 45 53 19 32 20 12 7 6 26 40 1 15 2 49 11 
15 14 55 34 53 37 26 6 18 1 60 43 40 47 50 7 54 45 9 57 10 12 4 23 51 31 3 33 30 25 19 
24 29 4 13 11 54 17 22 43 23 33 51 36 34 16 59 52 56 5 50 10 40 25 18 39 2 30 41 1 9 32 
56 46 13 48 29 5 9 34 55 44 59 51 26 24 4 14 25 31 58 37 41 53 42 28 60 43 40 10 54 12 52 
38 48 45 30 15 55 35 60 18 16 42 52 10 41 13 1 47 37 3 31 29 14 17 43 46 21 53 
23 21 37 15 42 57 11 59 5 20 7 24 6 55 43 51 52 53 30 31 44 27 54 
6 59 2 15 21 57 40 45 11 13 58 18 16 49 28 60 30 19 24 39 46 31 5 23 37 7 55 8 53 
50 31 1 6 23 48 9 25 39 51 24 36 2 32 14 40 34 18 15 42 22 20 52 59 30 4 10 28 46 
43 39 15 16 50 19 53 55 4 51 57 47 46 35 13 29 60 22 20 45 7 33 38 3 23 52 5 56 17 
3 43 26 23 8 49 36 16 1 37 10 42 15 7 51 35 17 53 24 54 32 20 30 6 22 45 56 38 57 60 12 
36 3 28 38 8 4 40 30 23 57 5 50 11 7 17 19 27 54 49 26 48 51 31 46 24 2 55 45 21 20 29 
30 43 12 53 11 10 38 22 46 56 57 55 26 4 16 3 31 8 19 13 29 9 51 58 28 2 33 24 5 
44 51 31 1 38 60 8 13 56 12 36 21 2 19 6 34 59 40 17 52 55 22 26 45 35 25 49 10 39 3 33 46 53 15 58 
8 2 36 16 6 12 34 32 56 42 46 52 40 20 54 50 39 58 13 14 53 37 29 26 38 24 19 33 25 35 
50 60 25 4 3 42 32 8 5 21 28 6 48 55 23 34 10 22 35 24 30 31 45 41 38 11 2 37 39 54 19 
12 54 34 56 49 38 3 15 21 28 39 25 27 52 5 2 59 51 33 45 10 4 20 41 53 17 57 24 16 29 42 14 18 
57 24 58 11 13 32 19 55 53 56 4 9 41 2 22 60 14 47 34 17 30 40 3 50 26 43 12 36 54 28 48 37 
25 45 41 16 18 36 9 28 22 47 32 29 30 37 40 10 44 58 39 2 42 43 60 14 53 1 31 46 51 19 8 
38 50 20 44 51 60 6 34 18 30 15 58 52 12 42 23 53 31 21 13 27 11 16 1 33 
57 14 35 6 58 52 39 4 10 32 13 43 28 50 12 59 27 40 22 18 55 11 2 51 33 26 30 9 5 
19 51 18 36 56 15 3 17 13 14 53 20 57 47 31 58 9 29 54 10 55 4 48 32 43 7 25 52 45 6 11 49 33 
42 6 54 17 44 31 43 39 57 24 46 33 56 49 16 19 2 11 5 48 40 21 26 45 18 58 7 55 53 
29 54 14 58 2 55 16 25 35 47 57 23 32 4 5 43 20 13 41 38 60 15 42 30 7 39 17 
49 51 30 40 55 14 53 39 23 28 37 59 52 47 41 35 19 34 57 42 22 50 9 48 3 
7 11 60 41 23 20 18 56 47 3 1 51 59 10 52 33 15 21 57 48 29 27 4 19 14 53 
44 38 59 51 60 8 24 7 40 17 19 14 6 56 1 42 39 15 58 37 53 12 2 46 26 28 32 30 34 49 21 
48 21 45 46 60 57 13 33 9 5 11 18 42 15 49 27 52 58 8 34 10 31 59 53 43 29 54 23 14 55 26 37 44 6 20 22 
16 14 36 35 54 25 3 55 39 15 10 22 8 52 21 58 2 18 44 34 30 24 9 50 42 48 46 5 47 11 7 
20 33 40 45 36 29 35 1 11 42 18 58 3 17 13 6 4 23 47 34 24 26 48 21 46 
57 22 12 17 30 3 41 60 16 25 42 24 49 52 28 43 6 54 15 2 56 4 44 19 32 23 5 
16 19 57 11 31 58 54 32 47 55 29 20 49 7 17 39 44 35 30 18 45 5 51 40 6 22 27 
31 48 40 27 34 46 13 26 18 56 60 59 17 44 12 8 23 37 16 3 54 32 2 52 
43 51 49 45 16 54 20 21 17 14 41 1 13 50 40 53 47 11 24 32 3 31 39 6 55 
27 43 35 45 17 59 3 9 46 30 21 5 39 58 38 29 7 10 18 44 13 54 1 48 41 20 2 8 50 49 42 
37 3 19 29 45 49 46 17 18 57 42 16 14 13 56 8 26 15 43 2 51 40 53 12 22 50 
25 17 18 42 56 53 47 10 31 59 37 21 44 3 12 16 46 26 19 54 60 55 58 11 27 23 34 36 6 29 41 
10 38 55 21 41 16 27 57 44 11 5 52 49 29 7 1 36 17 23 35 51 47 53 25 4 14 3 59 45 34 42 32 6 20 
51 18 6 43 33 52 54 27 8 26 36 39 48 55 21 20 28 7 56 40 19 60 45 37 
56 33 19 27 9 11 46 4 7 25 40 3 39 22 47 21 53 13 17 43 30 57 31 60 29 1 49 8 38 18 26 32 37 
33 58 38 41 8 6 23 30 48 26 24 13 49 42 44 60 9 21 7 50 5 20 46 15 12 52 25 3 36 1 37 
47 30 40 25 16 60 55 39 43 59 45 7 35 21 34 33 31 37 9 2 51 3 49 29 22 57 
32 25 40 19 53 36 49 46 18 38 12 3 21 30 37 14 4 56 1 10 51 41 24 60 44 54 5 8 13 16 34 
21 2 32 59 4 12 14 53 42 3 54 31 35 56 39 10 45 7 52 29 8 17 37 1 16 55 38 43 58 11 15 30 57 25 
56 26 32 28 12 2 51 5 60 44 39 42 24 21 40 48 57 27 8 53 59 4 34 36 31 58 20 
31 49 18 35 20 56 8 30 37 51 59 52 47 32 24 14 2 11 28 3 50 43 4 41 60 27 7 54 25 
25 37 30 56 33 48 13 44 34 58 60 52 24 40 2 19 4 42 36 43 53 27 50 55 59 29 16 45 14 10 38 
31 38 56 48 6 58 22 27 23 37 5 20 14 36 57 49 18 11 43 17 51 12 
19 7 24 57 56 45 50 36 22 9 2 16 12 38 47 13 11 48 4 44 6 41 15 29 1 27 34 40 52 23 28 21 53 5 14 
43 51 55 41 2 9 57 23 49 11 16 22 46 7 33 40 8 28 59 54 6 27 58 19 48 17 30 35 1 12 31 24 
4 16 36 5 3 17 22 9 47 39 51 10 55 8 25 20 27 19 2 12 30 29 40 15 46 56 21 28 45 42 24 49 13 38 54 7 58 60 
41 14 26 20 3 46 48 17 36 45 19 35 9 52 18 39 24 5 56 6 13 30 25 37 7 60 34 53 1 31 57 33 
2 30 49 8 27 56 14 15 46 16 24 9 23 26 39 34 60 3 20 31 36 59 5 10 53 18 40 52 12 25 1 44 4 7 41 
39 29 55 49 47 46 33 35 16 13 12 38 54 15 59 50 41 53 25 42 6 19 17 51 45 7 48 20 24 28 60 
52 14 9 30 46 40 26 54 10 38 19 58 15 20 23 25 5 44 42 33 47 24 28 51 50 13 27 34 12 
37 43 26 31 23 16 34 21 52 49 29 10 59 39 17 50 7 46 20 53 47 57 24 25 32 15 30 22 
55 11 52 16 29 48 28 6 56 30 19 27 37 10 35 44 58 9 39 40 47 49 60 46 7 2 3 23 
59 22 7 10 39 2 56 18 55 49 43 42 28 53 5 12 29 26 45 48 44 41 20 47 30 4 54 35 13 8 33 16 21 