60
9 32 13 45 7 21 40 11 44 15 33 56 17 3 
34 42 41 32 28 10 14 
16 41 46 57 19 20 11 49 59 53 25 36 35 50 12 28 10 9 30 27 1 
34 19 15 6 20 53 21 9 57 18 22 32 47 28 25 51 
12 8 27 49 56 46 58 22 53 40 
27 31 23 12 39 38 15 47 4 49 59 54 34 
26 30 24 50 59 14 38 28 1 45 49 29 37 36 42 32 
27 19 18 36 20 48 25 49 57 5 10 33 16 39 42 30 12 
35 4 3 56 25 19 55 40 20 39 16 43 34 1 52 54 
8 39 21 28 59 29 51 2 49 33 52 27 60 32 46 22 35 53 56 26 43 58 3 
51 29 18 3 1 50 55 19 16 28 20 32 
8 34 5 20 6 46 37 15 39 47 3 55 
20 28 43 1 25 32 45 52 26 27 41 49 38 19 36 
27 24 43 15 39 35 7 34 36 19 44 51 2 48 46 26 52 
6 1 27 31 55 47 56 25 37 14 24 53 58 43 44 48 4 12 
37 55 11 40 47 49 9 46 35 27 24 8 3 
40 49 18 19 33 21 56 30 51 29 1 54 47 39 22 
47 17 41 30 57 34 58 32 54 25 37 4 23 11 19 40 50 8 
40 17 39 33 9 49 53 60 50 18 8 3 51 14 46 45 29 4 59 13 11 52 
8 60 46 57 13 34 32 48 11 9 49 26 39 51 47 3 35 4 12 41 59 
48 24 1 38 30 53 17 58 10 50 4 37 
50 56 4 35 10 54 31 5 28 60 17 40 29 
31 58 41 47 35 56 28 6 18 44 51 45 
54 38 7 14 21 16 41 40 31 27 25 15 
9 8 53 50 3 13 30 28 29 24 4 15 18 
10 7 20 56 59 13 37 14 
5 15 37 34 6 13 8 3 33 50 54 14 35 40 24 10 16 
57 7 4 46 11 2 3 25 44 49 29 22 34 13 41 60 37 10 23 35 
28 10 45 34 43 11 48 31 32 17 7 19 51 50 25 22 
47 18 41 45 39 56 34 17 21 59 32 3 57 43 53 8 7 58 25 
24 52 33 22 46 40 6 35 41 58 23 15 54 34 29 45 36 
10 20 55 42 47 2 30 56 7 49 11 58 1 13 18 29 37 50 4 
31 1 49 19 27 8 36 48 43 55 10 46 17 
20 2 54 6 31 29 27 18 4 12 37 41 39 14 28 9 30 
46 14 27 41 9 54 50 23 48 45 38 3 10 60 51 31 22 20 28 55 39 16 49 
14 57 55 33 7 31 58 41 54 39 48 13 8 3 
49 34 28 26 52 58 18 32 12 16 27 42 43 7 56 53 21 15 
51 6 24 58 52 49 7 35 13 39 21 
51 30 43 36 14 20 58 10 6 9 12 35 49 41 34 8 19 17 52 38 
55 19 27 17 31 18 5 58 53 47 16 9 1 22 24 50 
20 36 53 18 39 24 50 35 34 30 28 54 56 23 31 59 13 3 2 
32 47 2 7 51 8 37 55 
33 14 60 15 10 47 29 39 37 9 30 55 13 53 
46 15 23 47 58 49 14 28 1 
29 31 19 35 23 56 58 1 7 30 50 13 49 
14 20 60 16 33 31 5 3 51 19 44 35 28 12 10 48 
32 20 12 4 16 42 52 15 44 6 30 40 17 54 18 53 23 43 
36 35 33 14 21 15 29 57 54 8 56 20 46 
37 33 16 13 51 38 50 45 8 32 3 44 28 7 17 53 10 60 56 19 39 20 5 6 35 
27 53 19 29 35 7 3 49 11 57 32 41 22 45 21 18 40 25 
17 14 11 4 49 46 29 23 38 42 20 19 39 57 35 10 
13 19 14 9 47 31 37 39 38 10 
49 15 10 47 43 25 19 50 37 40 54 21 30 57 3 41 5 4 
41 18 31 47 35 22 17 48 53 27 9 34 24 6 36 
35 59 40 33 15 43 32 36 42 11 9 12 16 57 60 
26 17 15 45 22 10 37 23 30 32 9 49 41 1 48 5 
60 30 53 18 36 50 28 4 51 20 55 8 3 48 
59 23 39 21 44 15 37 5 45 32 31 10 36 38 30 18 40 
7 19 3 41 6 30 26 20 55 10 58 
55 49 43 10 19 57 35 22 28 20 46 