60
17 50 10 54 42 26 28 12 52 8 32 3 56 47 20 19 
30 58 40 59 53 41 8 25 
40 26 48 55 37 1 14 18 12 9 7 56 21 58 
33 17 53 26 44 56 22 28 37 5 47 12 
39 55 33 48 16 58 52 56 51 18 13 32 4 14 
30 42 57 58 35 52 21 28 16 41 25 31 53 26 
41 29 43 14 35 3 20 26 54 21 58 51 15 25 24 
40 15 2 57 27 13 11 49 52 1 36 56 14 
19 3 55 45 34 17 59 39 30 36 41 58 14 56 54 25 57 48 60 
14 50 1 41 24 37 27 52 
48 8 45 58 26 23 42 57 18 41 51 30 24 54 56 
46 27 4 14 3 54 21 1 
34 48 58 14 8 39 50 27 5 46 36 41 
10 3 7 56 8 13 45 59 25 42 12 43 5 53 39 32 37 55 54 9 23 16 58 28 48 
24 7 54 22 49 26 40 23 37 17 46 8 
20 22 52 29 35 14 55 5 36 6 48 49 39 
1 35 44 9 54 25 28 15 4 18 
17 25 5 11 34 3 27 47 26 49 51 45 53 52 
32 58 47 46 31 51 55 9 29 44 26 1 45 56 
1 21 44 7 50 57 37 16 23 38 51 32 28 
12 60 46 43 20 3 42 38 39 55 6 30 27 53 28 7 
4 15 33 16 42 35 40 47 50 23 58 
20 24 15 56 34 14 49 53 22 11 55 31 48 39 
7 44 15 42 27 32 38 43 33 50 26 58 23 36 30 11 10 39 59 
33 17 49 41 9 34 6 7 45 18 35 43 14 54 2 
19 1 49 29 35 18 47 4 27 7 56 48 3 24 6 32 15 46 11 
8 30 28 10 12 50 47 13 26 58 34 48 40 43 60 24 18 21 36 32 42 
14 20 27 21 6 1 58 4 54 17 36 34 38 56 52 44 
42 49 57 32 52 38 31 60 16 58 7 55 19 26 48 
11 9 50 2 41 49 60 58 21 47 27 40 6 24 35 
23 36 19 29 35 54 6 39 
20 42 14 38 57 60 5 27 29 1 24 26 40 19 
25 22 47 4 24 5 54 44 45 50 57 
38 39 28 18 59 50 25 9 27 52 36 13 23 
52 43 51 38 56 48 17 31 22 37 7 45 53 6 50 16 26 25 30 
56 9 59 45 28 34 31 13 40 24 27 8 16 53 47 
4 49 14 40 20 38 3 10 44 35 57 15 53 46 41 
28 44 34 35 52 57 39 20 58 21 29 37 24 41 32 
14 31 24 5 16 59 42 48 51 38 23 9 13 47 21 34 
2 3 37 58 27 15 30 8 22 36 32 57 
2 55 10 30 11 49 38 13 37 7 9 6 25 57 
57 11 21 14 39 49 32 29 6 27 46 60 54 1 22 24 48 47 55 
56 25 35 7 27 21 14 45 24 
33 17 24 56 55 4 38 52 19 37 54 48 58 20 28 50 
43 36 25 11 14 19 46 35 33 18 53 9 
56 12 26 45 15 21 19 13 47 42 50 37 
33 50 26 46 4 42 36 59 1 18 30 19 22 27 39 
23 13 42 35 27 14 16 11 5 3 39 53 9 26 44 58 29 
41 16 26 37 60 18 23 30 56 15 25 54 29 42 8 
35 13 30 10 47 33 44 20 34 24 60 27 22 46 1 
20 39 19 35 7 11 5 18 
60 28 6 35 44 16 34 38 18 53 8 1 55 5 29 10 58 
2 21 14 23 48 45 37 18 52 59 4 36 6 56 35 
44 17 15 58 49 42 7 59 11 33 9 14 1 25 31 12 28 
29 21 9 44 19 41 52 16 59 42 5 3 23 14 
3 53 43 4 28 35 5 11 49 9 44 23 14 1 36 26 8 46 58 19 
9 20 6 33 37 40 42 11 8 41 29 32 38 
40 14 11 9 7 29 30 48 56 54 38 6 24 2 52 13 22 44 27 19 3 28 5 
36 39 2 9 54 53 14 55 47 24 34 
32 49 21 42 50 9 52 27 29 30 