60
48 23 2 21 44 24 42 10 45 13 39 
26 6 49 36 13 51 1 9 23 54 11 21 3 27 5 20 7 50 
47 49 38 10 45 2 29 59 17 
19 43 7 10 13 54 60 47 57 40 16 
2 23 22 50 24 31 51 29 33 
58 34 31 30 48 54 27 16 46 38 15 25 2 
10 38 51 40 34 4 15 20 50 2 24 52 23 28 31 47 54 
22 59 15 13 20 26 9 39 18 40 50 48 31 
45 18 31 44 60 2 48 53 32 22 50 10 51 30 42 29 8 
4 11 1 50 7 21 32 26 13 54 12 23 55 3 9 51 39 59 42 28 33 47 15 24 
29 44 12 28 23 35 38 55 49 39 45 42 33 2 54 30 10 21 59 14 
18 39 30 11 53 27 41 10 14 50 43 
38 54 24 41 4 21 1 46 2 10 14 31 51 8 19 15 48 
49 11 38 42 12 13 15 
14 25 44 43 45 8 23 26 10 37 53 50 13 6 40 7 19 39 30 41 
27 48 4 43 6 38 52 54 22 19 
43 23 47 54 20 27 49 48 34 33 30 3 
39 12 27 60 8 29 25 35 9 59 22 43 52 58 56 57 
40 4 23 51 43 27 13 16 37 15 30 
49 8 7 36 21 41 40 17 48 29 60 54 47 55 37 2 52 
29 28 36 27 13 46 56 40 11 42 20 53 2 44 39 55 10 1 
9 40 29 23 39 8 47 54 5 60 31 18 37 46 53 16 
19 41 7 22 49 1 47 44 11 17 15 2 31 27 10 43 56 5 37 29 52 
36 1 42 35 10 30 13 57 5 45 53 29 31 50 60 7 34 39 
6 35 30 54 18 43 59 57 47 15 38 29 
52 10 44 46 35 8 2 15 
55 50 30 17 51 23 6 19 12 21 37 16 47 54 31 2 45 18 
21 36 49 10 55 52 44 54 7 47 60 40 11 38 46 
30 45 42 38 48 23 24 32 11 21 20 46 18 58 3 25 9 5 22 
38 9 19 52 31 11 12 6 15 24 53 27 50 17 29 25 55 
13 8 22 48 5 7 30 6 50 56 24 58 27 33 54 23 9 
49 51 52 29 10 59 9 41 39 58 35 53 37 
39 54 56 17 51 31 10 43 11 5 
17 56 38 57 7 41 60 49 24 6 
26 18 32 25 56 24 51 53 11 36 45 54 41 44 
39 43 35 20 49 24 21 42 28 53 37 60 2 
53 32 27 36 45 47 15 19 43 22 48 60 20 50 23 
28 11 25 41 3 29 14 50 16 58 7 6 13 51 34 43 30 
24 11 46 1 33 15 10 21 32 36 18 12 47 22 8 
15 57 4 20 8 41 45 22 19 28 7 21 
53 34 57 23 38 12 51 32 40 13 20 35 52 60 15 
1 60 10 29 9 21 57 24 14 55 11 56 36 46 
4 15 16 38 33 58 23 17 18 37 25 36 12 50 19 
26 50 1 21 48 23 11 28 9 35 46 15 
24 50 9 48 3 35 15 40 11 37 1 27 29 
21 42 26 6 29 53 58 39 22 44 28 56 13 
39 23 3 25 28 22 17 55 10 4 20 59 7 27 37 
44 9 1 45 13 17 31 8 16 55 29 37 6 20 
28 51 14 36 34 3 20 32 52 2 11 17 58 23 
44 37 43 10 31 30 58 8 9 38 12 2 24 7 5 45 15 27 
13 52 2 32 10 35 5 33 38 49 27 9 41 19 7 
30 41 60 28 51 49 16 32 7 18 20 23 26 
30 15 41 12 22 24 9 37 35 32 21 36 46 
27 31 4 11 2 25 17 6 58 22 13 28 35 20 33 16 10 7 
10 57 48 30 47 42 21 27 11 20 28 
33 42 57 18 23 21 35 46 58 34 31 
56 34 4 18 24 55 42 40 41 25 
43 18 32 60 50 56 31 54 6 49 46 29 38 
8 18 3 25 11 10 47 32 
58 42 34 20 4 22 41 37 36 28 9 24 52 18 