60
7 57 47 3 16 31 18 8 37 2 36 12 26 14 39 4 46 60 59 11 20 25 50 49 27 15 54 13 10 53 48 22 9 35 56 58 34 44 21 51 28 43 6 33 42 55 24 23 52 17 40 19 29 38 45 32 41 5 30 
11 55 24 9 16 36 31 35 23 52 10 44 5 58 25 51 60 57 39 40 45 15 34 33 3 47 26 30 13 50 48 22 46 6 54 17 43 14 53 32 27 12 20 29 28 49 8 4 7 37 56 21 19 38 41 42 59 1 18 
7 27 1 44 2 45 8 32 48 46 57 51 55 26 29 42 14 25 11 47 35 38 53 60 24 31 6 15 54 50 12 20 28 22 41 52 37 40 59 39 9 4 18 58 34 16 17 5 23 19 21 13 43 30 10 49 56 36 33 
16 29 9 18 6 12 11 40 44 36 46 41 49 39 20 2 13 32 52 34 35 58 60 57 21 56 50 43 27 55 28 17 15 30 47 3 37 10 5 26 33 53 48 51 8 24 22 1 42 7 38 31 25 14 45 23 59 19 54 
44 53 18 31 10 23 40 45 8 22 60 29 4 11 43 19 2 1 9 37 13 47 26 55 52 6 49 7 42 28 12 56 58 14 33 32 36 21 54 41 24 57 17 38 15 48 46 30 51 16 50 3 35 34 25 39 27 20 59 
51 29 13 48 41 4 36 39 3 7 22 21 5 60 42 27 20 23 55 35 10 46 52 47 12 16 56 45 2 57 1 19 8 9 37 28 33 17 40 53 32 15 26 54 59 31 25 30 43 58 14 24 44 38 18 11 50 49 34 
53 9 36 8 42 43 30 25 45 11 57 19 54 22 34 38 44 33 60 40 31 59 1 10 58 52 56 16 4 29 50 23 41 37 26 3 21 12 5 18 51 15 2 32 28 47 14 6 46 13 17 48 20 55 49 39 27 24 35 
35 32 59 25 6 4 49 43 2 55 37 24 42 14 12 3 5 19 29 60 11 23 28 18 58 20 38 9 56 22 21 33 26 30 44 16 27 40 10 34 53 46 1 45 52 39 54 36 51 17 15 31 47 13 41 50 7 48 57 
48 26 8 56 14 29 33 37 41 23 24 55 13 40 50 27 19 51 10 46 22 18 5 16 36 39 53 25 21 4 2 38 54 45 15 6 49 31 20 58 28 17 30 47 35 11 52 32 44 3 59 60 7 42 34 57 1 43 12 
20 26 14 46 33 30 27 59 22 53 24 17 31 2 29 1 38 35 41 42 5 37 40 58 47 28 55 36 18 54 8 21 60 13 50 57 45 9 6 19 11 7 48 43 16 39 44 56 52 23 49 15 32 3 51 12 25 34 4 
29 12 27 52 39 50 17 45 54 56 10 59 21 18 5 3 32 44 16 42 48 33 55 15 1 49 9 8 30 58 19 4 34 31 47 26 43 57 53 41 46 51 6 20 37 35 40 60 7 28 23 14 22 13 38 2 36 24 25 
42 56 51 28 3 45 39 13 43 5 29 27 31 44 17 55 22 6 54 18 8 4 11 32 7 52 40 38 35 19 47 36 57 33 50 26 15 21 9 23 34 24 48 16 59 41 60 53 58 37 46 20 30 2 25 14 10 1 49 
17 31 7 4 55 12 46 48 3 59 56 32 51 45 43 53 18 57 5 11 58 28 15 19 2 54 39 10 35 50 24 40 23 14 21 36 37 9 22 20 47 44 6 52 60 30 27 26 16 49 29 8 33 1 41 42 38 25 34 
47 17 25 41 53 15 51 1 43 33 57 36 32 44 59 6 12 23 50 3 16 10 42 45 4 29 27 9 54 21 60 20 13 56 48 30 8 37 5 38 58 35 26 49 52 22 11 31 39 46 24 2 28 18 19 55 40 7 34 
9 3 42 55 47 5 23 13 49 30 22 51 45 46 58 53 48 39 17 11 41 35 21 26 4 24 29 7 59 34 25 38 40 56 1 14 33 16 27 52 18 19 43 12 10 6 60 31 36 2 44 54 57 28 32 37 20 8 50 
48 10 18 37 51 33 4 49 47 25 17 45 11 15 58 6 52 5 39 1 60 55 57 31 22 41 46 43 40 12 29 50 34 36 38 28 59 19 3 42 23 8 35 27 24 9 13 54 7 32 30 44 20 2 53 26 14 56 21 
47 48 24 22 42 44 37 39 36 5 13 29 33 55 2 9 26 54 11 15 35 10 12 32 23 40 18 59 41 31 43 3 56 53 19 27 38 45 34 4 49 25 28 1 50 58 60 57 7 6 20 51 16 8 30 52 14 46 21 
43 28 49 13 27 4 16 21 26 55 17 60 57 45 30 46 48 2 44 54 6 40 35 11 24 39 42 51 5 29 59 56 52 33 50 3 58 12 9 25 19 1 53 10 32 20 15 14 36 41 37 7 22 38 23 8 47 31 34 
26 13 43 15 47 22 18 1 3 29 5 48 12 2 53 58 27 28 33 44 31 25 32 41 45 9 24 37 35 7 57 10 20 50 54 14 17 34 49 8 30 51 52 60 23 6 39 40 42 56 21 36 38 59 4 55 11 16 46 
48 57 55 44 41 49 13 34 10 31 22 15 59 36 11 58 18 43 23 16 25 56 9 51 52 2 50 33 24 46 8 53 47 6 27 19 35 60 4 29 30 1 7 28 37 12 26 32 3 54 45 38 5 42 40 39 14 17 21 
4 35 25 42 53 56 40 23 28 12 50 59 33 22 57 45 39 37 27 51 7 1 11 47 17 41 24 52 38 46 54 18 26 34 20 31 48 55 16 49 9 43 36 58 3 29 15 8 44 10 14 5 13 19 60 6 2 30 32 
51 12 20 48 43 7 34 46 32 37 26 42 49 15 39 2 40 6 56 17 30 35 45 36 23 50 55 27 3 9 57 29 19 47 16 59 44 54 11 8 41 53 21 18 10 60 5 14 4 1 33 25 58 31 52 24 28 38 13 
31 50 55 51 30 59 43 17 9 46 52 37 12 39 4 29 27 11 60 58 34 24 3 38 41 33 22 35 26 42 44 19 57 2 13 5 49 45 20 14 47 54 53 10 7 8 48 28 56 21 6 36 32 25 40 18 1 16 15 
58 20 11 19 29 6 16 31 5 13 34 32 9 23 57 38 41 15 33 30 56 50 53 46 54 18 55 42 14 28 21 12 59 7 4 36 1 45 40 2 39 35 8 44 37 25 10 43 48 27 26 47 60 22 51 17 52 49 3 
20 4 54 10 21 47 55 18 26 56 49 38 2 46 44 59 35 23 28 24 45 52 37 12 36 32 16 27 13 11 33 31 5 48 9 6 29 41 3 53 50 34 43 17 30 51 57 42 14 22 39 19 40 58 8 15 60 7 1 
6 8 38 2 20 28 55 45 41 40 23 50 37 60 25 31 13 29 7 46 11 12 1 22 35 47 4 56 30 9 10 14 33 19 49 15 59 51 42 39 17 58 44 54 57 3 36 32 48 24 34 52 21 27 5 18 16 53 43 
58 23 37 55 59 44 31 15 43 26 60 46 28 1 17 10 38 3 53 56 41 48 24 33 40 50 9 7 25 5 52 21 16 57 30 32 36 8 35 45 4 39 14 2 20 11 47 54 51 13 18 22 29 12 19 34 42 49 6 
21 12 38 17 13 44 60 40 39 20 35 7 41 50 26 57 43 37 45 24 8 54 59 3 47 5 46 2 32 19 14 10 16 18 53 58 30 55 34 4 27 22 29 52 9 49 56 42 1 48 23 51 36 6 33 31 25 15 11 
1 27 35 38 55 32 60 39 9 12 10 3 2 56 48 23 4 13 53 28 22 17 11 47 54 8 5 52 16 41 45 26 33 51 15 50 43 44 7 6 31 18 46 19 20 24 57 30 34 37 25 14 58 21 59 40 49 36 42 
46 20 17 31 53 35 14 47 44 59 24 56 11 39 45 38 15 19 9 58 21 28 36 54 50 34 43 52 23 29 2 42 7 16 33 25 3 40 57 10 49 4 5 13 48 60 22 6 18 51 55 41 8 12 26 1 32 27 37 
11 10 47 19 4 34 29 15 6 35 51 20 24 60 43 36 9 8 14 13 38 12 27 25 48 53 18 39 42 22 32 50 26 55 37 5 56 58 52 1 45 40 54 28 44 2 46 33 59 23 17 16 7 41 49 30 3 21 57 
46 6 2 17 23 41 28 54 7 29 36 58 55 4 40 51 22 12 21 38 26 30 53 5 57 34 48 33 3 14 52 43 60 16 1 10 27 15 56 49 19 44 18 13 45 25 35 9 20 11 8 31 42 37 50 39 59 24 47 
46 15 49 34 40 31 3 11 37 52 5 4 59 7 27 45 25 38 24 23 20 41 9 54 50 56 57 18 14 29 12 39 16 51 55 36 19 26 43 13 53 35 1 48 21 47 32 2 10 30 44 28 6 22 58 8 17 60 42 
50 45 13 53 60 41 48 51 36 11 27 7 28 26 38 33 16 55 57 23 8 40 32 14 59 6 12 15 39 3 2 49 31 29 17 9 58 24 5 46 37 10 44 35 1 19 52 42 18 4 43 56 25 21 47 20 30 54 22 
31 57 29 26 42 18 14 38 1 58 37 54 2 9 50 36 24 22 25 27 59 10 12 17 11 13 47 51 33 6 40 19 41 3 60 21 15 46 49 20 16 30 44 34 23 28 5 53 7 4 52 32 48 56 45 43 55 8 39 
34 27 42 47 16 8 19 30 23 25 3 14 10 17 18 29 11 24 32 31 41 22 6 50 53 48 58 2 52 60 37 35 49 13 5 54 33 9 20 57 43 45 55 12 28 38 1 4 21 40 7 26 39 51 56 46 15 44 59 
5 1 58 14 16 22 49 38 32 21 56 52 9 27 46 24 36 44 30 53 28 11 13 15 45 48 40 55 23 20 26 50 35 60 19 33 10 2 34 7 42 31 59 6 25 47 43 4 41 3 57 54 12 17 39 8 29 18 51 
51 33 21 12 55 22 10 53 54 31 29 42 20 18 52 41 43 36 32 46 45 56 34 4 60 23 26 28 6 27 13 11 37 57 49 30 2 14 44 17 40 5 3 25 19 7 15 1 35 48 39 16 58 47 8 9 50 59 24 
52 1 37 54 27 29 13 12 45 49 56 53 35 42 60 19 32 57 51 18 6 48 33 28 34 16 31 46 7 15 14 59 40 38 26 41 4 5 2 58 11 24 10 50 43 9 21 3 17 23 30 8 55 36 22 44 25 47 20 
50 29 30 36 56 55 10 49 26 28 17 15 42 9 59 47 5 23 60 14 6 8 31 4 44 19 58 54 22 12 27 34 53 57 52 46 38 3 25 39 24 13 48 21 37 18 43 41 2 20 51 32 45 7 33 11 35 16 1 
3 54 25 55 6 31 2 35 57 52 22 10 40 58 28 26 34 51 17 21 47 48 1 36 13 56 27 50 9 53 12 44 14 49 15 46 60 59 33 32 29 11 37 7 4 43 19 20 39 30 24 8 45 16 38 5 18 23 42 
16 21 36 30 34 22 50 17 53 60 12 47 40 46 33 55 38 5 52 24 26 18 41 27 13 44 39 14 54 45 29 48 25 49 35 4 32 59 9 23 10 1 20 2 31 37 15 19 11 3 51 28 7 8 43 6 57 58 56 
23 28 1 21 13 49 29 27 25 24 2 55 56 7 14 11 41 57 10 38 3 8 37 30 44 51 60 17 16 31 15 47 54 5 12 39 22 53 32 42 19 34 59 9 33 46 52 45 50 18 48 4 26 6 36 40 58 35 20 
42 18 43 12 39 25 30 24 26 58 5 16 35 29 57 11 50 2 51 21 4 53 33 52 22 1 41 6 34 45 19 3 27 37 36 55 54 60 31 10 28 7 9 48 15 59 56 32 49 40 38 23 8 46 20 14 47 17 13 
52 25 31 41 23 37 34 14 18 21 12 40 11 22 8 32 51 1 46 27 16 17 47 50 2 39 55 48 30 9 53 35 4 56 29 20 5 43 33 58 38 6 28 36 60 49 26 3 24 10 59 7 15 57 42 44 13 19 54 
2 5 18 32 20 58 37 26 3 17 44 35 25 36 40 29 19 30 22 57 23 53 33 52 56 7 15 48 42 34 43 45 60 39 54 47 27 4 38 21 12 6 10 13 24 55 50 16 59 1 28 11 41 31 49 51 14 9 8 
46 2 35 59 43 57 60 24 31 19 20 21 29 45 56 53 39 36 23 50 26 18 11 25 52 33 34 5 22 37 3 42 41 28 40 27 6 16 30 10 9 51 17 48 8 55 4 54 15 12 13 14 49 38 58 32 1 44 7 
60 19 45 20 25 13 49 28 58 16 8 31 44 2 27 50 21 54 46 39 23 33 32 1 51 9 11 3 24 18 5 35 38 52 56 14 55 29 42 12 43 36 26 7 41 47 6 40 59 10 17 22 57 15 34 53 30 37 4 
11 50 20 58 23 22 8 21 30 14 1 31 43 34 13 16 37 17 48 54 9 51 27 55 25 39 19 10 59 6 33 12 47 45 40 7 57 35 36 15 29 60 32 24 4 26 56 53 44 28 18 52 38 46 41 2 42 5 3 
41 27 38 58 32 19 53 59 10 14 46 49 43 4 20 21 13 7 35 9 29 28 34 22 26 6 52 8 40 57 45 37 55 18 1 2 33 3 5 54 36 42 30 11 12 56 16 48 39 24 17 47 25 44 15 60 51 23 31 
11 57 54 3 56 37 43 55 2 31 7 21 27 8 14 10 20 23 39 25 59 26 45 49 46 28 18 33 30 48 58 53 32 44 29 19 40 35 36 16 1 50 5 38 6 22 41 9 60 13 4 24 52 34 15 12 17 47 42 
3 51 15 24 16 38 9 26 12 8 37 11 55 31 42 13 59 6 60 44 5 36 56 33 58 41 45 32 30 46 1 19 28 57 21 34 39 48 7 22 53 17 2 29 27 50 43 49 23 25 40 18 14 35 10 47 20 4 54 
50 27 11 21 46 52 15 58 16 39 6 5 10 18 19 48 22 47 32 56 24 44 17 33 42 37 35 4 3 41 51 45 23 12 28 26 7 2 49 30 57 29 54 1 13 43 59 38 31 9 25 34 36 40 55 8 20 14 60 
39 11 29 50 4 60 58 45 1 59 44 38 47 52 55 24 7 18 33 31 26 51 34 48 35 28 53 6 14 10 22 49 46 43 2 25 40 57 20 15 12 27 23 5 16 13 41 8 21 19 30 42 56 9 17 37 36 3 32 
28 18 47 26 13 27 29 11 42 24 52 44 17 2 48 49 3 22 34 37 59 8 5 32 25 10 6 58 30 23 43 60 54 31 36 4 53 39 38 51 35 33 14 45 40 46 20 41 12 16 56 1 7 57 9 15 50 19 21 
38 35 1 26 49 33 11 43 47 29 42 16 18 10 28 19 54 9 46 8 34 5 51 30 58 44 40 15 13 48 27 4 55 23 3 36 25 6 24 21 60 17 52 53 7 2 12 39 14 31 32 50 41 59 57 45 37 22 20 
24 5 27 9 46 21 28 8 55 52 60 44 3 37 47 51 18 22 36 50 1 17 16 48 7 43 32 33 19 53 29 35 11 34 41 45 10 20 14 56 59 40 6 54 2 4 26 30 38 39 25 31 42 15 13 49 12 58 23 
15 39 38 36 1 56 26 29 8 21 43 20 10 60 53 41 31 27 46 4 42 12 50 14 22 59 54 30 35 7 5 34 57 33 32 2 49 37 24 11 28 23 9 45 17 55 18 6 47 44 19 51 40 52 16 48 3 25 13 
37 16 6 57 26 1 51 24 44 47 35 23 45 46 14 33 8 41 3 54 53 7 17 19 27 31 50 58 32 43 12 21 60 52 13 49 5 40 25 29 4 15 9 48 28 39 55 22 38 30 36 42 10 56 11 20 2 34 18 
39 14 3 18 22 40 52 32 5 35 11 24 31 48 57 37 13 8 42 46 23 44 30 17 26 4 50 59 21 56 55 20 16 7 28 51 6 15 36 2 54 38 27 49 43 58 9 12 1 19 25 33 10 45 34 53 41 29 47 
