60
39 40 29 9 23 37 60 30 57 49 20 21 3 12 4 15 10 52 55 58 42 24 16 45 44 5 19 27 6 35 2 34 17 28 51 14 7 18 38 47 
18 24 36 57 16 23 6 38 45 37 14 3 20 35 46 5 53 8 32 54 30 13 9 19 34 60 1 31 52 17 59 11 21 22 27 4 51 12 50 15 33 
29 58 30 14 35 53 55 22 31 17 2 41 23 8 32 6 60 10 38 28 19 43 27 36 34 48 33 45 40 25 20 46 4 56 37 52 49 59 15 24 21 11 13 42 47 5 57 1 
49 37 55 36 33 19 20 15 3 9 7 46 39 58 50 32 1 25 59 35 8 10 11 2 12 40 16 60 13 27 54 28 6 21 29 57 17 38 42 52 18 34 47 
56 28 2 33 34 58 25 14 19 54 47 59 16 43 53 1 11 52 31 10 60 17 9 49 42 36 18 21 30 40 32 27 37 24 7 55 3 45 8 
39 18 48 59 31 24 11 25 30 54 22 46 32 52 4 60 21 55 34 28 44 1 38 49 41 51 14 23 47 27 9 13 40 19 43 37 17 10 50 2 42 15 3 
54 14 58 5 10 31 30 34 37 22 40 17 32 45 33 35 50 9 26 1 44 60 38 12 59 49 8 20 19 27 53 15 11 52 43 13 57 4 24 42 41 55 47 
20 28 49 22 9 12 11 39 35 36 3 53 18 51 29 24 48 50 56 60 16 4 15 2 5 44 58 54 55 7 34 23 41 25 43 26 21 52 59 17 
4 22 35 29 7 1 51 17 36 14 40 38 2 59 32 43 55 39 25 53 10 46 5 54 18 19 37 33 30 26 6 47 24 49 8 28 
23 11 52 13 17 46 29 31 20 24 44 39 58 12 19 34 9 48 35 47 7 3 53 51 5 38 43 25 41 30 1 40 60 6 49 14 28 50 33 22 59 21 45 42 16 27 4 18 56 
55 8 41 54 20 36 27 30 40 12 60 43 53 18 39 16 7 14 44 31 28 45 6 2 59 42 5 46 3 17 47 50 51 24 4 23 29 52 33 10 13 21 22 
35 46 44 14 48 10 47 60 39 1 17 34 27 31 52 55 33 32 41 58 25 37 7 30 45 49 4 42 19 8 43 16 24 22 13 28 38 2 11 54 40 57 26 36 18 29 
35 26 49 57 55 14 18 52 6 2 21 16 12 10 37 56 54 53 41 4 29 46 58 38 36 7 20 34 47 42 44 30 51 39 24 3 11 50 60 19 22 43 
48 53 6 17 10 13 7 24 46 57 5 1 30 29 54 38 60 22 56 27 3 41 43 32 20 44 26 45 39 28 9 47 12 25 37 58 35 18 31 23 2 55 50 11 
38 55 17 60 26 34 6 23 39 53 36 4 47 20 3 41 40 57 50 22 31 49 18 16 44 46 2 56 30 25 7 27 28 54 48 42 29 37 8 51 1 33 35 
25 5 40 52 17 8 1 30 12 47 34 41 51 55 11 32 56 49 57 39 29 46 43 19 37 4 20 21 33 13 18 35 58 50 23 36 15 28 42 2 53 24 10 59 
31 16 60 11 49 6 4 25 15 29 19 20 5 28 35 52 58 24 3 50 37 10 2 21 54 30 27 53 14 41 51 8 43 38 59 56 9 39 33 48 57 55 1 12 22 47 7 45 40 
33 46 34 41 19 55 35 15 54 52 39 2 13 29 1 60 53 14 28 8 50 5 47 24 43 49 12 57 9 58 38 30 45 56 59 27 4 23 31 42 11 10 6 32 20 16 
2 1 52 13 12 42 10 53 33 49 7 4 51 25 32 50 34 40 6 55 16 3 45 20 36 38 18 31 23 57 21 27 54 58 39 5 9 26 17 24 35 28 
1 58 37 28 30 35 25 2 7 22 34 17 16 31 54 4 36 43 52 19 42 47 13 41 26 33 11 53 29 56 57 50 59 60 45 15 10 18 48 3 55 44 32 14 8 21 46 
25 51 1 28 4 26 58 11 50 55 52 35 2 56 48 32 36 39 8 3 42 53 43 22 57 19 59 49 33 16 54 29 30 31 45 13 17 20 10 5 46 60 6 
46 38 52 37 56 8 3 2 24 34 12 53 59 15 51 60 49 50 31 25 54 11 17 9 57 6 32 43 7 41 48 29 27 58 10 14 45 26 39 21 33 13 55 47 20 
41 6 19 10 59 8 34 29 26 53 27 28 51 16 54 24 15 55 18 3 11 14 50 32 40 1 2 47 57 30 46 58 56 48 35 31 
2 3 5 59 38 60 8 18 40 1 48 13 58 14 30 34 46 17 57 37 42 19 43 9 6 12 36 54 7 23 11 32 53 26 51 10 52 25 16 22 35 55 47 49 39 50 44 
35 54 16 46 27 55 6 51 42 31 22 41 57 20 28 52 60 40 32 48 14 58 3 4 37 45 34 8 9 17 5 15 10 12 44 33 24 50 19 21 59 29 53 
45 39 27 13 58 43 56 52 28 12 37 22 60 34 49 51 40 59 32 47 8 20 21 54 15 9 50 48 41 36 14 19 44 23 24 46 35 53 7 29 33 
50 3 10 57 5 46 14 47 6 55 40 36 45 29 42 58 22 49 34 54 15 23 30 26 19 2 1 12 25 43 38 17 7 56 11 52 59 33 39 18 60 37 51 35 48 4 
47 52 23 36 35 38 49 41 48 3 12 29 8 57 20 11 10 58 37 43 25 16 18 26 40 30 54 15 6 59 51 50 14 46 9 56 21 19 42 34 5 1 4 17 53 
28 60 59 31 25 4 55 18 30 39 21 16 17 53 46 12 27 58 1 15 13 8 11 35 47 44 22 20 14 3 56 10 36 42 26 9 32 51 23 57 45 52 49 
31 3 40 49 17 41 36 23 33 39 37 59 20 51 18 14 24 47 52 50 7 45 60 46 28 15 54 53 5 9 11 42 21 43 12 13 58 10 29 1 2 16 44 56 27 6 
15 3 19 22 43 30 33 59 36 39 2 20 14 12 11 40 6 51 29 18 53 50 32 41 25 60 38 55 54 57 17 47 49 7 10 34 21 52 48 5 42 46 23 
20 12 19 55 41 18 7 36 29 5 33 60 59 31 24 4 48 3 39 49 26 6 25 42 2 45 47 16 44 54 9 21 40 38 14 46 56 22 51 23 
40 3 34 46 36 2 26 15 42 22 47 31 18 9 53 51 45 20 56 11 59 49 54 19 50 7 57 17 25 41 58 32 27 21 60 12 30 5 4 16 10 
35 58 12 36 7 20 4 8 47 41 56 22 10 1 27 2 28 23 19 37 3 45 26 38 15 48 13 24 33 39 52 55 60 5 53 18 31 6 25 43 46 16 
29 27 38 13 36 57 15 18 56 20 59 3 46 43 9 49 50 17 25 45 47 19 7 2 14 54 1 12 16 26 39 21 55 34 24 4 51 37 60 53 23 48 44 8 10 28 
27 39 30 16 9 28 21 20 40 26 58 59 5 44 11 56 34 47 42 49 2 13 45 41 3 15 24 31 8 48 57 19 35 51 46 33 4 29 52 32 60 12 53 
44 38 45 7 2 5 51 1 20 49 14 28 54 35 43 50 55 52 40 13 30 12 24 3 9 34 39 60 26 17 42 56 6 27 4 48 22 15 53 47 25 41 16 
48 43 2 42 27 35 45 39 55 4 1 57 54 37 3 24 34 28 19 9 59 6 17 31 32 10 7 58 18 51 50 14 22 56 46 15 13 49 12 53 
55 18 37 19 15 45 6 56 48 35 47 50 9 14 38 22 41 60 30 36 8 34 52 49 4 1 31 21 26 16 11 59 10 27 29 32 57 17 13 46 24 12 
36 9 46 57 12 7 51 5 60 33 27 41 32 28 54 44 6 55 16 4 47 49 15 17 30 23 11 31 37 26 1 24 58 52 25 19 3 56 10 48 43 45 
26 12 59 34 60 6 18 56 44 22 37 40 13 11 10 32 7 58 25 17 45 3 23 36 43 33 49 31 51 28 54 16 55 30 50 15 39 8 14 47 20 
4 7 31 50 12 18 49 57 13 52 24 27 15 37 36 30 3 43 25 29 11 59 20 53 5 21 45 1 19 60 10 28 58 48 16 6 33 38 44 32 51 
58 46 8 44 38 41 40 28 17 5 22 3 37 30 16 11 56 18 26 34 12 27 20 24 50 49 31 13 14 42 10 6 9 57 48 21 60 7 35 
8 53 11 41 48 57 12 1 24 55 54 51 13 30 6 46 35 7 15 60 40 42 20 49 59 58 14 37 43 36 26 25 10 45 29 32 
38 44 7 12 41 2 18 1 34 37 32 3 52 36 39 5 25 54 58 59 29 33 14 47 42 55 60 27 35 53 30 46 22 26 10 21 19 11 20 40 17 
51 11 23 53 59 31 44 38 10 39 21 45 43 29 2 20 47 12 24 57 15 18 30 28 26 49 35 13 4 22 48 32 9 27 58 34 14 50 25 36 3 56 16 33 40 6 
4 30 12 50 9 16 60 41 36 29 28 56 13 5 45 6 1 10 17 11 32 39 57 58 46 34 51 7 3 48 24 54 22 15 52 40 59 31 26 55 33 20 18 14 27 37 23 35 
26 59 8 14 24 40 39 23 47 32 35 37 25 42 54 55 6 27 20 44 58 22 56 28 43 34 38 17 15 31 57 10 52 3 36 46 12 21 
15 4 33 44 21 51 35 58 6 9 36 26 59 37 30 5 24 19 40 8 42 18 28 52 43 31 56 46 54 32 1 12 50 3 60 38 13 17 53 41 29 39 27 10 7 16 57 22 
58 43 24 47 57 20 37 31 21 6 41 35 26 7 17 8 25 18 22 53 39 30 49 27 38 10 42 51 19 16 46 28 13 2 33 15 4 56 59 23 11 14 
38 52 13 50 29 17 2 8 27 55 35 19 36 56 21 59 44 57 10 11 25 23 49 33 47 41 31 26 60 40 24 28 15 32 46 9 42 30 1 22 6 16 37 
11 7 25 39 34 45 58 5 40 18 24 42 22 21 17 27 16 13 20 29 56 19 2 31 48 28 3 49 53 60 26 4 37 51 12 10 55 36 30 1 47 8 59 6 
26 11 29 20 52 8 50 3 25 44 21 10 34 45 9 16 22 31 54 7 14 23 2 24 30 17 58 33 37 18 19 5 35 55 46 56 15 49 42 13 60 36 28 38 
11 2 35 44 25 41 9 47 30 49 20 40 22 4 26 23 55 56 32 27 13 6 58 57 15 37 17 59 45 31 53 38 24 18 48 60 33 21 8 14 5 12 19 28 7 
58 6 16 9 3 22 24 25 40 12 41 54 44 47 15 51 52 13 19 5 1 31 38 23 56 34 48 45 4 18 20 29 53 7 37 14 57 11 39 35 8 21 32 27 17 
29 36 50 14 35 49 16 23 41 21 54 15 13 58 47 10 30 55 32 39 20 17 59 3 22 40 28 27 57 38 51 53 48 52 33 26 46 43 8 37 18 34 5 
19 54 3 48 29 50 14 33 27 2 42 15 18 17 46 60 38 24 21 16 1 25 4 36 55 22 13 59 7 40 44 20 51 43 56 35 23 49 47 31 39 12 28 
23 38 16 24 20 12 54 22 41 44 26 1 59 48 33 47 49 7 36 5 56 53 25 28 30 18 42 43 4 8 40 46 13 52 55 50 21 17 3 29 34 45 10 60 27 19 14 
10 2 48 36 23 8 21 58 47 24 5 29 38 49 51 32 54 17 11 56 7 9 18 39 30 16 6 57 26 27 52 50 42 35 28 46 4 22 25 44 3 33 20 41 45 31 
7 29 14 3 27 15 42 41 47 57 32 49 58 25 52 44 20 45 21 30 22 1 18 33 51 35 24 37 26 8 53 54 43 36 31 39 12 2 34 17 6 11 4 5 10 40 13 
