60
56 36 12 19 38 49 23 13 32 26 40 2 16 5 60 42 45 57 33 
52 39 42 33 21 24 13 44 1 41 8 32 3 9 
46 39 20 9 2 52 5 7 43 29 36 26 50 37 
54 36 24 23 27 8 46 28 22 53 50 41 55 16 
20 18 21 31 47 24 54 17 9 34 3 1 33 22 12 48 46 42 
22 28 51 11 40 12 14 57 46 13 20 25 32 35 29 15 
46 15 35 43 10 51 52 33 28 26 44 47 3 
41 17 21 30 33 2 57 51 49 4 31 
3 18 20 50 16 54 2 60 45 25 31 51 5 27 52 39 
58 37 30 27 28 60 50 47 51 57 23 20 46 59 40 7 
6 36 29 35 44 18 23 24 42 40 34 59 33 43 
23 13 5 47 25 6 38 60 30 41 51 1 43 
27 33 58 1 39 56 6 29 2 44 12 57 37 23 20 17 25 
42 53 24 55 6 38 27 29 33 35 52 54 44 26 
46 25 21 60 49 7 17 56 51 50 55 6 
52 24 20 21 46 4 36 38 9 1 57 25 28 44 
20 38 59 45 60 48 47 8 15 5 22 13 21 32 28 55 53 23 33 49 
46 34 11 23 43 40 35 41 28 30 25 5 38 60 9 
20 56 60 29 47 41 33 23 55 40 58 42 52 1 
59 6 60 53 19 5 33 39 13 49 16 48 17 10 58 23 9 30 3 
17 5 15 60 24 58 59 33 34 37 32 46 49 16 43 8 29 2 
36 17 6 32 59 58 4 28 41 26 48 5 43 33 42 31 40 34 
29 57 40 25 52 13 44 18 20 10 38 11 4 12 19 26 17 1 
5 14 54 16 27 53 35 38 48 11 44 39 31 2 4 21 58 
13 12 44 48 39 18 47 40 9 59 23 56 6 36 43 15 31 16 
14 3 43 23 7 28 57 45 55 1 42 22 50 36 
4 44 57 30 49 10 59 36 9 51 39 13 24 14 
47 6 4 16 29 17 41 18 57 26 10 7 22 
54 21 6 23 41 14 11 19 13 28 3 59 
33 10 42 47 50 12 18 8 40 20 60 27 59 48 41 
33 8 37 52 25 5 22 42 59 24 9 53 44 34 60 
33 54 22 36 35 1 50 51 41 21 17 49 6 2 
35 21 8 17 11 2 14 32 20 22 31 5 7 44 13 47 30 1 19 
50 11 49 22 58 5 57 56 40 31 18 39 36 48 21 
51 45 14 11 32 42 33 18 58 43 24 6 41 46 7 
54 26 37 41 44 3 22 27 48 34 58 25 32 16 11 42 4 1 52 45 
45 36 21 10 49 48 51 3 13 58 31 38 42 50 
40 24 45 18 23 1 37 17 14 12 16 59 46 
25 2 54 20 27 34 24 13 9 49 41 44 3 
25 34 38 11 42 1 22 23 19 6 18 30 10 49 41 
4 28 18 40 57 22 39 12 36 43 58 29 32 30 35 19 51 2 8 
11 5 22 19 2 58 30 1 45 26 37 31 14 36 35 43 53 40 
54 41 22 3 11 56 25 58 57 53 21 35 18 42 26 55 12 7 
55 13 53 14 36 27 25 23 52 2 7 16 24 39 11 58 33 31 
35 36 38 1 46 26 37 59 42 9 17 
18 45 3 38 35 6 58 7 4 5 16 15 21 10 
17 58 28 7 30 51 53 5 33 12 49 25 60 19 10 
20 30 36 24 5 17 50 25 34 37 22 
27 32 17 34 15 21 39 8 37 40 1 20 47 
32 34 37 55 9 57 15 10 4 3 48 26 30 
35 10 37 27 47 12 6 9 7 52 15 41 8 53 32 
54 3 57 16 44 51 9 7 55 31 2 14 19 23 36 
57 24 20 42 44 4 14 55 31 47 17 43 51 56 
57 14 5 52 24 29 9 43 36 4 32 39 
43 26 53 19 44 15 14 58 50 17 4 52 
19 43 15 1 25 13 57 53 34 58 
13 6 52 16 8 26 54 23 43 56 1 10 41 34 28 27 50 53 
21 36 35 10 47 56 20 43 42 41 44 37 22 55 24 34 13 46 19 
38 20 30 10 25 29 27 11 22 45 21 31 17 
9 15 47 1 20 21 31 19 18 17 10 30 12 