60
43 27 21 30 17 3 20 53 47 13 7 2 50 40 15 16 8 10 54 36 6 11 31 38 58 57 4 32 59 51 52 12 26 45 29 35 56 44 55 24 33 14 28 49 39 
49 15 33 11 36 5 3 12 20 35 10 37 26 25 31 60 40 9 46 16 52 22 32 43 17 8 38 58 24 23 18 47 51 48 45 39 4 54 59 44 53 6 29 13 42 1 
46 27 12 58 36 43 2 52 18 41 44 60 22 33 10 32 19 54 26 59 25 28 8 34 21 20 23 13 31 24 48 56 7 35 47 51 6 57 38 42 50 4 1 39 
8 31 39 3 30 35 14 20 37 36 25 43 16 41 7 42 28 1 59 26 55 44 6 5 23 18 11 17 34 29 58 52 9 2 12 48 32 38 13 54 49 
48 8 40 56 28 4 21 18 51 47 50 59 36 35 43 45 11 2 54 27 52 7 31 39 55 57 30 41 14 10 34 60 37 42 15 17 38 12 53 
55 40 8 3 60 33 37 48 28 38 1 56 54 12 25 57 51 50 14 43 2 7 32 58 47 34 4 24 11 13 41 16 26 19 45 22 29 10 31 30 15 27 53 35 
47 21 54 8 36 1 51 6 17 18 26 35 33 32 39 28 43 9 23 49 15 58 27 56 37 57 11 45 52 5 29 41 40 55 48 42 60 12 50 4 3 24 
40 45 36 1 10 16 23 58 46 27 26 5 7 6 13 24 31 4 56 43 38 54 51 48 11 19 21 33 34 49 50 20 60 35 55 28 12 53 14 44 25 32 2 59 3 41 
22 7 16 45 34 39 33 56 24 13 18 49 53 10 37 19 40 12 30 58 46 23 15 55 35 36 38 60 2 59 31 20 47 48 41 21 4 29 50 43 
43 50 11 51 13 28 40 41 5 46 24 18 15 52 20 56 42 39 8 44 37 31 54 22 33 1 53 3 59 6 27 14 17 60 23 9 38 30 55 21 58 48 45 49 16 19 12 57 2 
7 32 24 59 12 56 23 15 38 58 14 51 5 35 53 31 42 49 27 13 10 55 44 20 6 50 43 57 36 16 19 4 26 48 40 45 33 2 25 1 29 39 8 41 18 60 
9 58 29 16 34 8 30 31 24 45 21 36 50 1 10 15 28 13 56 3 47 46 51 11 17 32 5 42 22 35 18 43 55 19 25 52 4 39 2 7 53 37 6 
36 47 41 20 12 8 9 60 4 40 22 51 3 44 21 2 10 14 1 43 56 38 32 11 29 30 39 15 49 42 33 46 34 55 31 37 6 19 35 45 50 52 
41 28 1 45 22 4 49 57 46 35 52 19 56 50 59 5 15 42 37 18 10 40 43 36 53 38 32 27 8 16 20 51 29 11 55 13 33 6 21 31 58 54 24 
45 43 14 56 50 31 59 19 36 47 29 1 16 23 11 55 44 53 48 18 33 28 52 6 40 22 9 21 35 58 13 5 34 10 39 32 26 24 12 38 42 46 49 2 60 25 7 51 54 57 41 
6 56 53 59 36 39 33 17 43 37 15 41 21 38 60 49 34 29 46 26 11 57 12 28 9 2 8 35 4 1 22 47 14 42 51 19 55 10 50 18 31 45 58 54 
33 49 40 38 26 28 47 16 57 53 59 5 19 10 58 25 21 32 4 46 42 56 39 1 30 43 12 18 55 41 50 44 23 29 60 51 34 2 27 7 24 36 52 
14 46 2 47 36 44 3 35 57 4 51 38 48 33 11 12 16 26 17 45 25 31 15 56 55 60 54 27 7 59 5 41 24 9 50 20 39 40 21 10 
57 6 15 49 29 51 38 31 11 27 43 53 26 34 23 22 36 17 42 3 44 54 52 60 33 24 58 37 35 50 12 14 21 10 20 9 46 8 16 40 56 45 47 13 
18 13 8 58 52 55 42 10 25 1 50 54 45 33 51 46 57 41 14 40 34 2 28 11 3 56 44 30 19 43 47 9 36 27 32 48 53 4 
24 37 8 25 14 9 7 1 26 41 51 48 42 43 28 3 47 23 39 33 5 40 58 16 45 54 49 10 17 18 44 36 55 15 53 22 19 12 59 13 57 
26 29 60 13 37 32 16 33 3 55 23 10 43 19 36 48 14 6 44 2 45 30 25 27 53 21 50 39 57 9 56 12 15 54 58 
45 9 25 33 48 41 10 43 57 32 53 58 8 39 27 30 19 31 34 38 2 26 42 52 11 15 28 3 35 51 55 59 24 54 21 50 22 56 47 4 37 7 17 
19 45 52 21 31 1 59 14 42 51 3 15 44 36 25 2 53 40 29 48 18 26 8 37 46 10 60 39 34 35 58 56 11 47 55 49 54 28 33 38 23 17 9 43 7 12 6 
46 31 58 28 30 36 32 12 56 18 39 20 49 40 59 3 15 37 21 17 42 60 8 43 55 23 34 6 29 24 11 41 52 22 27 38 4 2 51 53 
56 39 38 54 35 24 15 47 60 19 4 58 1 49 42 8 36 16 6 48 18 57 44 31 28 45 22 53 30 40 32 17 2 3 23 11 41 7 33 43 29 34 21 50 
5 11 37 35 22 30 8 32 50 3 53 10 54 47 31 34 6 55 48 7 51 41 18 36 28 29 39 42 25 56 1 57 60 20 44 17 38 46 52 19 23 45 14 
37 56 39 47 55 29 23 21 43 41 44 59 3 10 48 7 26 57 5 16 15 60 33 8 42 53 54 17 14 27 1 12 40 30 49 50 36 24 25 34 38 4 46 6 20 35 
12 26 1 40 9 50 24 25 33 28 13 22 7 14 15 53 49 57 37 4 27 16 52 35 17 41 43 6 39 19 48 56 34 11 2 59 54 32 31 51 46 58 44 55 
38 47 60 27 59 50 26 32 51 55 6 45 34 57 5 12 28 54 35 36 23 25 4 49 48 9 56 44 42 22 1 20 33 10 17 41 13 
2 6 11 34 27 18 40 59 41 12 19 4 42 24 52 15 33 5 37 8 44 1 10 9 3 58 43 25 23 16 14 48 36 26 60 29 13 46 38 55 
48 37 8 17 53 40 30 6 39 38 35 3 2 59 54 41 45 60 36 14 15 1 11 26 29 49 47 23 13 12 20 52 50 25 4 7 46 22 27 
43 36 14 34 13 54 18 31 30 59 10 19 60 44 24 23 47 51 17 39 7 2 52 1 16 56 29 6 21 40 15 26 42 38 8 9 46 37 22 11 35 20 41 49 28 57 3 50 
3 38 19 54 30 24 37 52 43 31 6 27 45 33 55 28 20 29 41 25 26 15 9 17 5 53 51 13 4 57 8 59 50 48 46 12 16 56 44 39 49 47 35 23 
45 9 12 28 19 24 47 26 11 39 58 3 57 49 4 40 5 43 38 2 59 56 6 34 15 16 60 52 29 53 23 51 32 42 44 48 13 18 14 46 8 1 50 54 7 33 36 27 30 
39 51 8 5 33 58 14 19 54 1 32 16 30 17 35 25 20 48 60 41 3 24 22 11 44 45 37 26 4 13 31 21 56 15 2 42 7 12 49 27 47 9 18 28 38 59 
52 12 39 21 10 31 38 51 59 58 13 40 22 54 32 16 7 14 19 27 50 9 23 36 33 57 5 56 43 60 6 28 25 34 4 2 53 29 24 42 44 
17 10 6 1 31 27 19 28 33 56 32 4 11 35 54 30 36 47 24 39 41 60 18 51 16 13 15 58 52 25 55 9 34 23 53 2 57 3 14 8 5 50 37 44 59 40 26 
46 13 47 44 57 25 26 32 40 50 53 35 4 2 21 34 59 36 10 17 52 27 7 33 48 5 42 12 56 15 54 1 43 29 45 37 28 9 3 11 22 18 24 16 58 41 38 23 55 
19 7 58 46 14 35 48 56 33 9 39 55 18 50 47 20 2 21 53 43 32 37 17 28 1 49 6 8 5 26 24 44 54 41 31 45 10 15 57 59 13 29 60 11 51 38 25 
36 10 3 28 23 48 50 49 30 16 29 25 9 42 38 39 40 17 26 51 52 59 33 46 14 21 6 34 27 57 7 31 15 43 56 18 20 45 54 13 11 58 5 53 8 32 4 55 
41 56 51 28 13 24 54 16 39 19 11 20 17 10 49 4 50 14 23 36 37 21 15 25 30 33 26 46 3 59 7 35 47 27 57 48 53 52 5 55 12 2 31 
7 9 53 34 22 31 4 41 37 6 11 1 48 21 56 52 17 54 40 24 39 35 25 13 59 23 15 57 20 33 14 28 5 12 2 8 29 19 16 50 3 49 10 26 
4 28 37 24 10 57 49 47 27 30 39 46 22 55 59 45 8 58 1 20 33 29 11 19 2 15 53 40 38 36 26 17 18 51 21 48 54 35 52 3 13 31 34 
47 44 24 30 6 53 10 54 21 16 58 26 60 48 22 59 34 9 11 7 1 41 23 55 14 18 13 15 2 40 50 57 32 19 27 52 36 8 35 56 20 12 39 5 
20 9 24 47 10 56 54 51 39 3 2 35 52 16 41 50 27 12 49 17 29 53 34 13 25 55 28 14 15 58 59 8 40 44 42 18 31 33 19 32 57 
52 9 45 16 15 28 49 13 21 53 40 50 19 27 5 33 56 42 46 23 55 39 36 2 35 38 59 44 3 6 20 18 24 12 7 26 58 1 32 34 17 30 
20 40 50 2 39 7 24 28 41 29 4 52 9 26 34 21 22 6 57 43 15 5 55 49 23 27 35 36 32 42 60 8 31 30 45 10 58 44 11 51 3 56 18 53 
24 47 8 9 13 46 33 15 21 7 26 28 42 55 16 53 41 36 54 19 10 29 40 25 44 17 14 1 51 30 48 32 11 35 4 2 43 34 60 50 57 58 
6 30 51 12 15 11 17 46 47 55 57 37 20 29 34 19 35 40 3 48 45 22 58 56 42 54 23 5 14 53 32 8 13 39 10 1 7 38 43 26 33 16 27 41 52 60 49 28 18 9 
20 42 37 53 54 8 34 40 55 38 33 16 11 13 6 48 27 7 18 35 19 57 25 41 24 2 3 59 1 17 12 56 10 5 50 46 30 14 15 23 52 21 29 36 49 44 58 
20 23 17 59 33 50 13 45 4 32 54 51 24 12 3 10 41 1 7 47 31 27 48 44 43 19 39 34 37 14 60 46 25 5 42 38 29 35 15 2 
34 49 17 26 41 48 9 5 58 8 12 28 15 2 39 14 45 24 55 19 21 44 11 22 40 10 51 47 54 6 43 59 50 20 27 37 32 29 38 46 42 1 25 35 16 23 
29 27 40 23 16 15 36 59 35 46 32 56 51 53 49 21 30 8 57 33 2 18 28 52 43 22 44 19 4 3 41 50 7 26 14 24 1 39 34 55 37 20 6 42 38 10 5 45 
51 47 49 38 44 5 60 48 14 10 28 59 30 29 50 23 22 8 34 20 13 54 39 9 58 7 56 42 31 16 25 46 4 53 57 15 24 45 12 1 6 27 18 17 11 40 21 41 
28 17 25 9 14 46 22 37 50 55 33 40 3 15 35 6 23 30 41 58 27 54 11 42 19 34 1 5 12 26 47 39 43 51 36 7 24 10 16 45 48 13 18 20 29 8 38 59 
49 33 19 11 42 37 60 41 58 1 17 35 44 15 30 28 26 16 14 40 38 3 5 27 21 48 50 51 39 18 46 55 34 10 29 43 7 54 20 6 23 22 45 
51 59 11 22 24 29 35 53 2 10 25 49 16 14 12 4 48 9 26 7 57 40 31 37 3 50 45 8 55 15 21 46 44 56 36 39 17 1 38 6 19 20 23 47 41 
60 40 38 54 10 17 11 36 2 28 34 21 23 44 8 16 51 47 30 37 39 43 41 14 42 1 29 24 52 31 46 18 15 5 25 32 35 33 53 3 56 45 55 4 9 58 
15 27 7 24 31 18 10 59 57 38 50 36 55 19 25 11 17 45 35 52 9 28 32 16 3 26 48 40 13 2 5 49 22 33 30 6 37 8 
