60
20 43 25 13 17 49 4 27 19 9 53 2 51 33 46 30 40 36 57 22 52 44 23 60 3 58 50 14 38 26 55 
36 31 35 52 51 34 10 13 56 6 29 44 46 42 8 30 54 11 22 40 20 28 16 55 27 1 32 37 14 3 50 7 41 49 
55 21 39 15 7 59 51 2 58 40 49 20 53 44 45 47 56 30 31 50 5 57 42 37 29 36 1 4 9 17 
46 60 5 3 54 25 12 50 6 14 1 53 26 59 42 35 32 16 52 19 27 13 28 43 10 23 39 56 
45 3 18 23 24 7 35 4 12 27 15 8 59 58 28 51 13 10 57 53 54 55 44 37 26 25 
17 40 34 7 56 49 2 27 9 25 44 4 54 47 24 39 37 36 23 48 18 31 26 52 12 51 42 
46 37 52 29 47 8 5 28 51 42 56 31 12 34 25 58 30 3 13 10 6 22 53 50 48 2 32 49 41 55 
49 2 27 34 33 9 43 20 44 55 24 28 57 22 51 53 5 42 25 38 46 60 59 52 7 48 40 12 
20 28 21 50 15 37 16 19 52 33 58 3 1 6 8 59 17 49 60 32 55 41 24 45 43 18 54 40 27 13 56 42 35 47 
46 42 23 48 5 60 47 21 25 40 41 34 27 2 22 57 26 20 11 7 30 29 4 37 31 14 44 36 52 
35 22 13 56 55 16 18 48 28 34 47 51 14 46 2 26 36 60 33 42 23 44 10 37 58 
41 25 44 40 32 29 42 30 17 8 13 56 7 51 34 15 31 4 5 16 48 19 50 33 54 28 59 6 35 
44 47 41 33 37 54 52 38 4 30 26 1 17 19 42 5 2 9 32 35 12 36 15 51 11 43 7 55 
44 50 57 21 29 1 36 51 27 45 52 23 4 48 56 10 22 15 31 40 25 20 30 2 28 33 16 11 55 46 39 49 
19 17 44 12 16 18 56 24 13 3 9 27 25 54 60 45 34 14 22 21 55 49 31 5 40 26 36 57 41 46 20 38 28 
45 43 9 24 53 28 33 12 39 25 34 38 18 19 60 4 23 44 52 2 15 49 11 17 37 14 32 36 
15 45 53 51 37 39 6 34 22 28 42 12 20 29 25 48 21 31 40 3 24 19 9 16 46 1 13 44 23 30 56 
58 30 6 15 57 52 16 35 53 59 43 19 26 36 5 40 39 21 22 42 47 29 54 9 11 51 31 
4 15 16 1 51 34 44 18 25 17 28 49 9 60 33 39 41 32 21 42 27 12 13 36 46 
53 48 14 27 54 57 22 59 3 8 31 23 2 43 29 60 37 1 38 52 32 45 15 35 17 56 21 44 10 55 9 36 
28 57 25 22 17 48 30 31 15 58 14 56 51 44 9 19 3 18 46 20 41 45 43 37 49 10 33 
18 25 53 2 40 41 17 20 7 32 11 1 55 14 8 31 52 39 15 45 10 27 30 35 21 44 42 47 
4 31 54 53 44 20 47 30 37 5 14 25 10 35 55 1 36 32 41 11 16 17 48 26 6 51 27 
5 6 57 34 15 9 48 43 29 52 50 41 16 35 33 8 40 30 36 49 55 26 17 27 
54 17 7 28 5 38 8 49 35 48 22 26 4 30 57 1 34 59 39 31 6 16 32 21 23 14 50 12 29 47 58 15 45 19 53 10 
13 38 42 37 52 24 1 58 15 46 10 50 48 5 18 25 39 29 23 6 4 49 36 27 30 41 56 33 11 32 
1 6 50 20 10 34 47 23 9 22 30 37 5 60 4 49 48 28 51 8 2 57 19 39 24 41 58 54 26 14 15 
40 7 16 48 54 52 41 25 4 37 11 29 38 14 30 27 35 19 31 42 21 15 2 12 50 36 17 59 5 32 34 9 8 
49 56 35 2 55 41 52 26 43 25 3 12 48 59 14 28 33 57 34 17 7 47 44 18 37 60 32 20 10 24 
35 18 26 14 57 50 52 7 38 49 42 37 56 41 13 23 12 48 2 51 46 21 43 22 34 28 17 1 58 53 32 10 3 25 24 27 
54 58 18 47 15 6 2 43 17 20 55 33 23 34 3 41 14 25 12 7 10 48 32 21 22 28 46 37 42 60 50 
60 7 59 42 28 33 16 22 12 26 35 29 2 13 31 56 20 49 9 58 23 34 4 30 41 52 37 25 45 19 
29 49 14 44 21 46 37 1 8 48 16 52 38 40 31 24 45 9 11 51 13 56 32 53 26 36 19 59 12 
45 27 6 2 55 54 48 15 31 11 59 47 32 36 60 43 7 30 41 51 12 10 17 42 25 50 16 19 28 46 29 8 24 
41 18 40 22 5 44 2 51 24 9 50 36 29 28 55 23 37 45 59 4 38 11 48 12 25 13 43 32 30 54 20 47 60 
39 28 6 15 26 18 10 50 34 24 49 33 40 58 20 42 14 35 3 23 53 16 13 46 2 1 19 60 11 52 55 
33 38 21 49 6 40 26 56 43 41 2 46 10 32 16 23 35 11 28 30 3 29 20 39 31 5 17 45 7 27 42 60 13 9 
56 15 51 58 28 13 37 20 33 46 42 25 60 39 16 35 57 1 8 26 45 59 30 
45 41 43 16 22 25 48 17 55 36 14 38 37 4 18 27 49 51 3 19 6 26 60 58 46 
52 12 43 8 15 54 50 9 41 49 14 1 33 48 28 47 24 46 58 42 2 6 36 10 35 53 17 22 45 3 18 37 
22 2 27 19 10 23 48 34 32 49 28 40 46 13 9 42 21 39 47 44 58 43 12 15 24 37 26 51 55 29 59 35 7 31 30 45 56 
13 12 30 19 26 10 18 60 46 7 58 51 11 31 41 40 32 38 4 3 2 9 34 22 45 37 17 44 8 47 56 48 28 55 36 6 52 
50 37 41 60 56 51 24 21 20 1 16 29 8 9 53 39 13 35 40 18 57 45 34 4 30 31 54 
19 47 1 8 21 20 50 12 13 23 22 17 49 14 15 11 10 2 5 35 42 41 29 16 33 6 45 55 3 
41 55 17 52 21 35 37 49 33 40 9 39 59 14 58 47 25 42 50 43 32 44 3 60 38 34 22 56 20 15 16 5 
30 48 21 14 1 56 26 11 42 17 15 8 55 52 2 41 7 49 33 37 51 60 40 31 4 36 39 38 34 19 10 50 
35 42 22 45 25 6 31 34 3 23 44 40 9 13 53 18 57 27 56 10 48 41 52 29 49 11 7 
34 31 56 30 39 46 17 23 35 29 25 33 49 20 47 27 28 11 8 54 24 26 7 41 12 6 42 21 14 40 10 52 
25 41 15 48 47 39 37 33 36 8 7 46 51 19 45 6 21 29 14 27 24 16 57 44 30 32 9 3 53 2 1 58 26 40 
34 2 30 9 45 40 7 25 44 1 26 4 51 12 57 35 24 60 46 59 43 52 56 28 36 27 3 31 14 
17 42 43 2 12 41 30 18 38 46 11 13 53 3 50 6 39 27 7 58 8 14 35 23 33 21 1 19 49 5 34 
48 6 22 50 24 40 33 46 36 47 53 8 59 1 14 4 56 32 18 29 13 10 9 54 30 60 2 42 20 16 45 26 7 28 
23 22 40 7 58 60 43 59 5 1 16 17 30 36 33 49 8 3 18 54 25 47 52 20 51 4 
57 4 35 15 9 48 56 12 6 23 40 31 27 52 25 2 5 60 43 13 18 53 34 20 28 
42 20 34 5 58 9 36 59 2 60 35 22 24 11 23 46 45 3 57 8 29 44 15 39 14 1 13 41 31 7 
2 46 32 47 20 41 4 43 7 54 17 3 26 29 11 14 33 48 57 59 9 42 6 37 50 30 15 52 38 12 45 21 
14 38 30 54 10 56 24 21 43 8 58 50 25 1 47 20 5 29 60 15 3 55 27 18 49 
45 51 41 27 3 36 21 59 31 49 18 39 42 32 9 53 38 57 7 25 1 26 30 55 11 5 40 
29 32 55 34 3 20 18 5 25 9 33 52 60 56 35 50 12 38 4 53 45 8 58 41 28 
10 1 19 34 50 37 8 20 9 45 4 29 31 52 32 59 11 38 54 16 15 53 35 42 43 27 39 57 55 46 36 