60
37 24 28 36 50 57 56 12 31 45 47 43 23 59 44 22 60 40 15 6 49 42 19 16 35 13 3 54 32 2 55 48 26 52 41 11 51 39 38 30 27 58 33 29 9 7 18 17 8 53 21 46 10 34 5 25 4 20 14 
28 4 38 50 41 23 39 27 24 42 33 57 34 1 56 32 15 13 22 20 7 17 45 36 48 5 46 8 49 59 52 47 3 40 35 43 51 16 18 25 12 6 29 30 26 37 58 53 9 11 54 55 21 14 44 19 10 31 60 
9 25 42 33 40 51 52 14 46 20 7 45 6 17 31 32 22 5 18 53 54 56 8 29 12 50 24 35 2 1 58 26 11 34 59 36 27 15 4 30 48 38 39 21 41 47 10 16 23 13 49 57 60 44 37 43 55 19 28 
21 44 43 17 57 35 22 16 50 53 42 58 7 26 27 3 10 19 33 14 20 34 2 18 1 37 60 55 38 46 13 45 54 41 52 6 31 36 9 56 24 28 8 32 39 15 25 29 47 40 49 23 5 30 48 12 51 59 11 
12 33 45 14 25 58 40 7 8 4 52 1 56 41 26 17 57 15 21 29 43 38 54 50 37 60 22 53 13 6 16 9 31 44 32 23 51 34 49 59 3 47 24 2 18 28 46 19 48 55 42 36 20 30 39 27 35 11 10 
31 38 50 44 19 12 39 54 36 2 59 28 20 60 35 48 37 5 46 24 7 30 26 43 34 57 49 42 14 22 1 58 3 55 18 33 16 11 56 40 52 8 27 17 23 29 15 41 51 10 53 45 21 32 4 47 9 25 13 
37 45 60 59 54 51 27 40 15 32 12 39 10 25 50 20 36 22 26 18 42 55 19 29 16 28 57 8 52 41 31 34 2 46 44 56 24 30 17 1 23 5 43 11 38 33 9 13 58 21 6 14 48 49 3 4 47 35 53 
15 13 12 1 27 39 38 2 9 20 33 25 3 6 28 57 26 10 35 58 51 56 50 37 53 5 18 52 46 22 40 11 49 41 44 54 17 31 48 4 14 32 29 59 47 30 7 45 34 55 21 60 42 43 16 23 19 36 24 
34 45 4 2 10 51 28 30 52 11 17 16 55 29 33 36 27 32 53 12 13 41 23 3 25 48 18 49 43 7 1 42 57 35 47 59 14 15 5 22 50 38 24 20 19 58 31 8 60 40 44 46 21 56 54 26 37 6 39 
57 41 28 36 31 45 14 25 55 3 33 22 52 44 49 20 58 11 54 7 18 19 40 1 51 2 26 60 30 15 43 4 8 13 56 27 50 16 39 48 34 24 47 9 46 29 23 12 6 21 42 37 35 59 38 32 53 5 17 
48 20 51 26 29 16 36 8 25 58 46 13 41 54 50 30 19 12 56 4 3 38 27 2 10 7 42 43 17 32 14 59 44 6 39 1 47 28 49 53 31 40 35 60 5 34 52 24 33 23 45 22 21 18 9 55 15 57 37 
17 55 27 34 42 14 46 45 56 37 7 26 33 21 54 57 48 41 36 24 6 9 39 43 50 58 44 32 22 38 18 30 3 35 47 20 49 11 60 28 52 8 25 59 2 10 16 23 51 4 53 29 1 19 13 31 40 5 15 
30 27 4 47 26 16 7 20 35 43 39 48 56 41 25 38 37 54 50 53 3 29 15 46 57 40 34 14 60 44 18 36 19 24 9 1 55 17 11 52 2 33 22 6 45 31 23 8 59 42 12 32 58 28 10 51 21 5 49 
10 45 44 29 25 12 28 19 16 47 3 26 56 20 58 60 1 48 50 54 2 52 33 13 41 40 9 8 46 43 17 27 31 18 4 15 36 38 22 37 55 24 39 21 32 34 7 35 30 51 53 6 49 59 23 57 5 42 11 
30 32 41 7 18 44 33 48 10 37 40 59 20 57 38 24 16 2 4 46 23 1 9 14 3 47 6 39 58 17 36 31 29 28 52 11 56 13 26 27 25 42 55 50 21 19 5 51 49 45 54 12 22 8 43 53 35 34 60 
4 38 32 46 9 5 14 52 35 39 56 12 54 53 41 7 22 50 2 47 44 28 29 48 25 21 1 8 15 31 27 24 30 43 19 57 36 60 13 33 51 40 23 55 58 59 34 49 45 10 20 11 3 6 37 42 18 26 17 
11 2 26 53 38 33 23 36 40 9 4 14 31 18 25 15 3 16 19 43 60 29 51 47 21 42 32 22 58 56 13 41 12 10 57 37 46 5 49 54 48 52 59 28 8 34 35 27 30 20 1 7 6 44 55 24 39 45 50 
9 39 60 12 57 2 58 3 5 21 33 56 29 43 44 11 49 13 8 40 50 25 7 42 6 35 10 1 41 45 23 4 30 32 24 17 48 52 37 36 53 14 59 26 22 51 31 46 15 55 28 47 38 20 19 16 54 34 27 
15 13 8 30 48 29 12 25 40 47 21 41 34 52 11 10 28 24 9 18 14 4 20 60 42 33 37 56 51 3 44 22 36 16 55 32 2 35 7 26 38 46 53 49 27 59 54 17 5 45 50 23 39 6 58 57 31 1 43 
17 55 38 24 37 36 19 43 10 33 31 26 21 58 30 56 48 46 13 52 2 5 40 22 32 6 53 4 54 27 3 29 44 45 47 23 9 49 39 15 7 50 59 14 60 42 18 41 34 1 35 11 16 28 12 8 25 51 57 
33 34 59 23 28 60 41 36 25 51 1 32 20 18 15 39 56 27 49 19 55 26 2 3 17 22 47 44 42 45 6 24 12 16 13 43 46 11 31 53 4 7 14 9 48 8 52 29 40 5 35 38 50 37 30 58 54 10 57 
24 43 42 21 19 6 16 48 55 47 41 44 9 38 11 8 29 57 45 4 28 56 1 53 34 52 26 13 36 25 59 12 40 32 54 49 30 58 15 14 33 5 18 3 23 39 31 2 7 37 51 50 27 60 10 17 20 46 35 
12 56 5 22 19 30 29 59 44 24 11 53 9 17 55 60 18 16 50 4 10 13 8 20 2 58 6 46 35 43 48 15 7 1 33 42 40 28 27 32 51 54 41 36 39 26 31 45 34 25 38 47 14 3 52 37 21 49 57 
12 53 25 50 8 22 52 29 46 33 40 48 17 34 36 43 4 49 26 1 13 10 37 60 35 30 11 5 9 28 27 20 55 57 41 32 59 56 14 45 19 6 3 38 39 47 7 54 51 2 16 44 21 23 15 58 18 31 42 
32 14 13 15 23 21 60 37 53 47 50 49 45 51 54 39 24 38 55 58 57 29 5 22 2 26 27 36 46 33 56 41 6 4 1 31 8 35 12 44 16 43 7 34 18 11 59 28 40 48 42 17 20 19 52 9 30 10 3 
25 8 38 34 50 13 12 35 16 10 47 42 59 31 4 43 37 51 53 58 28 24 44 21 55 9 20 15 36 27 17 33 32 40 49 41 45 56 19 57 29 7 30 1 5 23 60 52 48 2 39 11 6 46 18 22 3 14 54 
21 56 11 52 51 17 8 32 23 29 18 55 34 10 40 42 47 38 35 41 30 59 57 2 14 31 25 9 24 1 43 20 19 39 46 3 60 7 53 12 26 6 49 28 45 44 4 50 22 16 54 48 15 33 5 58 13 36 37 
60 25 6 37 3 53 7 29 47 24 43 51 22 2 54 8 59 31 20 35 44 14 4 49 40 58 46 33 9 18 1 36 15 42 41 19 50 11 48 16 13 38 52 57 21 55 5 32 26 56 12 30 39 45 27 23 10 34 17 
40 16 3 36 10 47 55 54 45 49 6 33 30 13 43 15 21 31 1 27 12 48 17 42 5 35 23 9 8 32 11 20 51 2 7 57 4 60 38 24 41 39 25 14 26 50 59 53 37 28 58 22 34 19 56 52 44 46 18 
32 55 47 54 60 11 26 24 59 37 1 48 44 35 40 34 8 36 14 3 28 41 51 33 46 57 43 42 56 6 7 19 21 52 22 2 29 18 45 20 10 39 15 23 53 25 16 17 4 13 49 31 50 27 9 12 5 58 38 
30 54 29 57 59 58 44 52 13 46 49 2 34 47 23 43 41 6 35 9 14 50 15 36 27 48 26 37 32 28 60 1 42 21 33 25 8 20 16 55 7 12 56 11 39 45 24 4 17 22 38 40 3 53 18 51 10 19 5 
45 6 43 34 14 16 27 18 39 12 15 40 4 38 35 8 9 20 21 5 2 37 10 52 7 22 41 29 23 57 51 54 24 11 26 13 53 1 46 44 59 36 28 56 25 55 19 47 49 50 17 42 30 48 58 3 33 60 31 
59 3 42 21 4 58 40 31 56 55 5 53 46 39 32 2 43 51 48 25 15 20 11 13 27 14 47 49 57 17 8 9 60 44 18 54 1 29 19 10 45 28 12 38 34 30 37 23 22 16 50 24 41 52 7 6 35 26 36 
1 60 42 25 57 16 24 13 39 38 21 6 2 3 29 51 23 14 50 52 47 26 19 32 12 46 55 18 17 36 35 30 31 15 9 11 27 20 43 5 37 45 28 49 56 40 33 22 44 54 53 59 58 4 41 48 8 7 10 
29 22 6 21 45 41 42 40 24 17 59 47 1 14 43 52 51 12 16 53 58 23 55 5 37 7 34 20 19 48 39 4 15 8 50 56 36 31 54 57 60 10 44 18 49 13 26 2 27 3 25 11 28 32 30 46 38 9 33 
44 56 32 1 57 29 50 20 53 45 6 9 59 22 28 17 33 39 42 46 7 52 37 49 38 58 35 47 13 31 40 23 25 26 34 43 12 48 54 4 55 3 18 24 60 2 5 51 11 8 19 14 15 41 27 16 30 21 10 
36 25 24 29 26 15 30 21 48 50 3 31 4 43 57 39 11 6 14 40 17 59 58 53 13 22 41 51 49 2 33 9 10 16 42 38 60 52 27 56 44 45 35 7 28 12 46 8 32 23 5 47 34 55 54 20 1 18 19 
29 56 30 34 52 12 31 45 20 32 33 17 41 10 4 44 49 43 18 47 57 51 48 54 1 55 40 6 42 59 37 36 50 28 16 23 26 14 25 11 8 58 21 60 19 35 24 13 3 22 5 27 15 7 39 2 46 53 9 
44 10 27 8 20 12 28 48 5 2 11 45 26 40 9 55 49 14 50 47 36 30 29 21 17 23 57 7 1 42 38 34 58 3 37 59 35 31 15 33 43 19 32 53 4 18 13 46 56 25 16 60 41 52 24 22 6 54 51 
22 2 14 37 55 20 53 36 10 24 28 32 13 25 21 11 26 52 60 48 17 5 49 8 51 1 56 3 6 54 30 19 29 42 38 43 59 16 9 4 7 34 45 18 15 41 47 46 58 23 33 35 44 12 57 27 31 39 50 
32 15 9 48 37 38 12 4 1 43 58 57 28 3 19 2 20 34 56 40 50 46 6 10 26 14 27 53 35 59 29 8 36 22 42 33 21 55 17 7 24 13 30 44 47 51 31 23 45 11 39 16 5 54 25 49 60 52 18 
1 10 9 13 30 40 60 18 36 38 28 27 22 43 35 50 21 11 31 44 37 47 20 7 25 17 8 52 59 6 49 54 55 15 3 34 57 51 4 29 24 53 45 58 46 2 32 23 33 41 5 14 56 16 12 19 26 39 48 
48 13 34 14 47 5 2 23 45 9 3 42 59 8 46 51 16 7 28 50 55 21 33 10 12 39 40 25 24 30 18 35 1 19 36 15 27 31 53 11 26 54 17 44 6 22 20 57 49 60 4 58 52 32 41 38 37 29 56 
23 11 21 34 10 35 5 32 26 40 13 28 37 1 19 31 56 55 58 52 15 53 18 47 39 7 20 30 48 38 3 4 22 6 9 45 42 43 24 60 2 49 14 50 17 41 8 46 25 51 36 33 12 16 27 57 29 59 54 
60 27 35 15 38 1 17 6 48 16 29 13 36 42 32 46 37 54 56 28 31 18 14 10 23 30 4 52 53 39 57 12 3 49 20 44 34 50 2 58 19 9 51 33 11 55 43 25 22 26 59 41 24 8 21 7 5 40 47 
24 28 13 17 26 7 37 41 1 53 14 36 19 21 5 30 16 56 45 32 44 3 29 12 2 25 40 60 34 22 50 27 15 4 42 52 58 39 33 11 57 38 23 49 55 8 35 10 43 18 51 6 31 20 9 48 47 59 54 
53 16 59 41 30 35 5 60 50 56 29 44 46 45 25 18 11 14 10 21 7 42 17 43 57 4 26 34 20 1 49 27 33 31 6 19 39 12 51 28 48 8 23 38 22 54 15 36 2 55 13 52 37 24 32 3 58 9 40 
5 36 38 15 27 19 51 59 17 53 8 20 32 12 54 3 37 7 45 41 28 44 16 1 25 23 57 6 46 9 11 49 60 26 52 10 47 40 14 50 42 22 18 33 2 56 55 35 43 31 30 34 58 13 29 24 4 39 21 
17 1 53 16 44 24 46 36 20 33 19 45 37 26 4 42 60 11 30 21 58 18 12 43 3 39 35 54 8 25 6 31 23 50 41 9 34 51 14 13 32 22 47 48 55 7 59 52 38 56 15 10 2 28 27 29 40 5 57 
20 18 43 32 48 36 11 39 24 58 26 35 60 4 22 8 34 44 45 5 42 56 55 30 12 3 29 23 16 9 17 38 33 47 25 6 2 28 51 19 7 59 31 52 40 46 15 21 27 54 14 49 13 1 57 37 41 53 10 
42 2 43 5 7 29 56 1 50 34 60 37 28 52 13 20 8 35 23 10 30 18 15 24 39 11 21 9 48 32 36 27 55 19 41 45 33 4 26 53 38 54 40 44 16 25 14 58 57 12 59 46 49 22 17 31 3 6 47 
16 8 21 58 26 22 35 10 9 47 60 14 20 43 51 19 40 34 17 59 11 15 32 33 18 36 29 38 50 3 27 41 12 53 13 39 23 6 54 42 46 31 4 1 37 25 24 45 28 49 48 55 44 5 56 2 7 57 30 
46 12 43 2 6 37 27 3 42 55 35 28 15 54 56 33 29 52 49 25 13 39 26 8 24 36 4 40 30 19 31 58 9 18 21 48 51 5 45 38 17 47 14 34 10 16 23 7 22 44 20 1 11 50 41 60 57 59 32 
16 39 6 43 22 52 53 55 17 13 44 38 56 51 8 15 23 31 28 58 7 21 33 40 5 20 34 18 36 24 57 10 47 50 14 2 27 9 48 41 59 4 11 37 42 30 49 60 29 45 35 26 1 3 25 32 12 19 46 
42 4 57 20 36 60 1 5 43 12 21 9 11 39 37 41 19 46 52 25 2 10 17 29 53 26 35 58 31 23 34 54 14 56 32 27 45 51 48 15 38 30 22 50 13 3 16 47 6 49 18 28 24 40 7 33 8 59 44 
25 41 34 19 24 46 17 3 39 15 47 54 40 51 13 60 10 2 8 45 7 4 32 55 59 53 27 29 6 28 58 38 57 50 30 23 22 21 44 26 36 49 35 9 5 16 52 42 1 48 43 33 11 20 12 31 14 18 37 
31 14 6 53 20 56 19 45 40 50 38 24 47 23 15 10 12 42 27 26 5 1 17 59 3 22 30 55 25 4 39 18 32 7 37 29 58 33 43 44 11 34 46 52 16 60 8 49 36 21 41 13 28 48 51 2 9 35 54 
22 42 32 15 5 7 35 10 13 47 27 2 16 14 56 20 8 17 39 26 52 19 30 29 48 59 3 28 33 55 6 11 46 25 60 43 41 50 12 18 38 53 44 34 49 21 37 23 24 54 4 36 40 45 31 51 9 1 57 
13 41 7 24 57 40 11 48 50 22 32 29 14 1 35 2 51 16 47 42 9 8 55 17 18 19 21 34 37 38 25 31 10 44 30 15 28 45 39 5 53 58 12 4 27 33 3 6 60 26 52 36 56 49 23 46 43 20 54 
6 26 51 8 42 15 18 54 7 37 1 27 10 36 17 43 56 49 30 19 45 29 44 52 11 48 25 32 14 35 40 34 39 50 28 23 21 13 47 24 2 31 5 9 22 57 46 55 59 58 38 41 53 12 33 16 3 4 20 
