60
41 58 48 53 37 9 23 24 27 2 13 18 57 52 59 45 8 3 39 21 46 32 28 11 49 26 16 60 33 25 34 40 44 7 38 54 6 50 56 36 15 19 30 55 5 47 4 12 14 43 29 35 20 31 17 42 10 22 51 
21 49 41 10 15 28 24 44 26 7 12 55 34 1 38 39 37 25 36 20 53 11 27 42 5 33 29 23 35 52 13 9 19 4 8 45 58 6 47 51 56 30 50 18 43 54 60 32 14 48 46 40 17 59 3 16 57 31 22 
36 54 4 18 30 44 10 32 2 11 22 21 38 58 45 40 27 29 25 41 50 43 42 59 60 35 57 47 51 16 17 55 28 12 34 6 23 1 37 7 20 33 46 19 49 48 8 15 13 53 24 5 31 14 9 56 26 52 39 
40 29 1 16 52 15 60 48 33 49 8 26 47 7 35 39 56 50 12 13 31 46 34 2 45 11 24 59 55 28 21 17 20 18 5 44 3 57 53 6 23 19 37 42 41 36 54 58 43 25 32 38 10 27 14 51 30 22 9 
22 56 31 39 49 59 7 13 47 55 9 25 46 10 44 43 4 12 28 15 6 32 18 41 11 34 60 8 53 38 26 42 48 3 51 29 23 50 2 37 36 24 16 19 35 27 21 57 58 52 33 20 1 30 40 54 45 17 14 
51 32 56 52 33 17 34 15 2 24 22 21 1 8 28 36 37 25 9 16 58 30 23 4 53 7 27 44 49 18 55 26 42 45 31 29 38 50 19 60 35 40 46 5 14 20 13 10 54 12 57 43 41 59 11 48 47 3 39 
18 44 59 10 55 20 42 27 14 31 6 30 47 52 37 33 28 34 17 36 21 58 3 16 46 29 41 38 11 32 40 49 22 4 35 19 57 12 26 9 25 2 39 13 50 1 56 43 15 45 23 8 5 48 51 53 24 54 60 
22 42 11 20 24 37 41 49 23 25 13 46 21 15 39 57 55 60 43 26 53 28 45 1 31 6 9 47 32 35 29 4 48 52 17 12 7 30 34 44 54 33 38 10 58 18 40 5 19 36 50 14 16 59 2 27 56 51 3 
8 36 45 35 46 13 26 38 47 49 29 39 60 16 43 25 31 33 7 54 42 28 1 23 18 34 21 58 22 27 48 37 52 57 17 59 30 56 19 55 10 24 5 14 50 12 6 32 41 4 20 15 53 2 44 11 40 51 3 
4 39 32 17 29 14 1 52 3 11 27 40 41 21 56 22 31 13 48 18 15 38 34 55 36 25 23 19 57 12 35 47 37 26 33 50 8 7 6 24 58 46 49 30 60 20 43 5 54 42 51 44 59 28 16 2 53 9 45 
46 48 25 18 1 30 15 53 58 55 44 3 13 4 8 16 60 20 47 26 35 28 10 29 5 36 23 54 50 31 12 9 59 27 7 42 17 41 39 43 2 21 40 32 37 38 45 24 22 34 19 14 51 56 57 52 49 33 6 
36 13 9 20 57 34 15 51 32 17 29 33 27 38 26 2 14 52 28 54 46 59 47 35 40 21 53 5 18 19 1 24 25 41 55 30 37 43 10 48 39 7 16 50 60 6 42 8 11 23 4 49 3 44 22 58 31 45 56 
52 55 46 30 23 25 28 18 54 45 59 2 11 43 29 57 47 56 5 12 41 20 19 14 7 39 24 27 32 51 37 36 15 4 1 50 33 16 17 34 22 40 38 6 31 8 26 60 35 42 44 53 10 9 49 58 3 21 48 
25 7 18 58 9 54 40 28 8 17 32 29 60 38 6 12 4 5 24 31 1 36 46 37 3 53 41 57 33 20 49 16 43 55 26 21 52 35 56 10 45 47 22 11 48 19 23 27 39 34 13 50 59 15 2 30 51 44 42 
21 34 56 17 7 33 59 35 2 24 45 4 49 29 40 32 10 60 26 23 50 12 27 28 19 9 30 41 46 22 37 8 20 16 1 18 25 31 36 38 51 54 11 53 47 57 52 44 6 14 43 39 48 5 3 42 55 58 13 
3 46 57 18 30 22 52 28 39 54 29 20 26 10 34 47 48 27 5 25 35 60 49 21 41 19 44 8 33 53 12 23 15 43 36 13 1 2 17 56 31 11 4 42 32 58 7 55 37 45 6 38 9 51 40 59 14 50 24 
31 19 5 4 1 38 46 29 24 41 49 36 27 56 39 48 34 51 33 16 11 2 59 42 60 37 43 21 15 55 6 40 57 28 45 54 30 53 22 47 13 14 52 7 25 18 8 50 32 9 35 10 26 3 20 58 23 12 44 
39 53 38 35 23 33 34 10 1 2 12 14 57 56 13 47 24 27 22 28 9 48 31 43 7 30 32 21 4 16 42 5 6 29 45 46 37 50 60 40 8 20 19 44 41 52 26 51 11 17 59 54 58 3 25 55 49 36 15 
2 27 8 13 54 21 5 58 35 3 30 38 33 50 11 25 49 17 41 16 57 37 23 24 44 32 34 46 60 43 7 31 4 36 18 40 12 51 6 53 47 9 45 14 10 52 28 48 1 22 15 26 39 42 20 59 56 29 55 
17 28 45 2 44 60 48 57 41 19 33 58 11 18 12 7 31 24 26 10 43 35 52 34 3 22 9 56 8 51 6 40 32 16 15 54 42 29 36 5 37 25 50 4 38 14 49 39 46 13 27 55 47 23 30 21 53 59 1 
33 18 51 30 37 54 47 6 55 52 5 10 60 26 12 32 42 27 25 11 48 40 23 29 15 53 57 2 38 24 56 22 16 9 20 59 7 8 35 45 46 14 41 44 19 4 3 1 39 43 50 58 28 34 31 36 13 49 17 
25 14 17 26 49 12 6 56 7 16 13 46 51 11 32 47 8 50 42 4 43 45 34 39 28 30 1 44 5 3 10 2 38 55 27 52 19 24 31 9 15 53 20 33 48 35 41 21 59 29 54 40 23 36 37 58 18 57 60 
8 34 41 37 43 21 48 29 3 40 39 51 31 10 11 26 18 1 16 52 59 49 25 9 19 22 7 13 20 57 58 15 14 47 12 36 4 55 42 2 44 46 54 27 50 38 6 30 60 24 56 17 53 35 32 5 45 33 28 
22 16 15 17 53 48 28 52 47 56 9 51 1 20 33 60 13 4 7 14 59 58 39 12 46 57 25 18 29 45 36 32 30 11 54 2 5 50 42 21 35 55 34 26 49 40 8 44 41 10 3 43 31 23 6 19 27 38 37 
5 51 40 54 49 1 38 32 30 2 10 53 29 37 22 8 14 59 39 58 33 24 41 23 48 16 35 34 50 26 42 17 57 12 52 36 3 43 18 11 28 44 47 31 19 7 56 45 60 9 15 20 4 27 6 46 13 21 55 
12 5 6 42 50 2 36 55 21 20 24 34 11 51 54 39 31 18 46 22 25 10 28 37 38 32 13 35 4 19 14 59 7 53 27 43 23 40 3 48 33 57 1 15 9 52 60 30 8 47 41 16 29 44 56 58 17 45 49 
46 8 34 48 56 3 59 22 21 10 1 51 42 44 57 4 32 37 16 7 23 5 26 52 30 19 31 20 17 55 54 33 11 40 2 18 28 60 50 41 47 49 45 43 9 36 6 12 25 58 35 14 39 24 53 29 15 38 13 
16 21 54 3 50 51 22 30 58 9 2 32 56 60 5 27 49 48 18 43 34 12 17 45 24 11 23 33 31 29 41 52 37 36 1 14 35 8 47 20 7 46 13 15 59 6 39 44 42 38 40 10 19 4 25 53 55 26 57 
56 4 54 59 26 25 11 30 7 20 28 14 39 53 31 51 21 35 58 17 46 45 9 37 5 1 40 27 16 34 49 10 24 15 22 47 18 36 12 55 57 60 43 19 44 13 3 42 52 48 41 38 6 8 32 33 23 2 50 
21 4 57 56 54 22 7 15 6 39 36 5 17 49 59 1 16 28 50 33 42 23 10 43 18 52 31 26 51 8 24 13 12 3 60 38 37 14 2 27 55 11 48 53 40 25 29 35 9 41 44 47 20 45 32 58 34 46 19 
35 17 41 27 58 44 6 7 1 40 49 23 18 13 12 16 51 2 55 22 20 45 25 47 8 10 59 56 29 38 3 5 53 28 4 50 48 19 42 36 43 46 34 54 24 39 52 21 30 57 32 37 26 15 33 11 60 14 9 
9 4 12 50 47 14 49 30 7 57 23 10 53 29 2 31 13 36 59 56 54 37 33 1 11 19 41 38 55 22 40 3 42 60 39 8 35 24 5 43 26 48 45 28 44 46 21 15 6 51 18 25 17 52 27 20 34 16 58 
17 44 29 21 38 37 57 12 50 43 35 13 6 46 28 53 49 39 52 41 30 26 36 16 48 7 32 3 15 10 18 42 9 24 45 60 11 4 25 2 51 27 34 56 40 31 58 47 54 1 23 8 5 19 14 22 59 20 55 
43 51 4 12 56 44 10 32 26 48 1 24 49 54 15 27 11 55 9 21 59 57 2 5 37 46 52 28 14 41 31 3 29 16 13 36 38 7 19 33 45 8 22 35 53 60 23 6 58 17 39 40 18 20 47 50 25 42 30 
46 45 41 53 4 1 24 25 10 55 11 16 2 9 13 12 17 40 54 48 60 32 44 14 31 33 49 38 59 5 22 3 56 28 30 36 18 37 21 8 19 51 7 47 15 26 57 52 23 20 43 27 50 58 29 34 39 6 42 
1 28 35 58 41 29 40 22 3 31 7 17 46 18 39 49 21 12 56 34 33 47 45 6 55 43 54 60 57 20 23 38 13 51 19 14 26 27 44 8 52 4 2 59 25 10 50 11 24 53 42 32 15 30 16 37 9 48 5 
46 8 28 14 36 54 58 1 7 52 45 34 30 29 16 22 20 60 21 12 38 15 4 6 31 48 26 17 32 53 40 42 23 27 2 9 3 33 47 25 5 49 57 59 56 10 18 51 41 43 55 39 35 44 13 24 19 11 50 
59 13 55 43 33 42 26 57 19 30 29 37 5 14 41 22 27 21 32 52 9 45 48 58 53 4 49 2 25 20 47 24 46 31 16 40 28 12 54 35 51 6 17 18 15 3 1 10 11 44 39 23 50 60 7 36 8 34 56 
17 23 41 38 36 7 22 45 28 16 13 11 47 2 57 46 26 51 35 9 33 5 56 53 40 8 15 60 20 10 31 18 24 50 1 34 3 30 52 37 19 32 14 49 58 42 6 55 48 43 29 59 54 21 4 25 27 12 44 
36 22 17 10 51 58 47 57 5 31 39 1 24 50 30 44 45 13 54 38 48 25 28 11 56 4 7 41 14 46 33 60 26 49 15 12 16 32 53 18 37 55 29 35 19 21 34 8 9 23 59 6 43 27 20 42 52 2 3 
7 19 30 20 52 22 13 45 49 40 34 3 4 60 38 16 55 12 54 10 27 23 8 51 26 9 57 56 18 47 6 46 35 32 17 15 5 21 14 43 28 44 11 36 33 39 31 42 58 59 37 53 2 25 48 50 29 24 1 
12 27 51 33 7 19 34 2 1 56 31 8 55 39 52 30 18 29 58 16 43 37 11 28 47 5 13 20 50 14 32 3 45 10 36 15 17 22 59 53 6 40 9 23 21 48 41 35 44 4 24 49 25 26 60 38 54 57 46 
8 39 49 32 2 14 57 11 24 55 26 44 22 45 23 1 6 3 31 56 41 52 53 13 19 9 27 15 29 60 38 48 30 25 21 28 20 54 12 5 10 17 7 46 40 18 36 37 51 35 33 34 59 16 58 4 42 50 47 
49 4 17 27 53 56 35 59 54 43 50 1 31 30 28 2 10 36 29 48 58 52 51 19 5 20 42 18 11 14 37 16 22 21 46 38 26 23 8 34 7 40 6 3 32 12 60 55 45 57 39 13 24 15 33 47 25 9 41 
6 18 8 3 59 30 46 44 50 41 33 51 9 20 11 25 42 2 31 4 35 19 34 21 60 57 55 38 37 28 15 23 58 16 54 10 39 52 22 7 26 47 53 24 48 27 14 1 17 49 56 36 29 13 12 5 32 43 40 
49 5 58 18 23 6 8 30 16 14 9 1 31 50 10 33 37 25 13 3 55 42 4 35 26 24 43 51 45 15 44 53 57 47 21 36 34 40 38 48 2 32 56 11 59 20 22 39 17 27 29 7 52 60 19 12 41 54 28 
5 42 4 46 52 48 8 15 28 14 33 30 1 58 49 36 7 9 56 25 45 41 26 17 55 23 38 27 37 13 24 18 43 3 39 60 54 11 34 40 57 35 16 53 32 22 50 21 59 19 51 10 2 31 29 12 20 6 44 
49 17 34 16 31 46 35 40 32 60 3 23 13 9 4 50 22 10 54 11 15 24 47 41 57 5 51 33 38 43 52 8 45 30 18 39 7 2 20 27 14 58 29 1 37 36 25 26 59 55 19 56 6 21 42 53 44 12 28 
25 14 55 2 31 12 28 60 40 42 8 30 44 11 32 43 5 6 57 41 54 27 56 1 38 24 23 15 35 19 46 16 7 34 10 26 17 33 50 9 53 29 3 37 52 20 47 4 18 39 21 51 59 58 13 45 22 48 36 
31 38 35 36 25 44 32 11 16 47 1 23 55 7 48 33 57 43 12 29 14 10 37 2 13 41 59 24 27 39 58 9 28 34 54 49 3 60 30 26 19 20 5 51 56 22 18 15 17 40 52 21 46 6 8 4 53 45 42 
23 29 14 34 41 11 20 22 58 56 4 24 12 45 3 50 48 15 46 47 38 27 16 28 53 9 59 39 32 40 52 19 5 25 7 37 18 10 1 42 55 36 13 26 31 43 6 2 21 17 57 33 8 30 60 35 54 44 49 
20 9 3 13 36 28 17 60 50 16 31 29 2 7 10 27 51 55 56 35 38 44 30 32 25 53 1 46 39 19 37 22 57 47 18 42 48 49 6 58 34 14 33 15 23 24 40 21 59 12 4 41 26 54 5 11 8 45 43 
55 8 42 57 46 31 17 26 47 2 30 45 5 24 36 54 20 56 58 40 22 4 7 38 14 51 21 49 11 35 27 25 6 59 37 13 48 18 12 1 3 52 41 23 28 15 9 29 39 16 50 34 44 60 10 19 32 33 43 
49 36 6 4 19 5 18 47 50 3 39 42 22 43 44 16 33 24 29 45 51 53 28 12 21 14 56 17 13 15 40 46 9 20 25 30 32 34 52 58 2 10 48 37 1 60 31 8 23 11 55 41 59 27 57 38 7 26 35 
18 2 49 16 60 41 53 13 54 1 42 44 6 40 26 43 35 7 57 19 15 21 14 52 47 30 33 27 23 11 24 22 4 9 17 46 48 45 34 8 56 59 50 5 36 20 37 38 51 12 3 25 31 28 32 10 58 39 29 
44 14 42 7 1 47 15 3 18 45 11 52 37 8 33 43 34 54 23 59 12 2 21 4 58 39 26 29 30 22 32 41 27 28 19 60 9 10 53 35 16 57 38 20 24 13 48 36 31 46 55 17 5 40 50 25 6 51 49 
10 24 26 39 7 44 5 47 46 21 35 51 48 58 27 11 28 17 18 50 22 53 36 34 15 40 30 13 52 25 43 2 23 19 42 49 31 14 4 16 41 20 38 33 55 8 60 54 3 56 9 45 32 29 59 1 12 6 37 
38 29 2 1 44 26 52 24 37 33 5 6 14 43 12 10 30 36 47 20 48 31 28 16 9 35 57 56 49 22 21 42 11 17 45 32 60 3 27 18 51 40 50 39 23 15 25 13 19 59 8 54 55 41 4 34 46 53 7 
36 13 43 21 9 51 17 34 60 52 31 22 16 48 6 12 32 1 18 28 42 30 23 7 14 24 44 3 39 53 57 10 55 5 20 40 8 54 29 35 47 46 49 56 11 19 4 50 26 25 58 41 15 38 33 2 27 37 45 
29 7 49 23 20 1 50 16 54 5 25 45 44 37 53 28 14 31 11 4 52 15 36 47 39 26 57 46 33 24 6 51 56 10 30 19 40 34 42 3 22 12 43 41 9 48 8 35 59 58 13 18 38 17 55 32 2 27 21 
