60
52 30 23 3 16 47 14 44 53 15 60 6 20 45 41 50 43 31 4 48 12 9 
35 60 7 45 10 19 57 38 55 29 13 51 25 18 46 53 24 30 36 9 20 48 54 58 52 8 4 27 41 32 49 3 59 6 22 
31 54 14 26 34 60 49 59 43 10 12 4 13 45 1 2 25 16 51 50 57 27 35 6 30 
10 51 48 12 15 27 33 1 14 42 43 39 3 32 17 28 11 18 2 45 46 44 58 20 6 5 16 35 
26 22 16 17 4 21 11 60 59 54 42 48 35 20 13 49 29 53 41 58 38 45 24 34 8 25 31 
9 26 50 59 21 41 8 31 1 40 32 54 52 18 55 13 45 56 53 22 2 16 4 23 42 39 3 
53 58 28 21 22 10 50 46 9 59 13 49 33 39 37 60 47 55 19 29 40 52 18 20 2 38 57 41 15 14 23 
35 27 12 45 36 38 2 42 47 24 29 43 20 52 50 56 23 60 14 32 49 46 44 5 55 6 40 19 33 
17 31 55 47 44 24 60 34 26 30 39 46 18 27 7 19 45 16 43 6 10 32 15 12 38 54 28 53 51 21 40 48 1 25 2 
12 9 44 41 22 47 23 55 33 45 35 4 58 2 28 56 49 21 52 17 14 51 34 42 3 54 48 40 43 25 7 30 16 
5 20 55 28 18 4 26 15 30 23 36 16 25 40 21 56 44 47 54 39 58 34 57 53 22 50 41 24 
55 13 18 20 37 4 44 8 29 38 21 36 1 35 43 3 24 52 17 14 49 34 54 41 45 10 59 19 50 26 25 9 31 53 
3 6 49 27 36 2 14 12 22 7 18 58 26 43 41 47 48 45 59 55 53 50 5 
52 25 28 43 4 33 10 59 45 56 17 47 32 19 18 1 3 7 58 36 13 12 60 8 31 51 16 34 
11 45 30 7 32 28 43 51 50 42 55 4 41 40 60 25 16 1 9 39 34 33 21 31 
55 14 11 34 53 22 10 40 56 45 48 15 1 51 25 46 19 24 33 20 6 26 43 35 4 5 28 3 57 9 37 44 21 60 
39 26 33 30 24 35 27 12 57 45 4 10 25 38 23 22 5 56 9 47 21 32 20 44 34 14 
52 31 42 6 45 60 37 35 12 57 50 23 11 41 33 4 55 29 7 2 58 44 32 46 20 28 34 49 13 9 24 14 
22 47 39 24 14 26 55 8 2 27 34 32 7 23 12 53 52 35 9 45 40 16 56 30 43 36 
8 25 11 58 40 50 59 29 57 7 45 42 41 46 23 2 39 5 51 16 18 36 4 21 55 47 60 12 17 31 1 
57 11 45 38 12 23 29 20 31 25 58 49 15 7 10 28 5 22 48 50 16 56 27 46 47 36 55 6 26 17 51 33 52 24 9 32 39 59 
55 6 16 24 36 42 23 2 44 57 35 17 29 7 5 11 48 39 10 21 19 13 33 
57 52 51 1 41 27 19 53 8 35 34 46 59 10 58 56 18 11 6 22 20 45 17 44 7 48 32 26 21 37 
16 11 5 28 22 49 50 42 51 54 17 38 18 58 19 8 9 53 21 33 12 34 2 32 44 41 26 
2 5 56 42 9 31 27 53 12 26 41 10 16 34 17 15 14 11 51 55 3 30 21 52 48 37 20 43 
27 28 21 24 11 35 31 45 23 48 59 19 55 25 32 6 39 56 34 29 3 36 16 5 52 42 13 43 17 57 12 30 9 53 37 
2 8 29 23 3 33 51 13 37 36 25 31 57 17 47 26 55 44 52 21 56 9 4 41 38 58 39 19 
44 4 47 42 14 34 45 50 9 15 41 31 55 35 16 46 11 30 49 18 58 59 26 7 29 36 24 21 54 10 
28 41 8 42 27 53 48 31 18 55 7 30 59 22 60 12 46 33 40 26 5 38 2 20 51 21 
49 2 47 33 48 29 38 57 56 15 41 1 51 9 10 60 17 19 11 26 39 25 52 3 28 55 42 31 34 54 
5 33 28 43 9 25 40 26 58 1 48 54 12 56 18 38 29 47 41 57 37 46 6 21 30 52 20 15 27 14 3 36 42 
37 52 51 15 18 44 35 42 43 59 14 6 60 19 17 21 33 26 58 2 45 23 8 48 24 4 53 54 46 9 
29 41 16 21 44 15 39 14 31 4 32 22 55 38 60 17 8 52 43 59 27 24 56 34 18 30 48 36 54 47 49 7 10 
55 54 48 51 37 44 42 25 24 39 9 26 46 10 19 14 12 17 18 28 35 3 53 5 11 33 23 15 52 30 16 49 
56 3 22 10 37 4 16 32 26 38 18 36 42 60 19 2 54 28 34 39 23 44 51 5 12 8 45 55 17 
46 26 31 51 57 38 8 59 12 53 40 41 14 20 13 33 54 19 22 2 11 60 35 42 28 21 27 
31 26 47 56 39 55 12 44 45 54 25 46 18 57 7 43 59 34 23 16 27 35 38 51 32 
30 5 2 36 29 59 43 37 52 33 31 21 7 41 8 57 9 17 50 24 47 49 35 12 51 27 
45 46 52 58 33 35 17 34 57 27 47 26 53 54 6 4 19 44 22 21 20 9 42 41 15 60 7 55 59 37 11 30 
43 10 36 20 56 44 16 7 46 42 50 54 19 29 11 60 9 55 6 8 31 59 15 
49 18 42 30 7 23 10 13 12 1 6 5 59 58 25 27 51 11 54 15 45 52 48 50 38 33 36 24 31 2 56 47 39 20 29 28 
32 58 43 50 59 52 22 28 4 15 40 36 30 29 8 25 6 34 20 5 46 35 18 56 10 48 41 53 39 51 24 44 31 49 26 
31 1 45 25 60 44 19 56 32 42 4 10 51 13 26 40 37 9 8 16 50 54 14 48 33 3 12 38 15 
23 1 48 40 50 18 17 54 24 34 16 49 8 9 4 37 11 43 10 52 27 42 22 32 12 45 56 46 53 39 28 33 35 
15 18 12 3 6 44 5 20 59 56 17 43 49 55 21 26 47 60 41 16 39 48 8 13 28 14 54 35 4 2 32 1 9 58 53 19 37 23 10 
23 31 2 44 40 32 39 29 34 8 53 28 20 4 36 57 21 48 42 18 7 16 9 37 51 
19 59 9 7 56 57 41 13 1 55 33 20 8 37 58 21 28 54 51 17 50 11 30 10 14 45 38 48 31 39 27 
34 45 32 33 52 5 41 2 50 58 23 31 56 10 16 26 1 22 47 42 44 51 54 25 21 46 55 9 29 13 43 4 30 
34 33 8 60 41 24 10 44 38 42 45 21 57 12 3 5 13 30 7 2 18 53 28 
7 12 48 21 18 41 1 52 42 51 38 24 8 11 44 3 57 28 13 47 43 20 40 15 6 
3 42 16 4 46 38 29 10 55 21 9 41 34 25 36 30 50 47 27 32 43 37 14 59 2 57 24 20 35 23 15 48 
41 34 33 55 32 7 19 21 39 38 8 12 58 48 60 42 25 27 56 44 6 31 30 26 59 1 50 54 2 10 14 18 23 
12 13 36 34 60 45 57 16 11 19 24 7 42 49 44 6 2 46 59 5 25 32 23 29 39 26 9 1 
32 48 2 52 9 40 28 45 24 10 60 35 47 37 34 33 41 12 36 56 31 44 57 6 43 11 30 3 39 5 
47 16 2 57 8 35 12 33 27 59 37 9 26 34 20 48 6 13 7 19 22 40 29 21 28 15 25 52 30 51 10 39 11 45 18 56 
6 16 52 54 19 44 35 21 8 11 30 31 23 47 55 48 40 60 14 45 17 27 43 42 10 25 26 41 33 37 
7 26 37 39 36 22 23 53 17 59 51 16 46 2 55 38 20 60 49 11 30 58 27 18 31 47 3 54 50 21 
31 2 20 39 47 42 11 10 48 41 18 28 13 5 7 57 4 32 52 23 21 27 24 45 14 
14 53 47 37 7 51 3 38 60 39 57 26 12 45 6 23 21 42 29 52 13 40 2 32 20 33 41 55 28 5 36 
43 53 15 5 3 33 9 54 18 2 59 39 16 7 8 36 32 56 52 49 30 20 45 29 1 57 40 35 14 