60
58 11 25 55 28 53 22 45 50 52 7 57 35 44 17 2 12 41 4 51 15 29 23 34 42 47 38 14 6 48 43 10 27 33 46 3 
9 35 45 27 44 5 56 42 53 4 60 47 1 55 13 32 41 6 34 28 7 3 
35 58 14 5 22 20 44 56 6 13 34 32 36 54 21 19 7 25 40 15 29 41 2 51 4 57 47 33 45 8 1 
6 34 36 42 16 8 51 30 56 19 2 15 10 26 41 54 1 24 7 53 35 44 39 59 9 27 50 58 43 55 23 3 
2 34 18 59 38 56 36 44 52 12 8 39 15 3 19 20 49 17 14 47 7 48 27 
51 55 56 26 53 33 38 48 20 32 18 28 2 8 25 57 60 36 27 15 23 1 11 3 54 42 50 4 37 30 13 
48 1 11 20 39 19 50 59 3 35 53 31 55 29 13 38 49 4 2 37 5 25 45 57 46 32 15 
51 28 13 40 32 39 59 38 3 5 19 33 34 31 37 9 36 11 20 46 30 52 43 50 58 4 54 6 41 
56 57 45 23 55 40 52 4 31 22 17 26 54 59 10 58 2 39 37 21 46 48 12 14 24 44 30 47 13 60 20 8 38 18 
16 30 4 1 52 36 21 39 60 43 40 22 57 28 17 20 58 59 31 18 54 9 23 27 45 48 19 
60 53 17 58 38 23 30 45 1 59 20 8 56 32 48 14 49 21 39 40 52 57 6 44 31 12 37 47 28 34 33 7 54 
1 9 45 44 24 56 33 23 30 51 29 53 5 40 28 19 49 13 15 11 50 18 37 47 59 39 26 57 
38 42 3 12 47 55 49 44 8 23 53 22 7 6 16 31 32 39 35 33 2 60 15 58 34 9 40 
5 44 41 33 27 57 19 28 24 9 52 31 43 1 3 55 11 35 39 51 29 53 37 17 20 47 56 18 36 54 38 48 
36 12 16 56 35 51 5 32 3 58 37 42 27 1 18 55 4 7 60 22 17 13 20 53 49 28 45 25 6 38 54 
51 4 53 50 33 36 10 45 30 35 40 55 37 23 20 34 21 47 46 39 58 52 18 49 13 28 26 31 15 19 
33 52 14 5 34 43 15 28 57 44 42 1 60 27 9 20 40 41 11 54 10 21 
50 52 54 35 9 53 14 57 43 45 5 31 34 48 42 39 22 58 15 6 23 38 25 49 10 21 20 12 37 16 60 
53 45 42 49 55 48 37 5 51 12 8 30 52 4 21 3 14 16 47 43 35 10 32 46 26 41 7 
41 50 60 39 17 11 16 29 6 23 21 22 14 40 8 5 42 58 59 34 7 52 35 9 45 38 15 28 46 18 3 10 
58 46 32 42 54 59 31 45 33 50 56 18 20 16 52 35 10 11 19 9 37 34 47 39 26 17 55 53 3 40 44 
37 51 38 28 1 49 43 56 20 23 3 33 46 44 10 58 45 24 18 26 35 57 34 15 36 31 9 32 13 48 25 
58 30 9 28 44 18 6 22 36 11 56 60 20 16 39 25 37 51 12 10 13 59 50 41 53 42 57 31 54 26 1 38 40 27 4 48 35 
43 35 12 26 9 58 40 46 60 51 57 25 44 47 4 38 30 56 52 55 53 34 50 22 28 59 14 
23 49 24 41 47 15 6 1 55 37 3 52 7 22 27 42 48 18 34 28 53 56 54 
49 59 60 31 21 58 12 4 55 39 28 57 54 24 23 43 37 22 32 6 50 19 16 9 
46 49 41 38 54 48 29 57 4 5 30 35 6 32 23 2 14 58 25 15 1 10 17 56 43 
15 52 10 12 2 23 8 11 14 45 46 16 55 50 39 24 60 41 17 44 1 34 26 22 6 36 51 40 32 48 49 25 20 58 29 
48 43 50 20 12 30 32 41 35 54 1 28 51 27 7 46 3 34 47 14 
33 24 9 8 53 11 34 54 37 48 44 55 12 32 4 47 42 29 16 27 23 10 46 58 6 19 
59 34 58 8 13 38 39 35 21 18 42 26 10 33 44 22 45 32 9 11 60 14 54 23 7 36 55 16 53 
6 35 38 27 31 48 21 40 34 41 29 33 50 45 3 37 26 19 42 46 2 15 7 28 13 11 22 8 49 59 56 57 30 
17 32 13 52 8 53 38 12 30 34 14 37 60 54 1 35 48 3 22 50 36 56 57 6 16 11 31 21 47 
51 43 54 13 30 31 36 53 8 38 18 3 24 17 11 45 50 29 55 49 16 25 22 32 37 44 46 40 21 5 28 20 33 41 1 2 4 
38 42 24 14 52 51 36 44 31 56 20 57 13 15 16 53 27 4 32 23 46 7 37 2 60 55 1 29 19 21 18 41 58 3 22 33 50 
28 34 54 4 56 35 40 31 16 46 33 15 10 23 5 8 59 14 22 50 39 3 53 55 41 6 
39 14 18 56 8 50 33 59 9 35 11 47 34 26 16 19 15 25 7 23 22 6 55 12 38 21 32 49 30 
35 34 20 18 45 9 27 53 32 44 48 24 41 60 15 11 13 6 55 8 54 14 23 1 31 58 46 33 51 59 5 37 7 22 
37 48 42 13 26 45 28 10 8 14 57 36 9 23 31 18 4 20 7 58 46 11 59 44 49 54 55 5 21 16 12 
32 20 50 12 21 34 28 9 17 44 58 57 16 48 13 23 46 11 49 24 10 51 8 36 56 3 
49 27 29 45 51 23 17 32 48 25 34 46 14 4 1 8 43 50 3 28 20 38 36 58 35 2 19 
55 31 54 15 46 1 51 39 19 35 17 18 21 59 20 30 4 45 13 25 50 48 23 6 49 2 32 53 
17 8 18 59 4 26 34 52 48 60 14 44 49 54 27 1 41 29 19 22 10 56 55 24 53 
28 5 39 17 13 35 21 38 1 58 2 4 45 23 54 59 31 12 52 14 3 49 24 43 40 11 30 34 55 9 57 22 
12 39 31 53 16 2 11 48 20 15 56 54 18 21 38 44 32 49 3 34 28 22 60 10 7 42 19 58 1 51 9 41 
55 48 1 39 53 56 8 19 36 40 28 42 32 59 29 7 24 20 34 21 22 27 35 41 38 9 16 30 
3 9 19 57 54 29 2 33 37 59 13 1 56 49 14 21 30 11 16 25 24 5 12 
11 19 1 32 56 9 39 59 43 58 53 27 33 14 46 25 40 41 23 51 18 30 5 29 55 28 10 45 38 6 42 22 52 7 
57 34 7 60 11 18 28 19 53 42 44 43 27 51 15 22 13 32 5 39 55 52 12 37 40 16 25 41 47 45 26 
54 6 37 26 28 32 12 53 20 40 18 34 29 42 35 23 55 41 7 36 21 4 1 16 33 57 8 24 
8 28 38 1 4 52 34 42 6 3 24 16 48 49 29 45 35 59 19 12 41 23 54 15 40 14 22 58 
33 25 11 20 5 48 51 19 55 44 10 9 28 17 35 59 21 14 18 49 1 43 24 8 58 57 16 
21 16 25 23 35 48 43 34 1 33 50 15 49 45 36 2 38 24 31 56 42 46 19 60 6 7 4 11 30 12 18 58 13 14 
21 38 4 15 8 33 36 9 44 56 10 42 29 47 26 18 11 50 43 57 23 3 59 51 25 17 30 34 39 14 6 45 27 31 
35 28 26 19 13 30 34 36 44 1 7 38 39 57 37 46 14 9 52 49 15 31 24 43 50 25 21 59 48 6 4 16 2 42 
58 57 23 53 32 35 47 25 6 22 12 37 9 24 4 54 33 45 46 48 5 14 3 21 27 2 59 11 15 36 43 40 
23 10 22 60 35 12 14 32 54 56 7 17 1 27 6 9 52 50 33 11 18 24 39 47 26 3 40 55 44 49 
39 28 26 18 24 8 4 51 48 9 13 38 52 53 56 23 31 40 45 22 35 1 16 3 21 11 41 10 27 44 20 15 30 
12 37 46 20 52 47 11 55 9 8 36 31 54 39 32 7 23 21 48 26 24 51 10 42 5 56 44 43 38 4 
35 26 20 49 15 23 24 28 2 11 13 53 33 18 57 38 31 9 6 10 17 45 43 