60
2 42 22 17 20 39 55 56 3 52 15 53 12 13 45 41 6 48 7 23 40 44 49 37 46 10 43 11 26 
1 8 52 29 36 4 15 47 12 59 5 44 20 30 14 56 22 19 7 18 58 41 17 13 3 42 21 
22 59 58 48 10 57 17 15 1 60 5 37 4 7 2 49 46 39 34 18 38 43 40 13 29 32 54 33 50 20 19 31 11 28 30 
40 51 2 53 21 23 10 5 37 26 22 45 8 35 7 52 3 33 49 54 28 18 50 60 15 57 56 
49 37 57 4 26 40 19 28 44 2 3 25 30 18 6 11 7 60 12 35 55 52 8 46 
15 34 37 56 55 33 25 22 5 40 1 16 39 10 9 11 46 12 27 50 13 51 53 48 38 26 24 7 58 30 57 42 28 
27 26 46 45 28 4 18 40 33 1 58 53 6 59 16 2 22 12 21 8 17 3 54 25 37 5 
48 19 46 57 5 30 16 38 20 49 35 45 7 23 22 28 56 43 50 41 60 27 29 2 9 4 13 10 15 21 53 25 52 
51 33 34 29 31 55 59 8 21 25 16 23 37 53 48 27 22 14 46 28 40 6 39 13 54 32 44 42 50 
14 47 46 41 11 58 53 50 56 35 32 17 8 3 4 12 37 60 49 6 1 15 18 23 28 
19 50 18 37 45 54 35 39 28 5 17 6 56 15 10 3 29 53 30 1 13 38 49 27 12 41 40 
43 27 29 42 37 54 56 14 13 5 28 1 23 48 36 2 6 44 18 20 16 39 26 34 59 10 19 58 7 11 46 15 47 41 
41 29 21 22 19 33 12 17 2 36 20 3 11 52 39 50 9 58 37 53 55 26 18 34 8 35 6 1 56 48 43 38 59 28 60 
22 59 10 16 12 50 55 26 23 21 44 51 9 2 45 36 52 43 28 24 54 46 30 49 27 20 41 56 25 
3 1 59 53 42 10 12 4 6 8 33 24 36 21 2 11 19 32 39 31 23 25 45 55 27 16 
9 53 50 54 28 35 18 26 15 55 31 6 59 27 51 46 44 38 17 47 37 42 8 12 14 7 30 19 57 33 56 
22 11 21 23 10 52 16 31 28 44 39 41 3 18 13 36 7 56 54 1 51 26 40 47 2 33 24 59 
7 30 21 29 50 13 39 60 32 43 17 54 22 48 40 4 12 53 16 37 3 33 26 51 44 10 23 20 2 5 11 
45 51 30 55 2 56 23 22 35 27 3 15 12 11 52 48 53 44 16 54 13 60 46 49 41 39 40 29 32 8 5 57 
2 45 8 59 31 29 28 34 13 38 40 46 35 41 48 60 1 18 14 37 3 43 12 24 
47 22 33 53 59 39 51 52 35 8 56 31 17 18 7 27 13 60 49 46 2 15 42 43 14 9 4 23 24 55 
2 29 8 33 7 13 60 19 9 21 31 3 24 17 18 27 14 32 52 6 4 1 58 26 23 
21 27 4 14 18 22 17 9 59 1 39 26 30 58 19 15 49 28 10 33 42 41 36 46 45 53 60 8 25 12 
40 6 15 56 53 20 42 43 49 55 29 34 14 60 35 27 21 44 45 41 17 22 26 51 31 47 50 25 
50 48 14 8 5 9 57 24 36 32 23 6 39 31 27 26 40 7 47 52 46 59 15 38 60 33 
1 13 12 50 17 40 36 49 34 35 54 28 4 30 24 31 59 23 16 29 39 14 51 46 22 7 5 37 45 6 18 41 53 38 48 44 25 42 
25 22 6 11 28 38 32 23 53 36 50 24 7 46 8 51 14 19 33 16 15 52 58 35 40 45 21 42 29 59 12 9 
49 55 11 9 4 43 14 58 60 34 50 36 20 7 3 16 23 41 17 6 32 44 8 12 46 30 27 13 52 51 39 53 10 33 26 35 5 56 
18 56 47 53 2 48 35 45 52 26 11 19 57 49 12 36 27 20 54 8 13 31 30 22 39 38 32 3 44 24 60 9 
42 60 2 41 50 58 57 52 5 3 39 14 28 19 48 44 8 26 16 59 53 54 36 23 18 56 37 29 43 11 6 34 
43 3 45 9 20 16 34 41 52 44 51 36 56 26 48 42 57 15 33 24 17 25 59 22 46 29 21 
27 40 50 41 58 18 28 38 37 54 3 51 59 48 46 22 56 55 10 25 52 15 35 29 9 19 
21 55 22 16 58 38 25 17 44 15 52 46 4 3 9 54 6 56 60 27 59 18 48 28 53 7 50 23 51 13 31 39 36 
45 3 48 6 49 37 30 26 50 12 24 9 58 43 31 28 47 55 13 35 20 
13 16 49 24 27 60 46 19 45 26 4 28 34 53 50 54 29 57 21 5 37 20 11 8 32 10 42 48 
12 31 58 48 50 56 13 54 27 33 51 28 23 59 15 2 45 30 57 26 14 29 17 43 25 
52 48 60 59 30 11 3 6 35 20 58 26 4 10 18 34 40 43 47 1 16 56 5 50 32 55 7 13 51 9 12 
51 40 42 3 26 60 59 46 11 29 8 44 33 32 6 27 16 48 52 58 13 47 20 43 25 
43 30 59 11 23 15 28 6 26 47 33 21 57 45 19 49 40 58 41 25 44 3 18 56 9 1 13 17 12 29 
18 43 27 5 4 19 7 46 52 37 32 41 50 60 6 3 11 57 54 25 44 24 9 58 48 39 26 17 55 1 38 20 
2 54 52 59 19 1 28 55 53 39 24 40 30 17 14 10 11 13 47 23 8 32 31 20 26 12 45 
2 23 50 15 58 24 6 26 31 45 12 21 44 35 16 38 27 55 59 46 9 30 43 1 
14 39 59 8 21 24 3 18 28 12 31 49 48 34 54 1 30 38 37 13 42 51 36 20 40 57 
12 55 48 29 18 54 50 30 56 38 19 58 40 28 17 31 46 14 2 33 26 39 9 51 1 5 24 42 16 
59 15 31 46 58 24 23 34 8 41 26 29 42 39 53 57 36 60 19 35 1 52 4 48 20 11 7 27 14 
9 10 44 31 33 1 3 51 19 48 20 5 6 8 27 59 21 40 7 26 53 55 16 50 47 38 42 35 12 23 60 32 14 45 28 25 
55 34 46 58 60 56 10 38 57 59 39 49 16 17 24 48 29 25 12 41 2 37 21 
32 1 31 43 18 8 19 57 59 53 45 47 30 20 9 40 33 29 35 58 38 34 3 50 6 44 51 36 25 46 37 52 55 13 26 60 12 
39 23 5 26 50 47 1 11 34 28 8 52 14 21 35 4 43 54 3 19 24 10 29 
8 24 46 32 60 11 33 48 9 37 49 3 18 55 26 13 40 30 6 16 14 51 59 4 27 28 36 10 44 35 42 25 34 
21 24 9 43 50 16 17 14 28 32 27 44 18 19 36 46 37 38 6 58 4 48 33 52 26 56 59 60 31 
28 54 25 2 40 5 41 38 27 31 4 37 59 21 51 13 1 8 45 49 17 33 29 55 32 48 19 53 22 30 14 
11 27 41 4 28 35 30 54 26 48 8 23 21 24 9 7 58 56 45 46 59 29 13 16 15 10 1 55 18 33 19 52 6 
52 55 43 59 14 41 3 40 4 36 35 49 60 26 30 44 58 9 19 53 18 33 12 11 17 16 29 7 32 
50 46 32 40 54 33 60 59 37 47 24 34 58 13 16 21 48 9 44 52 28 19 53 5 6 1 14 15 42 41 57 
12 24 58 17 10 53 39 19 29 14 30 60 13 32 1 6 37 31 47 28 4 44 8 36 21 2 11 33 16 51 
5 6 19 31 4 60 8 39 29 40 36 45 43 47 55 3 30 16 35 48 25 
32 56 36 51 55 34 10 33 39 53 2 40 37 42 54 44 13 22 12 45 38 23 3 48 47 30 27 7 6 28 
13 41 17 45 12 26 36 37 7 48 55 16 38 50 21 51 39 52 42 54 33 23 3 47 31 25 14 46 53 20 15 2 32 30 43 27 9 
35 10 51 50 4 24 37 33 29 20 23 22 28 55 38 19 56 48 40 5 57 13 54 47 3 25 30 21 18 45 46 8 