60
55 16 40 31 11 15 20 32 51 50 19 38 41 10 17 44 43 12 4 25 39 58 36 57 26 22 24 
33 35 22 41 3 36 30 18 43 17 28 45 58 56 34 27 6 19 31 8 32 11 60 46 42 38 25 37 13 
27 7 56 2 42 12 37 31 21 10 4 32 52 45 19 13 43 40 49 55 22 35 53 24 38 60 17 46 58 5 
32 9 42 10 47 24 5 20 21 55 27 35 1 22 31 39 37 54 38 17 26 41 44 49 29 51 23 6 36 11 3 33 
57 3 8 20 58 37 19 59 51 45 4 27 10 35 9 28 47 13 38 50 42 40 60 53 56 21 33 43 22 36 49 46 
16 44 21 20 7 4 18 42 8 15 34 26 46 60 40 48 28 2 29 59 54 58 11 55 13 12 30 47 31 43 49 
6 39 29 60 16 3 15 27 52 43 21 50 25 28 55 47 40 36 17 31 14 54 12 35 26 56 19 11 
25 5 9 12 59 45 40 56 44 2 31 48 30 57 15 55 6 24 34 46 36 52 11 
36 34 53 33 43 44 11 30 37 32 51 23 5 45 54 28 42 14 35 41 22 8 17 4 
60 32 3 29 27 18 51 11 17 19 31 55 53 36 52 20 37 23 58 4 5 1 38 43 34 24 
42 55 44 18 43 53 27 2 46 36 60 48 32 31 10 6 37 17 54 28 26 56 8 41 9 4 49 7 14 40 1 57 30 47 16 
13 46 3 29 50 48 1 18 28 55 59 20 49 39 7 41 6 26 34 32 56 43 15 58 8 31 57 54 27 
60 14 17 54 50 31 5 39 6 3 56 46 23 2 20 16 35 43 49 27 41 19 33 44 21 12 
32 7 55 48 20 42 28 57 24 23 46 22 47 58 11 13 38 39 41 35 9 30 45 53 29 
19 60 51 23 35 20 50 8 39 52 45 53 32 7 38 47 37 12 40 41 28 29 25 6 1 46 17 43 54 
11 6 34 24 19 13 29 7 21 45 26 46 57 1 20 39 27 31 49 17 37 
27 40 16 39 48 58 13 4 22 15 31 9 18 30 21 34 7 33 1 25 50 43 45 51 59 47 3 26 2 35 54 57 10 11 55 
39 12 27 6 10 19 33 30 54 60 55 42 45 57 50 21 20 22 52 11 26 56 46 40 24 2 36 44 28 37 17 
33 52 2 7 47 16 25 22 24 20 38 5 23 56 3 30 41 57 15 13 55 10 40 32 27 1 43 49 42 18 
30 14 33 41 45 4 42 31 6 16 25 22 38 53 29 15 24 55 21 19 44 56 51 12 18 46 37 39 52 26 13 54 10 5 28 1 
30 5 53 43 39 42 27 13 26 20 22 40 34 7 23 58 24 52 4 3 33 35 16 41 47 25 6 17 18 54 50 31 
3 18 42 21 4 24 39 17 37 47 20 14 25 51 5 57 9 30 34 31 19 1 58 43 55 28 49 2 38 33 41 56 23 
54 48 22 60 51 9 13 24 28 38 36 35 39 58 32 42 59 44 15 57 21 52 33 34 45 19 10 56 4 14 29 
51 27 38 44 1 4 22 47 19 33 14 10 54 26 42 41 56 49 23 18 34 60 8 3 37 16 21 32 20 28 39 
2 7 47 42 20 21 27 36 22 38 44 8 52 37 30 1 29 41 58 54 17 32 15 49 19 26 57 50 45 46 33 40 
21 7 54 40 46 1 11 28 17 20 50 4 29 25 16 49 60 6 33 41 18 12 32 43 34 36 24 
7 12 10 31 21 54 33 2 39 24 49 16 60 3 11 52 37 41 17 4 45 59 42 19 13 43 48 25 5 56 18 58 35 
34 53 6 48 11 15 2 35 49 51 24 58 33 7 26 12 47 52 46 57 42 22 31 18 14 23 50 37 20 55 9 5 
38 14 12 15 4 50 42 41 40 30 60 46 16 25 10 43 52 35 7 58 36 6 23 33 26 44 20 
22 45 11 17 44 47 6 51 33 2 19 46 40 55 42 14 9 20 25 21 39 59 18 50 48 29 8 32 
50 3 39 22 4 13 28 33 60 43 49 54 48 6 52 27 38 7 17 42 21 12 53 11 32 51 1 8 46 16 20 2 10 
19 9 43 37 11 24 2 45 14 49 10 46 50 15 3 1 55 57 23 25 4 26 12 31 59 30 54 
13 9 39 4 23 29 56 31 60 5 22 58 17 43 37 27 24 19 47 35 30 20 45 34 50 46 44 52 51 25 21 18 2 28 36 26 
10 8 45 38 39 43 40 24 6 26 53 28 17 12 21 60 33 54 16 51 47 23 22 56 2 9 57 58 35 46 
21 15 2 5 3 53 49 34 13 43 14 29 50 48 27 60 39 23 51 28 17 46 37 9 40 4 33 7 
29 1 23 37 26 2 40 49 5 54 7 25 18 11 60 9 8 41 38 33 10 48 4 59 52 55 
39 9 10 3 40 49 33 18 11 48 20 60 59 5 50 47 27 4 36 22 16 15 25 44 24 57 51 35 45 32 41 28 2 
23 40 54 22 3 34 31 15 58 20 14 4 59 45 10 36 29 25 2 1 52 24 46 42 5 19 48 57 
41 24 60 33 16 21 31 45 15 14 56 48 13 46 1 23 27 43 53 55 34 12 22 35 51 17 37 18 20 7 42 30 4 
50 11 37 8 56 35 30 52 21 6 25 34 36 1 29 7 47 49 42 38 60 26 48 18 59 44 17 5 19 15 54 3 57 
26 21 46 2 19 13 22 44 14 29 42 51 9 12 47 25 43 4 20 50 11 24 37 1 56 27 36 15 39 59 
39 3 52 40 4 50 31 14 57 29 58 60 30 18 44 9 45 41 22 2 5 20 59 6 23 38 11 46 24 51 55 56 19 21 28 27 25 
49 21 17 34 53 33 9 10 1 6 22 29 26 31 52 55 3 5 46 15 27 51 12 41 2 7 32 44 39 35 13 11 19 
47 20 50 51 13 25 8 23 55 1 42 30 53 11 48 33 59 46 43 4 40 29 18 54 41 49 9 45 37 24 6 
2 37 50 48 20 47 8 38 32 5 27 51 15 42 18 57 34 25 3 16 23 59 17 30 39 58 53 60 52 33 44 46 9 14 
25 31 33 26 6 48 57 14 28 52 56 44 8 30 34 3 2 39 20 32 43 42 13 18 11 45 41 53 15 35 38 51 12 29 16 5 
53 21 15 58 17 4 33 7 24 30 45 40 22 19 5 6 34 44 41 25 14 49 11 28 56 37 
46 54 38 8 37 35 14 23 30 17 28 31 12 53 50 39 44 45 36 11 40 6 27 
27 56 54 36 5 12 26 43 37 6 24 59 28 22 4 60 3 50 51 13 25 35 16 44 53 31 19 47 40 11 32 
48 49 5 28 12 60 17 42 26 30 29 51 40 21 13 1 41 37 33 7 35 55 56 52 44 54 31 32 18 45 25 53 15 
46 15 31 22 35 44 34 55 39 50 37 43 33 56 23 17 59 5 10 57 45 30 24 42 20 60 9 1 49 28 4 41 53 
27 46 60 42 59 25 3 8 33 10 15 54 43 19 36 18 40 21 29 20 23 31 28 7 45 50 38 
34 51 28 10 49 15 54 39 45 58 20 21 3 5 11 47 44 60 48 46 9 57 35 43 59 14 50 31 
15 21 32 9 31 52 34 11 36 4 20 18 17 13 49 12 38 40 57 7 50 27 26 48 44 24 23 53 25 60 56 58 6 
8 32 3 30 7 11 18 1 14 4 42 51 10 43 6 17 12 19 39 44 50 20 59 28 22 36 
42 57 18 27 23 40 47 20 3 41 33 13 12 51 54 34 5 39 22 24 8 58 46 7 60 11 49 19 50 2 
28 19 56 32 23 8 5 42 17 14 12 22 40 25 46 54 45 60 34 18 38 11 51 53 37 16 1 
42 45 56 54 38 1 14 29 22 59 23 21 12 33 2 17 34 25 6 3 53 27 5 28 10 47 
38 30 12 36 40 41 45 37 8 53 42 27 52 5 23 32 49 51 17 55 44 6 58 
36 23 56 3 5 40 31 2 54 29 27 34 49 18 7 37 51 42 35 13 10 53 15 45 52 11 24 39 33 57 50 26 6 