60
20 40 5 17 18 23 36 53 9 33 57 2 16 52 30 11 56 12 51 19 21 15 34 60 58 4 25 8 35 42 24 6 54 43 50 10 22 55 14 29 7 49 46 41 47 3 38 27 45 32 59 28 31 39 44 26 13 48 37 
14 52 13 57 32 23 28 27 19 21 53 55 16 6 4 59 39 3 31 24 1 15 7 44 51 9 26 5 29 42 38 54 36 33 60 25 41 48 22 30 49 58 43 40 20 47 8 12 18 11 34 50 35 56 37 45 17 46 10 
58 51 32 22 19 33 53 14 57 20 18 60 39 48 29 7 37 55 12 27 15 28 41 23 35 13 16 34 25 2 49 26 1 30 47 11 46 36 59 52 9 54 4 24 45 6 42 10 8 21 17 56 43 44 50 40 38 31 5 
45 25 50 21 9 10 38 31 48 3 28 47 55 2 52 30 19 17 41 34 14 1 51 7 46 12 26 40 11 57 32 8 15 60 23 27 59 58 36 49 18 39 16 24 44 53 20 29 43 42 22 35 6 56 54 13 5 37 33 
16 31 43 12 39 27 54 2 17 20 53 51 3 25 48 21 10 23 33 1 60 40 55 8 46 50 41 28 34 58 18 15 44 52 30 38 13 47 37 24 22 57 7 32 11 45 35 56 4 59 14 9 42 19 6 26 49 36 29 
46 5 51 41 30 13 31 45 15 21 58 48 2 22 32 34 14 9 49 3 29 24 54 37 33 52 16 4 28 27 44 47 17 57 60 42 38 23 12 10 11 18 25 19 53 50 56 20 39 55 36 1 35 43 7 59 26 8 40 
6 18 23 46 37 35 57 5 13 40 45 44 56 59 10 50 31 39 17 24 4 16 21 15 1 52 29 12 38 33 20 55 34 14 28 30 43 36 51 25 8 47 19 26 27 54 2 22 32 9 3 42 58 60 48 11 41 49 53 
4 6 11 43 9 25 56 12 38 53 29 39 30 31 5 57 32 52 46 42 19 14 44 17 21 7 33 27 24 26 13 20 60 50 58 36 48 28 47 59 34 16 3 45 55 18 10 35 37 40 1 51 41 49 22 15 23 54 2 
51 48 6 37 1 47 45 12 11 17 8 28 57 44 50 42 2 59 54 4 32 14 34 53 15 38 3 18 20 46 35 49 56 25 55 7 26 21 43 33 41 22 40 29 30 60 27 10 13 5 58 24 39 36 52 19 16 23 31 
21 17 4 22 36 18 38 27 6 32 20 29 15 45 11 28 23 33 1 19 49 44 46 55 5 13 37 48 50 3 30 14 51 59 16 25 52 35 41 31 42 9 34 57 40 60 39 24 53 26 58 54 47 12 56 8 43 2 7 
8 2 4 41 45 20 46 13 26 5 12 31 29 44 32 30 47 36 40 3 48 59 17 49 57 34 7 52 6 18 35 9 27 24 28 14 50 16 39 25 15 53 37 42 10 33 19 38 54 23 55 58 21 1 60 51 56 22 43 
36 19 21 3 11 13 26 1 8 54 47 50 29 22 32 39 17 14 43 24 46 48 44 4 27 38 23 20 7 2 56 34 41 10 60 6 31 28 15 49 42 9 53 5 59 37 57 16 55 52 45 51 33 25 35 58 40 30 18 
29 2 37 17 19 33 47 35 27 50 34 46 23 20 54 51 4 30 7 16 22 36 60 38 28 10 25 42 45 26 8 14 49 21 11 44 41 43 18 12 32 59 57 48 58 6 52 31 55 56 39 24 40 1 5 9 3 15 53 
7 59 36 2 4 3 10 18 43 52 49 44 37 30 38 20 33 1 16 26 48 53 45 42 46 50 6 39 28 13 34 9 51 23 17 56 31 58 47 27 32 54 55 12 40 24 22 11 8 5 15 21 57 29 60 25 41 35 19 
10 36 5 51 56 6 11 31 20 17 49 42 48 32 46 1 27 29 38 23 43 37 33 50 28 55 60 47 53 8 7 26 40 3 30 35 59 21 41 25 52 58 57 24 4 22 13 2 9 44 54 12 39 34 45 18 19 14 16 
10 9 3 30 25 47 41 22 8 58 59 34 38 1 29 54 56 44 36 31 26 49 42 18 53 21 35 14 60 28 48 17 52 57 51 33 40 43 23 6 13 11 45 46 55 50 12 15 2 39 20 5 4 19 24 27 7 32 37 
50 58 1 45 26 52 57 4 33 48 49 28 21 42 37 13 3 59 35 16 14 25 44 39 5 36 54 8 40 55 7 12 32 6 22 11 31 34 29 19 15 27 46 20 9 47 24 23 30 53 2 10 38 41 56 43 60 51 18 
25 11 15 9 42 12 51 8 49 58 43 3 55 22 30 46 16 48 54 53 57 40 28 6 14 44 24 33 17 34 37 36 32 10 1 2 52 29 21 41 27 35 50 20 38 56 4 59 39 7 45 31 13 5 23 26 60 19 47 
42 53 39 59 6 5 21 60 48 7 57 45 25 35 41 16 15 55 37 1 49 40 46 31 14 28 52 3 17 13 56 54 47 24 18 22 34 27 20 2 32 10 44 12 51 4 9 26 30 11 58 38 33 29 43 50 8 23 36 
4 36 11 26 15 53 30 8 38 55 48 47 18 49 56 1 17 42 3 31 14 6 58 12 32 29 13 46 60 59 25 16 51 45 35 34 41 28 54 50 37 24 22 21 19 57 9 7 40 39 44 10 43 33 5 27 52 23 2 
26 6 7 52 20 25 22 59 11 39 58 50 42 37 5 17 12 14 40 49 8 33 57 47 48 34 60 19 35 51 53 3 41 55 31 32 44 15 27 1 46 28 4 45 16 36 2 10 23 38 56 29 30 9 54 18 24 43 13 
43 53 21 3 48 24 5 35 58 40 20 6 46 45 28 36 32 31 52 2 39 25 42 41 38 30 23 16 15 34 60 9 13 7 26 17 33 44 47 57 14 4 18 56 37 11 59 54 8 49 12 50 55 10 19 29 51 27 1 
22 13 40 24 35 20 41 33 30 37 29 5 58 39 4 21 56 38 53 1 49 11 45 10 7 27 36 12 17 47 3 46 48 18 25 15 34 16 44 32 54 55 19 50 28 57 14 59 60 26 6 52 8 43 9 2 31 51 42 
19 30 48 50 51 15 17 47 9 44 27 55 10 37 28 42 4 40 53 12 34 16 49 1 32 35 23 29 33 31 21 45 57 20 38 11 5 36 54 46 13 41 18 43 7 56 26 25 14 60 3 8 59 2 39 58 22 52 6 
29 7 14 41 31 17 52 56 8 38 49 33 47 43 3 1 53 51 11 21 12 5 19 6 34 32 46 10 50 22 15 13 36 30 54 59 18 27 4 9 2 55 45 42 23 39 20 58 28 37 16 35 60 40 26 44 48 24 57 
22 27 47 44 34 37 32 9 2 8 29 52 41 14 39 3 18 35 59 33 19 51 55 7 5 54 48 17 36 15 46 53 49 10 20 23 60 25 42 58 21 43 31 24 13 38 50 6 16 57 11 40 4 45 12 1 56 30 28 
28 48 4 37 15 50 60 22 51 59 19 46 36 47 11 9 24 3 32 42 49 20 39 35 6 30 33 52 34 58 57 13 18 5 38 45 40 7 17 56 16 10 41 53 1 14 44 8 12 26 25 2 31 43 29 55 23 21 54 
26 22 7 44 19 17 16 43 48 35 21 60 9 41 24 18 8 6 37 1 14 46 5 49 42 15 10 11 13 47 30 55 39 25 59 27 20 52 33 34 4 2 32 50 23 57 54 56 58 3 53 12 31 29 36 38 51 40 45 
53 18 14 12 1 30 56 21 3 55 7 60 33 37 8 27 46 47 4 26 15 9 35 39 51 50 25 59 32 20 43 17 22 2 24 57 11 19 34 45 23 5 13 42 38 6 28 44 54 31 16 49 40 36 48 10 41 58 52 
20 56 3 40 50 51 53 13 39 31 26 25 41 28 48 5 46 42 12 38 23 24 37 43 18 35 36 4 44 60 59 15 6 22 14 9 10 32 55 7 34 1 49 11 57 27 8 21 19 17 29 33 2 54 52 58 45 16 47 
7 34 33 60 30 15 12 2 46 42 21 11 59 22 45 47 1 36 56 27 32 50 19 16 43 44 9 24 52 38 20 17 35 23 41 26 57 37 6 29 14 58 39 48 51 13 10 5 3 49 54 18 28 40 53 8 25 55 4 
9 5 43 49 53 1 4 47 35 28 37 36 11 25 18 40 50 2 34 56 48 58 8 54 3 38 46 19 15 23 17 51 42 39 33 30 20 55 10 41 26 14 6 60 31 29 45 44 27 16 12 21 13 59 52 57 24 7 22 
59 48 38 29 45 23 10 40 26 43 35 3 44 28 41 57 36 60 25 49 24 12 58 46 30 37 39 22 27 14 31 7 54 34 55 21 11 6 20 32 17 15 18 53 52 1 13 50 8 51 2 19 16 42 4 56 9 47 5 
31 29 3 19 7 6 48 9 60 20 8 47 52 25 30 28 15 37 41 40 33 12 55 44 13 43 22 21 38 16 23 54 51 46 57 17 27 32 45 24 53 1 50 35 14 5 39 59 58 36 18 56 10 42 49 2 11 26 4 
55 9 25 17 31 12 47 49 34 26 50 19 58 21 59 14 13 10 52 3 54 28 57 60 37 29 53 40 2 18 20 4 33 5 23 30 8 56 42 16 41 43 51 44 22 38 36 24 48 7 39 11 45 32 1 6 27 46 15 
49 56 44 47 24 46 3 35 12 27 57 50 52 8 18 7 38 5 37 16 34 26 6 39 25 31 10 58 2 48 21 9 23 42 19 11 1 32 54 45 22 41 15 28 17 40 29 20 53 60 51 55 59 4 43 14 13 30 33 
24 30 28 27 45 2 43 10 11 13 20 17 29 16 48 54 21 46 23 25 8 51 49 1 5 32 14 52 35 12 58 4 15 3 38 40 26 9 44 60 19 42 33 34 18 57 7 6 39 22 56 53 31 50 41 36 59 55 47 
7 16 39 10 52 51 26 11 3 20 48 25 47 58 4 19 31 6 17 12 40 41 24 49 2 14 57 42 28 53 13 8 29 9 22 56 34 1 37 46 55 36 59 32 15 44 60 18 5 23 30 45 43 27 35 33 54 21 50 
29 14 11 56 48 54 37 13 3 55 7 10 46 18 41 4 12 50 49 33 8 21 43 59 35 2 42 31 15 9 40 60 20 6 17 47 52 27 1 38 36 30 53 26 57 51 45 5 28 58 44 24 22 34 32 19 23 25 16 
9 33 59 29 46 50 12 24 27 26 60 44 8 56 55 37 53 14 31 42 3 48 41 6 39 25 32 16 21 43 30 11 2 35 47 13 15 36 17 28 57 51 58 49 34 1 4 20 22 19 23 5 18 38 52 10 45 54 7 
6 46 5 31 4 59 32 39 14 12 44 2 7 24 43 16 53 10 35 36 17 55 11 23 37 19 3 26 40 25 29 30 60 22 20 8 50 47 56 9 15 45 57 33 27 18 58 13 21 34 54 38 52 28 48 49 51 42 1 
51 3 17 44 12 22 56 8 33 28 46 58 14 57 45 26 43 16 53 55 40 23 1 50 48 25 10 54 38 41 13 59 6 37 18 49 32 27 20 52 60 21 34 39 4 7 19 36 29 31 30 15 47 5 2 35 24 9 11 
24 53 8 50 34 19 30 59 1 48 52 26 12 31 32 25 22 54 10 3 55 56 11 47 29 60 9 17 46 51 35 44 36 38 18 37 49 21 2 20 16 57 33 27 5 15 40 13 6 41 45 4 23 58 39 28 42 14 7 
24 41 55 38 2 22 25 4 11 53 52 12 18 33 7 47 9 59 30 1 29 57 60 6 16 45 56 43 46 50 35 54 13 19 26 32 40 14 10 48 8 36 39 28 21 51 15 58 23 17 37 42 27 49 31 20 3 5 34 
12 41 20 59 18 11 13 21 26 33 38 52 22 3 27 54 32 43 29 35 53 42 23 51 39 47 46 37 15 28 40 1 44 55 60 5 6 25 8 14 50 4 7 9 36 48 30 10 49 57 16 24 56 58 17 34 31 19 2 
12 56 20 33 3 29 21 18 8 22 40 48 7 30 36 13 55 34 49 50 25 1 16 57 51 26 38 60 5 43 53 15 58 52 27 28 2 59 39 11 9 24 35 19 41 10 45 31 17 44 54 47 42 4 14 6 23 37 32 
38 18 54 55 17 23 14 5 37 21 12 25 33 56 31 15 11 53 7 24 27 43 2 59 49 60 34 42 16 41 4 19 28 45 29 35 36 22 1 20 13 58 26 30 8 3 51 6 40 50 10 9 32 57 48 44 46 39 52 
19 21 43 5 31 39 17 2 59 16 30 32 55 11 3 36 44 53 27 28 52 29 13 1 60 8 49 35 57 34 40 23 54 26 24 18 7 15 6 12 58 42 14 41 45 50 46 56 38 4 9 37 51 20 22 33 47 10 25 
45 17 56 47 38 60 27 23 53 9 24 54 51 7 43 11 26 15 52 22 5 36 40 13 3 59 55 2 31 28 4 12 42 20 33 8 30 19 1 58 41 35 25 32 21 10 44 18 37 14 6 39 34 57 16 48 46 29 50 
25 52 43 7 47 6 48 22 51 17 49 46 38 39 21 8 5 14 27 31 32 59 29 45 33 28 16 12 15 58 3 60 1 35 55 37 10 44 40 4 18 26 54 2 30 36 24 42 20 11 9 41 19 57 34 53 23 56 13 
17 14 57 60 56 18 48 32 31 35 12 24 7 47 6 41 2 26 52 49 55 42 13 21 23 50 59 36 34 1 27 37 4 16 28 30 15 40 22 11 45 38 58 29 39 20 43 5 44 8 19 3 46 9 33 53 25 10 54 
8 59 5 58 9 55 32 4 11 19 43 23 24 13 7 60 44 45 49 38 25 10 54 29 33 31 46 57 53 51 40 15 22 1 34 37 20 39 12 50 3 17 27 41 35 21 16 56 2 26 28 14 30 18 6 48 47 36 42 
32 30 33 13 24 21 38 11 58 37 3 12 49 15 60 25 2 51 59 5 50 4 7 27 34 26 9 54 1 8 20 42 22 36 45 29 52 39 6 23 14 31 40 35 46 48 28 41 19 43 18 10 44 47 55 17 56 57 16 
11 39 47 58 24 14 34 55 31 8 10 38 48 59 52 51 17 26 22 53 43 4 49 6 60 57 18 37 45 33 50 23 16 2 27 28 15 19 41 35 21 36 44 7 56 13 40 46 29 20 9 5 32 30 42 25 12 1 3 
50 30 42 4 58 27 39 29 23 25 6 9 57 41 40 13 53 48 2 15 24 34 47 8 12 5 28 3 22 56 36 49 14 54 1 26 33 18 51 19 37 10 44 20 38 52 46 11 7 21 60 35 17 45 32 16 59 43 31 
21 51 55 10 6 16 12 15 53 42 23 41 22 32 8 4 29 37 50 1 49 9 48 2 44 28 34 27 30 57 19 52 35 47 60 46 36 26 7 17 31 24 11 33 39 43 20 59 54 58 3 14 18 38 45 13 40 25 5 
38 7 41 13 39 20 9 19 44 60 28 21 12 51 33 22 1 2 50 43 25 26 56 5 31 53 35 49 15 10 29 27 30 34 17 48 8 40 6 16 37 4 47 55 59 18 32 23 52 54 46 24 45 14 3 58 36 42 11 
36 55 42 21 37 5 35 15 25 40 14 56 20 52 18 46 45 29 47 44 11 51 12 48 17 32 38 7 24 6 33 23 3 53 28 54 43 8 60 39 50 22 4 9 1 49 27 57 30 26 59 34 41 13 2 16 19 10 31 
10 14 43 33 37 47 51 4 20 23 35 28 6 11 13 45 48 25 32 44 57 60 34 31 19 46 16 3 54 56 38 9 5 1 29 36 53 58 39 41 2 24 26 55 52 7 40 12 15 17 27 50 18 8 42 22 21 49 30 
55 57 41 24 34 52 29 39 21 53 31 17 12 2 15 51 28 46 43 1 19 25 20 8 9 42 59 32 27 40 37 10 23 30 36 58 54 33 18 49 47 13 6 4 3 7 50 26 14 38 5 44 56 16 35 22 11 48 45 
