60
16 25 36 26 5 49 19 20 7 15 21 22 48 41 30 8 39 37 50 34 46 6 33 17 24 3 40 58 11 28 57 53 55 45 32 56 59 13 42 44 35 14 31 27 52 4 23 51 2 38 10 12 43 47 18 29 60 9 54 
27 19 44 10 20 23 40 59 18 46 5 53 41 60 28 36 45 48 43 52 26 47 29 58 30 38 51 9 24 50 17 4 15 55 42 39 54 56 12 57 14 35 33 3 16 49 1 11 21 31 8 7 13 22 32 34 25 6 37 
13 5 27 17 54 9 40 41 52 56 58 24 30 49 23 6 36 43 29 45 60 22 10 21 59 26 32 55 2 4 42 14 50 34 19 1 57 46 18 37 53 38 48 35 39 7 20 12 44 47 31 33 16 15 51 11 28 8 25 
40 54 51 39 59 8 15 17 28 37 30 34 26 48 23 36 44 35 1 16 22 3 47 13 50 19 53 25 20 33 49 55 2 32 21 9 12 57 10 52 41 6 60 58 11 56 31 42 14 24 7 38 45 27 43 5 46 29 18 
8 55 52 35 24 30 26 59 42 2 58 54 33 53 21 20 19 56 15 10 29 43 44 11 16 4 47 22 12 13 37 3 23 7 60 45 17 36 34 51 1 31 9 18 38 14 25 27 41 48 50 40 6 49 39 46 57 28 32 
15 2 25 11 54 29 51 55 13 1 8 50 17 39 21 24 53 44 5 35 52 27 32 4 19 36 47 38 37 20 10 30 26 57 45 31 58 22 12 59 41 28 43 40 23 60 49 14 33 7 46 34 56 16 3 9 48 18 42 
54 59 22 31 48 50 51 35 27 18 2 34 12 41 44 25 6 57 40 32 16 58 30 10 26 36 46 11 15 13 37 52 24 5 38 53 19 29 49 4 55 14 8 47 9 1 17 45 21 42 33 43 23 28 20 39 3 56 60 
34 22 9 11 48 2 7 19 16 14 53 36 24 47 57 20 38 52 26 4 1 23 49 42 30 55 51 31 35 13 50 39 17 60 15 45 28 5 25 3 40 18 12 10 37 29 46 56 27 54 43 59 32 33 6 21 41 58 44 
4 21 38 25 52 7 5 56 55 37 19 58 22 14 40 26 33 43 48 59 45 3 41 34 49 16 13 29 27 30 6 31 12 36 35 42 32 10 46 15 39 18 57 24 60 44 17 2 28 51 53 47 20 8 1 50 23 54 11 
46 37 52 30 29 32 60 48 41 49 55 56 26 22 40 59 9 44 3 7 25 4 36 13 14 19 39 34 35 54 57 6 16 24 43 31 15 1 20 33 38 8 45 27 11 23 53 5 12 17 21 18 47 28 51 58 42 2 50 
49 40 16 56 25 31 7 32 15 59 34 42 43 41 6 60 46 23 13 8 37 3 51 29 33 5 4 18 1 20 17 45 2 35 36 26 24 47 48 54 55 53 44 39 14 9 12 38 28 10 50 30 58 27 19 21 22 57 52 
33 17 46 21 59 35 3 26 5 34 31 11 4 30 49 60 42 25 27 1 10 19 53 14 13 20 51 57 48 54 9 2 23 6 52 45 8 29 15 50 55 39 41 47 56 36 37 38 32 43 18 40 44 28 7 24 58 22 16 
32 3 28 34 17 5 35 26 50 21 58 45 44 56 7 16 18 39 2 30 60 59 47 27 20 29 54 1 37 55 12 51 53 6 23 42 36 24 40 14 33 15 52 19 9 4 49 41 11 48 38 10 22 43 57 31 25 8 46 
3 25 44 57 43 53 36 26 11 39 42 13 1 24 60 37 29 47 55 45 17 9 18 16 27 2 12 52 15 22 5 34 20 4 8 23 21 7 19 41 54 48 58 6 10 50 32 46 38 56 28 49 33 51 59 31 30 40 35 
16 55 31 22 12 26 5 56 51 57 48 27 35 13 7 53 29 47 44 18 42 20 45 9 36 46 24 1 23 2 17 38 11 6 54 32 40 14 21 37 50 28 58 39 8 25 33 3 52 30 60 59 10 49 19 34 41 4 43 
34 35 44 56 17 31 49 21 45 41 19 1 7 26 23 51 25 42 12 60 59 13 55 43 50 52 29 37 24 15 39 58 28 5 33 57 8 54 46 53 27 4 3 20 30 47 6 32 36 14 10 22 48 11 38 9 18 40 2 
37 7 38 11 13 58 53 51 18 14 36 23 43 52 19 39 3 15 41 21 6 47 25 9 28 55 34 1 12 27 8 50 44 59 33 5 4 42 49 16 30 40 2 32 56 35 60 54 22 20 31 45 57 24 26 10 48 46 29 
59 57 54 49 48 11 37 46 60 45 36 8 17 39 5 52 31 34 29 30 9 6 27 23 40 19 53 16 28 21 14 2 56 13 25 1 41 4 55 38 35 22 32 44 15 33 42 3 43 58 50 24 20 26 10 51 12 7 47 
49 58 57 26 8 23 48 13 9 50 2 15 25 29 59 3 41 24 10 47 35 53 7 11 45 46 17 55 36 27 14 38 31 20 51 44 54 52 37 18 43 4 28 32 60 1 33 30 16 22 34 42 5 40 6 56 39 21 12 
38 13 49 29 5 19 42 28 43 4 10 59 26 23 56 27 25 40 3 14 34 54 45 55 57 44 17 8 58 16 48 32 50 46 39 35 24 52 22 47 11 53 7 31 6 30 37 15 51 41 21 1 33 60 2 9 18 36 12 
15 30 51 6 5 17 33 27 12 35 22 32 25 37 10 43 57 3 24 45 28 20 9 56 2 40 48 46 55 58 36 60 52 16 7 38 19 29 41 44 13 4 8 26 47 31 39 18 54 42 50 14 11 59 1 34 49 53 23 
58 12 10 15 43 59 29 52 46 55 35 28 20 6 2 45 56 60 8 26 3 42 16 1 23 51 36 40 4 34 19 25 32 39 37 18 21 9 27 33 57 24 41 5 50 48 30 44 47 14 11 38 53 54 13 49 17 31 7 
28 3 19 30 33 17 25 29 44 47 18 36 31 24 43 60 46 48 20 42 35 12 50 11 54 32 39 51 38 4 9 16 8 2 10 6 15 57 21 59 37 45 34 27 22 49 1 58 41 5 14 40 7 26 56 55 52 13 53 
44 26 54 9 22 11 16 4 58 39 32 35 50 34 52 37 13 20 17 29 55 2 15 18 56 60 38 41 49 1 47 57 36 59 7 43 10 51 33 45 3 31 6 53 27 46 40 23 19 12 25 8 5 14 28 48 21 30 42 
44 26 51 59 47 2 18 17 33 32 31 21 34 3 52 8 54 37 60 22 6 35 13 27 16 7 29 41 19 57 39 55 46 10 48 36 5 56 30 28 53 23 4 1 43 40 38 15 42 9 11 14 24 12 58 50 49 20 45 
54 7 58 30 36 27 4 52 42 37 13 41 24 56 10 40 1 8 28 11 44 46 14 16 50 5 45 29 60 34 18 49 25 22 15 55 32 38 23 43 6 53 2 57 31 17 59 21 35 48 51 19 47 9 39 12 33 20 3 
6 49 5 2 52 22 4 18 34 17 23 7 25 16 51 40 12 33 1 35 57 31 56 58 28 55 10 54 13 60 26 8 29 47 11 53 3 59 45 46 50 36 9 30 41 43 44 19 39 32 14 37 21 24 20 15 38 48 42 
55 34 22 37 60 16 6 38 23 3 31 49 8 9 47 5 24 25 14 26 21 46 36 51 41 20 13 50 45 48 11 29 19 56 52 59 7 54 1 17 57 58 32 42 18 10 2 27 39 35 44 12 43 40 15 53 30 4 33 
4 33 46 51 40 15 14 27 21 6 39 36 30 60 55 8 13 3 17 59 37 5 12 53 26 54 20 24 22 7 32 42 58 57 41 50 9 10 1 16 56 11 44 31 49 47 18 35 28 43 48 38 45 2 52 23 34 19 25 
51 60 28 39 50 11 59 5 2 40 27 3 35 24 17 36 34 56 6 26 48 42 20 44 55 15 13 14 38 22 33 21 18 47 54 46 23 19 8 4 57 9 43 12 58 49 37 10 41 25 7 29 1 16 53 52 45 31 32 
40 12 5 48 28 21 32 27 18 3 17 60 25 10 29 19 23 57 45 53 11 58 51 41 46 39 24 47 20 33 55 36 34 8 59 54 6 26 52 2 16 43 30 37 38 42 49 15 13 50 9 1 44 4 22 7 35 56 14 
59 23 35 30 6 18 16 43 4 58 1 13 55 57 31 28 40 42 12 54 9 2 60 49 34 36 22 10 44 50 5 29 41 20 48 14 37 19 25 45 8 21 24 15 17 7 52 26 11 33 27 38 39 51 47 3 53 46 56 
24 32 54 37 14 6 30 53 29 13 55 25 20 2 52 15 21 26 59 34 11 5 23 27 18 49 17 12 45 58 4 35 56 60 36 19 42 8 48 57 7 50 40 1 46 9 28 3 47 44 39 10 43 22 38 16 31 41 51 
26 43 9 50 30 5 39 40 54 47 42 60 3 52 7 37 24 38 46 22 12 29 8 56 59 21 17 45 35 41 2 19 18 1 32 6 25 27 51 4 53 23 31 57 48 13 20 58 49 44 16 36 14 10 11 15 28 55 33 
21 3 2 36 54 57 52 30 28 22 8 16 53 46 41 43 51 20 56 59 11 19 24 6 45 27 18 49 58 38 25 4 44 47 10 60 42 9 29 5 12 15 31 13 32 14 17 33 40 39 23 37 7 55 48 1 50 26 34 
60 3 29 38 35 28 23 21 47 43 25 2 53 33 58 31 46 24 15 11 51 55 44 4 56 14 8 30 6 39 52 10 5 50 9 7 41 26 57 45 42 48 16 34 17 13 59 27 40 19 20 32 22 12 49 1 54 37 18 
53 1 3 22 60 35 50 4 13 10 49 58 6 46 27 16 54 33 47 29 24 9 18 2 21 19 26 25 14 51 41 36 57 8 30 56 32 11 48 40 34 31 59 39 45 44 28 55 17 7 20 5 15 38 52 12 23 43 42 
40 47 52 50 16 10 17 55 43 45 56 39 37 35 22 5 59 6 20 33 27 44 58 2 42 26 13 46 25 41 31 9 1 23 51 8 21 30 11 15 18 3 24 49 29 28 53 34 4 36 32 57 12 48 19 7 14 54 60 
58 7 15 20 49 12 1 59 34 17 24 41 8 3 18 13 23 57 30 50 11 53 35 42 44 38 51 2 29 6 54 14 45 21 5 9 36 55 43 46 4 33 31 19 40 47 37 22 48 16 28 25 27 10 52 60 26 32 56 
57 15 27 25 47 51 12 5 14 39 26 23 45 3 54 35 44 6 38 60 4 36 10 19 13 2 55 43 32 1 20 33 22 11 29 59 17 16 34 53 7 46 30 37 49 28 21 52 58 18 48 42 41 31 9 50 24 8 56 
55 51 25 6 32 31 8 57 28 34 1 9 15 44 2 52 19 59 12 11 43 22 33 4 17 54 7 18 14 5 47 37 39 38 36 60 30 3 35 10 13 27 58 46 16 20 48 45 42 56 53 50 24 23 29 21 26 40 49 
15 21 54 52 13 50 35 26 20 59 24 43 28 7 38 30 39 40 5 33 19 46 56 55 53 44 31 23 3 32 34 10 9 51 11 17 18 16 1 8 25 4 45 14 47 58 2 36 48 12 57 60 49 29 22 6 27 41 37 
50 33 26 57 5 7 11 24 31 34 8 45 16 2 30 54 48 38 22 25 4 53 56 46 17 32 21 27 10 42 28 59 47 13 55 35 19 49 12 36 18 20 3 52 15 51 60 37 41 9 14 39 6 44 1 29 40 58 23 
36 1 22 3 18 56 54 14 60 9 7 35 8 42 11 49 5 48 30 31 12 45 38 59 23 52 53 27 32 25 29 58 17 55 2 43 50 15 21 41 24 16 46 51 13 37 10 33 4 34 19 57 6 40 47 26 20 28 39 
57 10 22 5 55 25 47 20 11 23 39 6 44 7 16 24 59 12 36 35 50 34 3 38 31 8 21 19 13 2 29 48 41 18 58 49 60 46 14 54 53 15 1 32 40 43 33 17 56 28 30 52 37 9 4 26 51 42 27 
43 56 25 16 49 50 60 36 48 34 21 31 15 6 2 18 12 8 51 14 58 13 3 38 30 53 33 42 29 44 55 20 37 27 41 17 47 7 26 52 35 39 5 1 10 24 54 57 11 23 9 19 59 28 22 40 45 32 4 
32 27 21 15 54 30 2 6 55 59 28 29 4 56 48 3 58 41 38 33 1 24 22 60 5 9 40 46 36 45 7 14 43 10 37 42 35 8 39 34 52 13 57 11 53 23 51 17 12 20 19 50 26 25 18 49 16 44 31 
49 29 3 51 38 56 36 28 7 32 59 58 34 5 18 4 20 15 33 45 21 42 53 40 30 13 47 16 31 27 6 23 43 8 52 10 35 57 12 55 9 44 25 60 37 54 17 2 19 50 24 46 41 39 1 22 14 11 26 
14 46 33 40 59 47 27 13 11 15 22 23 8 2 24 12 10 56 7 35 36 6 37 60 34 18 20 32 19 17 16 54 55 3 45 51 52 1 25 21 28 5 30 29 39 42 9 4 57 53 31 44 41 38 50 26 58 48 43 
59 6 49 46 54 11 40 18 24 19 41 14 37 21 2 23 9 28 48 7 32 13 58 8 30 60 15 44 31 5 38 51 34 25 35 17 1 27 45 22 20 39 42 3 52 36 10 4 47 33 57 56 55 53 43 26 12 16 29 
7 56 6 1 38 54 24 20 47 27 57 43 46 36 23 15 34 60 48 3 55 52 26 35 12 42 4 21 11 29 59 39 32 5 33 30 41 37 8 19 50 13 18 22 9 53 40 28 58 25 44 17 16 10 14 2 49 45 31 
29 56 11 54 10 9 41 17 14 18 36 8 3 57 49 31 45 20 39 53 24 34 46 28 42 27 6 19 16 50 1 25 37 7 2 43 13 58 44 51 5 22 30 21 47 35 12 55 26 38 32 60 23 33 15 4 48 59 40 
3 57 16 13 12 30 34 23 28 56 48 8 14 54 41 5 15 43 25 47 27 60 46 51 37 52 24 19 21 33 59 42 26 1 6 35 45 58 2 40 22 44 29 55 36 39 38 4 50 11 18 32 31 17 9 20 10 7 49 
45 32 37 7 33 35 31 20 11 10 15 13 12 5 26 34 25 27 60 50 2 30 49 4 17 24 22 46 29 51 3 8 47 41 58 14 36 21 39 48 59 1 57 38 23 19 53 43 56 40 52 18 42 6 44 28 16 9 55 
9 24 5 16 58 29 59 50 52 20 8 22 25 57 13 47 53 12 4 6 38 35 3 41 36 1 42 45 40 39 17 30 33 46 32 14 28 15 37 21 51 2 7 31 48 10 26 60 23 11 54 49 19 44 27 43 18 34 56 
10 12 58 55 32 33 5 35 14 8 7 46 39 43 44 19 4 22 24 59 41 2 36 23 37 57 11 18 54 15 31 34 48 51 38 50 9 13 21 1 29 45 47 17 28 6 53 52 26 40 60 20 27 42 3 25 30 16 49 
45 31 30 46 26 8 43 51 6 33 15 58 12 10 37 38 52 18 32 11 53 7 25 50 55 34 44 56 54 2 16 27 9 48 24 13 4 17 29 36 28 5 14 41 35 59 39 20 1 47 40 21 3 60 19 22 42 49 23 
24 17 20 35 5 55 18 25 39 31 38 10 53 21 49 27 51 54 14 48 42 36 4 47 26 2 29 11 37 34 43 9 59 52 40 15 44 32 3 60 28 16 7 13 19 50 6 57 8 45 1 46 30 33 23 56 12 41 22 
8 41 49 53 52 28 4 19 9 39 36 45 58 48 12 40 55 6 14 20 26 11 56 1 23 25 31 10 22 33 44 50 54 46 17 43 3 7 47 5 27 42 32 34 57 16 30 37 2 18 35 29 38 15 21 60 24 51 13 
14 43 48 23 34 31 44 38 54 32 33 45 42 52 27 36 55 39 20 35 59 51 50 16 28 3 53 19 6 1 37 25 30 13 18 2 11 40 57 5 4 21 49 58 26 41 56 9 29 46 10 17 24 12 15 8 7 22 47 
