60
52 53 40 25 57 48 36 22 29 8 27 31 43 47 34 33 35 11 20 26 4 28 23 24 19 39 17 18 7 51 54 37 9 32 60 10 44 2 16 30 45 56 6 3 42 13 50 21 55 14 38 5 41 59 58 15 49 46 12 
6 38 40 23 10 18 4 52 54 12 24 45 42 44 1 34 28 17 41 57 9 29 43 58 16 25 14 32 13 60 11 35 20 19 5 46 49 21 59 26 22 30 3 8 31 36 55 53 37 50 7 15 51 48 33 27 47 39 56 
9 29 10 46 45 43 39 50 30 48 26 19 6 14 33 23 53 12 41 36 1 13 42 37 31 49 40 8 21 5 56 60 32 11 24 2 20 16 51 38 15 44 25 47 22 58 17 54 4 55 27 34 35 7 59 52 18 57 28 
21 58 22 56 47 11 41 7 59 6 38 40 1 15 33 34 55 39 57 12 43 9 53 19 18 3 13 26 25 30 46 16 45 5 27 54 51 42 29 20 10 14 35 23 60 49 36 28 37 17 24 50 44 8 52 2 32 31 48 
25 54 48 31 19 28 50 15 6 57 60 51 20 33 59 1 37 46 58 12 10 34 42 45 24 9 30 43 39 49 22 26 56 18 17 32 21 52 11 35 44 7 55 14 29 8 40 53 3 36 41 23 27 2 38 47 4 16 13 
52 42 4 46 27 34 47 50 60 56 2 57 35 3 5 25 31 10 21 23 14 53 20 37 38 17 12 28 26 55 51 43 29 7 13 32 8 58 41 45 18 19 11 40 22 59 54 24 16 33 1 15 49 30 36 48 9 44 39 
44 39 28 59 60 55 46 24 3 17 21 48 15 43 25 41 22 6 33 58 36 38 14 20 53 29 47 54 16 13 40 45 51 18 23 2 4 49 31 19 50 37 27 57 26 52 32 8 10 35 42 1 34 11 5 30 12 9 56 
60 32 31 51 2 28 49 5 39 21 50 33 10 22 11 43 15 48 44 54 4 25 42 6 45 13 3 19 9 18 27 16 14 55 7 59 36 23 1 17 57 35 37 26 34 52 30 38 58 24 41 20 40 56 12 53 29 46 47 
53 13 19 28 39 54 45 15 57 27 51 16 18 55 42 11 40 30 5 29 59 44 21 35 47 2 46 33 23 8 38 10 14 26 43 17 58 1 34 24 12 41 60 20 7 31 37 25 56 4 50 22 49 52 6 48 32 3 36 
17 37 11 60 15 5 56 3 59 13 12 34 22 9 42 58 53 25 46 18 35 16 19 36 40 2 45 54 41 8 21 47 26 24 1 43 6 28 33 29 7 51 20 49 52 38 57 31 39 4 55 50 30 44 23 32 14 27 48 
46 24 28 16 56 54 21 43 60 17 27 33 38 3 22 58 42 14 32 15 41 5 52 8 53 13 20 29 10 37 25 57 48 4 51 19 31 45 2 7 47 34 26 59 1 35 44 18 39 36 6 23 9 55 50 40 30 12 49 
1 49 31 56 35 27 7 11 53 57 50 13 40 8 52 3 26 32 44 37 22 39 15 46 2 6 60 29 54 38 43 41 10 33 42 17 9 14 51 21 34 55 58 19 36 18 16 4 47 45 48 20 25 24 28 59 5 23 30 
44 39 55 11 8 28 21 30 50 12 42 25 57 6 38 5 7 53 49 40 18 29 2 56 52 33 10 36 54 41 45 27 4 22 14 35 3 58 20 23 37 1 48 34 16 51 43 31 46 15 24 26 47 17 60 9 59 32 19 
43 13 52 4 51 45 48 36 38 32 26 40 15 58 33 31 10 16 27 2 20 57 25 42 7 59 55 41 5 23 44 21 19 9 30 6 3 28 29 24 50 47 54 60 56 49 22 12 53 18 37 8 11 39 34 35 1 17 46 
21 58 6 20 25 34 33 22 47 35 4 23 30 10 40 53 12 8 37 32 41 45 29 19 16 17 7 13 18 14 2 38 24 46 27 56 44 52 31 43 42 55 26 60 28 39 54 1 51 36 9 5 48 3 59 57 49 11 50 
53 27 1 14 57 2 37 3 29 50 13 8 22 46 7 24 20 44 38 42 23 9 52 5 47 32 56 55 21 15 31 18 30 26 54 6 43 41 11 60 48 4 12 33 17 49 10 28 45 58 59 19 25 36 40 51 34 39 35 
48 55 43 26 19 22 37 59 24 45 7 28 6 35 9 8 3 29 44 30 51 23 60 27 1 14 32 57 46 31 4 12 15 54 5 40 58 13 52 25 42 18 47 10 11 21 34 16 36 33 49 39 20 56 2 38 50 41 53 
37 43 56 11 55 3 21 20 41 27 51 40 4 45 48 33 39 26 47 28 15 54 38 16 25 6 42 10 57 34 2 1 31 36 23 5 58 44 17 7 46 30 14 19 59 8 52 32 12 50 13 49 35 24 9 53 60 29 22 
46 52 37 29 53 35 60 15 59 28 12 21 27 16 9 1 33 30 45 24 56 39 41 18 34 44 20 43 8 22 42 7 50 3 25 5 14 13 17 51 47 10 54 31 26 23 2 58 32 57 11 6 38 4 55 49 36 48 40 
9 17 1 13 40 8 27 48 53 49 37 32 19 41 6 15 16 2 38 7 58 45 55 29 39 14 28 34 54 30 4 11 21 33 46 31 57 18 25 43 36 24 22 44 50 60 35 10 12 47 59 23 26 51 56 5 52 3 42 
29 42 34 56 25 28 40 33 3 27 45 59 23 55 52 43 53 31 58 47 8 2 60 11 22 49 46 12 38 14 37 51 5 7 9 30 13 57 10 6 20 15 18 24 16 41 1 19 17 48 36 4 39 35 54 26 32 50 44 
54 57 7 14 18 12 10 52 27 25 42 46 35 21 56 3 38 59 16 8 55 51 29 37 15 17 30 53 47 36 13 45 23 32 33 34 49 39 60 4 26 19 5 44 58 1 6 9 24 11 50 40 31 43 20 28 48 41 2 
37 54 57 30 24 18 19 60 42 12 44 22 9 52 32 21 8 33 59 40 11 46 25 53 7 41 39 20 5 17 10 51 50 58 13 16 3 29 31 55 1 49 35 47 43 14 15 34 6 48 4 28 45 38 36 26 56 2 27 
11 48 4 10 45 7 9 27 47 33 14 39 5 18 26 50 53 31 23 46 30 54 40 20 58 21 3 44 16 22 37 25 36 51 1 38 29 28 43 2 60 59 8 6 35 32 12 34 41 15 42 55 49 13 57 17 19 56 52 
12 48 51 44 2 30 3 39 17 49 42 45 20 16 60 58 35 29 32 53 38 22 18 52 28 54 50 55 10 1 56 34 14 8 9 15 5 43 59 11 46 57 37 21 4 27 13 40 47 23 26 7 6 31 19 41 36 24 33 
43 59 47 41 31 44 4 45 57 38 42 3 8 1 12 52 6 48 28 49 19 24 53 58 17 56 21 30 39 13 50 37 55 32 9 5 20 27 35 60 36 46 29 16 33 2 10 23 18 34 14 51 22 25 40 11 54 15 7 
4 56 30 54 58 55 6 14 23 47 48 40 51 37 31 60 35 18 33 32 7 39 28 2 11 26 25 10 38 3 16 13 20 9 46 29 41 42 43 8 19 34 45 17 50 53 36 52 1 12 24 5 49 21 59 44 22 15 57 
25 8 44 51 32 16 35 30 34 14 19 48 58 17 9 57 1 36 5 38 59 50 24 33 10 6 53 52 41 12 56 26 7 11 40 49 46 45 15 43 3 42 47 31 54 2 55 20 29 13 27 37 23 4 18 39 22 21 60 
49 8 13 40 46 15 37 10 33 44 30 59 6 2 56 39 31 11 36 48 14 16 27 22 58 20 41 23 17 25 57 32 53 52 60 35 55 1 3 21 47 9 28 26 45 5 12 50 7 42 34 51 38 18 24 43 4 19 54 
52 6 29 18 40 24 37 60 33 17 56 42 12 19 50 48 57 20 44 11 53 47 4 38 54 2 58 9 55 25 5 39 35 21 34 36 8 51 23 10 41 27 3 28 15 22 7 46 16 59 43 13 45 14 1 26 32 31 49 
59 55 24 4 52 7 5 10 1 60 27 42 13 11 19 16 30 39 51 25 33 53 34 26 14 45 17 44 35 37 38 54 36 41 43 56 48 57 58 32 22 18 9 3 46 28 29 2 23 6 20 47 15 49 8 40 50 12 21 
58 35 6 13 14 5 24 12 44 31 9 60 40 38 25 42 50 20 2 8 39 23 57 11 19 3 22 18 49 1 51 33 10 17 29 37 4 52 45 21 43 46 53 27 28 15 36 54 56 30 41 26 48 47 7 59 16 55 34 
32 44 37 19 18 53 15 30 41 8 59 31 4 39 50 56 23 46 48 45 3 26 5 9 13 51 55 6 36 7 54 2 34 58 21 52 29 25 12 22 57 47 40 11 14 27 43 10 17 49 1 28 24 38 20 16 35 60 42 
12 10 6 31 21 58 3 5 30 25 14 51 28 44 32 47 45 4 16 22 41 42 26 40 17 2 37 29 24 56 60 13 9 52 20 59 15 43 33 46 11 27 53 39 35 49 18 19 54 38 48 1 57 50 36 8 7 55 23 
56 8 6 58 44 39 31 40 15 16 12 54 14 47 18 28 7 30 49 11 55 36 5 24 52 25 21 9 50 2 59 20 57 48 29 33 22 10 27 17 26 19 38 51 23 32 4 41 60 37 1 13 43 42 34 46 45 3 53 
17 39 41 4 33 52 26 12 50 10 46 56 43 5 2 40 19 14 29 22 53 34 47 21 35 7 30 38 13 49 59 51 27 11 45 1 42 60 48 32 31 28 9 55 57 44 23 25 24 54 3 6 16 58 20 15 18 8 37 
17 51 32 21 24 13 26 60 36 18 27 15 3 6 50 29 52 39 25 31 41 1 34 47 19 53 30 12 11 23 33 58 10 35 54 44 5 55 14 48 40 9 59 20 28 4 2 57 8 43 38 16 46 42 49 45 56 22 7 
17 9 20 25 47 36 35 24 4 53 8 18 49 45 13 46 21 11 43 6 34 44 29 59 40 19 54 41 28 26 39 33 32 31 57 42 52 1 58 14 50 30 60 55 12 3 22 16 5 48 2 27 23 56 51 37 10 7 15 
9 23 59 2 40 28 44 13 48 25 8 43 24 29 56 46 11 54 16 41 42 1 19 4 35 5 20 34 12 50 38 45 51 33 32 30 55 27 37 57 14 18 31 21 7 26 58 15 17 52 22 47 10 53 36 6 49 3 60 
44 41 10 25 20 28 48 23 53 5 11 37 27 55 32 43 31 22 30 42 14 9 47 24 8 60 54 6 26 36 33 46 15 58 2 19 1 59 21 49 18 7 50 17 57 34 35 4 39 13 56 52 45 3 12 29 51 16 38 
57 56 20 7 37 45 16 19 26 31 2 33 13 12 25 42 60 34 46 15 1 44 14 22 11 52 43 40 59 49 35 10 53 28 4 58 23 55 24 17 47 30 6 18 5 29 36 50 21 51 48 9 39 3 38 8 54 27 32 
9 24 33 54 31 39 32 34 16 19 12 37 8 15 14 48 60 18 23 10 43 13 2 30 1 51 6 58 17 49 44 11 38 50 40 53 26 55 52 46 36 41 7 5 56 47 45 35 29 3 57 25 59 27 4 20 28 22 21 
36 6 58 37 10 15 17 3 59 28 35 60 40 16 21 29 45 32 49 26 5 9 24 31 57 12 33 7 8 1 22 30 42 11 55 23 20 14 2 38 52 27 19 44 46 39 18 47 56 48 13 25 53 54 41 4 34 50 51 
5 52 27 33 24 53 18 11 37 31 10 29 34 38 55 20 30 40 7 50 60 8 4 36 14 59 2 54 9 23 32 58 41 57 35 1 21 49 43 19 46 16 47 42 22 3 25 51 28 12 39 17 13 45 48 26 15 56 6 
29 60 34 24 31 28 26 22 5 10 37 33 14 13 18 35 20 54 58 53 40 3 51 12 41 30 27 6 49 36 44 57 39 7 25 46 38 32 50 56 17 1 48 21 42 47 2 9 43 4 23 59 16 52 11 8 15 55 19 
58 59 49 32 43 5 30 29 57 44 2 1 28 20 13 56 8 7 50 19 53 42 6 25 51 38 15 23 40 35 60 39 31 52 17 3 10 45 21 54 26 41 11 48 9 14 55 22 37 12 18 47 34 27 16 36 24 33 4 
60 3 13 37 58 8 33 53 52 4 5 25 50 43 21 36 17 30 42 56 11 20 18 48 9 12 23 16 14 1 24 2 7 39 34 49 31 15 29 27 59 46 40 26 51 6 57 54 38 41 55 10 32 44 28 19 22 35 45 
56 14 33 17 28 10 59 18 37 5 4 12 29 26 11 40 46 1 34 24 21 54 50 30 16 44 8 3 60 52 55 7 9 36 23 27 41 15 53 43 19 38 22 25 32 31 2 58 45 42 20 51 39 13 35 47 49 6 57 
57 23 52 28 12 29 50 35 13 37 60 10 31 44 19 1 15 4 21 42 38 24 14 20 40 48 56 33 58 41 26 39 32 59 7 47 43 27 55 53 16 6 2 22 17 9 25 34 46 36 45 8 3 54 11 30 18 51 5 
36 40 60 20 16 53 4 7 6 29 54 57 48 39 52 23 9 31 8 56 12 25 34 51 22 32 30 13 43 1 46 26 5 38 58 44 28 3 18 10 49 14 15 45 24 55 47 19 33 17 41 11 42 59 35 2 37 21 27 
42 1 39 4 7 40 36 2 22 46 31 6 11 54 20 5 29 13 9 19 44 50 26 43 60 59 24 58 21 27 8 30 12 33 28 45 48 25 35 56 41 17 18 10 55 23 47 49 34 57 52 16 3 53 15 38 37 14 32 
16 51 25 35 6 7 8 54 49 5 44 31 57 40 9 26 20 42 47 50 23 28 21 12 4 36 15 33 43 59 13 48 53 17 29 45 22 60 14 58 32 3 1 2 27 38 18 37 34 41 56 39 24 46 11 10 30 19 55 
20 4 13 30 45 27 24 16 10 34 19 40 2 22 58 56 26 48 39 36 6 8 51 43 25 38 52 54 49 14 42 3 50 37 21 46 32 23 12 11 17 41 31 55 60 18 7 1 57 9 47 28 59 44 15 35 5 29 33 
45 9 25 19 58 50 3 2 59 37 18 41 46 8 39 51 5 12 33 13 56 53 32 20 57 26 22 17 29 21 15 38 42 28 6 60 31 1 48 43 4 44 52 40 7 55 36 27 14 30 35 11 23 10 49 24 16 47 34 
29 4 46 48 31 16 54 25 36 44 1 21 3 30 18 41 14 42 43 37 50 60 2 20 11 23 56 10 22 19 57 27 35 47 33 34 6 26 53 49 15 7 59 13 45 51 28 17 39 12 5 9 32 8 52 24 38 58 40 
15 8 20 29 32 39 6 10 40 55 35 37 31 50 27 5 51 21 59 42 52 38 23 43 30 48 7 12 1 16 4 28 14 58 45 36 19 25 17 2 44 60 22 49 33 53 18 11 24 47 34 3 54 9 46 57 26 13 41 
13 58 12 21 19 26 47 16 27 52 7 28 29 48 2 32 56 50 39 40 41 51 54 6 20 14 5 60 46 45 59 18 17 31 23 34 37 1 4 38 8 15 53 49 9 30 43 33 11 35 36 3 44 42 25 55 10 24 22 
4 12 11 14 40 47 27 43 7 32 46 33 15 28 51 34 49 17 30 36 20 10 16 56 38 41 9 35 50 60 29 54 42 19 2 37 24 44 8 5 23 3 13 45 59 6 22 21 26 31 18 48 57 55 52 39 53 25 1 
20 45 22 9 4 25 3 39 33 17 31 2 55 38 15 18 50 57 51 30 47 16 23 27 58 29 42 12 44 32 48 24 7 36 37 60 43 41 14 49 6 34 19 53 8 1 46 13 40 54 5 26 21 10 52 28 56 35 11 
10 33 39 21 52 17 6 31 32 50 58 23 43 44 48 19 51 16 28 15 2 40 57 26 53 9 13 55 25 41 38 27 54 42 14 11 46 29 5 47 12 1 35 24 20 7 37 34 4 59 56 18 8 49 30 45 22 3 36 
