60
50 47 55 3 41 54 29 52 25 48 6 57 13 37 21 26 58 11 28 42 43 22 40 31 39 23 53 9 46 2 5 30 20 33 56 34 17 35 8 38 59 44 4 
41 20 11 30 27 13 53 21 37 54 17 44 51 42 57 31 18 1 39 19 7 14 58 59 5 36 6 35 23 28 22 4 25 52 49 8 29 16 26 10 34 48 43 
26 22 41 5 24 12 37 30 56 40 58 54 1 52 48 49 28 39 31 45 17 46 6 13 15 33 36 27 21 57 43 38 35 59 23 29 
12 48 29 31 28 5 20 10 51 17 43 54 39 36 56 49 26 42 46 33 35 47 45 52 58 22 34 13 6 15 23 1 60 44 27 25 14 2 37 50 
60 11 14 29 1 39 59 15 19 30 32 45 33 4 37 6 27 20 31 46 16 53 13 48 38 25 18 52 34 9 2 57 51 26 47 3 36 50 58 17 21 10 44 
56 5 59 24 22 8 34 12 49 3 19 35 47 10 38 40 4 46 60 52 9 39 11 26 17 23 41 51 37 55 29 36 53 58 25 18 16 31 32 43 2 13 1 
11 19 36 27 9 14 58 56 46 21 8 37 2 44 15 43 47 13 59 49 12 55 26 38 16 10 35 25 51 34 40 17 54 23 20 22 
40 55 16 57 2 56 15 23 17 11 48 7 27 54 52 6 30 45 46 31 26 24 53 43 32 1 49 10 47 12 18 19 14 51 50 22 44 37 60 36 39 41 
18 30 46 47 51 28 52 58 57 38 60 34 59 36 37 24 42 1 39 11 54 31 50 43 45 15 17 5 41 22 6 21 7 32 44 26 35 33 49 27 16 55 
39 35 48 33 52 18 7 54 41 21 25 13 22 4 47 43 49 16 50 37 57 2 5 46 55 51 15 17 31 59 20 24 12 23 26 36 32 44 6 42 58 8 60 53 11 29 45 19 
19 25 8 44 52 35 22 28 9 7 53 31 55 37 32 6 30 27 24 16 46 10 60 21 36 5 33 47 15 23 1 34 38 48 14 39 56 49 17 57 2 18 29 
60 17 19 34 46 26 14 44 38 7 50 33 40 32 4 27 39 36 52 20 24 47 55 59 48 53 43 37 22 49 6 3 25 29 16 28 10 51 8 
7 39 54 26 28 30 2 55 4 43 34 32 31 20 29 52 59 25 48 47 37 5 16 53 1 56 58 3 49 19 6 33 45 46 14 17 15 36 57 51 41 35 10 42 27 44 50 38 
31 4 30 53 26 56 25 43 52 45 13 5 42 12 29 50 48 58 38 27 24 28 60 47 11 46 39 59 35 37 40 23 34 7 16 17 54 21 44 32 55 2 33 8 
16 13 59 11 10 40 32 39 25 43 17 50 44 21 35 48 49 56 38 30 46 58 5 22 41 27 31 23 60 57 4 7 33 37 36 20 47 29 9 8 54 55 3 42 
36 52 22 10 44 32 33 12 58 18 19 42 27 35 5 41 31 20 25 51 39 9 60 29 59 2 26 13 23 48 28 17 54 53 24 34 57 50 47 14 30 7 46 11 15 55 45 6 49 8 
37 38 3 21 16 49 1 18 6 24 55 46 22 51 4 39 32 42 5 44 29 9 41 26 43 53 25 11 20 13 52 35 12 34 10 33 7 45 8 36 23 58 40 30 14 15 2 
11 50 17 19 9 52 10 20 24 43 23 36 48 22 26 27 38 54 49 30 5 8 58 51 44 42 34 31 6 47 59 16 28 37 57 56 45 46 40 2 32 
59 30 22 26 53 41 10 12 21 27 58 11 5 43 48 35 42 28 2 16 7 45 36 39 8 31 46 13 54 23 47 34 20 60 18 25 49 6 32 55 24 
31 34 29 53 4 18 55 54 48 16 15 60 39 59 32 56 43 41 24 50 2 12 1 38 17 27 46 10 7 33 51 35 37 45 5 36 28 13 22 23 42 21 19 58 
55 52 5 39 49 50 9 26 31 46 20 27 43 14 10 36 37 7 24 38 3 58 1 40 59 60 17 2 19 30 48 57 29 34 15 28 51 47 23 11 
20 42 29 25 17 12 15 26 36 60 7 57 4 1 58 30 23 11 38 50 32 49 47 35 52 34 10 33 6 18 56 55 19 39 28 27 9 8 53 16 37 51 46 2 3 
58 54 17 27 32 51 39 53 31 55 33 29 46 15 20 14 2 28 48 25 16 26 44 50 45 19 49 24 56 60 47 42 6 3 8 37 38 10 11 21 41 18 34 30 1 36 4 22 57 35 40 7 43 
59 34 39 52 46 60 14 58 12 19 38 3 21 17 30 50 36 26 56 45 43 33 54 6 35 10 44 32 27 16 51 49 11 23 42 20 31 8 28 57 9 18 25 
2 48 1 51 27 12 32 16 19 39 35 17 50 56 6 13 53 54 41 11 59 38 55 10 30 36 22 24 5 58 49 33 15 4 28 45 7 14 60 23 
3 38 6 30 14 2 7 58 24 32 28 43 31 44 27 17 54 33 18 4 60 36 19 34 13 12 52 55 47 49 8 46 9 1 37 39 57 10 45 5 56 16 53 21 22 23 
38 57 31 3 60 15 13 44 7 49 52 12 51 29 45 54 9 55 39 30 23 2 14 32 33 20 26 59 18 34 16 4 21 19 8 50 25 40 42 41 46 11 22 36 5 24 35 
35 31 34 51 13 14 1 9 40 22 50 19 2 23 16 3 60 21 24 43 47 4 54 18 37 41 25 30 38 26 36 12 11 46 29 20 49 
4 30 48 21 32 14 51 17 5 58 23 37 36 2 15 54 13 12 11 1 41 50 35 43 44 28 55 27 10 22 40 42 57 6 3 46 56 52 34 16 20 60 59 53 
45 39 21 5 56 33 52 54 3 13 32 24 50 48 23 36 28 31 8 14 25 57 46 29 40 42 11 17 1 27 43 18 16 22 26 49 44 55 47 2 15 59 9 38 19 58 
30 24 14 8 21 28 23 20 1 10 26 59 37 27 4 46 56 48 41 34 32 19 54 39 33 6 36 9 16 2 15 52 5 42 13 18 3 49 55 58 51 11 57 40 53 44 
40 16 45 52 15 57 27 22 53 30 11 54 38 42 44 41 36 18 25 35 31 20 23 39 8 9 59 5 56 49 33 13 51 17 24 60 6 47 26 46 29 10 43 12 58 19 37 14 
53 15 23 38 10 22 31 32 34 4 14 46 27 9 26 35 37 13 57 20 40 60 41 30 16 5 25 12 56 58 51 42 48 1 24 39 3 55 17 49 43 36 11 44 
6 18 37 29 7 42 23 4 21 59 40 36 47 14 2 5 13 41 17 50 48 19 20 52 38 45 22 28 24 16 31 12 27 33 51 43 55 54 58 9 11 56 1 26 
6 19 22 43 47 36 33 29 15 16 45 10 55 58 7 28 41 17 49 44 40 53 3 2 9 57 32 50 25 14 42 23 27 59 39 38 24 13 11 4 54 20 1 
21 43 48 4 7 58 31 13 16 50 19 8 55 17 9 5 33 56 40 20 24 47 3 35 49 26 25 12 30 15 32 6 46 53 29 52 22 18 57 27 34 23 37 28 38 11 2 10 
3 12 2 15 55 48 40 4 36 52 51 14 21 59 20 18 49 33 43 34 17 5 45 23 50 46 9 8 11 32 28 53 22 10 13 6 31 26 38 29 57 7 1 56 
40 34 54 47 30 48 25 15 32 12 24 41 35 42 7 17 43 20 26 13 28 22 27 33 23 18 51 36 21 37 9 5 60 44 6 49 3 11 1 58 56 50 53 14 
4 60 10 12 32 53 15 21 42 56 58 45 47 8 33 3 24 49 20 6 22 19 25 54 9 27 23 50 16 1 5 35 30 48 14 13 43 11 17 2 44 26 31 
47 28 1 6 42 8 48 57 34 31 21 46 12 27 17 45 14 7 30 50 33 15 18 38 55 35 32 3 37 58 56 23 29 36 52 
58 51 50 46 16 32 29 1 59 2 17 13 6 34 3 55 20 48 35 45 44 38 15 9 47 27 33 8 31 42 23 19 43 10 28 25 52 54 53 
58 13 14 33 50 59 45 40 24 41 19 1 18 54 16 60 17 4 52 53 20 35 39 55 10 15 23 34 32 27 43 49 38 31 46 30 9 22 2 57 56 29 51 
2 60 30 3 6 18 28 52 19 54 39 24 44 1 46 53 15 8 14 42 12 41 56 17 37 7 9 26 34 10 29 23 38 55 59 50 33 45 35 47 13 20 32 4 58 49 36 21 
53 16 43 5 2 11 12 35 26 23 46 45 60 32 4 55 41 13 10 39 27 52 7 8 54 24 50 49 14 33 17 58 9 15 1 57 31 48 30 59 18 38 56 29 
35 23 3 14 27 4 17 34 26 8 40 51 5 58 24 30 18 56 16 53 19 20 49 42 39 55 43 13 54 50 41 25 37 44 9 52 10 60 32 
36 57 23 20 43 15 5 6 4 24 50 58 48 22 17 14 56 12 32 16 8 51 21 31 29 30 40 41 60 13 49 59 42 3 28 1 9 7 10 26 19 33 27 44 18 11 37 
11 13 53 23 35 41 16 26 52 10 15 8 50 49 60 22 48 14 43 39 38 32 36 6 1 18 30 59 7 34 5 19 9 12 51 28 40 58 56 57 4 21 
34 51 59 44 39 1 37 36 33 2 41 18 58 57 12 16 21 60 11 19 56 25 13 8 38 20 47 23 53 31 29 50 10 55 40 54 15 4 14 30 46 5 3 
28 52 17 23 9 4 47 39 6 46 57 15 35 32 21 11 31 12 8 24 3 37 56 33 60 38 36 43 7 16 54 42 53 2 25 30 19 45 44 10 13 55 27 18 22 50 26 
40 45 54 14 27 29 34 36 51 48 56 28 60 23 1 18 46 25 43 5 39 20 15 13 59 42 35 22 10 8 4 16 57 49 30 41 58 38 44 47 9 24 21 12 37 
8 57 25 42 41 17 31 23 32 4 55 6 50 5 37 22 24 16 48 45 10 60 7 46 29 47 28 13 33 34 2 54 20 18 21 27 12 9 38 
47 54 42 60 18 49 59 58 29 16 9 22 27 24 11 34 4 1 32 3 17 55 40 45 36 14 43 12 2 6 10 5 37 13 31 44 41 30 8 26 57 21 
56 25 12 6 32 8 49 11 33 5 13 1 48 37 44 10 38 41 45 22 2 16 19 36 26 59 43 17 35 29 42 14 23 20 39 31 47 58 
7 24 1 2 43 42 31 41 4 29 13 26 49 34 8 50 56 15 59 51 18 35 32 16 9 14 25 20 60 45 3 23 19 10 27 48 38 44 28 52 39 30 
45 22 57 21 29 30 51 14 58 1 23 13 9 48 52 8 15 19 44 37 27 60 34 36 26 43 12 31 49 41 59 17 7 25 20 10 11 42 35 40 16 6 33 56 
55 43 36 8 48 6 54 25 40 33 45 11 7 49 1 46 57 32 44 42 30 23 53 18 39 26 34 14 47 31 3 22 4 13 29 15 38 37 20 50 58 24 
26 22 18 9 60 5 29 37 24 8 56 13 27 23 58 48 36 35 51 30 47 50 44 55 32 59 52 16 1 49 3 42 46 10 33 31 11 21 40 2 15 
5 17 60 42 10 2 35 15 24 48 30 44 40 25 3 34 13 31 1 38 23 53 52 50 26 7 41 29 19 36 9 43 57 47 55 45 18 20 39 6 32 14 21 33 22 4 46 16 56 
30 18 27 46 60 14 52 13 3 47 43 20 44 9 6 29 25 15 10 48 16 7 1 32 31 19 24 42 55 2 50 35 34 41 12 54 57 21 53 37 5 
54 4 47 24 27 10 38 15 26 6 45 19 55 25 51 52 48 12 5 23 39 44 46 58 28 14 22 9 43 8 21 29 49 33 59 20 50 32 16 57 42 11 
