60
27 51 33 42 57 21 45 50 36 12 6 
21 13 46 23 56 24 12 20 28 3 60 45 51 15 22 14 4 
2 13 7 14 15 47 31 16 42 21 32 46 18 26 
60 56 12 48 24 46 29 2 28 38 18 53 6 27 21 15 
41 53 17 32 57 27 39 13 56 
54 46 11 32 4 1 50 35 51 59 9 18 57 
3 10 40 60 9 14 56 50 55 32 33 43 42 28 52 11 
43 39 17 12 27 20 52 37 50 56 13 40 41 58 15 
55 52 47 42 33 54 20 7 49 56 24 6 48 12 
23 34 56 31 39 38 14 25 24 7 12 57 
37 28 6 32 50 19 23 7 51 47 
2 58 21 50 4 28 1 56 30 9 18 51 37 13 8 40 10 59 55 
5 43 48 60 2 39 52 51 12 3 17 8 27 23 59 29 
22 50 52 32 59 7 10 2 3 33 60 23 28 43 
34 8 21 24 59 18 2 35 4 25 45 42 31 3 
45 33 55 50 24 32 31 34 41 36 3 22 57 30 26 
60 37 20 5 25 51 52 13 45 8 33 46 19 35 43 56 
39 4 34 6 36 15 12 52 51 37 45 27 19 56 28 44 3 40 25 20 22 50 
47 17 49 42 57 27 30 60 25 32 22 18 48 37 35 24 33 52 11 
9 46 18 40 2 22 31 59 57 42 25 17 8 33 
53 28 39 29 35 26 48 2 15 1 3 12 41 33 4 45 43 31 
57 44 2 45 60 55 52 18 19 26 14 58 32 34 43 49 16 20 
50 26 44 24 60 2 13 41 14 11 10 42 
27 49 40 23 50 29 4 53 54 58 36 9 19 41 16 2 48 56 51 43 10 15 
27 15 46 20 18 33 34 10 45 59 17 39 50 48 19 
44 3 46 47 60 21 22 49 23 38 16 
19 24 47 35 8 25 36 31 1 13 18 40 5 30 28 38 43 51 4 53 58 
14 50 42 4 2 21 7 53 11 31 12 30 45 18 27 43 
13 46 24 53 43 39 36 4 55 32 30 48 52 54 47 21 
46 28 32 44 29 27 12 19 38 41 45 51 16 
16 28 40 3 10 33 43 48 27 15 38 20 55 21 
11 7 16 22 46 19 56 42 5 6 3 45 36 30 51 14 44 49 33 29 43 
25 58 14 19 17 1 43 21 55 20 16 48 32 9 31 7 
10 37 22 25 57 42 45 16 18 15 
58 19 59 44 21 6 27 43 17 57 15 41 39 53 
27 16 29 45 1 18 43 24 55 32 37 60 
57 42 34 36 8 49 12 19 11 43 18 17 52 
10 48 27 26 47 57 52 40 31 49 30 4 56 
25 50 21 5 8 10 42 35 13 29 51 41 18 46 58 
8 31 20 38 54 60 27 41 49 7 12 18 47 24 58 44 55 48 
8 39 5 24 55 30 46 35 23 50 21 16 58 40 43 
1 20 9 50 32 15 28 39 23 37 49 47 34 3 44 7 56 19 55 
21 17 41 33 29 35 7 27 28 22 13 45 46 8 14 56 31 32 54 24 36 37 
55 42 32 47 22 57 30 18 26 56 35 45 40 23 
1 52 44 60 36 25 50 28 15 21 55 22 34 16 17 43 18 59 2 32 30 
43 39 32 25 4 30 3 29 47 26 57 20 17 2 41 6 
9 29 46 42 60 38 40 11 58 19 26 44 3 27 50 
54 60 4 38 33 24 29 25 19 56 58 40 57 31 55 9 13 21 
59 38 51 40 42 32 19 22 9 37 24 26 
1 42 24 14 41 28 25 7 39 6 23 12 8 47 45 58 16 11 18 
32 1 6 53 2 56 12 27 11 17 24 30 18 39 13 49 
38 7 19 17 45 14 18 13 22 29 8 9 37 
55 28 35 57 24 60 21 29 27 51 59 5 4 
40 29 43 6 48 9 24 
36 42 41 40 48 12 9 29 44 16 45 53 59 58 7 31 33 22 
38 5 32 10 60 8 9 48 42 44 2 24 51 7 12 17 43 18 4 
20 16 10 1 19 22 53 5 38 6 35 46 37 44 48 34 
47 33 8 22 50 40 55 39 41 24 48 27 12 35 
6 25 55 60 45 53 12 49 20 15 14 35 13 
47 36 23 45 48 4 56 26 17 19 22 13 2 53 59 14 7 40 