60
51 4 45 8 31 28 58 48 30 3 17 55 7 
9 56 48 8 51 37 26 58 35 3 47 31 53 
12 2 56 14 13 33 34 39 54 27 1 18 43 17 28 23 51 
8 47 43 45 9 12 1 28 10 46 49 29 32 44 41 
37 31 9 44 6 22 17 8 47 39 35 28 23 
35 53 25 31 57 20 13 5 28 56 60 41 12 
58 60 20 16 1 35 11 26 47 57 39 43 
16 26 31 4 55 14 50 56 2 1 5 29 58 
32 4 55 2 34 60 24 18 35 30 5 41 21 49 
19 28 31 60 53 27 24 42 17 18 40 32 49 12 4 26 15 
36 57 7 32 31 59 27 29 26 56 38 16 22 
27 23 6 10 22 3 29 57 4 37 40 47 52 
46 31 3 6 18 41 39 20 38 57 60 43 48 17 
3 8 51 46 50 22 33 19 32 
21 34 46 44 22 26 59 35 41 50 57 10 
31 25 17 11 7 58 27 60 33 34 22 55 48 36 8 
45 30 3 27 53 41 34 51 44 37 25 10 16 13 58 33 5 56 1 
21 10 3 53 32 37 54 9 13 23 35 
37 52 34 10 32 39 57 60 45 23 14 47 
34 57 26 37 51 39 13 23 32 55 53 6 7 52 
33 36 47 15 27 26 52 35 42 32 9 25 37 18 
5 47 15 14 41 24 35 12 55 16 30 45 52 60 46 36 11 54 23 38 
19 57 22 54 18 31 3 44 27 12 60 58 25 20 30 5 
10 47 46 48 9 22 
26 49 40 47 17 23 31 16 6 60 51 21 55 41 34 
7 8 39 35 30 21 20 2 25 58 27 41 10 28 11 53 15 33 
16 17 57 12 26 3 54 46 47 40 37 23 38 10 21 59 11 
5 1 6 33 59 43 3 26 51 10 34 4 38 31 32 55 56 
4 11 58 39 12 8 55 
22 60 33 58 41 1 9 53 38 50 55 47 17 26 37 23 46 39 52 45 
32 25 8 6 10 60 45 43 11 51 1 2 13 28 40 23 57 16 5 
36 10 9 18 11 39 4 28 40 31 14 59 58 49 21 57 19 45 20 53 55 
41 26 53 55 14 47 38 30 34 28 45 40 21 17 43 3 16 42 
16 17 19 54 20 52 15 33 3 28 48 60 9 25 
9 15 45 2 48 50 41 54 6 18 5 42 60 22 7 49 37 21 26 
38 40 52 32 22 16 21 59 45 11 
50 47 21 30 17 19 12 20 43 27 57 2 35 48 5 18 
11 22 60 13 30 36 33 27 28 52 56 
3 30 56 7 48 55 5 26 32 19 20 29 13 
25 27 31 55 32 12 10 54 33 59 48 51 52 36 
54 30 17 22 15 57 6 13 4 59 51 9 43 35 25 33 26 
59 49 10 43 44 21 33 35 53 
45 7 33 28 3 4 46 37 44 42 41 58 31 13 
42 46 23 43 52 5 48 15 59 17 4 54 
32 22 17 4 33 30 1 35 52 36 60 56 19 31 43 
27 13 59 50 24 22 4 30 14 15 44 43 
51 5 12 33 4 21 49 19 37 25 30 54 2 27 48 7 24 22 
51 13 2 44 34 47 24 40 16 35 39 59 37 1 55 58 
25 42 35 4 60 10 32 9 47 
37 52 30 8 35 14 46 58 55 54 15 
41 31 17 28 48 40 1 3 20 54 25 59 14 2 47 55 
50 44 57 20 36 60 38 12 34 22 45 30 21 40 19 
17 58 32 30 60 33 18 2 10 6 26 20 42 
34 22 3 18 44 59 50 40 23 27 41 35 58 47 51 
9 33 1 30 16 8 32 22 40 29 48 28 58 51 25 20 50 39 60 
11 28 8 39 2 17 45 6 3 60 38 59 
27 13 12 20 23 7 31 32 15 37 19 11 52 6 60 41 59 
17 23 60 32 16 54 8 50 48 53 29 26 55 43 2 7 1 30 
44 54 27 15 57 28 11 48 36 40 42 41 51 56 46 32 
13 23 49 53 10 22 16 56 55 25 52 30 9 19 58 57 6 31 38 45 35 34 7 