60
38 23 29 40 12 4 48 45 46 30 42 58 21 8 13 6 32 37 41 14 18 15 5 26 55 56 19 25 9 27 11 53 31 2 60 20 16 51 3 49 44 57 33 43 52 10 28 
23 36 29 24 4 3 6 16 15 56 14 57 55 22 11 43 59 26 17 45 58 33 60 1 13 50 18 46 31 5 40 41 30 54 39 25 48 7 9 47 10 53 27 
60 37 14 8 46 43 54 50 51 22 57 52 59 18 11 56 15 6 44 24 42 27 19 38 39 49 2 29 58 23 35 32 12 34 20 41 28 33 10 13 9 1 26 53 5 4 
35 3 10 29 7 18 37 49 17 51 48 45 36 31 6 58 43 56 25 26 39 52 14 24 54 60 59 21 55 23 34 5 38 41 57 2 13 20 1 42 47 40 19 33 8 
1 58 4 12 45 18 53 2 52 29 24 9 38 28 44 17 20 15 19 25 50 57 3 7 35 10 14 23 56 26 59 21 32 8 13 16 31 42 47 11 27 22 33 41 36 55 60 37 49 
45 57 35 15 52 29 8 23 20 42 13 46 47 60 21 18 25 7 27 56 2 58 34 51 14 44 50 1 28 19 12 11 38 41 3 22 49 54 53 16 36 39 55 26 4 
36 39 47 14 29 25 28 32 12 31 9 8 56 59 10 55 34 21 60 5 15 46 37 40 48 4 18 11 16 42 24 54 27 6 22 49 43 44 35 57 30 2 41 20 45 
54 16 34 45 51 29 5 35 19 46 53 15 10 24 39 25 37 7 21 60 31 14 17 27 43 4 22 3 49 20 42 33 1 6 38 26 57 28 12 56 44 32 59 11 9 13 41 
41 3 11 54 49 33 14 13 47 24 59 25 42 7 32 5 52 1 22 43 21 23 34 16 51 8 38 60 36 30 26 19 12 27 56 31 10 53 18 39 2 
2 49 46 11 34 18 48 29 28 30 51 41 43 37 7 4 45 52 19 9 20 31 5 58 54 44 25 17 23 53 39 56 55 13 35 8 57 32 3 22 1 50 12 36 38 60 16 21 
44 39 25 2 46 7 6 43 3 38 40 52 10 47 17 30 1 18 15 26 23 12 58 16 9 42 57 29 48 31 32 8 27 24 19 55 13 21 59 5 60 20 14 56 49 
57 40 29 37 8 5 54 20 1 11 9 13 60 49 38 50 7 28 25 47 51 42 52 15 43 30 48 18 56 22 3 46 6 39 10 17 53 32 14 34 31 27 26 45 33 55 
1 52 18 19 53 42 56 6 29 38 40 21 20 31 28 9 39 44 11 25 3 2 45 46 16 30 58 33 50 5 36 14 24 27 12 26 15 60 10 59 8 37 4 
28 51 7 41 9 27 30 54 31 33 11 19 55 42 34 38 44 2 17 47 60 23 26 5 57 3 40 13 29 59 1 15 24 22 16 4 21 8 36 45 32 53 52 43 35 58 6 20 25 12 
35 1 23 22 14 30 58 2 6 19 54 36 43 26 56 5 42 31 47 51 33 57 16 28 13 45 60 27 7 39 18 53 52 12 49 50 20 40 24 38 17 46 3 8 25 44 34 48 11 37 
11 56 15 45 31 54 13 55 9 42 43 32 10 38 30 24 52 22 26 25 53 14 41 44 50 20 37 59 1 58 29 7 8 5 2 27 34 36 47 6 39 48 51 
37 47 41 50 34 10 32 23 22 29 54 11 15 4 57 26 27 48 60 25 51 5 12 39 2 14 40 46 45 20 30 56 24 52 33 8 35 42 
2 36 26 4 39 38 56 54 35 34 51 40 28 7 6 1 3 47 9 13 33 57 19 46 41 5 11 21 44 20 15 37 53 59 12 60 48 22 30 50 23 25 10 42 
45 37 11 40 38 1 57 6 50 20 29 8 9 56 5 3 44 18 51 47 59 22 31 10 26 14 34 27 15 55 39 48 4 13 33 32 58 
18 36 10 14 11 55 31 46 28 23 24 54 42 12 3 43 49 22 38 5 6 40 4 13 8 60 26 17 16 25 57 21 59 44 33 32 1 47 56 15 51 50 19 58 48 39 52 7 53 27 45 34 37 
14 56 25 6 41 13 36 38 58 49 1 30 34 22 10 42 4 7 40 52 11 51 50 55 47 20 60 5 27 43 39 57 8 9 53 26 35 23 18 28 
18 58 8 60 38 3 59 39 29 27 15 5 10 46 44 19 20 47 12 32 33 35 55 16 2 40 7 51 37 6 41 45 34 57 31 30 21 48 9 14 17 52 54 
28 10 60 40 44 5 2 4 48 33 45 25 51 14 24 52 59 46 15 41 30 49 37 20 9 1 11 47 35 55 6 34 32 29 39 58 50 42 27 17 31 21 3 18 43 38 57 
16 15 14 2 57 25 43 4 59 17 50 3 53 58 44 52 5 51 20 60 27 11 13 33 23 36 8 45 7 32 41 39 40 55 29 31 28 48 49 56 9 35 46 
56 47 30 54 40 23 18 27 1 24 49 32 58 6 44 41 2 13 51 46 8 12 29 43 53 48 50 10 11 37 52 20 36 9 42 21 33 5 26 59 57 4 14 7 15 55 17 16 31 
25 31 38 60 59 9 3 30 2 8 34 6 50 41 35 42 37 54 5 19 29 45 15 13 16 12 53 58 33 56 49 4 17 55 51 32 18 1 11 27 44 40 52 57 21 47 20 43 14 39 
17 55 24 25 8 51 15 26 48 5 47 21 31 16 14 29 40 13 37 3 52 39 30 32 1 43 45 12 22 60 7 11 20 56 6 38 58 19 36 9 53 28 33 23 2 
42 47 58 45 33 46 8 18 56 40 52 20 24 30 55 21 57 3 10 27 44 60 41 23 53 7 32 6 43 51 14 5 13 15 50 54 12 34 36 1 35 
46 47 38 6 22 39 56 17 25 12 24 10 19 37 27 30 14 53 35 3 40 4 50 34 49 23 8 7 43 5 32 26 55 16 11 33 48 51 13 1 2 
9 14 28 50 31 13 16 17 60 48 7 58 59 53 45 25 57 1 2 18 10 34 12 21 22 47 44 51 36 43 38 41 42 26 27 15 23 49 56 29 11 52 
39 22 37 14 53 20 49 48 9 33 54 36 16 23 25 47 58 15 56 55 50 4 43 38 30 59 57 8 10 11 12 27 41 60 52 5 2 1 7 34 19 44 13 24 46 35 26 
27 37 43 14 7 34 52 5 47 40 44 20 46 39 3 42 8 24 17 35 11 53 50 16 23 49 1 54 9 12 29 22 51 56 41 19 33 60 26 25 45 57 10 36 28 
60 5 53 44 26 40 51 46 29 17 52 19 31 57 2 27 36 32 22 34 56 42 12 23 45 59 20 58 43 28 15 14 18 24 48 4 1 3 49 54 55 37 9 50 38 13 8 25 
54 51 59 7 16 21 33 60 50 3 41 39 49 57 42 35 12 14 19 18 20 29 36 37 56 30 31 9 6 38 4 8 46 53 52 28 17 26 15 10 23 22 32 44 
40 51 55 26 18 56 52 15 22 24 23 14 31 58 34 21 17 41 8 60 54 50 53 57 29 5 46 42 7 45 4 6 10 44 28 37 32 3 
4 20 51 57 34 40 31 49 21 56 15 25 24 13 37 28 9 33 27 10 38 30 14 6 16 7 54 39 52 59 58 2 50 5 41 42 55 44 32 18 45 46 
31 26 7 59 8 5 33 51 58 35 60 53 15 27 13 55 43 20 16 22 18 23 12 45 49 17 57 50 10 36 25 32 46 42 29 1 4 19 52 56 34 3 44 
9 33 56 54 48 5 16 6 40 58 22 3 60 18 36 23 44 50 21 31 11 34 59 19 57 26 47 13 1 29 12 43 14 27 8 39 15 55 53 4 10 30 20 49 
29 57 16 31 27 50 22 12 15 3 44 20 21 52 32 2 17 46 19 10 59 48 54 47 7 23 24 11 34 6 8 55 18 4 36 13 58 9 45 26 38 
38 21 35 32 43 1 51 18 45 56 2 52 29 23 20 46 15 42 24 44 49 26 11 12 58 14 17 22 55 7 48 19 28 4 36 50 27 13 47 25 53 54 33 
28 25 2 26 4 52 18 10 35 43 36 44 22 46 21 31 8 47 24 32 60 1 54 17 23 49 16 14 55 6 34 3 30 9 5 7 51 53 
25 36 51 1 5 56 28 6 48 49 15 20 7 43 35 4 45 21 32 8 37 55 17 14 40 53 60 47 30 13 11 9 50 12 46 34 57 16 18 26 23 33 52 3 
27 25 46 3 21 58 38 56 23 16 41 7 29 20 8 55 10 49 32 37 59 47 30 24 14 33 54 1 28 12 48 40 45 51 50 26 11 9 15 31 42 2 60 4 
38 24 30 19 34 6 40 58 41 7 55 8 5 57 20 48 31 52 14 39 10 33 37 28 13 47 3 11 1 23 46 16 22 53 32 36 54 26 49 18 15 35 25 
52 30 24 28 5 60 32 51 26 49 33 47 56 6 35 10 27 39 40 46 14 23 7 42 36 2 20 13 59 50 8 43 22 15 55 12 54 19 16 17 37 4 1 48 
10 25 47 44 22 18 29 50 23 42 2 31 55 13 17 3 12 32 35 48 1 7 57 24 52 37 6 39 36 45 20 33 15 60 28 34 51 41 40 11 58 8 43 
7 20 17 16 43 53 11 57 31 19 5 2 15 42 26 40 39 29 12 30 4 18 51 23 21 38 56 46 9 41 44 32 54 45 25 58 6 55 50 22 28 59 48 27 14 
17 7 11 44 10 46 2 40 54 47 20 38 25 22 29 52 57 12 39 56 30 60 49 23 16 31 4 43 15 18 19 42 27 24 33 55 45 1 
30 21 5 10 38 32 1 36 48 6 11 51 4 29 58 8 43 33 40 44 45 55 26 23 52 7 12 60 31 25 24 42 59 53 9 34 37 50 15 57 41 20 3 
53 47 33 10 26 31 49 46 19 3 13 24 17 57 15 43 25 28 6 23 21 12 16 18 32 5 55 36 39 20 45 2 34 35 38 30 29 42 59 54 37 40 60 
22 8 15 24 37 27 57 45 10 42 58 28 25 30 21 49 1 56 32 3 59 18 29 26 14 12 9 41 60 43 20 4 54 35 6 55 19 17 34 53 16 40 47 33 46 36 23 
13 20 59 48 31 25 24 14 49 23 40 35 57 32 4 33 17 3 45 21 16 46 44 37 34 42 9 12 5 27 53 10 28 6 39 22 15 11 60 41 30 36 26 1 
55 34 51 58 47 2 54 25 5 50 40 1 13 42 31 28 21 60 32 30 49 24 56 44 9 20 41 57 38 37 14 6 33 15 12 35 52 27 29 18 8 3 26 16 10 
40 43 32 44 39 16 18 41 34 22 48 7 3 9 55 38 36 56 10 53 20 2 15 57 14 6 60 47 4 58 51 35 31 50 12 33 45 26 25 8 17 28 
45 58 57 59 1 20 28 25 54 33 14 39 37 35 10 47 12 36 38 49 22 42 23 7 4 41 2 19 27 5 11 6 44 31 48 60 24 21 16 50 51 40 46 43 53 26 29 
16 13 4 53 21 36 27 6 11 28 29 43 2 3 34 5 30 35 26 10 18 7 48 1 40 59 54 31 38 12 47 15 51 24 19 17 20 8 37 25 58 42 9 32 33 45 
12 2 39 18 28 3 14 1 19 37 46 42 44 47 32 38 36 23 49 53 7 51 22 8 4 54 48 17 10 33 20 11 21 24 34 50 35 31 30 25 5 6 52 55 26 15 
14 54 20 40 21 13 1 15 38 4 30 44 2 26 6 27 59 24 5 56 16 10 19 49 55 35 39 47 31 37 53 11 43 46 60 36 22 51 28 3 23 33 25 
60 56 2 20 23 58 16 55 7 5 47 45 38 34 33 31 25 19 30 4 39 14 50 11 22 51 26 36 9 43 49 3 52 24 37 18 13 8 
21 20 51 58 13 28 14 50 31 49 4 43 59 38 1 55 52 11 33 26 6 53 23 35 15 3 12 34 9 45 2 7 24 30 32 37 5 8 48 10 41 17 27 18 22 54 42 46 
