60
14 20 55 4 28 18 26 12 24 2 19 44 32 13 17 57 21 50 48 5 52 33 38 16 43 9 51 35 46 37 58 3 10 7 60 39 23 31 49 22 59 6 
41 44 18 21 11 5 47 40 35 28 32 34 42 37 56 31 6 57 8 53 29 33 23 15 7 9 54 1 50 48 39 43 24 14 30 45 52 13 19 16 
23 25 41 14 38 40 57 30 58 43 28 51 32 56 22 53 18 49 60 35 16 44 1 24 4 26 47 6 36 48 8 46 42 10 29 31 9 39 13 7 59 55 12 20 50 37 15 27 52 
52 17 39 3 11 1 43 25 53 22 44 55 57 49 37 42 46 45 18 9 59 29 56 16 24 12 31 21 32 41 48 6 26 60 13 35 10 15 36 33 47 28 
29 54 40 47 60 49 30 58 39 24 20 32 1 48 41 38 35 43 6 17 46 11 19 25 44 34 13 28 55 26 56 53 50 7 42 2 51 18 59 37 10 15 
43 21 22 35 41 56 52 33 28 26 2 50 55 49 42 31 45 51 1 40 60 30 10 4 27 47 5 15 7 19 44 48 25 11 3 54 36 57 59 32 23 12 
37 34 25 40 26 20 53 9 15 54 52 27 44 48 60 35 13 51 38 14 36 24 43 41 23 18 3 49 50 55 39 31 2 59 33 46 30 28 5 8 1 29 32 42 58 6 19 
53 55 38 19 7 51 56 20 28 22 11 2 27 21 58 37 59 48 30 50 12 46 42 54 33 17 10 15 18 24 36 57 41 3 26 31 49 32 34 52 45 44 16 13 60 47 43 25 23 
50 42 1 15 41 59 54 53 51 36 20 44 31 12 43 25 52 13 2 29 7 39 37 10 19 23 49 3 48 38 26 46 40 60 45 47 56 11 4 17 24 34 55 28 
1 28 23 56 35 9 55 40 6 5 27 29 39 36 21 58 3 8 30 22 4 31 49 32 59 46 50 33 13 57 16 37 17 42 41 12 26 19 11 60 53 18 52 47 
56 26 41 21 12 40 51 34 4 24 57 18 52 59 43 48 49 54 35 36 31 32 20 29 8 25 16 38 9 19 5 27 46 47 15 2 17 22 23 33 50 10 60 28 6 
6 17 3 18 47 14 41 52 60 42 34 56 46 38 9 24 23 10 36 1 58 31 26 25 57 8 40 11 54 13 27 59 30 45 51 55 4 44 15 29 50 33 
51 32 17 9 49 25 23 52 1 22 24 41 37 33 60 20 56 14 54 30 2 21 58 38 10 8 59 4 43 19 53 18 29 5 40 34 27 12 31 46 15 3 28 7 
37 30 56 2 19 28 54 32 29 24 47 40 27 59 13 46 3 22 43 39 60 12 18 52 38 33 35 1 50 41 7 25 31 23 48 58 55 53 36 42 34 
32 11 53 2 23 55 30 56 43 26 58 24 3 34 40 42 35 22 6 60 54 49 33 47 31 5 13 18 52 51 59 8 45 57 19 28 44 41 21 4 25 7 9 48 36 12 37 20 50 38 
27 3 22 2 48 60 43 44 29 49 56 35 59 26 58 31 25 55 36 10 50 34 52 40 4 54 57 51 18 41 8 39 42 33 32 11 38 37 1 20 45 28 19 
26 21 20 27 56 35 11 59 13 49 55 8 4 46 57 43 42 1 37 30 31 51 24 23 52 5 34 47 41 45 33 54 58 10 48 36 18 53 9 32 12 29 
49 38 7 48 55 46 15 4 8 52 33 3 22 51 12 1 30 2 16 10 36 41 23 43 53 27 24 32 60 29 34 26 58 14 39 11 42 19 44 56 17 54 13 50 5 
36 1 22 54 44 50 2 21 18 7 43 52 14 58 51 41 10 32 15 47 40 42 27 33 30 6 8 11 39 26 59 48 53 9 45 35 37 5 46 31 13 38 29 55 20 16 
37 42 55 8 26 40 44 11 39 19 56 3 17 31 9 15 13 30 16 7 49 36 23 45 5 51 21 47 54 52 1 43 57 48 46 35 50 60 25 59 29 27 38 53 
27 6 32 33 41 58 53 35 19 31 52 22 40 17 37 46 11 36 8 28 25 57 47 50 13 45 44 60 2 49 4 54 56 15 43 1 23 51 26 10 20 42 48 29 55 
43 4 48 50 53 24 51 31 16 42 55 36 45 6 60 40 1 10 18 11 34 37 39 3 32 29 19 35 28 25 21 33 56 8 38 46 54 23 14 13 15 
34 13 44 49 38 43 27 31 18 56 30 8 51 33 58 36 29 28 25 35 32 6 22 41 48 24 11 3 57 7 10 9 17 15 40 20 2 1 12 21 14 55 39 46 45 50 
55 4 14 54 17 11 38 8 32 7 1 5 29 41 33 25 23 12 9 50 52 51 22 43 48 56 58 3 18 13 46 2 44 37 39 34 42 35 36 30 15 45 
41 5 44 52 9 45 49 57 13 3 14 40 27 28 20 6 12 33 22 32 21 7 16 48 54 36 26 30 23 11 59 8 15 47 24 42 51 38 50 4 31 53 58 60 56 37 
53 10 8 17 49 46 39 36 48 57 47 52 40 43 7 35 3 19 58 4 31 41 16 9 56 12 50 55 27 15 21 54 5 30 59 51 28 1 20 34 37 11 38 18 6 33 25 29 
57 21 30 14 13 40 7 33 49 29 26 42 34 51 16 19 10 11 58 37 23 55 43 12 50 20 17 41 8 38 48 3 39 18 28 35 46 60 6 47 25 59 32 45 31 54 
46 13 21 44 55 32 9 27 49 2 3 26 30 60 50 38 42 16 22 51 34 23 33 6 52 54 11 58 40 14 29 4 45 37 36 43 25 8 47 39 5 48 10 1 35 15 7 
27 2 56 7 16 28 55 50 44 30 40 37 35 36 24 18 51 59 45 31 20 58 48 46 19 22 26 9 3 53 32 60 14 47 4 12 52 10 38 43 5 34 17 39 57 23 11 21 13 54 
12 59 58 60 3 6 42 34 19 53 37 24 49 56 54 7 5 35 23 2 55 18 17 25 43 51 45 10 8 29 57 14 20 31 47 38 48 28 15 52 39 13 26 27 
57 59 27 29 35 11 15 56 36 50 16 34 14 26 20 54 10 46 48 19 42 30 9 45 22 43 58 4 39 3 51 40 8 13 23 6 1 53 25 49 60 7 21 2 12 17 32 52 37 44 38 41 
16 56 40 43 23 17 2 28 18 51 29 44 39 54 24 4 49 50 35 37 21 6 7 38 11 57 31 3 46 48 59 5 19 45 22 36 13 60 33 1 10 15 47 55 14 58 25 8 27 
48 16 46 15 12 37 44 43 22 4 56 24 40 38 53 1 27 47 10 34 2 25 17 54 58 21 7 49 13 35 41 28 8 6 59 57 14 26 19 23 39 11 42 32 18 
56 35 53 14 54 30 42 8 7 29 23 55 39 38 36 40 60 31 51 13 41 45 48 46 52 27 26 59 22 37 50 17 12 9 24 57 33 49 28 16 2 5 11 15 58 18 
5 45 51 24 44 28 46 27 20 37 58 23 29 14 30 38 2 6 21 10 19 22 26 7 16 56 57 41 54 39 17 36 43 1 33 31 15 48 4 11 32 34 3 59 
48 11 52 8 51 14 20 4 58 10 24 40 57 47 31 34 26 54 7 32 17 6 49 37 55 50 43 22 35 46 45 18 21 16 12 28 39 3 23 19 42 59 9 38 29 41 25 15 
31 41 8 3 35 17 33 49 54 58 32 38 47 1 13 25 43 36 14 21 9 29 34 16 44 19 40 55 24 22 10 26 5 7 15 4 60 52 39 57 50 42 28 53 30 48 2 20 27 
40 13 11 52 5 19 25 14 50 42 37 31 51 32 29 41 47 23 48 24 57 56 28 33 12 46 34 16 22 8 9 15 1 27 18 43 44 7 20 30 49 54 35 36 26 3 
18 58 31 14 51 50 29 47 55 10 2 4 19 44 32 33 34 26 5 46 9 16 43 23 37 30 49 42 3 59 7 56 48 20 1 53 40 22 35 28 36 24 27 
20 37 56 23 38 11 60 5 19 48 55 31 47 59 22 2 52 29 58 26 36 13 43 45 9 27 12 6 16 32 10 42 39 7 46 51 28 34 15 33 21 57 50 25 41 3 14 
33 34 14 36 47 60 59 50 25 55 31 5 8 15 58 2 3 49 37 10 24 56 40 43 35 18 27 26 7 57 12 23 46 13 17 19 21 45 51 52 54 6 38 4 42 11 9 48 16 
18 36 8 14 15 7 55 27 21 34 25 47 28 37 22 59 43 20 5 52 30 57 33 40 3 53 6 46 10 2 56 16 41 19 17 60 38 24 31 12 45 50 9 39 4 
15 35 5 22 8 60 40 9 59 44 13 55 19 47 54 14 39 17 6 38 4 1 11 58 41 30 2 16 26 33 21 27 24 37 48 51 32 36 42 31 20 29 23 7 3 18 28 46 45 
49 54 37 38 3 5 16 9 31 50 33 47 24 39 19 23 35 7 6 8 4 32 53 55 51 18 25 29 21 43 20 28 1 46 15 52 12 60 2 
55 29 41 54 8 25 51 23 52 17 21 35 60 32 42 56 46 30 9 40 59 48 19 6 43 28 50 36 22 24 31 2 4 27 15 20 53 34 16 47 12 
59 19 28 29 35 10 24 21 5 22 27 57 11 7 9 53 42 18 51 26 17 20 39 49 23 44 32 47 58 3 1 48 33 55 38 36 12 14 31 54 13 34 56 45 40 41 8 4 60 43 
4 45 11 29 42 15 56 44 8 3 54 52 59 51 5 21 26 39 36 2 25 12 58 37 40 19 43 50 30 10 57 55 33 17 20 41 6 28 46 49 48 27 38 14 9 32 
59 46 22 9 27 20 18 4 34 50 3 35 33 36 41 52 32 21 57 31 14 11 29 51 58 40 43 30 37 25 19 1 38 5 7 23 2 47 28 16 8 17 54 26 15 49 39 24 60 6 45 
59 50 55 26 33 15 31 4 28 47 27 37 16 3 6 36 9 46 58 54 38 17 53 1 18 57 44 7 39 34 10 41 13 30 11 48 23 5 25 56 21 8 32 20 
20 11 19 5 49 32 27 56 34 31 44 21 7 47 41 55 18 40 1 59 6 25 28 24 39 58 2 52 15 9 42 48 14 53 36 29 23 37 38 8 45 22 12 51 54 16 3 26 10 
29 6 18 45 41 47 7 21 31 11 22 43 19 58 16 23 20 9 15 53 57 52 34 28 44 38 56 25 30 3 39 59 13 60 40 8 17 50 24 27 54 48 32 26 5 1 36 12 35 46 
9 48 16 17 50 2 3 28 7 26 10 11 8 18 14 44 45 41 40 37 6 36 29 13 24 21 34 54 53 31 51 19 4 30 42 55 25 15 1 20 58 12 38 47 60 
19 10 45 4 22 59 25 8 51 15 2 29 52 46 49 17 5 21 26 33 50 57 58 31 7 3 34 14 30 9 37 39 20 44 18 56 42 13 60 54 
56 22 2 52 45 50 55 14 47 38 13 20 35 6 30 27 15 46 5 12 19 7 33 43 9 41 59 31 34 16 48 44 49 28 51 29 24 8 17 60 18 37 26 32 11 36 21 25 58 53 
46 49 15 6 36 41 3 1 30 27 10 43 16 22 54 42 47 37 4 59 52 8 44 12 18 28 32 19 9 20 17 26 7 34 45 50 57 24 39 14 21 23 5 60 40 56 29 58 
25 26 60 42 5 6 16 58 30 8 54 46 47 49 59 33 31 45 35 2 29 50 40 51 53 34 21 38 12 32 11 3 24 15 39 14 55 17 13 23 22 4 20 9 10 18 41 
6 55 59 35 3 29 49 46 12 58 25 30 27 4 1 33 53 38 23 10 47 2 26 20 42 41 8 16 51 48 11 21 17 34 32 60 40 37 15 31 36 
40 52 33 15 47 27 1 24 49 12 7 10 41 28 37 59 26 3 46 51 5 14 21 31 35 54 57 13 23 18 43 17 8 48 25 55 50 30 36 53 29 32 39 34 60 56 19 16 
54 43 46 13 5 40 32 4 6 41 14 53 35 48 31 50 1 39 3 17 25 8 36 47 58 20 34 33 15 27 57 7 45 19 11 49 26 16 42 55 30 51 12 56 29 9 60 10 
25 4 58 51 5 6 29 8 52 9 45 40 55 34 31 28 12 11 56 15 20 41 54 13 53 44 59 18 1 3 16 10 57 14 32 21 27 48 46 22 7 43 42 30 37 
