60
45 22 23 58 28 27 48 55 6 32 7 26 16 34 57 49 29 3 52 37 14 12 20 41 4 47 2 25 19 50 9 8 33 24 43 44 40 21 31 54 11 59 38 10 42 46 17 56 15 13 36 5 39 18 53 30 60 35 51 
37 46 60 21 1 19 32 55 44 29 4 45 22 26 5 15 39 33 57 27 9 56 51 58 23 42 7 53 54 40 17 59 13 6 38 34 24 36 28 43 12 16 8 18 14 35 30 25 52 49 11 3 50 41 48 20 10 31 47 
38 10 49 58 18 52 15 55 17 20 35 48 42 40 47 13 28 54 43 37 30 51 14 22 34 50 6 56 60 32 29 23 11 21 7 45 12 1 24 27 25 33 53 36 5 4 8 2 26 59 31 9 41 39 19 16 46 44 57 
27 36 51 47 41 23 52 16 43 50 9 12 35 26 44 31 22 29 14 45 2 46 13 57 15 25 58 7 20 30 17 8 19 54 24 59 1 32 18 56 37 38 49 6 40 53 42 5 21 48 33 10 11 28 34 3 60 39 55 
40 53 50 51 46 3 24 54 42 12 7 47 17 6 28 9 33 22 4 52 31 14 10 29 20 2 26 38 11 48 58 23 56 32 34 45 55 43 30 15 21 18 49 8 36 57 19 60 1 35 59 41 27 37 39 44 13 16 25 
14 54 26 20 49 52 45 58 38 22 19 57 7 48 55 12 44 17 40 18 5 31 9 23 56 43 27 51 28 29 53 30 4 32 16 35 11 10 1 15 34 8 47 42 46 3 2 60 25 24 41 39 50 59 36 13 21 37 33 
11 34 56 8 39 6 28 32 14 21 33 59 44 50 47 9 12 58 55 46 19 25 54 41 30 45 26 17 43 13 22 4 24 2 49 27 1 51 16 42 37 35 15 52 29 23 18 5 31 38 10 40 57 36 60 48 3 20 53 
26 41 15 59 53 38 17 10 21 46 12 22 3 19 5 4 40 44 30 29 56 48 13 20 25 57 33 51 28 32 36 43 35 18 45 34 47 23 27 49 60 1 2 52 37 6 14 16 24 39 9 7 50 31 11 42 55 54 58 
41 34 55 57 11 31 44 32 49 37 27 47 59 23 15 1 30 8 52 51 36 5 39 56 54 2 16 20 45 29 46 10 24 33 48 42 38 53 14 18 43 35 3 4 13 28 12 19 25 6 7 60 21 26 50 22 40 58 17 
6 15 32 54 37 50 59 38 45 12 58 46 1 23 25 43 49 18 56 51 16 31 8 47 24 3 14 57 29 44 21 52 40 13 2 48 27 55 28 60 20 22 7 34 35 33 36 41 30 4 17 19 9 5 42 53 26 39 11 
36 34 12 23 46 54 33 25 41 57 29 37 14 26 28 42 9 55 45 19 8 40 60 4 2 18 15 5 48 44 7 20 1 50 56 21 27 43 59 49 30 22 47 6 3 32 13 53 24 39 38 10 31 52 58 16 17 35 51 
7 41 25 57 8 34 5 22 15 18 11 42 20 21 29 54 19 31 55 28 46 27 32 38 3 49 2 40 48 14 26 30 44 43 36 53 39 52 33 56 17 58 23 4 50 10 35 16 9 51 45 6 59 13 1 37 60 24 47 
8 33 58 59 43 38 51 7 35 29 14 16 60 5 30 22 37 45 9 54 26 21 55 34 56 27 15 57 50 32 25 11 6 10 46 52 17 4 39 1 3 48 20 12 49 41 47 18 36 53 2 24 19 40 31 28 44 42 23 
5 23 54 56 17 3 50 34 55 38 60 31 6 43 28 45 7 52 18 10 59 32 9 24 39 57 12 13 33 15 51 41 44 25 4 22 40 21 49 11 47 20 1 46 53 8 30 42 36 19 16 27 48 26 2 29 58 37 35 
30 26 32 50 49 5 44 24 54 35 4 25 45 11 7 58 19 9 10 21 28 46 22 33 52 53 60 6 39 43 47 37 57 17 38 23 36 40 20 55 29 12 16 42 48 3 14 13 1 2 59 41 56 51 31 34 8 27 18 
7 2 59 4 10 24 45 56 6 9 29 35 51 31 60 42 22 48 15 54 43 13 23 11 25 36 26 47 1 27 5 19 3 34 14 50 53 21 41 18 28 46 40 33 57 38 55 8 30 39 37 44 49 52 32 12 17 20 58 
16 53 29 1 54 13 24 33 34 19 6 9 49 56 30 15 8 28 23 4 51 50 55 27 52 2 32 20 10 22 42 35 38 14 39 47 40 3 37 21 7 57 60 59 26 43 46 11 58 31 25 12 5 44 48 45 41 18 36 
51 15 6 5 30 29 50 36 11 13 35 47 40 58 14 20 52 34 56 41 25 42 54 27 12 1 31 7 48 21 2 8 45 3 37 39 53 16 9 46 10 17 19 44 22 32 43 4 55 38 59 23 57 24 49 28 26 60 33 
1 18 11 54 17 56 6 47 45 49 2 10 22 58 29 5 53 37 51 42 28 23 33 57 24 8 38 39 55 46 16 14 36 30 31 35 4 59 44 40 34 7 48 13 3 12 60 20 52 43 21 41 25 26 15 50 32 9 27 
43 48 55 6 16 7 18 59 44 49 40 57 4 51 5 30 38 1 35 22 53 52 56 47 17 28 21 2 3 50 15 54 31 58 26 29 37 46 27 23 13 42 19 11 60 14 45 9 24 12 32 10 33 41 25 34 39 8 36 
49 37 23 29 59 41 52 8 24 16 39 14 19 17 54 11 6 55 43 26 4 35 36 30 7 60 57 28 2 5 27 38 18 34 22 15 25 13 31 12 20 10 3 51 50 45 32 58 40 9 42 44 48 33 56 53 1 47 46 
9 29 50 14 27 40 44 23 20 6 8 53 49 45 52 17 42 13 34 11 43 2 38 56 59 24 39 55 57 47 58 3 35 7 16 5 25 51 4 26 15 46 10 1 31 54 36 48 28 41 30 19 18 21 32 37 60 12 33 
54 6 50 15 16 10 44 26 59 18 46 5 22 25 30 49 42 40 14 28 57 19 17 29 41 58 60 47 21 48 4 56 2 33 8 7 55 36 3 38 9 43 27 45 20 31 52 24 1 39 13 32 34 12 51 35 11 37 53 
4 2 16 38 21 27 44 42 12 8 19 37 26 51 23 22 54 49 32 6 31 15 55 43 35 53 57 47 46 40 28 9 59 48 11 25 58 29 13 5 36 41 18 39 30 7 17 33 34 1 50 52 3 56 14 45 60 20 10 
3 50 5 31 43 60 9 17 40 57 54 21 8 6 48 30 47 16 19 28 15 38 24 4 1 36 56 41 53 23 51 10 18 59 22 11 35 52 42 20 58 44 7 34 29 33 13 45 49 55 39 26 2 32 46 12 37 27 14 
25 14 4 49 46 3 13 57 52 11 18 36 44 55 10 29 1 9 45 54 47 60 12 7 24 33 59 35 30 40 42 28 17 16 23 31 39 22 32 50 48 43 5 19 58 20 56 41 51 34 21 8 15 2 53 27 38 6 37 
5 41 22 36 54 40 56 33 60 1 12 23 38 47 21 34 13 44 51 45 3 46 28 30 26 18 16 35 37 4 25 50 48 55 20 2 52 10 32 24 11 42 7 58 49 6 9 53 57 43 8 14 39 59 17 29 15 19 31 
52 35 43 24 58 23 39 18 9 38 60 11 33 13 47 34 49 42 36 31 5 54 3 45 22 10 30 21 32 40 20 6 2 26 46 14 56 7 48 57 53 19 1 16 51 15 27 41 44 12 17 4 8 55 29 59 37 50 25 
27 48 7 18 22 57 17 52 35 14 32 59 1 13 15 36 60 30 26 5 56 20 8 50 33 3 55 54 58 46 38 25 28 34 16 53 9 6 31 12 23 42 45 21 51 11 44 2 47 10 24 4 19 40 37 49 43 39 41 
51 47 42 29 44 19 2 50 31 24 56 15 53 18 55 58 59 60 6 8 21 16 7 20 14 26 41 4 35 32 45 52 5 27 25 1 49 33 34 54 43 46 37 40 39 22 10 9 3 38 48 11 57 36 28 13 17 23 12 
38 60 53 5 44 18 48 47 39 40 45 2 32 21 42 55 11 58 57 50 20 26 52 34 7 4 46 16 12 23 30 29 41 13 27 49 24 36 51 1 37 15 9 54 10 43 8 28 35 25 6 59 19 17 3 56 33 14 22 
4 60 17 23 11 13 3 36 34 25 51 35 1 57 6 41 30 2 27 16 46 14 37 21 8 15 52 18 33 12 49 44 20 24 40 53 29 47 59 58 5 10 9 54 56 39 55 28 38 26 31 7 45 19 43 50 22 48 42 
28 19 15 41 53 48 17 57 4 30 58 20 38 6 46 56 37 43 9 11 22 27 51 14 34 40 7 36 45 24 18 31 50 39 59 55 54 26 60 16 13 25 49 42 5 32 23 8 44 52 1 12 35 10 2 47 29 21 3 
8 47 20 29 57 1 33 27 50 30 5 35 55 42 48 6 24 18 26 60 39 58 2 40 53 15 11 3 43 32 28 51 45 36 31 49 37 52 46 16 9 14 21 59 13 10 54 56 4 25 12 7 44 22 23 38 19 17 41 
53 16 51 31 34 3 27 48 30 17 46 55 23 14 7 26 52 13 15 43 40 39 29 10 49 2 37 11 1 36 47 58 20 38 28 60 4 21 5 33 12 56 22 45 50 42 57 6 44 54 18 25 59 19 9 8 41 32 24 
55 19 50 7 1 3 25 48 16 58 49 51 33 41 11 47 5 43 34 13 37 42 6 53 8 18 4 44 23 46 17 57 22 30 39 56 27 32 29 2 12 52 45 60 14 15 59 24 9 31 28 40 35 26 10 54 38 20 21 
8 1 42 15 23 16 58 21 25 55 54 28 40 11 44 31 26 20 19 59 36 60 41 32 12 35 13 38 17 4 47 52 10 30 27 2 24 39 57 45 29 5 50 18 33 51 3 56 48 7 49 14 9 22 43 34 6 53 46 
21 39 55 3 8 32 52 26 14 20 12 36 9 1 51 54 16 4 30 34 56 27 19 28 11 46 24 58 40 5 7 42 15 35 33 60 29 10 45 49 13 37 18 6 25 43 22 47 2 50 31 53 44 23 57 59 48 41 17 
14 54 3 38 42 26 53 51 17 29 13 58 31 19 10 7 20 57 49 30 33 41 43 6 11 60 59 52 47 16 15 2 18 32 36 4 24 9 45 56 34 55 23 27 35 21 46 8 40 22 28 50 5 48 1 12 25 44 37 
38 7 47 28 14 42 30 39 3 45 34 53 17 54 22 36 57 43 41 20 15 8 1 32 2 25 11 4 12 56 52 24 21 13 5 51 19 48 49 6 31 26 35 27 60 16 33 23 9 29 59 18 44 58 37 10 50 55 46 
35 45 49 22 24 36 40 59 21 42 48 23 12 11 39 54 47 10 29 26 27 25 9 46 13 18 55 15 4 3 31 14 19 50 53 58 57 34 56 16 38 6 44 1 30 17 20 33 51 43 32 8 2 37 7 5 52 60 28 
46 41 58 47 48 59 3 19 6 15 5 49 53 10 4 32 22 1 27 16 13 26 8 30 17 55 38 44 18 56 51 60 40 36 12 52 21 25 20 24 54 11 7 34 33 31 37 14 35 45 43 2 29 28 57 23 50 39 9 
35 24 21 33 20 56 27 5 17 23 22 36 51 53 31 58 32 39 34 50 2 25 41 30 4 12 19 6 59 8 7 48 26 15 60 18 38 37 44 3 47 54 11 10 16 29 40 42 52 55 57 9 1 45 49 13 14 46 28 
57 56 17 16 33 14 52 9 8 45 55 15 47 12 49 29 10 21 58 24 20 28 23 26 38 1 30 60 6 53 27 32 25 51 59 41 7 31 42 34 46 35 5 40 4 37 11 2 13 54 36 50 19 22 18 48 43 39 3 
54 13 32 58 30 17 3 53 40 34 20 9 56 39 52 26 23 50 42 57 4 15 43 41 47 44 16 51 37 25 14 38 18 35 8 59 2 29 60 7 11 27 22 36 19 48 5 46 31 10 33 6 49 12 21 1 28 24 55 
16 24 8 41 53 40 21 29 59 28 19 43 42 4 32 58 55 56 49 2 18 23 35 15 51 47 52 9 36 1 27 37 10 60 12 30 11 39 17 20 25 57 7 5 22 31 33 14 44 13 54 26 6 50 48 3 38 45 34 
38 10 28 40 20 23 11 25 21 45 5 39 50 29 34 41 27 18 46 7 35 60 2 43 9 42 33 44 51 30 15 36 24 53 12 6 22 17 3 13 57 48 4 56 58 19 55 37 32 8 14 1 52 31 54 59 49 16 26 
9 37 11 58 18 50 6 15 42 30 22 53 31 17 29 5 41 39 26 14 16 57 28 35 12 23 27 13 8 51 54 49 2 4 36 47 60 56 20 34 45 19 44 3 52 10 25 38 32 46 55 24 7 40 1 59 21 33 43 
16 43 29 12 34 39 2 35 56 54 8 3 20 50 31 18 51 4 42 28 23 53 17 59 27 36 52 47 5 46 58 37 55 19 33 40 11 44 22 30 25 24 1 45 48 60 26 9 14 38 21 6 7 13 41 32 57 10 15 
45 54 57 22 46 25 58 8 21 60 3 24 28 56 32 2 1 19 55 34 14 41 35 29 15 36 18 59 42 49 4 17 31 37 30 53 16 13 7 39 10 20 52 9 44 47 12 33 51 48 38 5 23 11 6 26 27 40 43 
4 12 1 30 27 15 50 57 33 8 5 17 18 26 55 46 29 35 28 32 53 60 39 21 36 20 19 52 40 25 24 22 7 56 6 58 45 2 10 14 47 41 9 13 48 34 43 49 38 11 23 37 54 3 44 16 59 31 42 
42 19 18 39 27 57 58 1 29 34 25 20 14 45 49 12 21 46 28 9 48 44 55 16 38 22 7 60 3 41 47 24 17 26 6 31 10 53 13 23 4 8 50 43 35 40 5 2 36 30 59 15 51 54 56 11 33 32 37 
56 49 57 1 21 8 7 17 35 37 36 12 11 16 54 28 24 29 40 34 42 4 26 47 2 20 31 52 45 60 15 50 43 30 27 10 9 25 51 32 59 6 3 19 48 38 39 44 18 33 55 46 5 58 41 23 13 14 22 
29 11 37 12 15 44 46 33 31 53 14 47 22 16 2 52 57 4 20 58 26 8 32 25 21 50 49 3 30 28 23 36 10 7 24 17 19 9 5 39 34 51 1 55 45 59 6 38 43 56 40 27 42 60 48 18 41 13 35 
28 36 48 51 27 1 59 38 41 49 23 43 4 10 18 7 2 45 26 8 22 53 42 25 19 9 16 21 29 33 52 40 20 30 50 6 60 12 24 32 54 14 37 13 35 11 5 3 31 46 47 44 56 17 39 57 34 15 58 
25 1 41 4 54 6 13 31 28 18 55 17 11 24 39 37 22 38 58 3 15 42 57 10 5 33 20 36 7 8 60 29 53 47 59 52 46 2 32 19 50 27 30 12 14 9 26 43 49 23 51 16 40 21 44 35 45 48 34 
1 4 13 21 20 10 9 53 7 32 51 17 27 58 2 33 25 11 46 12 44 42 19 54 37 60 40 59 34 43 16 48 24 28 50 56 36 15 31 35 49 41 22 5 47 3 26 55 30 29 6 14 18 45 38 23 8 52 39 
56 44 37 42 47 55 3 24 36 27 28 21 30 38 48 52 15 11 51 2 5 7 12 50 25 9 26 29 10 60 32 53 6 8 19 39 31 16 40 1 14 33 54 46 49 59 34 13 45 20 35 43 18 41 22 23 4 57 17 
35 13 4 25 33 52 51 47 2 43 24 3 54 18 1 48 50 6 46 22 32 55 39 11 19 58 53 16 34 21 41 7 12 57 56 45 28 26 36 20 29 44 17 38 27 14 37 49 42 31 60 5 40 9 30 10 15 8 23 
55 9 59 22 26 5 4 38 27 40 46 56 34 7 21 50 37 1 14 16 15 31 33 45 47 23 48 42 49 51 17 19 41 12 3 25 35 18 29 28 10 57 54 20 13 53 24 2 11 6 44 32 58 8 43 39 36 52 30 
