60
35 46 52 22 26 33 47 14 53 36 5 40 28 55 10 6 34 21 31 15 2 56 41 32 29 50 16 27 8 43 9 57 38 39 13 4 18 20 7 12 11 23 45 24 60 49 48 58 37 30 54 19 59 25 44 3 17 42 51 
35 15 9 36 31 18 30 56 48 57 22 46 44 4 8 19 53 33 27 14 11 43 47 17 50 32 7 3 49 39 37 34 10 13 59 38 20 5 24 60 1 25 21 40 41 42 12 51 6 54 16 26 23 29 45 28 52 55 58 
30 31 1 57 35 37 8 60 58 2 36 25 13 50 48 29 54 38 56 22 40 9 15 7 27 23 24 26 5 12 14 4 42 59 21 51 41 39 52 16 10 44 32 46 55 18 28 17 34 45 43 19 11 53 47 6 49 33 20 
5 54 31 48 41 1 33 25 26 10 12 30 56 47 39 22 14 3 45 60 58 27 50 18 34 42 15 52 36 2 59 44 29 13 53 8 57 9 55 17 32 46 38 19 35 23 16 7 28 20 40 21 37 51 49 6 24 11 43 
52 43 19 16 21 26 56 60 8 1 40 39 54 17 53 31 58 12 25 28 11 45 30 47 10 24 27 48 49 57 14 41 59 36 3 38 33 37 6 4 32 46 15 44 9 22 20 55 50 35 7 2 42 18 29 13 34 23 51 
8 49 53 28 12 31 3 37 32 21 11 59 25 47 54 34 27 41 55 4 15 2 35 44 24 51 40 29 22 57 16 39 19 46 5 45 48 18 30 13 1 10 9 36 56 52 7 50 20 14 26 43 23 42 58 33 60 38 17 
10 46 31 15 40 32 5 38 36 48 21 35 53 57 18 14 23 13 24 8 22 49 52 50 9 11 55 3 4 42 16 37 51 17 28 12 45 26 25 33 30 41 60 29 2 34 56 19 59 20 43 6 54 58 39 1 27 47 44 
7 1 55 20 9 29 37 12 48 18 30 50 59 41 58 4 42 57 28 60 6 43 22 21 46 11 2 23 5 39 32 14 24 27 35 10 15 49 31 40 51 53 36 16 34 54 19 17 25 47 33 38 52 3 45 56 13 44 26 
38 55 43 33 12 29 36 58 37 27 22 14 20 39 31 17 18 15 56 2 51 16 41 34 42 40 46 57 50 1 53 35 49 3 4 24 44 7 8 52 21 32 48 60 28 59 30 6 45 26 10 5 54 13 47 23 19 11 25 
59 11 35 52 31 7 2 57 27 22 16 5 56 53 47 25 36 39 30 42 32 40 34 13 17 60 6 19 44 49 55 58 37 12 50 8 29 1 45 9 33 4 46 51 14 21 28 20 26 41 23 24 15 18 43 3 38 48 54 
16 22 18 43 57 47 56 58 24 60 23 53 55 1 44 38 45 46 52 6 40 10 2 35 36 21 50 34 3 41 8 48 20 7 49 14 13 31 5 25 27 28 29 26 42 9 54 4 33 19 15 32 17 37 12 39 51 30 59 
33 22 49 35 26 16 23 4 18 14 53 10 2 59 5 6 9 52 8 50 37 38 42 45 30 56 13 31 58 46 32 60 48 51 34 54 44 40 55 19 11 29 17 24 36 47 28 25 15 20 41 7 39 57 27 1 3 43 21 
23 20 39 35 42 9 56 53 59 37 3 22 55 46 52 38 1 12 43 33 54 57 25 29 19 32 21 15 8 36 11 47 10 24 28 49 26 6 40 51 44 45 48 34 41 27 60 5 31 14 7 16 2 50 18 4 30 17 58 
46 15 48 53 57 18 22 19 3 23 27 8 6 38 56 29 26 2 40 35 24 25 44 28 41 49 4 31 43 5 51 50 60 30 42 45 1 33 21 37 59 32 10 58 20 55 34 39 17 9 54 12 16 7 13 36 47 11 52 
12 37 33 36 24 55 41 11 35 14 21 19 22 32 54 20 60 17 23 48 30 51 27 3 39 45 59 52 8 28 25 18 4 26 31 10 38 42 6 7 46 13 9 53 2 44 47 43 16 50 57 56 29 1 5 40 49 58 34 
56 34 55 32 3 48 41 10 36 26 25 60 13 6 37 59 46 8 31 24 21 50 45 47 30 20 57 43 7 12 18 58 1 2 33 23 52 22 39 38 9 28 49 40 5 42 17 54 11 44 19 27 14 4 35 53 15 29 51 
59 57 32 2 58 54 23 24 36 44 11 46 34 7 53 41 50 13 22 49 14 38 25 21 10 40 4 51 29 35 48 9 43 28 1 45 60 47 3 15 12 33 30 5 18 55 26 52 27 39 20 16 19 37 56 31 6 42 8 
53 37 20 4 24 36 58 26 40 5 39 52 2 48 35 8 29 46 57 55 33 51 59 7 54 44 32 12 56 30 22 9 31 21 28 43 25 27 15 11 49 38 14 6 47 13 1 34 45 50 17 23 10 3 16 19 60 42 41 
21 26 35 52 36 40 56 14 45 30 55 58 37 11 7 44 39 10 23 28 60 27 2 42 48 54 38 43 47 51 59 13 53 17 31 50 57 29 18 6 5 24 22 3 9 25 8 49 12 15 20 4 1 41 32 16 34 46 33 
33 3 6 30 56 5 28 14 26 18 43 17 48 1 31 40 4 57 51 10 60 46 13 11 44 50 38 45 15 55 47 37 23 16 29 52 25 7 12 35 49 21 22 2 39 9 24 36 41 42 27 59 54 32 19 8 34 53 58 
55 36 47 2 16 1 50 34 6 52 10 44 11 3 45 26 54 32 49 17 37 4 42 8 51 22 60 41 39 48 29 27 14 33 20 30 7 23 28 24 9 58 18 53 46 12 57 59 13 5 35 15 19 56 25 31 38 43 40 
29 40 24 16 32 49 3 13 60 23 57 38 58 56 7 35 59 36 45 25 53 17 21 9 14 41 48 50 28 5 39 55 26 46 44 6 12 30 33 11 47 18 42 31 52 20 19 15 27 8 2 34 54 4 10 37 1 51 43 
9 7 20 33 42 8 39 60 53 59 5 41 25 56 45 46 44 12 6 51 34 16 14 11 4 27 13 37 47 43 54 50 38 30 3 28 55 49 2 18 52 29 57 10 35 17 15 19 22 36 24 31 40 32 48 21 58 1 26 
25 37 29 1 58 23 38 4 18 44 2 28 20 60 54 30 33 16 6 40 26 57 47 8 43 11 51 45 56 46 48 35 55 27 17 32 22 9 31 5 52 10 50 41 19 42 12 21 15 36 3 53 7 34 49 13 14 59 39 
40 22 24 57 37 34 31 32 29 19 53 56 55 60 8 7 33 52 11 26 58 12 2 18 17 41 39 51 35 1 15 50 3 30 13 23 44 21 14 38 9 42 36 16 54 20 5 10 6 47 43 48 28 49 59 45 4 46 27 
24 7 37 46 43 2 36 34 56 60 28 48 1 22 14 29 27 42 52 31 15 20 4 57 5 6 8 59 21 12 45 13 9 39 25 58 3 38 35 53 55 41 19 49 54 50 30 51 10 47 11 16 17 44 32 18 40 23 33 
24 54 52 19 43 13 8 6 11 5 21 3 25 60 20 35 1 33 46 22 15 14 12 26 30 4 29 39 23 57 31 40 17 51 47 32 38 36 34 58 10 37 49 7 42 59 48 50 16 55 18 44 2 53 41 56 28 9 45 
41 54 11 40 2 7 19 33 6 1 18 47 55 60 50 12 42 5 9 29 4 20 30 39 10 27 25 22 34 59 43 48 21 51 17 14 46 13 44 31 45 49 57 24 36 32 23 35 52 26 53 56 37 8 38 16 3 58 15 
58 31 5 54 42 25 21 23 45 33 30 47 14 34 17 3 18 60 36 24 27 6 4 56 38 51 16 1 26 37 12 52 44 43 59 49 32 9 13 57 7 19 11 50 35 55 39 41 48 28 22 10 20 15 2 53 40 8 46 
11 36 46 26 37 25 8 55 45 15 48 23 40 59 44 41 14 29 58 54 32 24 7 33 28 31 42 3 51 49 18 4 34 2 52 5 57 21 47 16 6 19 43 27 20 60 1 13 35 56 12 10 38 17 53 50 9 22 39 
7 8 19 56 11 21 5 13 12 41 47 32 55 14 43 4 53 44 57 26 48 15 52 51 39 37 36 42 24 49 46 16 38 45 22 60 58 40 34 6 30 27 17 35 54 25 1 29 20 50 33 18 9 2 28 23 59 3 10 
7 30 16 3 12 27 60 1 6 4 34 13 38 51 14 59 35 46 36 45 25 44 5 48 55 24 26 29 43 9 21 28 49 8 58 37 50 40 39 33 10 2 42 56 15 31 52 47 20 41 18 53 54 22 57 17 19 11 23 
32 30 11 9 22 28 10 55 2 17 3 44 29 7 13 51 19 37 24 56 12 25 26 45 60 49 43 31 46 50 1 47 54 59 42 5 58 8 6 4 27 18 15 52 23 53 34 57 40 48 35 16 20 38 14 21 41 39 36 
41 50 8 54 31 3 45 10 1 52 53 2 55 48 42 12 59 11 49 37 28 24 43 19 39 58 4 15 32 36 27 5 46 26 33 20 44 21 17 38 14 47 16 23 25 6 57 40 35 60 51 13 30 56 7 18 29 9 22 
34 5 52 45 27 9 30 55 15 57 56 1 54 7 28 33 59 32 25 44 37 4 39 60 21 16 6 23 50 3 22 20 49 12 51 8 40 24 10 41 43 47 13 17 53 29 26 18 36 11 31 14 38 48 46 58 2 42 19 
41 52 19 42 26 48 11 38 23 34 56 51 28 27 43 54 31 18 47 12 21 29 40 8 30 49 60 6 37 7 25 33 16 45 2 55 14 10 5 53 22 9 20 35 17 58 3 15 32 59 4 1 57 50 46 44 39 24 13 
25 32 57 58 5 20 33 3 36 60 11 42 49 51 31 1 24 48 17 50 16 30 12 54 7 56 22 26 39 15 53 14 18 2 44 4 8 47 10 28 21 43 55 6 29 41 52 46 45 19 59 35 23 38 27 34 9 13 40 
57 23 18 33 48 17 50 2 12 20 9 4 6 13 5 22 52 60 16 44 43 49 26 56 41 29 47 32 53 11 40 14 51 24 30 37 34 21 39 58 7 55 15 28 36 27 45 35 3 8 46 1 10 54 19 25 42 59 31 
30 59 8 49 50 47 36 43 11 15 21 3 55 1 14 33 23 2 35 40 18 19 31 26 51 22 29 6 41 25 32 28 9 46 60 10 48 16 17 53 7 34 52 45 38 4 12 37 54 13 56 24 44 58 27 5 42 57 20 
15 38 31 56 10 50 42 18 21 1 4 36 5 51 6 8 48 58 45 22 60 20 3 57 19 34 33 7 54 43 27 53 55 39 24 11 46 49 14 52 25 59 23 12 16 9 37 28 26 47 17 32 35 30 2 29 44 13 41 
51 3 48 8 53 23 30 38 18 5 37 13 34 47 56 58 1 32 24 20 50 19 4 17 33 31 21 27 36 59 15 16 35 11 9 55 39 42 10 57 44 28 54 6 12 52 45 26 60 25 49 43 29 14 2 46 40 7 22 
58 26 47 32 30 49 46 8 38 7 48 51 17 16 41 13 4 27 12 23 24 34 59 29 28 3 19 35 57 15 33 54 60 40 20 22 1 50 36 21 14 43 2 45 11 6 52 37 56 10 31 39 5 9 18 55 53 25 44 
34 55 32 7 15 3 35 12 9 51 2 38 18 39 14 57 59 45 24 60 36 16 27 29 21 40 53 22 58 48 17 13 4 8 56 6 30 54 28 41 33 1 26 46 23 20 19 11 49 5 25 52 31 50 42 10 47 37 44 
7 4 55 38 58 27 57 42 22 21 3 40 12 2 11 24 8 39 19 16 59 50 31 32 34 9 53 30 48 60 28 14 52 23 15 49 37 54 51 35 13 56 36 47 5 6 45 26 33 46 20 41 17 29 43 1 10 25 18 
60 3 50 31 5 19 4 40 33 51 49 57 23 26 54 28 41 38 24 17 11 2 56 42 27 37 58 55 35 30 18 14 15 10 13 12 34 7 20 32 9 1 53 16 25 29 36 22 39 8 48 46 44 59 43 6 52 21 47 
16 43 49 10 50 38 36 18 24 35 58 26 17 23 42 31 53 27 33 54 14 39 7 51 13 22 52 57 29 59 40 2 45 6 47 8 20 37 48 25 28 55 41 9 56 15 19 3 11 44 12 32 1 34 60 21 30 5 4 
23 2 9 26 4 46 10 32 25 38 42 58 1 13 5 27 15 17 36 41 19 34 12 6 18 14 45 49 29 44 7 31 20 11 8 43 39 30 60 16 33 52 56 53 35 40 51 54 48 21 59 24 57 22 50 3 55 28 37 
40 53 21 37 3 4 41 20 59 12 51 30 16 8 19 49 42 52 1 26 24 54 25 46 10 15 11 38 7 18 35 36 31 45 44 57 47 27 39 9 14 6 60 33 2 22 32 56 43 29 58 13 34 23 50 17 55 5 28 
31 17 43 11 38 48 55 34 21 6 3 32 57 1 59 23 13 39 41 25 28 40 56 22 58 36 33 12 45 14 53 54 29 2 50 46 52 26 15 44 19 8 30 37 24 35 27 7 10 9 47 18 60 16 5 20 51 42 4 
9 30 31 17 15 36 27 10 58 32 56 6 7 35 44 34 14 52 26 57 40 42 37 8 45 3 38 29 1 46 13 16 20 2 53 39 19 60 22 23 25 5 18 21 59 33 43 51 24 12 47 11 4 55 41 28 48 49 54 
19 53 32 59 60 36 6 21 40 3 14 35 13 33 8 58 16 24 4 22 26 43 29 48 54 17 28 20 49 44 50 12 7 37 57 1 34 10 56 23 30 46 11 52 55 9 25 38 45 42 47 2 41 27 39 18 5 15 31 
3 49 37 19 29 53 7 33 54 32 60 2 10 36 14 6 4 5 12 13 15 16 31 47 11 45 58 21 40 30 8 43 23 51 18 26 57 42 59 35 46 9 17 41 20 34 55 50 48 27 56 22 1 39 38 25 24 28 44 
14 33 49 22 21 24 46 8 51 4 59 23 28 3 32 19 37 17 31 13 16 2 5 9 36 7 57 12 11 30 27 47 34 52 40 44 60 20 50 48 10 15 55 1 39 35 18 6 25 56 41 26 38 29 43 58 54 45 42 
26 51 34 24 44 49 15 47 14 4 28 17 38 19 7 29 27 18 10 9 16 53 56 30 13 45 52 2 48 25 5 41 46 33 6 3 60 8 57 37 40 31 59 55 11 23 1 36 58 21 32 42 39 20 50 12 35 43 22 
53 30 15 57 27 11 25 2 36 52 9 34 42 37 21 17 50 24 48 7 26 58 59 49 33 51 44 43 18 13 19 6 29 35 3 10 8 23 39 47 20 45 16 4 54 41 31 12 38 56 1 22 14 32 46 40 28 5 60 
22 32 36 42 58 40 52 47 45 44 13 51 54 1 14 4 7 19 2 15 49 20 30 46 25 17 31 9 53 24 39 38 28 3 12 48 8 27 10 21 29 5 18 50 37 60 16 57 26 35 43 59 33 34 23 11 55 6 41 
39 26 47 5 45 44 37 19 9 51 60 28 24 23 18 15 7 58 4 36 43 56 27 40 52 3 16 25 42 21 13 22 14 2 31 11 33 55 8 12 38 53 17 29 49 48 1 30 59 10 34 54 6 32 46 20 35 50 41 
47 57 39 56 1 30 44 31 11 46 41 52 6 14 5 37 38 9 4 24 26 33 59 34 15 7 29 2 50 20 43 13 36 25 54 18 28 42 22 10 35 45 21 55 8 32 23 17 48 40 60 3 53 27 12 19 49 16 51 
51 31 40 37 46 9 5 4 17 56 49 14 28 43 60 35 33 34 53 47 44 52 18 16 58 54 42 7 32 45 27 13 50 2 1 30 11 8 12 19 23 55 26 41 24 29 3 6 48 36 20 25 39 22 57 10 21 38 15 
25 4 9 31 49 41 51 13 12 22 8 43 34 59 58 1 38 19 7 37 32 42 46 5 23 47 52 10 54 3 2 28 6 11 29 27 35 36 16 44 20 15 45 40 24 14 56 26 57 55 53 18 21 17 33 48 50 39 30 
