60
54 17 30 4 55 10 51 19 46 56 7 27 2 58 48 5 39 14 18 13 32 49 11 57 44 15 31 3 23 37 38 52 28 36 45 47 6 42 40 21 29 16 34 41 33 43 53 59 12 26 60 24 20 35 25 50 8 9 22 
1 53 33 55 29 41 27 50 31 40 4 11 10 12 18 51 20 48 49 36 23 9 16 17 5 34 43 22 38 35 15 39 44 47 45 8 24 52 32 37 54 7 21 59 13 14 28 19 25 60 3 42 30 6 58 57 46 56 26 
52 1 50 35 21 38 40 60 20 32 33 57 5 10 34 54 48 13 47 16 43 56 26 42 15 18 8 2 49 23 37 31 25 59 22 58 36 4 30 9 44 53 24 14 29 27 28 7 41 6 17 45 12 46 11 55 19 51 39 
11 60 1 42 54 52 3 34 57 15 46 56 51 24 48 29 18 49 27 58 19 50 43 23 40 55 2 14 32 37 30 5 21 45 13 41 16 6 7 33 9 59 8 35 38 12 26 31 10 28 17 44 22 53 20 36 39 47 25 
51 60 41 33 34 23 29 39 2 36 50 40 25 16 3 15 28 42 24 31 47 12 19 21 57 54 20 7 13 18 17 8 48 59 55 46 1 38 58 26 44 10 32 53 49 52 9 56 43 4 35 11 30 6 27 37 22 45 14 
54 31 46 59 56 1 47 50 19 15 42 32 9 57 2 28 13 41 29 7 60 14 49 4 25 45 30 20 55 3 40 10 38 17 58 37 34 33 51 22 39 53 11 12 23 36 48 26 21 44 27 43 16 35 18 52 5 24 8 
9 27 5 50 1 54 35 51 18 48 37 39 22 25 41 30 33 26 17 32 57 52 12 29 24 10 49 43 6 46 38 23 55 4 14 56 47 42 11 21 58 60 40 36 59 31 3 28 8 16 13 53 44 20 2 15 45 34 19 
34 4 36 22 52 33 7 32 20 18 28 10 25 3 45 51 12 5 23 48 60 13 47 58 37 53 14 43 59 38 49 55 21 17 19 44 24 27 16 26 42 50 56 29 57 31 1 6 40 11 46 41 30 9 15 54 35 2 39 
23 51 17 36 22 50 44 28 14 2 4 53 20 6 24 49 15 41 33 46 30 34 47 57 40 48 25 59 8 5 39 26 45 52 42 37 60 12 55 18 13 7 19 29 11 3 32 38 56 27 54 35 43 21 31 1 16 10 58 
44 37 1 35 46 54 3 52 28 51 21 60 40 16 6 56 8 33 20 38 50 29 57 43 58 22 24 30 42 59 7 32 12 25 41 14 47 23 39 19 36 49 45 2 26 15 34 11 31 4 13 18 27 17 48 5 9 53 55 
14 13 5 19 4 2 26 49 38 48 32 21 28 6 3 15 59 31 57 60 24 42 1 23 10 53 33 29 55 40 41 50 37 22 7 39 58 30 27 9 56 16 25 34 54 47 35 36 12 46 20 18 45 17 43 51 52 8 44 
59 46 22 3 50 11 42 39 41 38 47 31 33 49 53 14 51 55 26 13 21 37 57 34 6 18 16 8 1 29 27 24 54 19 60 56 4 58 32 36 23 5 35 25 20 17 7 9 44 52 2 15 40 45 28 10 43 48 30 
20 50 59 48 56 30 54 11 23 39 31 35 16 40 32 28 57 27 9 19 4 43 22 8 33 26 18 15 53 47 45 44 52 60 1 17 10 37 12 42 55 25 38 36 24 46 7 21 2 14 41 6 29 49 34 3 51 5 58 
43 27 22 50 6 38 37 40 1 5 48 59 24 3 10 52 58 26 21 54 46 49 25 41 45 53 20 34 29 12 13 57 36 35 55 8 60 31 17 39 15 19 42 32 33 2 4 47 44 18 30 9 51 16 7 56 11 23 28 
31 24 23 57 37 47 7 13 32 40 54 46 58 50 53 21 45 28 42 19 10 59 4 25 39 52 8 22 34 44 18 38 2 55 56 16 5 33 17 11 3 29 35 41 60 30 14 27 20 26 9 6 1 49 12 36 48 51 43 
22 43 30 10 5 6 21 54 4 17 41 23 13 34 44 38 20 2 9 28 56 46 19 45 31 58 12 18 32 55 15 49 14 8 7 3 47 37 42 1 29 11 40 26 27 52 48 53 59 36 33 50 39 51 57 24 60 25 35 
57 46 27 32 43 56 33 12 5 24 35 16 59 45 37 15 18 50 2 4 13 21 11 44 29 58 9 53 28 23 3 26 60 7 38 25 6 41 47 49 55 34 1 20 10 22 48 36 54 39 52 42 8 40 19 31 14 30 51 
52 16 53 6 60 48 23 42 31 17 10 51 13 49 44 20 24 21 5 46 3 45 2 41 29 14 35 27 47 22 25 28 37 59 33 12 57 43 40 34 50 58 26 36 30 19 56 55 15 7 39 11 32 4 1 9 54 38 8 
49 53 38 10 14 13 11 3 56 57 41 44 33 18 2 16 29 54 48 30 32 50 58 26 42 37 1 22 39 24 36 5 47 60 51 52 7 34 25 12 6 27 40 45 23 28 35 46 43 4 15 31 55 8 9 17 59 20 21 
16 55 9 58 12 57 14 40 51 3 39 44 18 33 60 30 19 8 24 47 21 23 35 42 52 5 6 13 48 26 49 53 43 46 22 15 11 10 54 31 50 29 45 2 27 59 7 41 4 28 36 38 25 1 32 37 17 34 56 
54 22 55 60 20 32 18 25 16 7 45 8 24 23 17 15 11 35 19 57 58 33 9 59 3 48 38 12 40 56 10 28 46 1 30 13 52 47 5 4 2 14 51 39 29 43 50 34 44 42 31 26 49 41 37 36 27 6 53 
56 50 19 18 15 29 52 12 28 7 47 16 30 60 41 44 53 5 42 38 6 55 48 17 8 35 36 51 54 46 23 34 39 37 1 49 45 3 13 10 4 14 59 9 26 58 57 32 40 43 31 11 21 24 27 25 20 33 2 
52 32 15 26 8 20 39 35 31 43 17 13 11 4 57 25 30 51 46 9 28 7 38 40 56 59 47 12 29 37 16 19 27 18 48 2 58 21 50 22 1 54 53 6 42 45 34 60 44 36 33 10 3 14 24 5 49 41 55 
26 40 38 13 32 20 14 45 11 19 33 47 23 50 39 27 30 5 2 15 28 1 21 36 59 58 29 51 44 60 37 18 35 46 8 42 56 43 57 31 16 25 22 10 3 48 7 17 6 53 12 4 34 54 49 9 55 52 41 
32 7 21 9 51 41 53 42 27 29 37 46 1 54 30 17 18 13 52 3 23 16 44 22 6 38 60 28 33 43 11 34 59 15 31 19 58 39 14 45 12 10 56 40 55 48 35 47 50 24 2 36 26 5 4 20 8 57 49 
13 25 10 46 28 60 53 17 57 5 59 21 22 9 35 16 41 29 36 55 14 27 4 15 31 54 34 58 19 38 43 8 47 45 51 50 33 32 49 56 42 40 3 12 1 52 11 37 30 48 2 24 39 6 7 23 20 18 44 
39 13 40 30 3 46 10 36 55 42 53 47 19 9 26 59 60 16 44 22 51 54 41 50 58 5 52 25 2 45 48 1 4 49 43 34 57 17 38 14 28 35 56 11 7 24 20 32 23 12 29 18 15 37 21 33 31 8 6 
17 38 6 36 53 5 44 60 45 15 19 14 35 20 33 50 40 9 55 29 27 34 8 54 16 24 2 26 30 10 56 49 52 59 11 23 46 41 3 22 51 4 48 18 1 37 32 43 47 42 31 21 57 12 39 25 13 58 7 
23 8 39 37 11 60 6 28 42 21 48 24 20 27 12 49 46 17 3 33 56 53 35 52 14 2 4 58 1 10 59 32 5 40 38 18 9 31 55 34 19 44 41 43 54 30 50 36 16 57 7 47 25 22 26 45 15 51 13 
21 11 35 15 38 57 46 4 28 14 3 18 41 48 27 40 13 19 51 44 12 39 25 1 32 60 42 45 7 59 37 6 54 50 56 8 10 20 23 29 31 5 34 55 22 58 49 36 43 53 26 47 2 33 24 9 52 16 17 
56 6 41 39 47 34 30 8 40 53 5 29 32 3 37 42 7 46 28 50 2 33 10 51 48 14 1 4 19 36 27 9 18 59 22 44 43 38 54 57 20 25 58 17 12 21 26 55 16 15 13 45 11 23 60 35 49 52 24 
35 49 21 44 5 3 39 51 27 48 11 56 13 10 23 58 15 34 46 25 55 36 20 19 24 41 28 29 43 8 18 26 52 38 42 45 7 9 4 12 1 50 59 17 53 57 6 30 33 60 2 47 40 54 22 31 16 14 37 
57 22 55 28 49 37 45 54 56 53 21 25 46 9 27 60 12 51 17 20 50 8 44 41 15 32 58 13 14 48 26 43 29 59 2 39 7 11 4 18 24 38 31 16 34 10 35 6 5 19 30 40 52 47 42 3 23 1 36 
43 21 6 31 50 49 51 26 33 52 11 42 9 7 58 25 13 12 16 4 40 32 38 54 56 8 59 57 23 14 48 10 39 15 22 28 30 55 5 3 17 37 2 1 41 53 27 46 35 36 19 18 29 24 60 47 45 44 20 
6 40 53 15 45 47 1 59 19 8 9 49 32 42 44 34 37 16 33 31 5 46 28 29 18 14 7 10 55 26 30 23 22 12 38 3 50 52 13 24 58 20 11 27 43 39 4 56 17 36 60 57 48 54 25 41 21 51 2 
1 53 46 49 34 39 33 8 42 2 47 16 27 22 4 19 3 32 21 6 48 51 30 40 60 52 44 41 13 18 43 35 38 58 59 14 7 57 5 9 50 26 12 20 23 54 10 28 15 45 56 55 29 31 37 17 25 24 11 
58 55 26 2 42 5 15 22 33 21 52 35 41 60 23 48 56 1 30 31 20 45 16 3 34 49 36 40 32 50 46 6 8 18 38 27 47 4 59 7 54 19 11 53 14 12 17 13 24 29 9 51 39 57 43 10 28 44 25 
57 9 41 10 31 29 47 4 27 55 20 24 36 37 44 54 19 56 48 6 12 53 21 35 5 13 7 32 3 45 49 59 25 58 22 43 16 15 39 18 42 30 2 46 28 33 26 8 11 51 1 50 23 34 52 60 40 17 14 
25 34 43 55 3 28 59 11 1 53 9 7 33 49 29 10 45 40 21 16 56 48 12 14 54 27 37 8 41 44 24 46 5 57 18 4 47 17 36 38 50 60 22 52 58 32 35 26 23 13 15 2 31 19 30 42 51 6 20 
8 29 46 53 28 9 44 58 4 3 38 11 42 27 47 21 26 49 57 56 36 31 1 59 32 12 35 34 55 18 22 16 54 20 19 25 50 52 15 2 24 39 48 51 43 17 10 37 60 41 45 33 23 5 30 6 14 7 13 
5 4 56 13 46 50 6 7 26 2 54 58 49 11 20 23 48 30 45 22 33 29 8 43 18 15 57 31 3 47 17 19 40 24 10 21 42 28 44 39 12 32 36 60 34 38 55 27 25 16 35 9 1 51 53 52 37 14 59 
23 25 22 43 60 51 34 3 36 27 9 10 13 19 47 56 17 16 50 55 12 29 28 59 2 7 21 6 5 14 49 31 58 15 54 41 38 53 39 20 37 48 33 8 11 40 1 18 45 26 52 24 46 4 44 35 32 30 57 
27 57 7 40 25 21 3 2 59 34 6 54 56 38 49 14 36 29 60 35 26 10 18 4 20 23 53 9 44 28 52 46 15 48 30 11 24 39 41 58 22 17 16 1 31 32 13 12 45 37 19 5 51 47 33 50 55 42 8 
50 52 59 2 15 58 21 54 22 7 17 33 29 3 8 24 47 18 57 28 10 14 30 23 13 53 31 16 26 32 9 5 37 48 51 25 42 34 1 46 39 36 60 49 27 19 40 6 41 4 56 12 43 11 35 38 20 55 45 
57 32 18 21 11 19 8 3 46 12 5 28 44 40 10 52 51 9 33 48 30 56 55 29 13 22 50 54 47 26 36 25 7 17 34 20 53 31 2 60 15 4 27 14 24 58 41 23 1 49 43 37 38 16 59 6 35 39 42 
47 33 22 17 26 31 53 41 16 58 59 3 28 55 35 2 19 37 24 27 25 34 1 49 54 29 9 40 60 39 11 4 21 38 20 5 42 48 15 44 50 30 6 12 32 45 51 10 36 7 8 57 14 56 13 23 52 18 43 
49 22 29 25 9 15 34 27 33 16 40 18 3 6 11 56 24 36 7 53 32 23 54 41 44 43 21 57 20 12 46 2 59 17 31 14 37 35 39 13 42 50 51 60 52 5 1 26 4 30 48 8 58 19 28 10 45 55 38 
47 20 56 17 45 44 60 19 55 35 59 7 46 50 31 41 6 9 29 30 1 54 51 21 2 3 24 38 43 4 18 34 27 33 52 57 16 11 49 32 58 39 12 5 53 22 25 28 42 36 26 8 14 23 10 37 13 40 15 
17 2 1 57 30 46 10 51 34 16 45 14 35 9 40 33 25 32 27 53 29 60 23 21 5 28 31 20 47 41 37 38 15 42 43 24 52 48 4 12 7 36 56 8 26 59 54 22 19 58 18 44 55 3 6 50 39 11 13 
1 7 46 33 21 4 13 6 17 9 24 36 26 53 22 48 20 43 59 11 29 2 19 35 56 44 39 49 28 40 27 42 15 18 3 14 41 5 34 30 52 55 54 57 37 8 38 12 47 16 32 51 58 25 23 31 10 60 45 
38 25 15 32 39 33 27 35 54 30 22 53 28 44 31 13 18 49 48 9 50 52 42 29 11 8 45 57 60 23 2 12 34 40 6 41 20 14 24 59 46 21 55 17 16 43 37 10 3 26 7 1 56 19 4 58 5 47 36 
20 18 33 26 36 30 15 57 59 54 6 16 22 27 5 12 41 25 58 43 51 13 11 9 31 19 32 45 39 53 21 60 1 40 17 49 7 47 29 8 14 44 56 55 3 24 48 4 37 23 2 35 10 46 38 34 28 42 50 
43 44 11 59 46 2 45 10 60 16 37 25 23 35 42 3 18 14 34 1 33 40 19 28 7 49 22 24 15 20 38 6 52 30 55 5 36 27 48 12 54 21 29 9 39 8 32 4 57 31 58 13 26 41 51 56 47 17 50 
28 35 32 50 26 13 10 7 25 44 30 57 34 2 3 45 55 29 19 4 5 41 31 60 47 38 9 20 11 14 48 24 37 16 56 58 40 53 21 42 49 18 51 43 23 39 1 52 22 12 46 6 27 8 33 17 15 36 59 
42 53 54 47 41 45 6 43 33 49 21 52 1 28 19 59 10 44 35 30 9 5 22 39 29 12 58 56 24 31 16 36 2 17 32 20 14 23 46 27 26 57 37 51 60 11 50 15 25 8 13 7 4 48 34 3 18 38 40 
38 59 25 22 50 44 48 20 14 7 29 15 40 36 41 5 47 55 8 30 18 42 26 27 60 24 54 52 21 28 49 51 46 2 31 23 35 37 33 16 4 57 13 19 12 1 6 3 45 32 43 58 39 53 11 17 9 10 34 
34 17 12 15 33 32 4 19 49 56 10 2 18 21 38 52 31 24 7 50 28 35 11 3 51 41 14 36 53 58 47 54 23 5 30 16 37 46 45 25 44 20 48 55 40 43 1 42 22 6 29 26 60 59 8 27 9 13 39 
45 29 21 24 38 16 2 31 54 12 40 3 51 4 46 26 9 44 52 30 15 28 56 25 59 11 33 17 50 18 1 43 23 32 60 22 36 49 37 48 8 14 27 13 55 35 6 53 57 47 5 39 7 10 19 41 42 20 34 
57 14 51 33 26 60 11 15 54 49 46 9 22 7 35 53 21 27 20 30 18 44 4 17 34 32 29 5 3 12 10 43 8 36 16 1 39 42 19 52 48 56 58 28 50 2 25 31 47 13 55 41 24 38 23 40 45 37 6 
59 54 32 47 45 48 44 11 43 14 20 51 1 6 9 5 56 17 15 53 26 28 50 25 4 39 12 2 41 52 23 27 21 19 42 18 24 7 29 33 31 34 40 36 55 37 22 35 38 10 46 13 49 16 3 8 57 30 58 
