60
13 32 39 59 46 48 18 3 11 5 25 30 21 44 12 31 9 20 55 2 28 22 54 47 16 7 60 43 50 52 33 6 58 15 10 40 19 49 41 37 8 17 23 26 
60 34 1 16 52 53 45 23 29 43 37 57 7 46 44 56 13 36 11 49 30 19 22 41 42 55 58 6 12 9 33 39 24 50 38 48 4 35 25 20 27 18 14 
36 8 10 53 18 51 19 52 32 20 25 59 35 4 41 15 50 43 17 24 33 48 60 44 11 16 57 39 22 26 6 31 58 46 34 14 5 30 12 54 38 1 13 28 49 55 27 
32 60 28 23 43 34 6 49 41 48 15 3 59 22 45 27 42 38 33 36 57 55 17 40 52 44 56 12 35 37 58 19 20 2 14 51 10 25 24 47 31 7 39 13 
43 16 58 53 36 41 44 17 8 3 51 23 46 14 56 50 38 6 26 52 1 59 30 21 60 24 20 10 15 25 42 29 18 27 9 37 49 31 35 
24 36 20 52 2 29 42 26 37 28 1 55 60 19 53 51 47 49 54 3 12 8 50 39 32 31 22 7 45 38 33 44 9 30 14 41 18 40 4 25 11 58 16 10 23 43 5 
25 10 44 19 13 31 32 29 52 12 59 16 33 38 47 26 6 28 9 41 30 2 24 42 45 11 56 57 4 60 54 17 27 20 39 1 21 50 18 36 49 43 
46 58 12 51 14 37 47 32 27 29 34 26 11 43 56 41 48 18 17 54 44 39 1 60 5 3 55 45 28 16 9 20 6 21 59 35 23 57 38 19 49 25 42 
19 53 12 47 56 16 6 21 50 5 32 44 20 54 14 23 42 24 33 52 39 27 51 18 10 57 35 8 38 11 22 26 17 28 36 34 1 13 2 31 60 7 37 45 43 58 
42 51 5 18 53 7 26 47 25 23 34 40 49 50 54 56 3 6 33 11 27 29 20 21 44 4 37 38 46 1 55 13 58 28 17 31 22 36 45 60 41 9 
46 7 38 8 50 28 40 35 31 42 59 19 1 44 16 55 33 3 20 51 48 47 32 23 15 10 60 53 45 41 18 24 2 49 9 56 21 6 27 39 37 36 54 30 14 
42 9 14 52 26 8 35 60 17 38 36 57 6 40 15 7 25 3 34 18 55 49 33 28 27 24 46 4 39 23 56 2 53 21 1 48 58 45 16 41 29 43 
32 60 29 41 51 19 47 59 42 58 17 52 39 40 33 55 45 23 31 46 30 50 1 49 26 4 53 37 10 20 25 35 16 57 36 3 2 54 9 18 44 38 7 27 28 15 48 
25 28 4 5 19 29 12 21 2 38 51 46 30 59 42 39 26 3 57 6 32 9 27 22 44 47 18 60 56 34 40 11 54 50 37 15 36 33 49 24 45 20 8 55 16 52 35 
41 20 22 34 17 53 60 5 25 36 38 56 31 4 29 3 26 1 39 12 27 45 13 46 28 42 55 43 50 18 51 11 19 32 48 23 30 21 37 14 58 33 52 
28 6 46 18 25 31 42 17 1 32 22 47 33 21 39 35 29 45 3 9 53 51 8 11 27 5 37 30 38 60 48 14 2 12 59 26 13 7 40 
15 44 41 30 28 56 39 26 27 52 43 51 35 10 24 22 7 29 53 55 38 8 54 32 25 3 9 12 60 13 16 33 1 21 45 50 31 42 5 40 46 47 48 4 19 37 59 
49 40 19 24 52 2 37 16 39 6 34 27 58 3 10 41 11 7 32 47 45 1 38 5 30 46 54 9 36 8 59 13 57 14 33 42 48 55 22 12 31 15 60 
42 15 60 20 21 36 23 3 17 14 8 35 7 47 4 41 53 45 50 27 59 18 55 33 40 6 56 32 1 37 13 38 31 43 9 58 11 46 57 44 2 
27 1 35 8 45 25 57 55 5 4 7 38 29 15 14 41 48 3 2 13 60 24 49 30 59 54 10 34 22 19 43 31 9 46 11 26 23 6 42 
52 31 16 36 29 5 8 25 51 10 22 23 58 40 9 32 15 17 35 53 43 11 38 19 49 14 24 37 34 26 50 12 55 39 7 27 46 44 60 47 45 1 41 
45 56 2 52 38 14 4 42 40 33 34 1 20 48 57 26 28 51 27 47 10 37 18 3 59 54 44 23 25 41 46 21 16 50 17 31 15 55 6 9 53 32 24 
37 32 13 55 5 51 35 59 6 36 58 2 50 21 26 44 28 22 52 56 57 20 9 8 29 15 1 12 41 42 11 4 25 33 38 10 40 34 27 60 19 46 47 53 
4 2 36 44 32 43 41 25 56 46 22 11 3 52 59 18 33 54 57 37 6 47 31 30 58 7 5 29 12 60 9 17 53 39 51 20 14 40 28 26 21 35 
3 51 21 5 60 23 20 2 36 30 53 54 41 8 52 57 6 47 12 37 27 16 10 22 42 7 15 38 26 43 35 33 58 13 32 45 17 56 29 39 34 31 44 48 1 46 24 14 28 4 
36 16 15 27 6 25 41 22 12 14 43 47 31 53 5 34 7 45 21 52 57 3 17 55 51 46 29 23 33 10 59 9 1 20 56 24 54 28 13 30 38 50 8 35 
15 57 10 25 11 38 41 50 52 8 44 48 39 3 55 37 53 4 28 5 2 46 34 31 36 7 17 32 35 20 42 22 21 59 14 60 18 29 9 51 49 26 16 19 43 23 58 13 33 12 40 
41 38 53 52 26 35 14 8 60 16 49 57 37 30 11 7 34 56 27 10 12 50 39 22 58 6 33 36 32 42 46 40 23 1 3 15 29 31 9 4 54 51 24 13 47 17 25 
20 40 23 24 12 51 44 34 28 25 10 31 36 27 6 13 35 32 30 45 49 38 58 50 47 39 41 2 53 17 55 14 7 46 52 59 48 26 16 5 15 8 33 21 60 
5 53 45 13 3 26 31 17 28 7 1 37 2 56 35 40 58 50 55 16 6 49 43 51 33 11 41 18 14 24 39 57 15 29 47 34 25 20 
22 28 34 55 47 9 43 36 6 1 56 11 5 7 42 35 24 39 32 21 60 58 33 25 15 19 38 57 44 20 4 27 49 10 17 53 16 26 18 29 13 30 3 50 41 37 46 
28 40 8 13 50 34 11 38 47 41 21 43 52 37 46 15 56 35 23 9 25 27 14 6 22 7 18 3 48 24 19 45 29 53 42 17 33 1 59 4 55 58 57 31 16 
7 18 42 15 3 49 13 2 30 23 56 40 37 24 9 43 41 45 1 27 12 60 25 6 31 35 17 10 22 4 46 53 11 14 55 16 47 29 39 19 26 32 51 38 28 
43 22 40 3 23 58 21 45 18 52 20 44 38 35 31 59 15 10 42 32 2 25 9 60 50 48 8 14 4 54 28 57 49 26 30 37 39 41 12 55 29 27 56 
14 51 25 39 29 27 20 50 5 48 41 28 55 2 3 12 21 33 42 23 4 60 32 44 9 11 13 46 34 16 26 8 30 56 31 59 17 24 19 53 40 49 47 57 43 38 
15 43 55 60 12 3 9 49 38 45 56 47 7 42 26 37 50 31 44 51 54 19 18 5 13 27 29 25 46 11 23 6 21 53 24 39 10 52 14 28 41 2 4 57 
14 5 58 57 27 52 23 40 41 59 34 6 15 2 51 33 24 19 30 49 54 60 55 11 13 32 16 1 10 9 46 31 4 53 28 48 8 25 22 42 36 39 44 21 17 18 47 43 
15 6 48 3 8 20 29 33 34 26 43 19 39 36 18 22 28 31 50 46 11 47 14 32 21 57 16 40 27 53 52 59 10 4 42 55 9 35 17 25 7 2 23 49 58 56 41 45 13 5 12 
43 56 42 51 15 27 13 17 11 57 40 25 54 50 12 37 8 53 21 24 48 28 44 9 18 7 4 30 6 38 3 1 2 16 36 52 31 47 45 14 49 58 55 59 34 33 29 35 
50 6 33 47 17 11 45 56 55 39 10 28 24 12 32 13 27 43 29 21 23 54 35 59 16 38 22 18 48 52 46 4 41 34 19 30 44 1 14 53 37 
15 58 12 8 35 54 26 51 32 7 10 44 34 38 25 5 45 30 46 28 47 60 37 31 33 3 50 21 57 6 36 23 17 19 53 40 2 27 1 4 20 49 29 24 48 13 18 43 22 11 
39 43 2 13 60 8 9 22 32 25 19 53 33 27 49 5 51 34 56 18 57 11 20 17 38 6 48 28 58 37 10 35 15 36 50 31 23 59 44 52 7 14 12 54 16 4 46 
25 27 3 46 31 9 45 49 39 57 7 33 40 1 32 8 15 20 34 5 51 52 44 38 12 19 53 6 21 35 41 54 2 24 4 17 26 59 37 30 56 36 60 42 
27 17 47 7 25 35 2 56 42 23 36 40 3 6 55 31 54 49 46 60 8 58 10 50 1 14 22 24 4 45 41 39 34 5 53 21 43 9 29 19 52 37 13 11 
44 46 6 56 33 29 38 2 16 17 13 18 43 20 11 34 19 55 7 26 50 8 22 60 25 12 4 10 58 9 30 39 36 57 48 32 14 41 15 40 21 52 
35 40 32 21 33 14 16 25 12 51 15 60 2 44 13 11 1 8 24 20 22 52 49 29 28 43 50 56 10 3 36 58 37 19 23 31 27 41 55 5 45 18 17 42 59 26 38 47 54 
40 29 13 37 31 17 57 50 51 30 49 46 54 25 6 28 18 9 55 16 14 48 33 39 22 1 21 60 24 44 19 32 41 8 26 4 35 36 23 53 38 10 7 11 
38 42 53 56 29 8 3 27 16 11 51 15 45 54 2 4 47 20 55 41 39 34 13 12 32 40 25 37 17 35 59 1 58 18 22 50 
43 34 8 50 28 35 31 18 27 57 21 3 5 36 14 7 13 37 29 59 30 51 20 6 53 4 44 58 10 42 41 56 54 2 33 60 11 38 47 12 1 39 46 55 
23 60 27 31 39 29 48 59 1 22 51 42 34 52 32 9 26 19 54 36 11 45 40 2 38 13 57 53 41 28 35 21 5 7 46 15 47 49 3 44 17 14 6 30 10 56 
30 36 46 6 49 13 39 17 16 57 11 35 15 10 5 25 14 41 60 22 23 43 3 48 28 33 21 24 47 55 50 37 26 59 42 8 53 4 9 27 29 
43 34 42 40 53 26 1 36 13 56 5 14 50 25 24 59 28 37 15 22 4 17 7 18 2 6 55 32 3 44 27 54 9 45 46 57 29 39 21 38 12 23 
6 28 31 10 3 13 23 2 15 57 32 29 49 19 48 39 36 35 41 11 38 42 26 56 16 5 21 17 27 37 12 44 50 52 55 22 30 51 33 9 25 43 59 40 47 24 
55 26 42 14 39 40 60 34 58 24 7 59 56 50 37 18 1 11 3 46 8 28 47 9 6 10 43 22 36 41 20 49 52 44 17 13 25 48 
20 27 32 8 22 58 18 6 46 45 1 33 30 19 11 21 54 47 36 39 13 3 51 29 35 49 48 17 2 10 44 52 37 26 31 38 53 14 34 23 12 15 4 40 
48 57 5 28 23 36 7 11 19 34 52 46 42 25 26 40 15 58 12 44 59 10 35 53 8 39 30 38 43 33 22 49 45 4 31 9 54 24 14 2 50 32 17 
34 2 28 19 58 20 35 51 45 37 31 14 9 22 18 43 38 41 53 56 8 27 60 26 13 49 25 32 23 24 12 4 50 7 42 52 36 3 39 30 47 
5 48 10 37 60 15 6 57 34 2 8 23 28 3 59 27 55 41 1 49 18 44 29 21 38 25 9 42 32 56 45 54 31 24 13 12 4 19 39 30 46 
35 53 34 7 17 46 26 11 13 23 14 1 42 49 18 60 20 56 5 58 48 39 4 43 29 32 51 38 16 52 27 40 37 19 54 50 24 3 8 22 
20 58 14 16 57 6 3 44 27 9 28 4 36 29 51 17 42 54 33 7 8 35 41 46 24 12 50 15 23 13 11 31 18 10 19 34 47 5 2 59 21 43 1 45 25 37 49 
