60
14 38 40 31 26 37 4 41 35 33 46 
52 51 49 33 17 26 43 18 
4 7 59 6 17 16 31 35 53 48 56 20 57 
1 55 18 50 6 49 3 28 41 33 
48 40 23 49 12 34 24 25 35 21 57 45 33 30 
42 51 21 58 27 4 3 29 23 55 26 39 
11 23 10 43 17 3 55 20 49 46 27 
44 34 36 50 23 25 57 48 10 27 39 20 
44 20 10 21 39 27 56 45 54 55 34 60 31 13 11 23 
47 21 20 26 33 39 7 48 43 9 8 46 57 
46 52 7 36 55 59 32 43 44 18 9 58 
56 44 26 5 17 34 23 52 59 29 33 39 16 51 
18 45 15 33 29 58 46 52 9 41 26 37 43 
60 21 18 24 37 39 1 48 54 32 30 
44 34 35 19 42 47 24 13 28 
59 29 50 35 17 3 53 12 
37 43 56 3 16 35 51 21 31 55 12 7 30 22 52 38 23 2 
13 55 11 44 4 2 52 14 35 43 
50 60 26 24 34 56 54 33 23 31 15 
53 21 51 26 44 8 7 28 24 46 10 3 60 32 31 36 30 9 
29 25 10 28 57 20 50 9 45 34 14 60 37 30 6 17 36 56 43 5 
25 17 48 36 51 47 33 58 26 50 40 24 28 
8 9 6 32 17 19 60 33 44 29 39 7 55 5 43 12 
51 5 19 20 59 22 36 48 30 58 55 47 14 15 
21 48 5 28 36 22 8 41 
13 19 30 29 28 2 20 38 22 49 6 32 10 1 27 46 37 42 44 36 12 48 
28 9 54 50 57 6 39 8 53 44 35 26 30 59 7 48 
27 32 50 36 22 48 34 20 25 26 4 21 57 37 15 39 49 
12 21 52 60 56 40 6 41 45 33 37 16 34 13 26 42 51 23 
26 5 17 45 14 57 37 21 20 27 24 41 43 
20 9 46 53 32 3 40 49 17 19 33 34 45 39 44 43 1 58 36 
53 55 36 35 14 28 23 11 58 26 31 20 
2 5 60 31 23 58 1 19 34 42 49 12 29 22 10 4 50 13 
15 21 31 55 48 29 49 28 53 5 8 59 38 12 36 9 33 19 52 
27 48 1 38 42 60 51 32 18 36 17 5 16 15 3 
28 44 35 38 42 41 43 22 24 8 11 21 37 57 25 32 20 49 31 34 26 
26 41 29 36 45 30 14 28 13 54 1 17 21 58 43 
52 59 1 40 41 35 50 36 53 17 60 56 54 45 51 26 55 34 43 
53 27 8 48 31 28 55 6 9 14 12 23 10 49 
50 47 38 29 22 54 1 46 5 31 
4 38 25 37 54 45 13 29 36 1 30 
35 6 29 56 36 26 49 43 15 33 
7 17 38 42 10 30 49 2 18 37 36 46 21 48 13 23 31 59 11 
11 8 36 55 15 20 12 9 18 26 23 27 31 57 
38 51 30 5 31 60 58 9 21 50 29 41 56 52 37 13 
43 40 1 7 53 13 10 11 26 31 20 
53 22 40 15 24 10 
5 24 25 43 14 57 22 3 10 28 35 39 27 34 8 26 
7 31 39 55 57 5 42 4 34 2 33 36 28 26 43 54 
19 28 56 16 27 22 38 4 21 40 33 58 8 45 
2 45 22 24 20 17 35 59 58 12 6 38 29 
60 17 13 29 18 55 11 2 38 45 57 34 12 
31 16 3 34 27 39 47 56 32 46 60 38 20 
27 41 14 40 38 60 9 19 37 49 
11 9 49 34 32 59 23 44 38 7 18 17 24 52 39 56 4 6 
59 17 60 45 55 53 19 12 21 38 3 29 42 9 50 
28 44 48 10 27 52 49 5 30 60 36 8 3 21 
13 45 32 22 24 31 11 50 33 51 37 6 
43 34 38 55 11 16 3 12 56 24 51 27 
35 23 21 57 56 29 33 20 53 9 45 14 38 19 52 54 