60
60 54 42 18 29 52 5 59 17 34 43 38 2 27 22 6 16 19 23 40 49 15 33 36 28 47 56 25 13 10 24 55 45 51 39 31 14 50 8 12 20 30 44 
30 10 45 13 24 29 5 23 53 1 8 60 18 47 35 57 15 28 17 51 56 55 14 39 31 40 49 41 44 58 6 7 19 38 9 52 16 42 59 20 
44 5 21 52 54 59 39 24 20 42 43 23 60 13 45 51 6 46 37 27 53 40 36 22 12 19 9 17 58 4 30 55 14 28 50 29 34 35 33 31 48 41 56 11 
47 25 48 11 3 35 49 22 52 7 12 6 8 24 55 21 23 18 28 42 57 40 5 53 36 60 16 14 29 50 38 20 54 46 45 15 56 27 41 39 10 33 31 9 59 32 
16 22 59 56 20 26 55 35 12 11 3 25 44 46 57 50 17 41 9 4 32 24 43 60 7 27 42 13 34 14 49 2 54 52 1 30 8 31 36 39 6 
3 33 20 9 57 41 25 29 19 50 59 22 1 35 60 12 11 4 16 21 15 43 58 53 13 28 45 39 18 5 42 49 32 31 56 40 38 2 44 7 27 24 
23 58 19 4 33 59 32 36 17 13 34 25 44 51 29 24 43 18 2 15 22 54 6 8 53 60 5 39 12 57 52 14 37 47 45 46 31 42 41 16 48 27 21 56 20 30 
60 14 48 21 33 49 53 2 55 20 29 35 4 45 16 43 5 26 50 24 41 15 57 28 18 44 30 7 36 27 34 46 54 39 40 38 31 25 10 1 12 22 
48 44 54 5 2 35 47 29 17 50 33 46 26 6 60 4 14 40 11 22 19 27 23 34 30 16 13 37 18 3 38 59 25 55 32 53 10 42 28 57 
4 33 52 11 58 51 28 16 12 60 43 1 2 19 41 59 55 9 25 18 37 8 26 39 13 24 31 36 21 42 15 23 45 32 22 27 35 
55 52 45 25 6 23 20 43 35 5 27 10 49 48 51 54 47 42 19 4 3 41 14 53 39 57 58 29 28 31 40 37 24 21 18 50 12 9 38 46 59 33 60 
32 43 44 18 3 48 31 6 46 56 40 10 14 15 7 27 47 20 51 1 34 8 25 24 52 29 22 49 4 11 19 16 60 23 28 45 37 13 5 54 17 42 53 26 30 36 
20 9 43 52 33 41 57 2 29 3 7 53 42 26 12 28 1 10 27 55 51 39 58 38 15 31 30 24 5 45 60 50 6 44 16 19 14 46 18 22 54 48 47 17 56 36 32 
51 19 4 29 48 27 46 38 42 21 23 7 36 43 25 9 52 59 26 18 15 31 3 58 5 41 11 60 47 35 45 37 13 2 34 56 44 8 28 57 24 49 12 50 33 32 1 40 
57 4 60 31 35 16 36 13 8 53 47 58 50 27 12 18 1 10 22 59 37 25 51 19 7 28 2 20 6 49 42 56 14 40 21 32 29 23 45 55 46 
31 1 22 6 40 42 32 58 46 7 17 29 28 26 34 10 47 49 50 59 55 27 53 33 35 8 25 60 12 20 52 51 38 9 37 2 23 4 54 36 13 15 41 5 
25 46 31 56 48 23 45 37 3 35 42 47 34 58 41 7 55 20 38 50 18 13 16 12 59 1 26 21 44 36 30 5 9 40 28 2 57 
39 4 34 17 2 9 52 6 49 30 1 11 37 32 22 14 36 28 59 10 15 13 57 23 46 27 45 48 19 33 12 26 43 21 55 7 8 24 20 47 50 
52 21 14 11 18 43 9 6 28 25 51 58 46 24 41 10 47 23 36 57 22 56 48 53 38 2 55 7 33 15 34 1 12 31 50 42 20 30 13 3 
40 35 56 3 48 13 51 30 11 31 5 44 19 4 32 24 53 55 59 58 38 1 15 18 29 46 37 12 47 49 54 25 2 23 17 16 8 45 28 6 50 22 27 57 7 
22 34 25 35 10 53 45 37 43 60 14 30 6 27 18 47 59 51 52 31 29 58 11 32 15 39 56 3 42 19 44 23 36 24 48 8 28 26 17 7 4 
47 5 46 9 13 53 60 1 4 8 40 18 45 43 52 39 24 33 58 19 23 3 7 10 15 16 50 20 21 27 51 28 49 59 37 12 42 38 41 57 31 44 29 6 
32 10 18 34 27 57 15 17 48 60 28 54 4 2 30 37 59 53 21 58 46 41 3 35 20 25 36 12 42 11 22 49 24 43 16 51 7 1 39 44 40 19 26 9 50 14 31 
18 3 54 52 33 55 4 38 34 41 23 49 21 60 1 6 12 59 10 31 58 22 37 36 20 7 35 56 14 13 39 50 43 53 42 2 29 45 11 47 8 27 5 19 46 25 30 
37 54 20 46 24 31 16 49 33 53 4 23 44 19 14 34 5 39 21 26 6 43 48 27 7 51 50 52 1 9 17 35 58 59 38 15 30 45 11 47 10 55 8 29 60 12 
14 29 39 48 9 53 55 47 51 16 28 36 13 5 34 38 58 8 32 46 12 17 23 49 18 52 21 57 33 37 25 10 60 
21 16 20 6 39 5 3 13 45 31 43 24 52 4 10 57 25 12 37 40 51 28 44 56 48 36 11 49 54 59 14 15 1 50 55 7 47 9 42 32 33 41 23 18 8 22 53 
43 2 60 49 38 59 4 27 53 22 12 50 17 10 45 42 51 18 11 36 15 35 1 57 41 6 26 47 19 37 3 54 48 13 16 21 31 32 9 40 20 39 23 34 55 8 14 58 
7 9 42 4 32 33 55 40 16 54 41 60 13 25 49 59 3 50 56 51 2 20 38 30 21 24 1 36 48 47 8 52 44 15 22 39 57 14 12 26 6 11 31 
21 43 57 56 8 37 51 42 31 59 29 55 5 35 2 50 3 45 38 25 19 54 17 36 13 9 24 20 7 1 18 12 33 58 48 52 49 23 
57 47 21 48 45 20 25 30 39 19 11 49 27 2 54 13 36 32 33 53 46 8 50 24 38 7 28 15 4 5 44 35 14 29 1 23 10 37 6 42 16 41 17 22 3 12 
12 56 13 28 18 39 38 16 57 50 4 20 9 46 45 52 29 27 36 14 58 15 31 7 6 59 47 41 44 54 53 40 49 23 10 48 21 34 26 5 43 51 55 
19 47 18 51 22 11 26 50 27 54 57 52 35 4 9 29 1 40 7 10 37 31 58 14 13 3 8 44 36 6 49 16 46 30 25 45 24 39 53 56 
38 7 41 19 58 43 24 45 21 55 57 26 14 59 3 23 1 8 25 16 28 32 17 47 12 18 9 42 5 53 46 60 54 48 40 49 52 36 
50 58 55 49 15 37 24 60 21 57 8 14 45 52 16 33 47 3 11 10 4 54 2 42 28 5 56 6 20 31 17 23 36 25 48 51 53 44 38 30 39 9 
41 24 16 38 14 53 54 1 32 23 43 28 57 8 12 3 33 46 13 10 5 26 34 17 47 42 39 48 18 7 30 52 51 19 44 4 29 31 58 21 60 35 27 15 50 49 
11 20 49 21 40 44 33 41 50 9 28 22 23 39 3 35 48 16 24 53 12 17 31 18 26 57 30 45 7 15 51 58 46 27 54 42 14 25 55 60 10 
52 29 54 25 28 49 41 47 34 31 55 11 22 13 2 19 8 39 26 30 32 44 35 20 58 46 45 57 17 51 53 14 1 36 4 48 6 42 16 24 9 
31 38 57 26 7 50 44 25 51 10 46 37 18 23 58 28 21 24 8 29 3 60 54 48 55 11 32 35 40 2 6 5 27 42 47 36 49 13 33 52 4 53 1 41 56 59 22 43 
50 34 39 28 4 54 17 57 6 12 1 11 58 2 51 3 59 14 52 44 41 49 56 15 16 8 33 9 23 32 22 37 43 20 48 29 27 46 
56 13 6 32 48 19 53 2 36 49 57 24 17 8 47 51 10 14 23 54 29 27 4 39 37 45 38 46 55 5 34 11 16 31 60 28 40 7 50 22 3 
48 29 49 10 58 51 31 60 37 6 27 4 34 53 24 46 2 15 16 56 36 17 9 22 35 38 13 23 30 39 28 19 5 12 11 7 44 47 52 21 14 1 3 
51 19 6 18 49 46 30 7 11 54 56 39 24 23 40 60 59 8 3 14 34 28 5 36 22 12 10 27 32 21 25 47 52 13 1 
5 3 22 20 51 38 59 47 57 33 48 60 27 46 31 23 1 35 40 56 12 32 13 17 53 6 14 8 36 37 42 7 2 39 50 49 9 21 25 54 29 52 58 
33 53 14 28 17 30 8 46 55 48 22 3 49 34 31 38 21 10 60 13 12 51 58 41 27 4 7 1 35 6 37 57 50 54 11 2 15 18 32 20 52 25 56 24 59 
34 52 57 48 53 23 41 45 42 5 31 59 12 58 22 9 15 36 38 39 13 43 17 16 40 54 24 44 47 56 49 55 7 37 11 26 4 33 20 8 3 32 18 14 19 25 
27 50 48 53 38 21 35 60 39 16 7 18 22 36 33 42 28 55 29 58 32 34 44 24 26 13 57 11 15 49 25 12 9 19 46 4 54 17 2 43 14 52 31 41 1 20 
53 31 38 11 9 42 37 45 19 7 29 41 34 28 3 4 56 51 12 8 35 21 47 26 36 25 39 44 57 46 14 49 30 32 27 50 17 40 18 20 13 23 52 
55 37 29 23 35 47 54 31 46 45 38 52 26 1 20 42 40 24 51 2 58 11 50 16 56 6 34 41 22 8 4 18 43 12 5 39 44 14 59 30 33 57 27 36 15 48 60 32 28 25 
5 58 8 36 17 28 56 3 13 18 45 22 20 23 4 51 49 29 31 47 25 55 1 40 6 48 52 30 16 11 27 14 44 32 39 53 41 37 24 19 9 59 54 60 15 35 33 
42 19 55 53 2 40 16 50 15 11 44 56 27 21 26 25 20 38 52 43 37 39 33 28 59 32 60 36 29 48 23 54 7 12 58 35 3 1 13 41 22 14 10 30 45 49 
50 58 36 24 29 39 10 40 18 33 32 42 26 60 51 22 45 47 21 2 38 43 19 34 5 12 57 35 49 53 30 14 7 44 27 11 1 4 55 48 46 16 3 25 13 
48 26 35 20 36 57 7 11 54 2 37 33 58 39 3 9 8 25 13 34 46 32 16 23 44 60 31 51 56 42 50 6 47 4 55 12 19 28 41 45 38 21 59 22 27 15 24 52 
30 32 58 35 13 24 39 40 12 27 47 16 23 8 51 50 9 4 33 5 44 11 38 36 28 55 43 34 1 46 41 60 3 53 7 59 49 29 45 25 37 20 31 
24 1 35 13 54 9 17 11 41 8 52 39 37 32 49 4 56 18 16 57 38 28 3 20 5 10 50 2 15 27 25 34 19 47 29 30 59 51 60 53 26 46 45 
46 40 44 59 27 19 6 17 21 48 42 2 14 43 49 24 15 45 53 7 50 12 3 58 1 20 30 29 39 32 5 51 33 41 55 4 13 35 
60 40 8 31 7 33 14 45 34 2 59 44 48 23 20 22 30 39 18 47 15 46 35 9 4 41 5 38 53 52 28 29 37 6 55 49 27 32 19 11 13 26 36 17 
24 34 2 39 14 6 37 16 40 23 56 54 17 50 26 3 22 10 53 52 15 7 42 32 33 25 28 45 36 51 47 38 46 20 35 11 60 49 21 44 13 30 19 
15 54 14 28 21 11 34 22 27 1 39 46 51 18 53 57 50 24 23 10 3 45 25 43 56 44 16 5 49 17 9 7 29 55 4 30 40 32 2 6 20 
15 29 37 50 45 51 52 54 11 41 14 26 6 21 24 12 44 57 49 3 23 34 58 4 42 28 7 16 1 22 13 53 8 39 35 55 25 47 36 10 5 43 2 9 
