60
37 34 58 57 48 9 8 36 18 40 
35 7 27 54 3 59 57 56 5 24 16 15 46 14 
25 20 16 34 48 53 39 50 15 2 36 46 7 38 33 
14 6 27 43 25 31 10 47 23 58 
10 26 57 2 23 17 45 49 19 16 15 6 12 50 55 34 
4 37 24 9 11 48 53 21 41 5 36 30 47 19 12 52 32 
31 3 50 2 13 47 40 12 25 45 9 23 19 38 39 46 
55 31 54 14 51 58 57 21 15 46 13 32 24 1 
12 43 33 45 51 13 1 7 32 10 6 31 
44 9 53 58 4 52 29 36 25 55 27 19 51 23 45 5 
50 46 35 26 6 42 60 43 39 53 24 
52 6 46 34 26 35 9 27 19 39 44 55 5 7 48 23 
40 60 47 8 35 46 45 9 25 30 7 44 53 54 
23 32 37 2 39 33 27 44 43 4 38 8 19 
2 42 18 8 3 46 51 5 23 17 52 16 34 40 
27 34 50 43 54 17 2 45 3 5 15 22 
55 47 57 51 53 16 15 5 38 59 18 
41 43 24 1 58 15 19 31 50 17 40 
55 28 60 7 51 59 6 18 38 12 14 53 54 45 5 34 10 37 
21 26 38 60 31 22 53 3 52 40 54 25 
54 27 20 53 26 52 6 32 59 8 45 
59 54 23 60 20 45 36 42 47 30 53 37 43 49 16 
33 24 41 15 22 59 14 55 29 7 26 42 5 43 31 12 4 40 10 
29 36 2 11 18 28 60 34 51 48 25 46 52 23 56 53 6 8 26 
44 20 13 7 42 43 3 24 40 31 4 39 10 
43 29 27 58 55 11 59 21 40 5 12 24 20 23 33 56 
59 4 16 2 10 48 49 58 44 26 29 42 38 45 28 12 21 14 
34 39 60 38 27 24 52 46 53 19 
50 58 42 46 24 23 38 10 60 26 57 30 45 27 59 48 
54 6 35 37 29 41 51 22 57 13 46 50 
25 37 47 56 54 8 7 52 53 32 23 4 9 20 18 38 
55 57 6 39 14 50 31 21 8 9 41 40 
39 34 44 42 9 60 14 53 3 35 38 54 26 45 23 55 
5 35 12 41 43 45 15 52 24 50 28 1 33 51 16 19 3 42 
11 53 46 30 2 12 33 47 13 39 43 34 
1 41 10 22 3 24 6 
22 19 56 57 1 31 6 52 53 30 49 14 
31 33 41 17 28 3 43 20 14 55 27 56 51 29 7 19 
47 3 12 54 14 56 33 28 49 35 11 32 25 7 
15 55 25 50 58 7 59 23 18 1 20 13 52 32 26 
57 36 30 55 60 18 6 32 34 43 38 23 
45 54 23 15 47 34 11 52 29 56 33 60 27 59 22 25 
14 35 38 41 55 25 57 23 34 16 26 56 22 11 9 18 60 46 4 48 
50 12 59 27 10 52 55 25 57 33 13 14 
13 19 34 27 29 57 50 21 9 10 33 42 22 16 5 7 
2 12 28 7 8 30 35 59 43 3 52 29 24 11 55 56 13 15 
13 42 59 39 6 49 35 7 51 22 50 31 4 17 
12 52 55 1 27 60 6 24 29 43 3 
27 50 37 55 52 5 60 51 39 47 22 
16 40 45 5 47 49 44 55 11 34 30 60 3 32 56 7 29 18 
34 24 59 30 17 10 47 38 15 49 9 8 19 
46 10 15 20 48 42 28 44 21 40 37 6 57 24 31 49 12 34 
24 28 19 33 22 11 13 17 6 3 37 21 35 55 56 10 20 31 
30 19 39 16 8 13 2 21 20 42 33 57 56 31 22 
60 41 17 32 44 8 5 10 19 48 53 46 23 12 43 49 38 40 26 33 50 
37 53 24 50 2 60 43 31 39 46 54 26 38 42 
8 43 2 30 32 41 29 1 17 5 52 44 45 54 37 
10 1 40 27 29 8 26 4 18 
47 22 2 46 21 29 51 17 23 26 27 19 40 42 44 
24 48 29 33 13 50 49 43 20 41 28 56 55 11 22 19 42 