60
3 33 14 10 50 16 56 15 30 23 36 8 25 
28 35 41 43 42 8 53 9 29 5 
39 41 17 24 1 60 52 42 40 10 57 
20 11 39 48 54 49 6 41 9 59 8 58 43 18 52 35 46 
45 41 26 39 35 25 2 9 7 58 53 38 18 
10 34 7 38 4 23 17 46 36 57 8 43 37 41 13 26 15 58 40 
29 27 20 9 43 6 56 40 22 5 44 54 45 57 
1 18 4 60 57 36 47 28 6 2 13 9 21 59 39 45 15 
41 7 5 49 60 15 4 32 10 46 28 44 16 2 8 
40 26 9 18 17 57 6 3 27 60 1 11 51 
40 4 44 10 31 54 51 22 47 21 27 33 
27 17 48 52 41 56 50 46 28 15 49 22 
30 6 44 8 24 31 35 25 50 20 14 36 16 32 53 33 
45 24 47 22 42 35 1 13 57 58 56 54 40 31 
34 36 1 18 35 8 21 12 6 53 52 9 26 17 
9 35 43 1 48 13 38 25 26 24 49 21 29 40 59 
10 54 40 6 36 12 23 30 3 25 15 42 
26 15 19 44 45 8 56 5 52 48 24 4 57 10 49 42 
34 29 42 58 30 32 56 54 22 18 57 
46 59 57 56 43 13 41 38 7 27 50 4 32 
56 36 26 32 22 23 51 25 11 44 37 41 42 15 27 8 16 46 
52 30 57 19 48 55 28 29 37 23 21 7 11 40 14 12 51 46 49 
36 21 48 6 17 1 31 43 22 
50 40 16 18 3 57 51 13 58 14 39 54 
43 56 21 1 60 16 54 42 48 13 35 55 5 17 39 
6 43 45 5 10 21 16 15 57 46 44 47 50 18 
7 11 21 59 34 45 41 10 20 12 
60 8 44 59 35 12 31 22 52 43 2 9 
16 60 45 22 58 19 7 57 56 2 41 46 51 
50 45 35 19 22 37 17 1 34 13 39 
23 11 48 57 51 58 39 50 55 13 14 28 
20 39 44 21 47 9 50 52 19 45 13 40 58 36 
1 55 59 41 45 51 39 58 57 13 11 38 
6 58 15 44 27 55 38 52 40 30 19 
25 2 55 49 5 28 16 13 37 15 14 30 4 
55 1 17 41 39 8 6 13 23 38 47 21 32 44 48 15 54 43 60 
40 58 6 30 59 22 47 35 21 
5 16 53 36 6 33 56 34 20 
3 31 33 4 8 30 55 43 36 32 5 25 24 
17 57 37 47 16 14 10 7 52 11 24 54 59 22 6 32 34 3 
59 20 36 57 3 46 12 5 9 33 29 42 21 2 4 27 6 
41 2 56 14 53 21 45 25 17 3 19 57 18 
23 39 20 7 25 16 56 6 36 4 28 2 26 
9 49 26 13 36 56 46 11 28 18 7 55 32 53 34 48 21 
56 53 26 14 18 46 8 30 33 32 42 5 29 7 27 59 
52 21 41 55 20 45 47 6 4 26 12 9 29 22 44 53 
46 11 36 32 40 8 14 60 37 26 
56 4 12 52 18 25 23 54 31 22 44 36 16 
9 44 16 4 22 54 55 12 18 35 
26 55 24 20 54 30 13 31 1 12 32 
59 10 22 11 58 29 33 31 21 24 
12 15 40 22 48 46 28 32 34 55 4 3 18 
42 46 45 44 38 13 2 5 15 
19 50 49 14 4 36 17 7 56 48 11 24 25 40 
33 59 34 25 52 49 58 22 50 31 39 36 44 46 35 
43 54 19 44 25 20 38 21 7 29 45 12 1 14 42 18 48 
10 42 24 22 18 33 7 29 26 41 40 14 31 19 3 6 8 60 20 
60 34 32 37 55 51 4 14 33 5 31 19 29 24 6 
33 20 8 28 27 45 37 40 55 16 41 4 51 
36 10 9 47 28 25 3 29 58 8 57 