80
57 32 24 65 72 66 39 53 71 59 58 68 18 26 23 2 56 34 47 40 
74 69 42 34 1 67 6 50 9 48 39 49 46 32 23 59 
40 65 34 21 49 10 63 22 11 59 58 
68 36 79 48 77 60 18 8 80 16 28 17 39 19 21 70 35 9 65 57 
29 43 57 34 58 61 67 69 36 6 79 28 50 9 60 54 78 
60 65 80 66 67 11 36 2 8 70 39 71 5 57 54 17 
14 38 39 24 17 34 20 26 15 79 40 23 33 78 51 68 66 77 69 62 22 
34 56 23 32 4 55 58 44 21 17 66 27 12 13 68 6 74 
34 68 4 74 36 13 55 5 26 70 14 63 27 53 30 71 65 40 72 15 79 57 2 23 
39 22 76 41 21 75 37 50 74 28 13 34 36 59 26 14 53 58 71 35 3 11 45 40 
65 10 27 20 63 12 22 52 64 35 32 19 60 76 41 6 15 79 77 3 
11 51 42 48 8 66 73 60 52 27 13 43 29 70 47 24 35 23 19 77 72 67 
70 10 8 28 74 24 77 26 59 12 19 75 76 60 67 40 38 56 9 27 57 16 30 63 52 
10 53 45 41 24 56 80 43 25 28 75 34 9 7 
9 63 68 11 25 77 67 23 69 41 58 52 73 70 34 7 50 27 44 42 26 36 57 
4 62 43 37 64 73 80 19 67 31 59 66 77 46 20 57 13 55 56 25 47 72 39 24 
35 37 36 30 75 63 39 56 76 47 66 6 7 67 77 8 4 40 72 
64 48 70 39 65 43 1 26 33 67 19 4 50 63 32 30 53 80 62 22 45 23 
37 65 77 16 13 4 11 50 69 12 38 18 66 72 51 31 48 79 
71 7 49 35 32 40 72 51 73 80 57 11 77 70 27 16 
27 32 10 8 26 37 69 36 3 33 35 43 4 51 41 40 
55 11 34 3 30 67 18 73 69 51 79 10 7 36 46 33 
2 54 58 73 15 41 18 56 40 61 7 8 50 59 57 1 12 9 32 
62 33 68 66 50 70 30 12 16 69 1 39 74 47 13 7 53 77 71 57 14 64 
68 16 30 46 48 15 35 70 38 27 72 53 54 47 14 28 
48 34 21 1 10 73 9 31 67 40 38 79 7 13 43 29 57 15 53 37 18 
57 8 29 42 9 21 25 11 13 58 71 39 20 38 76 68 45 31 62 12 35 44 43 15 
52 4 72 25 53 40 31 80 13 74 5 14 43 77 10 70 68 
27 55 59 26 36 64 48 12 80 72 79 62 5 46 
70 24 60 17 18 47 78 52 25 62 67 42 75 77 9 57 37 59 61 22 13 
27 43 49 19 62 63 36 37 42 60 28 78 79 16 48 26 
8 20 2 33 11 74 23 56 41 75 1 52 18 37 38 66 40 21 
24 45 43 39 79 61 46 21 69 22 74 18 7 68 51 48 32 71 80 
51 2 74 76 54 8 7 22 49 67 79 45 1 37 70 15 71 10 35 38 41 3 5 77 26 14 9 
10 71 75 56 50 39 42 69 34 41 43 27 11 52 65 21 36 77 17 20 12 4 37 25 47 45 61 
37 22 5 31 4 61 63 65 35 17 64 70 6 29 46 71 75 15 9 68 49 58 62 60 21 54 10 40 
44 16 21 26 32 30 17 10 35 55 36 31 58 19 34 
67 19 58 27 52 42 43 73 53 39 46 32 70 50 25 63 7 47 34 13 51 26 56 
4 64 6 16 75 17 33 57 52 80 74 10 38 1 40 7 66 2 35 18 43 24 27 
43 13 10 77 56 39 72 20 32 53 28 36 21 1 7 3 71 9 23 26 79 17 
69 14 53 11 67 52 62 35 10 56 32 63 66 44 65 15 23 34 21 48 
35 62 30 59 45 2 47 60 27 31 15 63 69 12 43 38 
39 78 21 42 56 54 70 5 14 26 35 18 38 80 28 31 16 27 50 79 33 12 40 77 
76 8 41 49 75 68 47 71 77 54 70 58 15 46 27 37 60 
18 55 63 51 10 62 66 14 27 64 61 42 79 35 52 50 69 71 33 34 
36 62 55 16 2 65 75 80 29 25 58 22 66 52 72 44 38 63 76 33 59 
64 63 12 42 44 25 16 30 76 1 74 17 38 62 71 77 35 24 
54 31 66 33 49 19 2 12 26 51 75 18 25 4 29 41 
48 55 71 44 51 34 2 57 64 62 31 52 77 20 36 3 
5 2 24 10 43 59 73 35 45 38 64 18 19 61 70 23 57 15 80 66 54 
58 49 34 60 20 48 45 74 21 78 22 80 68 7 38 77 33 12 19 
30 53 58 38 39 49 28 45 35 68 61 67 60 78 11 13 54 46 12 15 65 41 32 
26 9 71 54 28 80 24 18 52 79 59 76 41 70 1 38 56 40 14 69 10 25 
50 52 55 44 63 48 43 53 73 69 5 25 36 6 23 67 34 
73 72 45 16 37 22 54 9 49 29 46 8 62 68 57 76 
32 1 35 40 16 17 8 74 41 38 69 67 13 43 53 23 14 80 62 78 
30 68 6 9 61 39 27 59 23 20 76 78 13 66 49 15 1 55 4 16 5 26 65 24 50 
51 8 79 72 36 3 15 5 23 10 67 76 37 27 38 44 64 52 46 1 
42 10 1 29 64 53 78 62 13 66 57 75 23 50 2 3 46 71 80 16 30 
70 6 5 31 77 12 52 42 4 51 30 80 71 64 44 13 74 36 66 73 11 
62 68 35 75 36 33 30 72 5 50 76 78 52 45 23 57 
55 68 74 66 24 42 65 27 59 31 36 49 56 29 61 16 18 63 46 30 45 47 7 72 41 
38 47 54 78 66 45 15 62 11 13 36 18 74 3 67 77 31 17 46 9 42 41 
29 50 49 60 11 58 59 36 24 47 39 72 45 75 18 79 16 
57 6 46 18 76 62 52 80 72 9 3 1 35 41 36 11 71 4 19 
6 24 71 41 59 60 46 12 8 48 1 39 32 57 19 16 17 50 45 7 63 62 
41 6 52 34 2 12 58 74 30 16 26 22 38 18 63 15 72 56 54 17 13 5 
57 24 75 8 69 51 52 15 1 28 36 25 7 33 62 55 4 9 27 44 79 61 
54 53 42 56 41 21 45 2 35 24 68 7 33 72 22 5 15 19 
34 44 18 50 24 28 6 9 4 53 38 60 15 13 74 36 30 43 20 12 77 25 71 
33 40 35 24 60 53 9 34 36 80 66 20 27 1 10 49 6 65 59 78 45 70 74 44 47 
69 65 19 29 58 1 67 12 28 62 46 9 80 16 55 17 20 40 78 73 25 64 61 
15 50 22 60 20 55 26 72 23 16 38 12 54 
10 62 80 2 9 39 51 24 70 71 8 56 32 28 33 67 63 13 77 60 34 47 
59 64 44 32 13 30 36 17 61 48 68 14 10 39 46 35 
13 58 17 55 27 44 65 34 11 47 61 10 53 57 46 
16 35 30 4 28 13 15 78 70 51 74 44 24 49 40 12 63 19 43 17 34 7 60 47 11 20 
61 30 43 71 7 80 56 59 63 57 51 77 31 5 52 72 
22 19 26 7 34 43 31 58 64 45 29 40 68 33 5 4 80 11 53 9 
50 78 74 29 71 6 20 79 65 14 39 53 4 60 59 43 16 28 33 51 56 72 46 18 