80
14 58 41 67 5 4 15 6 49 31 9 43 55 25 61 28 42 72 44 46 3 2 33 37 70 47 8 29 11 26 62 80 12 36 79 71 27 68 50 53 38 32 54 45 22 69 64 18 59 34 65 17 60 74 63 73 51 40 13 10 77 52 20 30 16 75 24 78 66 7 56 35 39 48 76 19 23 57 21 
33 61 37 44 45 41 11 28 73 51 66 78 74 8 5 46 69 68 6 10 47 52 7 13 58 65 32 76 20 48 31 70 60 30 34 26 4 14 40 29 12 50 42 55 64 27 49 56 79 23 43 38 18 9 25 63 1 22 75 77 16 24 15 57 3 80 36 71 53 17 72 35 67 39 59 54 62 21 19 
53 37 13 51 46 80 10 28 16 20 6 38 30 12 68 48 62 66 65 58 60 7 59 4 67 11 2 21 45 9 63 64 33 39 61 8 17 75 5 23 14 36 24 70 31 47 44 69 27 18 73 40 35 78 76 15 25 29 55 72 32 71 34 41 49 77 42 56 43 26 50 22 57 1 74 19 79 54 52 
23 6 1 12 28 75 32 36 19 45 14 74 38 42 21 41 43 44 76 68 8 18 10 59 35 31 60 15 48 29 13 58 71 26 57 79 25 37 63 30 65 78 72 39 52 73 9 17 67 27 80 49 5 2 40 46 33 7 69 47 53 34 16 55 66 62 61 54 11 56 70 77 51 24 3 50 64 20 22 
26 66 61 69 41 75 10 51 11 38 17 70 27 4 57 40 35 14 63 13 74 37 33 3 1 9 45 80 8 24 23 15 58 18 68 78 19 49 34 65 43 46 77 62 21 28 48 52 71 2 36 12 25 55 39 60 72 76 59 67 32 64 31 30 53 47 16 42 20 29 54 44 56 50 79 73 6 22 7 
11 18 36 3 67 63 47 72 74 79 2 21 51 15 33 48 61 59 10 34 50 26 41 77 24 75 17 69 68 19 46 37 22 62 14 13 20 9 25 5 8 64 42 44 30 28 27 38 49 58 7 12 76 29 43 31 73 70 35 65 71 23 57 56 40 52 80 1 45 66 55 39 16 53 4 32 60 54 78 
79 34 74 61 27 41 60 44 57 42 39 35 49 18 75 65 67 47 48 13 6 36 69 52 72 24 45 11 78 16 28 53 23 5 37 46 62 29 19 73 10 32 2 1 4 30 70 66 56 38 54 8 15 33 14 55 68 21 9 17 20 43 51 71 3 59 40 80 77 22 50 58 12 25 64 76 26 63 31 
32 27 4 54 70 79 64 55 14 25 36 63 33 69 3 15 80 21 46 59 56 7 43 26 65 13 37 52 73 34 42 72 35 60 28 44 48 17 78 2 40 77 12 49 75 11 66 50 45 29 58 6 16 18 23 30 57 53 71 22 76 51 67 20 39 19 38 1 9 47 68 74 5 24 61 10 62 31 41 
34 31 63 6 18 80 39 76 26 62 1 22 74 55 30 17 79 7 68 54 52 13 19 32 43 49 33 28 24 56 16 61 27 58 66 78 70 29 77 36 69 47 37 11 41 3 35 48 5 44 73 15 8 46 67 4 45 72 71 25 14 57 42 60 53 21 38 64 75 51 40 59 65 50 2 20 12 10 23 
51 58 35 59 52 66 29 79 38 30 36 54 45 15 74 63 40 65 56 18 78 71 80 1 7 75 47 16 6 22 46 24 73 4 44 61 53 64 19 31 57 69 55 26 33 25 20 21 37 67 13 77 11 49 43 27 2 34 8 28 14 9 23 72 70 17 42 50 39 68 12 5 48 76 62 32 41 3 60 
55 61 35 50 3 15 16 25 41 79 51 2 14 71 6 40 76 75 10 48 59 4 18 22 29 12 56 69 74 30 9 47 46 67 1 43 23 39 17 72 37 27 77 80 31 38 5 42 65 36 64 62 66 13 49 58 44 68 24 32 52 28 33 34 54 7 53 45 63 8 19 70 73 60 26 78 21 57 20 
21 77 55 24 59 2 6 46 16 70 31 30 65 4 1 11 26 68 14 9 79 7 5 10 47 51 35 74 37 62 72 60 61 15 73 39 64 63 23 36 54 20 44 32 27 17 66 75 28 67 42 41 18 53 49 78 43 8 71 69 56 52 80 25 45 34 13 76 58 19 29 22 3 50 40 33 38 48 57 
74 8 62 42 45 7 43 15 39 4 52 53 68 26 67 46 21 14 76 72 10 2 18 69 16 71 55 11 37 79 9 60 40 12 3 32 44 34 38 41 70 66 28 59 61 36 33 58 57 19 78 47 77 63 29 50 23 25 6 54 27 5 24 75 65 56 49 31 80 51 22 30 64 48 73 35 17 1 20 
35 48 79 71 34 41 44 73 64 62 7 19 20 13 74 63 50 27 54 18 60 38 59 69 52 29 70 3 4 11 15 16 9 66 36 17 43 51 5 1 67 42 12 28 26 72 37 40 55 25 39 45 31 30 49 57 80 75 24 56 10 22 76 78 21 61 23 58 47 68 8 6 53 46 77 33 2 32 65 
13 49 79 75 11 44 50 70 40 25 46 38 66 77 60 10 59 8 18 72 7 64 1 27 21 63 16 52 17 23 62 69 67 14 4 61 26 24 5 68 39 36 28 51 3 45 9 43 31 22 56 47 55 33 53 34 71 48 37 35 58 57 12 41 6 74 32 29 19 42 78 20 80 73 54 2 76 65 30 
43 61 35 5 15 21 7 45 73 34 49 50 27 69 42 30 37 18 12 55 63 53 65 25 54 74 77 6 17 52 60 78 1 11 72 64 70 44 58 22 75 4 56 24 47 57 79 33 38 67 66 2 68 76 13 32 14 80 36 71 19 10 48 28 41 59 39 46 26 9 62 23 20 31 3 8 40 51 29 
75 77 63 55 54 10 65 68 40 59 73 14 50 21 67 3 53 70 38 49 64 9 71 80 57 69 1 36 41 8 6 18 2 42 19 51 11 30 79 15 60 48 28 26 46 12 72 47 43 22 4 37 56 32 5 31 39 58 13 35 29 33 23 61 62 7 78 45 16 52 25 74 20 44 27 76 24 66 34 
20 23 65 69 37 62 77 72 33 13 71 28 47 66 17 78 36 30 68 2 51 24 74 63 45 48 5 22 38 57 19 60 73 54 3 1 46 49 21 40 76 26 7 15 50 75 56 27 32 43 31 9 6 80 35 58 42 14 55 67 79 16 25 52 44 39 12 29 8 10 61 4 11 53 70 59 41 34 64 
27 9 13 72 22 2 79 37 46 3 26 76 55 42 40 33 68 38 39 11 7 51 52 69 73 70 59 45 8 64 65 34 1 6 21 71 58 35 18 75 49 23 16 56 44 62 43 17 4 14 29 28 74 57 78 36 48 12 61 54 66 30 24 47 31 32 67 53 77 60 80 50 5 15 41 63 10 25 20 
18 46 59 73 72 2 57 30 17 8 39 35 70 38 62 13 31 47 14 45 75 56 11 3 40 36 34 69 71 19 58 25 63 49 9 23 43 41 74 50 15 53 77 60 37 79 10 44 7 6 48 16 52 67 78 5 42 66 24 28 21 33 54 80 32 12 68 27 55 76 22 64 26 29 1 61 51 65 4 
75 46 37 52 44 17 50 64 43 16 61 23 48 28 77 30 60 41 8 67 27 45 10 55 70 56 12 14 58 62 31 32 6 4 51 49 3 68 38 65 53 35 11 5 20 19 34 72 79 73 22 33 42 13 54 25 69 9 29 47 59 71 39 2 74 26 24 63 57 40 80 1 15 18 78 36 76 66 7 
50 30 80 52 9 38 60 56 28 26 34 77 19 65 3 40 11 58 37 18 2 7 36 51 54 74 72 15 75 69 14 29 32 41 31 73 55 33 44 8 70 47 10 42 5 59 48 43 66 62 17 6 45 21 16 24 23 35 12 25 63 67 79 57 46 76 27 39 68 64 13 61 53 20 4 49 71 78 1 
67 72 60 50 22 79 12 70 61 40 80 10 51 76 71 52 44 32 56 34 37 68 74 62 36 59 24 15 9 11 2 58 27 42 8 5 18 38 21 48 19 16 29 54 47 17 39 45 13 41 77 33 35 64 63 46 43 69 6 75 55 57 14 1 3 30 7 73 25 49 65 53 78 28 31 20 26 66 4 
68 66 21 6 23 72 16 46 76 55 74 2 22 17 67 4 14 37 34 60 1 79 31 20 47 39 45 15 40 75 43 51 80 19 58 12 13 8 35 71 48 78 61 3 53 57 59 41 27 54 26 9 42 64 63 11 38 25 52 70 73 30 18 65 36 49 69 50 33 77 28 32 29 44 56 7 5 10 62 
13 47 69 60 72 21 49 48 19 63 31 23 40 76 22 75 15 58 33 62 51 32 14 24 70 35 7 45 5 68 78 11 57 44 28 8 79 64 3 65 71 20 53 55 30 6 2 37 43 73 80 66 56 41 54 52 38 29 18 46 39 61 4 36 9 10 74 42 12 34 77 27 1 59 50 16 26 67 17 
8 80 77 15 43 65 50 28 55 48 52 56 46 69 37 5 24 70 3 62 29 23 2 14 38 13 42 41 76 71 6 19 40 67 10 51 1 58 33 18 16 73 4 54 49 34 60 64 79 39 30 31 68 74 66 7 21 27 22 61 53 11 44 59 36 78 25 32 47 9 35 17 12 45 57 20 63 72 75 
58 54 28 39 52 44 22 7 45 69 60 59 1 10 3 76 73 4 40 61 42 13 57 32 50 53 68 41 24 12 38 33 36 21 77 9 6 49 8 66 29 5 51 56 78 46 64 65 71 26 34 19 14 79 43 55 23 20 16 18 15 11 31 67 17 2 72 30 48 62 75 63 70 25 80 37 35 47 74 
58 6 1 14 36 69 50 54 16 4 44 45 46 49 39 27 53 63 34 70 76 42 68 57 47 52 38 73 59 80 43 3 20 19 5 9 37 12 18 77 65 25 13 32 66 51 8 15 78 31 60 33 17 22 62 41 26 2 11 10 71 79 61 75 48 7 29 56 74 30 40 21 72 67 23 24 35 55 64 
33 24 7 28 12 38 22 42 72 47 30 58 49 2 70 6 77 54 3 18 32 26 10 68 67 61 14 9 35 79 57 51 15 17 31 19 25 5 34 45 23 60 66 52 69 8 53 46 44 1 27 73 43 59 76 20 71 62 4 41 78 37 39 16 64 65 21 13 50 75 40 55 80 56 74 11 36 63 48 
47 62 17 51 9 74 64 77 13 10 46 8 56 20 80 16 35 67 57 11 53 4 65 36 60 3 6 37 52 23 54 19 49 68 31 58 12 34 41 26 22 25 75 43 5 28 44 2 50 55 24 61 72 78 32 69 48 33 76 45 79 15 14 21 66 29 42 40 70 38 27 1 7 59 18 71 39 73 63 
68 43 1 55 76 57 36 7 77 8 37 72 12 11 14 67 6 66 71 79 65 62 25 47 49 19 10 3 78 30 52 51 15 34 4 73 32 16 9 50 35 27 45 22 41 53 17 20 54 69 21 46 40 26 75 48 23 39 24 60 29 63 64 59 70 2 56 61 18 42 13 80 58 28 74 33 44 5 38 
43 29 37 77 68 45 11 35 48 55 75 79 26 22 46 23 60 27 31 34 2 16 30 36 14 7 8 66 65 64 4 20 40 57 24 59 63 17 12 74 47 6 38 33 49 39 18 19 62 67 58 73 28 54 78 41 56 70 42 50 44 71 80 10 9 52 61 13 1 76 69 25 51 3 21 15 53 72 5 
12 13 4 50 52 31 64 1 76 44 29 56 15 63 26 65 66 37 73 68 5 17 35 41 48 30 34 47 43 9 11 77 69 21 36 45 28 58 38 14 40 67 61 71 22 79 7 42 32 19 3 70 23 55 18 6 59 20 8 46 57 25 24 78 51 53 80 74 10 62 27 16 75 49 60 72 54 39 2 
43 9 75 23 78 73 76 46 54 63 38 52 24 80 11 30 57 41 45 51 44 69 64 20 56 3 5 7 67 22 60 16 42 37 12 40 36 65 32 68 8 55 1 79 77 25 17 28 48 19 66 18 26 2 31 6 4 61 62 33 10 58 13 39 71 72 50 14 15 35 53 70 29 47 21 27 49 59 74 
65 37 40 21 18 68 67 66 7 63 23 34 44 24 52 75 46 13 9 6 11 3 42 15 36 39 54 79 43 69 51 14 38 70 41 71 58 5 19 64 2 76 60 59 45 31 55 56 12 25 10 28 73 62 72 74 1 49 78 32 20 27 4 17 57 16 33 30 29 8 77 22 26 47 61 48 80 50 53 
72 16 56 18 43 9 49 22 64 68 1 32 31 24 29 70 23 10 7 19 53 52 58 63 11 69 41 78 14 48 5 45 37 50 66 40 13 51 39 4 71 38 33 75 76 60 20 30 27 25 65 28 3 74 8 47 17 21 79 80 46 15 34 54 57 55 12 2 44 73 61 62 67 77 26 59 42 35 6 
5 58 9 33 72 47 61 45 28 80 27 21 68 36 20 6 32 79 38 51 76 40 69 63 43 77 46 16 44 41 23 60 15 70 34 18 10 29 73 78 74 1 8 55 3 53 50 31 75 54 56 42 25 26 19 71 52 62 48 24 2 65 14 57 12 11 66 13 64 17 59 4 67 35 39 30 22 49 7 
8 29 33 52 26 56 50 9 28 77 35 24 79 51 54 67 3 42 72 66 13 75 19 69 21 32 53 6 49 31 45 74 12 23 59 73 25 68 61 64 62 7 5 10 1 47 48 63 80 15 11 20 43 60 4 55 71 22 44 34 39 46 76 2 57 30 65 27 37 14 36 16 58 70 17 40 41 18 78 
28 59 60 1 79 42 47 46 72 3 78 30 20 65 16 73 31 76 2 61 11 37 43 80 62 34 18 32 23 51 19 17 53 29 68 56 52 25 45 6 35 15 49 44 75 8 69 66 58 50 7 54 64 13 77 70 38 55 48 41 74 10 4 24 57 27 12 36 40 5 63 26 33 22 14 21 67 71 9 
5 23 79 3 17 45 72 50 9 31 65 20 71 73 74 29 1 43 51 13 60 33 75 38 57 14 62 24 68 46 56 15 30 35 25 44 48 58 8 16 28 66 69 36 34 63 6 78 55 70 37 12 11 61 76 39 67 47 64 18 27 10 53 7 80 22 32 52 4 26 59 54 77 2 19 41 21 42 49 
42 53 63 39 78 69 12 7 21 54 27 64 22 67 37 1 75 72 24 10 65 35 61 25 48 11 18 50 32 40 17 46 6 20 68 62 47 57 5 55 76 60 2 36 3 38 9 34 28 29 43 8 77 58 33 49 79 73 56 71 31 44 80 13 16 23 19 52 66 45 70 51 15 4 26 59 74 30 14 
26 21 22 28 34 46 3 23 19 67 6 10 62 38 60 51 50 53 74 57 79 12 56 71 72 24 45 66 17 32 41 40 73 70 59 7 39 47 14 69 29 78 63 44 43 1 49 52 18 54 35 55 33 64 77 15 25 58 16 75 65 61 9 27 31 30 8 2 76 48 5 37 13 68 4 11 80 36 20 
75 15 3 41 50 40 65 19 57 48 32 39 25 59 71 5 8 11 30 20 23 4 1 12 14 13 46 21 63 64 27 38 2 34 52 77 60 35 36 22 42 18 66 68 73 6 61 54 17 53 78 26 37 16 10 45 74 28 33 80 47 67 49 70 79 62 56 55 51 44 69 72 9 58 76 24 7 29 31 
4 67 71 73 30 41 27 40 20 13 31 65 75 3 9 54 15 14 78 48 5 52 46 23 39 12 66 24 43 61 58 28 21 56 35 50 16 63 18 70 51 59 11 26 72 62 64 76 49 22 29 34 25 32 45 38 69 10 53 74 55 37 2 60 42 80 1 57 17 7 79 68 19 33 8 47 77 36 6 
35 8 76 23 18 2 22 9 26 43 69 29 59 74 1 73 6 58 37 40 62 78 15 46 5 65 72 70 80 64 24 36 33 17 32 67 42 53 55 51 25 79 60 38 41 71 3 21 19 68 13 39 4 56 27 63 50 10 28 66 57 16 47 7 52 61 75 48 54 20 34 30 12 31 14 44 77 11 49 
35 30 75 6 54 13 44 27 18 55 31 67 69 73 3 52 72 22 48 33 66 36 11 79 50 26 68 1 19 2 59 14 10 42 5 38 37 49 60 57 7 74 53 25 63 71 39 9 24 56 40 16 28 78 65 4 70 17 51 20 15 47 62 64 12 76 23 32 29 41 77 43 58 80 21 45 61 8 34 
69 55 66 67 65 79 50 62 15 8 52 19 72 11 25 45 34 59 27 1 12 80 18 56 17 73 53 22 28 39 13 21 60 37 54 3 77 63 48 58 26 2 75 38 7 61 4 29 9 10 14 30 40 5 64 32 24 68 6 51 42 43 78 36 70 41 46 16 49 23 57 35 31 33 44 74 76 20 71 
8 67 70 42 73 58 66 31 56 47 40 25 54 76 26 11 68 2 80 50 45 55 51 65 21 18 12 60 61 13 28 6 43 38 5 14 27 79 3 52 17 15 16 22 49 29 37 53 30 20 78 32 72 39 62 46 7 57 74 59 4 35 34 9 77 71 33 36 75 41 10 63 19 44 1 23 69 64 24 
18 14 17 59 41 80 53 39 16 72 56 2 60 78 45 43 73 21 67 48 44 9 77 22 5 37 42 70 30 65 62 47 68 75 27 63 50 74 31 57 28 79 51 32 19 4 25 46 34 1 26 55 13 6 66 64 71 69 11 52 20 40 3 10 24 35 8 61 7 33 76 12 23 36 29 38 58 54 15 
69 77 73 59 47 26 72 78 62 24 71 16 22 44 19 12 36 23 35 13 53 6 75 33 67 21 32 74 8 11 65 31 40 25 63 70 49 57 76 64 79 48 5 58 60 18 43 38 20 14 42 28 37 54 9 4 41 1 34 10 80 39 2 45 29 52 3 55 51 56 15 30 61 46 17 66 7 68 27 
49 41 16 60 61 59 65 17 54 50 48 80 23 44 45 68 56 12 34 14 77 73 71 38 9 53 75 70 67 35 76 52 6 7 27 19 10 8 39 26 24 74 66 36 5 78 40 22 37 13 72 55 42 21 47 15 63 69 1 25 30 58 46 2 28 64 62 31 29 4 18 3 11 57 43 32 20 79 33 
44 2 48 64 63 1 26 66 41 61 10 42 30 68 14 23 31 71 4 7 49 32 80 57 53 33 6 12 18 69 27 36 16 17 39 19 3 50 25 21 9 35 62 29 5 79 76 37 73 56 47 78 51 60 67 72 40 28 59 38 74 45 15 43 54 24 46 65 11 20 70 13 75 77 55 8 58 22 34 
51 70 73 1 39 68 7 26 29 75 38 32 17 47 21 9 5 10 4 57 78 11 50 79 2 46 61 59 77 8 44 49 34 45 56 60 25 67 43 20 15 62 72 48 76 23 80 54 36 37 65 19 58 16 30 41 63 28 27 74 24 13 40 55 66 69 14 52 6 71 33 18 22 42 12 3 31 35 64 
40 21 15 64 8 63 37 72 36 48 74 1 7 18 62 12 6 14 71 66 69 25 51 41 68 60 17 65 19 11 34 76 9 59 20 13 78 50 16 61 2 35 56 42 30 29 55 73 28 27 23 31 46 52 5 53 47 79 33 10 43 57 77 24 80 67 38 70 75 26 58 39 44 3 32 49 22 45 4 
7 4 27 37 9 51 56 71 44 42 47 2 8 70 66 65 60 33 18 32 11 22 5 79 75 67 58 12 15 68 1 63 10 64 57 73 62 80 38 30 39 74 59 52 6 16 41 36 31 53 23 77 19 20 17 72 25 54 34 49 21 76 35 40 48 14 13 3 28 69 29 50 61 43 46 78 45 24 26 
76 80 49 24 20 2 4 77 13 36 58 60 37 64 55 43 5 16 54 28 33 71 18 9 14 66 65 35 79 38 12 22 46 41 74 8 29 19 1 26 63 67 15 53 51 3 7 25 45 40 72 32 75 78 27 30 47 21 69 68 44 57 48 70 62 39 42 34 23 11 52 10 59 61 6 50 73 31 17 
40 11 61 15 66 7 23 28 69 44 26 2 52 42 34 14 62 39 37 76 46 78 45 16 18 36 43 10 74 68 22 9 53 65 48 35 29 24 12 13 31 79 19 27 77 49 17 3 5 32 59 20 55 25 1 64 54 6 73 58 51 80 72 71 56 63 38 50 67 21 75 47 33 30 70 41 4 8 60 
23 19 24 6 8 61 31 64 12 40 38 30 76 4 22 42 77 54 65 28 14 16 53 70 59 80 11 39 51 2 68 7 55 47 57 32 60 63 45 75 27 62 48 1 34 44 29 26 13 74 17 46 35 20 56 41 10 3 33 37 36 73 66 15 72 50 67 25 71 69 52 18 9 43 21 78 49 5 79 
42 31 34 11 6 51 14 53 73 56 20 29 70 71 40 1 15 74 38 5 30 8 13 19 75 43 57 4 67 50 65 61 2 66 39 23 27 79 7 16 60 47 33 77 68 26 78 12 17 25 49 21 45 3 24 44 72 28 41 37 9 54 62 55 36 69 52 80 58 64 10 48 46 35 18 76 32 22 63 
70 24 8 6 3 30 41 76 33 64 45 43 19 10 32 28 63 54 44 53 51 20 78 17 39 58 52 22 77 59 15 29 69 57 4 2 37 73 40 80 56 74 61 23 66 46 11 36 26 35 48 68 1 55 34 9 42 49 18 67 16 27 71 62 72 50 13 38 65 75 12 79 21 7 31 47 14 5 25 
38 75 69 11 53 6 19 71 57 70 15 22 44 42 45 3 67 4 33 48 64 54 24 59 5 23 46 50 65 8 28 66 60 13 9 76 25 12 18 43 47 79 32 26 7 35 37 73 80 52 16 78 36 41 55 68 20 77 58 56 34 17 31 49 51 74 39 29 40 1 2 72 10 27 21 30 62 14 63 
61 58 22 13 71 34 30 70 64 25 7 77 57 4 16 23 41 39 72 79 75 3 35 27 44 69 5 1 32 33 73 63 40 78 2 55 19 67 54 17 15 28 24 56 12 26 18 50 46 43 68 42 49 38 60 10 8 31 29 9 51 14 36 74 59 47 48 53 11 65 37 45 6 80 76 52 66 20 21 
77 48 10 52 4 14 33 73 30 62 43 78 60 13 16 44 26 61 12 46 72 17 57 37 34 51 9 8 19 59 56 80 23 35 3 24 70 68 67 79 31 18 5 6 42 75 11 71 22 38 41 45 69 66 50 29 40 1 15 27 49 25 47 32 39 36 55 65 2 20 76 58 28 74 7 53 54 64 21 
55 8 17 40 77 46 33 13 43 59 67 57 34 26 53 15 44 72 2 78 3 41 65 21 73 22 70 18 52 69 62 50 1 58 66 45 27 7 23 56 9 5 16 14 12 79 75 42 71 74 36 10 76 37 47 6 51 61 60 31 39 28 38 68 29 32 30 63 4 25 54 80 20 11 35 48 19 24 49 
38 12 68 49 80 70 50 53 52 62 74 13 18 57 36 61 20 54 34 16 10 24 64 47 23 4 72 22 5 73 67 55 30 14 37 7 60 8 15 59 39 66 6 78 76 45 75 9 41 77 26 63 40 29 42 28 3 35 11 31 21 27 69 25 17 51 56 79 1 46 19 58 71 44 48 32 43 33 2 
48 75 73 33 9 64 80 54 42 78 58 10 76 13 20 11 21 25 5 7 47 4 31 22 53 50 32 70 39 18 71 12 15 28 55 56 49 34 65 62 68 46 19 8 3 27 67 16 59 38 17 44 37 1 61 63 41 29 60 35 6 45 72 74 43 79 77 2 69 26 57 52 30 14 24 51 36 40 23 
19 1 23 7 44 27 11 74 73 25 5 76 24 59 18 32 60 54 15 66 58 36 9 22 57 12 51 71 49 42 69 63 28 47 26 70 3 80 55 61 8 30 31 79 78 39 50 33 4 17 56 14 20 46 16 38 45 75 62 2 34 35 40 65 48 52 29 72 77 37 41 6 64 68 21 43 13 10 53 
72 55 57 3 45 66 37 26 76 43 30 12 39 15 54 5 1 29 23 35 69 8 63 7 71 6 10 36 73 65 2 67 40 9 80 24 20 22 77 13 52 21 18 19 33 44 4 50 42 27 32 46 47 31 49 61 74 59 25 56 62 58 41 78 64 75 11 16 79 14 38 48 53 60 70 51 17 28 34 
1 3 72 20 56 21 66 36 12 9 7 13 27 57 54 50 30 40 78 44 79 49 43 5 60 62 63 59 26 55 58 10 37 32 25 15 76 61 70 33 39 71 28 42 46 77 65 4 75 11 52 41 45 48 29 23 16 19 18 38 31 80 53 68 34 73 67 47 17 8 24 6 22 64 14 2 35 51 74 
56 69 18 9 68 8 1 80 49 19 55 31 71 6 2 35 27 74 7 29 54 30 28 57 4 5 61 26 12 44 23 77 73 3 53 58 10 32 13 59 79 25 47 50 24 33 22 36 51 39 21 67 41 14 66 17 63 16 15 40 60 37 38 52 76 48 43 62 78 75 11 45 64 42 34 65 46 20 72 
56 20 28 24 2 38 19 41 63 22 66 50 6 16 14 13 33 75 70 1 65 59 8 64 27 45 73 34 40 18 49 57 54 77 69 58 10 67 30 42 74 17 39 62 72 53 61 7 29 47 26 76 5 15 60 32 44 31 4 12 9 43 79 11 78 25 52 51 36 21 55 3 68 23 37 46 35 48 80 
4 63 57 80 78 46 22 52 59 69 64 54 74 58 71 41 1 42 48 76 77 28 38 21 23 27 53 20 25 26 75 37 2 68 40 17 50 36 61 34 33 47 32 55 19 24 39 45 60 43 73 6 13 35 79 44 66 56 29 31 12 10 11 14 65 51 18 70 49 9 3 62 7 15 30 67 16 5 8 
4 24 65 32 33 35 20 72 41 79 80 42 2 43 1 62 8 12 58 46 14 22 45 55 23 78 28 19 77 59 30 48 64 75 71 16 69 61 11 67 70 6 51 21 54 49 40 44 27 39 47 74 9 56 10 52 15 31 7 57 53 34 17 3 25 26 68 29 36 38 66 50 76 5 37 18 60 63 13 
5 12 28 56 78 62 8 13 22 79 24 51 64 27 54 61 80 58 70 20 77 73 4 75 32 36 10 16 69 19 37 60 48 72 33 46 3 14 43 30 9 76 66 49 42 67 26 38 31 6 57 52 68 39 44 65 23 47 55 17 2 15 53 59 45 40 41 1 34 63 71 35 29 7 50 25 18 21 11 
76 43 35 51 25 53 3 58 77 41 71 37 55 54 72 62 73 22 68 29 40 44 11 26 60 59 69 45 78 63 80 65 36 10 79 13 21 64 70 67 12 50 28 6 46 14 56 4 19 66 42 30 15 7 16 31 23 20 27 61 8 24 74 49 18 34 57 47 2 9 17 33 52 1 48 39 32 38 5 
74 72 6 80 43 54 65 66 45 68 57 5 37 32 47 17 71 39 75 8 3 14 29 70 49 12 18 55 28 20 59 11 38 22 79 52 15 61 69 33 36 4 19 64 2 77 60 78 51 58 46 25 30 44 34 26 62 9 50 67 48 13 27 31 16 1 24 42 63 23 10 35 53 73 41 40 7 56 21 
48 21 72 23 80 34 46 11 33 6 63 73 47 74 71 35 14 5 52 45 59 2 56 64 32 49 78 60 51 31 67 28 75 62 30 8 27 12 7 4 9 15 26 37 38 39 58 19 22 66 40 41 68 44 53 1 29 36 16 42 70 79 69 54 55 43 24 25 3 20 17 18 57 50 76 13 61 65 10 
73 16 36 31 65 71 41 24 55 68 29 37 1 64 54 15 76 17 13 25 44 27 22 51 42 74 2 59 61 63 62 35 34 57 14 8 53 3 39 69 48 26 6 75 72 23 50 46 7 5 20 70 80 49 67 43 4 77 19 30 45 33 28 38 66 11 40 58 79 12 47 18 56 9 21 52 32 10 60 
1 7 54 66 9 59 14 10 33 52 60 37 51 35 38 77 63 42 15 31 67 22 39 76 8 45 65 69 27 3 43 56 17 29 61 73 44 41 4 48 5 6 78 71 57 18 47 13 24 12 74 19 53 58 55 80 34 11 23 68 72 36 30 50 20 26 28 25 32 62 49 70 64 2 75 21 16 40 46 
35 16 7 17 62 57 8 56 43 73 76 31 13 4 18 77 37 40 69 28 66 58 30 65 60 48 36 45 49 78 29 39 54 24 11 23 52 26 19 67 14 9 74 71 34 68 53 27 2 63 44 5 75 70 51 21 61 38 55 3 12 25 42 32 41 15 46 6 10 22 64 47 33 20 79 1 50 72 59 
