80
78 3 33 11 51 14 45 53 72 28 75 36 21 17 2 77 13 38 16 26 19 56 47 48 12 
60 30 34 79 52 72 21 44 51 39 43 10 38 77 69 41 26 15 40 62 59 1 13 
53 52 42 1 63 44 35 27 69 34 5 21 56 61 18 49 70 32 55 13 16 37 68 14 38 
55 37 30 16 9 34 40 68 31 48 53 5 21 77 25 51 7 
3 39 73 65 11 16 4 13 78 43 52 23 53 58 18 56 72 45 77 
36 8 73 65 63 41 38 66 31 19 39 24 57 44 15 64 48 10 9 35 14 18 
67 57 51 47 13 4 53 9 46 62 61 43 72 26 38 27 73 71 
31 54 6 15 35 18 9 80 10 63 24 14 40 66 70 69 79 
37 74 7 30 11 6 68 39 4 80 47 76 24 35 48 49 78 53 8 42 
29 68 79 65 57 13 48 6 8 42 21 18 27 34 59 2 44 46 56 52 31 
41 32 66 17 49 35 80 65 45 21 63 69 30 59 1 40 5 25 51 74 9 44 43 62 19 13 
21 80 48 72 53 13 45 73 65 32 36 20 1 28 29 55 34 59 40 22 
2 16 1 48 11 7 5 55 80 51 63 45 40 32 53 10 75 66 3 12 36 21 
66 52 6 8 40 68 31 64 33 3 28 72 65 1 39 79 60 41 56 35 42 22 45 
54 71 8 2 31 59 64 6 73 45 63 66 41 17 21 65 69 18 
67 34 13 31 59 37 32 24 3 56 4 36 51 1 75 64 5 26 40 30 58 
73 46 33 39 74 75 63 11 50 18 64 59 30 44 1 65 69 66 21 15 47 
70 76 3 34 52 80 63 74 8 36 6 30 5 60 53 24 50 15 48 32 69 17 79 45 62 42 10 
78 26 77 80 53 49 21 74 6 63 11 45 61 55 37 1 31 73 76 34 
31 40 46 28 53 78 63 41 32 56 37 12 68 
34 39 3 47 40 27 4 1 17 26 78 31 80 71 58 10 13 15 28 12 35 19 64 11 55 2 
42 70 66 31 24 46 78 64 12 30 14 68 59 79 74 58 72 63 65 32 77 36 39 
60 32 28 50 42 76 67 66 29 5 78 71 79 56 80 38 41 43 54 25 
54 42 25 16 76 78 18 44 27 9 73 58 52 35 6 22 8 30 63 37 67 
77 72 11 53 24 23 80 76 49 79 40 4 62 44 
71 66 21 58 50 51 1 68 7 36 2 33 39 46 27 57 61 19 80 16 48 44 
76 7 71 53 10 57 65 24 47 63 43 35 21 26 3 40 
12 57 71 79 63 69 31 41 70 20 1 30 60 65 21 76 14 48 77 59 42 23 45 51 38 
65 31 72 54 12 44 57 32 43 23 73 62 78 76 70 66 46 77 10 
2 78 57 55 28 75 74 45 44 18 11 54 62 24 16 22 61 17 38 76 4 41 53 72 9 
8 14 29 34 76 20 75 16 4 72 71 46 10 6 19 15 21 65 79 36 47 22 28 63 74 38 
20 74 50 3 11 18 56 12 57 16 79 51 70 22 23 73 42 13 29 
45 38 80 14 78 17 51 67 56 58 1 41 48 77 26 62 65 
61 31 69 4 39 64 16 19 66 37 72 3 62 40 21 2 65 18 46 49 48 10 12 
70 79 8 3 66 50 9 55 6 54 49 27 42 63 11 46 21 24 14 67 45 76 
18 13 26 78 75 67 1 22 31 47 80 45 64 46 76 60 12 49 6 16 56 
51 24 34 43 47 20 9 67 65 52 59 4 19 74 42 16 40 3 
56 68 69 41 2 33 70 45 77 40 42 48 31 28 30 53 74 39 3 23 1 7 67 58 6 
14 51 59 6 21 26 60 38 54 17 68 49 34 52 22 40 69 2 9 5 77 50 
20 12 34 47 56 25 76 8 39 11 2 74 46 14 27 62 21 61 13 16 65 57 37 38 4 
15 68 23 72 2 38 60 6 11 14 73 30 20 45 67 33 28 
58 61 23 38 9 77 35 10 28 32 52 24 69 51 47 57 37 48 46 3 18 59 64 54 22 14 70 
11 59 7 29 2 5 62 23 57 27 77 71 37 45 61 
77 80 10 63 11 30 61 26 73 17 24 78 79 49 25 50 29 2 74 6 3 55 66 
13 50 28 19 70 5 64 57 75 63 1 33 73 38 15 18 74 56 41 43 30 12 11 71 49 35 36 14 
70 66 36 17 42 40 29 61 10 7 50 34 62 26 31 20 35 47 49 22 60 
36 73 49 70 1 79 76 62 40 9 53 21 42 71 64 80 37 63 7 31 61 17 46 55 27 
10 9 34 26 42 73 38 4 59 6 28 56 33 13 18 1 12 79 
45 25 77 44 36 62 34 50 39 56 11 64 19 79 63 47 75 78 3 35 46 9 
60 69 49 52 35 46 45 26 54 65 17 18 23 73 44 76 32 39 
16 67 11 13 65 79 37 4 42 1 32 39 26 2 28 7 33 
77 80 70 50 67 42 3 78 10 24 18 59 57 39 53 2 37 14 5 
72 61 30 68 12 25 18 47 1 27 9 13 19 20 7 5 52 38 3 4 63 62 
57 39 8 23 35 50 70 63 73 24 30 55 79 29 62 42 61 15 
76 60 44 13 30 77 47 4 21 3 19 54 35 12 61 69 
20 64 1 59 45 77 38 58 23 49 3 16 32 48 70 36 40 10 33 14 5 
32 10 30 28 6 76 26 43 62 42 40 7 52 67 64 78 54 72 59 45 29 73 27 
42 24 67 75 38 56 22 16 33 64 5 21 26 
15 79 52 56 48 68 42 10 12 39 37 57 17 22 11 28 43 16 2 
28 41 39 14 2 64 36 73 18 55 50 23 65 69 46 
55 53 26 54 44 47 65 7 43 76 42 3 46 19 34 30 40 
57 40 2 69 30 78 64 47 71 33 34 79 18 25 11 46 7 67 53 29 49 73 43 54 
20 47 17 19 35 54 45 68 49 73 44 24 8 3 22 13 28 31 18 53 11 27 15 6 
42 16 60 14 34 80 49 22 21 62 17 6 15 47 36 57 58 45 56 
50 74 51 11 61 60 27 28 29 22 14 5 17 33 66 15 37 79 12 80 31 6 34 10 40 
26 6 75 15 14 17 13 11 35 23 46 34 67 78 29 8 77 44 22 65 
33 23 35 66 41 62 52 37 51 36 7 24 57 38 71 16 75 58 
53 69 63 10 20 39 22 26 41 3 9 38 59 14 4 76 
17 18 28 55 39 2 68 38 62 8 15 11 34 42 60 50 3 
35 45 74 56 8 28 32 29 47 3 73 46 52 22 42 77 38 54 18 
74 43 15 45 80 21 26 7 47 76 62 23 28 27 31 67 
2 29 76 53 14 12 22 77 74 30 25 73 1 7 57 31 75 41 34 5 
72 45 19 48 15 24 44 60 63 50 62 70 17 76 6 41 32 54 12 77 5 47 57 7 29 
31 44 38 76 79 11 18 22 32 40 19 72 45 37 65 71 78 9 17 30 70 
1 58 72 36 17 49 16 30 67 45 31 13 66 
29 61 68 74 28 47 73 35 27 9 40 72 19 25 36 71 24 55 57 30 18 31 23 50 
44 33 19 43 49 1 72 5 52 70 66 39 79 55 4 38 22 25 2 42 56 29 73 28 
9 29 1 57 36 52 5 66 22 23 21 62 19 44 49 74 20 33 24 30 
8 32 59 77 14 47 65 28 25 54 51 74 23 35 31 2 49 62 48 22 18 44 10 
65 26 25 33 52 8 36 11 23 64 9 44 19 21 18 12 47 13 71 