80
14 80 56 25 67 37 15 29 71 46 3 41 59 43 28 31 49 16 77 11 76 74 48 30 32 45 17 18 75 50 33 24 53 8 22 36 26 64 12 55 72 40 19 52 69 27 23 58 65 7 57 66 51 54 61 42 13 70 62 6 68 78 21 38 
67 11 34 38 14 22 35 31 54 50 36 26 9 10 23 69 45 64 74 46 5 53 58 55 65 15 73 47 25 56 29 27 33 24 3 16 78 75 8 4 18 28 32 52 68 70 66 40 44 49 57 59 48 19 6 63 12 
21 1 19 13 14 70 29 73 74 53 63 67 33 12 48 62 7 4 6 41 72 78 45 28 34 65 11 22 16 15 47 64 61 30 10 38 54 8 76 71 17 52 27 2 20 32 43 49 50 24 58 44 42 25 36 77 68 18 69 79 
60 26 74 27 15 24 25 13 41 73 49 14 62 10 7 2 32 77 30 5 52 70 47 20 59 35 45 69 6 44 43 80 72 38 12 75 40 61 36 34 22 71 3 55 65 79 68 29 16 56 11 9 46 53 76 50 57 67 39 
46 24 7 19 20 27 62 17 14 66 72 44 76 40 63 26 11 55 15 51 56 78 37 59 52 30 70 45 68 4 18 43 75 69 48 2 32 49 22 61 25 60 38 6 8 28 67 57 65 58 13 21 80 79 53 10 34 36 
48 1 26 30 28 43 16 65 77 8 55 15 60 3 76 79 47 42 68 72 7 11 41 23 18 29 4 58 40 2 52 66 12 31 34 75 39 67 10 74 57 9 44 56 59 37 80 38 64 62 45 69 53 27 49 24 51 73 36 5 
23 37 38 46 67 26 22 30 72 21 1 42 20 39 66 77 52 36 57 11 25 24 3 41 70 69 74 15 4 60 62 8 63 48 49 27 32 18 61 35 54 6 33 19 44 14 43 73 17 53 47 12 45 59 5 78 34 
35 42 74 52 34 12 5 43 18 72 75 16 21 38 51 55 37 50 73 14 28 23 49 67 64 63 7 70 40 53 65 33 45 36 68 39 2 3 79 71 44 13 27 29 6 57 41 47 20 1 19 
66 16 38 2 12 39 75 59 72 48 67 52 60 41 68 31 35 27 17 33 70 76 63 56 18 80 49 10 34 43 23 40 11 30 21 19 73 4 62 61 37 26 44 64 24 22 57 77 55 15 6 42 20 58 13 
17 58 30 23 43 40 60 46 18 12 11 29 54 68 77 9 55 78 3 6 28 67 16 22 35 36 4 61 5 48 45 19 79 62 20 39 2 63 33 47 25 70 72 74 80 71 41 57 66 49 42 73 34 44 59 32 
25 1 39 79 16 29 38 5 55 2 21 35 51 80 14 60 6 23 34 27 9 26 64 24 3 43 58 59 66 72 42 4 28 15 49 57 78 18 41 63 19 75 7 76 12 10 31 73 30 69 17 37 67 13 68 70 54 36 77 50 
33 53 57 1 61 50 20 11 34 51 54 74 21 49 48 31 44 70 25 26 9 16 7 76 56 62 58 32 77 36 10 24 42 52 28 23 55 4 3 41 37 60 79 75 14 63 68 8 13 64 2 18 39 65 80 6 35 30 47 71 66 15 
78 19 42 69 55 43 20 48 1 58 49 15 70 50 57 27 16 62 31 77 37 68 35 30 33 44 72 56 25 11 17 3 52 38 8 41 73 12 14 47 9 5 64 75 4 28 65 24 71 26 39 59 61 63 32 67 46 29 
5 76 50 67 15 34 19 41 72 49 80 57 24 62 56 12 28 13 1 2 75 48 69 61 47 58 52 54 30 73 65 27 3 16 21 32 22 4 55 42 11 77 37 70 7 78 59 66 79 39 63 60 31 40 44 18 26 8 64 36 71 
71 61 9 2 65 3 29 11 46 17 13 12 36 72 62 25 22 44 20 33 56 50 53 42 43 64 57 63 32 30 77 7 68 5 28 37 67 73 24 74 59 14 1 6 52 69 58 76 34 45 35 55 4 75 38 41 19 39 54 
73 44 14 48 70 10 18 74 52 11 63 1 23 55 58 39 3 80 8 60 9 78 35 54 24 69 49 61 65 67 21 17 72 41 56 42 25 4 2 57 46 31 47 51 22 13 32 76 62 66 12 79 26 6 
75 5 10 55 24 66 48 76 26 36 46 9 34 25 37 56 57 39 1 64 50 40 51 49 11 32 43 21 16 20 23 22 35 78 53 72 3 15 54 74 47 52 31 19 27 70 63 69 18 42 60 13 7 28 73 
66 29 50 6 1 2 72 75 73 27 3 45 68 44 51 42 11 65 58 37 10 41 53 47 35 57 61 48 34 70 62 31 33 39 49 74 9 14 7 38 23 5 52 21 36 28 24 8 25 19 16 54 12 76 32 69 63 40 17 26 
55 42 72 34 54 57 3 35 7 13 41 59 21 40 30 75 52 44 37 38 64 28 17 2 69 20 53 26 1 79 32 5 14 33 27 60 36 48 76 31 29 23 15 70 78 39 22 77 73 56 8 25 74 9 71 18 80 10 67 50 51 49 11 
79 35 68 72 7 56 15 37 9 42 40 30 53 43 80 60 70 71 27 52 45 48 12 19 32 59 49 75 67 58 5 3 8 66 73 61 63 33 38 26 55 65 22 25 39 47 51 57 13 44 4 77 10 17 
17 69 63 70 31 45 25 19 33 16 43 71 7 78 5 35 26 8 9 51 79 24 66 28 39 46 48 23 34 74 1 65 62 42 52 38 47 60 57 40 58 50 76 68 41 32 73 36 64 29 75 59 37 77 18 3 11 12 27 49 61 30 14 
74 80 59 77 16 50 67 28 54 75 60 41 52 23 19 63 4 25 40 47 39 10 3 29 65 66 2 61 53 15 34 68 7 71 1 55 38 73 62 20 27 14 70 42 35 5 69 46 37 72 51 9 33 26 58 49 30 17 45 
40 50 11 67 73 80 19 51 41 45 46 28 1 69 32 77 49 66 43 62 2 25 47 60 22 24 18 10 59 8 48 72 16 79 26 21 58 37 35 76 70 74 7 71 78 54 9 6 12 55 17 30 64 31 
7 11 26 70 31 38 80 67 61 3 40 39 71 53 13 41 36 63 44 48 9 50 1 12 58 21 18 52 59 34 4 15 14 29 23 76 75 17 32 25 57 16 42 5 55 33 51 43 2 66 79 60 27 6 
24 37 59 3 7 41 54 32 19 39 49 69 30 46 56 22 18 79 68 76 61 48 44 27 20 55 64 47 12 11 2 34 80 65 71 38 28 1 35 36 15 51 21 73 23 52 17 26 5 16 43 10 70 77 57 75 58 33 40 4 60 13 
18 35 25 51 66 12 50 32 30 17 33 28 23 14 80 76 24 22 61 55 9 54 73 65 45 58 29 37 20 2 27 31 78 5 13 77 71 44 79 16 11 4 70 38 74 43 7 1 34 46 42 21 64 49 52 19 6 63 
19 22 67 41 46 69 7 45 34 35 17 14 79 62 75 43 38 73 18 48 20 40 9 47 80 6 76 29 50 78 26 11 53 2 68 5 37 32 52 25 1 21 64 57 55 8 13 31 24 3 58 65 36 42 28 60 56 4 74 
76 26 35 33 5 70 77 63 10 80 3 78 36 60 23 40 67 31 52 61 12 62 44 18 19 65 13 56 14 25 69 6 41 37 50 11 79 22 71 64 58 1 8 32 15 55 17 73 53 75 2 27 74 57 66 21 43 39 30 
37 38 62 55 27 10 15 77 67 3 1 8 49 39 60 68 70 56 69 36 57 44 46 47 24 30 4 52 2 76 51 66 45 74 13 26 43 75 18 80 50 72 71 6 78 21 19 63 64 31 40 42 11 22 34 53 33 79 
60 56 68 54 65 29 51 28 61 76 75 41 72 6 3 59 67 14 34 37 45 62 44 55 5 20 33 52 64 73 10 19 32 66 69 79 43 13 25 23 7 58 47 48 11 71 26 63 40 38 35 15 80 4 21 9 12 22 39 42 70 78 1 31 74 
9 54 24 13 58 52 76 79 49 65 57 72 68 23 21 11 33 2 17 53 28 38 69 55 35 30 56 48 45 43 36 16 47 74 32 66 62 6 18 34 64 27 26 67 14 39 1 50 46 59 73 29 63 12 70 75 19 80 
4 54 18 46 44 63 57 20 75 3 23 1 52 51 27 25 73 35 16 15 33 69 43 76 48 28 55 12 61 72 31 34 21 38 36 47 62 19 7 37 13 10 66 78 53 2 40 68 45 71 5 74 70 14 24 80 39 65 59 26 17 77 58 30 
54 19 42 41 39 52 57 18 59 31 35 62 79 10 55 28 2 61 46 30 13 22 9 75 45 68 58 15 36 49 20 73 64 32 8 26 65 74 50 71 70 72 24 12 21 37 80 25 60 1 7 63 29 40 3 
30 31 10 52 35 5 27 58 66 12 47 51 29 39 72 76 37 42 60 61 77 26 6 32 59 17 48 11 69 14 22 3 41 9 24 54 4 21 19 7 40 70 67 65 15 36 71 18 57 73 8 80 75 56 25 43 2 50 53 78 64 46 
58 28 18 72 57 8 4 70 2 47 15 74 7 11 27 42 38 76 52 12 40 17 10 79 19 75 64 16 60 48 31 67 30 22 37 41 43 9 80 62 68 20 51 23 69 53 49 56 34 32 21 73 45 77 50 78 59 36 26 33 25 63 61 13 65 46 
37 76 19 47 28 33 79 65 38 1 21 35 42 55 31 49 14 17 12 3 34 24 27 43 40 61 54 45 32 25 73 6 44 70 71 18 39 15 2 80 62 66 7 78 60 57 41 50 29 51 64 11 8 77 58 5 56 4 10 68 
36 18 40 77 61 58 27 5 45 1 51 53 56 13 76 14 74 17 59 44 21 65 28 48 9 34 38 49 63 19 35 75 25 15 68 29 12 52 30 8 32 22 57 7 11 39 46 60 79 62 55 33 73 47 26 54 20 43 6 23 70 80 
1 6 67 39 22 76 45 52 44 13 7 15 50 68 70 55 54 26 58 11 77 29 78 35 66 2 5 51 27 42 71 74 3 61 37 21 41 32 19 57 75 30 47 36 4 79 24 48 9 62 63 60 65 31 56 53 25 20 18 8 59 
60 55 40 31 70 59 75 28 79 4 16 20 10 49 80 58 73 54 9 53 24 21 36 17 38 62 33 12 13 66 6 43 72 47 15 22 76 74 51 77 46 30 32 48 11 34 69 18 29 78 68 44 61 19 7 45 25 37 14 52 57 8 67 
22 50 46 71 17 75 6 66 5 9 44 28 4 39 30 23 27 55 77 8 72 52 32 54 29 10 36 35 64 70 1 20 33 79 76 25 60 80 21 58 19 14 34 18 49 51 63 69 2 24 47 57 61 53 62 37 67 65 74 45 48 43 
61 80 14 44 19 34 70 71 74 64 77 51 21 4 62 1 28 35 54 72 16 38 53 58 65 24 23 67 49 48 8 22 75 10 15 12 13 66 42 47 30 63 76 25 9 33 36 7 27 6 45 56 18 3 59 11 
1 30 22 27 34 59 7 11 16 18 26 21 62 69 65 6 45 70 35 17 44 78 14 38 51 57 33 20 55 80 12 58 76 47 19 46 75 67 41 29 9 60 49 48 3 10 68 53 13 24 8 36 15 50 61 77 
9 48 8 60 77 74 5 4 17 54 28 34 46 26 13 58 31 32 67 7 35 65 29 79 53 52 80 50 30 55 47 45 36 59 11 75 40 57 21 62 23 25 37 6 66 39 64 1 3 73 51 20 49 10 15 61 24 27 63 
58 40 6 15 9 3 74 76 37 64 4 79 38 16 36 61 72 77 12 39 80 50 62 51 32 2 18 70 30 28 63 10 14 55 42 20 13 68 26 8 67 41 53 57 25 19 60 24 7 46 5 69 45 75 29 
76 43 79 27 8 36 64 41 61 70 32 7 78 30 80 72 31 6 65 42 4 21 35 3 1 59 56 2 15 44 49 71 37 23 53 26 20 38 29 75 46 74 73 66 40 22 5 62 69 33 18 48 55 51 10 68 77 39 63 67 60 
75 44 74 33 35 40 55 37 15 23 39 22 2 47 10 16 50 42 79 67 17 48 56 26 70 78 1 76 45 57 58 7 53 4 65 5 31 32 21 77 66 62 52 71 54 27 34 61 29 25 69 13 49 43 
46 8 76 41 10 75 79 49 80 62 37 50 71 56 66 70 25 39 21 53 59 48 34 14 36 32 63 78 52 23 64 17 31 7 77 20 65 4 27 72 29 69 35 16 60 40 30 61 6 38 55 12 54 51 43 74 3 42 22 57 13 2 18 
73 27 2 57 35 14 59 38 3 41 71 47 1 30 34 6 23 54 9 63 21 49 75 7 62 17 78 72 40 45 16 68 10 65 52 43 80 13 51 42 76 39 18 20 66 25 61 24 37 46 64 70 79 53 32 56 12 31 19 5 
39 42 26 9 23 19 41 59 74 3 2 70 8 48 40 56 64 11 17 14 16 67 29 1 46 43 37 63 78 79 76 47 68 33 53 20 62 61 58 5 7 4 31 13 25 73 12 18 55 72 21 51 50 36 45 22 10 80 52 69 35 6 57 
70 14 28 54 38 47 23 36 55 73 3 46 22 12 76 21 44 31 49 43 33 24 11 75 34 60 2 63 40 61 42 57 65 19 29 13 59 58 1 67 53 69 71 79 77 15 51 56 52 17 4 26 8 68 18 27 35 
65 45 49 29 73 5 40 20 80 59 21 17 64 66 26 34 1 12 30 41 32 62 53 23 77 42 22 6 18 39 25 58 61 24 68 8 50 72 69 75 57 38 71 60 19 36 37 35 48 78 70 43 52 44 47 16 63 56 11 54 
5 33 78 4 2 57 13 16 7 25 9 40 66 76 8 20 37 50 22 39 70 1 74 55 35 6 60 68 18 32 28 46 65 49 15 14 47 19 27 59 75 58 56 43 17 12 77 3 24 34 21 63 51 48 31 30 79 38 62 26 29 
66 80 20 39 72 7 38 18 59 47 3 17 27 42 62 46 43 68 37 19 79 35 31 60 63 48 45 32 54 2 29 71 49 61 24 22 51 65 75 15 12 8 34 5 70 57 58 74 4 76 6 44 50 77 1 41 55 28 40 
12 53 41 78 38 70 74 56 11 36 51 57 33 34 77 14 58 59 19 30 47 2 76 15 50 62 46 40 3 66 55 69 43 7 37 71 61 16 25 10 23 73 17 63 48 72 67 18 22 1 65 32 39 26 75 31 68 
14 38 2 57 13 27 30 70 74 11 4 72 32 5 49 50 58 20 46 44 23 29 61 40 15 73 39 42 22 53 17 71 19 24 63 47 36 31 43 80 33 69 26 37 12 9 25 6 8 64 60 45 54 1 10 59 28 16 62 68 52 78 66 67 
52 66 45 36 72 62 51 31 80 73 67 16 35 12 20 1 15 60 50 19 38 77 17 41 37 58 30 4 69 27 9 6 46 2 65 57 54 47 28 49 75 34 29 25 48 78 13 71 14 5 
27 52 48 35 32 40 51 18 39 43 31 53 73 8 38 60 77 16 6 29 55 2 15 13 61 56 47 33 78 46 5 71 66 21 67 4 75 17 25 34 36 49 65 7 12 20 28 10 11 14 9 44 63 68 59 54 37 1 80 50 24 42 58 64 19 
33 37 60 9 13 31 21 35 43 25 40 46 62 59 11 38 6 67 77 39 32 57 10 20 3 53 18 41 50 79 26 80 78 69 68 61 55 12 52 36 16 27 2 14 15 1 28 24 54 75 74 34 30 72 22 66 42 49 5 51 63 76 23 56 44 73 
63 62 45 37 69 2 52 13 4 34 77 80 41 33 64 54 51 68 43 48 21 35 20 30 1 70 47 23 11 25 75 67 38 7 79 10 42 61 14 32 78 24 50 31 49 5 6 73 9 55 19 22 39 15 58 57 53 
35 21 62 7 19 24 53 37 63 4 58 56 74 44 45 47 14 10 9 33 38 30 5 70 75 51 79 6 28 34 42 20 36 22 50 25 65 23 27 67 52 29 40 16 39 76 57 43 17 73 69 11 77 78 68 64 55 12 
44 16 46 26 28 20 77 3 40 25 33 21 30 12 49 78 14 79 10 43 64 57 35 7 63 38 68 51 53 65 41 76 45 70 62 22 37 4 24 9 42 32 54 80 59 34 1 13 18 71 48 69 39 75 58 73 47 5 50 36 55 15 72 
29 23 1 33 66 48 73 52 14 9 68 18 47 36 5 54 13 69 60 12 46 21 75 3 42 31 6 4 74 58 30 76 78 10 67 28 65 40 37 16 71 39 43 51 53 59 79 45 7 32 70 55 56 27 64 44 15 22 61 35 63 72 49 38 80 41 
49 51 54 7 8 75 24 66 20 14 21 38 62 13 28 50 33 16 48 72 26 9 68 15 57 71 61 11 35 44 2 18 5 17 12 80 67 69 41 10 58 55 52 29 31 30 78 79 53 73 74 65 43 47 70 45 60 22 77 3 59 64 32 37 40 
15 68 31 70 48 63 72 21 41 14 1 3 45 40 47 55 73 77 12 51 60 74 30 43 33 11 44 26 35 9 79 8 75 66 78 69 23 2 19 80 49 62 67 28 6 61 59 17 13 57 25 29 27 65 34 36 
37 48 35 33 57 13 67 21 43 20 5 26 27 60 53 70 72 71 40 41 14 69 42 63 4 36 66 45 18 74 38 16 75 34 79 12 46 22 61 6 31 77 1 78 56 30 25 51 47 52 62 64 50 32 28 2 54 15 8 3 80 
6 5 17 40 34 68 2 62 14 22 58 41 72 45 12 69 26 1 16 39 46 36 21 56 52 11 74 47 10 29 48 57 63 32 55 67 18 73 65 9 28 79 77 80 7 20 54 64 71 51 53 75 38 24 23 43 30 31 
44 38 60 1 35 30 56 65 42 76 70 68 39 73 6 72 34 66 10 29 2 31 78 16 14 45 71 3 23 41 54 74 49 8 9 4 57 43 15 50 7 62 22 58 59 28 19 11 55 40 20 64 5 24 13 63 46 27 
51 78 22 2 21 11 8 15 31 73 59 33 12 30 44 52 70 57 13 50 3 80 9 29 37 62 66 10 35 6 69 36 54 53 18 71 25 38 60 32 1 48 4 75 49 45 42 77 39 76 20 67 5 55 64 58 27 63 61 
49 70 6 18 39 29 45 54 17 74 50 58 30 64 5 51 56 60 46 76 78 19 34 16 32 11 31 61 42 15 3 59 62 4 65 27 13 73 2 14 77 23 44 35 66 28 7 72 40 55 22 25 68 63 47 21 1 
11 31 12 42 53 71 46 29 54 73 36 22 45 68 7 52 51 33 63 28 78 64 47 3 40 49 8 79 38 50 74 62 17 14 59 76 4 5 75 65 69 16 21 26 9 18 39 24 25 44 80 2 34 48 1 61 13 37 10 30 19 35 20 60 23 67 32 41 55 
79 57 75 46 12 15 54 80 14 30 38 25 24 19 22 73 76 41 77 70 40 48 55 20 67 33 66 72 3 36 78 68 26 13 10 53 61 65 63 34 21 51 47 1 8 4 45 62 50 23 29 32 28 56 
62 73 63 74 13 16 58 1 34 79 51 5 76 33 11 10 48 39 55 22 66 7 32 6 15 78 53 19 3 31 56 69 44 30 4 54 47 20 75 14 71 8 67 17 61 18 35 9 65 40 29 45 49 23 64 41 
55 34 2 64 13 4 79 63 25 68 50 8 19 21 72 15 69 80 51 57 71 78 27 28 26 11 56 45 3 6 10 49 43 20 33 18 30 76 48 77 7 31 35 9 23 14 37 17 66 62 16 59 70 67 54 39 58 60 22 36 61 32 
1 19 66 15 33 10 64 58 12 69 21 41 49 60 16 53 52 44 7 76 45 79 72 47 43 29 23 30 65 35 37 32 28 67 17 38 80 40 54 39 6 70 63 75 78 55 8 26 27 31 62 18 2 4 77 22 46 3 
25 70 30 17 20 45 40 18 12 6 71 14 39 41 59 19 48 54 65 62 72 58 11 35 32 61 47 24 1 46 44 68 9 21 31 66 74 56 64 5 28 22 57 37 78 15 77 43 13 8 53 29 4 38 50 60 63 27 52 79 2 42 34 33 51 
60 25 49 46 54 37 50 48 19 69 53 24 70 45 74 26 16 23 62 32 9 28 11 21 72 39 38 15 36 61 67 40 17 34 58 29 80 12 1 47 79 27 5 73 42 3 31 14 44 78 30 4 6 52 41 77 68 35 18 71 
60 61 14 74 66 12 52 32 64 59 63 22 4 36 56 46 19 34 68 51 43 54 38 39 23 21 58 25 73 7 78 9 6 42 44 11 57 35 76 69 40 53 45 80 75 41 13 29 15 26 10 37 20 50 1 65 3 28 71 47 
56 46 42 5 16 13 49 32 65 17 3 59 70 45 34 27 61 77 62 80 14 67 68 21 35 38 7 39 63 11 60 73 75 29 10 19 28 23 48 58 30 55 71 64 74 72 52 51 54 76 57 47 26 1 2 69 36 
14 28 27 31 39 21 58 62 38 70 48 8 5 45 40 74 72 61 30 52 43 65 50 29 26 47 63 3 44 16 71 46 59 19 76 35 37 64 75 12 24 23 11 66 60 53 36 25 4 33 73 49 10 6 20 
76 1 37 25 10 63 42 24 53 66 20 77 12 55 74 28 44 56 68 73 16 43 58 71 51 64 31 62 6 48 47 23 26 30 65 78 40 36 41 59 22 5 27 9 33 29 39 11 70 14 57 49 4 61 19 32 45 34 35 
