80
10 8 27 23 15 77 64 35 51 16 68 54 49 78 71 44 48 25 61 79 70 56 31 17 69 47 14 4 29 46 74 37 33 76 66 41 45 7 40 55 58 52 6 59 65 13 60 32 11 72 38 75 53 34 2 19 24 22 62 30 57 18 28 5 26 73 21 20 80 43 39 9 50 42 3 67 12 63 36 
51 74 80 17 65 7 28 48 24 58 19 59 79 21 15 33 13 54 45 68 27 66 50 26 75 46 76 29 67 8 20 60 37 35 14 70 3 62 57 63 32 39 56 53 78 11 52 23 10 9 30 4 77 47 40 43 44 1 6 55 71 41 16 12 61 49 64 38 22 36 34 73 69 31 25 18 5 72 42 
6 21 62 26 35 59 27 9 31 39 8 80 18 41 71 10 78 53 70 68 1 43 24 56 73 28 77 5 72 4 42 36 22 57 25 16 12 66 74 23 60 19 37 40 29 17 32 13 47 50 63 45 14 61 69 58 64 44 15 33 67 55 65 38 46 11 7 54 2 79 34 52 75 30 76 48 20 49 51 
70 26 35 33 57 73 6 44 54 20 18 64 58 15 52 41 5 79 40 49 19 17 69 34 39 67 22 38 31 51 3 30 62 77 56 63 75 10 13 46 66 1 78 29 37 32 28 42 8 7 80 45 60 71 2 76 24 11 16 36 50 74 12 68 65 21 25 43 14 48 9 53 27 72 61 23 59 55 47 
26 30 25 57 71 31 65 77 37 23 42 80 58 32 59 14 13 6 10 53 74 34 49 46 1 33 22 76 50 55 28 45 75 21 20 36 47 43 2 8 48 12 4 15 62 52 18 40 68 16 24 17 35 56 27 11 19 38 66 64 7 9 39 61 79 67 54 63 78 44 29 72 51 3 69 70 41 73 60 
11 55 36 46 56 39 72 61 34 62 47 1 8 4 44 18 12 59 29 71 24 50 13 2 41 31 57 60 79 49 65 74 75 5 28 17 27 20 26 42 45 15 48 10 14 37 54 25 9 33 77 30 80 19 53 68 70 52 21 38 63 23 66 43 67 16 32 78 58 22 69 64 40 73 51 3 7 35 76 
75 53 40 41 16 80 23 77 5 73 68 59 6 60 22 70 19 21 8 72 35 33 79 48 57 36 4 63 34 24 39 1 71 78 50 18 15 14 17 62 65 55 45 38 52 43 11 37 67 66 25 10 51 27 61 3 42 76 58 54 47 12 56 44 26 46 9 74 64 20 13 28 30 31 32 29 69 49 2 
66 41 6 77 18 31 62 69 51 54 26 42 16 44 12 58 35 63 33 80 7 75 70 64 36 65 34 56 9 4 52 17 30 27 3 24 68 15 45 2 71 40 14 10 38 22 74 78 73 61 50 19 43 46 23 5 72 48 55 11 1 39 32 47 60 53 21 13 49 37 25 79 20 29 57 28 59 67 76 
59 79 63 65 15 76 45 80 52 29 44 61 2 23 12 70 13 34 51 7 11 75 67 21 26 48 46 41 36 55 68 66 18 54 8 72 58 73 19 37 16 33 22 28 47 74 1 57 20 49 35 38 25 5 50 3 4 69 24 64 14 71 40 17 62 78 32 31 39 6 77 53 60 43 42 56 27 30 10 
77 62 6 30 38 51 55 44 75 67 50 12 31 9 11 65 13 35 48 46 54 3 58 17 70 22 57 56 40 59 32 5 18 34 71 1 49 14 27 37 19 36 4 60 8 78 52 79 15 61 63 26 69 80 41 7 23 33 21 73 43 72 74 68 39 76 20 2 66 42 16 28 29 53 64 45 24 25 47 
53 17 78 13 8 45 32 60 24 21 52 79 50 67 2 35 42 56 57 75 63 76 61 62 33 51 70 64 14 3 1 80 5 7 12 37 22 46 31 43 74 9 47 65 49 36 25 55 54 27 77 29 58 48 34 10 71 38 4 59 23 6 73 16 26 30 20 68 72 66 41 69 28 39 18 19 44 40 15 
68 13 8 77 28 66 21 18 76 53 36 49 37 74 16 63 78 24 67 64 75 11 57 14 56 38 34 45 46 7 3 27 17 32 48 71 10 51 23 33 35 26 59 25 30 58 22 19 69 29 65 20 61 41 73 50 70 40 47 39 5 1 44 54 60 6 9 42 55 2 15 31 4 52 79 43 72 62 80 
27 16 52 35 1 8 36 50 73 74 30 6 23 45 67 37 29 20 41 7 78 21 5 15 77 44 49 80 28 38 26 12 42 32 70 48 54 31 56 60 63 39 68 51 9 17 58 47 46 2 53 75 18 76 33 19 57 40 10 3 11 71 69 55 14 25 72 43 79 61 66 59 34 22 4 65 64 62 24 
50 13 62 54 52 53 29 28 57 39 75 51 27 72 40 19 11 35 2 25 79 38 32 10 7 63 17 23 77 31 4 46 22 1 44 67 66 20 36 8 58 47 48 43 16 55 74 9 49 76 24 73 78 5 33 69 65 71 68 6 26 45 60 30 42 21 61 12 80 41 64 37 70 34 56 15 3 18 59 
55 60 69 8 22 11 24 57 72 1 29 73 51 52 20 47 6 4 62 79 70 67 48 27 71 76 74 18 65 38 19 64 56 75 43 66 13 28 17 44 49 10 50 36 77 46 9 33 25 26 34 35 30 78 14 39 2 3 54 63 41 21 12 37 23 31 45 68 61 80 53 5 59 32 40 16 7 58 42 
10 49 74 76 43 13 50 67 51 55 71 22 37 9 73 54 46 20 19 38 30 15 14 29 11 31 34 4 39 35 69 78 77 27 63 21 1 8 2 61 45 52 79 62 72 48 32 53 80 17 57 33 6 58 24 18 36 65 42 28 60 64 70 41 7 26 40 23 44 47 5 25 3 12 75 59 66 68 56 
60 19 68 61 30 24 76 12 40 64 34 44 52 73 67 9 8 5 13 25 15 26 3 35 72 1 6 11 46 37 70 79 38 2 47 80 28 41 54 69 45 58 74 62 32 78 50 27 29 33 66 49 42 65 57 63 59 53 55 31 56 36 18 75 51 48 4 14 7 71 21 77 23 43 10 20 22 16 39 
11 70 33 45 17 36 47 50 48 75 9 15 62 31 71 67 38 5 74 13 46 58 66 63 78 65 44 61 35 19 20 12 25 24 79 32 49 43 40 80 6 51 64 60 29 42 39 34 4 14 41 73 27 59 21 68 8 22 57 30 37 53 52 56 54 2 10 76 16 26 77 1 69 55 3 72 28 7 23 
3 10 39 49 53 6 57 68 31 56 45 77 51 14 78 61 20 5 40 52 62 17 25 32 26 16 67 79 65 69 41 43 47 70 54 44 35 76 30 34 63 73 66 36 75 27 59 64 12 2 42 13 33 29 18 58 37 28 8 23 15 4 74 1 24 48 21 11 71 46 72 55 7 38 50 22 9 80 60 
45 21 9 16 41 79 70 24 65 2 30 22 47 34 50 17 67 49 77 64 7 63 57 36 52 38 25 46 60 72 73 54 1 12 66 44 4 58 5 37 48 11 19 68 61 18 53 3 75 42 32 74 56 62 27 59 29 28 15 35 71 8 43 80 69 78 31 39 23 76 6 14 33 10 55 26 51 40 13 
22 77 43 31 62 74 76 3 34 4 69 35 8 7 24 33 57 45 19 36 75 10 53 14 50 61 30 32 25 52 65 63 39 18 1 80 12 58 38 20 16 59 68 15 29 27 56 64 26 48 46 47 5 42 51 28 17 55 71 49 78 2 66 6 9 79 41 44 70 13 11 60 73 67 72 37 23 54 40 
78 68 56 8 48 7 18 46 44 61 30 41 34 80 26 10 37 9 13 58 72 24 75 6 1 57 35 71 2 29 50 60 79 45 54 23 42 20 47 51 40 55 3 25 15 11 62 73 32 28 69 4 53 17 77 43 59 36 52 27 33 19 12 39 21 70 74 5 76 67 63 31 66 38 65 64 49 16 14 
33 37 32 71 36 74 15 3 39 10 60 41 54 73 66 45 65 57 51 25 46 20 58 31 50 53 9 72 24 40 59 64 56 42 13 75 22 69 11 48 62 14 67 2 47 52 44 12 6 26 5 49 70 4 79 76 18 68 77 16 8 35 29 19 27 63 43 80 38 30 34 21 78 55 7 61 17 28 1 
19 80 58 41 61 44 51 33 36 57 62 13 37 38 34 10 78 74 32 49 59 71 39 42 67 46 52 29 72 20 50 64 22 35 12 75 7 76 56 70 45 60 73 31 14 65 27 47 66 8 6 21 28 2 43 63 48 40 68 26 53 16 4 30 11 9 1 17 23 69 3 79 5 77 25 15 55 18 54 
76 59 63 34 17 74 55 44 11 56 3 70 35 77 41 69 64 58 42 47 52 16 13 51 71 54 15 36 46 2 66 14 31 19 12 50 61 40 24 22 30 21 80 67 75 53 7 62 38 60 48 68 37 39 49 33 27 29 5 32 43 45 10 73 18 9 4 72 8 57 20 6 65 1 28 79 26 78 23 
40 60 74 44 43 38 25 53 39 29 27 24 17 78 7 63 28 48 79 64 10 71 20 13 18 68 8 36 55 30 56 72 76 47 52 77 50 67 2 34 54 35 22 66 73 37 9 1 19 62 65 51 15 32 31 42 6 14 11 23 3 57 61 80 33 5 69 58 16 75 21 70 49 4 45 46 59 41 12 
30 79 59 57 62 13 68 73 36 25 48 60 39 10 50 34 18 75 63 29 58 38 52 23 31 72 22 42 49 26 2 4 45 64 53 35 76 17 24 41 9 51 43 69 3 28 67 77 21 8 65 37 40 56 20 66 33 15 1 11 44 12 54 55 61 5 71 14 80 47 19 7 16 6 32 74 70 78 46 
34 13 67 16 36 42 77 26 23 52 58 25 53 11 27 44 51 75 71 20 1 79 39 41 3 40 2 65 73 69 31 5 63 45 72 22 78 35 55 74 9 50 59 6 19 48 37 30 15 43 57 21 61 76 10 33 7 4 80 64 54 14 24 8 18 60 70 47 62 68 46 38 56 66 17 32 12 49 29 
78 77 15 14 62 66 31 18 71 46 64 22 17 45 10 13 70 33 5 79 9 36 60 8 58 25 59 30 54 51 23 6 74 53 21 2 73 75 27 19 38 48 69 61 44 55 26 49 20 57 1 34 50 37 12 72 24 41 16 80 47 7 65 32 39 11 52 40 56 68 67 43 35 4 3 76 63 42 28 
1 45 3 56 39 2 43 52 36 32 49 20 64 21 14 71 4 70 46 18 40 29 55 77 23 34 15 28 17 8 47 73 67 54 79 22 59 35 76 72 62 19 75 51 61 41 50 60 69 57 42 65 33 74 80 24 58 78 27 37 5 16 11 13 68 48 7 12 31 38 9 66 6 53 10 25 44 26 63 
33 1 6 12 80 5 53 51 77 61 52 2 41 9 62 7 76 21 55 78 46 26 16 4 42 15 72 24 40 36 25 10 68 11 39 48 64 70 66 14 47 35 74 49 54 71 73 13 58 28 17 75 32 59 67 79 65 19 20 57 37 63 44 60 56 50 23 3 18 30 69 29 43 22 27 45 34 8 38 
35 40 52 54 50 15 64 57 75 63 27 19 28 58 68 47 39 22 17 70 29 43 74 24 77 30 8 60 53 65 46 37 80 21 12 42 9 36 41 4 44 66 31 48 7 67 33 69 45 6 13 72 62 14 3 59 34 51 71 76 73 25 49 23 26 78 61 20 38 18 1 5 55 16 2 56 10 11 79 
51 37 65 56 50 80 16 55 68 4 64 73 62 2 1 17 53 22 57 18 47 66 42 46 59 48 7 15 34 38 8 52 14 72 25 60 71 74 69 29 23 21 77 35 44 43 61 28 27 40 6 78 11 39 31 79 5 10 67 13 19 70 45 41 75 36 9 12 30 3 49 32 26 63 24 20 54 58 76 
76 37 42 62 11 66 12 78 61 46 64 21 80 50 74 30 70 52 49 59 67 47 17 68 44 29 16 71 65 4 33 57 3 55 69 25 54 19 24 72 63 41 23 73 39 20 48 8 79 1 27 77 32 2 43 5 58 31 13 9 22 15 45 36 7 28 75 53 18 40 10 14 60 51 26 38 56 35 6 
69 41 64 37 42 24 62 61 4 28 43 72 31 79 49 3 68 1 10 71 6 17 29 70 74 30 73 15 63 39 44 76 47 80 77 56 34 50 65 25 9 18 78 40 16 32 52 53 7 14 54 13 59 22 75 27 11 48 57 2 20 55 66 58 26 12 67 46 21 5 23 36 60 38 33 45 19 8 51 
54 17 43 35 59 65 47 3 1 48 41 77 71 38 72 5 60 57 64 46 2 80 74 15 18 39 52 42 7 14 29 73 26 61 63 32 21 31 58 78 51 30 76 70 44 16 69 11 20 13 40 37 56 53 67 55 6 62 10 19 8 4 24 79 68 12 34 66 50 49 75 45 23 27 25 9 33 28 22 
7 40 64 54 39 18 55 63 68 48 25 26 23 17 65 51 24 69 72 35 70 34 59 36 60 28 43 31 14 15 38 1 62 74 76 49 5 61 20 44 22 45 32 41 78 4 2 77 50 9 79 58 27 53 66 47 16 33 11 8 71 29 73 57 75 42 13 52 56 10 19 6 30 67 46 3 12 21 80 
68 36 65 28 2 35 18 59 21 27 58 80 66 75 11 24 41 69 70 73 76 30 9 50 32 44 1 53 67 31 33 34 12 19 6 5 77 60 72 45 8 17 46 29 62 13 49 4 57 14 52 20 47 37 23 3 42 43 10 51 74 26 16 22 48 78 25 71 56 39 64 61 15 7 55 79 63 54 40 
29 55 17 47 2 20 11 43 50 23 54 30 36 25 10 16 13 28 3 77 42 6 41 4 14 71 15 72 57 22 52 12 37 32 19 33 79 7 76 60 59 9 46 70 1 38 63 51 45 26 24 80 35 73 62 66 67 74 31 68 40 69 78 53 75 58 65 44 64 34 5 56 61 18 49 27 48 8 21 
37 71 1 16 34 52 79 38 57 15 63 47 12 5 43 4 78 56 7 49 9 24 72 80 14 68 60 36 75 70 3 29 25 30 27 64 76 67 13 42 69 28 45 53 61 55 18 54 58 31 20 35 2 21 62 33 46 59 48 22 39 50 17 11 44 32 65 6 19 8 41 74 23 26 66 77 10 51 73 
27 49 73 25 16 7 59 29 33 46 45 37 43 32 74 51 53 54 34 31 1 44 79 52 68 5 18 35 66 60 9 3 65 47 72 30 75 77 11 2 4 62 78 17 56 26 22 21 70 63 8 39 55 42 13 19 69 67 36 15 23 38 58 48 50 20 71 64 40 28 57 6 14 61 12 76 10 80 24 
32 30 65 10 49 69 5 45 25 63 19 11 70 52 35 16 79 50 56 51 27 15 39 68 46 60 75 34 37 24 21 29 17 73 55 14 7 3 71 53 43 41 44 31 64 36 18 23 26 20 77 62 2 4 57 9 28 66 59 33 22 80 8 78 47 74 48 76 67 40 72 12 13 61 1 54 58 38 6 
7 37 4 74 54 16 15 75 28 53 61 3 58 27 69 21 65 71 66 31 18 19 48 30 1 73 24 8 42 22 12 44 51 52 45 78 63 26 34 70 10 5 77 79 40 57 6 46 2 33 38 59 60 67 25 50 35 20 72 13 36 11 80 29 76 49 41 17 39 68 47 62 9 32 55 23 14 64 56 
80 67 29 35 25 64 48 58 74 17 32 3 45 4 38 21 31 61 78 12 54 16 8 37 55 63 42 72 24 52 39 56 59 2 23 22 34 43 46 9 14 30 18 20 33 69 70 36 79 49 57 11 28 73 13 40 5 51 6 71 62 1 19 76 15 53 65 68 75 41 66 77 27 26 7 47 60 50 10 
53 73 46 65 21 15 12 1 41 71 62 36 2 66 43 48 64 69 55 61 49 78 7 74 17 50 40 76 42 47 3 25 18 77 60 37 10 52 26 39 31 28 33 38 22 16 32 56 44 72 13 4 14 54 5 24 63 34 8 75 70 30 67 23 57 68 58 19 27 35 29 80 59 6 11 79 51 9 20 
63 40 70 25 12 50 75 56 33 27 20 5 78 44 67 38 43 72 79 6 49 57 17 61 10 66 34 13 42 69 60 26 31 30 55 7 22 3 54 47 53 77 23 24 62 59 80 32 73 41 9 18 48 1 74 52 4 45 71 8 68 51 35 36 76 11 58 21 14 64 2 15 16 19 29 39 65 28 37 
76 62 48 1 32 57 15 39 14 68 28 77 45 49 22 60 5 75 70 53 13 2 56 51 80 52 6 23 69 67 30 55 3 34 12 74 65 4 41 24 73 63 16 71 27 79 21 66 26 25 19 72 46 44 43 64 31 40 50 54 17 9 20 42 11 78 18 58 38 7 33 29 35 8 37 61 36 59 10 
14 74 55 62 17 27 42 66 12 2 8 78 11 80 26 1 21 41 51 79 60 40 63 43 46 7 75 32 16 50 4 76 37 67 25 13 69 77 49 29 58 30 28 6 20 36 18 3 53 9 65 22 23 71 56 47 24 44 33 10 38 35 52 68 15 70 61 57 31 34 19 45 5 54 73 39 59 64 72 
42 63 70 55 58 51 74 13 45 56 1 76 62 3 4 7 15 46 68 24 16 37 47 50 5 8 80 10 31 78 66 28 69 75 2 25 72 43 65 73 32 30 79 40 60 67 14 17 21 20 57 36 11 38 64 27 9 77 54 22 59 34 53 71 52 35 19 39 23 18 6 33 48 61 44 12 26 29 41 
71 26 65 62 35 1 18 44 21 14 46 70 56 61 58 55 33 6 42 53 11 29 2 75 73 67 68 78 8 9 13 20 27 12 28 37 66 45 38 31 25 24 22 80 54 63 16 57 72 51 47 43 17 60 23 40 4 3 77 30 5 36 76 74 48 34 59 7 69 15 39 64 79 32 19 52 49 41 10 
23 66 6 46 69 72 63 9 38 31 32 62 80 67 26 25 52 71 22 13 40 12 37 21 2 42 77 11 14 29 20 4 27 61 70 79 35 30 74 58 78 50 48 59 55 33 28 57 73 68 43 1 76 53 19 56 60 65 39 49 34 16 75 36 7 64 15 17 44 45 8 41 54 5 3 18 24 10 47 
21 70 67 72 61 17 8 18 53 75 42 41 55 37 76 62 51 24 31 50 20 12 66 26 46 22 32 16 69 71 9 25 65 45 49 33 5 6 11 74 59 28 7 64 40 34 35 3 54 13 47 56 10 27 19 48 73 4 30 68 14 36 58 77 63 79 2 15 39 43 23 1 44 38 78 60 29 80 57 
14 51 22 2 50 24 33 69 30 41 35 10 18 76 21 28 48 74 15 43 8 31 49 60 71 77 32 54 7 36 65 63 11 66 78 13 9 45 6 72 47 79 39 64 58 5 3 37 16 38 26 20 73 55 44 62 42 40 17 25 34 29 23 68 52 67 75 56 80 1 46 12 59 27 61 70 57 19 4 
61 59 78 66 20 49 73 19 40 22 75 47 24 14 33 74 12 29 15 71 30 25 45 34 35 53 63 21 8 26 48 39 41 43 77 6 4 27 18 72 10 9 52 51 2 11 23 56 31 58 79 70 37 28 36 80 16 17 7 68 57 55 69 1 42 67 32 3 76 60 44 46 13 62 65 5 50 38 64 
7 18 37 78 2 23 22 53 42 8 66 30 33 45 4 6 12 25 40 1 10 44 60 71 24 67 41 31 15 75 61 50 70 69 46 68 39 5 17 80 52 63 77 43 27 59 9 20 3 72 58 65 49 38 21 51 16 57 34 74 35 62 29 47 19 54 79 36 11 56 28 14 32 26 13 48 76 73 64 
28 52 76 37 38 55 29 43 63 9 73 42 8 77 10 4 79 24 15 40 59 25 36 72 22 62 30 70 11 26 39 20 12 5 44 80 33 78 16 74 68 71 27 61 19 65 54 23 32 17 64 69 53 57 2 41 58 66 18 60 47 34 7 21 48 45 50 31 14 51 3 6 67 75 46 13 49 35 1 
6 48 65 63 11 55 25 74 15 49 8 50 70 43 56 44 52 29 22 34 28 75 4 51 66 36 1 60 2 16 69 5 76 30 9 14 77 32 18 46 58 47 71 68 10 53 7 20 54 78 40 42 39 73 31 80 61 79 26 33 41 12 64 62 17 35 72 19 27 13 59 45 67 37 3 21 24 38 23 
3 53 68 9 47 29 63 11 73 10 75 50 28 14 2 19 8 36 70 54 32 22 1 25 40 64 55 72 74 45 26 34 7 33 31 17 44 23 77 43 66 62 39 67 56 15 52 30 24 59 21 16 5 18 48 27 13 60 12 38 57 46 42 80 71 41 65 49 76 78 20 51 35 79 6 37 61 69 4 
47 79 32 27 43 63 19 41 4 68 12 53 45 22 37 25 9 69 66 33 7 56 31 55 60 77 74 78 28 5 2 80 67 16 76 11 40 24 73 38 71 15 10 1 57 6 61 17 50 29 52 65 58 26 72 21 36 23 75 14 34 64 49 51 20 48 30 35 3 70 13 54 44 18 42 8 39 46 62 
57 27 55 53 62 79 65 59 50 29 17 31 42 70 39 69 76 71 18 33 11 44 7 40 45 75 36 78 64 6 2 38 56 74 58 24 35 51 10 67 19 54 23 68 73 9 22 21 8 41 43 61 80 28 1 13 46 63 66 15 48 20 77 52 30 49 32 26 47 3 72 25 16 14 34 5 4 37 12 
35 16 8 27 31 3 62 25 9 48 52 41 28 74 11 40 1 63 49 23 55 67 72 33 4 47 17 22 80 24 32 56 37 26 59 69 38 76 50 12 73 51 30 42 46 77 54 58 14 53 39 57 6 36 45 21 7 19 5 20 2 75 71 79 34 13 44 78 66 68 10 18 65 64 43 15 60 70 29 
75 77 5 27 24 49 63 8 28 55 35 29 66 16 38 11 21 42 31 71 67 57 40 6 9 37 56 14 41 70 18 48 78 13 25 34 58 23 79 32 73 2 7 12 72 4 76 59 61 19 54 51 30 3 44 68 60 22 64 39 36 53 74 20 47 10 45 26 33 17 52 1 15 50 69 46 80 43 65 
39 48 36 44 57 40 66 47 75 1 21 30 14 33 59 69 71 34 13 61 2 54 7 55 70 43 64 23 72 19 29 77 4 74 41 22 17 50 58 12 18 80 3 16 6 8 28 62 67 46 32 31 24 38 20 25 73 68 37 10 42 65 26 53 9 5 60 49 78 45 56 79 35 52 51 27 15 11 76 
51 12 62 78 30 49 34 70 63 67 19 73 4 56 50 74 39 21 66 79 31 72 53 76 80 65 45 46 24 42 1 26 11 38 6 7 23 69 43 48 29 27 22 14 33 47 59 36 71 52 41 3 55 68 77 16 75 28 60 2 18 15 61 35 9 20 8 5 40 13 17 57 25 54 10 37 32 58 44 
70 56 52 78 77 60 25 68 48 14 6 11 67 58 75 80 79 57 43 15 69 24 35 66 76 38 9 26 4 47 64 45 32 41 44 62 71 18 37 1 31 13 59 34 74 46 40 20 61 2 72 42 7 49 21 29 3 54 16 8 53 5 17 27 50 28 30 22 23 36 51 12 55 63 39 33 19 73 10 
74 14 76 78 19 79 65 40 73 4 56 69 26 29 67 5 18 27 35 8 12 60 63 21 48 9 10 45 39 47 6 57 53 15 1 13 33 22 37 25 64 55 7 23 2 17 46 32 31 49 36 75 62 38 71 54 16 20 34 28 24 30 72 59 42 41 50 52 80 11 77 51 43 3 68 44 58 70 61 
60 8 31 13 56 47 10 59 78 80 75 68 51 12 19 49 9 69 21 70 1 46 35 5 25 33 16 71 65 22 18 42 14 23 77 26 43 73 61 6 3 39 27 72 17 7 64 11 57 38 52 45 29 40 50 30 2 36 48 62 15 37 66 44 79 53 28 4 76 41 55 54 74 34 24 58 32 63 20 
24 76 31 80 41 54 48 29 63 16 56 75 42 33 40 49 78 19 52 20 21 71 34 26 60 64 27 25 30 47 50 4 67 79 5 59 39 72 66 28 36 61 7 17 53 10 6 35 8 37 9 44 1 45 62 13 14 22 3 51 58 74 57 69 15 2 18 46 73 32 77 70 12 23 55 11 43 65 38 
11 8 55 61 75 1 80 72 51 54 71 58 13 22 15 76 20 67 18 46 5 57 62 28 34 36 31 50 73 30 6 9 41 66 12 23 79 60 4 21 77 19 74 10 39 29 44 14 52 27 25 70 63 78 33 49 43 35 56 38 2 48 16 40 24 17 42 53 59 7 45 65 32 68 26 64 3 37 47 
47 32 75 1 60 79 40 3 56 33 77 54 9 42 55 59 65 76 74 15 35 61 22 24 4 14 8 57 10 29 69 68 66 25 64 20 67 39 36 45 50 26 62 80 78 41 19 53 37 44 13 34 18 11 21 72 58 30 51 63 6 16 31 2 27 28 48 38 49 71 73 23 12 7 52 5 17 43 46 
52 9 18 62 57 17 29 63 13 12 27 68 20 4 34 67 36 11 35 56 44 64 31 7 21 50 61 24 76 66 5 48 40 6 58 45 37 19 14 59 74 10 53 79 32 51 65 2 28 49 70 43 42 41 25 38 47 26 54 46 78 33 72 60 16 80 8 55 69 22 15 3 77 75 73 30 23 1 39 
49 17 67 18 40 71 61 77 59 78 45 15 37 63 62 38 28 34 54 12 68 75 46 19 58 56 43 41 51 10 57 55 47 64 14 33 6 2 9 27 39 31 44 53 69 35 13 79 3 20 22 60 30 52 80 24 50 7 74 23 70 25 76 8 48 11 1 26 73 42 4 66 21 29 5 32 16 36 65 
75 36 37 2 31 24 63 26 27 68 23 42 6 60 45 5 7 54 74 17 57 79 80 4 51 41 34 20 35 13 19 49 21 78 56 65 18 10 62 67 77 38 46 28 40 71 48 30 15 43 55 69 9 11 76 32 3 14 64 47 53 12 59 1 61 44 22 29 33 16 50 39 70 52 72 58 8 25 66 
58 19 2 29 75 54 31 68 67 10 60 11 53 26 34 33 1 64 7 5 59 37 16 55 35 78 24 17 43 77 38 45 80 61 66 40 69 6 71 18 46 76 8 30 4 25 9 13 73 79 49 51 50 27 52 15 47 44 14 22 65 63 21 70 39 48 62 3 20 41 23 36 12 28 56 72 57 42 32 
11 4 22 43 52 16 38 67 42 69 66 34 70 62 14 80 36 55 17 48 58 8 28 44 61 76 45 53 9 25 6 60 50 63 56 12 32 23 57 78 77 49 73 18 13 2 37 79 72 3 20 46 41 5 51 65 29 74 24 19 26 7 21 10 15 40 64 33 35 30 47 31 59 71 39 27 1 54 68 
16 65 35 24 54 75 14 15 80 67 56 55 27 50 48 40 53 72 58 29 71 34 11 79 18 22 60 28 57 37 33 70 25 31 74 32 2 6 73 20 52 62 26 10 59 19 1 41 63 3 46 39 47 30 8 66 43 17 9 12 69 64 38 21 78 4 7 61 5 77 23 49 44 68 13 42 51 36 45 
12 20 80 36 58 28 29 69 9 76 60 21 15 78 39 52 22 10 27 48 35 68 13 62 11 37 6 57 66 26 75 23 14 4 55 18 19 44 50 49 67 42 79 51 24 53 31 5 43 61 47 65 40 30 54 38 45 25 3 2 59 71 34 7 63 17 56 64 16 74 32 41 70 72 46 33 8 73 1 
42 71 32 76 56 45 14 16 26 77 49 7 10 36 67 2 62 22 9 15 19 53 34 27 29 73 44 39 6 69 59 65 25 1 17 50 38 41 12 18 3 55 20 13 11 48 31 60 23 35 74 33 8 68 52 61 79 4 80 21 63 47 70 64 72 24 58 28 43 57 40 54 30 75 46 5 37 66 51 
64 24 31 30 19 10 32 59 2 71 38 4 70 58 34 61 33 47 16 72 49 57 43 7 48 5 8 46 60 63 35 78 26 56 75 21 12 62 29 66 37 55 15 76 69 40 9 51 54 77 28 14 6 44 52 1 27 39 3 41 53 65 18 73 20 68 67 42 13 36 11 80 50 23 22 45 17 74 25 
76 58 16 63 78 62 29 32 41 43 60 35 52 46 55 14 59 71 9 18 5 3 67 13 6 72 12 42 25 40 17 47 38 22 27 50 66 34 21 7 2 57 24 36 30 53 8 15 70 20 26 56 61 33 64 51 65 75 28 39 54 19 45 48 1 74 4 37 31 69 79 73 23 10 68 11 49 77 44 
