80
15 40 57 45 54 77 29 49 63 53 8 44 41 69 79 60 12 42 20 31 51 38 72 10 9 28 56 64 5 23 68 62 32 66 67 70 46 2 17 27 18 14 58 19 26 76 78 11 25 48 16 59 52 36 21 6 34 22 39 73 35 24 80 43 37 13 30 74 33 65 55 3 71 47 61 75 4 50 7 
77 44 80 41 43 8 35 55 52 72 45 27 20 34 48 69 39 22 21 16 47 66 46 32 13 25 28 79 74 37 33 1 60 9 40 18 38 57 17 4 24 67 61 73 3 59 53 54 64 65 12 58 7 42 78 10 31 26 15 63 56 49 51 29 76 19 62 68 5 70 71 36 75 11 50 30 14 23 6 
78 9 80 60 56 41 51 33 59 19 69 25 21 46 10 17 34 26 65 18 15 42 54 44 76 39 47 5 45 67 4 40 52 74 7 27 57 20 58 38 22 75 28 12 50 14 70 79 48 24 64 61 77 8 63 71 36 6 35 2 29 53 62 66 31 23 13 11 49 55 30 37 72 43 16 1 32 73 68 
66 72 1 58 53 26 19 24 37 69 7 23 3 55 62 31 43 54 75 59 60 49 77 40 25 28 14 52 11 48 44 74 2 9 5 45 8 6 68 36 50 41 27 47 12 20 46 73 30 78 18 64 79 13 42 38 57 15 67 22 76 61 80 63 16 39 56 21 65 71 10 70 32 35 34 29 17 33 51 
26 38 58 28 27 46 42 23 51 66 77 13 80 60 29 44 37 75 56 7 54 47 62 35 50 19 32 41 10 8 4 39 69 45 3 52 79 1 73 36 21 49 43 31 16 22 6 40 70 33 30 74 2 18 24 61 34 12 17 72 15 57 53 63 67 64 25 68 59 65 76 48 78 71 9 14 55 11 20 
66 1 71 3 17 23 40 49 56 21 44 41 20 18 76 7 67 45 51 48 15 55 72 35 11 26 64 10 52 2 75 25 8 4 74 80 29 31 65 33 42 24 32 13 16 9 12 57 58 77 54 14 22 43 27 73 63 36 60 30 50 69 70 34 53 59 38 28 68 61 39 19 5 47 62 46 78 79 37 
22 72 62 34 55 47 36 70 24 11 65 41 61 2 1 42 30 12 76 10 75 56 13 29 46 58 43 25 57 44 73 78 35 39 53 79 74 71 19 31 23 28 20 54 49 32 38 67 59 14 18 40 21 77 37 68 50 51 16 69 3 9 17 8 33 27 45 26 5 60 4 48 64 6 15 52 63 66 80 
22 48 28 80 10 36 27 15 78 59 64 75 45 31 79 53 13 69 37 65 24 23 34 30 4 44 67 51 7 68 77 57 50 52 17 42 33 76 3 5 14 11 61 70 6 2 43 74 55 47 12 29 38 46 58 49 72 60 39 41 20 73 35 25 66 16 40 63 32 56 26 21 18 9 19 54 71 62 1 
77 31 5 16 58 70 53 52 32 60 46 33 56 61 51 24 65 50 75 26 36 11 20 55 48 30 80 10 14 7 1 34 12 68 17 39 72 63 15 45 66 42 3 78 2 27 71 22 4 18 40 62 13 44 29 38 28 74 43 76 41 49 21 79 8 73 59 69 23 54 47 57 25 6 35 37 67 19 64 
76 24 6 51 32 21 48 71 43 72 18 40 23 68 61 9 62 30 8 42 64 45 37 41 55 77 25 69 14 28 31 53 80 70 57 26 7 5 49 67 2 22 56 58 79 12 54 39 66 36 50 65 15 1 73 33 35 74 63 17 38 46 11 13 59 44 52 60 27 47 19 4 78 20 75 29 16 3 34 
43 64 79 51 37 1 15 2 41 44 16 52 71 26 38 46 18 12 23 9 57 56 59 58 55 21 31 28 53 3 40 68 27 19 48 29 80 13 4 47 66 33 67 25 36 78 32 20 39 72 17 35 54 30 49 34 6 7 42 74 10 50 77 61 69 14 60 8 73 62 5 24 70 76 65 45 75 63 22 
41 16 40 18 44 78 51 65 71 8 50 23 14 34 20 9 60 63 43 59 17 10 62 61 46 74 45 11 31 67 53 28 70 52 37 80 22 75 19 54 15 6 57 24 25 33 77 27 29 3 66 21 38 58 36 48 42 55 26 79 76 32 73 68 69 72 7 13 1 5 64 39 56 47 2 4 35 30 49 
2 56 24 35 65 16 3 45 78 49 40 19 57 59 1 31 76 51 34 28 63 69 36 52 17 23 32 47 60 72 8 41 26 77 53 14 66 43 11 48 74 20 30 10 38 27 9 80 33 73 61 64 39 6 54 44 67 50 68 12 58 46 71 79 75 5 4 62 15 55 29 22 37 70 42 7 18 25 21 
2 66 4 71 30 59 77 80 41 44 24 48 68 73 38 39 58 51 50 45 32 34 54 29 12 1 55 3 49 21 31 27 43 65 18 75 57 33 78 16 64 63 17 8 56 35 74 9 19 11 10 36 28 15 13 52 53 60 5 23 42 46 76 20 40 47 70 72 6 62 25 7 61 79 67 69 26 37 22 
66 32 80 35 73 70 59 23 37 68 11 19 52 46 10 34 26 78 17 61 12 60 41 49 33 58 4 14 69 42 63 45 13 40 50 25 55 57 1 5 36 18 28 24 44 62 65 6 29 47 21 3 53 38 30 20 9 22 75 54 2 48 64 56 7 71 16 74 31 51 67 39 77 8 79 72 76 27 43 
55 2 36 18 33 29 14 6 4 54 21 27 35 65 48 34 28 19 64 7 44 62 32 70 9 77 11 45 13 59 66 12 24 50 61 68 43 52 71 57 72 47 51 78 67 8 63 26 10 56 73 74 42 49 46 20 37 60 80 76 5 58 23 3 79 22 30 39 69 31 41 17 53 15 25 40 38 1 75 
36 57 15 67 66 47 4 26 62 20 61 13 56 14 21 38 54 58 51 28 10 73 16 40 63 3 76 71 68 8 39 42 50 18 29 19 46 78 45 79 35 30 77 5 72 75 9 74 7 31 70 23 49 60 55 33 25 69 22 34 48 41 27 44 37 52 1 6 59 43 24 12 65 80 53 64 32 11 2 
20 53 56 75 22 7 71 33 41 19 63 55 11 17 74 32 69 38 40 43 42 25 48 12 68 67 6 10 39 3 54 16 80 47 62 4 14 66 8 28 52 44 29 9 70 27 77 76 49 78 35 51 34 26 58 23 5 59 79 30 72 45 37 31 61 60 65 46 36 21 57 50 2 15 24 73 13 1 64 
40 59 10 58 76 1 41 12 33 26 38 22 60 16 69 43 55 30 9 46 47 72 44 42 77 20 3 52 27 7 15 2 74 4 80 51 13 6 25 67 5 48 29 32 31 8 63 73 18 78 24 71 36 62 23 17 70 14 56 28 54 79 68 65 34 64 45 61 37 21 35 57 66 53 49 50 11 39 75 
7 31 41 53 62 12 33 24 75 55 72 2 21 71 80 52 79 19 63 1 45 64 5 28 38 68 48 40 25 39 49 57 15 42 27 70 50 8 47 67 46 74 36 73 61 13 69 59 17 54 60 44 37 10 76 32 51 26 4 18 66 78 9 6 65 30 34 58 14 43 11 23 56 22 16 3 77 29 35 
65 68 4 30 44 69 24 32 38 14 51 36 43 45 41 35 26 13 18 23 72 49 16 60 61 7 25 70 57 17 75 74 5 71 12 8 1 11 77 3 39 40 59 22 80 55 19 78 66 47 79 63 37 48 33 52 54 2 20 58 46 64 67 34 76 53 42 31 27 6 56 28 9 10 50 29 73 15 62 
33 14 56 44 8 13 63 31 26 42 38 80 39 29 46 15 53 71 36 5 21 27 19 32 55 60 23 69 10 18 59 6 41 16 25 47 66 77 51 35 37 79 50 67 45 58 68 70 11 65 28 61 52 75 40 20 17 57 43 76 1 24 2 49 73 3 12 4 74 62 30 64 72 48 78 7 54 9 34 
60 27 64 4 1 71 52 7 80 31 3 8 44 18 69 67 38 9 25 10 37 43 41 22 50 78 66 61 70 54 48 20 13 32 11 74 46 12 49 68 42 75 51 6 65 5 34 16 24 57 29 62 73 26 72 79 56 2 47 17 76 19 28 45 35 33 59 77 53 39 15 36 58 55 14 21 40 63 30 
20 74 9 50 3 27 10 36 15 41 51 42 49 63 64 68 76 1 21 2 35 12 14 52 47 40 57 16 61 48 45 19 54 65 58 33 46 28 25 32 53 26 8 70 78 22 31 72 55 75 34 4 56 18 13 44 73 71 69 59 67 79 43 37 7 80 11 39 77 30 17 29 66 23 5 62 6 60 38 
79 50 16 42 11 71 10 52 27 64 51 12 80 3 17 53 68 60 65 35 66 23 69 37 46 73 29 9 21 76 15 75 34 72 38 49 14 57 48 63 22 74 47 40 31 32 33 58 62 19 2 59 77 4 39 67 24 41 43 18 1 30 7 61 28 70 44 78 13 20 56 6 36 54 45 5 55 8 26 
73 18 70 20 24 58 57 34 25 42 15 7 8 11 53 60 76 3 48 43 10 49 5 4 62 68 47 55 1 72 19 65 50 16 28 67 66 9 75 32 33 79 27 22 37 38 2 74 78 54 6 31 23 36 56 61 77 17 35 51 63 71 46 29 39 40 45 64 80 59 14 13 41 12 21 69 30 52 44 
24 21 17 15 2 59 18 14 25 41 36 49 72 30 20 7 79 78 11 40 1 6 68 71 3 33 53 43 51 69 44 37 32 4 63 10 67 16 58 35 34 66 47 73 62 50 23 46 48 75 56 29 70 76 77 57 64 54 28 8 38 55 19 45 39 12 42 31 22 9 61 74 80 5 26 13 65 60 52 
35 13 51 32 53 39 42 22 4 27 40 66 56 14 38 58 79 19 17 80 62 5 52 18 26 75 73 68 41 43 8 23 76 33 67 69 50 7 71 61 63 9 36 25 31 59 24 72 78 77 46 37 10 34 74 49 70 20 30 16 64 1 48 3 12 65 6 11 55 2 21 47 57 60 54 15 45 44 29 
54 25 37 27 46 60 49 1 40 78 56 38 69 22 39 50 66 35 21 43 4 11 26 5 12 14 68 58 79 20 10 67 9 15 71 28 51 44 18 3 53 74 63 7 8 2 47 42 57 6 62 13 31 34 32 41 80 77 48 59 65 61 36 70 73 76 17 52 55 64 23 33 72 19 45 30 16 24 75 
7 67 15 6 55 36 60 62 56 22 72 53 77 63 21 40 78 48 39 61 24 20 75 64 10 57 71 25 26 34 59 42 46 65 13 70 19 8 68 31 47 58 38 2 54 9 1 43 14 79 18 51 3 29 5 23 12 16 66 44 32 69 45 17 35 74 49 11 33 52 76 80 4 41 73 50 37 27 28 
44 68 43 64 59 2 20 57 3 28 74 39 1 61 50 51 56 25 69 6 19 10 54 58 34 76 71 45 13 41 62 79 47 8 26 33 77 18 70 5 52 73 53 38 60 9 78 36 16 80 17 75 29 72 42 11 21 48 67 22 66 15 12 4 65 30 63 49 24 55 46 37 7 23 35 27 40 14 32 
27 2 35 40 17 54 25 49 8 48 67 33 39 11 55 7 50 68 56 6 71 38 3 80 30 41 14 73 19 4 18 1 13 34 44 12 23 66 75 24 47 9 20 69 70 72 58 37 61 5 36 31 59 76 16 29 51 43 26 53 28 74 45 64 21 77 63 15 46 42 22 65 78 52 57 62 10 60 79 
25 2 29 39 48 60 5 47 6 30 28 59 27 23 54 24 69 44 51 14 40 62 52 56 68 78 38 22 3 42 80 66 70 55 21 41 65 50 36 16 64 57 19 71 31 67 63 32 75 13 73 45 7 58 53 43 26 34 8 49 61 11 76 35 1 72 74 15 37 79 12 4 17 18 46 9 77 20 10 
78 38 1 61 2 36 17 60 33 32 24 28 29 45 25 19 50 4 58 35 80 14 27 6 55 46 15 44 57 41 65 72 42 37 68 11 8 43 73 64 48 22 52 9 40 49 3 13 77 74 53 5 56 12 7 63 31 39 10 26 69 79 71 67 59 18 20 23 75 76 47 51 30 21 16 62 70 66 54 
28 75 63 21 77 22 16 62 73 44 11 20 18 58 33 42 7 5 31 6 45 52 38 68 76 43 61 72 8 4 12 19 40 32 36 23 2 54 67 39 66 56 70 34 46 60 29 47 13 26 25 14 24 17 69 30 79 10 64 9 37 80 65 27 1 53 71 51 59 74 78 50 55 49 57 48 41 3 15 
58 22 9 46 24 56 5 30 27 65 75 20 66 7 35 77 42 72 17 59 69 70 79 14 34 47 68 50 13 53 40 39 16 67 44 55 21 45 78 43 6 76 8 54 28 74 23 4 51 15 73 19 61 37 10 48 38 1 29 63 12 11 41 33 26 71 64 52 25 2 32 80 57 31 3 49 60 18 62 
36 55 5 27 71 8 52 23 18 15 9 65 80 60 1 12 29 68 74 4 33 69 7 79 30 32 63 31 28 25 14 2 58 45 66 64 24 46 16 76 40 50 62 34 61 26 67 22 44 6 39 54 10 75 73 72 19 3 78 77 17 20 13 70 41 49 21 53 43 47 57 11 51 42 48 35 38 59 56 
49 29 72 43 71 62 6 70 8 39 20 33 31 17 54 75 40 13 73 47 66 78 1 59 24 4 7 11 41 69 26 55 45 5 30 68 42 2 51 3 64 12 56 76 60 27 46 44 28 14 35 32 79 19 36 48 50 22 74 23 34 80 37 10 57 9 52 65 18 67 21 77 53 61 63 15 16 58 25 
18 74 70 76 3 41 27 25 63 2 7 71 42 53 1 26 5 4 77 43 12 45 78 55 35 28 32 62 23 6 22 14 31 11 19 30 61 24 56 49 33 67 65 21 40 60 36 34 29 50 75 58 38 52 66 16 54 37 51 57 10 9 68 64 46 20 72 48 17 44 59 79 15 73 13 69 47 8 80 
11 61 67 45 3 30 47 28 65 25 33 46 22 48 9 52 54 53 73 60 43 23 7 6 20 56 77 38 63 29 55 17 42 51 68 57 76 16 41 58 64 24 72 5 32 10 78 26 50 59 19 39 31 49 75 71 14 79 12 21 15 66 35 1 13 70 4 18 62 2 44 34 8 69 37 27 80 36 74 
21 2 42 63 72 70 64 5 3 13 43 16 32 26 30 7 34 78 49 29 79 48 31 74 28 77 11 4 6 61 35 71 8 37 9 56 67 12 15 65 27 17 38 55 62 36 60 53 24 44 50 52 54 76 19 51 10 40 22 20 14 80 18 69 1 39 59 45 66 75 73 33 68 23 58 57 46 47 25 
35 15 24 76 37 75 68 3 25 60 55 29 45 80 69 6 61 2 41 74 8 12 5 78 65 71 77 46 17 48 57 14 10 44 70 13 27 16 9 58 32 26 53 52 56 59 21 28 73 67 79 50 30 66 33 39 38 36 72 51 43 23 7 63 34 22 40 62 19 47 64 20 1 4 18 49 11 31 54 
77 23 62 19 15 40 17 11 79 5 35 28 63 48 7 30 56 6 22 51 49 47 14 13 39 55 27 20 70 24 54 69 67 59 53 31 36 4 3 64 65 71 44 52 26 12 66 25 58 61 1 50 74 32 46 10 29 21 41 38 33 60 45 73 34 76 8 68 78 18 80 2 9 42 72 57 37 16 75 
16 35 78 26 22 4 68 39 24 63 14 29 53 19 21 80 66 18 8 76 41 36 43 46 69 33 74 77 48 7 64 9 5 58 61 52 67 13 57 10 31 27 72 40 54 51 11 50 37 38 3 1 62 49 56 6 23 17 79 65 75 20 59 30 42 73 60 28 47 12 45 71 2 55 25 32 15 34 70 
36 78 27 50 77 2 5 48 9 16 64 6 74 32 12 58 18 39 46 8 1 75 24 44 25 55 73 61 4 52 41 67 11 35 40 72 33 69 68 31 26 80 20 60 3 53 57 10 51 65 34 54 15 23 13 43 28 76 14 49 21 56 19 71 17 37 62 29 59 42 7 66 79 47 30 63 38 70 22 
71 56 27 51 79 5 19 59 58 10 6 80 45 29 77 73 21 32 65 28 61 67 36 55 8 66 18 13 63 50 47 43 14 33 35 20 78 25 7 9 74 38 64 12 23 39 69 70 24 54 3 31 76 49 37 57 17 26 42 68 41 62 34 2 75 60 11 15 1 52 16 30 22 4 40 72 53 48 44 
66 78 73 43 29 24 27 46 40 23 45 41 33 5 12 74 19 1 28 20 60 77 4 62 64 6 53 37 80 50 32 34 61 79 31 26 72 22 9 55 16 67 10 48 70 17 38 76 57 69 39 15 36 14 56 2 13 30 52 11 35 59 25 65 8 21 7 49 3 75 63 71 44 58 51 42 68 18 54 
19 56 45 23 60 36 18 66 27 30 76 72 5 20 62 3 46 25 55 77 35 47 17 54 22 74 68 2 40 50 8 57 41 13 34 32 42 49 75 21 24 70 71 58 64 79 26 69 65 6 37 16 7 14 78 29 1 80 15 39 59 12 61 28 10 53 73 31 67 38 11 9 63 52 4 44 43 33 51 
75 31 57 53 70 65 58 30 71 69 34 14 9 54 13 55 40 24 76 45 16 3 79 10 51 63 35 80 67 64 72 19 52 27 4 29 41 73 11 8 60 28 62 42 36 39 15 2 61 22 44 17 25 74 50 21 77 26 6 18 20 38 43 66 47 7 48 37 68 33 23 46 32 56 59 78 1 12 5 
80 52 44 38 9 64 35 77 68 30 71 12 65 7 79 25 24 5 66 41 74 57 29 20 75 18 70 56 3 27 13 78 17 42 61 48 51 49 11 22 33 72 14 46 40 4 69 21 28 43 37 19 63 36 23 76 34 31 10 67 54 2 6 59 53 8 1 15 16 73 47 58 26 55 39 60 45 32 62 
40 15 8 29 18 46 68 78 77 31 54 36 32 3 30 22 64 76 37 33 9 67 61 66 28 48 14 25 16 12 52 21 58 49 39 34 38 62 72 7 69 73 53 75 4 70 35 23 44 45 41 1 80 19 11 60 79 57 42 63 50 6 20 56 59 71 47 17 43 2 65 13 74 27 5 26 24 55 10 
32 38 70 41 26 51 44 37 66 63 61 78 9 18 55 74 27 62 12 5 4 49 24 53 33 45 23 59 21 54 76 3 64 57 39 75 71 6 11 60 47 58 14 28 67 25 8 40 50 36 80 15 46 69 68 56 20 13 17 22 31 34 35 7 29 42 16 65 72 1 73 48 19 77 30 43 2 10 79 
46 2 30 25 40 57 41 35 3 51 5 37 80 78 73 4 36 74 34 75 16 55 67 11 24 61 22 28 60 12 59 43 68 48 52 21 13 38 64 56 9 65 27 63 31 76 14 23 62 29 15 20 79 71 32 26 6 45 7 77 33 39 58 72 66 19 50 8 42 17 47 69 70 49 1 18 44 54 10 
4 6 1 10 60 75 24 2 26 11 12 35 61 68 67 44 18 33 52 65 3 79 58 80 64 63 73 40 16 39 72 71 47 62 8 30 51 25 27 28 29 21 70 69 31 53 38 48 5 46 45 7 14 15 57 59 78 76 43 19 74 42 32 34 36 37 41 49 55 13 9 66 22 77 23 50 56 20 17 
18 45 10 47 53 20 76 40 16 12 68 6 14 66 36 79 7 75 28 46 33 54 48 27 25 72 52 73 71 69 17 1 77 43 49 50 58 51 38 31 11 2 64 65 32 44 62 74 13 42 39 78 15 63 57 19 8 80 24 9 37 70 34 5 35 59 23 26 29 3 21 56 22 67 41 30 61 60 4 
46 34 27 32 35 49 50 33 23 9 63 39 3 26 28 74 30 5 43 17 47 40 72 45 71 66 68 44 42 29 19 22 20 16 12 18 7 62 80 37 10 38 41 79 59 77 4 21 25 54 6 11 15 14 31 48 78 2 64 73 65 52 61 36 76 51 1 69 8 75 67 70 13 60 55 53 57 24 58 
30 80 1 40 78 32 33 28 6 39 21 72 60 66 34 56 58 27 31 77 3 68 9 24 15 63 75 52 65 10 16 76 14 47 71 4 44 54 2 36 59 29 26 62 12 7 70 41 64 42 22 48 46 55 37 25 8 38 43 67 69 20 23 74 73 50 5 13 11 35 79 45 17 49 19 18 51 53 61 
6 77 1 20 60 25 30 38 71 4 55 53 32 80 10 59 29 47 34 19 73 12 13 43 74 56 70 14 64 5 31 24 33 7 52 78 15 11 9 68 23 27 2 72 50 3 8 45 76 16 62 69 35 65 51 66 79 57 46 44 49 67 63 17 21 42 48 37 26 75 41 18 61 22 28 36 40 39 54 
1 53 61 43 72 46 80 64 22 67 25 27 13 44 51 37 38 29 79 49 40 19 30 77 76 33 57 21 34 9 26 14 60 32 48 31 70 28 52 41 56 69 17 63 74 2 15 73 5 58 54 16 75 24 66 6 23 3 18 39 78 55 10 4 68 36 42 35 7 12 62 8 20 71 65 45 47 50 11 
64 50 11 1 26 59 30 76 71 5 69 20 74 31 17 18 72 63 41 66 13 12 21 9 75 62 56 55 16 49 15 43 14 58 25 22 68 27 42 78 79 67 8 57 51 2 19 44 45 23 10 48 61 24 47 52 34 36 53 80 33 40 32 39 77 46 6 65 73 37 28 38 54 4 3 70 35 7 29 
68 66 60 69 56 42 71 25 47 13 19 53 17 51 3 72 1 11 57 5 37 16 36 21 79 8 6 12 2 35 28 52 14 80 31 15 58 32 75 45 73 44 18 39 30 4 65 74 7 54 27 64 33 49 22 26 78 20 40 34 62 77 23 67 41 63 59 55 10 70 48 76 43 38 9 46 50 24 29 
29 25 74 5 17 52 15 43 27 7 2 22 55 71 3 66 70 34 57 64 13 23 63 53 33 80 46 75 8 4 21 42 20 59 51 56 77 14 50 58 67 44 26 76 37 79 78 54 24 12 35 72 45 28 41 38 30 69 73 60 6 61 19 31 39 11 9 48 40 1 49 16 65 36 32 68 47 10 18 
39 26 58 25 10 1 11 42 80 17 29 22 41 55 16 77 15 13 60 7 74 20 51 30 43 61 76 57 27 70 23 3 40 62 47 6 54 52 5 2 14 49 19 28 44 50 65 46 56 69 78 24 48 68 32 36 8 37 64 31 9 53 38 12 4 67 71 79 18 45 72 66 59 75 21 73 35 34 33 
53 29 27 80 45 34 79 13 36 10 40 68 14 35 43 57 21 1 49 48 2 54 3 24 26 42 75 50 78 62 32 39 9 52 5 63 37 33 61 69 41 31 16 44 58 51 12 77 20 30 22 66 60 18 55 23 74 25 65 47 46 17 38 6 56 67 7 15 76 72 73 59 8 19 28 70 71 4 11 
1 31 9 14 47 13 76 21 20 60 3 2 38 52 19 67 55 6 16 66 77 45 79 28 64 69 57 22 62 8 4 44 53 42 27 18 10 75 37 12 39 43 74 59 41 11 70 50 56 73 17 63 80 58 35 34 51 72 5 54 68 7 24 49 26 32 78 46 15 30 71 25 23 29 33 48 61 36 40 
51 76 48 54 63 77 7 61 25 36 10 37 39 46 31 33 18 60 80 44 68 62 21 14 16 13 17 28 42 23 20 30 50 67 35 40 2 43 6 34 70 29 45 5 64 4 32 11 57 27 22 59 1 58 26 72 15 75 56 49 73 19 41 52 9 65 38 74 3 79 53 8 55 78 47 69 12 71 24 
42 76 18 49 15 3 6 28 40 72 52 75 62 45 31 9 39 24 63 23 54 77 37 53 51 1 43 25 11 34 19 47 32 48 44 79 80 35 58 36 73 69 65 46 14 74 26 12 66 64 70 7 78 68 21 71 16 38 29 2 17 56 41 55 60 10 33 4 50 61 27 13 57 8 22 59 20 5 30 
59 56 41 79 76 35 29 26 48 63 9 20 60 32 5 22 54 12 3 14 70 46 16 55 61 24 51 74 4 11 42 50 45 33 10 36 19 58 6 43 2 64 39 25 66 8 72 31 21 80 47 77 53 57 62 30 67 38 73 49 1 34 27 13 44 37 17 69 18 28 52 75 78 71 23 40 7 65 15 
14 21 36 43 39 64 45 75 60 44 2 12 11 67 35 6 31 23 55 72 18 32 30 5 28 65 24 66 73 17 79 20 7 16 57 46 13 51 41 76 50 68 47 19 22 29 1 71 27 54 62 58 49 61 56 4 59 52 40 80 25 26 9 70 42 63 15 37 74 34 78 77 10 33 8 3 48 38 53 
23 20 28 6 39 56 72 47 30 14 22 35 69 32 61 2 7 38 12 10 17 71 11 49 54 41 42 45 40 63 27 31 73 74 77 15 16 67 75 66 9 19 44 53 65 79 29 68 24 57 13 26 37 5 21 4 46 36 3 76 58 48 18 60 52 50 55 34 43 33 78 51 8 80 62 64 25 59 1 
8 19 4 45 7 34 39 58 6 26 40 78 70 38 73 43 47 77 16 1 41 75 5 65 36 79 30 59 11 76 61 15 66 64 9 13 80 63 2 14 68 10 12 35 22 18 33 53 17 52 28 29 48 31 49 51 3 72 46 23 25 57 50 24 54 62 27 21 55 42 32 20 44 60 69 56 67 37 74 
62 75 54 20 12 59 63 58 39 77 33 25 2 29 7 45 78 31 19 76 49 10 4 21 26 48 36 79 61 5 74 27 41 69 57 80 16 32 28 40 34 14 37 68 70 71 65 23 3 46 35 51 1 43 64 47 6 38 53 73 30 11 22 13 9 67 44 17 52 50 15 66 42 24 55 18 8 60 56 
23 22 2 46 40 50 27 55 56 76 9 38 69 51 39 3 58 12 6 25 67 8 44 33 36 74 63 13 29 17 1 62 26 42 54 78 28 16 41 14 30 47 11 32 24 45 34 52 21 68 66 65 18 71 4 53 7 49 5 57 79 10 80 15 20 48 61 31 59 60 37 35 77 72 64 43 19 70 75 
60 29 73 20 36 35 45 54 27 25 61 23 13 15 58 46 24 47 68 28 5 56 11 48 67 26 64 1 9 30 65 33 4 19 49 51 59 37 80 17 18 34 38 76 21 16 43 52 10 7 57 66 55 14 77 75 31 40 3 72 78 71 2 41 39 32 62 22 63 44 79 8 50 70 53 42 69 6 12 
58 46 37 4 43 27 76 52 80 63 30 31 51 72 42 61 5 25 26 9 7 79 67 18 49 15 22 50 13 55 34 11 44 65 77 41 54 62 74 32 68 10 20 29 28 16 33 64 23 38 17 71 2 35 19 69 53 24 73 8 12 45 70 60 1 47 3 21 66 6 59 40 39 78 57 36 56 14 48 
44 5 51 6 52 36 14 10 70 67 20 12 11 34 59 63 55 22 18 57 33 60 24 15 66 3 54 32 2 53 28 61 37 65 7 50 77 40 35 71 4 38 73 27 74 39 78 58 25 21 49 13 1 80 31 56 64 41 42 48 46 8 26 19 45 79 69 43 68 29 62 75 16 9 17 47 72 30 23 
73 57 45 18 23 36 78 64 15 44 38 61 65 25 56 17 79 63 42 5 14 41 72 52 54 66 7 20 60 76 71 28 22 10 13 21 16 24 62 29 6 55 3 26 68 53 31 43 70 46 34 48 27 9 1 35 33 59 80 19 51 75 58 69 74 40 32 50 8 4 47 2 37 67 49 39 12 30 11 
50 61 35 74 9 60 55 10 57 41 33 51 31 71 43 40 66 2 24 46 44 47 77 13 15 32 79 53 21 17 80 59 19 37 69 12 63 62 18 26 5 1 22 48 34 75 6 52 64 76 23 27 39 14 54 72 30 68 29 67 20 16 56 70 49 73 42 58 28 25 11 4 65 7 45 8 3 36 38 
42 12 10 1 73 19 27 23 61 74 38 40 48 46 3 70 49 64 60 67 62 55 54 14 47 21 20 4 77 57 13 22 30 34 51 53 17 26 75 33 39 71 66 58 63 8 9 50 31 24 36 52 78 80 69 35 43 68 28 18 45 65 16 72 25 44 2 37 5 56 7 29 15 41 11 76 32 59 6 
19 9 70 23 2 36 16 12 65 53 27 67 39 3 8 41 6 45 35 7 57 32 54 14 72 43 40 59 79 61 5 37 69 49 29 56 13 71 17 31 28 34 10 25 33 75 46 22 63 30 78 76 1 18 66 4 11 42 44 55 50 24 47 26 48 15 68 60 74 58 77 73 20 51 21 64 62 52 38 
