80
64 30 75 65 35 27 63 47 69 67 43 74 23 26 39 5 54 9 37 70 22 66 38 58 42 40 10 15 52 44 71 56 48 79 16 49 45 
9 78 33 36 54 57 50 70 31 25 71 58 34 60 64 40 30 75 59 35 66 32 77 12 63 7 20 43 53 51 72 73 26 62 22 19 65 
68 27 78 39 56 13 31 54 44 12 23 67 37 47 21 66 29 35 5 79 52 6 26 76 62 57 61 50 74 63 20 16 42 72 59 
45 39 38 35 5 59 23 79 27 66 68 51 8 80 77 10 74 20 50 11 28 32 55 9 7 18 31 36 17 25 14 52 13 60 42 19 
59 79 8 25 78 57 74 9 24 43 58 16 77 10 47 33 6 1 62 23 65 72 37 18 63 15 27 80 66 35 4 42 76 56 61 14 46 71 53 69 28 67 29 31 3 
16 15 26 79 52 25 17 46 78 13 68 3 29 5 43 41 73 58 10 56 66 34 40 38 69 49 27 62 33 59 20 36 8 12 39 63 30 31 64 14 54 
26 43 57 45 22 14 61 8 63 58 71 44 21 79 49 53 4 50 69 37 34 2 72 42 78 29 60 20 54 56 40 66 39 27 15 52 
78 9 10 75 12 4 46 39 41 54 19 66 59 28 16 49 53 43 7 24 51 57 52 80 36 26 25 58 17 69 30 27 44 35 50 33 76 6 5 14 38 
45 74 77 14 68 49 30 65 69 12 27 46 1 24 4 80 57 64 5 28 42 13 61 63 8 54 19 23 32 47 56 2 53 26 10 62 78 37 55 15 
8 1 70 20 62 42 41 56 55 5 16 6 33 57 37 76 22 31 4 47 77 9 24 79 36 13 49 17 40 29 19 26 43 68 45 71 50 25 63 60 59 
28 19 56 27 13 44 45 14 35 67 46 76 52 32 25 79 69 77 51 48 47 20 17 57 4 63 68 53 36 41 70 62 61 
44 75 80 18 43 8 49 70 17 56 21 2 73 79 65 3 45 64 9 63 37 55 13 6 
49 66 12 11 34 31 53 59 65 55 76 26 17 3 73 24 27 70 42 63 75 51 9 52 62 25 56 6 32 29 80 37 30 72 43 48 45 10 38 4 
71 80 9 57 34 40 76 21 72 23 5 18 22 51 42 17 55 11 25 53 37 54 8 46 77 7 63 66 69 56 6 28 35 75 50 4 65 
80 5 24 55 17 28 1 56 49 77 53 9 52 75 7 20 63 51 45 40 57 16 32 70 76 31 68 34 62 6 48 71 29 66 
17 65 38 72 18 10 57 59 6 61 55 74 75 80 51 54 45 15 69 1 37 67 60 71 8 23 19 34 20 64 70 33 78 5 35 77 3 22 27 
11 63 10 20 73 75 18 70 56 72 22 15 60 62 31 79 21 16 44 65 13 36 4 42 6 59 43 8 33 51 28 77 61 47 66 74 52 67 12 14 34 55 69 38 
31 64 45 16 39 69 59 62 41 19 14 35 42 17 22 57 65 46 37 51 70 60 53 4 23 12 73 50 56 28 24 5 43 21 34 77 32 67 
9 62 78 77 65 68 75 67 32 20 2 50 39 72 22 56 54 55 57 4 44 63 16 23 26 42 33 8 35 11 47 18 10 53 49 27 34 
49 28 59 60 7 56 4 2 27 74 11 3 58 33 73 55 29 77 52 36 15 35 79 19 72 62 16 67 50 41 32 63 78 10 45 6 51 17 46 
48 43 33 39 24 70 14 59 27 76 17 50 60 53 30 3 7 52 71 62 68 28 61 36 18 22 41 12 66 25 
18 14 79 39 21 52 19 41 73 24 71 53 1 16 72 68 56 2 33 7 23 17 58 36 38 57 61 46 29 44 34 10 80 42 62 
73 31 32 29 50 62 27 66 78 69 44 1 19 58 80 61 30 16 22 4 35 3 65 74 34 9 76 70 63 53 36 14 18 59 45 5 79 37 
49 8 76 25 10 32 51 50 22 74 71 42 5 77 44 31 59 40 61 53 13 62 30 70 15 18 9 33 34 54 52 21 68 45 66 64 
48 13 27 24 33 4 68 59 8 5 60 53 54 65 30 14 11 47 49 39 71 42 56 2 61 10 40 75 34 72 6 32 58 21 55 38 44 50 73 29 
31 9 44 56 64 41 75 32 10 39 7 8 54 45 66 19 62 35 65 3 76 28 43 1 51 57 6 29 2 69 67 72 59 49 13 78 80 48 37 34 36 
31 55 11 9 6 78 7 80 64 45 5 44 20 49 35 56 67 61 79 3 13 37 23 58 8 51 47 40 73 33 34 25 66 4 16 50 53 59 21 32 68 75 52 69 19 1 
45 42 4 48 20 68 75 31 78 30 40 5 15 76 8 59 21 14 66 46 74 26 80 34 69 64 56 62 50 35 11 18 57 58 9 29 63 51 17 
44 54 69 15 56 70 37 73 34 6 25 77 42 59 30 45 57 71 47 55 53 58 32 40 51 35 20 23 79 3 28 7 78 26 5 22 62 10 38 52 13 31 61 
37 78 45 43 1 57 67 63 24 66 9 34 55 31 23 56 80 60 6 69 25 29 52 38 68 50 64 2 28 54 73 21 62 75 13 8 35 
6 43 13 36 74 46 78 37 29 53 17 80 15 76 48 65 41 24 52 2 57 49 10 56 28 3 73 27 4 67 5 44 69 23 32 26 33 30 18 
19 47 27 48 51 53 29 46 25 37 15 80 9 40 77 39 62 64 11 4 52 20 72 65 31 57 34 50 18 23 75 33 74 54 13 2 24 67 26 76 
25 65 35 55 78 22 69 58 53 27 39 49 47 16 2 8 56 21 41 66 44 10 70 74 64 5 52 24 31 80 6 63 73 17 61 20 51 54 19 32 
39 19 42 16 15 60 74 26 6 68 32 37 57 29 50 72 38 22 25 45 14 41 13 52 18 40 70 51 75 17 28 78 73 35 24 2 23 79 62 54 27 61 7 30 69 
23 75 19 11 46 8 28 20 62 18 1 53 2 45 27 49 3 26 64 51 42 74 30 34 66 48 38 14 36 68 47 55 79 33 16 4 80 54 58 57 29 65 5 
39 47 58 71 54 42 35 68 45 4 63 26 48 21 11 52 41 2 76 43 10 51 22 62 64 49 75 17 77 8 20 31 80 59 23 6 
14 53 30 39 46 67 3 73 5 29 32 69 34 55 44 70 31 42 64 65 26 1 45 7 52 58 49 76 59 10 38 16 27 23 68 56 12 13 54 75 62 9 18 
16 1 29 4 50 34 61 35 8 55 78 79 30 64 40 54 45 59 42 25 37 51 17 6 53 22 13 46 76 66 
40 56 6 25 74 33 54 7 34 36 19 76 18 41 64 52 21 45 1 47 67 37 50 68 72 61 26 70 51 71 80 4 60 77 73 69 32 8 3 22 58 57 
63 60 56 34 10 24 47 41 79 7 64 77 66 38 68 42 43 25 29 48 1 39 6 14 52 15 28 2 62 61 45 32 58 27 
79 62 20 39 49 72 53 55 33 36 22 6 40 18 61 44 34 11 54 76 63 26 60 21 67 64 10 42 31 8 70 
77 10 74 7 69 5 50 59 71 45 24 68 19 29 37 52 38 9 44 3 4 41 64 66 1 40 73 43 13 17 46 36 22 25 56 35 63 79 14 57 18 28 34 
49 62 18 30 71 75 12 74 53 67 21 8 66 80 56 36 7 76 31 47 13 17 10 42 5 61 6 1 26 45 40 2 44 57 79 68 
45 78 11 27 31 8 19 25 23 12 74 80 1 3 26 42 37 29 60 43 22 17 58 79 33 24 41 59 54 69 77 65 68 7 76 
18 51 4 79 65 12 70 47 63 37 35 11 78 23 26 28 7 1 30 44 20 40 34 64 29 46 75 39 77 24 49 56 38 10 61 68 43 9 76 54 16 66 15 55 36 13 42 27 57 53 
49 76 74 79 53 9 75 18 56 50 67 51 20 62 5 47 37 6 45 54 68 22 63 69 28 14 32 8 35 48 38 65 42 11 58 80 31 
62 79 17 36 3 59 25 49 46 32 68 40 1 10 43 29 78 66 35 45 55 11 33 52 58 77 48 19 9 73 27 53 80 39 51 5 
54 15 32 68 62 53 36 25 26 46 40 50 31 56 59 11 72 79 49 76 28 74 64 1 67 13 55 66 35 77 47 65 61 21 
31 13 1 10 41 67 64 20 69 45 60 26 68 72 43 59 8 74 80 56 48 7 36 9 12 58 63 46 62 37 78 76 61 51 71 6 54 25 19 15 66 35 27 47 24 33 
4 7 71 77 21 2 42 46 24 79 28 54 74 80 10 19 23 75 59 38 18 65 53 39 30 34 70 20 69 27 55 25 68 3 32 60 76 56 64 14 48 8 
33 20 75 55 36 52 29 14 11 32 35 74 77 54 18 66 34 8 73 28 78 46 38 17 45 71 39 2 47 27 16 13 69 60 63 49 15 57 4 24 26 
32 80 21 30 33 8 11 79 1 47 7 66 24 13 73 71 53 15 36 37 72 51 34 27 69 31 67 40 39 17 22 76 4 29 60 3 42 6 62 55 20 
25 47 33 35 70 32 23 79 80 21 43 11 22 29 48 5 52 76 18 68 13 56 45 15 19 38 8 46 78 37 7 14 31 50 24 9 27 75 2 41 
46 45 26 73 50 14 80 32 8 38 77 6 78 63 74 35 16 65 34 70 39 2 7 36 30 29 49 64 37 3 1 51 67 41 33 62 44 48 72 25 24 19 9 
68 13 50 47 37 52 78 35 57 60 48 51 30 80 38 75 72 20 66 25 4 27 14 15 63 71 9 69 33 58 16 10 29 56 12 77 79 19 41 45 17 
22 14 25 53 7 33 70 13 61 11 10 6 42 43 18 28 80 39 17 58 45 68 1 40 27 75 31 79 49 55 73 65 3 30 26 37 60 9 12 46 15 29 48 50 74 5 20 19 
32 71 29 39 79 35 64 31 78 19 10 28 55 5 76 11 68 42 3 9 16 26 72 45 43 30 51 2 74 22 65 8 15 58 75 63 61 34 14 7 59 18 70 
73 23 56 46 2 33 27 47 5 57 7 40 78 35 59 44 22 63 20 69 37 1 72 55 36 29 25 39 28 67 77 49 6 68 70 8 
8 77 20 2 70 76 28 24 57 13 26 3 17 21 47 23 4 48 16 64 50 72 58 29 37 18 5 60 25 74 44 27 42 75 80 78 71 79 6 49 36 10 38 
52 74 20 44 55 7 39 25 18 76 17 63 34 30 69 77 73 67 10 16 80 40 70 50 21 4 59 66 56 49 41 51 78 2 
76 80 11 39 5 48 25 33 22 34 45 24 21 63 69 62 17 41 66 79 77 27 56 43 7 75 16 49 38 57 29 23 68 40 3 9 
52 15 28 10 30 73 41 48 70 77 17 79 6 36 11 20 61 3 13 68 37 63 43 76 18 47 34 22 24 64 26 49 29 19 32 23 40 35 21 46 9 2 5 54 
75 15 77 46 33 28 17 9 5 3 19 41 57 14 51 40 2 60 70 12 10 13 20 36 6 74 49 55 7 62 58 1 72 78 61 30 79 45 54 11 42 65 64 23 
27 54 42 71 6 36 68 63 12 59 26 45 1 24 38 37 49 2 32 16 30 40 65 57 50 80 41 9 79 48 62 35 39 28 18 66 33 
45 50 12 23 74 25 67 46 2 48 66 18 14 63 5 54 26 1 32 73 17 79 9 19 33 71 57 13 75 35 56 44 31 72 64 16 37 
64 30 3 68 35 7 33 40 43 26 4 24 27 75 28 2 14 77 8 42 51 52 73 74 61 49 79 48 67 23 55 17 45 15 1 78 71 21 13 5 38 47 65 60 6 
78 1 30 26 11 41 60 39 31 37 27 32 19 54 66 70 52 20 48 74 18 3 49 43 65 16 58 17 5 46 
4 39 53 78 11 10 19 49 46 28 64 58 43 69 40 15 61 48 25 27 30 73 50 22 76 45 42 35 21 9 24 44 56 55 57 34 72 3 6 36 66 47 62 37 
11 61 18 44 37 39 50 31 28 76 52 5 60 27 42 49 16 58 8 74 68 71 34 1 7 23 14 30 72 70 55 46 9 33 6 51 29 26 17 
34 74 10 15 76 63 50 24 60 1 69 11 21 2 39 67 79 18 17 71 37 23 45 13 12 62 56 41 80 54 33 16 57 53 58 59 29 
39 65 10 52 64 74 55 7 5 66 15 29 70 43 42 51 73 79 16 1 69 59 36 22 21 25 14 2 50 57 80 49 24 
39 2 13 20 17 41 69 26 19 34 32 16 48 5 14 49 68 58 3 7 80 57 25 78 54 74 52 55 65 79 77 22 63 59 
58 54 25 37 17 33 60 71 79 39 56 30 66 18 23 68 2 29 65 20 31 22 52 34 27 51 42 62 12 13 6 47 
51 59 20 49 5 66 63 65 44 32 77 60 34 70 17 35 56 46 71 23 42 69 72 75 48 24 78 28 33 4 31 43 50 1 79 39 54 9 16 3 57 67 
59 36 16 1 57 74 46 30 32 25 13 76 2 66 45 14 19 12 55 15 34 56 37 80 35 27 53 26 17 63 61 43 77 65 8 28 51 79 50 
41 70 53 68 60 75 11 32 46 5 26 45 14 8 23 28 15 13 49 48 43 61 21 69 36 10 59 3 57 38 50 24 62 37 44 31 39 79 52 
75 74 78 14 60 54 72 16 17 15 5 20 63 45 48 58 55 44 50 2 24 59 10 36 29 47 42 39 62 9 19 11 51 18 79 32 66 4 61 40 
38 7 66 79 26 55 49 23 58 28 67 16 51 59 3 34 27 47 2 30 72 77 8 6 29 45 31 33 44 74 20 57 68 54 5 60 19 63 53 9 
1 34 44 48 40 53 70 65 41 47 12 6 17 74 62 3 76 50 57 29 72 56 38 73 64 7 43 59 71 63 10 20 45 5 61 4 22 23 35 66 42 11 46 78 75 27 77 52 55 
55 32 31 53 75 9 59 46 12 23 36 61 50 4 39 70 13 54 22 44 26 35 43 52 28 14 8 33 47 56 72 27 5 71 15 64 49 30 60 16 