80
78 10 32 74 22 66 43 15 37 67 59 3 18 13 25 12 23 45 20 
15 18 57 39 36 68 45 56 52 64 5 7 32 9 31 63 35 24 38 12 43 46 29 
78 56 63 46 24 45 60 77 18 29 33 51 1 34 76 58 53 16 42 
49 35 61 16 36 46 76 15 31 72 14 69 
61 7 20 6 73 63 76 21 22 8 16 33 47 37 59 15 17 71 2 77 26 14 80 
41 31 71 47 72 69 43 35 7 20 37 42 68 48 46 30 78 63 45 5 
72 70 69 41 32 59 56 6 67 2 28 66 57 60 5 74 54 9 58 43 79 15 
76 40 19 38 50 69 30 44 21 61 9 73 42 72 55 5 60 45 79 54 
36 7 75 15 8 11 60 2 14 10 49 78 20 68 56 52 57 66 74 22 45 
39 44 12 73 67 24 33 69 34 43 38 17 55 37 80 22 26 77 9 60 75 1 50 
69 56 9 33 27 76 25 22 44 12 36 48 29 20 72 47 66 31 59 
51 46 59 69 65 47 1 42 10 55 50 74 16 2 73 11 40 25 68 22 77 58 
40 1 17 31 63 79 39 34 18 28 45 51 65 53 47 46 
17 56 33 54 53 9 52 61 73 20 27 57 23 80 36 5 34 4 40 22 50 16 
24 67 1 22 17 25 51 70 4 5 9 65 7 2 
5 12 26 31 67 78 37 34 61 54 80 14 59 76 58 39 44 3 42 70 4 56 73 32 66 23 
13 77 73 48 15 14 21 22 64 59 47 56 45 5 34 10 69 
20 66 44 74 53 32 68 2 13 46 47 34 64 3 70 63 59 45 1 25 39 
55 22 48 23 44 53 64 38 32 52 20 49 8 
65 19 75 14 38 5 18 77 35 37 49 80 57 26 6 11 72 9 1 43 64 
60 36 64 56 42 17 25 33 5 66 79 31 46 65 53 59 48 22 78 8 24 58 
78 44 62 53 15 11 23 9 17 57 68 5 33 1 26 64 70 80 12 79 19 14 55 74 50 10 21 31 
19 69 14 65 1 52 38 22 39 30 60 28 48 74 36 33 70 45 32 35 55 16 47 77 
42 15 57 21 36 53 73 58 47 80 2 10 3 
69 15 53 76 44 30 27 18 46 1 65 12 21 51 11 50 79 42 72 
16 30 31 75 70 68 22 78 62 10 79 5 80 44 54 29 56 53 36 20 
71 11 34 69 64 43 14 30 25 60 28 47 53 67 
59 27 36 79 72 50 23 7 64 31 13 39 
56 73 46 65 44 60 3 11 63 51 35 45 59 61 75 2 26 53 
58 25 36 80 27 78 33 50 48 41 26 23 59 6 68 56 71 43 72 34 40 32 51 65 8 52 39 
26 36 4 16 49 21 47 22 6 2 76 45 57 13 11 55 68 74 43 28 48 69 
36 51 1 55 49 57 2 47 16 7 30 58 19 48 34 66 23 72 18 
72 30 21 44 11 76 80 67 3 55 22 47 64 60 48 51 59 23 10 5 66 61 14 65 45 
73 41 60 27 17 79 52 14 3 59 53 18 32 10 38 13 36 30 77 70 63 64 72 48 44 16 35 
59 29 70 66 20 40 67 4 65 73 2 34 49 68 36 6 23 54 
4 35 37 54 28 9 32 24 48 21 39 65 44 60 2 11 30 31 55 34 26 78 41 14 51 75 23 38 53 79 
76 71 10 47 42 68 1 61 72 43 6 52 5 74 20 36 16 
39 63 46 42 36 78 8 41 10 55 62 23 19 2 61 43 34 66 56 20 40 
28 18 30 55 48 75 2 10 59 43 57 63 38 62 79 36 13 16 66 23 
38 64 62 13 56 73 8 44 68 46 79 12 30 78 35 14 80 
34 30 36 67 48 53 7 78 43 72 80 65 73 6 55 38 
21 69 56 60 58 25 78 51 43 24 38 52 12 16 3 6 8 48 75 70 37 47 
1 2 45 30 10 39 6 67 72 60 7 38 27 42 73 69 31 37 41 20 77 
69 16 70 55 22 11 36 46 64 60 25 10 18 75 54 67 33 62 29 72 34 8 40 26 19 
51 29 74 43 3 18 69 17 75 23 1 33 2 13 8 31 9 6 63 
49 50 38 76 63 18 64 25 40 21 77 29 2 3 44 13 6 12 69 71 58 66 4 
5 33 31 13 27 11 17 23 37 24 64 66 6 12 32 42 70 18 
39 57 65 67 42 34 63 64 36 33 66 41 21 19 31 30 32 6 61 23 17 11 
20 46 68 65 32 77 19 53 54 31 4 35 62 69 9 
64 71 10 8 12 46 28 76 22 66 25 52 30 14 
13 25 32 15 78 30 54 45 56 73 52 29 42 36 77 12 76 64 3 33 
70 19 37 14 56 23 58 51 2 78 34 30 57 79 9 59 50 42 
72 25 18 29 41 77 49 61 26 68 14 69 24 3 19 54 27 22 36 80 13 21 78 34 
61 49 36 78 74 68 69 64 14 51 26 8 53 63 35 59 77 16 7 70 44 
39 23 63 12 75 33 36 8 61 22 74 69 38 41 76 10 70 79 32 31 44 19 
14 42 38 2 30 29 3 9 51 58 7 52 11 65 21 17 69 16 77 26 40 
60 58 39 48 65 9 31 7 73 69 2 64 52 20 14 24 22 32 
76 3 42 77 16 24 46 57 30 7 56 65 32 21 75 79 70 12 52 
54 16 7 69 70 1 33 5 80 28 18 66 39 11 52 34 17 30 21 29 77 12 35 76 
57 36 3 63 34 23 29 27 10 72 44 79 71 7 33 43 8 76 9 21 42 
78 79 5 29 67 54 33 63 48 8 38 76 14 66 72 37 55 53 69 4 16 
26 64 66 49 40 44 73 22 38 39 
5 55 38 6 61 77 64 69 39 29 48 3 2 45 18 60 54 71 13 46 34 65 73 
28 47 17 20 21 63 27 79 2 34 33 77 50 57 40 46 48 44 62 18 19 22 51 54 
12 41 30 20 56 58 33 25 15 57 67 29 23 36 76 63 21 49 66 79 13 35 48 
62 39 48 7 11 74 21 50 38 79 61 35 33 1 65 73 18 9 16 59 69 32 46 47 
27 65 61 7 41 35 10 69 48 33 15 78 1 44 16 43 
31 49 26 40 77 53 18 80 74 70 2 9 79 78 30 12 6 54 22 37 35 
11 23 6 4 27 67 61 74 10 17 63 71 55 59 49 8 46 12 25 7 43 45 56 66 31 44 54 57 53 42 
52 15 55 54 34 18 7 59 16 23 42 68 35 47 26 58 22 44 
5 60 74 46 6 50 37 30 69 80 78 72 27 63 
80 44 25 79 34 41 61 33 53 43 37 4 20 11 8 28 60 6 30 32 71 7 
8 57 16 12 10 78 24 43 29 63 14 62 5 74 17 41 66 40 34 51 35 80 
23 37 69 18 55 76 1 22 45 54 68 73 12 66 31 9 80 7 71 
10 20 39 42 45 79 9 36 29 44 26 55 58 
3 61 51 33 65 8 4 11 59 77 25 55 46 74 16 37 50 5 31 58 60 
10 63 17 78 68 34 76 51 12 3 53 56 43 20 64 59 23 58 5 54 46 49 
61 26 53 67 77 30 22 54 40 38 71 3 6 52 51 1 16 21 9 73 41 42 36 68 
7 40 61 60 66 13 75 52 26 72 55 21 39 25 8 28 65 22 68 36 64 34 58 
41 24 14 68 59 5 33 10 72 26 73 22 16 71 20 30 53 74 40 