80
28 67 17 73 25 63 6 52 36 5 54 59 41 61 38 65 13 3 7 32 20 62 16 11 2 42 44 39 66 50 58 19 77 10 33 9 47 49 68 51 78 72 56 18 12 79 43 29 48 4 23 75 76 53 24 80 22 46 40 45 15 30 21 57 64 70 74 71 60 35 8 37 34 31 69 27 14 55 26 
31 46 55 60 47 64 54 23 24 27 58 13 22 63 80 53 30 77 32 39 44 50 78 29 36 34 65 17 16 43 7 25 48 19 40 37 52 61 68 20 51 75 26 76 38 62 5 70 71 4 21 6 74 73 41 28 42 10 49 69 45 9 33 35 11 72 3 15 79 18 14 67 66 12 56 1 59 57 8 
71 2 19 51 72 45 57 11 73 53 15 56 6 75 14 4 39 74 63 37 22 1 10 54 34 29 76 52 9 58 49 21 33 40 80 79 5 70 31 24 35 18 38 55 50 68 36 42 59 77 44 27 62 65 69 20 48 41 32 78 30 64 46 17 16 7 67 28 12 26 25 66 23 61 43 13 60 47 8 
37 1 30 78 74 34 65 70 18 54 20 38 27 46 24 12 3 49 77 60 22 23 33 62 53 63 2 57 80 42 26 55 6 17 51 45 52 40 72 31 75 7 44 73 11 32 61 5 36 79 15 8 43 10 29 71 66 58 68 19 67 47 69 41 76 28 64 39 14 56 48 16 50 25 59 35 13 9 21 
11 40 67 80 74 43 4 56 47 54 76 68 66 73 46 13 59 28 71 7 16 27 35 21 61 75 51 32 17 10 65 64 26 1 55 39 72 52 45 33 29 23 14 30 19 62 69 18 44 3 37 60 36 58 48 77 79 38 42 57 15 24 9 63 2 31 50 78 25 41 12 22 8 6 70 34 20 49 53 
31 19 63 75 28 76 10 58 23 64 17 1 51 53 39 74 48 45 72 67 54 18 11 13 44 50 29 41 16 24 8 14 61 71 9 59 55 36 52 32 35 66 2 46 30 73 62 80 26 70 43 40 20 21 34 42 5 49 33 4 47 78 65 15 56 12 77 27 57 79 3 37 60 69 68 22 25 7 38 
77 29 2 42 75 57 59 17 3 64 67 38 72 13 54 74 14 20 22 65 50 6 73 51 43 80 31 1 71 62 19 79 48 41 55 35 69 11 5 8 61 70 9 26 23 10 4 12 34 46 58 39 16 76 40 47 60 30 56 21 53 33 32 15 25 68 27 45 24 49 28 36 18 78 37 52 44 66 63 
12 66 33 50 30 34 25 63 3 56 52 79 36 37 47 71 13 17 80 40 68 19 77 59 35 58 5 4 32 78 2 28 42 10 15 51 45 44 39 16 46 73 48 9 23 55 41 18 49 20 14 26 54 43 11 64 74 24 1 60 67 7 53 57 76 27 31 29 38 22 72 70 61 21 65 69 62 6 75 
34 32 1 66 76 24 11 16 40 37 46 8 22 77 63 31 62 13 51 25 64 52 71 50 12 6 18 3 20 5 23 39 72 4 78 36 49 2 57 28 10 7 65 38 29 45 15 42 27 43 73 70 67 58 21 55 14 75 41 60 59 61 35 30 54 17 19 26 69 53 44 80 56 74 47 79 33 68 48 
21 53 78 5 71 26 52 75 9 11 38 56 17 41 33 3 55 79 40 20 49 2 24 34 45 62 31 74 70 39 35 13 22 67 64 61 65 12 6 47 66 63 18 15 32 76 29 30 59 7 51 80 73 44 23 54 25 36 14 8 72 42 50 37 1 19 77 28 60 68 58 16 4 69 46 27 43 48 57 
57 47 37 49 7 66 21 10 26 65 77 80 53 36 69 13 30 61 35 24 60 8 39 46 3 76 33 9 70 48 51 42 64 78 18 43 58 74 73 2 32 29 40 22 31 27 41 15 44 17 4 79 28 52 50 5 12 1 55 45 19 25 72 34 16 63 75 38 67 54 56 59 14 20 68 71 62 6 23 
25 48 71 52 1 57 70 63 50 18 73 24 20 80 41 31 14 37 17 35 11 77 8 64 69 26 5 22 61 46 49 43 72 58 2 75 45 74 32 15 28 13 39 60 62 7 40 76 79 51 65 9 66 44 34 55 67 23 29 6 42 21 59 16 10 30 47 4 38 54 19 36 27 56 3 33 68 78 53 
15 7 40 66 11 32 33 48 61 9 58 1 12 54 23 62 14 53 22 69 79 59 20 77 76 50 52 60 47 46 67 80 41 38 21 70 78 19 2 25 8 24 49 65 37 63 28 44 4 30 3 57 68 73 43 42 72 10 71 5 36 16 17 26 74 6 34 18 64 35 51 27 56 29 39 75 45 31 55 
44 65 72 48 3 45 27 29 32 50 19 46 25 9 39 42 7 73 8 35 18 16 66 64 75 5 21 68 26 58 74 62 23 79 60 40 56 31 47 30 52 78 69 11 4 10 77 22 43 17 63 57 34 36 33 51 76 28 13 24 1 20 6 61 37 71 41 70 67 59 49 38 80 54 53 15 55 12 2 
65 11 1 9 30 54 60 57 40 34 8 47 7 42 59 70 38 53 79 74 6 28 25 27 23 75 66 33 63 14 20 19 52 22 12 78 13 43 3 32 72 5 69 76 4 21 48 2 62 26 77 44 80 56 16 37 39 61 55 24 51 50 41 49 35 10 46 58 45 67 18 17 68 31 29 64 73 71 36 
43 35 65 39 75 26 23 69 32 30 41 50 55 79 9 27 34 38 12 63 36 51 62 64 15 22 33 61 21 18 42 66 29 78 6 31 73 57 77 17 56 60 1 58 24 74 4 19 44 7 5 54 53 11 25 70 40 67 48 20 2 46 10 52 59 3 45 47 14 76 80 13 8 68 28 49 37 71 72 
61 32 75 15 35 38 67 9 55 22 70 26 52 80 7 46 30 77 31 78 18 14 48 2 62 39 74 42 68 45 64 50 58 29 33 4 71 25 53 13 6 44 54 79 51 23 20 57 76 43 40 24 27 28 8 1 56 10 19 41 16 65 37 11 60 66 5 49 72 73 3 21 47 34 12 63 69 59 36 
21 61 52 49 73 28 9 69 30 35 40 64 3 32 20 29 31 75 39 11 47 72 50 53 36 70 66 26 34 14 38 67 5 2 19 24 12 27 58 43 23 59 8 7 68 51 76 71 54 46 17 44 16 48 77 15 42 79 74 45 25 80 33 41 63 57 62 1 55 4 60 13 37 78 10 65 22 56 6 
33 2 67 44 13 3 62 70 4 38 48 65 43 75 55 25 59 23 29 39 69 18 61 36 10 56 47 54 32 71 21 15 9 68 24 64 35 66 50 57 16 12 40 1 11 5 45 58 7 31 77 63 76 17 73 8 72 51 27 41 37 26 28 14 20 60 52 22 79 6 49 74 53 34 80 78 30 42 46 
5 2 24 30 63 54 16 8 44 78 70 61 46 32 28 29 79 47 60 51 19 80 35 1 4 76 12 65 42 52 6 22 66 50 62 11 15 41 13 38 36 49 71 23 75 27 10 21 64 68 72 33 59 34 40 45 56 3 25 39 55 77 53 14 58 48 9 18 67 74 17 37 69 7 43 73 31 57 26 
63 26 39 7 44 24 55 64 19 10 80 2 38 71 56 52 28 36 27 69 17 37 42 43 11 46 9 13 67 68 29 49 47 60 16 18 8 22 70 30 20 32 75 45 40 59 57 54 61 77 33 3 41 48 34 6 65 1 76 12 25 62 73 14 35 78 53 79 51 31 66 23 15 72 4 74 5 50 58 
80 42 60 40 55 2 4 28 17 79 58 72 67 47 20 49 66 30 64 73 71 56 38 75 27 51 8 46 32 34 5 36 61 45 68 31 37 11 50 53 35 48 9 25 54 13 52 24 57 21 15 19 29 3 10 76 59 18 70 1 62 77 39 43 26 6 44 41 14 63 16 7 65 33 23 12 69 74 78 
10 19 56 20 40 71 30 17 25 62 45 32 31 42 57 72 66 77 18 39 47 24 44 6 33 26 73 37 54 53 58 75 74 49 46 16 9 61 52 35 51 29 28 50 43 48 78 55 15 69 41 12 21 5 36 22 65 4 60 34 70 38 59 7 8 3 64 67 80 14 79 2 63 27 11 1 13 68 76 
51 77 26 65 71 19 22 41 33 45 48 57 68 34 10 27 70 59 43 79 50 76 73 37 4 63 7 44 47 13 14 11 36 46 23 60 25 53 64 69 67 3 5 66 2 75 42 15 18 78 31 39 72 9 62 56 17 35 6 49 54 21 12 55 8 40 61 30 52 1 58 74 28 16 80 38 29 20 32 
80 52 62 6 13 65 29 73 23 63 72 41 3 44 12 33 48 28 77 19 57 21 37 68 47 30 7 70 24 32 58 75 51 4 66 45 22 39 14 8 5 9 56 35 26 42 78 69 34 54 11 46 2 1 74 64 10 67 49 20 50 55 38 79 15 61 60 43 71 59 16 27 17 40 36 18 31 76 53 
64 80 76 41 14 24 2 19 11 59 20 27 70 22 54 18 4 7 77 68 37 61 5 74 71 3 36 23 10 62 69 73 49 45 52 48 32 33 12 44 21 43 46 29 56 55 51 16 58 38 47 66 75 30 17 60 8 34 31 40 78 65 15 57 1 6 13 25 63 9 79 39 53 42 28 67 35 72 50 
3 15 42 38 21 69 24 32 12 55 33 20 34 36 39 58 59 1 41 48 76 53 49 17 62 54 63 8 74 73 45 60 5 37 51 64 18 11 2 13 78 68 22 50 70 6 23 4 10 28 79 9 56 72 43 75 77 65 25 7 71 30 52 61 29 26 44 35 47 40 80 57 14 19 31 16 66 67 46 
44 10 27 2 69 78 55 79 38 41 53 8 71 66 6 56 19 54 75 17 18 59 68 33 30 72 47 35 24 57 45 21 25 80 73 51 11 14 43 60 58 7 31 23 29 67 26 77 52 13 12 20 3 61 34 62 40 5 39 76 64 9 50 42 63 37 16 46 1 4 70 65 48 32 15 22 36 74 49 
9 51 68 8 55 24 49 67 57 69 36 14 58 32 40 54 70 73 80 30 72 34 45 11 19 66 5 16 12 15 79 39 48 75 43 52 63 56 10 4 26 7 25 46 47 22 2 6 23 37 71 3 21 27 18 61 50 41 53 78 65 59 20 1 31 60 76 17 74 44 77 42 38 28 13 62 33 64 35 
23 7 14 11 44 48 55 38 21 20 34 9 70 60 27 61 12 17 66 80 8 15 49 67 24 13 77 53 58 78 36 72 75 73 56 46 45 1 28 64 65 50 31 29 51 22 43 63 26 71 32 79 74 4 76 47 25 42 68 2 35 10 52 19 39 57 16 41 6 3 37 59 5 33 62 69 18 54 40 
71 75 38 1 26 21 22 48 55 16 78 33 17 15 80 30 67 29 72 40 28 2 63 10 7 68 3 54 61 74 27 70 43 42 49 24 60 8 5 53 39 11 4 58 44 13 19 36 46 47 25 77 23 14 41 69 57 73 12 79 20 64 34 59 56 62 32 66 18 9 45 52 35 37 50 65 51 6 76 
22 34 62 42 23 11 33 47 67 71 31 37 48 54 1 74 52 80 45 26 43 60 56 65 79 12 73 44 24 36 38 9 63 40 2 27 77 8 6 61 64 76 25 66 46 17 15 18 29 13 53 19 39 30 35 10 7 50 58 69 51 59 3 4 28 16 75 78 70 68 20 41 5 72 57 21 49 14 55 
54 13 2 57 41 6 37 68 26 49 51 27 67 79 15 19 9 25 18 53 5 7 69 10 75 24 56 34 28 31 64 11 14 74 71 23 30 38 16 20 77 8 45 78 48 61 17 35 50 44 65 63 58 36 22 80 32 73 55 72 47 39 52 42 62 29 1 12 60 66 21 76 3 43 40 4 70 59 46 
51 32 36 9 17 54 38 50 58 69 24 44 23 13 33 30 41 77 79 11 76 74 59 61 47 25 27 19 71 40 78 31 3 48 66 28 16 14 5 45 70 56 15 60 6 46 43 63 49 64 37 4 26 67 21 22 65 80 57 75 1 68 18 20 39 8 35 52 10 2 53 29 73 12 42 62 72 55 7 
24 57 66 73 32 20 42 8 53 51 1 7 33 45 49 43 79 74 75 61 25 18 54 29 14 23 48 46 37 68 16 34 28 77 59 52 30 21 62 47 6 72 58 17 50 12 67 11 44 65 15 70 69 55 2 78 71 76 38 80 26 56 3 10 13 27 5 4 19 39 31 64 36 22 40 60 41 9 63 
61 30 14 32 57 25 62 1 63 58 23 12 50 8 55 20 37 5 42 17 80 71 68 16 72 67 53 4 6 65 47 56 33 7 73 66 22 75 69 24 70 2 41 77 13 26 11 46 74 38 9 54 10 76 18 34 27 39 21 19 3 49 64 51 29 52 60 44 31 78 79 48 59 28 45 40 43 35 15 
43 30 13 58 57 46 27 7 1 72 35 9 2 16 53 26 80 48 49 56 38 32 15 40 22 51 54 14 25 59 47 19 33 42 52 69 31 50 29 5 10 74 67 39 12 20 78 4 68 36 3 6 21 75 41 70 63 34 24 76 71 65 17 44 8 60 55 64 77 61 11 62 28 45 23 73 79 18 66 
2 60 74 12 79 17 34 48 44 64 20 24 40 18 8 76 15 62 35 10 65 28 58 57 47 11 31 49 37 71 78 63 77 21 67 33 27 51 13 70 6 9 14 19 41 55 53 56 1 72 73 39 80 5 36 46 42 45 30 54 69 59 61 23 29 32 25 75 50 68 66 52 4 26 7 16 3 43 22 
14 50 10 78 48 63 9 46 57 55 38 45 31 26 12 49 43 72 20 21 54 32 74 25 60 67 15 34 71 17 7 70 61 56 59 79 80 75 65 6 47 19 58 8 30 3 13 44 37 51 28 22 29 35 11 40 66 5 4 53 64 23 36 42 76 41 16 1 77 2 69 33 52 27 68 18 62 24 73 
23 20 12 5 16 38 2 10 30 50 63 41 57 28 25 15 36 11 58 4 66 39 9 68 32 14 34 53 62 65 79 1 78 55 42 70 52 27 74 77 64 19 80 6 47 73 71 29 56 7 61 51 22 17 3 43 26 60 37 24 72 18 48 46 59 69 45 13 49 8 44 54 67 33 75 35 21 31 76 
8 69 39 72 1 5 49 68 63 58 75 36 23 19 55 4 64 54 73 78 12 52 51 6 3 42 17 25 67 71 74 37 76 77 20 14 43 24 10 7 2 16 21 35 47 65 57 38 62 46 44 18 80 59 50 28 27 31 40 45 30 13 60 26 53 79 32 22 56 70 48 33 29 15 11 61 66 9 34 
70 15 73 76 21 34 77 43 74 49 2 9 79 28 32 68 14 66 63 59 56 5 51 22 55 35 75 57 33 54 11 37 78 19 71 13 36 45 80 41 31 60 48 7 58 52 16 69 39 1 50 3 26 17 64 72 67 18 24 62 46 53 25 61 29 38 10 65 47 4 30 44 20 8 12 6 40 27 23 
17 2 24 11 54 62 26 76 19 4 45 27 34 14 69 16 68 78 18 60 71 79 15 59 32 21 31 12 6 28 38 9 51 63 50 37 64 30 23 39 55 47 57 41 52 36 22 49 20 53 65 61 46 8 77 35 42 70 10 5 29 33 7 66 44 80 73 13 40 25 48 75 56 3 1 67 72 74 58 
53 23 46 58 36 56 11 24 3 35 2 69 4 25 55 47 75 14 76 6 27 74 9 72 65 48 45 42 15 5 38 50 18 26 62 80 54 33 61 19 43 28 22 59 49 1 32 52 37 30 63 39 68 70 34 41 79 51 16 12 77 10 21 7 20 57 8 60 78 67 71 64 17 31 29 13 40 66 73 
26 54 2 79 20 12 32 42 13 28 31 44 51 69 24 18 37 46 17 76 73 23 25 80 8 5 59 43 30 62 48 3 6 11 9 68 65 49 64 75 40 61 14 50 21 70 67 63 29 33 71 22 56 19 15 27 34 58 35 16 36 7 77 55 53 4 74 38 1 60 39 72 41 10 47 57 66 52 78 
61 25 45 53 70 64 27 12 44 14 15 34 69 62 36 8 30 51 47 71 80 13 52 9 1 60 78 20 2 66 42 6 65 23 75 3 31 37 4 38 67 74 22 57 26 49 10 63 55 39 7 68 35 79 16 40 19 48 59 58 21 72 18 77 56 5 73 32 33 17 29 11 41 43 28 50 24 76 54 
17 69 43 62 36 26 13 28 18 79 23 35 80 16 3 40 27 50 74 25 12 4 2 60 22 56 51 38 75 39 8 9 77 55 37 24 64 30 48 34 66 76 20 54 72 68 1 31 65 70 42 11 78 7 53 32 45 52 29 46 21 10 63 19 73 14 59 33 58 15 44 61 57 41 5 49 6 67 71 
4 28 47 21 27 30 3 13 60 67 36 2 7 38 68 1 22 26 43 11 33 41 72 15 62 19 74 14 34 57 45 20 40 50 69 18 70 61 32 31 64 53 80 8 42 10 78 55 9 5 25 54 12 39 65 75 77 71 59 56 52 46 44 35 66 29 49 73 37 23 63 16 79 51 6 17 58 76 24 
52 56 18 42 67 51 75 3 46 44 7 32 33 26 50 60 40 25 23 35 9 71 48 53 31 66 6 39 47 38 58 55 22 5 34 73 61 12 24 65 59 11 10 20 29 16 79 15 37 74 1 8 70 27 21 77 4 41 78 69 30 64 13 68 2 19 63 36 54 57 72 62 28 43 14 80 45 76 17 
13 1 10 66 67 24 26 28 44 33 6 75 8 35 21 17 15 20 55 34 7 56 2 69 18 41 53 79 27 45 16 42 47 43 54 72 4 76 51 22 37 12 49 68 70 80 19 64 77 71 29 23 59 78 74 48 5 25 31 40 38 39 52 36 73 9 46 65 61 11 63 30 58 14 3 32 60 62 57 
38 35 33 50 73 71 24 67 28 1 2 54 12 77 57 15 55 36 40 7 17 10 79 41 61 9 47 31 30 80 44 14 21 22 68 26 3 18 49 16 65 52 29 42 6 5 74 43 46 13 69 56 76 34 23 11 8 45 32 62 70 53 75 78 63 27 66 58 59 25 20 48 64 39 37 19 4 60 72 
7 70 77 8 76 62 50 27 72 60 41 12 37 71 13 15 59 48 73 3 55 36 63 4 78 14 34 79 80 49 69 26 32 24 58 6 17 30 61 5 45 56 25 42 2 40 39 66 51 43 29 10 44 18 57 28 53 54 67 9 35 22 64 47 46 75 1 21 11 74 33 16 20 65 19 23 38 31 68 
1 11 64 4 61 26 35 56 72 25 30 34 59 80 52 20 14 44 51 54 2 50 60 74 29 70 67 27 43 55 75 73 6 17 41 16 77 33 23 66 45 42 58 49 8 38 62 71 63 22 48 78 65 32 21 9 40 24 57 39 5 10 3 76 18 69 46 31 37 13 68 36 79 15 7 12 19 47 28 
37 16 5 39 8 33 4 77 71 74 47 67 10 29 25 43 30 7 3 23 70 2 61 65 80 76 52 73 9 44 49 69 38 64 18 78 14 58 17 72 68 36 45 41 66 26 51 59 15 32 11 79 13 12 60 75 27 1 57 50 6 34 56 31 63 20 42 53 21 48 62 35 24 19 22 46 55 40 28 
36 21 47 42 75 65 52 60 8 39 16 34 24 32 19 30 15 5 17 67 51 14 1 80 6 62 11 13 54 43 41 44 4 64 70 35 18 10 28 9 37 50 2 56 29 79 68 20 25 57 33 3 7 69 31 58 40 49 45 23 53 12 63 71 26 59 38 77 61 76 74 48 46 22 66 72 27 78 73 
34 16 45 48 52 64 28 2 53 14 43 46 9 30 47 42 73 69 22 36 70 68 23 76 6 60 40 57 80 62 37 27 31 24 20 72 78 8 59 41 17 33 1 29 13 65 71 79 51 35 11 67 63 54 3 4 50 15 10 18 55 66 7 75 19 74 32 26 44 49 25 5 38 77 12 21 58 61 39 
4 34 52 49 19 50 53 55 67 64 43 25 11 46 77 23 63 54 5 47 14 30 7 36 27 40 13 65 17 1 41 8 22 70 75 51 56 2 9 37 76 73 21 3 62 42 29 15 72 12 44 59 61 60 48 28 20 35 32 10 18 26 39 6 66 80 68 74 45 69 78 38 58 16 24 31 33 79 71 
14 32 54 33 77 72 13 16 23 69 39 10 22 65 12 45 7 68 2 41 53 67 1 62 59 29 78 76 24 38 44 30 48 73 42 71 8 11 70 63 9 66 74 61 27 5 43 21 79 47 17 34 20 60 40 28 6 3 18 35 36 56 25 49 52 50 26 80 19 37 64 15 4 75 51 31 46 57 55 
46 55 16 60 5 1 79 28 76 45 8 62 52 30 10 26 3 51 56 7 6 29 21 50 23 77 17 64 36 2 43 53 49 34 14 63 41 31 65 48 47 13 19 37 72 44 75 71 66 40 15 61 25 42 80 39 70 74 4 68 20 27 54 57 69 78 35 33 73 12 38 58 22 24 32 67 18 9 11 
9 39 21 36 5 78 63 47 31 48 46 76 6 41 12 66 74 20 61 72 18 58 26 73 32 50 1 53 15 69 30 75 28 8 43 13 3 71 44 22 55 67 70 65 11 54 14 45 56 17 80 42 57 19 16 23 64 51 59 24 2 38 62 25 79 33 40 68 29 52 49 27 35 10 7 77 4 34 37 
71 56 51 79 42 52 33 76 49 48 75 54 43 34 60 17 12 15 11 69 21 78 57 41 63 31 47 18 65 2 70 53 74 58 6 55 68 59 20 27 44 5 77 46 36 72 32 62 7 29 64 1 40 24 9 37 14 8 13 30 50 73 19 67 16 10 22 23 28 39 66 38 45 26 4 3 35 25 80 
16 17 21 5 78 77 9 48 20 14 10 27 43 71 37 7 22 68 38 41 60 4 61 12 13 44 6 45 51 49 26 54 23 63 30 32 79 50 76 31 72 15 8 53 25 47 58 80 66 65 1 40 73 69 18 2 67 33 34 29 46 55 75 19 70 36 24 3 39 59 52 56 64 42 74 57 28 11 35 
62 56 39 5 24 77 7 53 3 40 50 57 65 75 54 72 42 59 21 76 11 35 73 15 12 67 23 37 10 61 20 69 32 16 64 30 1 78 19 48 34 44 41 79 31 60 27 4 26 9 46 71 66 33 43 2 14 38 25 22 49 13 6 68 55 80 18 47 36 58 28 70 45 51 8 29 52 17 74 
76 37 35 43 10 9 19 54 22 68 61 55 7 56 20 6 48 45 75 4 40 74 70 3 62 77 12 11 31 63 51 13 34 16 23 66 49 8 5 2 32 14 58 36 25 26 24 47 60 38 17 39 33 18 53 29 30 27 72 28 67 15 69 21 46 44 80 52 41 59 42 79 73 50 78 1 57 65 71 
36 48 53 68 51 34 44 56 33 73 58 22 67 77 75 4 60 80 61 42 50 45 52 62 30 37 46 49 14 26 3 47 35 25 16 29 76 63 8 40 27 54 18 57 31 66 5 28 2 79 15 24 7 72 39 11 13 20 43 70 9 21 59 38 41 6 55 1 69 32 19 10 78 23 12 64 17 74 71 
69 67 55 13 56 21 25 38 46 5 71 20 17 61 4 29 35 52 40 43 11 41 32 75 30 63 80 14 79 7 64 51 72 58 6 65 31 37 15 22 60 48 18 26 68 8 50 9 27 57 3 12 36 28 47 45 1 24 39 59 53 74 42 73 34 23 62 10 54 33 70 19 77 16 44 78 76 2 49 
17 42 78 39 51 70 24 33 40 43 69 56 26 45 14 6 53 28 52 31 11 37 48 76 80 21 35 66 49 64 38 2 77 44 30 29 58 71 50 10 57 61 27 13 32 25 34 15 12 65 18 41 47 63 59 16 5 62 55 8 73 60 19 7 36 46 54 3 75 72 1 23 79 20 9 74 22 4 68 
78 12 64 54 22 19 80 57 30 75 45 6 39 42 25 28 35 34 69 4 74 67 43 20 51 5 2 23 16 24 3 26 27 70 11 50 56 71 53 18 65 37 17 40 14 21 47 73 7 38 41 76 8 58 10 32 31 29 44 49 60 46 36 9 48 52 33 55 63 59 15 72 66 1 13 61 62 79 77 
19 16 59 64 3 67 18 6 51 47 58 15 56 13 78 48 7 80 1 66 30 4 10 57 25 38 53 49 9 41 39 20 72 33 2 75 22 23 29 37 11 63 55 77 34 31 65 42 26 27 45 21 61 24 46 71 44 52 17 79 74 8 35 28 12 36 73 68 76 50 54 60 14 70 43 5 40 32 62 
43 47 55 9 28 17 50 27 74 3 75 37 52 23 56 72 67 69 2 13 66 5 73 59 65 42 36 32 38 48 31 35 24 44 19 34 62 4 11 68 16 41 46 45 64 57 39 25 6 49 18 61 51 54 1 30 33 29 76 77 22 26 79 60 15 7 10 58 71 20 78 80 12 14 53 63 40 8 21 
39 49 52 20 13 47 56 63 61 55 44 19 46 72 75 33 79 32 3 43 4 69 10 80 1 27 76 65 74 22 28 17 9 73 29 66 68 60 34 59 8 35 53 30 40 12 62 54 31 11 64 6 7 78 50 24 16 41 48 58 45 25 51 21 67 23 26 15 18 2 5 36 14 37 57 42 77 38 70 
27 42 1 55 53 17 30 29 2 13 50 5 31 18 45 64 78 36 26 35 41 6 8 54 22 70 38 21 25 68 73 28 4 75 44 79 66 10 39 23 40 67 80 24 61 63 16 65 9 51 77 60 20 34 14 3 7 32 52 57 43 58 11 15 69 47 46 56 37 49 59 48 12 19 74 33 71 62 76 
75 52 42 54 5 79 69 71 51 26 77 24 56 50 10 15 11 72 13 58 62 12 59 40 61 70 20 34 47 17 19 14 78 21 46 74 29 31 53 64 27 63 9 41 48 16 49 67 33 55 60 1 22 65 30 8 37 32 39 3 35 76 23 6 18 44 36 80 2 4 38 7 28 68 25 66 45 43 57 
70 54 37 58 56 31 55 11 5 40 48 66 59 23 46 27 51 38 52 44 8 28 47 49 18 32 35 1 36 68 61 33 9 60 63 25 72 77 26 42 22 2 6 29 13 4 62 69 12 15 3 34 64 20 71 16 10 17 43 21 80 45 19 14 75 7 39 50 53 65 78 76 24 73 57 79 41 67 30 
76 11 67 30 72 28 15 65 36 40 63 43 78 44 57 16 61 14 4 60 21 77 29 5 46 17 37 51 27 52 32 71 59 1 74 10 6 9 54 20 55 69 22 25 39 79 8 62 19 18 2 41 7 53 47 56 64 70 35 58 73 3 66 26 24 31 68 33 34 13 23 45 12 42 38 49 80 50 48 
41 48 33 66 45 9 3 8 16 67 72 80 70 62 77 21 7 52 29 47 71 68 38 55 15 53 27 5 60 50 2 42 32 56 6 59 26 30 24 17 46 44 73 19 22 4 74 63 31 39 36 13 28 25 49 79 23 69 75 12 20 37 1 65 61 78 51 10 34 64 54 35 43 57 14 11 40 58 18 
37 9 49 59 17 21 64 20 47 57 10 61 58 74 67 22 42 78 75 79 13 5 39 16 46 56 2 33 25 4 24 7 54 12 6 72 62 30 71 14 60 40 53 28 63 76 29 65 66 45 51 35 43 1 34 73 32 18 68 27 48 69 11 80 41 52 50 55 44 70 15 19 8 38 36 23 3 26 31 
50 3 56 14 8 31 2 58 12 39 43 16 22 80 53 28 37 33 11 73 64 27 5 48 52 79 29 20 18 15 63 23 46 30 36 72 60 41 19 76 51 10 59 67 35 25 42 4 34 71 70 61 45 6 54 1 68 47 32 74 69 77 21 65 49 13 44 75 38 7 40 55 66 26 17 9 24 62 57 
64 49 20 53 32 19 37 55 30 61 78 45 6 34 17 9 46 73 18 75 26 58 16 7 3 33 71 27 76 48 50 44 47 80 38 14 5 15 56 42 57 1 52 10 68 72 70 31 67 21 11 25 23 43 36 35 59 65 4 60 28 41 54 13 77 24 51 2 12 74 8 39 62 22 66 29 63 40 69 
71 33 12 77 72 8 11 44 51 49 4 34 2 21 76 35 70 25 27 32 66 36 24 78 31 5 65 56 26 17 58 29 67 3 20 15 13 23 30 22 37 7 59 60 64 10 50 42 53 16 63 68 57 73 43 14 47 41 74 38 79 75 61 1 28 18 19 54 40 39 6 69 48 62 9 46 45 55 52 
