80
63 37 26 64 46 49 30 47 65 40 80 66 78 23 22 60 27 54 5 43 39 52 16 24 61 15 31 8 10 35 41 48 20 6 53 77 18 76 62 79 19 45 56 7 68 12 38 34 17 2 70 29 14 50 55 75 3 69 73 25 42 33 4 36 
32 50 58 31 60 78 68 19 46 15 64 77 21 52 75 79 24 1 28 11 59 35 53 43 47 22 57 44 40 39 70 26 66 67 71 10 25 74 76 30 63 23 8 65 4 48 5 49 14 62 
80 56 39 68 79 75 62 45 53 44 22 47 69 10 1 55 48 32 9 73 12 15 24 6 72 37 46 25 19 4 23 61 42 77 67 38 29 17 54 14 5 13 27 28 58 71 26 7 43 30 60 16 33 40 41 70 74 57 
36 30 15 28 50 55 60 5 62 43 3 1 54 24 34 68 22 51 37 2 57 61 77 25 11 70 21 33 71 13 79 19 16 64 17 39 40 78 29 38 59 63 44 23 31 18 49 52 53 9 20 41 46 35 7 6 76 
43 12 15 14 3 28 67 49 77 31 78 17 35 22 23 37 8 1 11 52 73 42 4 9 54 47 63 45 46 69 13 48 60 65 2 32 29 70 80 7 55 16 25 50 44 59 74 18 58 34 66 6 40 21 56 61 72 79 
59 49 27 57 40 42 17 72 80 35 23 53 8 26 55 1 21 47 33 13 5 75 28 77 43 78 61 37 76 22 62 54 44 11 24 3 38 58 60 64 30 48 18 10 29 69 15 7 66 67 34 45 32 70 71 4 31 20 9 
76 21 13 57 41 47 75 64 79 60 3 30 71 8 15 45 63 43 22 24 59 55 61 39 19 53 38 56 14 48 80 29 35 17 4 20 34 5 33 32 52 36 23 54 66 16 78 51 77 46 1 40 28 70 6 62 49 69 10 65 58 9 44 
77 58 34 42 24 71 37 29 19 20 35 2 26 32 33 25 74 66 36 43 11 30 48 10 16 79 22 18 75 15 51 63 61 47 78 44 7 12 40 52 56 27 45 23 13 68 76 1 70 14 6 53 80 9 49 41 73 5 72 67 60 
69 60 61 47 17 66 22 75 39 15 74 7 62 48 56 13 71 21 31 43 4 55 79 19 8 20 53 45 42 73 16 38 10 52 44 33 3 58 68 18 67 65 46 6 50 41 29 25 36 70 72 27 24 26 80 63 28 76 30 14 40 5 
45 60 72 21 52 80 13 22 49 73 76 19 50 55 25 37 14 44 54 26 57 11 42 39 64 3 24 53 17 28 71 56 18 68 12 46 7 40 27 79 65 70 20 9 8 67 75 2 30 6 1 63 32 43 15 74 47 66 62 48 59 34 
29 4 12 10 78 68 5 77 35 33 34 47 17 49 32 61 19 18 15 71 20 63 8 38 30 62 28 52 26 23 45 80 73 51 53 22 39 2 64 16 56 21 70 41 31 65 25 46 42 13 48 66 6 37 
27 3 60 46 72 26 28 1 68 67 25 47 63 73 76 14 64 5 15 56 16 66 55 24 36 71 62 57 20 40 32 13 11 58 37 49 10 78 45 52 69 35 33 43 44 8 31 59 79 65 48 38 54 30 77 39 50 23 
29 6 19 10 67 17 16 50 25 56 54 32 3 59 61 44 18 24 52 9 5 23 73 70 74 26 43 78 66 49 12 36 33 65 4 75 60 14 47 7 46 55 11 15 64 71 41 58 8 
42 64 45 3 47 61 51 46 76 28 35 27 13 78 72 71 65 1 25 23 5 80 58 70 34 9 48 17 63 39 69 12 43 10 79 7 21 38 52 19 55 77 75 59 22 26 54 15 2 29 8 44 60 73 53 68 56 
26 62 52 56 17 31 38 79 58 77 45 36 61 3 76 43 18 57 14 51 29 67 39 27 71 10 48 69 30 2 72 9 5 1 75 11 4 63 70 68 50 55 6 35 65 19 64 34 33 32 12 53 8 24 21 73 40 46 49 7 13 60 44 74 
28 55 38 11 9 67 23 8 79 75 21 36 70 12 42 47 69 49 13 43 30 20 80 19 29 45 27 51 73 22 62 3 24 53 41 50 71 5 76 74 7 54 58 33 37 77 31 25 57 68 4 1 59 66 34 52 64 39 72 44 40 
6 24 29 10 43 36 44 69 41 51 70 46 65 34 47 15 72 73 32 50 59 7 33 64 53 30 13 22 75 1 19 5 21 3 66 35 38 55 61 39 67 23 25 31 71 11 45 68 9 60 14 4 77 27 74 
43 33 5 44 57 71 4 27 78 76 60 69 72 28 53 56 48 31 63 52 45 23 55 38 9 68 65 75 10 15 70 13 6 25 77 54 37 47 35 8 79 11 58 73 42 62 40 66 41 19 50 80 24 34 67 1 
30 49 53 75 78 14 4 2 21 23 16 71 60 44 25 1 22 39 72 65 55 43 63 57 77 35 9 74 27 24 79 69 3 8 68 59 17 29 46 42 28 56 70 58 34 64 10 26 40 11 18 50 73 62 13 47 38 7 36 54 76 20 52 61 33 32 37 15 
46 72 74 65 35 4 9 50 78 10 29 70 61 67 59 40 37 64 71 33 8 11 26 75 53 47 7 51 27 52 63 80 25 45 31 56 57 19 42 36 44 6 12 49 16 1 22 30 77 32 48 60 28 68 23 58 79 
11 59 26 22 56 46 53 51 55 9 34 2 5 14 28 4 33 40 54 80 15 74 44 79 78 30 62 7 65 35 50 49 77 29 43 45 47 23 19 70 27 57 36 25 10 37 52 71 41 69 58 24 16 17 38 39 6 76 
74 40 11 58 9 76 38 29 78 52 8 70 6 5 43 21 57 66 51 46 16 47 55 35 63 60 3 54 56 19 50 49 48 69 28 25 75 2 33 44 4 34 24 20 17 77 68 73 41 67 64 42 1 65 71 10 72 23 37 7 30 26 59 45 36 14 31 
4 2 22 56 25 75 31 54 11 21 57 44 73 67 76 39 16 50 70 55 17 65 62 58 27 49 14 19 80 12 8 30 29 38 61 48 7 3 34 20 59 1 52 74 41 51 5 77 28 78 6 72 47 26 64 18 24 32 36 13 40 
75 34 47 37 28 27 60 39 4 31 3 18 13 50 64 16 65 74 42 35 1 10 53 6 45 19 12 63 80 8 2 58 23 38 73 56 30 55 7 79 21 78 57 51 22 32 40 62 72 77 17 48 76 9 33 46 15 69 70 
69 23 64 62 26 16 20 72 47 18 2 61 36 10 3 5 51 57 21 9 59 48 22 33 49 38 79 68 34 44 58 42 74 28 11 13 32 78 40 1 65 70 71 8 19 14 66 41 52 12 80 46 17 43 63 67 31 4 60 39 
14 28 25 51 69 3 76 53 15 44 19 12 52 11 49 21 71 62 45 54 35 33 57 60 32 42 43 65 2 13 77 73 10 22 36 8 41 23 20 9 40 74 39 6 34 55 63 31 1 80 56 78 37 30 72 
74 36 51 6 29 38 14 72 39 55 33 20 15 18 23 46 58 80 31 61 65 9 52 10 77 8 68 28 12 43 73 45 47 19 40 56 71 64 24 69 1 76 30 75 17 54 50 16 32 3 21 70 
12 40 38 45 32 54 9 30 23 14 46 20 66 65 26 50 62 49 51 78 77 27 61 33 70 75 16 71 24 31 80 41 36 43 6 29 18 59 21 69 5 48 57 52 7 35 37 72 79 19 47 22 44 64 25 4 10 11 2 68 56 3 60 
13 51 33 74 30 58 52 55 53 21 45 49 28 66 38 17 67 78 3 31 80 60 16 7 47 1 73 71 41 39 11 8 36 23 76 40 42 9 34 6 69 44 37 19 4 14 50 20 59 64 22 72 56 63 32 27 15 54 35 5 79 77 
41 64 1 9 80 52 21 7 42 68 67 11 47 3 34 70 12 48 2 78 44 73 40 60 63 8 51 74 61 10 59 19 38 77 28 23 4 35 29 43 17 46 20 54 55 26 15 53 27 16 24 75 56 62 72 69 57 33 22 50 6 36 79 
62 15 23 61 47 73 41 57 71 68 22 65 63 70 9 54 77 40 36 33 17 72 20 74 4 24 1 64 44 39 42 2 76 58 67 46 34 37 18 25 69 50 26 28 52 12 55 16 5 60 29 59 48 27 56 66 32 11 6 
80 38 12 19 57 28 3 64 10 35 65 34 55 26 73 77 49 15 46 11 6 48 53 33 63 71 13 68 42 79 25 66 50 37 75 40 58 5 8 70 78 2 20 24 31 17 41 52 23 27 59 45 62 56 29 47 54 69 74 7 36 39 76 43 
25 55 34 45 60 52 32 73 37 7 43 12 54 77 59 74 13 8 46 30 26 22 80 72 18 62 29 11 47 61 67 31 38 42 56 24 17 51 9 41 36 49 71 44 58 27 79 50 66 76 3 15 40 39 64 16 21 6 4 28 20 1 19 68 
40 54 1 16 26 5 52 19 67 29 6 17 37 4 49 73 59 53 11 64 31 15 39 43 42 75 61 80 78 21 8 32 60 36 30 47 51 48 24 23 7 25 14 38 68 69 33 63 58 10 22 18 46 50 
29 17 46 37 53 56 7 68 21 15 14 43 62 41 1 6 8 28 18 73 79 22 54 76 64 19 77 63 20 40 52 24 74 12 70 26 57 36 5 11 38 59 72 67 48 32 47 39 51 4 2 71 78 30 50 
66 54 80 58 12 1 32 30 34 15 35 61 4 74 44 20 13 8 21 26 43 50 27 17 16 75 40 31 19 62 51 39 56 9 68 71 72 60 42 79 28 29 22 64 33 49 77 37 23 55 46 53 69 25 70 45 7 
71 32 72 47 19 75 3 11 58 12 70 54 8 34 24 21 6 35 18 77 44 28 5 65 49 45 22 55 33 62 51 31 26 4 10 52 57 73 78 1 20 56 46 64 29 80 69 16 74 36 
69 46 23 58 60 80 4 34 15 71 1 18 77 78 52 67 79 19 16 57 75 12 14 22 44 39 59 24 49 47 17 33 28 9 7 27 62 68 63 32 30 51 43 21 72 11 6 41 73 35 25 29 3 
75 45 34 35 44 38 40 9 7 56 72 62 25 50 42 51 11 21 70 2 48 47 14 4 26 49 46 29 60 32 59 41 3 71 76 16 68 17 69 64 27 78 55 24 1 65 58 57 54 52 19 12 31 10 15 23 36 73 66 43 33 
50 56 5 43 73 76 55 78 7 3 36 6 27 18 20 75 31 1 16 54 8 35 23 58 67 10 12 51 9 57 44 69 71 41 15 64 22 53 4 2 29 60 42 46 70 34 63 24 19 48 30 28 33 52 25 77 26 32 61 68 74 80 21 39 62 
79 30 17 59 54 29 77 61 48 9 22 13 44 32 51 46 50 63 35 62 52 57 7 8 25 11 60 56 76 40 28 47 69 16 58 53 64 80 23 39 78 26 31 42 49 18 21 70 72 74 33 3 4 1 38 43 
66 76 65 49 33 36 64 30 9 62 68 44 59 79 72 58 61 54 24 6 5 29 52 70 34 69 43 19 8 50 78 63 55 73 31 77 48 74 10 16 39 45 11 1 41 26 20 47 3 22 32 40 25 57 18 14 
50 42 45 32 38 39 72 2 51 71 74 8 67 56 19 33 18 7 76 54 63 28 22 25 21 14 66 53 9 16 73 46 6 12 10 4 27 13 5 35 61 65 68 49 34 3 40 26 58 30 57 75 36 79 41 1 44 15 48 47 77 17 59 60 
17 74 12 45 33 21 50 54 55 14 76 80 73 6 75 23 39 42 63 62 16 48 58 57 36 64 22 29 30 25 40 4 18 66 15 31 78 7 2 9 13 28 72 56 8 71 19 67 26 37 38 43 79 52 20 65 41 68 60 5 3 10 70 53 
62 60 29 37 14 80 74 76 43 5 18 3 59 8 50 42 79 70 73 22 77 11 55 75 24 17 27 64 66 28 12 9 1 48 16 57 39 36 33 49 21 15 6 44 61 20 71 10 72 56 26 52 32 7 47 58 
57 31 80 25 14 7 9 4 69 67 21 70 53 35 48 17 20 28 59 12 39 74 15 19 13 36 75 3 24 11 22 30 1 2 77 38 34 40 49 71 55 10 64 52 60 62 73 79 61 37 63 41 43 65 5 58 66 33 32 50 27 72 
10 17 35 69 24 19 39 22 25 63 28 41 38 2 5 66 53 51 30 32 3 33 6 60 29 31 52 62 16 72 20 13 58 23 64 79 73 8 37 54 45 55 48 65 43 76 27 42 12 21 14 11 34 9 49 1 75 74 18 7 
60 75 25 3 73 80 11 39 53 77 76 18 72 31 1 74 69 42 66 7 54 49 6 65 34 12 71 64 40 43 45 23 15 32 68 57 9 58 2 28 10 52 46 8 20 30 62 51 44 5 55 35 63 79 24 61 14 41 22 78 47 56 
45 67 2 70 23 55 33 13 42 36 29 32 4 6 80 25 60 73 54 66 50 68 69 77 28 8 1 19 39 22 5 15 43 78 10 76 41 65 62 7 16 20 26 11 12 21 37 56 63 48 34 64 46 38 47 72 58 
46 42 57 45 61 54 33 10 27 65 31 2 59 58 79 19 77 51 9 34 41 32 39 80 44 15 63 36 56 1 75 69 70 60 52 22 13 24 73 30 78 49 64 18 76 62 21 43 17 4 5 12 23 72 20 66 29 35 28 16 40 
79 37 43 38 24 11 39 7 17 70 36 66 63 33 22 4 40 54 29 30 35 58 14 68 71 62 80 28 76 75 47 25 41 67 74 16 23 20 56 78 73 21 55 27 65 8 34 50 60 15 26 48 
76 41 58 50 26 10 35 5 14 62 37 47 4 78 45 61 80 2 9 48 22 59 72 34 16 44 73 39 64 38 32 42 25 54 12 21 74 57 79 13 18 77 1 27 40 8 28 70 30 23 20 15 31 56 29 53 11 55 7 19 63 68 46 33 67 
35 30 43 56 6 26 75 66 32 36 14 10 17 70 20 80 44 2 40 72 24 16 15 63 59 79 41 54 9 60 19 78 4 77 47 29 8 21 3 11 7 52 58 71 46 48 1 64 57 34 18 76 55 
65 28 31 37 26 36 13 71 48 3 60 32 72 19 41 39 62 33 55 7 35 22 40 50 44 67 21 56 30 69 5 6 73 23 47 16 61 27 34 49 51 77 53 14 1 59 12 4 58 63 29 42 18 43 80 76 52 10 
45 42 48 23 75 57 17 14 16 13 74 47 33 40 64 7 39 22 5 19 18 69 72 46 12 70 52 79 29 24 31 26 80 15 73 44 53 9 71 68 6 60 66 36 58 67 37 3 27 4 77 1 51 54 32 21 10 78 30 49 63 
70 40 37 77 1 52 32 5 67 9 79 44 48 58 12 21 53 19 64 36 68 35 50 54 3 30 27 41 20 22 75 24 23 15 31 28 76 45 60 43 26 49 51 78 8 13 59 73 7 65 29 10 11 62 39 63 14 33 71 18 80 
26 69 22 41 32 63 55 66 20 30 62 72 53 24 70 64 38 78 61 46 52 74 31 58 28 10 60 16 76 80 2 71 37 65 15 12 40 4 23 19 50 68 43 18 44 59 7 25 6 35 42 21 48 73 67 3 39 45 
36 69 37 41 19 62 61 56 76 5 48 44 80 24 23 39 38 16 3 75 14 65 29 12 33 22 57 78 54 77 74 20 43 40 52 53 60 7 8 51 6 50 49 32 63 27 13 47 31 25 15 46 68 73 2 18 42 55 79 21 34 72 67 45 9 
35 31 21 12 6 19 63 52 45 39 34 54 29 7 23 43 42 28 56 22 17 41 74 61 25 4 62 46 78 20 2 53 80 50 10 67 57 75 71 16 5 33 70 14 76 13 30 77 38 69 79 32 72 66 64 
19 48 2 53 57 18 1 26 34 30 44 54 65 76 22 49 40 43 74 29 25 78 68 45 55 67 4 39 36 56 9 13 33 62 72 14 73 15 24 79 71 31 20 6 58 69 5 28 7 41 51 77 38 10 50 8 12 3 66 47 17 75 46 
54 52 75 3 6 46 23 43 1 65 50 57 64 80 33 42 15 58 73 9 7 76 79 67 8 27 28 25 72 62 78 63 41 34 14 20 30 48 4 13 36 45 40 31 71 77 70 68 5 19 17 11 59 74 66 
31 77 50 60 6 76 41 10 54 4 42 19 40 2 47 49 30 59 15 52 26 48 23 80 24 25 39 7 28 11 3 16 72 68 66 70 73 36 21 61 1 18 51 56 69 75 46 9 67 37 32 58 38 44 45 64 57 63 12 35 33 
9 10 25 74 26 1 56 46 40 18 30 7 20 73 78 53 52 67 76 34 54 47 4 66 35 75 79 55 61 77 41 31 32 59 50 71 51 38 2 22 8 58 68 64 48 19 69 24 15 44 12 72 42 49 14 62 11 29 43 57 5 
65 30 25 19 27 44 2 41 1 52 78 7 23 13 50 16 67 70 73 55 75 20 48 22 4 11 31 71 15 6 36 63 32 35 53 68 34 59 10 56 17 74 46 33 29 47 49 66 14 39 61 57 45 24 69 72 28 12 62 76 37 42 40 
43 56 73 17 27 58 51 23 37 2 7 32 10 18 5 64 47 14 28 57 50 80 31 11 22 20 15 54 66 74 70 21 26 46 13 1 77 19 25 24 12 48 61 44 9 49 72 39 79 42 60 
77 55 49 12 13 64 43 76 29 78 36 28 63 50 68 46 32 44 18 9 11 62 79 47 80 48 57 75 61 7 25 5 69 73 16 8 6 65 33 45 10 31 42 22 17 2 1 39 60 59 53 51 
18 22 40 57 6 30 54 58 13 56 10 75 59 74 20 69 9 44 77 2 3 52 79 35 60 16 80 23 31 63 33 51 34 43 61 62 17 46 25 12 29 38 5 70 15 64 76 68 49 55 8 
63 2 39 17 27 43 51 19 44 71 76 15 70 78 38 8 73 60 66 1 34 74 57 67 3 62 4 30 35 18 58 28 25 40 22 20 61 12 33 48 10 49 32 64 14 11 9 31 16 55 36 56 42 52 80 
22 9 47 30 17 62 46 12 29 21 5 73 80 31 28 74 50 16 25 36 14 63 55 49 40 60 32 6 48 66 76 26 64 37 71 41 15 18 54 72 58 3 34 1 42 70 27 59 24 67 57 75 38 7 39 19 
4 10 44 50 37 39 17 14 15 67 30 65 51 31 53 79 20 61 1 49 42 57 9 45 13 2 28 59 19 27 46 6 62 52 76 36 40 72 22 25 21 41 11 24 80 74 64 75 73 7 56 3 23 69 18 5 16 71 68 55 8 35 32 
68 79 22 20 54 38 46 63 13 44 60 74 64 33 37 19 6 25 28 2 29 7 59 35 10 32 26 11 61 36 16 78 39 48 18 55 72 15 69 8 9 53 45 56 12 14 27 17 40 4 77 31 21 70 57 3 43 51 
64 29 44 52 12 6 25 17 61 9 80 55 38 50 27 30 3 31 19 20 62 65 60 37 18 26 47 10 23 69 22 15 53 73 46 54 35 78 8 57 5 48 43 79 16 71 33 39 58 36 42 41 59 63 49 28 70 14 24 45 
76 61 15 60 13 43 22 47 9 33 69 62 75 18 3 58 31 72 5 50 65 24 64 78 11 35 46 10 63 42 23 32 12 70 17 55 45 26 30 16 68 57 66 40 39 29 8 27 38 1 14 48 52 44 49 37 19 56 34 54 77 51 
60 32 23 3 77 79 21 48 75 19 68 70 24 8 42 67 15 17 43 57 33 55 22 27 16 51 41 52 78 71 5 36 61 45 64 35 37 63 20 31 25 58 46 40 47 2 29 10 9 69 44 65 26 13 59 30 
14 50 44 56 32 8 20 24 53 39 73 66 67 28 70 43 2 37 38 46 51 69 27 55 22 36 1 62 17 6 48 60 9 64 40 59 34 58 45 47 23 13 76 7 16 19 3 10 15 80 18 63 74 30 77 61 
61 60 64 66 32 10 79 54 1 68 26 35 47 15 24 21 12 40 56 18 57 41 53 22 52 19 51 75 49 62 70 69 33 14 6 4 50 9 77 23 29 31 27 67 2 43 80 63 42 48 39 58 44 59 8 7 45 73 16 
26 28 74 56 52 21 42 30 31 23 53 79 22 63 16 36 50 14 54 20 24 46 2 18 78 3 55 1 11 7 27 37 62 45 75 71 59 12 58 43 4 6 19 35 33 73 29 17 61 32 48 5 60 49 66 15 40 41 8 76 67 38 65 
68 26 8 12 42 13 11 74 71 28 44 59 35 30 39 18 80 21 40 57 52 77 41 29 6 7 63 58 50 61 24 72 55 1 37 64 2 79 38 23 19 34 14 48 60 66 20 73 4 22 49 5 32 53 25 56 51 
48 71 1 51 2 46 42 52 44 14 32 33 74 36 12 29 53 5 19 18 45 47 41 16 70 67 35 61 56 28 60 20 72 9 30 65 63 8 21 58 3 25 55 77 10 76 38 15 80 78 50 7 43 4 66 59 24 
1 27 57 28 41 32 3 36 37 61 56 26 50 70 38 9 59 25 11 5 65 7 34 44 55 14 10 45 78 29 68 72 54 66 6 48 53 18 46 16 52 58 69 76 30 67 20 21 33 23 51 79 8 49 75 24 40 62 
