80
2 3 6 58 29 44 9 42 37 33 17 43 18 30 21 65 64 13 4 53 7 80 50 10 25 78 8 45 72 26 67 16 74 20 48 31 63 39 46 11 75 40 35 59 51 23 14 77 24 15 41 71 34 68 32 38 57 52 5 12 55 62 61 56 36 79 28 47 19 49 73 66 70 54 22 69 60 27 76 
75 15 63 33 5 49 35 47 43 61 54 20 67 57 66 56 40 29 76 12 14 46 38 8 50 4 74 53 68 45 51 25 18 72 64 71 31 1 10 60 32 70 11 77 36 26 65 9 27 3 22 34 6 44 48 37 7 59 24 16 58 23 62 21 30 41 19 73 42 80 79 13 28 17 78 55 69 39 52 
20 21 42 26 45 47 23 2 73 25 54 64 36 66 34 80 55 70 24 58 62 41 27 48 67 53 76 4 9 74 14 22 5 8 15 16 79 38 33 51 59 29 32 77 49 72 61 46 69 28 39 30 31 17 40 71 1 11 37 12 56 52 78 19 43 13 68 57 60 50 18 6 75 65 63 7 35 10 44 
47 44 55 27 25 18 36 49 19 61 37 21 13 69 1 20 45 71 23 29 56 2 7 79 9 75 46 24 58 26 16 77 48 51 12 50 62 59 74 15 33 6 5 28 3 40 22 65 35 76 63 31 41 32 14 8 10 67 43 38 42 66 70 52 64 54 72 34 60 73 39 80 11 57 53 30 17 68 78 
59 47 30 71 38 55 15 18 69 65 46 77 68 7 57 1 80 72 11 58 34 17 13 76 9 63 74 12 36 75 39 28 23 48 70 6 53 45 44 62 24 29 16 4 61 67 3 66 19 21 2 60 27 40 73 25 26 52 14 32 78 35 54 50 37 41 49 51 22 31 20 42 33 64 79 56 8 10 43 
43 5 4 77 79 49 68 64 42 59 29 17 69 57 1 58 48 20 60 65 34 39 3 9 19 71 12 50 36 74 18 26 44 11 62 72 35 41 15 31 78 10 23 33 76 54 25 2 67 70 32 56 7 47 80 46 21 55 75 27 52 22 28 13 16 14 40 38 8 30 24 61 37 73 63 51 45 53 66 
42 44 72 19 65 24 9 79 70 26 50 60 43 52 3 33 8 51 34 12 71 68 18 48 61 37 59 74 28 21 35 69 78 32 47 76 25 77 31 41 54 4 53 36 27 13 63 56 38 29 22 80 16 39 20 73 40 55 6 75 62 17 2 14 11 10 58 46 45 23 1 30 49 64 67 66 57 5 15 
55 21 79 57 16 51 76 42 37 26 56 19 71 54 75 22 73 58 53 14 80 41 29 67 32 31 69 74 35 10 70 50 38 6 39 13 65 66 30 36 44 4 5 24 59 46 72 47 63 40 48 12 15 64 62 23 60 68 9 78 1 34 52 3 33 61 7 2 28 18 77 27 25 45 43 20 11 17 49 
28 36 64 21 42 16 76 62 6 66 2 15 73 79 18 49 72 14 55 45 77 54 48 5 60 35 67 4 11 52 13 39 7 17 19 26 44 53 40 41 74 30 57 10 68 33 50 59 46 78 34 20 80 58 23 3 32 24 56 8 70 37 69 31 47 65 38 75 29 27 71 61 51 63 22 25 43 12 1 
26 53 52 29 74 38 51 34 21 76 61 68 57 25 11 42 47 17 12 1 78 79 50 45 32 19 75 56 4 43 28 30 63 16 23 3 7 58 41 33 72 27 67 40 14 8 66 13 65 69 44 6 18 15 73 9 49 31 71 24 55 35 64 62 77 80 46 70 20 36 48 59 54 22 39 60 5 2 37 
77 31 2 24 60 53 16 10 15 71 66 20 14 43 1 22 33 38 56 57 54 69 44 58 61 12 35 30 6 25 41 78 65 63 59 39 70 76 32 13 40 37 21 62 4 29 8 26 9 74 52 48 17 28 5 47 73 34 80 50 27 51 68 79 67 75 46 3 45 49 18 72 36 55 19 7 64 23 42 
19 45 65 79 78 29 58 40 39 28 34 61 18 70 48 41 56 52 4 38 13 31 47 66 21 23 1 75 44 10 42 6 60 33 37 76 53 54 2 25 49 27 16 72 63 22 55 57 62 46 32 51 64 3 36 14 7 35 80 71 67 59 20 77 68 69 30 15 50 74 26 5 73 17 9 11 24 8 43 
29 46 16 32 50 48 45 33 71 66 19 17 7 21 54 75 36 20 23 73 79 64 43 52 51 78 8 1 59 34 41 67 12 53 5 3 37 42 74 6 31 38 49 68 56 76 55 62 9 40 77 18 35 25 57 15 39 11 28 47 24 80 44 63 72 2 14 61 27 4 69 26 58 10 30 22 65 60 70 
11 56 16 69 21 39 70 76 73 24 22 6 5 28 1 44 54 27 47 41 13 29 40 2 45 26 64 60 59 72 35 62 19 77 61 37 57 20 58 78 71 67 12 36 18 32 49 23 51 10 55 68 38 8 15 34 75 50 66 3 42 46 65 7 74 79 25 48 53 31 52 17 4 80 43 9 33 30 63 
4 78 69 9 12 11 79 48 62 28 53 3 46 45 50 66 27 44 26 23 67 63 76 20 65 59 75 47 8 22 17 77 43 58 14 25 13 42 40 2 57 52 6 70 51 32 1 71 19 39 5 36 49 68 55 21 38 80 64 18 72 30 56 74 34 54 60 33 31 73 10 37 61 7 24 29 16 41 35 
7 63 54 2 46 71 76 26 74 33 3 65 56 31 49 39 38 45 41 79 10 22 27 48 72 57 50 17 77 44 6 4 67 37 78 34 42 8 23 55 36 19 5 61 59 11 15 75 66 53 73 60 30 18 14 12 64 68 28 70 25 1 21 40 32 43 47 13 9 35 80 24 69 51 52 20 62 58 29 
53 63 46 48 68 41 66 56 73 3 24 43 28 51 34 78 33 61 42 60 27 20 58 7 76 55 5 72 54 71 77 26 29 23 9 36 13 1 50 69 18 67 8 35 37 21 22 65 15 38 64 52 62 44 11 16 10 6 2 40 80 25 14 45 75 12 30 59 31 74 70 19 39 47 49 32 4 79 57 
5 70 25 21 10 22 24 65 39 30 27 16 58 8 57 36 41 48 44 46 3 55 34 71 79 37 13 51 42 72 7 56 64 74 15 17 31 62 26 59 76 4 11 43 47 53 12 19 40 63 80 67 28 49 75 45 52 2 68 33 14 50 23 32 61 54 38 66 35 1 60 78 9 29 69 20 77 73 6 
24 64 22 58 35 3 46 16 13 6 32 21 14 68 31 60 39 10 43 4 23 72 71 20 65 73 67 59 54 69 45 66 49 28 30 48 62 38 41 7 36 9 51 33 61 53 15 42 1 50 37 12 8 34 18 80 70 25 57 17 63 44 79 74 56 78 40 75 29 11 2 47 77 76 52 55 5 26 27 
29 19 68 13 76 22 73 30 9 15 54 57 31 43 64 34 48 55 28 74 44 69 18 41 72 65 1 50 53 45 59 47 63 51 39 33 27 3 58 7 6 61 10 40 12 71 35 42 77 52 56 80 37 60 32 38 78 46 2 79 70 8 24 23 25 26 17 67 21 11 49 4 5 16 66 36 14 75 62 
58 14 33 48 59 5 62 23 76 57 69 15 1 13 61 34 7 9 43 78 74 20 27 53 26 10 52 38 77 49 63 25 79 51 45 12 41 73 44 37 24 36 17 75 19 65 66 54 28 32 67 8 22 3 16 70 46 35 42 18 71 60 11 68 40 29 64 30 50 4 39 6 72 31 56 55 2 80 47 
63 67 30 53 70 69 73 41 6 29 40 15 19 74 32 50 37 4 38 2 46 20 27 28 56 44 35 72 26 66 65 10 12 43 34 62 55 7 57 31 16 78 58 76 68 51 5 33 71 64 13 80 79 48 21 11 8 45 60 39 52 54 3 14 18 77 42 1 9 61 36 59 47 25 23 49 24 17 75 
2 40 10 59 5 14 54 11 30 37 24 62 51 33 16 77 46 66 31 41 17 76 80 52 21 73 55 7 45 8 39 79 44 26 29 1 74 50 35 42 61 18 20 22 60 78 64 68 70 6 47 69 49 25 65 27 43 56 34 57 9 28 71 67 32 58 63 53 19 4 15 38 72 48 36 12 3 75 13 
5 52 79 70 6 43 4 61 53 55 36 11 15 32 57 34 77 76 42 65 46 3 29 67 35 50 26 49 47 74 72 45 37 17 13 20 78 19 7 2 9 54 38 40 64 33 59 71 22 51 75 63 48 1 68 60 30 23 27 14 62 28 41 12 25 73 56 44 66 16 80 10 58 31 69 39 18 8 21 
73 59 26 37 6 71 21 49 5 39 41 43 7 20 42 19 51 33 74 52 48 38 34 23 61 57 65 30 47 75 69 8 14 58 35 2 66 56 80 15 4 50 64 54 17 68 53 62 36 40 11 60 13 12 27 78 55 67 45 3 29 1 22 76 63 70 28 16 32 44 10 79 77 72 18 9 24 46 31 
12 3 23 71 6 74 61 39 30 21 18 67 57 10 80 11 59 15 49 44 69 19 31 27 62 52 24 55 50 48 46 65 54 1 78 29 4 73 42 41 45 47 36 64 37 58 77 9 76 72 51 66 17 25 35 63 79 60 43 22 38 5 7 14 68 13 8 34 2 56 40 70 53 33 16 75 20 28 32 
57 32 6 67 70 20 42 71 31 53 13 38 8 51 17 46 7 37 60 12 43 76 22 1 79 26 49 77 64 39 19 35 21 11 62 72 3 9 75 4 61 29 30 65 10 18 41 36 78 23 74 68 66 50 15 69 14 25 80 48 28 58 63 73 5 45 56 52 34 55 59 47 40 54 44 33 16 2 24 
53 31 24 70 18 2 57 42 23 14 72 41 44 68 49 35 33 8 60 45 12 34 39 46 73 10 65 25 36 32 64 17 50 6 5 1 40 52 62 71 30 11 51 4 59 61 69 9 27 15 37 3 80 75 48 56 13 20 43 67 55 22 29 19 47 78 54 58 7 26 79 76 38 21 66 16 63 74 77 
71 52 75 61 78 28 5 76 22 64 7 19 46 33 10 57 59 47 40 48 65 77 20 69 12 68 9 24 16 73 17 53 8 41 6 43 13 63 4 42 27 11 80 54 30 55 25 32 37 2 31 72 62 79 58 44 45 66 18 23 50 3 34 36 21 1 39 56 38 74 26 14 70 51 67 60 15 35 49 
75 28 54 79 69 58 2 32 8 21 51 62 44 50 45 56 14 66 38 12 9 43 39 42 77 48 10 18 49 72 23 16 1 65 19 35 13 55 33 71 46 67 24 34 36 47 6 53 78 25 80 31 11 68 76 70 73 3 63 7 61 52 4 40 41 29 37 5 27 17 60 57 15 20 26 74 22 59 64 
37 32 60 80 19 63 51 66 42 27 25 49 5 72 73 21 71 35 45 74 57 77 41 34 47 13 30 4 10 22 11 39 28 14 54 50 79 68 69 61 46 2 17 40 56 70 43 23 48 26 44 18 59 53 58 3 65 24 36 33 55 78 75 6 76 20 8 16 38 52 1 29 12 62 67 9 15 64 7 
21 7 20 53 19 79 26 78 39 34 80 27 9 16 28 52 66 29 14 44 65 69 5 75 33 54 57 10 64 13 35 59 8 24 49 50 73 11 18 22 41 51 37 62 17 48 61 45 3 60 42 72 12 74 58 30 47 43 1 15 67 36 31 77 38 76 6 68 46 40 56 71 4 55 63 23 2 70 25 
37 12 8 79 36 40 18 27 48 71 47 32 7 2 77 72 50 43 11 66 74 61 80 65 56 46 76 29 30 31 14 20 21 59 23 9 1 22 5 60 68 38 75 26 44 4 52 25 63 42 39 64 45 34 67 53 54 19 55 24 28 70 15 17 3 6 13 41 10 73 69 49 35 62 58 57 51 16 78 
23 43 75 39 7 71 26 37 33 46 76 51 16 10 42 77 24 17 38 67 54 18 35 68 30 29 53 27 12 40 11 13 63 2 62 74 15 52 49 41 21 69 19 1 78 36 55 56 3 64 60 14 6 65 9 4 59 5 32 22 44 31 50 20 47 48 72 73 8 70 80 61 25 79 58 66 57 28 45 
39 58 25 36 15 20 60 30 74 76 64 48 54 8 14 72 17 80 53 78 57 24 10 32 16 31 5 63 55 28 51 77 52 79 4 68 56 50 3 75 44 41 73 43 37 9 66 27 45 61 62 1 13 19 22 38 34 59 29 71 12 46 40 70 42 26 49 23 21 6 69 33 7 18 11 47 67 2 65 
10 35 67 41 69 63 4 26 39 60 65 43 14 62 72 76 8 61 55 74 23 20 25 18 7 5 51 52 32 68 33 29 13 80 59 42 58 30 71 75 40 54 53 70 73 9 47 34 66 21 2 15 46 17 27 77 37 48 11 31 16 1 49 78 50 3 45 57 44 12 79 19 38 28 22 56 6 64 24 
58 18 48 17 34 70 21 47 3 13 24 25 56 72 66 9 14 44 7 36 33 28 32 69 35 46 26 57 15 22 76 73 2 52 10 55 77 4 6 65 80 74 43 12 23 50 11 59 27 54 16 71 51 75 67 41 8 42 31 62 61 45 78 79 63 68 64 5 19 40 38 30 49 39 29 20 1 60 53 
7 41 8 62 3 35 34 46 17 23 50 10 15 74 21 61 63 6 11 58 28 80 59 42 39 70 51 5 18 76 16 66 4 37 32 12 29 14 45 24 19 43 47 53 31 68 56 13 40 72 73 54 48 9 71 77 75 79 69 44 49 25 1 33 67 2 27 55 26 22 20 60 52 36 64 30 65 78 57 
18 47 37 2 12 78 35 28 63 38 6 31 24 30 44 14 68 52 36 10 71 27 73 53 45 79 29 20 46 26 17 48 51 25 11 80 19 49 4 74 61 77 32 59 69 55 41 65 70 13 50 21 42 72 43 9 7 1 22 64 57 33 54 67 58 75 40 3 15 34 62 5 60 8 23 56 16 66 76 
2 27 60 43 65 48 63 42 30 45 18 66 77 51 25 28 72 11 70 69 62 20 15 31 21 32 7 58 12 50 79 47 68 6 64 75 35 46 49 38 59 8 41 78 19 61 80 22 1 37 3 23 24 54 39 71 44 67 10 76 9 73 52 36 14 55 5 56 57 13 26 53 4 74 29 17 33 16 34 
27 52 56 75 34 43 57 78 55 61 77 1 19 22 63 60 26 72 37 38 35 3 33 23 30 29 20 40 6 16 42 32 36 70 44 53 65 74 79 14 64 31 46 59 62 17 80 4 2 11 71 66 51 45 7 68 39 21 12 5 76 54 8 67 10 28 48 24 58 13 73 15 50 18 25 69 47 9 49 
2 11 37 1 46 10 74 76 3 58 65 30 64 43 13 59 19 67 7 18 29 26 48 79 40 33 41 78 47 32 9 63 77 16 21 45 23 68 72 62 55 60 54 31 51 52 20 50 5 35 71 53 49 6 8 70 69 12 39 28 27 17 36 75 56 73 14 22 24 4 25 15 34 80 57 44 66 61 38 
61 69 64 24 18 60 3 28 9 16 34 63 2 19 55 5 22 62 42 20 75 58 33 21 47 66 44 12 76 48 38 10 6 56 37 45 80 36 23 57 11 31 32 41 27 46 50 39 79 14 54 65 30 13 17 52 78 77 25 51 68 1 72 26 70 35 74 4 7 67 49 59 53 71 15 40 73 8 29 
3 33 30 35 49 40 59 7 66 22 31 32 9 20 27 64 45 57 79 70 60 2 17 4 37 39 10 14 6 55 19 23 18 54 74 62 11 34 77 25 8 48 56 36 75 73 26 28 13 1 63 61 65 50 38 53 78 52 41 68 72 5 76 51 46 12 29 43 16 42 24 47 71 21 15 67 58 69 80 
51 7 46 16 9 25 60 44 5 27 31 77 33 17 12 38 11 14 34 47 23 32 66 30 58 53 57 78 62 63 50 41 29 67 24 55 73 15 61 22 72 70 26 36 4 40 56 64 59 20 65 28 68 3 1 21 10 42 2 69 19 48 35 18 43 39 54 76 71 6 13 37 75 52 8 74 79 80 49 
64 61 16 63 1 18 48 49 70 22 15 58 19 21 28 27 53 51 31 47 68 6 41 79 42 38 7 14 55 25 8 72 39 23 2 32 20 36 30 65 77 52 59 43 33 35 66 69 50 60 3 29 40 54 45 5 62 73 26 24 67 56 75 76 12 71 11 13 78 9 10 57 74 4 44 37 34 17 80 
38 75 2 19 40 53 79 27 45 48 5 23 13 56 16 57 61 76 8 54 59 33 63 52 66 11 9 78 1 18 37 74 25 31 71 39 10 20 15 62 34 42 49 65 17 60 70 29 58 28 44 67 6 32 77 3 43 50 73 46 30 7 64 14 24 22 21 69 72 80 55 68 12 4 51 41 36 26 35 
66 61 32 68 2 77 15 80 39 25 53 60 38 36 76 44 35 12 16 10 56 7 51 19 55 49 78 3 45 34 13 73 1 23 5 30 52 24 28 17 42 75 54 31 57 72 11 29 58 62 63 41 65 9 27 18 20 71 6 4 43 33 21 70 46 74 69 47 59 8 22 64 37 40 79 67 50 14 26 
56 8 75 31 18 5 79 4 28 33 53 6 47 39 69 23 43 35 41 16 57 58 34 70 62 74 21 9 32 52 36 77 17 29 66 2 72 65 51 61 76 50 68 64 12 3 13 40 26 63 15 45 14 54 73 37 1 44 25 78 67 24 10 71 48 19 11 20 60 55 22 42 38 80 7 59 46 27 30 
1 45 63 77 79 59 70 14 48 73 46 53 17 58 27 26 71 66 11 54 80 57 67 23 19 39 69 16 62 33 75 52 38 56 9 32 35 12 72 22 42 36 21 5 24 28 20 25 40 34 65 64 6 78 7 61 31 74 76 30 29 10 13 41 43 2 49 60 15 8 44 51 47 55 3 68 37 18 4 
58 2 68 70 44 22 12 37 62 18 1 4 21 65 64 61 75 79 63 5 8 54 60 11 13 42 55 59 29 50 19 25 73 77 17 53 67 10 20 3 74 32 9 31 78 57 52 71 26 48 80 69 39 7 28 16 33 38 49 24 76 66 34 15 35 27 45 14 23 43 46 72 47 41 40 6 56 30 36 
24 80 4 25 60 58 43 61 73 74 68 76 53 78 55 54 64 5 66 26 56 41 31 10 67 28 44 23 1 6 19 57 11 63 75 18 72 51 71 34 22 77 48 62 29 36 35 37 50 47 12 32 7 40 59 27 70 17 21 79 30 38 16 14 39 46 13 65 42 33 45 2 8 69 9 49 3 15 20 
8 15 13 69 55 50 68 21 44 60 77 33 66 34 61 73 18 14 48 56 51 19 5 72 35 38 57 2 4 11 9 17 47 24 27 6 43 70 25 28 49 3 75 52 39 10 41 23 67 16 54 79 74 37 64 20 12 1 65 46 32 42 29 80 59 22 76 31 36 26 78 63 30 7 45 62 58 71 40 
51 66 41 17 47 9 61 40 26 8 36 10 64 57 70 59 5 3 77 25 37 22 48 27 44 60 68 24 56 13 32 1 19 42 69 52 35 80 15 21 75 7 2 14 79 45 34 63 62 74 67 50 12 49 30 11 39 38 55 76 6 31 71 78 33 43 53 18 65 28 20 46 72 4 29 73 16 58 23 
75 1 4 71 21 46 79 51 59 68 74 3 24 63 28 6 73 27 66 62 52 45 16 2 19 37 7 60 43 34 48 53 56 20 11 77 72 58 80 47 32 44 25 49 76 50 39 64 18 69 41 70 30 26 36 9 78 15 14 61 31 29 67 23 13 17 38 40 54 5 22 65 12 33 10 42 57 8 35 
44 42 25 60 70 17 50 15 1 11 14 16 73 32 13 51 61 35 6 54 76 43 67 38 29 33 57 31 66 20 10 18 40 64 45 59 63 46 77 21 55 49 75 78 58 23 79 26 80 74 65 30 41 52 47 24 48 3 2 4 7 22 37 19 72 53 12 68 36 34 9 71 8 62 69 27 28 5 39 
58 15 8 76 6 41 24 34 27 54 71 49 36 40 56 67 29 23 73 9 18 47 32 52 28 21 44 13 42 74 51 30 33 22 4 63 53 72 14 7 43 50 31 65 80 59 78 48 46 61 26 55 66 45 16 25 60 20 39 62 75 79 69 19 38 37 70 11 17 64 2 1 12 77 35 68 5 10 3 
39 42 65 8 57 77 25 41 29 48 35 80 12 76 24 20 2 18 46 47 3 60 26 75 70 49 50 31 40 13 73 68 30 64 32 21 36 44 61 16 55 45 52 22 33 56 66 79 71 7 51 17 37 11 43 9 19 62 59 74 78 53 67 1 27 23 63 69 14 54 10 38 34 15 6 5 4 28 72 
22 8 79 49 47 60 24 68 9 20 76 70 31 21 12 56 52 25 67 64 19 69 45 72 32 29 74 73 61 10 2 55 28 62 11 65 3 27 26 41 50 75 34 58 1 46 14 51 43 77 40 15 33 4 44 42 13 16 53 54 71 6 48 66 38 5 39 80 37 7 63 57 30 35 18 23 17 36 78 
32 22 68 51 26 79 35 64 15 59 27 6 23 24 57 78 80 46 71 70 1 5 29 21 37 41 40 72 61 56 73 69 77 44 31 43 17 8 16 25 2 63 36 30 49 7 74 76 38 54 14 3 50 52 65 18 13 20 33 9 75 34 48 58 28 42 67 45 11 62 12 47 55 39 4 66 19 53 10 
79 42 1 19 13 38 18 36 58 74 15 26 30 9 20 11 39 54 40 80 55 12 7 23 28 25 64 43 10 49 59 47 50 75 62 67 3 69 8 51 37 16 66 6 68 46 34 72 5 31 24 21 71 4 27 65 52 56 63 17 44 57 78 60 2 29 48 76 32 45 22 53 14 33 35 73 41 77 70 
19 49 74 43 78 1 76 65 8 2 35 3 21 64 24 13 48 12 69 25 52 18 42 56 66 71 39 26 61 54 45 73 50 5 58 27 59 30 77 46 29 36 20 80 70 75 38 47 63 34 22 32 51 7 57 67 6 31 16 11 14 17 60 55 28 72 44 4 9 33 68 15 41 40 53 37 23 79 10 
54 12 57 52 43 20 78 37 67 21 36 71 7 9 44 42 74 26 75 32 11 31 80 53 5 27 6 68 14 46 47 24 13 58 33 45 18 51 19 22 16 72 35 56 28 10 3 2 25 39 69 23 77 79 59 55 29 17 65 50 38 70 34 1 64 61 60 48 49 76 62 30 66 15 8 40 4 41 73 
40 50 65 68 17 7 52 28 75 30 8 79 43 41 4 56 14 27 42 44 55 3 47 11 61 76 23 48 62 22 26 36 16 29 73 77 46 58 19 70 31 10 72 59 32 5 78 38 21 12 9 13 37 53 45 66 1 25 57 51 34 33 80 69 49 54 18 60 39 67 6 74 20 24 71 2 35 63 15 
59 30 43 1 56 77 78 40 33 71 55 51 42 72 38 41 13 21 25 3 18 74 61 27 73 50 80 29 2 37 68 23 45 11 54 10 39 6 12 67 60 49 66 70 57 7 14 48 44 22 53 9 19 52 75 26 4 31 76 24 5 17 79 15 63 64 35 62 46 34 28 16 47 58 36 69 20 8 32 
51 36 53 27 56 37 17 52 34 58 26 74 71 15 8 65 10 64 31 28 12 62 22 38 5 30 54 13 60 63 16 80 39 21 72 43 78 14 48 75 44 1 70 4 55 76 50 18 41 23 32 6 40 7 35 45 67 46 73 79 69 19 33 2 9 57 49 3 47 25 24 61 68 20 29 77 42 59 11 
18 41 65 24 76 54 34 62 6 20 30 66 9 42 78 52 56 43 69 75 49 1 25 58 29 22 77 17 45 23 73 53 44 7 47 72 36 71 28 32 59 48 5 37 39 3 19 68 35 8 33 31 11 64 12 80 55 50 27 46 40 10 21 51 14 26 79 38 61 4 16 74 57 13 60 2 15 63 70 
74 3 52 41 7 37 30 50 5 16 45 53 15 12 25 59 76 20 2 61 56 33 22 35 14 57 32 75 70 69 62 17 24 34 11 38 26 67 66 42 36 4 43 79 18 6 9 44 77 73 21 72 49 39 51 46 13 31 65 8 54 23 58 47 55 29 10 64 27 80 71 1 28 40 60 19 48 63 78 
36 59 48 1 40 32 68 30 16 67 31 70 46 35 9 50 47 53 58 77 24 11 75 66 79 3 20 25 60 2 73 78 51 19 49 33 43 8 10 39 38 76 64 18 54 4 37 44 56 13 28 42 17 23 34 12 14 55 45 62 15 65 22 21 80 27 26 72 52 61 7 41 71 29 5 6 74 57 63 
7 11 71 61 56 58 36 19 57 34 39 38 75 52 16 33 27 45 78 67 63 28 62 35 31 2 73 1 21 8 15 53 26 41 54 3 22 14 30 59 77 79 64 74 29 40 51 50 32 49 37 65 5 42 6 9 80 55 17 24 46 25 72 4 43 10 48 23 13 68 47 66 60 69 76 18 12 44 20 
74 15 79 36 13 35 42 37 80 68 23 51 44 46 56 27 1 20 14 16 60 72 57 78 30 26 29 47 52 12 38 64 4 77 55 24 67 76 32 17 31 6 49 5 41 11 40 28 54 25 63 34 21 58 9 53 43 62 22 61 18 3 45 48 10 8 66 2 65 7 39 33 69 19 70 50 73 75 59 
71 56 48 23 58 11 2 34 38 7 69 44 47 25 20 18 77 59 49 51 1 45 74 78 46 67 64 14 52 5 28 30 8 33 70 27 57 73 31 22 6 68 16 80 36 66 24 9 3 40 63 79 43 62 42 39 41 13 75 21 32 76 4 35 10 26 29 55 54 65 60 50 15 61 37 19 53 17 12 
3 50 33 70 75 74 55 72 16 65 62 59 60 1 49 31 77 35 5 8 37 4 17 78 63 36 12 42 15 32 22 30 54 41 39 7 48 6 23 44 29 61 43 13 24 80 21 51 79 9 38 20 68 28 34 10 40 18 56 76 46 71 53 45 52 57 69 14 47 64 11 19 26 25 27 58 66 2 67 
14 3 22 31 67 75 43 65 24 17 1 48 18 37 9 70 30 57 45 6 19 76 38 16 28 8 41 32 29 20 54 26 15 33 62 79 63 46 68 58 77 59 39 25 42 34 61 7 47 66 78 52 69 11 4 21 64 49 35 50 23 5 36 2 44 55 73 27 60 10 40 56 71 72 12 51 53 13 80 
10 14 22 59 73 74 29 4 17 36 27 11 35 8 1 62 32 43 70 13 61 24 60 23 47 16 6 39 76 71 68 38 25 28 49 18 58 3 65 67 48 78 46 31 50 20 21 15 5 7 41 26 53 30 37 34 19 57 69 77 56 55 54 44 64 79 63 2 42 9 12 51 45 72 33 66 80 40 52 
39 16 9 2 58 68 31 62 33 78 19 1 72 56 30 36 70 74 44 5 12 45 64 57 46 32 10 66 61 23 26 47 43 29 55 24 40 50 7 15 54 73 14 13 28 80 65 6 25 18 22 11 27 51 60 79 35 21 77 53 75 20 59 34 48 4 71 49 8 38 67 41 69 37 52 42 3 17 63 
59 29 15 27 22 80 23 57 42 41 61 24 40 38 4 32 68 6 19 3 69 50 71 62 31 74 66 9 47 45 63 2 16 60 33 53 72 28 73 26 12 11 65 76 43 34 18 7 54 13 37 52 58 5 10 8 1 21 64 20 36 25 44 17 55 48 51 70 46 75 67 78 56 30 35 14 39 49 79 
25 11 49 64 37 27 79 31 28 2 50 21 10 54 80 60 57 5 23 76 34 48 55 4 33 46 75 29 53 47 66 8 3 73 44 41 61 51 58 17 56 71 9 69 15 62 77 22 30 65 42 39 32 12 14 19 1 52 45 40 43 6 18 67 63 68 70 7 72 38 35 26 59 13 24 74 36 20 16 
72 60 6 3 77 34 54 48 66 20 65 40 2 67 78 51 43 5 23 80 16 9 17 24 58 70 62 13 4 45 75 25 32 36 22 39 12 21 69 74 52 11 73 68 29 49 14 27 44 46 26 71 15 19 55 38 56 61 33 59 8 53 41 64 18 31 7 76 28 63 30 50 10 47 37 35 57 1 42 
71 2 34 21 73 69 19 25 56 17 51 40 8 30 72 77 63 68 10 7 74 11 9 78 4 44 1 46 3 70 15 76 22 62 41 50 13 59 65 66 55 64 20 75 18 54 31 61 67 36 58 16 43 12 33 27 79 37 5 45 14 29 60 57 35 42 23 24 52 6 32 39 47 38 26 53 28 49 48 
