80
65 75 54 80 57 76 71 49 33 51 67 43 41 12 29 45 63 9 13 11 8 25 61 24 34 62 36 7 42 53 55 20 28 56 77 32 21 35 68 78 73 60 48 
3 67 68 37 6 69 28 16 26 33 12 46 72 21 59 43 25 39 52 5 22 74 47 62 30 51 58 29 38 40 63 75 23 15 48 70 
20 38 26 14 21 76 11 79 10 25 13 77 62 39 68 78 63 37 31 12 24 16 29 41 5 51 9 2 66 15 44 56 47 33 17 50 60 36 6 74 
72 18 50 35 55 54 31 59 24 46 64 39 33 34 6 8 58 49 20 76 61 9 5 44 7 41 78 74 79 80 16 27 47 23 
61 41 44 45 23 6 7 11 17 62 8 14 75 27 46 2 10 48 43 4 12 66 30 16 59 39 34 79 3 65 21 74 
66 44 8 2 62 18 52 41 25 28 5 29 50 24 68 55 73 34 69 9 12 32 7 17 45 51 65 56 72 36 47 71 74 26 35 58 38 10 13 79 57 3 15 49 59 60 4 77 64 
46 1 22 5 30 35 10 58 45 40 4 34 49 66 73 70 71 9 41 76 53 28 59 16 65 38 48 42 50 31 62 78 80 14 64 24 27 6 69 54 60 61 57 
44 29 46 22 40 1 25 43 10 67 54 69 27 38 20 58 6 75 23 56 48 14 66 28 11 41 32 13 36 5 39 76 9 21 4 70 72 34 64 74 51 45 35 15 
1 16 44 6 58 35 53 41 8 72 45 32 4 66 25 7 14 80 63 55 18 11 71 12 26 64 79 46 10 69 15 33 34 47 28 61 43 77 13 3 68 78 62 
70 77 12 30 6 58 74 46 64 15 75 49 7 47 61 11 8 17 67 9 43 27 59 63 80 72 3 39 13 69 42 44 22 62 41 51 5 57 38 73 23 
62 48 9 10 61 38 22 68 5 51 73 26 78 37 72 71 76 69 30 66 46 14 50 52 34 58 31 23 19 3 64 25 36 1 42 54 70 33 53 8 55 39 49 
56 74 20 1 60 75 34 59 42 26 51 58 18 43 78 3 5 48 10 72 9 32 24 39 2 29 19 61 67 6 27 50 36 15 66 
37 52 20 8 70 25 42 29 6 48 38 9 67 47 62 43 28 33 78 17 61 10 46 77 22 56 75 1 44 80 64 26 73 34 30 3 71 59 68 32 19 18 
5 30 76 64 46 7 32 67 62 15 8 40 70 22 78 23 25 11 73 3 58 66 55 43 9 17 31 38 61 19 69 79 36 42 68 37 
3 44 70 22 53 41 26 72 23 64 61 10 25 68 57 28 76 18 78 69 6 24 74 75 65 35 2 39 12 8 43 52 19 45 37 27 80 14 21 9 66 79 
18 75 47 37 36 57 60 9 63 33 72 79 31 56 67 26 35 54 64 73 51 71 30 22 5 20 53 41 77 76 80 69 74 25 38 44 4 55 43 7 2 3 
55 20 37 38 52 80 28 51 33 48 5 22 45 10 13 78 41 71 56 40 34 67 47 57 32 36 6 14 23 27 66 62 3 21 
77 27 49 16 34 19 6 56 13 30 4 46 9 21 78 44 76 38 52 42 26 64 37 45 22 20 74 29 58 40 35 72 15 12 69 65 
72 69 62 40 53 44 75 48 68 60 65 20 34 18 13 67 23 79 71 12 38 24 73 58 45 47 55 37 15 54 64 14 59 57 30 11 21 
13 1 53 12 45 44 51 8 39 71 77 29 16 19 70 68 18 3 52 73 69 63 74 47 28 46 23 50 22 78 58 61 31 34 76 62 36 42 55 40 17 27 4 
52 19 56 60 32 49 46 47 2 23 30 53 3 65 39 68 18 44 5 67 74 43 35 63 69 36 28 58 41 42 15 72 70 8 38 22 40 48 71 17 1 
30 15 63 18 60 44 67 39 10 41 17 79 21 42 8 70 25 16 31 49 13 71 66 32 38 48 35 40 64 26 77 24 20 61 80 73 7 59 56 2 23 14 65 58 11 47 54 29 76 
65 37 73 55 35 68 19 47 11 14 22 63 31 80 4 5 33 26 21 53 43 48 75 27 66 20 15 71 8 44 28 10 2 64 42 50 59 51 17 41 
71 40 7 33 45 28 36 54 27 56 26 32 34 51 35 3 38 39 58 62 15 57 43 53 70 75 19 76 30 4 78 42 25 22 12 1 44 63 6 49 
31 33 80 71 3 36 9 22 43 24 47 15 6 2 16 72 42 26 57 27 8 1 78 11 44 55 61 37 49 63 66 13 75 14 58 69 
40 31 60 24 70 38 12 71 16 63 11 57 27 62 23 22 73 72 53 15 33 25 49 9 6 36 3 2 18 13 54 59 64 
4 44 20 32 5 24 55 67 15 72 8 65 73 40 50 12 42 18 25 46 49 38 48 17 70 79 54 26 77 74 23 35 7 53 28 56 75 76 69 31 10 29 61 80 34 45 63 
20 6 58 24 30 9 27 57 43 53 1 74 80 75 76 67 73 7 51 32 21 55 23 70 13 49 15 42 47 45 8 17 2 69 
61 8 53 46 44 6 78 33 1 41 56 32 2 80 13 76 12 49 63 27 64 70 18 30 51 22 39 3 20 57 79 38 
55 48 28 46 66 49 45 29 11 68 70 73 36 22 63 80 16 67 34 13 19 65 43 54 2 71 38 75 53 24 40 21 60 18 50 5 10 77 7 31 59 14 
48 7 16 55 25 44 79 43 4 37 75 57 63 46 20 70 14 72 61 42 74 27 62 53 33 60 64 80 71 40 66 49 69 32 30 41 36 51 11 23 38 22 3 26 
9 29 27 79 45 77 6 8 21 53 37 65 24 54 28 47 66 22 43 56 17 38 33 80 62 13 69 49 1 39 12 31 14 51 72 71 78 68 41 
41 23 78 17 11 52 40 13 2 1 64 38 34 74 35 76 70 24 66 3 47 39 26 16 31 46 45 32 53 25 29 59 79 62 9 4 69 36 
5 18 35 56 80 57 49 11 37 30 78 12 53 52 8 75 6 55 48 20 33 19 7 59 58 39 77 45 24 17 72 60 43 27 65 44 9 4 1 46 13 63 71 
7 34 68 47 65 77 49 53 79 16 38 36 24 18 4 37 33 51 60 22 9 23 21 76 27 57 80 56 54 58 15 41 1 8 39 52 63 45 6 48 
55 14 24 63 35 69 16 71 40 21 8 53 41 6 80 42 62 43 31 75 25 3 20 46 12 66 11 33 76 30 57 17 26 48 73 72 58 1 
39 32 23 78 76 16 71 13 38 62 25 14 49 70 45 18 80 55 19 50 3 15 75 44 57 74 77 17 63 60 48 42 35 41 31 11 34 79 2 43 
10 64 19 11 75 8 50 24 35 26 33 53 61 40 42 31 14 79 21 2 71 3 54 22 57 52 27 78 37 13 6 29 63 51 73 30 74 32 17 77 66 16 44 68 59 18 43 7 
12 32 66 47 37 57 45 60 24 34 11 4 58 33 3 5 29 20 35 21 51 61 68 15 55 65 80 8 10 22 2 76 63 40 
69 48 54 27 21 26 36 20 76 57 58 77 18 2 50 44 62 63 41 60 49 39 45 46 74 8 42 71 19 53 33 61 14 7 24 51 31 17 38 56 22 55 65 80 30 
59 80 55 72 35 70 49 9 50 15 32 22 29 36 40 60 62 1 23 8 5 21 4 79 6 78 17 73 3 31 16 10 67 56 37 7 69 74 46 33 
7 80 48 63 57 60 12 44 1 31 74 49 22 18 67 14 76 37 55 72 79 65 25 70 24 10 21 13 46 11 20 27 38 23 61 53 52 36 45 40 71 64 28 
13 28 64 67 55 21 70 16 61 15 57 37 76 1 30 74 9 34 56 47 46 5 73 23 32 24 48 38 14 69 25 66 2 75 10 77 8 12 36 31 
29 46 61 3 37 27 45 67 24 8 23 6 42 73 64 19 4 69 21 22 77 58 68 70 18 5 40 48 16 65 74 80 34 15 25 38 52 13 31 10 55 53 50 20 9 
30 7 37 5 40 6 9 32 8 56 63 64 44 24 66 61 34 20 46 58 33 42 70 59 78 35 17 27 51 18 71 19 15 39 65 80 28 50 1 53 
79 21 2 42 18 33 7 61 74 5 71 54 30 45 70 29 36 62 14 40 63 43 44 9 60 68 4 31 11 80 47 34 56 55 20 27 13 75 41 10 8 
23 13 48 6 9 72 68 70 32 2 62 76 64 3 57 16 80 17 10 55 21 25 66 20 49 67 69 43 54 74 4 46 51 22 19 35 52 33 78 39 73 28 56 
21 17 61 7 47 1 69 36 12 60 37 2 44 19 31 11 27 58 13 23 49 5 76 54 40 35 59 43 75 8 56 74 66 34 70 57 73 30 42 22 62 71 
59 34 71 80 63 30 53 41 47 72 26 60 50 27 21 1 48 77 32 22 7 24 64 66 58 18 29 31 10 42 25 70 28 52 6 69 4 35 37 67 61 40 11 
78 76 79 4 6 71 74 49 23 11 27 38 7 75 61 37 44 41 40 68 57 64 30 72 20 45 70 3 12 
74 2 1 75 55 24 67 38 23 47 16 59 45 28 35 10 12 62 40 70 11 78 3 29 31 77 32 73 8 60 6 20 69 17 39 64 
21 67 13 71 77 80 6 59 78 11 73 20 54 56 34 42 53 68 15 17 2 57 47 35 62 79 63 33 66 18 38 44 49 
45 21 62 38 36 7 49 9 63 73 76 24 70 28 42 35 23 34 40 44 31 61 1 52 58 72 74 19 27 20 32 16 15 33 11 60 29 77 30 26 
77 48 40 7 59 62 22 46 80 56 8 27 30 32 38 52 1 68 75 26 60 16 65 61 47 79 24 72 19 11 35 74 4 
34 11 16 41 39 66 56 17 19 1 42 6 46 23 20 9 14 75 25 31 57 80 51 28 30 78 47 37 69 40 64 62 36 4 27 67 43 44 
66 3 24 63 52 8 35 75 29 18 55 78 54 72 43 68 22 47 76 16 12 6 45 21 34 67 1 41 27 17 77 65 48 80 13 62 32 40 46 79 
65 35 26 38 71 36 25 48 10 6 34 39 40 47 74 66 42 19 69 55 73 29 24 31 43 28 52 15 1 70 7 50 67 16 80 37 17 
48 69 20 11 62 34 67 49 35 71 53 4 7 18 21 25 63 78 24 60 59 74 9 61 36 40 6 77 39 70 45 12 73 44 14 2 10 68 8 28 22 19 79 
79 38 19 65 49 77 73 23 4 51 26 41 34 12 71 58 52 70 7 66 54 48 68 10 33 60 2 6 30 45 74 5 80 22 13 
68 1 49 21 54 31 39 61 6 41 51 71 48 35 30 46 53 66 75 59 19 12 37 26 42 16 65 22 3 40 34 7 74 58 
5 48 45 12 39 44 53 29 7 54 25 79 13 1 4 31 80 40 76 9 14 15 71 69 49 63 42 10 46 74 11 58 27 68 50 38 60 43 22 65 64 66 78 20 
48 32 26 2 14 56 10 69 36 20 24 74 73 33 37 17 47 13 79 19 51 3 68 6 53 1 66 67 11 52 71 7 40 41 63 55 31 46 5 54 9 58 64 
79 80 1 26 29 52 21 36 49 22 56 37 42 78 40 23 66 10 16 3 46 30 25 45 2 34 68 67 27 53 20 69 74 24 62 39 61 31 9 38 64 58 35 
55 45 23 38 62 31 18 47 22 8 16 61 7 44 33 14 63 10 65 6 11 71 50 26 42 19 51 4 43 13 29 15 49 9 76 70 
35 19 40 67 42 79 15 56 64 22 5 80 6 68 7 21 45 44 59 60 57 66 1 39 23 18 54 30 27 75 71 61 34 32 73 72 69 
45 62 17 60 11 39 33 47 6 72 59 31 65 14 63 61 74 22 25 48 57 38 30 56 52 80 9 3 12 75 5 36 15 32 73 55 8 23 7 49 43 
79 57 63 70 19 51 74 62 56 42 44 43 21 58 1 73 68 65 8 52 55 41 16 49 14 2 77 69 76 17 10 27 30 72 12 13 28 47 22 
58 50 23 46 20 72 60 80 14 44 54 63 32 30 38 75 77 35 76 11 56 13 61 6 47 2 62 65 21 3 59 52 15 9 39 19 67 1 
40 10 65 43 61 32 6 49 62 20 7 15 18 27 21 57 2 41 67 48 36 11 80 9 31 63 25 8 19 33 14 44 58 47 28 55 51 16 74 
44 24 41 31 20 51 8 33 28 26 7 48 73 64 76 10 47 15 58 59 42 2 46 29 13 14 67 78 50 77 49 37 11 21 30 22 53 27 57 45 79 43 
61 78 65 21 64 7 16 48 73 20 42 40 80 13 19 52 6 34 45 74 9 57 49 76 58 31 60 30 1 37 36 32 26 59 22 72 25 62 23 38 24 11 50 46 17 77 
68 65 18 32 15 9 49 8 21 34 47 50 41 19 4 25 71 27 42 6 31 36 54 67 11 12 76 78 73 2 56 53 26 66 16 10 
26 52 14 72 38 67 48 6 44 36 66 10 57 43 1 13 47 23 30 78 71 7 19 59 28 70 62 27 16 22 41 20 53 51 58 65 11 
6 31 63 54 57 71 16 37 80 21 78 61 48 5 10 53 38 18 79 20 33 8 27 59 41 46 76 42 4 15 51 67 69 66 12 50 47 60 3 40 58 62 43 28 77 2 44 
30 13 15 24 77 66 79 43 23 48 38 68 16 10 19 5 54 37 55 46 31 56 51 36 1 2 27 28 60 34 78 50 25 8 65 12 
53 43 56 68 18 1 37 39 3 71 47 7 4 29 33 64 28 20 16 70 72 67 79 14 40 74 36 61 22 80 50 11 8 15 27 48 24 42 35 
38 30 53 59 40 67 58 68 6 37 9 35 71 27 13 10 74 16 18 52 56 70 78 34 20 44 43 32 51 3 22 79 49 1 54 75 
70 25 38 20 24 11 1 41 3 29 13 52 63 71 12 61 37 18 74 77 14 33 56 72 51 55 4 75 45 17 50 9 7 58 32 73 47 34 15 
3 33 19 59 14 9 35 70 63 31 27 15 61 29 56 54 76 50 4 67 65 42 32 16 46 38 62 22 37 52 75 5 41 58 6 74 77 
1 32 76 37 7 39 45 28 13 69 27 63 17 56 68 34 55 41 23 4 42 22 31 35 59 25 71 54 47 44 65 66 49 10 61 30 36 46 74 40 57 52 16 9 15 29 