80
58 43 64 60 35 53 26 12 14 38 25 66 24 78 9 18 68 76 47 54 27 
66 71 45 78 24 43 17 31 19 56 11 37 4 47 69 38 60 
33 56 72 14 45 62 40 79 16 26 32 19 77 61 6 31 
23 39 57 9 20 17 26 52 29 48 2 36 73 6 22 72 67 33 65 27 43 53 
55 46 73 8 40 13 74 76 43 44 64 75 24 35 9 29 19 30 22 59 
34 53 18 46 29 38 4 54 25 3 80 31 77 14 23 76 49 30 22 55 9 
35 8 46 48 78 26 11 65 41 51 24 53 64 30 32 68 77 54 21 
28 21 33 26 11 16 72 63 62 19 27 52 5 34 22 48 57 71 7 14 56 
49 58 39 64 27 46 75 66 40 38 5 10 44 20 47 68 50 6 80 1 4 
35 77 34 55 9 60 25 62 79 75 47 28 15 23 24 72 
64 20 54 45 72 47 73 8 15 24 35 7 13 22 31 2 48 40 33 59 34 
80 54 33 78 13 71 60 50 48 53 43 15 1 62 72 24 76 
38 37 19 40 46 11 47 79 56 49 24 5 50 42 34 72 12 35 25 
1 63 18 53 31 49 8 42 65 6 3 80 37 72 69 64 74 45 59 23 78 29 24 35 
20 25 24 73 78 45 23 74 38 64 47 55 44 12 11 42 65 22 51 48 10 40 
55 40 77 3 19 8 39 26 45 54 41 49 
73 23 22 20 53 4 35 26 46 64 71 45 2 43 41 74 78 
6 56 22 25 33 14 77 45 1 76 27 48 74 69 38 39 49 65 32 28 
34 35 5 33 25 62 42 20 16 49 58 71 32 3 69 2 57 13 79 44 8 
69 4 49 9 37 65 80 57 39 17 70 21 11 58 40 28 68 19 29 15 30 
22 73 7 53 25 8 40 54 59 30 78 31 20 50 29 24 
50 26 6 73 27 78 30 80 59 4 11 5 52 41 72 15 71 37 57 17 21 18 24 8 35 34 
49 52 25 30 50 53 15 17 39 71 4 46 6 10 57 14 70 
31 70 14 55 50 15 38 58 10 12 11 27 28 5 61 22 2 40 21 36 64 76 1 13 60 7 
51 58 60 71 6 21 10 18 37 55 76 56 13 15 23 1 19 66 26 47 70 45 73 32 
77 25 7 4 1 16 74 22 37 67 78 41 17 51 65 34 30 8 32 3 
61 18 70 62 24 78 32 4 35 29 45 72 48 63 67 75 77 54 8 9 55 1 39 38 22 
31 76 20 57 43 68 69 41 24 67 29 49 51 10 53 47 36 8 55 18 62 
44 67 6 20 80 54 47 75 38 36 27 64 30 14 21 77 28 62 4 5 41 53 
7 45 23 40 66 56 65 42 64 6 26 77 60 5 22 20 72 21 36 29 75 
21 11 2 14 43 28 61 58 38 6 59 24 69 73 37 78 70 60 32 72 35 71 3 44 
68 7 19 41 26 33 42 66 40 3 46 31 80 56 57 25 69 50 18 27 
52 3 32 8 19 47 36 40 60 4 18 12 55 11 72 
63 36 38 80 67 74 57 13 76 10 22 66 19 55 8 73 37 6 44 11 26 
59 72 49 74 13 5 1 31 11 60 22 10 39 41 17 19 79 58 27 75 14 42 54 7 
24 28 4 58 38 29 37 41 33 62 55 30 48 72 59 34 
31 67 60 54 56 13 44 59 70 38 34 47 25 77 2 58 22 71 26 20 14 75 36 64 
15 39 48 45 2 52 9 76 50 29 6 44 37 59 24 64 13 34 1 18 31 67 27 53 36 
46 23 27 71 68 65 20 66 35 38 60 16 79 18 4 9 73 
11 53 49 21 16 66 30 15 33 43 9 24 13 64 3 69 32 5 20 
7 44 32 16 69 26 29 67 22 35 45 52 76 64 17 36 28 
47 78 73 35 68 62 15 50 19 30 71 63 58 14 56 66 72 51 13 52 80 32 
52 17 50 40 65 68 31 2 72 1 78 5 4 70 80 28 12 51 
60 34 38 47 68 53 9 31 66 69 37 70 19 78 5 15 41 29 80 65 72 
16 25 3 74 49 61 53 30 41 75 27 15 72 38 56 17 11 71 52 14 58 2 18 
51 66 74 17 5 63 80 6 62 39 64 7 32 72 23 78 13 9 
49 61 11 72 13 44 69 50 33 77 28 15 9 1 2 68 25 29 37 10 42 
68 36 55 65 38 8 62 12 7 27 18 4 15 50 11 80 53 51 49 58 
47 18 48 20 14 19 75 63 23 16 40 9 28 45 35 65 13 76 70 6 73 
71 52 58 23 48 77 60 13 32 9 38 24 12 47 57 22 21 76 42 79 43 
15 71 54 75 26 48 7 46 56 42 67 62 43 59 28 25 57 
33 41 55 8 23 70 43 73 62 50 63 4 45 38 64 22 66 42 54 
45 29 62 58 38 65 12 21 14 4 17 28 1 23 73 6 44 40 7 76 48 68 80 
35 56 29 27 71 77 7 76 66 16 6 1 21 62 12 74 52 11 79 64 37 51 
6 28 24 27 33 25 10 48 67 34 36 60 5 16 15 52 
59 37 68 42 63 45 64 8 2 3 70 25 13 18 61 51 76 30 32 58 54 
64 74 62 72 8 23 34 32 50 19 75 51 20 28 77 22 67 4 
56 37 60 24 35 45 9 31 48 19 36 70 42 50 20 25 53 1 
35 36 37 14 62 70 75 5 72 38 71 65 31 66 11 51 21 69 22 56 
50 39 61 2 78 30 64 35 58 71 77 31 37 12 74 25 33 72 10 80 1 63 55 24 44 
56 27 31 47 73 45 77 60 3 24 
27 59 19 42 53 12 46 52 28 73 3 10 57 36 29 48 63 8 54 76 51 
52 42 78 56 14 74 8 60 34 66 27 49 62 46 77 
38 46 15 69 29 37 24 17 75 40 70 56 1 54 9 30 57 14 60 68 11 7 5 41 52 
44 78 59 39 76 15 71 49 53 4 7 48 30 26 18 14 43 20 67 
63 75 68 2 25 80 79 54 46 1 59 44 40 69 32 52 42 34 9 39 30 
34 57 65 4 26 27 68 51 55 72 28 29 37 41 38 71 
56 42 47 1 44 9 66 28 39 20 43 67 32 64 48 7 72 75 76 53 
66 28 64 31 20 40 80 44 77 18 32 72 14 59 2 19 47 41 
31 25 23 49 76 64 20 59 52 24 37 77 44 73 27 58 56 43 
22 65 39 67 17 23 37 25 50 59 42 60 45 8 75 54 31 19 51 12 2 
13 74 27 59 45 14 31 79 11 75 60 57 35 68 46 22 33 42 43 3 36 69 80 8 4 47 12 44 67 10 30 
31 21 62 22 53 15 61 42 11 34 5 52 4 17 39 25 49 70 
60 15 14 5 72 46 54 35 45 80 57 76 26 34 17 18 75 63 
57 71 51 10 68 30 64 59 72 35 5 27 66 37 45 29 76 49 74 9 
12 1 54 18 24 34 80 56 41 6 70 53 50 74 5 62 75 49 65 68 38 25 28 
27 61 29 60 79 50 6 30 3 54 7 57 16 37 69 63 47 18 70 26 10 
26 15 7 44 65 12 42 2 43 22 14 63 21 31 46 60 27 1 17 
10 66 54 50 39 35 19 3 77 72 13 
72 22 76 44 43 53 69 74 14 20 34 46 42 32 6 12 9 60 48 66 29 