80
55 5 27 61 70 10 38 20 62 65 39 73 58 9 34 12 66 26 21 4 71 36 77 32 25 67 46 49 47 51 72 29 16 48 43 52 63 8 30 2 3 45 22 54 56 64 69 76 57 13 75 44 6 42 19 18 59 78 
13 21 10 8 70 26 31 12 52 30 55 53 48 60 16 25 17 77 51 39 20 22 65 59 63 80 78 28 49 27 76 67 29 62 47 73 42 69 33 64 1 14 34 24 56 43 46 5 40 19 38 36 3 45 44 61 68 7 57 23 6 9 
30 66 69 40 19 11 60 67 73 75 76 10 5 47 18 22 80 64 26 4 77 27 61 79 54 44 16 46 28 49 53 62 17 51 50 59 41 6 31 58 13 71 43 14 63 38 35 56 23 1 20 68 33 78 2 24 36 
39 62 23 74 18 26 65 70 60 1 36 64 20 79 51 37 57 29 58 12 10 45 61 32 66 71 5 41 22 8 11 73 35 72 46 14 50 49 34 19 53 59 40 80 28 38 78 30 21 47 43 55 54 9 27 3 77 
39 2 74 68 25 61 28 32 64 3 18 60 7 38 8 13 30 16 78 76 21 36 34 27 62 29 17 65 1 4 79 48 42 58 55 49 73 75 10 35 53 6 19 63 33 54 51 59 72 71 22 40 43 67 41 80 37 24 23 66 9 50 77 47 
11 13 77 19 14 21 49 58 74 37 70 53 69 78 34 2 73 76 65 36 33 72 57 80 42 62 66 64 1 68 60 30 28 7 40 18 3 59 71 24 22 12 79 8 5 44 20 45 9 50 41 43 54 23 55 17 15 47 16 63 52 32 48 27 
5 71 32 15 59 63 42 47 35 14 23 20 48 39 33 26 74 57 29 44 69 73 67 30 19 64 16 10 61 6 70 41 27 80 72 40 60 13 34 31 37 21 79 2 75 17 36 51 78 38 43 25 76 52 50 56 45 8 12 65 
32 71 27 74 24 4 30 58 78 10 33 75 37 44 54 1 67 5 11 60 17 20 23 65 79 49 16 68 34 39 63 36 19 35 51 72 56 13 73 59 31 6 45 55 57 29 2 53 69 42 18 76 80 15 25 77 12 7 46 62 
64 12 42 44 71 24 11 21 17 45 18 10 47 14 1 38 65 13 50 20 33 68 59 31 6 15 74 16 22 32 78 63 80 37 57 79 39 54 60 30 62 4 73 40 72 26 36 66 5 2 34 41 55 56 75 
56 12 14 35 21 24 29 65 76 42 3 40 31 50 15 5 17 52 4 33 44 23 66 11 48 79 1 59 41 28 9 16 19 69 43 39 45 34 58 2 70 78 80 67 7 53 60 74 77 25 51 32 22 75 61 46 20 13 49 18 54 30 8 
12 41 9 3 10 19 43 27 66 30 80 59 50 35 17 56 77 64 38 26 14 23 78 24 72 31 18 15 65 6 39 20 36 60 69 74 55 47 21 73 53 13 29 32 4 42 25 33 40 51 62 79 54 58 8 67 22 68 28 
11 41 53 59 33 4 49 68 67 45 70 7 20 47 22 74 39 23 71 8 35 18 13 30 36 29 80 44 75 32 62 77 63 66 2 10 21 27 15 24 40 25 6 48 17 69 54 9 60 38 78 52 79 65 64 1 37 72 
6 9 1 44 27 36 38 59 49 73 65 66 37 50 41 2 40 24 75 53 5 3 22 32 48 11 55 10 74 16 30 20 8 54 60 61 35 43 12 56 62 64 17 46 29 7 33 67 51 42 45 71 39 31 70 80 28 78 25 14 23 47 68 
63 78 33 76 24 15 28 13 69 9 75 18 54 19 47 29 80 34 53 45 7 59 55 42 36 10 77 43 3 16 39 74 32 11 65 4 58 44 26 23 70 35 22 30 46 71 66 20 2 6 49 79 60 67 73 50 62 31 
10 27 61 78 73 66 33 23 19 69 51 32 74 8 59 11 54 12 35 52 21 76 77 49 26 64 80 71 63 22 30 7 50 17 55 9 37 47 25 65 67 18 72 39 40 38 60 16 14 42 62 48 24 44 43 20 6 70 46 28 57 41 45 
43 5 14 17 20 68 27 22 38 3 61 10 30 69 67 25 32 40 73 45 57 9 62 52 6 54 72 48 50 36 60 13 65 35 15 71 63 26 29 74 80 2 1 47 39 78 37 8 19 75 59 7 77 53 55 44 24 34 70 
36 73 38 48 43 49 32 31 51 26 44 41 24 52 9 20 28 21 8 30 18 58 16 45 13 23 34 67 47 35 33 40 10 71 2 37 56 12 72 11 75 3 66 64 59 46 53 63 50 55 60 6 7 19 39 70 15 5 57 68 29 25 74 
60 47 39 17 6 42 1 33 36 80 24 58 65 15 45 12 46 21 56 51 11 4 43 76 50 67 30 69 49 9 52 64 23 75 8 44 62 38 70 10 19 3 77 72 59 34 20 27 57 25 40 71 5 32 74 29 14 73 31 
74 4 59 36 48 76 5 45 41 27 35 51 55 28 67 44 10 40 11 79 38 16 26 70 23 54 34 49 21 60 15 62 3 6 7 18 77 63 42 80 24 8 14 71 66 39 47 33 72 31 1 46 64 78 22 37 61 73 29 2 69 17 57 20 58 
16 44 25 4 78 8 75 52 51 34 23 42 32 45 37 38 28 55 73 63 30 14 76 61 69 12 56 65 18 24 10 46 7 36 80 17 40 15 21 19 27 49 1 64 62 67 11 39 13 58 48 35 22 9 3 43 29 6 2 33 59 72 
78 34 68 56 5 47 72 7 37 54 17 39 49 33 4 71 15 69 6 57 55 19 51 10 20 41 22 64 32 9 26 40 46 30 77 74 44 1 73 67 60 70 43 2 75 80 63 62 42 31 79 11 29 38 52 12 58 18 45 
35 2 70 73 42 23 40 14 15 43 49 6 57 21 79 45 19 27 61 69 64 12 25 26 66 50 34 44 46 52 54 11 41 16 67 4 29 24 51 1 31 28 47 71 62 72 3 30 13 55 60 38 63 5 9 32 36 20 33 65 10 
26 69 45 19 58 4 3 24 10 14 44 73 7 39 17 38 66 29 11 28 53 25 55 80 43 42 64 6 60 62 34 5 8 41 57 75 49 20 15 63 70 33 35 27 78 18 56 77 71 30 61 52 13 12 22 2 79 67 65 32 
23 53 15 17 55 10 64 16 37 28 46 77 75 80 14 68 11 66 67 79 54 49 38 31 59 22 13 60 5 78 32 71 43 33 12 30 62 57 74 20 40 56 3 58 18 19 8 25 6 35 72 50 76 9 41 52 34 44 65 29 2 47 61 
44 71 1 76 80 5 59 56 15 30 73 75 17 20 22 74 37 55 13 29 61 18 11 16 70 2 8 39 54 24 60 78 51 62 23 10 63 57 69 32 58 53 52 7 38 33 68 26 12 41 27 49 42 
44 15 27 54 67 19 22 61 23 51 64 36 31 41 33 53 48 21 45 37 1 39 75 29 47 76 80 55 11 71 66 2 60 9 50 43 17 58 57 16 3 77 70 14 38 25 72 59 40 32 28 34 74 30 7 65 4 35 
73 1 56 71 52 3 44 43 67 34 49 13 28 62 47 65 42 75 74 41 48 33 29 70 5 25 64 7 20 11 79 60 4 18 76 63 57 6 31 40 39 26 2 69 66 22 59 72 51 19 68 16 78 12 80 23 8 15 32 30 
78 74 40 22 77 52 67 29 27 79 45 68 13 4 26 72 59 10 39 3 62 65 35 71 19 6 61 49 58 24 23 53 5 33 20 15 30 48 31 76 42 11 51 75 17 80 37 36 2 60 38 41 14 
65 45 16 36 18 44 14 59 22 74 51 78 67 11 73 10 20 25 13 60 71 49 80 17 42 64 57 48 76 52 24 4 12 58 21 1 39 23 61 26 2 19 77 5 7 35 8 33 27 34 46 55 75 70 43 38 28 56 
33 18 74 77 46 57 64 32 61 4 24 9 50 43 73 22 36 27 54 75 2 47 79 71 52 67 42 40 59 48 23 21 25 16 10 7 12 44 56 26 58 20 35 28 65 1 68 60 76 70 80 14 15 31 5 38 37 41 13 17 3 34 49 39 72 51 11 8 6 63 69 
53 56 11 17 67 22 77 10 8 69 74 24 66 36 65 76 78 18 59 55 73 21 26 80 30 34 71 39 13 62 7 54 27 35 60 61 19 48 14 33 47 45 38 28 41 64 50 44 32 43 3 49 9 70 79 58 2 68 
63 42 31 9 8 7 27 20 43 26 35 6 12 72 74 47 4 11 10 67 24 5 15 56 73 62 16 48 54 71 46 23 18 50 37 1 64 69 34 21 36 14 33 68 78 13 22 66 25 58 30 75 40 55 44 17 39 
12 13 26 2 49 22 7 31 25 44 36 28 18 60 47 59 71 34 9 40 6 11 32 68 65 24 53 64 29 20 39 69 70 43 48 79 8 62 19 15 61 75 14 51 45 5 56 35 30 76 67 38 21 10 54 73 78 50 17 3 41 23 27 42 
50 46 27 51 67 74 65 9 80 20 73 41 24 19 72 43 22 31 52 2 36 77 40 63 78 68 47 38 10 59 5 4 8 32 30 14 33 75 7 79 21 70 16 6 53 26 55 1 35 48 62 37 29 57 60 17 71 66 18 23 54 58 44 64 
11 19 33 80 26 30 60 76 67 32 31 55 44 22 43 20 24 47 74 7 17 50 28 5 23 73 68 48 49 4 16 57 37 58 34 29 45 41 53 40 66 12 38 65 70 3 62 61 71 42 36 79 13 56 46 15 10 8 54 14 51 75 
75 55 79 16 12 44 72 61 62 32 52 31 13 76 47 57 65 14 17 37 43 34 77 20 63 8 73 3 33 66 49 69 59 48 71 19 70 56 51 35 38 53 11 5 54 18 26 29 2 6 4 41 80 1 22 28 74 7 30 9 58 
42 68 17 53 66 16 50 75 79 40 71 12 41 6 73 70 43 30 69 76 65 56 19 28 78 63 7 59 34 74 44 49 51 54 21 39 4 64 9 36 46 80 58 26 24 52 8 48 25 32 20 13 35 62 45 61 47 5 38 15 
19 15 35 72 55 4 46 33 26 78 59 45 57 3 16 7 37 29 17 69 31 47 36 2 56 20 77 62 28 13 75 74 44 23 73 12 48 25 41 30 11 40 22 60 18 53 1 79 61 68 5 49 21 76 9 34 24 51 65 
51 19 30 59 26 21 13 8 58 75 79 42 50 47 80 37 55 62 12 61 23 65 1 9 66 32 14 40 17 76 18 68 78 15 25 41 4 16 28 33 31 63 64 7 10 67 29 5 74 43 20 27 11 73 48 69 44 46 2 
7 41 60 21 75 16 13 12 77 30 37 2 69 53 50 26 68 74 48 34 79 54 49 27 59 17 32 22 5 6 71 11 10 57 61 45 64 39 20 80 33 4 52 51 24 18 38 19 65 63 15 42 70 62 3 47 73 9 35 76 56 28 
13 70 40 58 28 31 36 53 25 22 77 12 17 67 24 68 50 47 30 26 4 48 11 45 79 3 19 37 63 62 72 60 35 71 54 73 7 10 65 21 51 15 59 46 6 76 56 9 66 43 33 49 80 27 34 39 55 75 23 5 74 38 42 
2 10 69 63 21 61 32 54 68 30 79 55 46 76 80 78 70 57 9 65 15 23 19 40 28 35 44 58 74 13 33 27 53 11 5 14 50 62 77 8 20 67 71 6 51 49 37 7 29 39 1 18 52 66 43 25 22 45 41 
50 27 47 73 11 4 66 46 22 15 39 34 26 69 58 49 14 2 3 17 76 48 21 67 42 36 23 70 24 68 54 16 79 5 60 63 64 7 33 74 41 71 72 53 1 29 10 20 52 30 18 31 61 32 80 6 62 37 35 13 
8 31 38 56 12 39 17 6 25 53 68 52 50 22 13 33 29 42 30 36 55 64 16 63 20 75 35 34 2 51 1 77 24 23 7 62 59 19 58 69 9 14 27 26 32 61 54 47 3 76 78 18 73 37 57 10 15 71 21 70 60 49 65 67 
18 63 51 29 38 9 71 77 12 48 52 60 72 14 2 26 13 61 1 50 78 20 10 69 15 35 75 22 23 70 16 8 56 66 79 41 7 21 47 42 19 62 6 31 76 49 4 40 28 17 59 58 33 74 37 
69 32 70 43 29 30 13 49 55 56 19 64 41 61 4 20 53 17 38 2 34 58 42 74 1 67 66 80 21 51 48 77 54 15 10 62 47 22 60 68 3 50 24 18 63 37 35 8 39 14 
15 3 17 46 76 62 80 67 41 72 13 14 50 33 66 35 45 22 44 6 27 79 5 34 65 77 36 21 2 51 19 31 12 39 55 9 74 37 56 11 73 1 43 4 18 75 26 30 53 40 69 38 7 59 61 70 16 24 32 
51 61 1 40 58 73 7 6 41 67 55 79 74 65 59 66 17 52 57 75 72 71 20 15 5 29 80 33 36 13 27 2 43 31 26 38 32 68 37 39 53 30 56 12 10 54 45 46 34 16 64 19 63 35 28 
52 13 61 5 1 53 35 41 3 59 18 43 17 57 54 28 46 62 44 30 75 55 63 6 67 66 37 29 33 24 76 50 31 20 71 15 56 23 38 12 77 22 64 45 78 25 14 4 21 69 10 58 8 73 65 27 42 36 19 40 2 68 51 
79 61 16 76 43 35 33 47 3 7 57 5 59 46 17 39 51 34 37 45 41 40 56 10 13 52 70 6 26 66 4 18 22 65 49 42 15 58 80 75 30 71 11 14 31 63 67 68 44 32 24 9 77 69 64 72 54 
39 37 42 11 61 45 26 74 76 19 52 68 4 18 7 36 64 17 20 70 40 3 49 48 25 35 41 13 10 34 21 66 54 53 5 1 80 71 50 77 33 47 69 29 15 59 56 30 63 58 60 28 22 78 8 57 46 2 38 72 27 44 79 
36 22 44 40 58 1 18 7 57 60 24 17 74 80 61 55 10 78 51 48 63 68 6 34 42 15 16 28 77 2 76 54 66 67 43 45 27 70 20 12 30 21 79 69 75 49 64 53 37 29 56 50 25 23 73 
77 10 42 59 74 52 79 2 36 41 24 23 80 26 56 69 17 46 60 13 72 70 31 43 65 40 34 49 3 33 25 48 66 75 37 12 16 78 35 8 11 68 51 64 5 4 44 14 58 47 67 38 6 71 76 28 55 
9 43 61 40 44 56 21 48 25 57 32 16 22 74 55 30 11 66 5 6 78 14 13 65 8 37 52 31 46 72 10 3 77 41 69 67 71 24 63 36 19 33 15 26 80 50 35 34 12 60 59 62 73 51 42 1 58 75 64 4 76 49 
57 39 13 17 20 74 75 70 11 41 71 46 42 77 26 1 5 76 68 53 47 4 73 65 56 6 36 19 8 63 58 21 62 31 34 49 32 9 44 15 38 24 60 25 29 48 23 78 35 69 22 61 16 52 54 2 14 80 
41 40 66 59 38 69 21 7 10 13 72 77 29 61 2 52 68 50 74 17 1 58 35 49 44 9 60 33 55 31 20 45 25 3 37 70 51 48 53 46 79 27 47 62 76 36 18 8 23 54 30 11 24 32 71 
72 27 55 9 44 19 22 50 52 48 26 71 1 74 59 29 40 38 21 49 42 62 80 60 35 4 16 75 17 34 67 23 66 24 65 2 63 8 15 36 76 25 30 18 51 54 7 68 58 6 
37 20 32 55 61 1 41 6 34 66 21 43 29 78 54 51 5 57 14 17 18 74 69 48 75 42 28 30 70 80 10 46 63 35 25 44 73 3 8 49 60 68 23 77 50 52 11 45 4 19 72 64 65 31 67 79 24 59 53 36 76 71 62 39 26 56 
77 40 4 13 57 58 73 24 5 38 18 56 53 54 75 20 68 39 34 60 78 3 72 71 47 30 19 67 80 63 28 41 44 10 25 37 9 51 1 2 66 27 12 50 48 31 29 14 49 8 70 69 7 26 36 15 11 33 6 17 45 74 16 
75 9 3 74 65 51 28 6 26 68 31 79 72 59 21 27 44 63 8 25 7 33 41 34 14 38 40 18 56 66 24 11 80 43 76 73 29 45 70 13 77 53 10 46 23 78 57 61 52 19 30 16 54 5 22 35 4 58 17 2 55 15 12 
69 56 73 63 38 26 1 2 76 52 22 51 19 47 42 25 35 3 58 29 74 78 49 23 65 43 15 60 54 33 20 64 7 39 79 13 66 36 5 44 24 30 80 10 75 46 55 77 45 67 40 37 4 72 50 71 28 70 48 62 16 31 
45 11 54 57 72 58 2 74 64 18 46 47 40 70 8 5 31 36 16 76 24 4 21 9 71 22 75 25 43 49 44 32 14 23 27 3 15 13 55 19 12 56 37 1 69 39 33 42 6 20 61 41 68 28 38 34 65 35 
12 7 20 8 30 39 52 43 19 67 60 46 27 9 34 6 54 69 65 2 45 21 61 79 15 44 5 66 58 40 16 36 37 59 32 51 3 76 1 50 48 73 22 55 49 68 78 23 57 41 17 74 25 14 80 72 42 
79 70 61 4 80 24 6 52 9 71 39 68 7 11 13 23 40 21 17 12 3 48 19 33 32 26 46 34 30 49 1 50 2 22 43 51 20 62 53 15 73 18 78 44 54 27 58 5 72 31 29 65 76 74 37 
1 15 38 42 22 44 61 34 18 16 75 31 77 68 4 20 13 39 6 33 54 69 71 60 73 72 29 28 27 41 47 24 5 55 67 80 11 14 53 63 8 36 2 37 64 57 26 49 23 48 40 76 50 62 10 9 58 7 35 12 30 
27 5 56 69 57 60 3 71 17 4 12 58 59 45 1 26 11 10 14 50 41 37 75 39 68 54 43 53 61 79 49 6 70 15 52 31 24 72 73 34 23 42 36 51 32 76 13 63 48 9 22 80 74 19 35 46 47 
65 53 16 3 10 72 69 35 21 15 68 2 14 74 12 57 7 34 80 79 48 13 50 32 27 54 11 8 1 46 26 19 63 39 30 71 78 41 22 5 42 24 58 77 43 20 17 52 18 47 31 29 61 23 49 70 76 73 44 59 33 28 
66 72 48 32 17 52 53 37 78 38 73 60 59 49 80 62 34 24 21 6 57 69 67 74 11 9 16 12 42 8 63 75 31 43 56 65 40 27 28 50 13 30 76 41 5 79 70 25 44 64 51 55 3 35 77 46 39 58 2 33 
79 42 32 2 46 22 54 36 62 50 80 15 14 16 53 1 63 61 21 37 74 70 12 59 30 31 6 76 47 18 73 44 8 39 10 56 25 19 77 49 52 40 45 71 38 43 23 33 65 72 11 75 58 51 20 66 55 68 78 3 67 7 27 
15 52 35 76 62 1 2 50 29 6 61 33 45 21 30 72 58 37 14 40 69 41 42 80 26 67 53 59 12 51 17 23 13 64 66 44 19 7 78 46 34 43 18 36 68 56 47 74 31 55 16 4 60 22 10 77 27 25 
21 50 65 4 6 37 15 67 5 79 44 48 1 14 9 29 13 31 54 59 26 77 36 56 72 25 3 80 28 7 62 58 33 22 51 61 27 17 64 35 78 75 49 42 40 24 23 76 8 45 12 41 69 30 16 74 55 34 18 53 43 19 57 32 66 
65 75 71 22 7 48 60 62 51 15 43 26 45 20 59 68 24 66 11 36 58 78 16 30 76 69 53 50 28 9 47 27 64 5 63 67 61 56 77 19 38 12 32 70 54 4 34 18 17 8 57 21 1 6 73 41 
22 64 6 5 33 20 60 77 1 30 43 65 55 8 7 25 54 3 79 48 68 58 49 23 78 47 74 76 67 32 16 72 61 4 38 29 13 44 21 31 66 18 52 40 36 69 75 80 27 35 37 63 17 19 15 9 11 34 2 41 59 39 14 
56 71 58 38 18 55 29 76 31 37 47 43 53 36 5 35 77 63 7 17 6 34 80 57 10 4 41 68 11 46 70 19 60 32 14 42 40 28 62 64 59 27 24 67 51 48 66 45 16 30 25 61 52 73 39 13 21 79 26 9 12 54 69 15 8 
27 8 40 37 69 39 59 49 20 7 18 30 38 45 36 29 53 17 55 33 34 68 35 54 47 60 10 50 9 1 23 62 71 44 78 66 16 12 58 48 13 25 73 52 26 80 3 61 21 24 79 65 28 32 41 72 5 14 57 76 
53 71 64 40 67 7 56 72 19 70 6 1 15 3 26 31 41 28 20 60 25 5 18 50 77 57 61 73 43 38 37 45 54 47 63 35 69 14 55 51 66 29 36 33 49 58 52 30 8 75 68 24 65 62 74 80 79 44 42 10 2 39 27 78 
29 52 10 2 26 72 1 76 46 58 51 79 50 11 67 19 74 36 54 44 73 3 53 30 65 12 38 16 69 59 34 31 4 15 60 68 8 40 14 61 23 42 6 56 71 55 70 47 24 49 41 28 18 21 45 5 
5 53 20 32 24 55 64 10 9 1 3 4 25 27 51 49 69 54 59 33 45 80 72 23 38 79 70 19 14 16 6 68 67 21 15 42 29 28 39 58 37 2 44 31 34 61 52 60 75 11 63 8 7 71 13 76 12 73 
12 73 19 43 36 74 80 3 31 77 30 61 41 8 47 60 48 68 78 22 50 33 75 38 14 71 34 53 76 45 63 10 4 42 6 66 67 5 24 37 56 28 7 40 21 52 27 69 64 51 39 35 23 58 9 11 
34 46 51 39 52 29 20 53 28 12 59 19 9 35 7 48 76 6 4 50 79 10 64 23 25 18 11 30 67 71 69 66 13 78 74 75 27 8 43 68 55 21 65 58 41 24 14 60 47 36 2 16 37 5 73 63 42 54 31 70 26 40 15 61 3 57 
