80
61 75 40 59 24 30 14 53 33 35 46 11 44 76 25 58 49 65 74 55 63 31 70 29 41 69 7 43 79 71 27 73 34 56 39 26 36 9 21 16 68 4 15 51 19 77 60 42 20 67 52 62 2 8 48 50 22 13 80 57 64 28 38 54 32 10 66 17 72 
16 79 44 67 74 21 50 38 10 60 8 41 69 34 78 56 73 59 64 28 25 66 51 80 49 77 15 27 5 54 47 43 32 22 17 33 14 18 46 26 45 12 65 40 68 3 29 52 13 70 63 1 31 
63 68 76 9 38 12 15 41 78 60 77 44 73 52 25 24 4 74 54 28 45 46 36 20 71 35 37 33 39 57 47 65 75 5 2 79 49 43 34 62 80 29 64 17 7 13 21 72 10 42 69 26 27 8 59 53 58 
25 24 77 65 57 62 45 46 8 48 9 20 30 1 13 43 34 42 58 63 26 76 52 6 47 55 33 53 29 49 71 70 31 67 15 3 14 7 28 11 56 73 18 50 17 5 35 60 64 69 59 40 68 21 44 75 37 36 
78 52 21 41 4 39 15 42 64 20 24 49 14 16 77 19 59 22 10 50 60 79 29 74 18 69 23 68 67 53 55 57 46 76 27 47 48 40 75 2 62 45 66 65 33 72 32 51 43 3 63 26 7 13 54 9 34 
20 14 79 76 12 29 42 62 35 73 52 40 53 36 21 22 68 67 70 59 19 74 28 63 56 13 27 58 24 46 41 60 4 26 55 30 57 49 37 16 69 8 48 61 43 38 33 25 47 7 17 51 71 44 23 
28 13 18 50 38 58 46 12 32 69 48 70 1 4 34 45 20 8 21 15 10 36 43 3 42 73 75 24 59 53 51 23 22 29 39 41 72 31 47 30 40 27 60 80 63 6 67 62 79 49 71 37 33 64 76 61 65 44 5 52 
63 14 24 33 69 15 48 2 34 49 73 44 6 32 52 4 61 51 79 30 25 23 68 65 58 7 76 62 50 77 1 64 60 59 39 54 40 53 22 57 11 45 36 37 66 38 41 72 75 35 19 70 31 47 12 20 27 67 55 74 3 
29 31 12 60 3 24 11 50 22 36 78 18 38 68 72 43 73 71 23 80 4 16 13 20 62 10 69 47 53 30 34 49 25 41 40 46 26 55 54 17 42 1 76 33 45 66 39 15 56 79 14 5 19 44 28 21 61 
57 67 73 54 3 63 71 24 19 80 68 76 61 5 27 45 1 52 69 47 59 23 25 60 14 12 7 51 64 15 74 49 48 21 2 31 18 70 29 43 20 53 46 42 36 75 40 41 72 38 58 44 11 56 30 66 9 32 37 
48 27 40 72 44 1 54 38 70 8 80 10 60 78 77 66 50 58 43 62 29 24 64 31 30 41 53 15 46 21 52 28 32 45 55 65 37 47 59 12 23 39 76 14 57 75 67 74 9 56 61 42 4 73 35 
11 76 7 19 68 78 25 31 33 13 69 40 57 45 48 29 46 30 2 72 39 32 73 18 20 49 56 8 34 75 63 10 3 71 60 22 6 36 66 41 21 74 67 59 9 51 37 54 42 35 23 44 43 52 17 55 38 28 
54 62 26 42 36 16 51 12 59 52 78 55 63 46 6 22 49 66 25 23 15 30 70 60 53 2 4 45 39 58 40 28 20 32 57 1 68 5 61 47 73 41 3 35 7 67 43 27 77 9 75 71 19 56 76 74 64 79 37 50 
76 55 21 31 67 80 29 4 2 32 28 48 78 18 63 44 11 56 45 79 50 9 1 26 65 43 59 58 77 6 33 75 46 20 49 38 10 25 52 47 74 5 37 60 73 68 27 53 35 40 70 34 16 66 61 71 8 42 39 15 30 36 
72 67 73 2 23 8 78 66 21 51 16 45 1 48 77 28 24 52 30 31 20 75 36 18 33 40 34 10 22 41 38 13 5 50 62 76 7 9 58 26 25 54 56 27 37 79 68 3 70 43 60 80 11 4 32 42 29 74 61 46 35 69 64 14 
65 54 73 37 49 70 36 52 50 74 2 61 59 32 66 46 27 33 42 60 56 75 28 26 79 41 1 53 20 15 43 22 14 19 64 67 48 47 5 40 80 45 6 30 55 25 29 39 9 13 24 34 58 44 72 76 
6 52 47 68 46 64 42 62 71 61 35 76 34 28 70 36 18 2 20 31 40 66 43 1 51 39 50 27 63 37 41 67 78 77 72 9 4 54 29 65 3 32 57 12 30 55 73 60 23 53 48 69 80 24 75 
23 42 40 74 12 19 9 28 31 34 4 15 55 80 78 56 36 76 41 21 39 54 63 66 53 57 70 32 60 64 48 10 26 69 73 43 5 65 52 38 2 7 67 61 14 30 71 25 45 29 27 51 44 59 49 35 24 68 77 33 17 75 37 22 
8 57 53 45 18 66 9 47 78 30 28 63 44 6 20 12 25 59 48 50 46 75 41 61 16 67 54 69 34 64 36 73 5 21 13 32 43 37 29 55 49 79 1 10 72 56 76 35 22 
31 36 56 76 42 71 19 10 80 5 69 8 64 29 61 48 50 3 65 6 14 55 72 15 62 13 17 78 51 4 37 27 16 58 35 67 68 41 7 54 30 39 45 9 77 40 25 46 43 12 66 52 1 23 60 44 26 
55 26 10 64 46 45 56 42 2 18 59 1 9 50 33 12 28 5 68 25 6 72 11 4 37 40 74 35 53 29 65 34 66 75 7 24 15 71 60 67 27 3 39 78 32 36 57 77 19 48 43 44 79 76 41 14 69 73 23 70 22 52 61 47 
50 8 68 38 58 59 67 62 28 74 66 25 9 47 18 65 73 2 64 61 7 60 5 56 13 75 53 44 79 80 54 1 36 70 76 72 48 42 19 52 31 35 45 15 6 51 39 33 16 63 71 26 27 12 41 21 49 
41 75 46 63 38 43 67 71 62 68 12 52 39 76 77 25 21 30 44 35 58 42 74 51 28 60 24 40 15 29 31 56 13 66 9 47 17 32 8 59 7 18 20 5 11 26 79 65 10 49 54 53 36 34 33 6 57 
28 5 47 75 23 52 36 57 11 4 27 7 37 8 76 61 33 55 17 31 53 30 18 72 3 54 25 56 70 10 66 9 15 1 69 6 71 34 35 62 26 64 16 48 50 74 44 32 21 29 42 43 59 73 40 51 
28 75 39 53 23 45 76 49 48 14 61 9 47 36 46 80 65 2 38 32 55 70 40 73 24 12 6 42 20 78 59 34 15 27 62 44 22 8 41 57 50 79 16 30 4 52 1 56 10 37 3 21 19 13 77 64 18 72 
13 38 52 28 3 27 56 21 20 29 79 30 24 58 67 72 65 49 78 6 75 54 45 15 50 57 41 68 74 47 62 23 9 40 59 48 31 42 14 36 66 2 34 1 33 4 64 22 69 35 16 5 39 18 44 73 61 55 63 71 77 53 
51 80 16 70 31 58 60 38 56 34 32 1 18 63 69 72 53 29 77 65 10 79 64 61 25 73 20 36 35 3 13 39 22 49 5 33 52 7 26 41 14 43 2 45 71 17 75 68 15 8 24 57 42 6 30 55 44 11 21 74 47 
21 24 42 52 73 61 72 25 31 12 46 48 75 47 76 58 35 78 38 60 4 11 40 3 2 32 80 22 39 19 53 43 18 16 9 55 66 54 51 71 77 13 15 41 7 62 14 44 59 26 1 68 65 45 23 50 6 17 64 56 34 
74 57 9 68 18 7 32 66 31 34 33 53 12 3 5 67 42 75 65 17 51 40 69 36 80 62 30 56 11 55 16 38 44 23 19 46 59 79 24 20 15 60 27 72 47 35 73 37 4 1 45 43 41 21 54 63 61 26 2 14 6 64 10 
72 48 19 15 8 60 18 41 16 50 80 1 55 32 47 14 78 24 49 25 76 77 59 58 20 27 4 12 64 71 43 23 74 66 69 53 51 67 29 54 33 37 38 65 79 7 36 26 11 10 73 6 17 56 35 13 75 40 9 
29 55 79 36 18 78 15 2 60 74 46 8 59 80 49 41 26 10 27 14 67 58 9 28 23 4 17 44 7 61 75 22 24 62 37 57 47 66 11 53 50 71 1 12 20 69 40 54 33 65 38 63 77 51 48 52 43 
10 42 5 13 25 11 52 68 58 33 34 19 30 79 78 61 75 47 64 44 70 27 69 54 14 18 50 66 40 60 62 15 55 36 76 37 57 35 38 39 67 8 73 24 16 7 29 63 21 72 1 28 12 17 65 23 2 49 51 53 
72 38 30 70 46 24 48 47 12 74 58 67 31 43 76 44 56 77 42 64 68 15 6 8 59 27 36 60 9 80 66 51 29 55 79 35 3 75 22 2 62 32 4 7 49 45 23 14 1 26 16 21 52 37 39 78 71 50 34 5 18 63 57 
7 29 23 9 80 78 40 58 43 49 36 42 57 12 67 77 45 38 14 27 39 3 17 79 21 18 76 16 35 63 66 26 4 75 19 47 61 68 52 33 55 2 44 51 64 72 5 59 48 37 74 54 32 56 8 24 62 69 28 15 25 1 
52 6 57 13 20 40 26 70 63 27 51 11 71 72 58 29 74 75 14 66 33 28 45 8 1 46 54 21 37 43 44 53 12 19 18 22 34 61 17 67 47 49 80 32 69 79 24 36 76 4 30 42 3 23 50 64 15 77 62 
13 60 25 12 37 17 40 54 27 50 68 74 44 43 57 30 73 15 71 10 14 26 79 55 76 66 20 32 39 33 45 53 56 6 69 16 80 1 77 29 18 8 19 35 9 75 78 31 52 41 51 4 34 3 7 38 61 23 59 21 49 24 22 
16 19 17 48 29 12 59 15 36 21 78 32 42 3 65 8 75 52 57 47 14 45 53 13 66 60 39 64 34 43 54 31 4 38 72 79 10 33 41 44 74 6 62 25 30 35 18 7 77 56 11 51 67 24 46 76 20 80 
69 68 48 73 51 58 8 1 29 34 61 41 6 14 10 54 63 7 11 55 27 32 67 64 23 74 49 26 47 2 56 43 57 39 62 28 33 53 9 3 15 45 44 31 42 66 65 59 30 70 77 18 36 37 52 71 22 78 12 25 50 79 60 
27 5 74 20 7 37 64 56 25 50 17 78 8 3 9 45 22 67 77 65 42 46 68 69 57 72 26 79 28 33 44 58 73 59 18 48 66 13 60 71 14 11 32 61 23 43 36 54 16 62 12 38 34 80 1 52 21 55 
30 46 21 2 71 32 56 36 45 31 23 50 29 24 51 7 66 47 55 13 79 17 77 5 10 70 75 80 35 34 76 57 28 59 65 20 43 4 60 69 11 14 78 72 26 6 18 52 58 74 12 16 15 8 64 9 1 25 67 
29 8 77 43 31 78 73 5 76 72 75 65 36 58 19 20 12 37 10 48 9 22 1 45 18 49 13 28 51 2 11 26 55 66 69 15 25 52 59 79 7 17 21 70 27 3 50 23 30 64 16 6 46 68 53 74 38 54 44 
73 10 38 20 54 72 59 77 75 62 5 16 37 9 26 60 12 45 29 78 50 57 25 32 52 55 68 66 24 63 17 56 71 33 39 21 11 49 65 4 14 28 15 22 27 79 51 44 47 46 35 34 53 61 1 18 23 6 13 48 74 7 3 
78 39 72 27 57 13 2 14 12 34 10 65 69 36 44 40 4 66 16 64 51 29 62 7 23 61 63 75 46 76 53 58 3 24 31 56 17 38 74 20 52 11 59 49 35 73 47 19 1 6 28 68 70 15 41 33 30 5 54 18 79 21 37 71 9 67 
69 2 47 68 46 16 37 9 45 22 66 24 38 6 77 57 51 14 61 34 78 36 70 35 26 62 41 42 28 19 27 64 7 25 43 20 18 8 32 73 79 4 3 31 63 55 21 10 23 39 33 80 29 65 12 76 1 54 60 11 50 72 71 
36 2 39 65 59 5 21 8 74 27 3 78 18 48 71 37 42 66 4 52 15 29 34 22 79 49 47 54 19 28 7 80 75 70 14 62 46 9 55 50 41 16 25 56 53 13 12 20 11 38 77 35 33 69 10 26 40 44 
28 29 15 2 19 6 47 54 59 21 23 39 10 31 1 77 43 61 42 13 69 17 64 63 53 41 45 20 48 44 49 25 35 40 50 14 51 11 16 67 80 74 78 4 58 73 5 66 62 65 52 72 37 9 57 7 33 3 12 68 70 
76 63 23 14 67 48 22 31 54 27 37 52 11 25 2 4 45 7 30 69 8 53 80 34 3 61 32 62 6 74 17 21 9 65 26 77 57 33 38 16 43 51 40 13 50 70 79 29 19 10 58 5 59 46 44 28 35 68 66 64 55 24 42 
15 14 56 51 6 16 18 53 41 74 1 31 10 33 24 37 50 39 65 78 42 21 22 64 45 60 75 25 5 47 28 72 52 7 80 38 63 19 54 20 49 79 12 73 67 26 17 69 11 70 46 8 4 34 30 
12 8 26 42 19 16 35 65 69 23 76 78 66 51 67 33 13 75 36 63 70 71 14 62 9 38 45 22 6 5 3 43 80 2 7 58 41 34 59 50 10 30 31 56 25 46 1 18 52 27 68 48 73 32 61 72 4 
79 48 51 60 70 15 35 26 28 45 73 14 78 13 16 39 47 24 41 40 44 56 22 5 62 8 21 76 11 74 68 80 42 25 57 9 65 2 36 75 17 46 30 38 59 4 71 32 69 1 53 20 19 31 64 67 49 54 55 7 33 66 
54 58 20 73 34 62 36 7 61 49 17 22 48 30 67 78 2 70 31 38 1 29 27 12 24 5 76 80 46 56 15 6 79 72 10 68 60 64 32 57 8 37 59 74 44 52 50 47 23 71 28 66 18 33 42 43 40 41 35 13 
3 2 43 78 5 28 24 77 26 8 10 33 69 12 32 31 53 34 18 13 72 49 74 38 51 71 54 80 73 70 59 55 36 16 11 58 22 7 4 46 1 56 68 47 67 61 14 25 45 42 17 40 41 64 75 48 20 39 79 35 63 23 37 15 27 60 6 76 21 
50 47 35 68 74 18 22 70 66 3 10 58 52 60 16 45 56 38 26 32 77 48 76 31 1 4 14 13 62 59 69 27 11 79 25 8 36 64 17 23 37 24 21 5 7 6 29 28 55 41 75 43 71 30 72 54 19 67 42 65 46 57 9 
38 35 64 60 65 48 55 10 23 3 34 63 30 70 78 26 47 37 16 72 13 53 50 24 1 42 68 22 11 59 12 69 43 46 71 36 77 29 9 17 41 28 8 5 52 79 76 18 2 19 45 32 56 39 80 61 51 15 44 20 31 
25 13 77 19 40 33 61 30 29 27 74 41 45 68 44 47 36 66 9 34 24 12 28 72 57 65 78 1 50 32 71 31 16 56 5 67 42 80 14 11 59 18 20 62 38 54 21 52 4 6 64 39 75 63 17 53 70 8 26 69 
15 29 61 13 48 70 22 10 20 58 45 60 79 27 78 37 80 64 51 14 25 9 55 59 23 52 4 68 36 54 33 12 30 65 28 6 67 16 49 24 69 1 11 53 73 26 42 62 18 34 57 19 75 40 50 38 43 2 39 66 21 76 
6 78 72 60 17 34 42 24 64 40 59 37 26 33 55 70 68 51 50 43 35 58 10 12 32 23 77 18 3 31 1 46 29 76 63 27 39 19 25 44 36 53 4 71 13 47 5 79 21 8 38 74 56 11 67 73 
76 66 14 15 77 39 65 56 61 32 35 23 10 80 46 16 47 40 53 64 22 20 6 33 31 79 7 57 8 28 51 41 3 1 69 34 38 52 59 13 78 71 43 49 30 27 11 26 60 4 74 
71 54 74 68 40 24 76 31 36 28 14 38 6 29 46 37 7 2 10 57 47 45 49 11 80 21 50 58 12 25 72 39 79 66 3 55 18 34 69 51 13 61 41 4 8 33 23 70 22 16 42 67 26 30 1 5 43 60 73 63 52 56 53 75 19 
52 38 64 51 30 31 11 57 69 17 3 42 50 18 59 74 9 37 12 23 39 44 22 79 13 33 78 10 72 77 76 14 27 67 48 7 73 54 40 58 1 16 21 66 68 36 6 8 53 56 29 32 28 2 15 20 4 5 
71 77 63 73 78 70 66 80 17 74 6 75 39 26 42 55 14 13 65 72 10 18 20 69 25 29 68 1 11 36 34 28 76 15 46 9 58 24 51 43 52 7 56 59 38 47 16 21 22 49 54 79 8 35 32 27 31 19 44 
6 63 13 67 71 23 69 68 50 45 31 66 42 70 49 39 64 55 78 47 4 22 17 32 9 5 56 38 79 29 15 53 35 37 80 65 26 44 1 8 3 33 7 74 28 24 46 25 11 43 51 20 34 
26 59 48 17 33 1 54 22 43 8 71 18 61 57 65 32 62 52 38 49 31 78 46 76 55 7 5 2 3 44 75 4 29 47 13 19 12 79 6 35 42 27 10 23 14 74 34 
21 26 75 40 57 67 46 34 72 39 30 11 32 7 3 78 13 41 2 66 19 20 27 15 65 52 79 33 37 74 50 8 35 28 22 38 62 29 16 18 60 17 44 51 53 58 43 54 10 4 68 70 71 47 48 24 55 1 73 56 77 25 5 
69 45 41 79 63 48 4 62 21 54 39 2 17 66 37 30 78 58 25 22 3 47 67 42 40 23 75 7 73 8 43 29 11 56 50 80 38 14 72 46 64 28 20 44 49 70 55 27 1 31 77 61 5 26 68 16 53 32 18 
11 58 55 40 12 74 31 56 16 76 42 24 5 19 10 14 72 45 8 75 65 62 18 38 13 29 61 21 37 60 80 47 77 23 15 32 43 64 28 9 50 69 1 49 22 53 68 30 71 20 26 36 73 51 44 2 46 34 67 41 17 35 59 79 39 33 70 
66 13 64 34 57 1 55 12 16 19 60 2 17 33 76 79 10 32 39 4 6 11 29 73 26 47 68 50 5 62 43 38 49 59 14 20 37 53 48 21 8 77 74 51 22 35 56 65 78 15 52 18 30 75 7 31 72 40 46 23 69 
9 53 33 5 27 6 23 44 52 46 38 80 64 74 26 51 4 49 39 42 3 65 50 10 8 60 78 18 14 66 57 56 73 62 69 43 61 20 1 2 59 15 77 54 29 12 36 28 13 55 22 72 71 17 67 41 32 47 34 76 21 
4 30 58 50 27 39 35 31 66 5 47 65 70 68 48 3 40 21 36 18 9 29 43 77 46 49 72 24 62 15 7 45 60 1 38 67 52 17 59 19 56 12 54 71 32 75 44 61 10 6 74 41 55 8 73 20 26 53 34 2 
7 27 14 45 61 10 18 64 54 2 1 73 44 22 55 78 74 46 40 79 62 11 6 43 69 59 49 76 57 25 66 15 50 16 41 33 17 35 53 56 52 38 13 32 65 47 71 48 21 51 24 8 4 
30 70 6 66 54 23 39 20 14 55 27 42 59 24 78 13 28 7 61 38 44 52 53 1 17 22 57 49 51 45 64 69 4 36 33 76 73 40 50 75 43 18 68 9 12 35 21 80 26 31 10 62 63 3 58 
67 10 25 79 15 33 26 59 11 20 55 32 8 46 19 54 65 12 60 9 34 57 28 5 35 7 53 29 41 43 52 22 39 77 17 68 40 78 27 30 42 21 80 3 49 61 1 76 44 64 16 75 24 51 37 69 66 48 
3 24 9 29 42 19 66 11 18 13 76 70 36 4 26 10 74 12 15 60 7 79 59 61 75 65 38 1 57 48 28 51 22 64 16 21 17 25 27 32 6 8 14 50 39 67 56 41 52 71 69 43 77 49 44 30 2 46 68 
22 15 16 40 45 61 36 57 69 53 5 43 34 31 52 10 23 8 80 50 78 46 18 1 35 38 77 13 68 37 79 67 33 29 60 11 26 64 51 27 41 21 58 12 42 59 24 62 66 70 2 48 55 6 73 3 39 47 14 63 30 76 
1 63 79 23 31 15 12 7 45 17 49 10 35 73 14 36 48 61 25 42 34 21 8 64 77 50 53 28 65 24 80 29 43 67 3 11 52 72 26 66 30 69 59 41 55 18 37 19 32 56 13 40 71 22 4 33 5 76 27 16 
18 4 1 5 30 72 78 8 43 44 28 66 16 75 68 36 54 59 73 47 25 40 12 11 56 7 3 34 41 10 51 60 79 80 20 35 77 33 24 53 52 22 67 74 49 70 15 23 19 58 57 14 71 63 37 50 21 9 17 32 61 6 13 
60 39 75 3 55 30 68 17 73 52 46 79 1 13 11 64 2 33 80 4 23 38 42 34 31 41 54 18 45 40 57 37 21 25 47 5 26 27 58 15 53 8 20 76 61 65 44 72 66 28 74 14 67 36 35 69 
17 12 79 34 32 20 42 48 52 38 45 57 19 15 70 25 76 72 40 46 44 71 39 74 54 3 58 63 68 49 50 65 18 33 51 11 2 62 9 30 41 64 26 80 36 55 14 21 56 67 43 28 37 60 13 5 31 61 
31 38 54 30 65 19 27 50 43 77 57 40 21 73 26 41 47 37 51 13 15 9 32 5 23 22 61 45 34 75 14 16 72 53 64 78 3 1 60 62 48 59 33 52 36 58 29 67 6 7 74 70 80 8 39 35 44 2 66 76 25 63 56 42 
11 16 46 29 28 76 9 75 48 22 33 39 65 37 20 18 14 47 54 25 17 35 40 27 77 58 44 49 79 3 34 10 31 72 36 59 51 61 56 62 1 7 30 71 52 66 74 2 50 78 45 68 55 15 
