80
70 55 46 67 61 2 48 40 30 33 36 54 79 72 77 20 49 68 28 13 42 17 64 26 37 65 35 78 63 43 18 9 45 38 80 56 39 69 29 41 53 4 15 14 12 73 60 21 58 44 66 59 74 3 52 
3 55 14 22 50 54 25 47 79 59 4 44 51 60 5 30 26 12 46 18 78 16 71 58 38 23 10 76 65 41 56 73 64 7 43 15 36 48 34 62 39 42 57 29 27 49 63 74 24 80 31 13 68 69 75 61 45 72 28 67 19 1 8 
65 42 10 38 33 14 63 69 2 43 24 37 12 78 28 7 49 74 34 13 48 53 44 26 76 79 21 73 80 72 41 61 58 67 15 75 54 29 8 59 11 20 23 5 62 68 47 40 46 4 45 56 32 66 27 6 17 19 16 35 30 51 39 1 
45 6 70 57 11 27 8 53 31 66 69 14 74 35 25 76 44 78 36 2 51 67 49 41 40 47 16 21 73 80 5 59 63 71 58 37 64 13 1 42 60 18 20 3 17 65 22 33 75 23 32 55 79 10 26 9 62 54 24 28 39 
64 69 25 24 40 2 11 76 57 68 62 48 41 20 74 51 65 17 63 75 47 9 34 18 60 8 6 46 31 27 67 12 56 43 55 30 4 45 37 71 28 33 10 61 14 13 26 3 36 72 53 15 80 21 52 16 59 58 
9 61 20 79 38 17 51 73 72 10 49 27 78 76 60 18 36 7 24 77 19 21 47 13 35 23 44 28 40 66 46 12 14 5 3 33 29 69 59 15 8 4 41 80 45 31 30 50 63 42 56 62 43 70 
6 20 71 33 68 58 52 11 67 78 48 77 62 80 64 35 44 38 21 12 25 9 72 22 75 37 61 3 23 59 34 57 60 16 50 69 15 10 18 70 42 53 32 2 43 13 73 51 45 30 55 24 47 63 49 74 39 29 36 
40 69 5 35 77 75 28 68 16 80 33 25 76 70 31 60 67 24 62 65 72 12 26 61 49 19 55 4 39 47 41 66 44 36 9 54 29 37 59 32 3 21 6 71 63 73 78 51 58 50 15 2 23 27 17 56 
20 27 36 74 4 34 19 78 63 7 28 17 38 1 6 79 52 50 42 51 30 39 41 33 61 69 59 32 35 16 55 47 24 44 70 8 76 49 18 14 22 67 26 46 29 45 37 40 54 53 75 73 10 25 5 66 48 57 62 31 58 80 64 23 
5 70 21 57 64 77 78 29 34 76 24 7 38 16 75 47 15 39 28 17 23 11 19 41 45 13 63 26 31 68 65 54 71 60 72 44 51 56 61 79 67 69 53 3 80 9 66 37 33 4 2 43 59 6 12 58 32 42 55 
70 72 28 79 14 10 27 60 66 44 47 53 78 46 17 58 38 76 73 68 15 49 23 59 74 57 5 42 63 35 16 33 69 37 56 64 65 48 80 40 71 19 24 20 22 45 39 36 51 7 50 3 4 55 12 
46 39 45 65 44 22 15 53 42 69 30 27 11 58 5 33 32 34 40 74 14 31 55 62 29 10 77 6 3 75 48 78 41 7 1 66 79 23 56 2 73 20 43 71 67 37 13 52 8 17 60 35 25 50 38 16 51 72 
28 47 55 16 48 36 30 7 57 2 43 61 56 33 24 22 44 66 60 71 38 45 10 49 4 31 1 72 26 3 68 18 32 35 80 79 52 5 78 67 17 20 54 70 53 50 64 51 65 14 62 21 39 25 73 77 75 29 59 12 6 69 15 
39 48 27 65 6 29 57 52 54 21 49 67 72 36 44 63 9 19 23 4 56 5 73 18 43 28 35 47 11 26 30 17 53 71 16 12 80 51 75 64 59 24 3 62 1 55 69 45 50 13 79 32 2 77 66 38 68 58 
38 21 12 1 40 19 66 71 75 37 76 18 22 60 33 64 62 7 39 51 79 13 28 34 68 52 27 17 73 41 78 10 26 69 3 57 74 35 47 11 42 36 20 67 45 65 32 48 24 16 54 80 29 70 59 58 8 49 2 25 6 53 55 5 
29 65 80 28 77 8 10 35 3 67 12 60 46 42 21 22 36 5 50 66 62 55 43 40 14 37 78 18 7 30 20 32 73 57 69 13 72 44 51 56 33 41 23 25 74 4 26 34 11 27 9 17 24 2 47 48 15 71 
38 3 22 20 32 25 78 8 10 19 4 51 21 53 80 74 71 16 75 76 54 14 60 27 29 61 77 15 57 55 28 5 66 65 33 9 23 50 59 67 1 35 37 30 6 58 56 64 69 48 70 40 36 11 63 24 44 43 49 13 79 12 45 47 
67 65 49 25 77 20 2 70 66 78 26 61 58 42 47 31 79 14 60 6 33 43 72 19 22 15 68 57 24 55 9 73 1 50 45 69 21 36 13 51 7 4 56 27 46 52 76 30 64 5 16 44 29 23 35 75 
37 39 52 71 6 41 48 21 69 35 65 23 17 10 32 14 73 44 9 24 2 30 34 26 18 67 15 8 75 3 38 42 11 59 62 27 63 74 78 28 45 68 51 46 64 36 22 66 56 50 40 43 61 
49 61 45 64 44 15 69 60 46 37 73 7 25 43 5 32 29 9 3 41 39 78 50 4 66 48 68 18 59 77 67 53 58 63 76 62 12 57 40 13 71 21 26 54 11 42 24 1 16 30 79 27 80 34 70 35 51 17 33 23 38 74 22 6 
1 51 19 61 17 38 16 25 56 34 5 46 13 14 4 33 32 42 54 49 35 55 70 45 77 8 7 50 30 41 59 10 58 60 64 27 74 36 24 53 68 26 20 3 52 15 78 72 37 75 69 23 67 79 48 18 43 6 73 
35 40 2 52 19 9 68 73 16 13 69 65 72 33 80 36 37 11 45 51 62 27 70 71 59 7 44 26 50 74 12 4 48 15 20 24 30 18 28 77 31 75 76 63 49 41 55 43 66 17 61 60 34 78 
41 62 7 55 77 44 11 21 27 6 51 75 57 58 39 29 25 56 24 49 34 2 66 33 61 76 60 9 45 48 69 79 71 28 8 40 80 18 4 74 63 53 10 59 43 65 14 17 42 64 19 68 20 16 47 12 3 73 
69 14 4 36 42 3 79 13 80 10 20 67 53 31 62 54 77 16 73 58 65 27 18 26 30 45 8 72 76 22 25 75 61 5 55 56 74 9 48 17 23 6 64 43 21 41 34 11 15 78 2 7 51 52 19 57 33 
15 38 18 9 13 4 45 79 77 7 34 55 74 59 16 56 63 26 17 8 62 61 36 71 29 32 78 12 37 43 35 68 75 64 58 5 66 57 31 52 39 20 49 28 23 46 24 60 42 51 72 70 27 44 2 50 53 40 21 
47 78 4 21 69 22 58 73 80 66 57 43 68 74 77 13 64 5 25 29 33 36 55 46 14 71 18 1 65 31 70 10 2 20 8 15 54 52 40 76 39 72 51 3 28 9 27 75 19 44 50 48 49 56 16 63 32 62 24 37 53 
43 44 70 14 56 25 67 17 2 15 22 45 55 16 31 39 52 71 8 75 64 33 28 77 9 5 40 54 42 24 37 12 3 62 36 11 72 60 80 49 6 20 57 63 18 23 41 58 66 79 61 21 19 46 38 50 48 65 32 4 26 78 
45 63 44 74 66 17 6 49 19 26 47 8 33 80 53 73 25 2 37 56 75 23 77 71 15 22 55 50 3 76 11 1 27 35 78 48 34 51 5 16 14 40 4 64 36 69 70 32 46 79 10 41 29 9 54 13 58 42 30 
48 39 35 58 54 69 63 55 23 77 64 67 7 12 41 74 38 15 51 6 78 47 2 46 76 36 25 10 33 71 18 1 8 49 44 79 20 72 34 26 75 43 65 50 14 30 13 40 32 16 3 17 37 59 61 9 28 
53 71 32 35 9 67 2 75 68 49 20 78 34 72 3 29 5 55 18 39 43 61 1 38 47 65 58 24 59 42 6 7 56 52 17 21 74 76 31 50 62 41 46 13 16 44 28 60 22 36 69 45 12 19 70 14 
5 56 74 18 12 79 54 44 34 32 30 53 25 57 9 2 41 38 47 65 10 24 22 69 39 51 33 48 35 52 78 49 26 66 13 72 8 80 70 60 76 67 27 63 77 40 55 6 37 4 
53 40 41 57 80 21 30 54 58 70 60 56 42 31 16 69 4 44 29 68 72 26 50 7 47 65 74 48 76 63 67 38 33 10 39 9 8 37 19 36 35 43 13 28 27 77 14 64 12 45 15 61 20 34 49 79 17 71 25 3 52 66 
63 10 55 48 58 6 79 9 50 71 12 1 20 49 53 31 59 27 70 74 66 61 15 67 28 41 42 16 29 40 77 36 43 46 24 47 8 54 32 38 34 21 18 75 68 64 5 4 37 45 76 13 17 7 65 72 26 23 52 35 11 3 51 22 
75 61 56 2 79 52 53 19 43 24 55 35 29 3 5 60 40 23 21 7 62 68 48 67 39 20 22 31 54 41 72 80 63 57 45 30 37 42 16 78 15 70 73 28 77 65 64 12 25 38 51 33 10 49 9 32 46 44 
77 20 17 57 47 21 43 32 25 4 38 41 70 15 53 78 11 37 42 29 60 59 19 33 9 16 6 40 69 52 55 75 71 50 34 62 12 3 51 58 76 8 39 13 22 28 31 68 64 7 80 14 56 1 48 66 44 18 65 46 72 74 73 36 30 
65 5 25 63 33 35 74 4 75 19 32 37 55 21 40 30 71 6 14 79 16 22 47 59 8 78 58 11 18 44 39 2 62 57 50 49 53 77 68 28 17 1 52 51 41 70 27 60 54 9 13 67 61 26 7 45 24 48 66 80 76 42 15 29 43 
76 65 72 10 3 71 48 43 9 40 42 52 27 29 54 55 25 31 59 20 36 8 49 17 32 69 26 57 38 58 63 16 74 12 67 4 34 19 33 41 79 7 46 53 70 15 77 35 28 5 39 21 60 50 1 75 73 45 11 51 22 62 
61 60 67 68 1 55 14 46 43 25 21 27 15 3 58 2 54 53 77 71 10 49 70 48 6 56 51 12 64 62 72 11 63 42 80 9 73 33 52 78 34 37 69 13 41 45 29 20 31 35 30 17 7 32 19 79 
72 52 4 66 25 67 57 12 42 23 37 34 53 43 78 63 15 1 64 79 74 27 19 47 14 31 20 26 9 62 59 76 35 10 3 73 55 44 7 51 29 13 36 46 61 80 70 11 2 30 32 71 8 48 50 56 60 58 
27 71 61 15 75 4 34 58 25 79 23 72 6 80 37 60 9 73 32 17 26 22 35 36 16 19 59 66 65 78 1 42 5 46 43 62 50 64 69 28 11 44 74 31 51 29 20 55 3 57 8 52 48 76 53 12 49 33 67 68 
36 62 27 12 52 65 67 38 80 33 22 42 3 71 21 49 2 29 68 50 8 15 72 47 57 64 73 5 23 70 30 48 61 34 55 10 35 9 19 1 46 6 51 20 59 37 78 76 16 32 45 28 4 24 31 69 
21 64 9 73 36 40 10 7 46 69 20 39 25 28 45 58 75 51 57 41 43 68 71 77 30 3 62 76 44 37 1 4 32 2 72 66 27 12 56 33 6 19 49 18 54 63 67 34 35 59 78 38 16 24 23 11 52 15 48 
63 71 42 32 61 69 55 24 1 62 3 47 64 40 22 75 12 65 73 68 49 48 67 17 26 19 7 76 59 6 18 27 29 13 10 20 21 14 23 33 16 51 77 66 38 57 80 79 35 25 36 74 37 30 39 52 34 2 5 54 
39 10 73 71 34 64 55 30 2 77 20 3 35 75 31 32 7 12 60 74 46 47 42 65 16 63 40 8 59 28 29 49 52 23 18 19 25 48 6 36 1 11 78 17 51 66 57 22 53 27 56 69 26 79 54 72 9 13 68 14 4 76 
15 24 30 12 7 13 50 38 73 27 32 18 65 60 67 75 5 72 22 63 79 14 21 52 74 77 36 69 46 68 33 47 9 19 70 4 66 23 58 56 1 42 28 2 71 10 34 59 11 17 20 53 37 76 41 61 25 3 6 
12 16 64 78 63 80 18 47 49 1 41 75 76 52 30 5 73 37 29 71 45 40 72 65 59 20 77 33 26 35 39 60 50 6 68 42 2 54 38 55 34 3 48 9 25 11 79 62 57 44 21 27 19 51 28 61 74 
65 80 35 53 9 59 32 14 44 28 50 11 54 36 41 16 17 8 46 61 13 55 18 4 69 75 56 70 68 51 66 60 63 77 3 30 39 64 26 23 57 49 31 67 10 48 78 6 43 45 7 29 2 74 5 72 15 33 
61 27 12 67 54 38 72 51 20 64 19 66 21 70 60 34 31 37 3 16 13 43 39 76 47 79 36 44 24 71 11 57 77 55 56 40 41 28 23 1 42 26 74 73 15 62 63 35 5 7 46 78 29 33 32 22 50 75 14 52 17 80 2 69 9 
40 21 69 28 80 8 66 42 2 14 37 70 6 30 59 31 22 67 15 1 43 51 54 77 38 36 20 55 23 41 47 44 53 25 26 4 29 62 63 11 3 71 46 7 64 32 60 61 34 27 18 33 9 58 72 65 17 50 73 13 52 
32 8 27 33 60 18 19 69 73 13 26 2 75 16 41 7 40 58 35 17 48 52 25 79 37 77 9 29 65 61 78 36 39 74 30 76 56 57 51 46 71 6 20 47 14 54 67 62 45 22 55 12 11 59 49 28 21 
44 21 12 62 49 64 16 23 46 9 22 28 33 63 67 34 6 43 11 29 79 78 37 14 50 7 40 36 39 10 35 76 55 25 80 65 17 42 74 48 24 60 61 75 47 70 31 73 52 3 26 2 69 18 54 59 19 41 20 15 13 71 38 8 5 77 68 4 
38 67 1 22 60 77 44 12 21 71 69 55 57 30 32 9 41 43 70 24 73 31 72 76 33 61 42 45 49 18 68 75 5 19 66 51 36 78 35 25 63 54 46 48 74 56 27 26 37 59 39 7 40 79 50 14 34 15 13 
13 31 71 26 17 80 60 35 5 57 66 40 79 24 36 45 38 23 21 37 44 59 61 15 7 72 1 69 11 70 56 33 3 10 64 65 32 58 4 20 62 54 9 49 78 28 77 55 30 39 12 25 34 47 14 63 67 68 
64 4 66 38 72 46 2 31 27 44 80 53 50 69 63 42 9 47 3 21 60 28 52 48 49 79 59 24 32 26 56 65 34 37 67 73 68 71 1 78 33 51 29 74 36 14 57 62 61 58 15 17 76 13 77 10 8 20 43 
14 30 78 34 63 57 25 36 47 11 60 26 9 69 2 15 43 40 12 22 56 61 28 38 48 58 68 65 31 17 16 49 52 24 41 33 23 8 75 1 37 64 35 59 21 51 27 53 7 72 44 50 66 10 4 46 18 67 76 39 70 80 13 73 5 29 
27 11 34 13 10 19 79 12 24 80 70 69 18 6 42 17 45 23 66 14 30 73 47 57 59 64 25 35 16 77 21 31 67 5 26 55 28 48 44 52 54 32 3 8 39 62 58 38 1 65 50 53 2 60 63 
68 77 10 53 41 35 60 13 44 75 39 5 18 48 43 42 46 80 69 47 54 25 50 73 31 16 27 64 74 2 52 14 24 55 4 17 59 36 66 56 79 76 72 40 11 9 65 37 32 71 34 23 20 15 7 26 
26 69 75 32 23 24 2 55 72 29 8 70 80 59 9 54 14 11 28 50 68 42 37 5 27 79 65 77 30 56 33 40 3 25 71 4 20 38 36 60 10 49 66 61 21 74 76 78 1 45 7 18 12 39 15 64 63 53 17 35 
53 37 77 14 78 57 4 25 8 23 17 43 11 51 55 22 9 3 47 52 41 49 1 61 54 58 20 15 69 2 76 33 36 64 19 68 67 56 29 74 13 6 79 35 10 60 5 42 46 39 50 40 7 45 44 21 80 70 30 72 
20 38 70 11 45 31 2 18 36 67 63 74 1 35 57 66 30 48 53 49 34 52 39 46 25 13 61 37 10 5 21 55 51 16 40 47 64 12 68 23 62 59 71 8 17 75 58 76 22 50 4 32 7 27 6 44 73 15 56 80 54 
46 23 10 60 27 38 51 45 70 69 30 58 62 54 43 55 76 13 34 5 8 19 52 36 59 22 49 33 53 1 78 3 65 63 2 29 21 24 18 47 50 67 9 32 6 20 25 40 66 74 7 48 41 39 17 75 73 
46 61 7 56 5 13 38 72 40 30 53 78 68 26 4 75 37 64 41 23 54 25 36 8 69 22 67 60 34 19 3 42 50 77 24 15 14 79 73 16 20 49 2 70 6 43 12 48 63 27 39 35 9 51 
31 65 43 27 49 72 45 68 55 10 6 75 19 37 51 46 74 33 5 4 58 44 22 66 52 7 42 39 2 78 60 79 26 25 23 14 70 20 48 8 64 38 62 29 34 56 54 1 3 71 28 11 32 80 53 67 36 76 9 61 17 73 47 
77 59 24 66 18 67 76 68 48 29 4 28 54 62 23 10 58 19 80 27 74 42 69 26 32 9 46 25 57 53 41 79 2 71 39 73 51 75 20 78 7 55 63 11 43 38 33 5 56 1 60 35 40 47 49 44 72 14 34 65 17 21 70 15 13 
30 58 3 50 26 16 54 45 51 33 40 18 53 2 67 13 44 15 71 43 27 64 19 55 61 37 8 66 17 74 23 36 10 69 76 35 5 70 47 57 32 29 63 75 12 41 72 79 49 56 22 4 46 34 11 31 1 80 14 77 24 
9 12 22 73 56 76 68 20 60 79 48 19 16 74 35 58 32 44 61 72 23 39 11 33 28 40 18 69 64 31 63 4 53 78 54 14 52 42 55 47 6 13 10 49 25 80 67 26 57 1 15 17 45 65 8 71 70 3 27 36 43 
15 37 17 5 27 69 56 12 65 1 52 2 8 30 54 33 20 61 16 7 51 36 80 55 60 72 75 66 21 78 62 40 38 73 50 47 42 14 53 43 3 24 48 59 13 68 34 4 18 77 29 45 70 9 39 41 64 32 63 19 31 49 10 74 
47 45 62 36 63 67 46 43 73 71 41 19 42 1 54 64 66 22 57 18 8 13 53 23 74 70 35 38 26 44 58 40 15 79 34 7 60 5 20 2 11 51 72 25 33 55 32 69 30 10 59 21 14 3 52 
59 40 16 31 17 58 35 38 12 62 28 74 19 29 67 30 55 37 24 45 4 54 11 21 77 10 80 13 64 41 18 61 53 20 44 49 56 14 79 26 9 42 66 22 68 23 2 5 70 48 7 51 8 52 43 6 1 76 65 78 50 15 32 3 57 47 
1 22 37 27 68 55 51 20 35 77 9 10 45 33 80 65 38 67 4 62 79 6 34 8 76 58 63 7 56 64 21 49 11 47 32 61 69 71 25 26 13 28 41 18 39 36 31 59 53 73 15 66 72 30 48 52 60 17 
74 28 33 54 79 36 49 80 43 27 5 35 42 40 70 58 52 8 68 10 29 38 30 51 22 17 15 64 23 66 16 48 26 50 76 57 25 46 63 11 12 13 53 65 77 44 78 7 37 45 19 60 2 4 14 73 32 39 41 20 
45 31 46 11 40 16 13 38 58 6 64 7 70 25 80 22 76 74 39 59 63 73 14 75 66 5 34 3 37 67 44 1 30 47 24 8 48 54 65 35 42 68 53 49 33 26 21 29 18 55 12 62 52 27 57 41 32 78 77 2 10 
22 19 7 64 79 11 8 3 52 15 28 50 76 67 74 23 12 44 9 77 66 61 35 46 51 55 78 60 56 18 13 6 48 37 1 45 26 49 24 63 42 70 40 20 14 21 38 80 34 54 16 39 4 2 72 43 41 68 71 57 62 
65 4 17 50 31 15 80 28 45 7 20 79 67 47 63 24 3 5 37 21 71 39 44 12 11 23 2 9 46 66 73 68 59 40 1 26 75 19 52 33 22 54 58 48 76 25 51 36 64 77 16 43 61 78 29 57 60 69 35 72 32 30 
55 13 77 12 44 28 78 14 10 8 47 33 35 17 26 50 62 52 76 24 67 27 46 43 74 3 30 7 65 51 15 34 40 57 4 23 19 48 37 25 58 60 29 63 45 42 18 36 22 9 2 79 64 5 61 72 21 80 
57 2 58 63 54 55 52 36 9 28 51 17 22 26 69 44 65 79 70 45 61 35 66 6 60 71 15 20 33 5 64 29 42 4 32 72 23 75 3 11 78 18 30 73 8 31 10 74 50 39 41 48 37 40 46 43 24 59 
52 49 54 46 26 45 24 64 34 58 1 72 59 21 71 69 37 53 65 44 27 7 78 31 35 18 28 38 73 47 6 8 48 14 22 74 43 16 32 20 29 13 10 80 67 50 17 12 33 36 57 25 75 42 62 56 23 70 51 
38 28 58 63 17 42 50 8 39 19 7 1 67 79 77 9 22 36 62 16 3 11 15 25 31 75 10 41 34 26 6 51 54 27 48 30 44 47 21 61 66 64 72 13 46 29 69 24 55 18 52 59 20 53 4 76 40 71 12 74 35 2 73 
3 31 25 20 75 80 40 50 52 10 56 48 17 73 14 69 21 9 65 57 15 43 74 46 18 27 23 1 76 45 64 62 39 36 44 24 33 38 34 32 28 70 78 12 29 71 66 54 59 68 4 11 63 51 53 6 13 2 58 37 
2 32 13 56 35 75 5 48 27 22 51 47 6 46 49 7 69 70 4 58 55 11 31 40 41 15 67 34 24 79 64 20 23 43 63 38 8 54 36 77 39 1 14 28 26 71 16 53 3 59 57 9 74 60 65 66 17 10 73 72 
