80
15 76 72 11 70 60 12 57 8 21 33 22 54 59 48 44 36 50 61 27 46 79 32 58 53 31 42 34 66 47 51 2 74 9 35 67 29 
21 49 68 73 22 14 54 55 53 58 11 18 38 67 28 50 27 71 33 69 5 1 16 51 46 75 24 76 30 77 80 44 74 25 
45 74 9 5 30 65 52 72 20 80 68 26 79 10 27 35 47 77 66 8 15 59 13 69 39 6 64 46 42 12 41 29 31 28 
52 63 75 14 11 12 54 46 25 35 21 26 65 51 43 36 13 55 58 18 30 49 38 77 56 31 80 8 42 68 67 28 62 
69 71 55 30 34 76 57 29 62 78 3 15 32 13 25 43 47 39 28 45 70 12 44 31 46 14 24 27 72 74 36 52 53 75 49 37 19 10 21 2 11 18 41 17 60 
70 59 55 23 7 32 58 74 77 30 50 69 46 79 64 13 61 40 56 27 65 73 16 72 62 45 24 68 42 3 18 39 20 36 
17 63 39 15 70 28 49 55 26 6 62 18 14 31 80 58 16 53 12 43 30 9 50 41 46 10 66 45 38 47 23 32 20 48 19 
67 66 1 28 73 10 42 4 20 44 63 77 39 11 40 33 68 36 25 49 80 35 55 17 3 37 56 23 31 13 59 64 38 46 76 26 
25 54 71 41 37 72 55 10 78 32 3 33 36 45 24 49 75 16 64 1 60 69 11 40 35 27 18 80 65 63 62 29 68 7 77 46 47 
64 60 5 25 58 49 34 8 47 17 67 31 26 77 23 9 22 35 41 79 57 3 48 18 74 65 36 45 72 28 55 7 59 50 76 62 27 73 12 
80 27 29 75 1 76 57 34 74 58 62 18 41 24 61 69 5 47 38 9 19 51 53 16 17 67 4 48 2 44 54 52 8 49 
7 67 73 26 69 74 48 43 19 24 72 23 56 1 46 38 31 4 45 62 22 79 3 36 61 29 42 68 10 50 18 5 57 52 34 53 58 
23 15 33 32 31 37 25 57 34 73 63 67 40 5 74 18 42 55 8 41 75 51 6 39 49 38 71 60 68 26 70 80 79 3 76 30 29 4 69 47 
7 64 53 30 18 70 40 5 27 79 2 26 47 34 80 44 19 69 33 67 75 39 59 51 22 68 16 31 32 56 50 62 72 4 66 45 48 
38 77 43 70 1 3 58 60 17 7 73 51 62 18 25 74 65 78 30 5 34 64 20 76 61 56 68 13 63 21 44 66 45 49 29 19 
67 30 25 23 80 11 56 22 69 43 31 29 9 71 35 34 62 6 44 57 77 33 52 7 65 36 53 46 14 39 2 42 68 66 54 
60 56 24 78 47 5 21 18 28 22 72 43 29 46 77 74 69 75 42 64 32 38 50 68 37 11 20 40 8 7 15 39 57 76 10 30 80 63 73 67 59 
68 9 49 6 48 11 12 14 77 13 44 64 31 15 62 53 76 78 7 30 45 21 47 54 4 27 2 35 17 69 70 24 55 67 52 71 57 5 36 75 61 37 10 79 32 
28 40 5 26 39 73 23 47 14 77 61 63 15 76 53 59 11 7 50 68 51 48 80 58 22 69 66 27 35 12 24 70 64 67 75 57 42 74 54 25 
51 57 68 23 26 15 40 43 30 61 80 55 22 58 56 38 35 42 77 79 6 8 32 72 7 3 76 60 67 47 24 49 17 31 62 64 78 
53 63 24 17 79 26 76 62 23 66 4 33 2 74 1 57 43 34 80 18 25 65 15 47 39 51 49 5 22 
10 19 57 46 21 62 59 73 20 47 76 24 74 12 23 51 53 14 35 65 29 17 71 75 67 80 25 70 16 2 61 1 72 58 52 26 28 31 
45 57 68 62 16 27 79 77 43 74 48 72 71 13 46 8 28 6 22 40 10 38 19 75 36 26 7 61 20 47 21 50 52 12 
5 21 19 6 17 54 18 48 22 32 64 78 60 44 50 67 28 56 2 11 27 79 31 53 75 12 59 34 58 20 9 37 51 
72 56 19 21 31 45 22 39 63 30 55 2 50 8 76 15 43 69 27 37 9 60 5 53 62 16 40 61 32 71 52 10 13 70 4 36 41 26 58 49 35 38 29 
62 45 30 32 72 65 21 3 42 7 75 31 68 78 49 71 4 41 35 10 25 63 67 53 13 43 58 79 60 20 48 34 44 46 8 74 39 22 23 33 12 47 14 70 51 76 19 64 
77 51 75 24 36 6 55 59 73 18 30 34 62 39 23 41 10 56 11 1 53 5 38 76 54 57 9 3 25 14 60 58 79 37 29 78 2 64 48 52 19 
23 67 32 43 2 5 41 53 17 33 34 66 65 69 78 3 19 4 71 47 55 39 52 80 35 40 22 24 76 30 60 46 7 70 10 77 79 48 8 36 
33 34 27 73 5 16 68 17 63 36 12 31 30 77 60 61 50 57 72 11 25 1 59 56 62 13 46 47 80 49 3 54 9 15 22 
33 2 44 71 26 36 7 17 5 59 75 45 57 13 62 65 58 53 28 3 29 15 60 25 72 66 54 20 4 48 27 35 18 14 61 16 6 52 42 
26 5 32 69 20 41 7 10 55 35 71 18 51 16 1 54 60 73 13 77 72 65 66 42 4 40 39 49 44 25 61 29 74 3 12 52 24 76 34 38 22 8 68 14 45 
20 5 1 49 54 24 53 40 79 66 68 50 57 26 9 59 78 25 73 47 55 67 28 41 46 7 35 51 6 31 61 13 17 18 14 72 60 63 69 34 58 
1 59 9 26 30 64 36 69 29 53 55 74 67 16 13 63 45 2 49 68 52 62 21 34 60 73 35 14 72 43 38 57 47 51 48 42 71 28 8 
78 13 28 11 55 52 10 37 12 39 1 57 76 27 59 21 46 32 26 53 31 44 14 5 24 54 71 66 72 33 50 75 42 40 60 16 80 70 73 15 29 77 38 35 
48 30 45 44 34 61 65 51 26 28 25 32 46 62 57 50 37 56 9 19 54 1 69 22 31 55 43 8 40 77 74 64 76 20 10 38 18 73 33 78 59 3 60 39 16 71 4 
12 65 53 30 43 76 68 8 78 16 60 9 4 48 27 66 70 1 38 58 25 23 57 55 29 67 79 64 6 37 49 51 54 5 46 28 18 10 61 33 75 73 
43 36 54 41 58 52 71 42 75 34 72 67 38 47 5 78 8 70 39 35 13 66 80 17 53 25 44 56 40 45 79 27 9 18 65 48 24 77 
8 12 62 35 45 78 66 60 63 7 59 31 40 43 37 23 46 4 77 54 48 33 13 61 41 73 25 58 11 39 36 76 20 74 17 15 2 72 27 34 56 
7 46 6 38 71 17 64 68 42 52 74 35 31 69 16 25 13 26 19 65 61 37 34 76 14 80 21 27 3 51 54 40 8 75 66 45 72 56 5 79 28 55 44 
14 41 17 74 55 68 78 13 71 31 39 62 61 49 70 65 28 20 80 57 66 52 42 32 23 64 38 19 69 60 37 9 63 35 75 34 6 73 25 8 51 56 76 
27 65 54 73 31 63 49 5 59 74 57 13 10 72 37 3 26 61 9 71 45 51 77 43 40 60 52 28 64 32 7 78 11 25 66 38 
78 19 72 17 39 37 51 40 65 16 30 20 52 77 34 63 1 47 13 67 6 48 33 26 8 43 66 49 70 12 71 31 74 46 79 4 3 73 45 
61 7 25 59 33 52 5 15 26 68 58 41 72 23 67 54 60 16 37 38 21 35 36 45 28 73 20 62 53 47 75 12 42 4 17 79 78 
45 72 2 54 58 35 15 46 68 5 48 73 37 30 53 24 34 55 67 50 18 8 1 80 31 66 26 62 79 76 56 74 14 11 60 64 61 39 16 
9 15 26 75 49 30 55 14 59 3 54 48 5 7 42 41 39 37 23 33 38 35 10 64 58 43 69 6 62 31 57 53 18 12 25 47 76 74 66 44 71 
64 74 12 72 51 23 7 65 48 9 42 39 62 1 80 35 5 3 16 63 29 57 78 70 26 28 69 60 67 53 73 68 38 52 76 79 22 44 36 32 34 4 6 17 2 59 8 61 
51 18 50 74 22 20 59 43 21 63 57 75 42 48 5 32 71 28 11 10 53 19 49 62 45 65 29 14 33 37 78 9 13 3 7 79 1 77 26 56 23 66 70 17 73 
70 45 61 35 23 38 57 62 30 58 77 47 11 60 7 18 59 67 12 24 69 36 37 10 65 33 46 50 56 14 26 28 19 27 42 1 44 
40 42 51 13 15 59 21 10 36 54 25 67 69 65 61 47 55 4 41 20 63 77 26 29 7 8 52 80 45 2 9 18 32 68 31 11 64 66 33 79 5 
6 47 2 75 29 58 34 35 17 44 61 48 25 71 12 52 59 10 1 19 23 64 72 65 70 53 78 7 32 68 67 63 77 24 14 74 
1 61 31 47 32 55 53 35 65 79 24 13 66 19 67 75 20 14 26 56 77 2 4 52 49 21 54 41 11 22 33 78 15 46 74 76 27 58 40 36 60 42 39 73 68 64 
77 23 18 27 30 49 3 68 66 11 72 65 40 28 55 33 58 12 50 31 42 5 39 25 51 78 37 41 4 69 34 43 71 16 22 54 73 46 
46 27 54 24 75 51 34 19 78 14 32 28 37 64 30 21 18 50 47 25 11 36 26 44 7 72 16 2 68 69 5 73 43 67 45 60 33 1 22 57 12 
49 66 43 73 24 11 78 53 62 30 51 4 41 36 31 27 56 9 37 2 32 39 58 18 70 38 29 44 52 16 19 72 64 69 1 34 45 61 35 65 57 
7 62 77 35 8 45 6 49 69 39 28 78 59 58 5 52 40 20 36 25 31 74 34 51 4 9 10 70 76 33 32 44 75 27 2 61 13 18 
70 40 8 54 6 62 48 61 51 58 24 17 4 73 37 68 72 69 15 29 78 25 12 59 80 35 20 38 76 44 14 47 16 39 27 
1 21 47 29 35 53 59 63 33 16 68 10 80 19 46 5 27 22 54 72 65 45 76 20 17 36 78 41 70 32 23 18 30 13 11 58 60 40 34 48 75 12 67 
57 71 7 56 48 2 15 63 77 68 65 4 80 52 20 19 70 22 37 51 32 59 27 25 12 74 10 36 30 73 55 1 11 54 76 26 24 6 45 44 50 38 43 
50 10 6 27 74 38 45 48 55 1 29 71 56 47 14 22 8 72 78 19 41 58 57 24 65 32 3 35 49 79 33 34 43 17 30 80 46 68 
70 17 46 13 44 48 34 74 29 36 66 43 31 35 28 62 10 15 24 41 57 20 1 26 9 27 67 40 33 53 32 38 25 64 30 80 51 5 
11 44 76 67 1 15 40 23 6 56 29 79 22 19 39 55 20 51 71 72 32 46 12 48 30 35 80 49 25 43 77 18 54 78 36 31 62 65 68 41 50 38 
56 40 44 26 47 25 5 74 4 64 48 18 20 72 54 35 46 60 61 14 29 45 27 7 9 22 79 16 11 78 33 30 77 6 43 15 70 38 68 67 12 23 55 10 75 21 
50 42 49 70 73 15 66 8 17 40 13 4 67 74 29 65 32 47 71 72 21 69 58 38 57 46 9 41 26 19 7 25 33 
6 51 44 72 41 60 24 27 10 14 77 54 26 45 9 33 62 3 49 15 39 50 35 40 78 65 71 19 68 70 17 79 46 53 8 67 20 69 36 18 
22 28 54 15 35 26 21 3 39 78 48 51 30 58 68 9 69 36 59 4 42 40 41 75 6 49 50 16 63 46 76 52 31 64 10 61 47 57 37 
37 52 7 1 67 68 32 44 63 31 14 45 39 28 54 75 47 19 3 30 70 36 41 34 21 42 78 77 16 38 51 15 60 69 49 71 40 8 
53 24 33 43 62 8 60 4 11 37 22 18 61 78 1 46 79 42 20 44 17 13 72 48 12 2 63 50 19 26 28 57 16 68 36 66 69 32 14 64 49 51 10 
15 17 53 18 64 23 43 3 51 59 44 14 13 2 46 56 77 6 33 58 67 8 62 31 29 16 65 57 79 71 80 4 9 61 72 49 39 50 66 52 26 36 40 20 75 12 32 19 
39 9 12 25 2 28 33 40 55 49 17 63 13 35 56 54 31 67 65 77 19 73 46 11 18 6 72 5 64 16 3 53 71 45 14 66 52 78 32 48 
5 50 76 62 64 37 46 7 77 40 6 54 19 73 66 18 75 42 25 22 48 79 63 57 71 34 36 58 72 60 28 14 26 13 55 56 47 15 1 
13 41 35 40 47 23 28 18 58 78 45 70 66 80 63 59 22 72 9 2 5 50 52 76 16 33 61 25 75 68 26 31 37 39 69 30 34 42 64 
70 20 26 80 53 34 46 3 25 59 41 5 63 44 61 32 31 67 50 43 10 6 23 62 38 39 14 68 71 78 12 56 37 52 42 22 9 77 57 33 74 54 79 29 69 1 30 76 17 64 
27 2 46 51 42 35 70 47 19 44 29 56 63 77 33 31 43 34 38 54 75 69 17 80 12 22 58 10 79 8 41 52 76 13 74 6 40 32 53 15 36 
73 45 41 63 47 38 10 17 12 3 40 77 15 6 51 75 39 21 42 31 26 59 62 58 22 23 44 33 5 72 1 19 76 13 35 55 2 50 60 11 46 78 
45 14 47 26 27 4 39 51 24 76 2 62 66 22 74 57 34 13 68 23 43 19 73 80 36 37 17 5 50 30 70 65 40 18 53 9 55 71 11 
22 73 21 34 65 71 75 25 61 11 45 70 55 1 74 44 13 27 39 15 2 38 56 36 17 28 5 8 58 31 77 46 40 20 35 51 72 57 18 26 10 19 
73 38 4 18 66 20 48 52 23 47 72 50 6 35 79 58 8 16 17 78 68 2 37 42 28 61 76 74 10 62 49 34 9 69 31 19 41 55 51 27 80 29 64 3 70 15 
80 54 41 62 18 46 52 50 71 28 38 32 15 40 79 65 37 20 64 9 69 35 26 72 42 47 51 43 53 61 74 27 24 55 66 17 34 56 36 77 5 57 67 59 
12 43 62 78 28 6 26 59 51 68 64 44 49 47 20 14 23 36 46 72 32 39 1 37 21 18 73 70 10 13 67 42 77 3 24 27 61 
14 72 59 77 9 61 60 3 78 39 13 20 11 46 58 22 28 68 8 21 34 57 7 4 73 44 56 75 37 2 29 16 19 40 49 17 71 