80
10 34 40 8 46 39 26 28 73 33 32 51 24 19 6 7 13 42 31 5 43 25 76 59 2 36 62 52 17 79 68 27 15 58 69 
51 38 24 29 79 7 30 68 74 31 4 54 58 28 61 66 11 12 16 14 20 39 43 26 23 1 6 35 49 59 27 70 46 44 52 18 65 53 32 13 33 19 
39 58 35 13 68 40 25 56 16 11 19 17 50 46 38 31 79 12 44 29 51 6 63 26 14 77 30 5 47 59 21 64 53 60 69 75 34 
35 8 49 54 51 23 52 45 20 22 38 30 58 37 55 71 11 27 68 67 36 2 79 41 25 6 44 56 42 64 72 73 7 63 28 10 34 21 66 33 69 
52 6 38 46 64 73 3 17 14 30 67 15 41 9 27 44 10 45 1 7 35 79 48 68 55 20 76 56 22 54 72 39 70 66 40 28 43 33 80 
79 15 33 36 60 67 21 26 35 66 76 62 3 27 68 65 43 23 52 44 56 2 1 22 5 19 58 46 12 17 14 51 61 48 20 47 70 24 39 4 8 59 54 74 
66 65 52 67 39 45 30 32 24 9 56 11 10 31 50 4 43 1 78 17 69 61 14 70 73 2 53 37 5 74 36 34 77 60 55 21 25 16 68 64 76 79 40 18 80 41 57 22 58 27 28 
70 71 67 79 51 4 15 61 58 72 52 1 60 23 16 54 6 32 12 35 53 31 50 48 47 45 13 75 21 30 9 49 26 76 40 
5 18 8 14 26 50 64 76 21 65 7 73 39 68 48 36 54 80 30 47 57 56 16 33 24 59 62 45 38 44 71 11 70 25 51 
67 61 65 57 46 56 70 11 49 4 29 1 52 51 69 5 28 19 40 37 64 42 58 55 17 7 13 
38 76 2 67 33 15 70 65 56 10 42 36 71 31 13 3 57 7 9 16 26 12 22 73 29 24 63 37 18 48 64 49 41 74 51 34 27 25 78 4 28 23 14 20 19 17 
61 42 36 43 28 25 40 59 50 11 38 33 6 14 63 71 52 15 27 56 30 37 77 2 51 53 57 32 34 49 17 60 26 19 75 8 64 18 24 73 76 3 
54 66 25 58 26 3 45 17 11 43 27 33 38 68 40 24 2 1 71 80 37 48 47 18 55 14 39 8 28 15 10 41 31 22 21 19 67 30 53 29 75 
46 79 7 25 68 11 18 6 27 43 39 2 28 13 40 76 16 53 52 65 60 66 54 47 59 26 49 37 80 72 9 29 36 42 17 5 12 3 31 62 55 
66 56 1 41 38 55 49 68 50 46 54 80 60 75 57 69 63 58 45 76 64 74 71 47 18 61 12 42 24 16 20 13 11 67 29 79 28 5 39 8 40 59 78 34 21 6 
38 11 77 49 3 14 73 61 52 23 26 20 80 43 54 44 7 2 8 59 66 19 58 60 50 29 53 15 35 55 78 70 21 64 56 9 71 25 68 63 75 34 
42 55 65 39 46 24 11 32 36 47 13 60 52 61 7 38 70 76 72 5 62 12 79 28 10 25 3 51 6 57 1 20 27 59 71 45 54 37 14 
2 39 50 31 30 36 29 58 32 27 72 7 59 38 15 14 60 42 75 24 13 61 33 12 35 62 66 54 64 41 11 79 43 45 37 55 53 68 9 
26 79 12 35 49 65 2 20 1 73 54 44 31 62 61 13 67 69 77 33 40 28 42 45 21 64 16 6 60 10 3 50 51 68 80 27 11 46 72 
42 43 28 35 63 68 40 4 61 72 71 2 6 22 45 30 16 5 41 36 33 54 27 34 19 80 15 21 17 52 46 51 11 59 
8 73 15 45 35 16 50 39 9 23 19 4 51 52 31 7 43 38 75 70 54 65 41 25 13 76 71 26 56 20 30 28 6 33 72 80 3 32 
23 34 45 53 35 58 13 51 77 50 29 70 52 7 78 46 27 20 25 38 67 57 11 79 61 71 39 28 68 40 6 5 69 49 4 55 74 32 48 63 26 
8 22 68 32 56 26 29 40 77 78 25 16 4 42 27 69 44 2 39 54 36 55 21 53 6 60 75 11 50 51 38 33 65 43 34 62 76 24 
38 62 43 7 9 80 34 76 63 72 54 74 36 67 57 25 23 52 11 15 75 13 59 58 65 6 1 30 33 41 37 12 31 64 17 18 79 49 2 68 29 28 
42 78 45 68 11 16 23 12 14 34 59 17 66 41 9 13 74 28 46 24 22 27 47 21 48 51 67 49 1 7 3 77 50 40 4 79 53 43 44 29 
62 77 65 16 30 19 35 71 59 44 74 60 41 11 52 31 13 23 51 78 73 48 79 39 38 22 53 6 14 64 76 8 21 80 1 40 36 9 50 3 2 12 70 
75 36 44 1 70 35 29 79 66 38 33 23 72 57 71 6 47 2 25 59 20 19 4 67 76 22 17 7 11 65 5 74 18 13 54 12 14 39 64 46 42 51 
15 46 41 10 80 60 31 32 13 47 49 25 24 42 30 29 56 17 53 72 21 61 52 33 38 22 19 11 7 20 79 59 4 34 12 14 36 70 58 63 44 5 1 77 2 62 
44 72 74 43 50 52 34 80 47 2 38 32 68 22 11 13 46 41 14 75 56 27 62 61 16 31 10 79 59 28 33 35 63 23 25 24 18 57 40 36 39 64 15 3 49 
12 24 45 41 28 7 69 13 72 57 5 9 42 18 40 36 4 39 77 20 70 2 63 21 51 79 56 76 33 48 60 80 3 49 8 54 34 26 59 
21 53 76 57 58 8 47 1 44 13 71 29 42 61 26 50 18 51 60 35 40 78 28 45 3 49 24 55 75 2 19 34 33 11 14 7 37 56 
41 38 62 37 8 42 29 78 44 65 12 70 79 34 28 55 2 23 17 40 73 74 63 45 47 7 53 64 1 43 75 21 69 36 68 22 56 72 18 71 46 
5 9 43 59 68 19 65 29 21 71 28 69 60 6 66 1 67 79 30 23 31 76 11 12 4 53 34 35 40 2 13 49 61 20 27 18 64 37 24 44 36 
50 24 44 31 11 16 12 33 65 56 25 20 28 75 32 53 68 80 3 29 61 74 55 48 30 15 70 59 22 64 47 71 4 7 58 1 23 
20 40 36 67 41 43 75 77 31 16 55 5 38 18 54 27 21 73 61 63 74 19 39 8 22 26 29 3 62 65 33 4 66 78 58 52 2 6 70 
79 11 56 74 24 1 46 72 4 30 26 66 53 33 60 73 71 7 76 44 67 59 28 29 68 57 27 32 35 69 6 40 23 54 48 45 61 58 20 80 9 18 12 14 47 17 
10 74 54 12 33 24 59 51 31 66 69 47 71 4 79 67 62 77 60 49 41 46 18 80 32 11 40 14 17 13 7 
58 21 64 27 79 12 42 74 43 72 24 32 62 60 26 22 55 16 39 11 68 53 46 77 2 5 66 44 41 45 13 78 9 18 23 35 29 28 70 3 4 15 80 54 17 
58 15 6 46 74 18 30 9 38 1 55 29 5 27 72 54 77 13 42 26 7 14 68 35 43 45 3 23 48 78 21 57 17 41 73 2 75 53 22 
68 78 13 33 3 10 25 53 30 8 51 74 52 41 61 37 57 65 31 15 47 32 26 23 46 20 49 1 5 14 56 35 29 19 44 58 22 7 45 36 55 12 70 
25 67 11 78 37 29 35 59 62 44 64 26 24 69 7 28 79 4 56 21 71 75 32 18 15 40 13 65 63 38 39 46 20 30 49 5 
60 30 39 78 47 15 75 17 66 19 31 23 18 11 46 32 28 12 14 71 38 1 59 48 25 62 4 27 74 20 45 10 70 55 44 
49 80 61 21 35 7 47 45 79 75 63 16 12 62 14 39 25 70 13 23 57 60 50 2 18 74 1 38 44 20 6 53 29 52 54 58 24 68 64 33 5 32 
64 16 9 53 65 3 78 4 36 80 77 71 59 2 73 29 32 28 34 23 41 33 25 31 40 5 43 63 42 26 46 72 38 6 61 51 19 52 47 74 27 57 
43 65 59 31 75 30 25 66 72 19 36 8 9 15 64 38 39 5 21 40 20 54 49 48 22 7 50 78 17 13 70 42 74 80 56 60 52 4 32 18 47 
47 37 59 75 20 42 17 60 67 32 14 1 28 54 5 36 41 29 25 49 39 2 56 73 40 19 58 3 65 15 10 53 57 6 38 64 22 77 44 27 
25 66 69 77 14 42 51 78 37 32 74 73 28 3 65 8 17 52 45 59 54 71 6 31 43 15 9 68 36 79 44 67 40 61 29 13 75 50 46 27 34 63 64 
53 8 73 50 9 13 34 77 61 68 55 26 6 45 57 62 78 30 36 72 25 22 64 49 11 79 60 67 52 5 66 39 42 
33 45 60 24 80 43 48 40 37 29 30 71 10 2 25 4 16 53 19 11 22 28 65 14 46 15 31 12 77 41 62 8 61 58 
79 16 25 9 23 12 52 21 29 19 73 18 31 55 76 26 61 54 48 3 7 34 62 45 78 66 51 63 8 47 15 65 43 22 
20 10 3 17 74 54 79 26 60 2 11 8 52 70 25 67 80 50 37 73 40 19 6 77 30 12 66 27 23 22 1 21 44 68 9 31 47 4 57 
45 8 35 14 51 7 28 48 12 44 26 50 6 58 16 10 73 67 2 54 43 64 78 69 66 24 62 74 80 40 5 29 22 4 47 63 20 21 57 1 17 
59 28 77 22 18 25 75 55 74 2 16 64 32 63 34 46 68 38 31 54 49 12 13 33 36 3 60 14 7 8 43 65 40 44 48 23 39 57 79 58 70 26 
66 72 30 45 68 9 2 15 18 16 36 56 20 69 14 59 58 6 23 52 19 74 79 35 70 17 53 5 51 38 13 75 21 71 73 39 46 24 4 62 43 27 37 50 61 77 8 64 47 
15 7 79 69 35 60 10 73 42 50 39 58 71 16 17 76 34 40 14 31 57 48 22 75 4 38 18 53 23 13 67 68 32 61 5 66 
32 11 36 59 5 46 61 31 6 9 15 62 10 40 23 7 4 28 64 16 41 65 66 3 54 45 78 12 67 21 79 63 75 29 71 30 34 
76 55 29 7 10 24 77 27 43 30 51 9 75 67 65 15 48 36 79 70 22 12 46 17 72 44 53 80 58 11 68 60 39 52 31 40 
39 22 2 61 4 40 10 55 13 63 43 31 38 62 8 80 49 3 72 36 46 54 52 71 24 65 15 78 34 60 70 16 7 75 53 57 1 28 59 6 18 35 
62 9 6 26 60 24 54 69 41 18 46 36 75 16 33 47 73 63 76 20 3 27 77 42 2 44 68 37 45 1 79 14 12 65 15 28 30 53 56 80 34 25 58 17 29 
69 38 46 23 67 8 17 59 75 53 26 58 62 6 63 70 30 78 77 51 19 3 55 12 68 7 16 79 15 36 33 49 74 45 42 14 43 28 37 31 18 48 57 
19 36 29 64 28 8 12 55 58 48 44 66 74 40 56 10 20 22 43 50 49 31 76 78 6 18 73 15 67 47 7 54 35 17 69 65 16 2 68 33 34 77 
17 59 38 76 52 29 64 54 14 37 50 75 24 48 73 60 35 23 67 74 77 1 41 49 79 58 26 43 18 19 28 42 56 32 78 6 68 9 
29 24 78 28 60 32 30 56 43 52 47 58 76 79 73 15 53 11 3 35 41 59 44 12 71 65 70 80 20 4 72 22 75 16 50 
45 15 54 62 46 12 19 33 56 7 4 75 24 66 32 26 47 48 70 77 68 29 11 38 16 53 5 9 52 18 27 44 43 41 10 61 34 3 72 
44 79 35 45 27 61 57 14 2 46 41 47 34 33 73 75 59 74 56 63 53 24 80 77 9 10 68 6 71 7 19 11 23 49 50 26 40 32 17 58 21 
27 36 56 51 25 55 35 78 13 70 16 14 45 61 5 52 69 76 33 74 80 18 67 37 4 77 7 6 48 38 64 42 2 15 47 54 50 
56 37 8 41 5 62 51 15 79 13 25 57 36 73 80 71 19 48 33 22 66 47 75 11 10 4 6 52 35 27 46 55 24 61 7 76 60 
39 48 5 75 9 33 47 14 4 29 2 40 25 19 70 6 22 54 51 18 60 24 64 43 57 3 7 32 38 59 1 15 78 55 61 34 13 65 16 36 20 53 23 62 
80 75 37 36 30 22 3 41 23 1 4 7 55 54 47 52 60 33 15 32 70 76 19 59 66 79 10 61 
73 51 77 53 42 21 69 58 38 11 74 66 30 60 45 63 64 75 40 7 6 16 26 71 5 22 10 34 68 35 43 80 27 2 28 54 72 32 9 8 57 17 
15 76 54 79 55 44 21 20 49 11 67 32 16 17 8 9 58 65 36 34 27 4 22 41 70 56 42 31 26 78 37 73 13 12 63 33 47 
19 17 64 57 48 20 21 18 28 54 5 44 27 58 30 29 38 24 80 70 32 4 63 78 39 45 14 8 36 
54 44 32 50 48 59 52 71 35 79 16 39 65 4 19 9 67 11 76 7 12 75 70 46 61 47 51 36 63 21 74 26 62 55 1 5 
11 65 6 39 77 2 47 22 37 54 73 38 29 35 7 27 26 15 43 60 53 34 45 51 25 42 61 40 62 52 24 66 32 36 70 44 
78 45 29 70 23 13 46 63 54 68 41 21 47 16 73 80 53 56 67 39 57 8 59 77 27 62 18 12 43 64 24 79 15 31 34 3 65 42 35 55 60 69 32 58 
79 69 30 33 1 55 27 62 61 59 8 73 66 12 24 9 14 7 11 23 57 26 5 63 78 6 17 50 36 31 71 67 15 21 
46 3 70 60 57 35 39 7 38 12 62 80 25 53 26 51 66 22 54 49 23 44 30 59 47 75 74 48 19 65 37 61 28 16 64 
15 11 35 44 41 50 66 32 60 26 39 45 72 16 76 48 40 23 22 58 7 71 38 42 75 62 61 25 52 56 68 63 47 31 
8 76 80 57 18 55 32 48 67 65 19 17 29 15 37 43 53 28 38 4 26 56 41 1 71 27 59 47 24 33 73 60 3 69 2 51 36 54 14 5 62 50 7 25 75 6 30 63 22 
7 75 37 72 13 79 30 45 15 52 59 38 51 24 67 65 43 69 66 36 34 19 20 5 57 16 77 28 44 29 70 58 49 21 9 14 63 26 