80
25 28 60 68 78 4 54 21 64 24 32 34 5 35 41 30 39 73 46 45 36 27 80 23 72 70 40 53 57 69 29 50 9 63 52 33 20 
72 44 53 75 43 23 47 48 70 6 59 57 45 27 56 46 80 29 8 68 32 3 62 10 54 12 60 41 22 13 65 7 26 67 14 9 31 71 25 79 17 37 
41 9 46 50 31 18 52 49 77 19 15 47 20 29 27 40 6 79 65 17 8 56 21 76 80 62 48 2 51 42 63 33 13 59 23 35 
61 73 46 29 57 20 44 5 69 19 55 7 56 53 74 21 50 48 28 78 17 42 31 71 66 59 1 32 54 52 79 25 14 62 10 39 64 8 76 27 51 9 
45 23 4 22 44 74 68 70 51 28 27 1 12 41 69 55 42 52 43 34 40 26 48 16 11 18 19 80 17 67 14 30 10 50 66 38 39 36 71 46 
62 53 3 59 31 64 9 40 55 37 15 27 66 12 18 23 60 49 52 50 7 28 51 22 65 29 36 46 47 75 16 70 58 45 78 77 67 57 76 63 34 19 79 2 17 26 14 24 21 43 30 48 74 
61 20 51 24 71 23 68 21 43 22 73 40 67 25 59 69 31 15 80 4 72 78 38 37 65 75 8 60 27 54 48 33 49 64 2 6 13 28 74 56 
76 33 51 4 25 18 70 30 17 74 15 75 37 19 2 52 24 67 79 44 23 42 34 10 29 9 60 61 72 7 39 69 36 26 13 45 32 22 68 71 73 11 80 3 
71 1 61 58 3 57 11 38 36 23 73 24 77 2 12 52 37 49 67 56 6 68 70 29 46 4 54 51 32 80 45 44 78 8 33 40 74 31 13 62 55 28 15 
54 78 53 48 4 68 80 12 52 28 41 50 5 14 58 35 56 22 76 8 59 49 75 13 31 77 40 19 38 66 47 2 67 70 11 24 73 55 
36 20 5 38 34 60 40 27 31 57 71 67 50 26 69 68 76 66 72 22 13 30 54 55 48 46 74 56 47 19 44 18 29 9 8 10 53 58 12 42 17 45 37 14 35 32 79 73 
77 15 68 67 38 45 14 35 54 28 52 63 44 56 53 72 21 23 73 43 25 58 34 79 10 31 75 32 6 11 29 9 36 2 42 22 71 5 65 61 40 33 
27 57 28 10 14 21 45 25 8 26 18 44 24 65 7 69 11 75 30 35 51 9 46 80 54 55 67 3 22 49 42 23 72 39 61 20 2 
70 65 6 61 13 80 69 22 4 63 31 45 76 36 68 32 21 5 44 30 10 12 17 2 62 24 55 60 48 78 16 29 11 46 57 42 59 64 77 
60 12 66 6 7 23 37 73 68 36 71 17 29 41 8 43 52 9 22 67 51 55 74 3 50 77 27 69 53 24 38 16 70 56 28 79 30 63 61 19 47 
65 54 15 40 55 20 79 49 30 41 6 5 27 59 42 62 67 50 53 77 47 51 78 71 44 14 24 31 70 52 35 58 69 72 34 23 80 39 
3 18 22 44 45 62 53 38 69 67 8 80 66 75 51 41 73 5 2 35 14 11 6 37 47 78 15 68 32 33 65 71 20 28 50 72 4 42 43 55 
40 22 39 48 54 74 49 51 70 47 23 67 62 13 50 5 55 68 73 8 24 38 37 57 17 59 80 77 46 3 58 11 76 35 41 31 72 6 53 
20 11 31 69 8 4 10 71 47 45 76 29 15 5 64 77 26 37 42 44 3 21 68 50 48 74 57 80 54 53 66 30 72 33 22 70 51 52 38 40 6 
3 50 13 29 74 44 38 75 4 22 19 68 57 56 11 78 40 79 65 72 1 31 46 41 23 52 76 47 16 17 33 49 32 7 42 66 69 62 21 
25 71 77 59 38 75 12 14 62 70 13 76 19 6 43 74 66 73 4 30 68 67 56 33 7 3 51 24 37 1 20 40 54 44 65 
18 6 5 50 64 67 15 29 80 62 38 34 28 72 12 32 2 19 71 33 74 45 25 17 11 47 77 40 14 10 53 69 58 56 8 13 63 75 54 79 20 7 48 30 35 
33 54 32 40 5 53 15 36 55 20 34 9 74 78 18 46 64 77 12 65 52 76 27 25 58 2 8 56 62 73 26 71 35 13 7 49 6 79 24 67 3 63 29 80 1 60 57 48 16 47 
58 72 15 68 10 7 51 16 73 54 50 30 21 77 70 23 27 25 71 6 36 9 31 46 64 28 67 42 47 49 41 80 14 18 1 79 13 8 
34 26 4 56 59 31 47 2 68 35 12 60 1 13 36 69 57 38 46 44 24 8 21 48 80 22 77 29 23 70 58 30 52 41 7 67 32 37 65 76 78 66 
67 6 8 2 69 68 32 19 74 41 66 25 60 30 59 46 36 33 27 37 23 35 45 58 5 38 34 11 13 77 40 76 62 29 55 50 
4 59 41 51 65 43 36 16 15 2 38 58 31 3 52 60 11 24 54 71 61 26 78 68 5 55 73 13 6 23 1 39 53 7 
15 47 38 55 37 24 39 10 77 17 72 4 45 32 34 13 44 5 66 1 70 43 46 76 31 61 33 51 12 69 58 7 50 6 9 22 63 
54 34 2 74 80 32 62 19 52 25 39 26 11 14 43 49 1 75 66 45 79 4 3 23 9 12 22 8 35 15 38 41 30 36 20 60 6 64 73 72 
72 67 70 13 45 6 29 22 54 49 71 73 5 38 25 50 15 69 77 16 55 40 31 66 76 24 57 60 59 21 8 26 58 1 34 61 19 14 74 11 47 
40 28 77 24 43 32 74 60 11 50 2 44 34 10 45 70 30 76 71 3 7 25 27 36 53 49 18 16 4 51 42 39 57 48 9 33 6 12 38 63 20 75 52 19 61 14 
12 66 64 1 67 26 74 40 8 77 29 43 4 2 25 31 60 14 54 42 41 55 23 47 45 49 22 75 17 61 20 34 11 28 69 56 63 9 51 
20 44 31 48 3 37 68 53 19 22 36 9 17 59 73 54 1 26 7 23 21 62 72 39 40 67 51 64 8 69 55 65 70 12 28 58 76 47 
11 31 28 53 12 8 56 73 37 66 1 76 41 75 49 16 79 68 71 6 50 65 60 52 70 30 40 5 23 29 77 25 22 58 26 44 32 
74 62 13 18 54 64 11 73 25 44 51 47 38 37 50 77 75 16 43 12 69 41 55 76 1 79 29 52 49 3 22 72 53 36 26 66 68 17 78 23 10 
33 35 24 72 31 5 26 1 65 14 27 12 41 61 29 78 25 52 77 55 23 64 79 9 43 58 45 46 50 70 38 11 6 54 15 8 74 
40 26 33 58 77 6 48 52 67 72 71 15 25 64 59 28 17 9 35 7 45 21 43 2 11 80 18 49 19 34 68 8 50 62 
57 58 54 48 61 44 65 25 76 80 21 41 5 29 12 26 72 49 30 10 15 56 63 35 20 36 18 19 17 60 53 27 28 74 64 71 31 7 22 9 11 
54 1 33 16 58 13 5 73 29 18 74 72 4 64 40 52 79 49 63 75 45 41 31 8 61 80 28 71 27 67 50 43 
80 69 34 21 50 10 57 16 20 48 5 63 31 75 44 33 12 11 19 62 67 30 37 18 41 59 68 73 74 7 9 22 77 39 32 6 71 3 26 56 47 1 23 
43 18 17 76 15 20 40 2 39 59 44 56 1 79 3 72 29 16 50 26 5 32 49 71 34 61 74 45 24 38 70 52 10 80 54 27 36 55 77 25 35 
75 12 13 61 17 80 52 66 53 60 58 19 3 32 8 5 56 62 76 20 24 54 14 59 78 50 11 51 31 49 70 16 44 69 43 4 
37 31 12 15 59 70 28 29 6 42 79 39 60 21 35 47 32 7 57 65 2 54 41 80 63 27 46 49 36 76 58 73 17 55 5 75 
72 50 58 31 35 61 67 41 38 9 75 77 56 78 54 14 52 65 57 8 33 12 20 17 25 21 73 71 28 55 34 80 62 13 4 40 2 69 5 74 19 48 51 42 11 16 60 
28 69 72 71 11 48 9 6 55 70 52 76 80 30 63 37 31 13 46 47 59 2 41 22 58 26 73 14 29 39 60 12 32 5 54 36 8 65 1 19 17 64 68 
43 28 50 4 11 3 25 76 71 78 64 73 5 80 24 70 69 26 53 58 55 9 1 20 52 36 2 51 18 6 63 13 65 45 47 59 14 23 
6 28 17 3 30 18 22 54 10 50 62 46 15 61 77 45 49 16 66 32 20 68 64 24 74 2 23 33 60 73 35 40 11 80 43 19 59 25 53 52 48 
54 7 14 40 60 23 10 70 44 45 18 3 52 72 78 76 22 19 67 79 2 51 5 73 37 11 38 25 31 6 56 4 64 66 47 68 49 33 
38 37 6 48 41 35 62 64 42 43 10 39 74 70 9 29 18 73 75 47 71 31 7 20 51 78 80 63 24 13 3 30 32 57 23 34 72 16 54 
26 41 78 68 30 37 53 5 34 19 65 79 16 3 44 67 77 10 11 52 18 46 24 15 20 39 51 22 4 63 1 42 57 69 47 36 17 35 61 40 71 28 6 31 64 
35 17 44 68 7 33 42 9 70 3 67 19 6 5 60 80 55 64 18 48 8 49 4 21 27 46 31 24 50 59 79 57 13 73 15 62 32 28 63 16 74 
59 12 46 27 36 60 3 16 34 66 37 74 67 9 31 61 20 42 68 78 1 23 4 50 35 15 5 19 48 56 6 47 8 29 80 45 10 69 39 44 41 54 25 
42 27 47 17 55 23 18 4 78 63 38 46 35 22 59 77 6 64 2 15 12 16 34 66 19 67 31 11 1 56 50 10 33 79 73 
18 52 49 29 12 23 13 76 16 55 35 73 30 44 58 47 42 67 11 59 38 45 80 48 36 78 79 74 22 66 70 63 62 21 33 43 61 27 9 32 41 57 2 69 7 1 24 72 39 4 19 10 
35 33 66 17 15 10 36 51 28 9 76 44 16 46 27 45 43 73 67 18 13 14 79 5 23 41 77 30 6 54 32 72 53 26 11 4 
52 53 34 11 21 58 66 77 32 4 61 25 68 2 42 20 67 10 63 48 3 23 40 12 7 73 22 38 9 15 59 41 44 
9 19 75 31 40 18 43 1 49 80 6 30 76 58 20 44 2 23 50 54 51 13 77 14 65 74 11 70 38 67 4 25 
46 42 25 11 44 22 30 67 24 71 16 23 38 75 65 28 34 6 36 26 56 12 80 9 39 76 33 68 10 45 43 18 62 61 27 69 54 57 37 77 
2 73 74 37 60 53 43 41 14 40 68 61 46 65 10 42 67 7 80 56 3 33 54 27 70 18 21 45 4 30 51 52 26 66 16 76 47 78 25 6 
42 52 32 31 14 71 75 78 45 38 11 23 25 27 2 48 51 76 6 80 43 74 8 7 69 44 59 26 15 65 34 47 1 30 77 29 79 
42 58 4 59 39 12 69 44 8 36 7 38 74 63 52 32 65 76 71 78 31 50 14 47 15 56 41 70 73 30 13 28 9 27 54 
35 14 17 37 51 18 47 44 79 26 76 54 49 33 4 20 42 22 6 9 64 71 29 65 70 23 40 3 66 58 21 2 73 63 67 72 16 
32 61 49 53 12 45 54 46 50 39 51 56 40 64 28 15 76 69 38 31 14 62 3 66 6 22 68 80 1 77 43 75 73 23 
35 23 77 51 14 63 39 33 46 32 38 48 62 1 19 22 45 73 37 49 24 66 75 76 47 50 7 4 6 36 53 29 
36 2 44 17 70 68 16 23 62 34 50 38 27 66 14 21 61 73 6 60 58 12 45 7 3 20 25 33 13 43 59 57 46 
55 62 48 80 47 19 30 21 32 65 42 6 17 4 73 53 56 34 28 15 25 76 72 35 10 54 67 11 20 63 29 26 71 59 5 69 68 52 64 
17 5 13 25 58 78 44 10 55 79 33 2 11 73 48 12 18 9 59 50 24 75 30 22 74 66 7 23 40 15 51 26 77 69 57 21 39 53 16 52 54 56 32 6 62 8 37 
15 40 50 66 35 24 78 20 7 8 27 51 26 47 58 12 80 77 9 65 10 70 63 75 59 19 52 37 14 5 34 18 11 17 1 2 21 45 33 79 25 48 56 
71 35 61 7 11 45 4 1 66 16 50 30 8 32 78 19 15 54 13 33 17 70 28 25 22 58 20 60 52 44 40 26 63 5 46 67 14 42 
80 8 25 65 28 75 49 72 16 30 59 61 69 51 54 24 68 57 14 74 48 6 5 33 10 41 46 31 19 76 43 34 62 1 36 42 2 21 15 18 9 45 
50 44 49 46 60 15 31 11 19 61 12 16 17 22 21 7 37 39 38 24 69 8 58 66 77 40 4 74 9 23 5 41 45 75 78 34 2 62 80 30 27 
62 55 35 22 30 2 54 8 79 49 16 29 48 19 37 76 73 11 1 39 70 38 12 18 24 33 17 66 36 20 28 44 41 13 7 78 45 
59 46 17 80 66 29 10 1 8 56 33 24 79 67 62 40 51 55 49 34 27 39 30 9 4 64 21 43 44 35 11 15 72 23 61 12 65 7 48 63 53 54 45 47 18 
71 38 11 7 47 57 60 36 20 79 23 51 49 70 15 22 54 52 39 21 61 35 78 9 40 19 29 8 31 41 75 44 59 6 5 32 30 67 18 4 26 
49 74 44 71 32 43 64 57 7 63 2 79 29 58 22 40 10 8 17 13 39 21 31 20 60 6 67 34 76 68 12 70 35 78 42 
23 46 4 70 61 48 25 54 63 14 60 42 6 59 38 75 55 11 33 66 3 45 64 43 10 18 31 58 34 28 62 72 21 26 20 30 41 35 8 19 57 
16 25 24 26 60 44 23 18 58 36 80 37 67 12 28 31 6 15 71 47 30 40 41 21 35 55 64 53 32 63 19 34 14 68 3 10 78 9 22 57 56 50 
52 49 6 67 20 69 74 9 44 10 53 27 68 54 4 17 72 71 48 1 36 61 77 14 79 59 42 25 35 16 7 46 60 75 23 50 
41 48 34 78 12 50 35 4 6 73 54 2 16 80 11 72 15 3 36 43 29 20 8 22 62 68 53 24 39 60 74 67 23 51 75 55 
60 9 14 1 47 16 51 44 3 10 22 38 57 66 24 43 46 19 39 73 40 54 68 41 8 45 18 77 58 29 71 13 37 7 79 2 52 49 25 42 63 23 17 70 59 5 