80
48 17 29 9 46 73 40 15 61 5 36 43 51 41 26 59 68 55 57 16 23 50 72 35 14 2 75 10 37 4 49 6 33 19 56 65 22 39 31 78 76 45 34 58 8 66 71 44 80 60 12 77 53 67 74 42 20 38 30 21 11 3 70 27 18 69 54 63 7 28 13 62 24 64 79 47 52 25 32 
53 17 67 41 51 26 36 54 30 59 42 75 19 31 76 3 65 74 61 68 44 35 7 23 25 34 11 20 78 45 46 4 12 18 43 16 72 10 1 39 8 27 62 70 55 22 32 57 64 14 28 58 33 15 40 13 60 79 69 38 66 24 37 80 49 71 48 52 50 6 77 47 29 5 9 63 56 21 73 
50 77 48 13 61 31 6 26 58 34 23 30 42 75 43 16 69 7 60 51 17 21 40 5 32 2 10 52 72 25 38 63 37 22 46 64 59 9 1 8 44 27 35 12 62 65 28 79 20 15 24 57 70 19 54 41 36 56 29 4 71 45 78 47 49 55 73 11 68 76 74 18 14 33 80 53 39 67 66 
78 76 38 48 58 8 68 35 71 29 16 25 32 75 37 14 51 74 63 27 42 80 66 45 7 70 13 24 46 50 1 47 19 55 52 72 3 53 31 57 40 64 26 17 5 77 18 33 6 60 36 23 44 62 79 20 12 2 54 49 69 21 43 9 11 73 59 61 65 39 10 56 41 28 15 30 22 34 67 
45 74 2 56 66 75 27 77 29 49 9 65 43 32 70 30 17 37 16 25 35 40 57 13 21 39 28 19 6 52 12 3 61 31 36 42 67 64 24 54 73 8 78 58 71 55 72 51 79 63 33 38 20 53 60 34 14 48 26 59 41 50 18 44 76 46 68 69 7 10 47 1 22 11 80 62 15 4 23 
40 9 12 57 76 35 34 80 42 59 50 25 24 60 13 49 15 58 5 44 56 32 73 3 46 21 67 1 53 36 71 38 7 68 20 2 4 31 74 63 66 55 72 54 64 41 16 14 65 17 79 61 39 26 70 11 10 45 69 8 43 19 28 22 78 47 27 77 62 75 52 29 30 18 33 23 51 48 37 
65 42 60 23 59 28 55 52 18 24 73 57 53 78 1 50 13 61 25 36 4 16 74 37 67 63 39 75 71 22 38 45 40 10 11 17 72 70 68 12 20 77 31 8 29 69 44 46 3 80 30 51 56 47 5 35 32 48 62 21 54 19 27 43 34 9 76 41 66 26 6 15 64 58 2 49 79 33 14 
60 78 65 40 61 48 42 35 22 6 3 37 24 1 41 47 33 30 77 23 76 72 25 57 17 50 14 62 49 21 43 63 36 55 80 38 32 7 31 53 75 29 13 26 71 19 52 5 54 58 51 28 66 56 70 2 34 73 16 64 12 18 27 4 39 74 11 69 20 67 9 68 15 59 10 46 44 45 79 
62 11 5 34 25 30 12 69 78 63 58 28 52 59 39 23 35 68 71 72 40 26 60 29 61 44 38 16 49 19 22 51 10 66 27 20 14 43 32 48 80 64 76 45 36 57 50 55 47 56 46 77 8 31 70 79 15 24 18 3 37 74 73 13 1 7 67 53 41 17 4 21 6 54 42 2 65 33 75 
40 63 45 7 73 39 27 11 53 25 64 48 24 15 62 30 78 61 12 17 43 70 49 42 38 2 54 69 8 76 58 80 26 29 28 20 74 36 65 59 56 22 35 18 1 34 55 72 67 50 46 52 13 51 33 44 5 4 23 60 47 19 57 37 14 3 77 16 71 66 21 75 41 9 68 32 6 31 79 
62 8 6 66 76 33 44 48 63 21 28 2 26 4 52 74 22 77 27 36 40 5 23 31 43 55 61 14 68 34 10 32 1 42 12 30 60 38 16 69 18 79 19 57 7 50 71 9 51 64 75 15 3 67 53 65 73 72 25 13 35 37 70 24 59 39 29 54 17 56 46 47 58 80 41 49 45 20 78 
6 51 35 39 56 67 18 75 71 5 2 61 15 47 76 23 36 58 22 24 73 79 10 16 65 9 43 68 77 1 7 45 21 38 62 11 80 29 66 54 37 17 8 19 42 33 25 26 57 13 41 40 31 53 34 59 52 55 48 63 78 64 4 20 70 60 50 72 44 32 46 30 49 14 3 28 69 27 74 
10 28 72 50 18 30 41 34 11 69 20 15 52 68 77 2 53 55 47 42 7 51 56 79 59 61 45 66 39 37 6 40 14 19 12 78 57 48 1 21 16 74 71 54 27 24 29 3 46 5 35 60 62 25 75 70 4 32 65 80 33 31 58 9 36 22 23 38 17 73 8 49 26 63 43 64 76 67 44 
28 53 64 72 40 58 44 50 32 2 34 5 47 66 39 80 35 7 20 62 33 18 77 15 11 12 26 75 37 42 19 73 27 38 60 31 52 30 79 71 78 67 55 51 25 56 46 36 76 48 41 63 22 10 59 69 54 74 49 17 70 1 24 23 61 29 65 9 68 3 6 4 57 21 13 16 8 45 43 
61 45 21 34 54 30 70 78 9 20 46 1 72 43 31 53 11 40 24 10 23 41 17 12 47 66 48 65 69 29 75 36 67 7 44 6 4 28 13 64 63 2 58 51 18 8 25 14 35 79 62 5 80 59 73 19 49 22 68 16 38 52 77 3 26 76 33 74 32 50 39 37 55 56 42 60 71 27 57 
44 12 79 66 73 10 60 80 77 1 17 64 27 42 62 18 56 31 25 37 13 36 2 11 75 69 22 3 24 58 30 35 47 6 74 51 78 48 15 8 61 71 54 28 5 7 52 14 23 4 59 38 45 67 43 21 50 57 46 72 53 34 68 70 40 19 55 63 49 20 41 39 26 29 76 33 9 65 32 
13 60 27 21 63 51 20 36 47 24 54 53 5 28 62 70 16 35 19 2 56 80 75 58 4 7 12 40 61 78 34 22 1 73 38 6 25 43 79 11 76 49 64 9 33 26 30 59 50 67 15 45 18 23 42 66 65 3 69 57 44 31 74 48 68 8 32 41 46 55 10 14 72 77 37 39 71 29 52 
64 22 21 71 79 26 52 37 32 80 30 61 63 5 40 45 12 53 28 10 1 48 17 78 8 74 16 50 23 9 54 59 25 39 38 66 31 47 3 72 49 42 62 67 68 73 27 77 24 56 70 29 2 65 33 41 15 44 36 4 7 11 69 46 35 75 57 60 13 20 55 19 34 6 58 43 14 76 51 
26 71 44 70 72 38 75 2 17 58 67 48 11 76 15 39 36 14 51 30 60 53 28 10 21 79 57 22 33 1 69 29 23 63 42 9 80 56 78 41 46 64 55 35 59 54 4 50 8 34 68 6 74 45 16 25 32 12 7 31 24 13 37 5 3 62 40 52 73 66 77 47 43 65 61 18 27 20 49 
15 75 30 29 64 42 4 13 22 68 65 80 79 21 27 43 45 61 71 62 23 50 8 25 74 14 69 47 7 10 57 36 34 59 19 46 33 52 6 55 17 53 49 28 5 48 31 63 51 56 60 18 44 58 54 70 3 38 37 9 12 76 1 66 67 35 32 11 72 73 77 2 40 39 16 26 78 24 41 
6 19 16 70 72 43 40 26 22 61 1 50 67 12 80 15 8 3 39 49 37 68 14 30 18 44 31 28 76 64 65 55 2 7 56 38 34 17 4 41 11 69 78 79 66 52 33 47 32 25 54 59 48 63 77 75 29 60 45 5 35 74 36 42 51 10 46 23 9 71 62 57 27 20 53 73 58 13 24 
14 15 53 24 39 50 57 17 36 55 32 42 71 12 68 70 43 80 56 67 4 37 20 48 60 34 9 66 18 38 74 25 78 1 28 31 40 54 26 2 72 62 33 45 63 27 79 23 46 61 49 5 19 21 76 3 58 59 41 35 13 11 6 75 65 16 69 30 47 73 51 7 29 8 64 44 10 77 52 
1 70 20 57 64 3 50 28 26 13 4 18 36 77 75 68 27 56 25 62 41 10 73 48 67 19 61 2 16 7 59 17 49 6 35 22 72 55 74 42 47 76 52 43 5 14 11 32 80 39 46 9 79 78 53 44 63 66 34 15 38 30 45 24 31 69 51 21 8 12 54 29 37 33 71 58 60 40 65 
42 32 61 3 13 50 56 58 79 39 73 19 48 63 72 37 68 2 80 52 54 76 9 53 16 74 70 40 69 30 34 14 59 4 57 10 29 6 35 77 60 18 62 38 75 26 41 7 20 64 44 45 22 78 8 66 51 65 47 5 31 71 36 67 49 28 33 21 1 27 46 11 43 23 17 25 55 15 12 
32 63 69 57 20 56 27 61 74 4 50 41 14 7 1 58 10 6 42 16 54 5 60 49 38 62 8 55 12 52 71 72 75 77 43 66 76 9 31 53 37 78 44 73 45 13 11 24 70 26 79 47 30 51 17 67 19 35 64 46 29 39 40 34 22 65 48 23 28 59 80 21 68 33 36 18 3 15 2 
37 30 41 11 2 60 9 72 77 80 57 14 63 42 70 48 52 25 49 21 5 23 76 3 47 56 33 28 16 22 73 29 31 50 51 39 74 17 20 8 61 69 1 79 46 13 58 10 54 18 64 55 59 7 34 67 36 53 66 27 71 43 45 6 19 62 78 38 24 12 75 40 35 44 4 15 65 68 32 
17 79 16 61 20 57 5 12 56 64 14 78 42 69 26 53 50 21 33 31 67 2 43 58 46 60 55 22 73 3 63 29 15 6 35 70 59 11 52 28 51 44 75 23 24 65 49 74 30 48 1 32 7 41 9 77 66 76 54 8 80 36 13 62 71 72 47 4 45 39 10 25 68 19 18 37 38 40 34 
25 19 34 16 40 72 51 61 4 31 68 46 32 60 48 22 58 12 29 65 13 41 23 36 45 17 70 24 75 7 59 77 47 50 64 63 21 66 15 52 10 74 67 8 54 43 26 49 38 6 2 42 73 18 20 62 37 78 27 80 3 1 55 57 79 56 30 53 35 44 11 33 14 5 9 39 71 69 76 
25 42 51 8 28 41 6 59 17 1 33 23 79 10 61 63 80 20 57 11 74 58 69 27 24 14 60 15 50 46 68 4 16 38 71 77 75 40 26 67 18 7 2 9 35 76 30 65 19 13 78 73 64 66 3 45 12 37 62 32 72 39 49 31 21 70 54 36 44 22 53 48 56 34 5 52 55 47 43 
61 51 49 73 31 1 20 29 14 25 42 39 12 13 44 32 28 4 53 19 78 55 79 52 33 34 68 70 54 45 16 66 10 15 37 2 80 50 18 59 5 67 58 3 64 75 71 76 9 27 36 65 77 21 47 62 69 72 41 22 23 7 43 48 60 63 35 17 74 40 26 11 57 46 6 24 8 38 56 
63 26 55 41 23 12 68 80 35 13 74 73 24 17 56 6 42 40 9 62 61 48 16 20 36 65 66 49 33 22 43 72 21 45 32 47 76 5 27 14 10 18 29 69 38 46 77 37 15 79 28 4 59 70 19 58 8 25 54 53 11 67 7 50 3 71 78 75 1 57 34 51 30 44 39 64 2 52 60 
13 45 3 39 9 12 73 52 67 17 58 4 61 46 5 76 51 27 80 78 68 70 64 57 19 62 23 37 8 29 63 31 79 44 55 53 36 15 28 34 72 77 10 47 43 7 69 42 20 30 74 38 2 50 26 48 18 6 35 60 21 22 16 33 59 1 49 24 71 25 75 41 14 65 66 56 11 54 40 
25 80 72 55 20 64 21 37 70 39 73 47 22 54 41 65 76 44 36 4 78 29 58 16 59 15 50 61 66 75 35 23 24 6 31 49 71 42 69 56 17 19 53 13 30 68 26 18 8 10 57 74 77 2 5 51 38 3 52 60 32 1 79 62 43 28 11 40 46 63 27 67 45 7 9 48 34 12 14 
69 48 36 55 54 51 47 58 53 1 56 62 59 26 22 3 21 60 65 38 8 32 46 43 20 80 6 64 79 73 10 50 12 66 29 37 23 75 17 28 14 76 33 24 44 77 41 18 49 42 2 40 35 67 57 71 30 68 11 15 5 45 7 72 16 39 52 61 19 31 63 27 9 78 25 74 4 13 70 
27 47 8 73 7 34 74 77 60 31 2 16 48 9 69 58 22 40 71 24 54 21 29 45 32 49 15 62 70 3 61 80 30 56 51 78 38 43 26 75 28 36 44 59 66 39 25 67 42 13 4 79 19 68 57 10 12 23 76 17 65 5 37 11 50 55 18 64 20 53 63 46 1 72 14 6 52 33 41 
48 25 30 6 40 26 75 28 1 12 24 3 18 33 63 41 42 76 78 80 43 45 49 59 69 31 66 27 5 46 74 16 14 62 70 54 21 38 56 50 7 68 17 51 20 72 39 60 55 71 19 47 67 58 77 11 64 10 34 37 35 9 79 22 29 52 73 53 61 65 8 2 23 15 4 13 44 32 57 
68 77 13 16 56 71 38 79 21 60 66 3 14 74 63 67 18 15 46 2 24 57 31 39 61 55 70 50 40 48 75 25 72 7 28 64 76 17 43 73 47 33 1 78 41 65 51 30 34 4 36 53 59 52 32 12 11 29 9 49 20 19 10 62 26 58 22 45 42 69 35 27 6 8 80 44 54 23 5 
20 31 16 11 33 28 1 68 60 37 9 17 65 56 58 21 8 48 71 30 24 7 6 42 41 80 25 26 59 70 39 14 2 35 15 62 3 49 63 73 34 29 40 57 69 32 5 50 54 23 79 22 52 4 10 72 75 51 66 76 77 27 64 47 44 46 43 18 45 13 19 61 67 36 78 53 55 74 12 
18 55 80 64 47 79 29 25 21 66 8 12 15 24 19 77 49 74 41 67 65 61 26 9 7 11 73 5 75 35 28 59 2 78 33 6 63 54 10 34 45 43 72 46 38 36 60 53 42 70 16 62 69 31 44 14 57 3 50 23 51 1 68 4 30 56 71 22 58 20 13 27 32 17 37 48 76 40 52 
38 11 28 19 44 75 53 43 49 32 78 64 52 18 65 5 71 61 16 13 20 12 62 7 57 55 76 24 51 1 17 34 36 10 33 31 69 45 37 42 58 50 73 3 22 2 67 72 77 14 56 8 54 47 27 6 59 29 23 30 70 63 48 21 41 79 46 35 68 60 26 25 74 4 9 39 80 66 15 
54 15 35 16 13 74 31 67 56 69 61 20 26 46 28 55 79 50 7 27 73 10 72 14 58 32 71 19 76 4 47 63 49 42 64 51 37 34 43 24 18 40 53 22 78 36 60 29 38 52 17 65 59 45 44 39 3 9 12 11 80 23 57 6 62 66 33 5 1 48 21 25 30 77 70 8 2 68 75 
63 30 57 50 36 77 60 3 73 18 67 66 7 52 41 10 8 39 54 28 69 51 21 72 74 29 64 26 46 58 12 27 33 6 14 70 62 24 49 16 53 40 75 11 23 78 4 65 31 76 56 17 1 22 38 80 45 55 35 32 59 68 61 47 9 44 15 19 34 2 20 48 5 25 79 37 43 13 71 
8 2 35 5 55 39 25 56 28 27 72 66 67 26 36 53 32 79 76 4 41 42 23 21 68 57 61 74 44 13 46 62 50 37 1 63 60 19 73 16 65 3 71 38 17 20 51 29 34 78 24 54 70 80 75 9 12 59 49 77 30 40 69 18 64 11 22 58 15 47 31 6 45 10 52 7 33 48 14 
9 52 11 22 38 65 72 51 16 6 41 76 78 4 2 33 18 12 32 54 29 60 36 7 17 21 55 70 73 15 1 28 53 59 57 48 39 62 74 71 26 68 35 49 45 30 67 80 64 40 50 47 43 75 77 19 46 69 10 23 14 24 58 66 20 5 8 37 25 34 31 27 79 61 13 3 63 56 42 
34 44 75 31 57 14 11 18 2 79 59 46 55 63 64 78 6 13 77 49 61 23 47 35 70 56 36 26 15 17 3 53 62 1 9 27 33 72 71 29 25 58 4 20 37 16 38 80 76 22 40 42 74 50 51 65 19 39 41 48 24 30 7 21 12 66 60 54 10 32 68 5 67 8 43 73 52 69 28 
71 54 9 49 47 55 6 60 40 17 58 27 25 48 23 65 41 26 73 59 13 16 66 8 33 80 21 63 36 3 67 76 68 70 38 24 20 15 18 4 56 7 28 50 39 12 5 19 79 2 29 37 51 77 22 78 43 69 34 62 64 45 35 75 72 30 44 31 74 14 52 42 57 32 1 11 53 61 10 
55 23 45 35 54 31 73 50 59 53 32 49 39 24 77 28 19 5 63 75 29 9 1 10 36 26 41 68 61 11 66 14 8 21 60 17 15 16 51 46 72 52 3 2 71 30 67 42 43 69 20 27 56 13 38 80 4 37 6 58 65 79 22 62 70 7 25 34 33 40 57 74 64 44 48 12 76 18 78 
57 26 42 41 28 50 52 46 73 34 56 30 35 66 13 39 71 65 43 70 31 49 7 74 6 14 55 4 77 25 27 59 5 78 75 29 79 80 17 53 45 40 54 1 63 44 68 60 8 61 72 37 16 19 3 64 32 76 24 62 67 2 18 23 69 21 33 36 58 11 10 9 20 47 51 15 22 12 38 
18 61 69 5 33 51 47 15 45 7 50 71 36 26 68 37 23 52 27 78 38 66 29 1 53 12 39 10 13 22 67 30 74 40 11 64 17 14 44 72 43 28 60 80 35 34 46 25 20 70 16 63 58 41 8 48 77 19 21 75 65 62 73 6 56 9 31 57 59 54 2 3 79 42 24 55 4 32 76 
16 15 6 59 44 12 19 55 18 26 11 29 41 25 20 78 75 67 73 65 30 70 5 36 61 2 51 56 17 38 49 62 22 54 23 46 21 79 63 58 24 37 32 14 68 74 27 48 77 1 13 57 47 71 35 69 9 4 43 39 45 33 8 64 40 52 60 3 76 42 10 80 53 31 7 66 72 28 34 
18 23 67 13 54 77 58 37 28 24 7 72 22 59 50 25 11 20 14 47 36 27 1 49 38 64 53 68 70 26 45 62 52 9 6 48 69 42 17 61 57 44 32 43 12 71 78 75 19 8 29 34 39 33 46 55 65 4 76 31 63 41 2 56 66 60 79 16 3 74 40 21 30 73 35 15 5 80 10 
60 11 69 32 80 53 30 55 6 1 78 18 31 48 49 34 5 23 16 37 61 20 13 72 64 39 24 54 8 27 62 28 74 12 73 10 19 25 75 33 41 51 76 15 3 71 59 17 50 29 9 68 77 65 43 4 7 57 63 47 40 22 21 35 67 46 42 26 38 14 79 2 58 45 70 56 36 44 66 
66 55 15 50 30 60 38 34 2 20 9 78 10 28 69 47 41 63 67 62 42 75 79 56 52 49 21 19 22 11 58 48 65 46 8 40 57 72 6 54 29 76 70 17 36 4 16 5 14 13 77 64 26 31 44 12 32 7 71 68 39 35 61 59 73 37 33 43 18 25 3 27 24 1 74 51 80 45 23 
30 12 79 16 5 69 25 39 43 40 28 9 11 68 63 1 48 73 56 8 35 14 77 49 22 26 59 17 10 57 61 74 55 51 7 20 60 31 3 42 52 29 47 64 65 15 32 34 62 19 27 75 78 21 66 6 46 70 23 45 36 72 2 41 76 24 4 50 58 53 44 71 38 67 13 80 33 18 37 
13 45 2 56 43 63 19 49 32 52 4 50 69 74 65 70 68 18 75 10 72 22 61 39 3 51 31 26 54 27 16 73 76 25 15 7 5 71 78 80 46 66 23 34 30 59 28 35 9 67 41 62 1 44 42 29 17 36 40 33 57 11 48 53 14 6 20 21 47 77 12 38 58 24 8 79 64 60 37 
20 74 25 28 4 50 24 80 15 37 26 62 22 79 70 67 65 61 45 9 46 63 19 13 47 68 59 3 2 36 77 41 52 64 42 44 54 6 71 57 18 58 31 40 35 7 51 76 60 38 10 5 55 17 43 72 34 29 11 53 69 16 33 12 30 23 73 49 27 48 78 8 1 21 66 32 75 14 39 
74 12 13 27 23 50 22 30 64 35 3 49 55 41 38 63 60 59 1 11 40 5 15 33 45 14 19 32 68 76 18 71 29 10 62 44 4 61 75 56 36 39 69 78 9 46 53 34 66 80 17 79 8 52 7 20 73 16 51 72 31 37 2 25 26 28 6 67 70 77 58 65 42 54 24 21 48 47 43 
57 23 26 34 1 30 79 80 40 48 7 37 63 28 32 62 31 2 16 50 24 10 74 22 61 36 11 56 19 29 54 21 46 9 25 64 8 6 35 73 47 39 4 12 55 45 17 65 13 5 41 72 60 15 49 20 78 70 43 27 71 51 66 76 75 67 42 59 3 52 38 77 44 14 33 18 53 69 68 
18 78 23 25 72 58 70 51 61 40 55 63 36 35 64 53 52 7 48 10 34 74 32 15 5 14 13 57 4 66 80 30 37 29 19 79 41 16 54 11 65 27 44 6 42 76 43 50 62 39 69 60 75 71 28 67 49 77 46 22 17 21 2 33 8 20 38 56 24 68 12 1 73 9 26 3 47 31 45 
64 73 6 40 72 15 29 50 55 70 35 45 53 1 68 31 16 22 46 48 57 47 24 39 5 71 80 59 61 52 62 17 65 43 12 11 18 69 14 38 79 76 42 58 54 66 20 4 30 7 63 56 74 10 21 75 13 23 67 3 49 25 8 32 37 44 36 78 2 27 51 41 33 9 19 28 34 26 77 
8 9 76 19 68 25 43 64 71 7 69 58 60 74 37 51 22 24 1 6 47 77 70 10 39 26 16 20 4 5 30 59 48 21 73 32 34 36 27 29 33 15 23 35 50 31 53 18 44 63 3 72 79 65 11 62 54 55 56 42 40 41 52 38 80 12 49 17 67 46 57 78 45 14 66 2 13 75 28 
48 33 64 10 71 75 38 78 13 12 60 28 55 59 66 80 27 79 14 23 43 32 57 36 31 45 22 44 4 68 51 16 37 9 1 34 30 5 56 2 25 52 76 77 17 40 42 18 58 26 11 29 73 15 61 35 63 54 69 19 74 3 20 50 49 8 7 21 53 65 41 6 72 46 70 39 24 67 47 
70 43 35 78 4 9 42 77 56 27 23 54 40 64 76 26 60 24 39 52 58 17 53 3 51 37 62 10 34 11 48 20 72 67 36 21 12 29 75 7 55 66 49 32 8 47 28 71 25 5 15 31 14 33 69 19 38 68 45 44 61 1 16 74 46 18 73 65 13 6 22 50 2 57 80 79 59 41 30 
27 67 9 28 61 18 71 80 62 20 60 51 41 54 76 34 36 59 66 46 65 5 15 56 31 7 35 17 32 10 50 4 39 29 33 25 57 19 42 13 2 45 44 72 48 53 77 12 63 70 3 24 47 73 69 37 74 23 11 22 52 43 40 6 8 68 26 75 79 30 58 55 21 16 14 49 78 38 1 
17 58 42 18 15 74 75 19 38 13 44 1 24 48 21 35 61 70 46 43 73 27 67 10 7 40 6 71 76 72 69 12 68 30 54 57 4 28 55 52 37 22 20 78 80 3 29 62 16 45 56 53 23 9 26 51 2 64 31 63 36 33 59 8 47 50 34 66 25 32 60 41 79 11 5 77 14 39 49 
78 67 57 43 48 76 31 63 28 50 70 69 20 1 71 25 18 13 72 64 53 16 58 54 77 47 23 55 34 37 26 80 38 40 33 60 74 15 32 56 45 35 4 17 73 75 7 10 49 19 21 44 8 3 12 68 9 27 39 2 30 51 59 5 41 52 22 14 62 65 46 79 61 42 24 11 36 6 29 
47 4 11 46 38 36 42 18 14 55 27 57 1 12 53 20 29 69 76 61 5 22 75 56 43 54 78 31 58 35 28 52 64 80 21 37 63 72 7 24 13 32 71 40 17 45 39 30 2 79 60 68 15 23 41 62 66 70 6 34 26 9 49 3 8 25 74 50 51 59 48 77 19 16 10 73 65 44 33 
53 27 18 26 1 52 62 19 64 13 78 63 55 4 51 15 22 73 45 59 10 72 79 24 25 32 11 5 8 41 61 16 60 49 80 29 36 70 42 69 58 12 9 65 74 40 71 38 44 20 34 37 33 31 66 21 77 47 6 39 17 23 48 30 3 35 67 76 50 28 75 57 2 14 46 56 7 43 54 
47 52 66 37 5 59 3 50 72 68 21 34 57 67 44 4 15 33 2 70 74 60 49 63 11 78 73 36 22 14 18 27 80 23 71 30 16 28 13 42 26 1 29 46 45 8 79 53 38 76 35 55 40 20 25 61 32 7 56 58 51 31 17 10 54 75 65 6 12 77 19 24 64 9 39 41 48 62 43 
13 72 76 32 8 67 39 33 28 31 73 24 45 25 35 11 79 57 47 14 65 59 58 1 75 23 50 44 63 66 61 29 56 7 49 26 19 60 71 30 41 9 15 69 37 4 22 55 18 62 5 78 46 43 68 52 17 38 36 42 64 10 3 27 77 12 34 6 51 74 2 48 20 54 80 21 16 53 40 
20 54 34 59 49 47 77 50 26 60 62 19 22 65 14 37 78 33 72 6 4 11 25 39 79 64 41 7 3 66 67 15 61 36 42 58 17 73 32 80 28 57 30 48 12 13 18 23 75 43 38 56 2 9 1 52 24 70 21 16 69 31 46 63 40 8 51 44 53 10 74 5 27 68 45 55 76 29 35 
28 41 33 29 4 1 25 52 13 55 49 77 48 50 14 51 20 61 73 16 3 34 68 58 27 7 75 80 71 47 62 22 42 9 17 40 10 54 63 76 74 5 59 57 19 30 26 12 67 31 18 79 11 39 44 21 2 60 15 69 8 64 66 45 35 38 36 43 65 24 53 78 37 56 6 46 23 32 70 
23 61 32 47 79 39 16 44 15 29 68 28 22 19 57 21 27 1 80 30 46 43 17 59 40 74 6 56 12 24 76 78 37 36 65 25 2 4 3 66 60 5 54 18 49 62 77 35 51 75 42 11 7 14 55 8 72 63 13 9 53 45 48 41 26 67 70 71 58 64 50 20 38 10 34 52 31 69 33 
53 5 62 61 68 17 2 80 3 76 79 45 41 47 50 65 22 63 26 34 56 16 44 33 39 21 58 35 32 78 1 69 13 55 49 73 25 71 27 67 54 29 14 57 52 77 12 11 48 38 43 36 20 24 18 40 46 8 59 75 51 66 23 9 15 31 19 37 6 70 60 64 28 7 42 4 72 30 10 
14 39 38 33 36 67 55 7 4 37 65 2 3 48 71 11 35 56 73 40 26 74 57 29 78 34 27 17 80 31 46 77 13 59 60 49 45 32 1 12 24 16 79 51 43 28 44 5 47 30 6 68 70 72 52 64 58 63 54 66 10 22 61 18 41 23 9 50 15 25 21 20 69 8 62 53 76 42 19 
51 4 37 17 75 64 45 14 1 15 30 55 73 57 50 48 12 35 54 22 36 9 71 66 61 39 67 13 77 21 53 7 42 16 5 80 28 34 69 2 58 78 26 60 33 25 27 52 47 20 31 41 40 70 79 18 43 74 62 8 46 3 59 65 10 49 44 23 19 56 32 11 38 24 72 29 6 68 63 
45 65 33 19 64 25 57 80 42 37 15 28 4 70 62 3 32 48 38 5 59 74 10 18 34 49 31 9 11 22 16 69 66 56 36 54 67 58 63 39 60 55 35 14 30 75 79 50 76 20 51 26 46 27 1 61 73 52 78 13 44 68 21 41 72 17 12 29 71 24 47 7 23 8 6 40 53 2 43 
8 13 52 62 2 63 26 4 42 67 25 38 51 70 71 30 21 15 80 59 61 49 74 11 45 1 55 39 14 75 29 43 37 53 28 73 9 44 50 18 31 77 10 19 58 47 69 64 22 16 5 33 12 54 24 17 35 23 56 72 57 3 48 66 60 40 68 6 34 79 36 41 27 76 46 7 32 20 65 
29 66 60 58 8 48 44 34 49 56 55 35 62 80 67 47 37 22 61 9 46 12 31 26 1 28 73 42 52 75 25 65 70 11 20 59 14 72 64 13 24 39 7 4 6 27 50 74 33 15 36 77 3 76 5 51 40 57 23 17 69 18 43 41 21 54 38 30 71 32 78 16 10 19 63 45 68 53 2 
9 37 23 12 78 50 54 22 69 76 32 53 10 14 16 49 61 15 70 20 5 64 71 7 67 62 8 13 21 4 51 77 47 6 11 17 57 1 31 38 72 3 79 41 24 55 60 27 46 75 56 40 58 39 74 25 30 52 73 43 44 63 48 65 28 18 66 42 34 2 33 45 29 19 35 68 59 26 36 
