80
25 30 22 19 49 72 70 54 59 14 16 73 62 41 38 46 63 44 4 47 7 10 6 48 43 36 8 37 27 67 61 11 57 66 45 71 34 60 21 28 64 74 29 50 33 35 68 23 39 69 51 9 13 
32 76 36 43 10 5 11 30 65 57 66 13 60 67 78 6 48 19 51 53 74 56 75 39 38 7 61 58 52 44 80 27 22 69 4 16 3 15 59 9 17 28 63 64 12 70 55 41 54 73 49 68 62 23 40 24 14 34 45 72 
24 70 64 35 59 75 49 47 9 42 39 54 26 2 17 8 72 69 15 19 66 79 14 29 22 46 60 7 20 28 55 65 77 32 57 44 30 58 71 48 56 68 4 73 31 50 16 67 53 18 38 78 76 36 62 45 25 61 11 
80 52 10 26 71 62 31 56 69 1 2 51 29 76 65 38 72 23 9 73 41 50 6 55 15 12 58 68 32 63 34 3 43 46 14 21 17 39 78 7 27 66 18 36 70 45 37 61 60 42 25 75 28 11 74 40 35 59 5 20 64 24 44 13 16 53 
17 65 62 16 47 51 70 12 42 59 64 46 14 37 26 15 69 52 79 8 71 25 57 63 32 2 72 35 60 41 53 67 48 43 66 24 9 18 36 45 49 21 19 80 13 29 77 68 6 4 39 33 50 76 56 22 
5 38 26 78 64 42 44 9 15 76 60 28 58 30 7 27 69 33 66 13 37 50 46 59 54 16 65 17 73 51 41 75 48 31 45 68 2 49 4 47 32 53 57 80 40 25 24 74 1 71 52 67 35 11 22 70 19 62 18 43 20 10 36 
9 45 30 73 44 56 28 36 42 21 25 46 40 52 78 72 1 14 18 22 24 3 64 23 8 61 68 63 11 59 32 70 2 57 51 75 47 19 71 50 66 38 37 13 12 26 16 67 6 27 62 17 65 33 58 4 79 35 77 41 69 
47 16 63 53 56 15 14 34 21 35 76 28 55 25 79 13 74 58 24 23 31 5 52 1 78 10 27 48 12 32 71 51 18 50 68 33 72 3 67 64 36 75 42 69 30 54 11 77 37 62 45 20 9 70 46 29 38 66 41 7 
42 75 25 48 18 41 66 8 39 32 68 3 56 27 49 1 62 38 20 55 37 22 40 67 33 4 35 60 45 19 29 12 51 50 31 69 13 78 21 58 65 54 74 16 30 6 24 14 52 46 5 28 79 44 2 11 15 57 7 73 63 53 10 34 71 43 59 61 36 76 
59 64 76 71 38 19 12 44 36 24 77 67 30 60 8 21 72 46 66 69 29 1 45 4 63 28 78 18 26 70 37 56 15 17 75 2 13 49 27 34 57 35 32 79 20 6 68 14 80 23 58 50 41 33 62 52 9 48 16 31 39 65 42 47 
38 51 9 63 77 4 16 60 27 68 19 26 66 53 14 71 15 62 6 34 28 1 2 43 44 52 8 3 74 35 45 76 48 61 29 50 67 69 58 21 20 39 23 7 79 40 59 33 75 64 57 32 54 30 17 46 70 47 56 37 
21 61 60 10 74 22 78 52 16 68 31 62 32 4 5 20 13 45 54 15 8 67 7 2 75 71 38 9 17 50 44 79 27 47 56 46 73 40 33 58 23 49 70 69 18 26 24 41 28 36 34 64 30 65 66 53 35 72 29 63 39 19 
64 54 5 37 22 20 49 66 27 18 8 56 38 31 80 47 45 26 1 6 7 68 61 4 53 19 69 33 32 60 57 51 10 70 24 77 15 43 40 55 2 17 21 67 59 65 25 35 34 36 79 39 73 14 58 78 9 28 48 52 12 
56 61 20 73 21 79 5 80 23 7 47 69 75 45 55 50 26 43 39 63 62 74 35 54 41 4 38 24 77 57 67 60 13 3 36 72 49 76 2 22 52 1 70 30 58 64 17 29 40 51 9 46 8 10 11 78 31 19 59 16 
79 46 50 72 19 13 27 63 18 2 21 35 4 57 8 43 23 5 25 30 20 70 80 28 58 26 60 74 45 44 6 33 38 48 42 39 76 49 29 9 3 66 16 75 10 54 73 61 56 77 55 32 17 11 41 12 22 71 68 36 59 
1 9 46 28 17 29 69 42 3 23 7 65 50 5 67 73 19 35 6 56 14 66 71 2 15 10 78 75 31 21 74 68 62 11 8 30 61 43 40 51 63 41 57 12 25 80 52 24 32 20 54 48 26 59 27 53 36 70 60 4 58 
14 75 65 44 36 76 11 63 69 10 43 68 4 60 16 48 40 15 77 47 53 25 30 7 28 12 51 64 80 42 31 33 26 62 29 6 23 74 13 5 18 2 49 71 22 61 38 55 39 34 3 50 45 46 67 66 52 37 59 73 
20 74 80 75 67 31 33 78 56 10 7 36 73 19 12 37 13 8 15 48 46 51 43 61 79 24 32 26 22 52 23 17 38 63 27 5 68 35 34 65 9 47 41 6 49 70 39 4 3 45 28 55 50 21 66 25 62 
50 2 32 29 63 58 45 16 40 80 78 20 56 70 72 64 59 11 12 36 15 49 66 69 9 1 73 34 42 48 7 5 26 13 21 39 23 6 24 41 53 10 60 3 79 67 43 47 52 28 77 14 18 22 76 44 35 38 27 31 61 
50 18 69 10 23 48 64 60 24 33 15 11 39 73 49 65 12 66 28 79 56 6 16 30 4 63 13 67 70 14 25 68 35 42 9 58 72 62 3 45 74 54 32 80 29 57 47 36 26 8 19 37 41 40 76 38 
51 30 8 54 16 79 53 5 22 70 34 35 48 14 9 23 26 36 10 75 61 11 45 46 66 39 78 65 52 74 7 71 13 63 62 47 27 31 59 44 73 1 18 42 15 57 32 58 40 60 4 19 67 12 24 25 41 38 
24 35 25 38 73 48 46 33 58 3 42 75 65 9 7 72 77 61 13 39 37 29 41 47 69 57 2 64 14 23 80 78 59 40 27 6 12 17 49 76 18 21 44 50 66 1 53 15 43 26 19 5 70 54 52 60 30 31 34 36 
72 58 46 43 45 7 29 49 20 66 27 32 56 18 1 71 12 16 21 54 74 15 68 11 70 59 8 78 69 51 76 42 25 41 79 22 48 33 57 4 10 39 30 67 47 26 31 53 28 17 2 77 73 19 35 65 14 63 
78 14 9 79 33 29 16 44 69 6 56 38 63 19 4 40 53 8 20 45 65 2 21 61 74 31 5 42 57 77 67 26 64 13 59 66 43 12 70 10 36 60 30 35 18 47 52 71 48 62 22 50 39 55 7 28 72 3 58 25 
60 18 70 32 65 20 79 1 55 4 42 58 53 35 44 52 66 15 17 57 72 22 30 76 23 68 33 5 24 51 67 43 49 80 59 38 56 7 27 31 36 3 21 45 62 16 61 26 6 46 9 41 71 37 8 13 74 63 29 
18 17 50 55 40 27 4 37 66 3 7 68 22 62 6 60 80 65 74 31 42 63 52 34 25 10 12 24 13 33 46 38 36 39 51 23 14 20 71 64 5 76 35 61 78 29 75 16 49 72 48 47 73 58 15 19 56 11 21 
38 29 40 10 4 35 74 7 67 73 54 32 79 64 12 57 76 43 69 8 25 26 13 50 2 63 1 39 60 75 6 68 16 15 48 42 61 72 56 59 62 19 78 51 80 21 66 77 9 33 37 22 31 46 28 49 30 47 23 11 18 
1 34 49 17 36 53 62 2 41 15 63 69 44 27 13 6 19 33 11 24 67 4 16 65 75 37 9 48 3 66 18 74 50 12 7 60 10 29 68 70 20 23 54 77 42 30 8 55 47 52 76 51 78 45 32 59 
77 72 35 66 25 30 19 79 26 37 71 78 36 48 17 16 12 58 49 15 38 65 5 44 8 11 20 51 59 27 73 42 39 33 34 75 10 14 22 3 52 50 40 23 54 64 56 69 76 9 61 4 1 53 28 68 47 24 80 
54 76 58 8 70 55 66 59 57 72 1 37 17 38 67 68 41 45 56 21 29 47 25 27 12 78 34 77 53 63 35 31 33 7 11 44 51 22 43 52 24 3 73 20 32 69 79 2 36 15 10 48 39 14 42 9 16 40 80 62 28 6 46 23 
78 27 74 76 4 32 25 73 68 52 75 36 38 53 12 6 69 19 66 61 46 23 80 33 17 13 58 57 54 30 22 14 45 63 35 64 49 65 18 16 71 79 40 34 44 3 41 37 67 26 10 56 51 8 9 60 39 47 21 59 24 
11 72 31 20 63 42 30 66 51 47 59 16 62 10 60 37 6 78 9 64 52 79 7 15 27 44 23 4 76 3 28 19 58 5 35 41 18 40 69 54 8 65 39 53 46 57 68 13 49 2 12 55 36 50 25 43 21 
44 13 50 57 6 15 75 66 47 72 23 68 22 12 80 45 7 51 27 67 41 26 46 30 17 9 74 35 29 37 31 11 24 64 71 77 34 43 10 52 38 25 59 54 49 28 8 61 1 78 18 20 60 5 76 62 
56 74 4 26 33 48 65 42 9 75 2 31 78 70 54 10 71 77 68 36 80 47 69 43 61 8 41 58 19 13 73 46 45 38 21 28 18 63 29 17 51 1 30 22 40 62 76 50 79 64 12 53 11 
33 20 10 41 62 43 3 29 45 26 58 48 13 9 78 24 56 7 5 25 14 8 21 65 67 72 74 53 19 32 15 22 1 30 44 37 42 64 69 50 71 70 39 11 52 77 36 66 54 18 55 40 76 4 51 57 46 6 68 61 27 12 31 23 16 63 
61 66 12 28 78 37 2 64 54 74 13 29 65 48 57 40 21 10 49 3 31 30 38 32 20 45 15 22 9 50 4 17 51 39 79 19 5 1 26 14 52 69 8 41 73 43 44 59 46 70 53 25 71 35 34 80 55 56 60 47 24 75 6 77 18 7 16 
43 7 20 31 39 68 72 13 76 33 64 18 71 46 45 73 1 30 44 35 77 79 60 26 70 52 59 49 54 61 8 75 65 11 17 50 32 55 48 22 38 53 28 41 29 63 6 25 36 9 5 4 56 27 10 40 80 
4 77 41 76 58 54 48 11 7 42 51 18 24 3 69 79 37 57 60 40 39 62 20 21 2 67 56 22 30 61 14 68 72 29 10 64 26 52 63 80 36 34 74 25 43 9 12 66 8 44 6 27 70 50 71 45 33 75 31 15 13 65 1 78 19 46 49 17 
32 10 59 53 54 18 15 38 76 30 64 5 62 26 4 17 45 3 65 24 47 14 79 12 55 69 73 44 1 66 31 71 21 63 9 27 11 23 80 37 77 48 19 22 78 49 60 36 41 13 51 57 35 20 52 50 29 40 2 68 
79 2 7 80 69 41 55 56 9 47 50 37 62 64 19 39 78 20 59 12 21 61 63 48 29 53 26 74 36 14 13 24 67 52 49 70 30 17 34 6 60 16 22 31 4 54 27 75 11 42 38 77 32 46 73 68 35 
10 30 77 16 38 63 23 20 62 44 70 53 49 18 71 65 40 58 60 55 75 15 80 9 72 37 32 25 54 76 56 2 33 52 1 22 69 19 45 6 4 47 68 36 67 28 73 43 48 64 42 7 78 12 39 51 66 31 35 79 57 34 8 5 61 14 21 46 
74 7 56 6 5 70 53 64 28 80 59 43 20 47 76 23 30 29 3 71 24 78 22 61 9 63 75 79 55 66 51 65 48 41 17 44 10 60 50 8 27 77 15 21 72 4 68 32 62 38 54 57 73 16 34 40 25 26 35 19 
78 44 25 23 1 5 71 19 72 33 24 14 64 77 68 45 79 41 70 34 2 11 55 54 36 62 56 38 65 13 30 59 17 53 51 50 27 16 61 37 22 66 58 69 52 9 4 35 6 76 18 15 42 32 
36 49 10 29 46 12 50 70 15 78 45 60 7 42 76 3 55 41 4 71 65 75 17 53 31 43 32 58 79 48 33 38 57 64 35 54 28 22 9 69 47 59 77 19 73 37 39 80 6 30 61 25 11 74 2 1 66 63 21 56 24 
49 55 64 25 79 61 37 73 10 31 36 78 9 52 44 43 3 72 17 4 20 6 30 60 63 80 74 13 51 8 46 21 2 59 34 15 7 35 11 23 33 24 18 1 67 69 65 62 56 38 5 19 76 12 14 28 47 41 77 39 
73 10 35 75 76 58 14 8 17 62 48 40 63 77 3 47 66 49 32 64 22 31 11 53 15 26 16 7 38 78 52 21 4 79 68 70 25 69 74 37 18 23 27 80 41 6 9 57 71 12 44 1 30 34 5 36 60 51 67 45 72 33 55 61 
64 8 11 18 46 65 36 71 28 30 27 29 1 6 48 32 57 10 13 56 54 52 51 22 59 42 76 49 77 17 41 33 45 67 53 68 20 34 72 19 70 63 66 50 61 12 5 73 24 31 39 23 14 44 21 26 3 40 75 7 62 80 
34 59 16 80 17 18 62 50 10 19 47 75 46 73 40 35 70 77 29 38 67 60 13 55 39 1 56 6 44 64 37 69 72 28 21 5 66 58 74 9 61 27 26 76 49 30 3 53 42 71 20 52 11 15 41 22 24 8 68 2 23 57 36 78 
29 32 80 19 12 60 55 20 69 22 1 48 5 52 54 46 28 40 10 74 14 17 53 9 27 6 47 62 44 45 18 3 23 26 2 70 36 15 13 31 59 79 75 39 56 37 63 68 25 38 66 76 33 41 73 57 
16 19 9 62 39 56 36 58 10 7 67 54 72 18 34 29 26 69 73 22 1 61 24 71 48 77 74 14 64 4 6 37 42 28 8 38 65 60 35 76 17 80 44 43 63 12 75 32 47 52 27 57 15 20 33 40 3 11 79 53 5 
71 80 75 1 55 6 4 16 73 30 76 70 31 38 63 2 47 77 60 26 21 52 11 68 58 27 17 32 34 46 14 7 9 43 59 8 36 56 13 69 45 18 78 23 64 28 35 29 33 53 25 41 42 62 39 61 5 
60 2 70 66 51 17 12 59 37 5 53 56 35 40 13 10 48 69 41 46 39 16 36 8 77 24 25 47 31 50 14 67 28 57 11 18 78 7 32 43 54 49 29 4 62 61 72 71 22 9 75 74 73 19 38 55 21 33 26 80 45 6 30 76 
25 41 51 73 40 37 8 57 74 22 31 47 75 39 6 60 58 59 64 80 77 11 44 12 2 49 32 30 69 52 3 79 23 35 55 17 34 54 16 70 5 4 43 66 29 9 19 48 21 42 36 24 68 62 28 46 50 13 
63 15 65 12 32 71 66 43 58 62 59 49 36 78 39 35 73 74 3 13 50 22 29 9 69 37 31 80 42 76 34 61 56 14 44 6 1 75 67 21 33 72 20 27 52 38 16 8 53 40 28 47 41 79 30 11 2 68 23 
72 35 42 71 63 30 46 2 48 14 67 52 57 43 37 69 60 4 13 26 49 51 32 76 79 25 45 56 58 17 68 9 28 41 8 66 74 36 24 53 59 64 73 3 80 44 40 18 75 39 15 
49 74 10 58 29 54 44 78 37 40 80 50 14 31 18 25 12 20 66 36 63 48 73 38 19 69 27 8 35 7 4 57 3 26 15 34 23 30 45 68 24 2 47 64 16 59 52 41 55 42 79 43 13 11 5 9 76 51 71 70 
69 39 80 42 61 46 30 20 23 41 14 36 74 79 38 63 10 48 44 32 72 76 70 60 53 71 52 24 73 16 35 21 59 5 6 7 31 25 3 1 50 68 62 65 64 47 2 56 22 55 75 9 11 15 27 13 33 49 
12 11 67 29 2 50 7 62 53 44 54 55 63 73 38 78 22 46 23 68 72 51 8 15 74 19 35 61 20 70 31 25 41 3 6 60 79 10 69 66 76 65 9 24 77 34 30 32 14 48 26 43 4 21 16 13 75 56 
67 72 71 77 24 30 75 39 60 10 55 15 28 17 16 31 42 66 68 19 22 11 1 25 54 52 21 80 65 64 76 56 57 5 29 53 40 3 32 45 14 37 4 74 2 47 36 70 13 49 27 33 6 43 62 48 44 23 79 7 51 9 63 78 
24 51 33 12 62 10 64 50 53 22 11 2 25 79 44 46 55 27 58 31 21 37 5 16 67 32 15 14 70 38 48 13 1 26 59 36 6 71 80 20 4 45 39 52 41 57 17 61 40 66 42 28 9 49 19 3 65 
46 16 22 69 54 27 73 78 24 1 41 79 44 60 33 9 29 3 52 12 47 63 31 13 57 37 17 74 67 14 2 45 75 80 38 70 42 35 48 26 76 58 64 51 43 65 19 21 11 72 7 68 66 18 50 4 40 36 34 15 25 
52 75 28 7 50 33 39 10 45 58 1 20 38 6 14 17 57 3 65 68 49 4 35 48 26 74 32 5 53 40 9 8 67 66 21 25 60 41 42 64 30 63 59 79 18 73 46 70 12 54 24 69 11 51 16 72 34 2 27 78 71 47 77 43 
35 15 5 54 37 9 49 64 72 76 80 70 57 17 10 8 14 18 69 27 51 65 23 4 7 21 2 56 41 26 20 45 74 16 39 31 50 58 42 38 75 12 46 47 78 59 34 25 68 44 55 30 61 40 62 28 32 19 67 66 24 11 1 
60 10 48 33 6 44 47 11 50 77 39 42 73 7 56 24 14 19 13 2 69 51 55 40 32 1 67 71 59 29 70 8 45 68 22 4 26 5 63 46 75 43 31 27 36 3 17 61 20 34 76 57 12 41 53 38 62 37 35 
67 9 35 50 60 36 13 7 44 10 63 22 79 41 43 62 16 29 74 70 42 77 21 17 37 75 6 24 59 5 80 73 58 38 78 12 57 54 76 25 47 23 28 68 26 32 69 45 39 31 2 61 20 4 72 34 18 3 
28 63 59 32 61 1 11 53 15 35 20 21 55 71 49 38 77 10 60 54 36 16 48 31 75 3 29 23 7 52 56 44 4 22 13 47 26 9 46 25 70 79 58 17 74 12 2 33 72 24 42 30 8 62 43 41 68 19 39 6 78 5 27 69 18 
9 2 18 69 21 23 16 75 10 50 74 48 62 11 52 58 25 65 35 24 61 38 12 30 19 8 33 54 6 77 27 60 41 17 46 14 3 55 47 5 31 78 1 13 7 71 73 76 64 63 20 28 59 45 40 
23 34 51 70 15 61 30 73 5 43 57 20 77 4 2 66 53 48 3 32 56 59 72 25 55 41 12 33 63 13 1 27 9 75 18 79 40 17 64 46 80 6 42 29 54 8 31 16 37 74 39 47 58 10 7 38 11 28 65 62 26 49 35 76 
20 76 6 72 70 17 55 51 58 44 49 65 27 3 54 12 7 22 64 41 50 36 16 66 28 80 9 38 77 13 73 10 61 52 43 34 79 23 32 24 8 4 62 30 46 67 78 35 63 48 71 57 29 2 74 5 31 53 19 14 56 45 39 1 11 40 
21 66 14 47 52 53 38 6 71 40 24 60 62 42 35 65 36 2 41 73 72 76 12 80 28 69 5 56 4 59 19 3 57 44 1 64 20 37 68 10 18 11 51 34 61 8 30 7 74 15 46 49 23 13 63 75 22 58 25 79 48 16 43 
67 36 25 23 42 10 6 74 48 41 52 62 57 76 79 8 44 33 35 9 24 1 60 4 77 11 17 50 37 59 5 78 39 7 43 15 29 21 51 12 70 69 16 34 56 64 26 3 72 66 47 55 54 46 73 31 38 
77 59 65 23 30 15 12 58 8 50 38 52 27 68 4 75 69 54 33 62 25 5 26 2 66 55 7 10 47 35 32 3 70 61 29 74 48 41 45 24 73 20 37 14 57 46 19 63 79 22 71 76 1 43 42 
3 47 31 54 62 9 26 51 74 69 39 53 75 58 30 1 18 14 19 42 17 34 57 72 29 45 48 80 40 36 71 2 61 13 20 15 6 64 16 55 23 68 70 56 21 76 7 41 49 67 77 44 12 50 52 46 37 79 22 27 4 65 
69 9 52 50 44 79 59 75 71 49 73 63 14 28 1 55 6 77 66 12 26 23 21 54 4 45 57 33 38 61 68 72 25 35 27 11 20 56 53 62 65 36 58 48 34 2 80 16 24 40 67 42 15 76 17 78 70 8 46 18 31 
36 48 37 33 38 42 62 53 51 34 58 68 57 52 55 2 70 44 22 64 8 29 78 9 67 14 10 12 50 11 27 66 21 28 72 54 49 65 18 4 6 26 61 77 41 7 73 46 31 63 15 74 80 16 17 59 47 40 3 
59 27 43 71 38 4 46 55 26 5 54 2 32 33 23 37 34 64 17 56 63 42 44 6 14 19 20 61 30 69 70 50 51 48 9 80 29 31 73 49 41 35 67 52 28 11 25 10 58 3 57 68 39 74 78 65 72 15 8 47 22 77 45 79 
34 53 28 51 36 13 27 48 3 62 23 78 43 22 38 67 15 7 5 33 50 29 41 80 42 46 76 14 30 47 40 59 72 68 58 35 24 65 69 64 52 37 19 73 74 11 10 71 44 39 8 45 66 75 17 
33 7 22 41 43 75 29 4 52 74 46 56 35 2 54 62 65 51 61 45 69 31 67 14 30 40 21 42 80 16 48 63 6 3 24 76 27 26 32 36 34 44 9 18 12 58 79 8 13 19 10 59 23 28 66 71 38 39 77 
20 14 62 41 43 73 78 44 21 29 7 60 32 8 42 12 39 3 53 24 54 9 40 37 25 71 30 76 11 65 10 34 49 74 45 72 23 57 36 59 55 70 15 13 27 18 68 31 66 38 80 19 69 61 58 50 46 56 5 
44 68 50 46 2 47 31 26 37 10 48 77 57 69 27 39 36 42 73 5 30 51 45 34 14 19 70 65 78 6 15 59 76 38 25 33 29 54 74 52 17 61 79 13 16 75 55 18 20 60 53 49 41 56 22 4 40 63 
