80
6 36 66 63 33 74 68 27 17 30 3 69 11 47 32 10 25 76 46 71 22 18 53 45 57 79 35 52 20 67 21 7 55 60 39 78 29 15 49 75 14 43 40 26 12 41 37 72 50 31 9 8 70 64 34 59 54 24 73 38 16 
46 58 19 68 14 32 28 7 38 52 13 39 9 77 55 45 42 6 70 34 51 50 66 27 49 79 74 16 12 23 8 57 11 78 61 4 10 75 33 59 26 76 20 37 36 64 3 43 72 21 31 63 35 53 71 80 17 67 41 
30 9 6 71 77 55 23 75 2 46 34 52 51 78 8 80 39 32 35 56 58 76 15 44 25 70 4 17 65 38 49 24 60 48 57 72 12 1 14 63 66 61 45 11 42 40 37 28 33 43 10 54 18 53 27 73 19 13 21 16 22 50 26 
34 68 47 55 71 19 28 5 22 7 17 25 63 10 15 46 45 49 2 67 29 40 35 52 16 23 37 65 12 24 9 48 72 74 30 6 62 36 26 77 79 3 73 33 27 59 75 51 43 13 56 50 31 8 11 58 61 20 32 18 70 42 53 
79 36 64 9 47 30 37 34 62 28 33 55 59 12 49 8 13 50 60 48 31 22 41 11 63 66 14 21 23 70 54 32 78 65 25 20 19 71 52 10 76 46 6 27 39 43 67 75 77 42 16 29 17 69 24 73 7 61 57 53 40 18 4 
78 39 65 64 47 69 57 10 34 1 3 63 77 70 12 52 74 18 28 30 51 5 19 24 16 66 4 44 37 25 20 9 21 38 46 8 29 33 11 23 26 14 62 2 76 58 48 35 71 56 32 13 72 50 54 43 53 60 36 59 
12 49 26 79 15 66 56 64 75 60 14 16 67 80 2 71 23 43 57 9 35 37 4 52 48 47 45 20 41 29 59 65 69 44 78 62 5 8 25 34 42 51 70 40 50 68 11 77 38 1 55 46 63 73 17 54 39 61 72 32 
65 32 36 69 39 56 58 10 31 24 15 7 29 44 38 47 41 2 77 75 79 54 59 76 25 3 78 68 5 64 57 42 23 11 1 28 52 80 55 17 19 67 70 16 45 33 4 34 74 63 26 51 6 73 18 21 14 22 66 72 
6 46 60 35 49 53 79 21 3 7 59 26 51 44 27 52 1 34 62 4 16 67 23 30 18 14 78 56 42 37 58 64 2 54 38 32 10 55 47 75 29 11 50 22 25 76 31 71 69 43 61 19 17 66 73 45 13 80 12 33 40 57 24 5 
8 38 35 17 27 12 3 76 11 74 60 52 42 65 61 51 45 55 44 5 80 13 1 69 31 39 48 29 46 32 33 58 64 14 6 43 24 22 79 71 77 57 28 54 37 41 4 9 2 20 49 72 36 66 23 21 25 
4 54 36 19 42 7 26 10 38 25 14 63 46 80 17 3 77 35 29 58 55 71 74 13 49 51 41 22 57 20 6 2 50 72 37 5 76 9 48 30 68 62 27 1 66 45 60 69 75 52 24 61 47 12 33 15 59 23 53 8 73 79 56 67 
57 7 55 6 38 23 62 54 36 33 49 44 39 18 63 3 76 32 35 34 52 2 10 65 20 11 51 41 50 67 26 19 30 42 78 53 22 17 48 61 28 47 9 69 56 64 66 4 21 13 70 79 5 75 80 68 46 60 1 
16 40 17 34 71 43 58 25 28 77 10 68 63 69 4 26 55 38 5 65 64 52 56 3 48 2 80 50 74 11 36 61 19 54 59 67 79 72 22 76 46 20 37 15 62 70 45 32 53 6 9 75 27 14 18 57 49 31 12 39 21 51 23 30 
1 76 11 44 3 65 28 49 17 50 18 45 36 67 53 15 57 39 51 2 20 74 73 19 5 6 64 56 7 70 72 41 79 30 58 63 35 38 71 54 37 24 33 9 75 16 10 55 68 29 78 80 23 13 8 42 59 25 34 66 26 43 
31 52 45 13 66 80 36 18 25 14 62 77 64 43 56 22 71 24 30 7 73 69 65 63 11 67 16 47 53 46 74 34 55 75 40 33 8 61 78 29 19 37 17 41 3 70 4 49 21 1 27 38 54 50 
51 5 73 30 68 50 71 7 64 49 58 3 39 61 38 55 70 66 21 28 41 9 63 13 59 20 8 45 15 36 27 18 57 6 54 1 47 42 19 14 79 2 33 34 48 76 62 17 4 40 78 32 52 77 37 43 46 80 24 
24 11 32 42 52 73 9 38 29 16 30 20 56 48 14 57 18 59 19 64 74 21 1 8 35 12 41 53 10 62 27 31 65 45 55 49 58 37 77 46 40 28 71 4 2 66 13 25 78 39 15 7 3 33 5 79 72 61 22 63 51 44 
59 13 67 35 71 54 76 12 38 5 58 49 25 48 42 39 33 41 16 9 28 15 65 23 47 24 57 26 30 62 40 6 53 66 80 37 69 70 3 20 56 75 46 77 27 68 51 31 4 73 29 79 72 78 1 63 21 14 8 22 32 64 36 17 45 
65 6 73 59 76 20 27 40 11 69 9 80 25 15 16 54 35 14 50 47 70 31 21 12 33 37 49 60 2 63 39 75 13 43 51 67 24 66 8 79 71 41 58 68 57 55 46 61 72 4 52 26 74 32 78 30 36 77 17 29 3 56 5 22 38 
78 59 58 74 57 65 49 41 32 68 75 43 46 6 30 14 80 13 47 36 51 5 25 26 31 45 79 10 69 35 42 24 7 52 4 67 37 22 19 76 21 66 44 11 18 17 54 2 1 16 33 40 70 63 28 73 12 72 53 
10 12 68 60 42 23 13 52 17 22 28 16 61 69 80 50 74 31 44 30 1 55 19 27 36 56 66 57 9 65 18 8 40 35 58 72 15 37 34 29 79 20 71 59 47 3 38 70 64 6 2 46 73 5 33 54 78 48 
24 12 54 4 47 15 67 10 1 79 11 20 78 73 18 30 66 40 52 17 5 19 41 33 55 26 45 3 28 61 37 71 75 29 9 25 32 21 64 76 70 69 72 56 13 74 48 63 57 80 8 31 43 44 27 77 51 38 36 23 65 
71 46 7 4 48 53 49 65 24 59 51 45 27 14 60 39 41 34 47 10 67 21 25 76 32 3 62 37 11 78 73 8 79 28 61 42 50 44 5 66 77 55 26 29 52 12 70 13 6 38 69 9 74 36 72 22 75 33 2 58 18 68 
46 57 51 63 31 79 71 52 38 16 14 53 15 58 62 3 35 32 68 61 41 25 56 70 37 10 20 9 22 55 74 4 64 59 29 18 11 42 54 67 44 6 17 1 69 47 78 73 27 5 75 30 8 19 45 40 23 
20 22 47 57 15 73 46 74 5 51 7 53 6 77 75 78 79 70 19 63 62 72 69 41 18 54 64 24 10 33 37 38 8 42 26 28 11 4 60 50 58 49 48 31 9 29 3 68 44 23 32 30 35 17 66 13 14 27 65 1 71 
38 34 61 56 22 27 19 8 55 53 25 6 78 44 62 49 74 20 68 4 12 11 2 70 58 66 29 75 23 41 52 73 43 40 9 48 1 67 3 36 18 13 71 63 30 60 77 37 79 14 69 47 7 76 80 
26 60 19 15 68 66 47 51 74 22 9 55 23 78 46 30 10 45 34 58 76 73 3 38 24 37 4 70 16 67 29 17 11 69 41 79 61 2 64 75 71 33 65 57 5 1 25 56 43 52 31 35 13 53 18 63 21 50 59 44 28 
43 16 27 53 57 63 20 58 60 36 50 23 25 72 61 66 45 55 18 62 21 41 37 70 74 51 67 35 17 75 47 10 2 52 42 39 78 13 48 8 49 14 68 6 54 69 4 12 3 71 29 46 34 40 65 38 73 5 22 
18 40 77 58 38 70 27 8 72 53 71 25 47 73 57 42 11 60 34 23 68 41 80 79 55 65 30 35 66 9 43 5 7 24 54 26 4 49 37 19 44 75 64 67 48 51 17 74 63 28 10 14 15 6 61 22 56 69 33 21 1 36 50 
68 32 59 73 13 4 62 63 21 34 69 42 72 46 53 33 37 77 80 75 44 26 45 11 47 79 18 55 14 9 43 66 36 67 31 29 40 17 15 24 41 19 39 3 27 70 20 35 16 54 51 25 61 6 5 1 48 57 64 22 12 
55 19 15 10 67 35 24 17 79 1 40 48 18 63 45 42 77 74 66 54 78 33 4 80 25 8 20 62 51 53 71 21 68 56 61 73 57 32 5 38 49 75 47 22 59 13 37 60 9 30 27 2 46 
45 66 4 69 74 5 71 10 57 42 65 22 24 34 13 55 20 51 25 19 39 30 16 62 7 9 56 36 17 77 53 38 79 3 48 12 6 70 47 18 31 35 1 40 23 76 41 8 54 63 2 60 68 50 
25 14 5 35 29 40 30 51 20 60 68 10 71 70 58 44 38 78 17 3 67 36 9 75 79 2 8 23 4 48 31 16 46 52 27 45 18 34 21 41 53 55 6 76 43 72 1 77 22 61 12 19 57 15 59 56 50 11 66 
30 38 36 77 28 7 14 1 61 53 48 64 13 66 12 52 33 41 74 79 6 16 43 21 71 9 45 5 8 2 15 68 26 44 51 57 47 35 3 49 32 58 23 55 54 73 29 70 63 80 78 75 62 4 60 69 27 
11 18 10 21 54 4 37 44 72 14 75 50 57 74 80 29 2 3 69 65 46 1 62 66 34 25 49 39 6 48 68 33 41 71 43 36 73 30 56 24 28 27 51 63 64 17 7 45 9 79 59 20 19 12 60 32 31 
71 52 20 37 57 49 29 39 47 40 76 33 6 23 60 70 50 54 14 35 21 64 66 5 13 10 65 53 80 11 30 26 59 15 4 44 73 74 79 67 8 1 32 61 22 34 55 48 62 78 42 63 43 19 18 12 56 28 2 45 16 46 
15 57 74 46 24 80 23 27 9 26 64 78 36 25 61 38 43 2 10 22 70 60 73 28 53 44 21 19 47 35 3 29 58 4 40 1 13 16 11 54 7 39 50 76 68 65 75 17 42 31 30 62 41 6 14 20 71 5 18 67 59 52 56 77 72 49 
49 70 6 13 27 58 17 52 50 3 19 10 31 15 12 67 23 74 28 54 26 25 2 61 80 33 16 1 73 45 65 8 60 68 22 32 21 40 9 77 39 79 55 29 14 46 7 11 71 44 76 48 24 34 62 56 41 37 59 18 72 
8 46 5 65 17 2 28 72 49 43 58 19 75 70 77 67 7 38 18 60 80 47 45 53 55 36 14 64 44 56 51 1 37 54 68 62 66 40 30 73 12 23 61 13 3 10 35 76 6 32 16 79 
26 48 31 13 36 50 47 44 17 16 64 75 77 67 56 29 21 30 63 33 46 43 62 42 28 55 15 1 9 54 66 76 39 3 19 72 38 7 18 5 68 73 24 37 4 53 79 20 32 51 52 22 
50 75 72 62 80 35 8 64 20 30 27 61 74 54 48 79 2 37 24 38 18 47 33 12 14 26 34 46 17 43 73 51 1 57 22 60 29 15 59 55 19 76 32 11 7 10 5 25 56 49 44 52 66 16 28 23 
65 69 75 76 25 67 3 49 63 7 68 23 31 71 66 10 54 11 29 57 28 51 72 36 74 47 30 18 9 50 80 40 14 52 16 37 45 55 12 53 77 5 24 64 78 32 43 48 70 21 8 17 4 58 2 61 20 
63 48 65 47 70 4 77 72 67 66 20 1 2 26 74 46 22 78 59 9 60 35 34 57 40 7 79 49 13 19 41 29 55 54 76 30 68 37 69 6 3 14 27 16 28 73 64 53 75 33 71 5 15 10 42 56 39 36 
71 53 29 9 60 45 66 41 70 79 23 37 6 68 12 40 54 36 61 33 56 7 48 24 38 21 30 75 69 17 39 22 51 74 67 8 10 76 46 25 26 77 52 35 62 72 27 57 78 3 63 59 34 14 80 20 
67 14 48 42 20 80 59 11 79 13 34 28 75 16 71 66 64 62 65 63 44 10 53 9 76 23 8 60 18 3 32 17 30 51 1 70 35 15 58 55 52 7 33 24 78 4 36 39 50 31 56 27 38 61 22 72 68 2 49 74 
21 38 48 12 37 70 28 27 36 77 65 52 62 6 47 5 40 33 69 61 15 72 7 35 31 79 55 20 75 39 64 18 10 43 44 19 4 17 13 24 60 68 53 16 78 49 23 25 30 50 51 71 3 1 11 2 41 80 9 
12 75 5 56 32 64 28 15 71 25 26 54 11 58 67 57 65 62 21 18 77 41 22 7 16 73 53 20 80 46 29 34 23 40 63 1 43 51 68 36 37 31 60 39 24 55 9 6 42 4 74 8 19 61 69 78 30 70 27 
59 75 22 78 18 46 26 10 32 53 11 25 42 21 5 66 65 29 4 30 64 80 34 13 16 17 60 33 56 3 68 41 61 67 35 38 77 76 57 79 43 45 44 36 71 28 7 69 40 55 6 50 12 73 23 31 
67 69 54 56 53 46 51 70 20 38 1 80 76 72 4 35 11 73 29 62 19 68 43 16 28 45 5 12 31 3 59 2 10 18 57 9 74 77 17 15 42 75 25 37 39 41 23 36 34 13 71 14 26 7 65 
3 63 19 37 62 15 73 4 55 21 41 42 68 16 28 36 74 56 12 32 13 7 27 59 78 77 33 45 9 2 14 70 11 51 80 29 57 46 1 72 54 48 25 5 35 79 65 38 66 75 64 52 6 23 40 
22 62 40 52 44 31 24 67 10 3 20 77 23 7 66 79 80 73 30 4 65 33 12 74 47 8 32 63 16 35 60 57 9 71 50 53 25 28 42 27 18 46 39 34 56 75 41 17 2 78 64 11 69 49 59 70 58 76 13 45 19 29 72 6 14 
55 59 13 34 63 79 80 16 8 17 9 42 15 45 71 19 50 70 1 12 72 67 61 4 44 36 58 10 37 76 33 53 56 54 24 6 7 20 69 2 40 38 22 68 73 75 3 51 5 66 11 74 41 23 26 28 62 21 27 46 77 60 
63 26 11 30 2 40 54 57 62 65 9 70 79 66 68 61 24 3 60 73 51 77 59 33 46 31 5 28 43 78 52 4 13 1 55 37 18 48 71 25 23 17 34 80 14 32 36 47 74 45 20 42 12 44 69 75 27 49 39 29 6 15 
16 28 6 9 32 47 79 67 55 52 41 71 58 29 74 49 13 57 24 8 62 34 39 18 72 31 42 30 7 70 80 21 53 19 37 76 50 35 1 3 78 14 5 69 12 65 38 66 15 56 36 73 40 68 11 10 77 63 43 22 25 44 20 
19 41 16 3 52 53 12 77 43 15 75 34 28 32 63 50 27 48 29 80 61 5 46 42 62 67 72 66 17 2 39 21 45 1 36 59 4 47 26 33 7 40 13 23 38 69 54 64 31 8 78 10 79 30 9 22 14 68 24 76 11 
21 18 32 60 59 22 76 73 29 67 52 77 79 41 44 11 17 58 72 19 7 64 63 27 65 75 9 36 49 3 71 31 13 38 57 8 51 43 33 39 50 48 12 26 24 70 6 35 54 61 47 69 15 66 4 40 37 14 68 80 45 
73 27 22 17 33 69 60 41 77 43 7 44 11 19 10 25 1 8 28 66 42 16 12 78 37 74 5 2 3 48 29 30 59 65 6 21 13 53 20 61 67 70 49 31 51 56 18 76 47 54 14 36 75 35 34 9 24 50 71 32 58 
80 66 14 18 6 75 78 10 71 11 13 38 70 61 52 64 42 69 54 16 8 23 24 9 34 47 21 17 51 4 20 29 73 19 45 63 37 2 3 27 72 57 76 25 33 39 65 56 28 26 
36 2 30 65 74 67 19 35 49 77 73 61 45 56 11 17 64 70 4 55 5 50 6 27 21 53 8 80 33 66 9 13 14 43 24 71 69 41 76 7 60 20 44 16 75 79 23 38 51 18 63 1 37 78 31 48 52 57 
59 71 47 66 80 9 61 74 36 56 73 53 31 23 65 5 52 28 33 75 39 34 32 44 45 46 25 76 29 1 67 64 70 11 26 19 12 41 51 43 21 68 62 37 63 35 72 48 27 6 77 3 38 57 7 10 
17 68 10 15 29 41 46 59 74 19 48 63 67 76 71 12 16 78 4 2 7 36 24 58 77 34 37 30 38 23 26 52 53 64 57 11 42 27 56 33 22 9 13 3 28 47 73 69 5 55 70 44 45 21 60 39 31 72 
35 70 7 12 80 49 75 40 16 64 5 73 26 60 23 54 9 46 66 34 24 30 51 25 52 28 47 18 79 37 50 38 4 74 78 15 32 53 55 76 41 11 69 44 45 6 31 17 39 36 13 
70 42 65 18 47 43 28 60 8 71 77 58 35 6 17 4 31 75 36 26 67 1 12 76 14 29 72 52 20 66 56 80 55 69 51 61 32 25 13 50 3 45 24 53 22 64 74 27 40 44 5 79 15 34 2 54 30 11 7 19 16 78 73 59 
43 16 74 50 47 59 5 66 77 68 8 15 76 6 13 55 61 2 45 63 7 10 41 14 1 39 48 42 36 58 9 51 62 78 46 12 17 18 22 65 30 40 25 79 75 24 37 34 21 29 73 60 69 27 67 56 35 
18 29 80 63 70 35 36 77 69 32 46 50 57 68 47 13 49 73 75 67 6 19 37 74 12 64 14 5 7 27 25 76 10 39 43 45 15 8 53 71 51 60 58 38 56 22 17 72 59 28 4 48 23 78 42 79 20 21 3 54 
48 41 6 32 44 16 74 30 57 25 59 39 18 60 7 29 63 52 54 19 20 15 31 17 36 35 8 55 21 33 64 67 69 77 56 22 58 76 80 11 50 2 12 14 23 45 28 10 26 62 68 1 75 27 40 78 71 53 9 51 43 34 3 5 42 
44 52 47 15 5 48 26 72 64 18 27 51 78 20 38 45 4 1 54 36 33 59 75 49 7 23 12 55 40 19 22 65 14 42 61 56 8 30 31 80 63 11 66 2 57 9 29 13 74 39 37 60 24 76 28 43 
71 54 33 16 47 56 43 32 60 69 38 44 39 8 35 4 24 66 70 25 26 48 46 29 53 72 74 42 14 19 28 49 12 65 75 64 55 2 13 34 31 37 7 78 21 73 50 45 52 79 23 30 27 1 20 61 80 11 76 40 18 
9 56 54 15 25 1 55 6 30 21 52 58 53 19 66 61 26 11 75 10 8 5 63 68 64 44 34 49 70 78 28 46 12 79 48 27 20 59 24 42 76 71 13 80 7 62 23 29 51 22 57 18 65 73 43 32 47 77 35 
2 44 14 3 58 37 47 56 73 61 49 54 23 16 53 6 71 59 79 63 28 18 72 43 26 32 15 38 77 46 12 62 13 8 20 30 52 65 24 69 74 4 45 42 51 50 39 27 29 60 75 5 22 68 34 57 1 33 36 7 25 21 19 
52 19 10 65 22 58 18 57 26 28 4 34 16 1 2 68 47 13 45 5 53 9 31 42 36 21 11 24 60 56 70 69 3 32 78 61 29 76 23 59 17 6 46 43 79 35 51 38 44 48 37 49 25 54 63 66 33 27 15 14 7 
74 42 79 38 77 60 80 70 68 1 20 33 44 10 43 22 19 21 14 49 8 58 55 25 65 4 3 18 11 63 30 23 13 35 40 76 50 52 45 28 41 6 51 37 46 17 67 2 54 73 56 7 29 61 39 
48 80 43 72 16 24 8 35 26 53 30 37 41 15 28 75 79 40 57 47 25 50 18 56 69 52 9 61 7 51 59 17 31 11 60 23 62 58 77 54 39 5 20 64 65 22 70 38 34 29 63 68 14 1 3 19 74 36 4 27 21 49 
59 64 11 22 15 19 72 17 37 43 49 20 38 25 75 26 73 62 34 28 21 32 65 6 31 1 8 77 10 57 42 2 4 53 61 47 14 52 50 29 35 54 27 51 60 44 13 63 24 23 70 78 45 67 79 41 68 36 66 
57 22 44 80 77 74 68 62 23 25 20 28 35 49 51 39 11 41 34 46 43 63 12 48 65 55 67 45 8 56 47 52 1 50 29 79 14 18 64 73 13 42 78 15 4 60 33 30 7 24 59 66 19 40 76 69 26 2 3 58 70 27 37 31 5 9 53 
65 68 63 66 57 80 72 69 51 3 13 56 26 1 16 52 38 41 49 61 33 45 14 36 42 59 8 32 19 43 71 20 12 60 64 58 48 27 79 23 2 39 54 9 11 40 75 44 18 5 78 37 55 6 22 10 77 67 62 
30 25 33 56 32 66 80 4 16 34 53 29 42 23 50 6 10 26 8 61 19 59 22 18 70 63 74 73 15 37 78 38 76 3 47 69 65 46 39 2 43 60 64 5 48 13 57 55 54 72 11 17 51 44 31 40 7 75 79 49 52 
5 28 67 44 24 63 1 14 54 64 17 79 62 36 47 34 61 48 16 65 58 50 7 53 46 75 21 27 25 2 12 33 19 42 18 43 9 6 23 31 59 8 26 15 37 57 55 22 68 77 69 74 51 3 20 45 76 80 71 66 
2 76 48 21 33 70 59 36 12 13 29 11 63 30 73 35 16 9 77 32 53 25 23 80 44 39 10 40 5 41 64 51 26 43 1 4 7 19 14 27 18 71 55 22 54 8 24 72 52 17 56 20 65 34 31 68 75 62 45 78 74 69 46 38 50 
45 14 18 59 73 41 2 31 49 48 65 13 75 52 3 20 15 22 60 66 9 76 11 29 62 50 67 12 26 78 77 16 63 47 35 72 44 21 10 8 55 37 38 53 56 42 19 34 7 51 30 46 68 39 79 36 69 58 54 
