80
35 31 51 9 69 13 71 29 54 2 30 80 15 60 41 23 74 75 24 11 33 28 73 56 12 43 34 49 68 50 36 5 78 64 7 17 61 57 59 14 70 
38 15 45 9 29 22 25 1 49 12 67 39 4 24 53 80 74 5 42 27 66 3 7 20 77 17 58 41 21 76 16 64 37 34 57 59 43 73 61 54 18 32 48 19 33 
15 62 2 63 21 22 66 50 54 73 7 80 79 37 70 39 55 36 31 13 5 24 51 30 65 43 57 42 64 26 46 58 12 40 67 17 11 49 61 71 60 4 8 53 25 20 52 
51 37 47 13 17 64 72 34 38 2 33 49 73 26 18 52 39 54 55 3 71 41 70 9 59 25 57 42 19 45 44 78 50 23 11 43 62 63 22 
44 46 36 1 12 78 61 74 2 77 48 60 59 40 70 9 8 55 35 24 11 15 38 33 27 3 53 31 52 63 80 7 34 25 20 49 58 
30 20 65 8 50 10 26 63 25 14 54 78 51 37 7 64 36 74 9 13 23 33 71 28 55 48 24 15 79 66 61 29 56 
63 80 51 62 21 44 30 53 41 42 6 45 36 5 8 16 14 17 76 75 69 11 3 28 50 46 12 1 52 35 23 72 37 58 2 40 48 71 18 31 57 
65 36 77 63 22 13 52 48 44 56 47 27 12 7 38 17 55 68 33 54 31 24 80 30 18 39 32 62 5 23 45 3 10 42 71 6 43 61 64 49 
66 54 42 24 46 2 78 47 4 51 45 10 23 32 12 75 27 28 6 60 35 15 1 34 25 48 11 38 5 26 21 77 74 18 
60 6 68 50 22 8 52 77 30 53 46 59 19 72 29 58 43 65 57 14 45 9 70 55 17 64 40 71 75 37 67 26 62 78 
54 79 12 18 9 67 45 19 4 33 7 27 73 50 34 66 39 78 60 1 38 68 64 46 13 17 32 37 3 15 30 80 75 47 40 59 5 48 62 
22 8 53 5 74 38 57 76 15 9 21 7 52 3 31 25 59 1 18 30 2 62 44 26 11 19 65 51 75 66 48 72 43 68 70 49 
51 6 80 26 68 57 35 43 14 40 30 73 71 16 63 56 44 18 65 48 54 39 29 8 27 15 24 11 34 59 42 72 3 49 52 69 53 38 58 47 37 61 1 22 74 36 70 4 76 20 55 
67 27 37 53 18 52 35 40 6 55 71 1 45 28 21 68 13 7 75 10 72 29 58 24 77 38 54 59 32 36 17 48 26 49 19 
31 59 58 38 6 11 27 13 69 65 5 26 12 60 43 32 70 77 56 9 18 71 57 3 2 17 53 1 62 34 54 68 22 52 44 75 63 
68 63 46 36 47 7 50 31 44 57 77 41 43 65 27 61 35 48 38 13 70 28 58 2 56 71 45 33 29 75 79 60 40 26 80 74 
45 73 64 54 38 75 46 44 76 10 3 59 70 68 77 2 24 25 11 15 49 51 14 57 18 50 35 8 34 78 56 7 55 32 72 4 63 80 1 53 
47 9 27 36 67 70 72 33 74 34 17 73 22 15 11 26 75 4 54 14 13 64 2 79 42 8 62 59 57 12 7 52 55 53 56 77 
21 2 54 73 32 40 25 10 76 47 65 14 30 37 75 78 77 33 34 31 43 72 50 12 29 60 68 39 45 11 27 63 49 24 79 35 69 80 62 4 53 
2 57 67 48 59 68 32 78 64 30 26 75 33 58 63 6 3 45 5 62 80 77 51 54 25 72 37 73 41 44 52 13 56 65 29 60 42 
46 47 69 75 48 52 25 74 9 35 12 72 80 34 68 28 24 2 33 19 57 3 41 62 56 60 43 77 53 67 37 64 29 76 40 27 42 14 31 54 78 7 36 
40 73 43 2 72 36 76 35 28 4 37 45 58 62 44 10 18 3 13 33 71 46 51 12 59 60 55 49 34 77 48 8 15 
27 7 34 43 31 80 68 42 38 6 9 1 58 32 59 24 56 73 69 72 48 45 8 77 37 78 33 64 39 4 36 44 52 74 49 26 61 
48 52 65 76 6 64 14 51 38 70 77 35 62 8 17 32 75 55 5 44 3 13 9 59 37 68 49 72 40 2 1 53 23 67 63 33 19 73 21 61 
52 64 75 4 44 6 17 43 48 71 21 31 9 5 73 69 66 77 27 76 20 34 61 35 67 12 72 33 58 68 38 53 40 70 2 3 19 
52 23 13 43 9 14 74 16 62 55 64 12 68 46 69 10 50 3 4 66 20 53 41 51 18 38 15 54 63 70 73 67 27 6 
19 54 13 63 8 2 14 50 16 36 5 78 25 41 9 75 80 38 29 23 56 51 57 21 18 59 45 79 33 68 15 26 30 37 67 11 39 58 40 32 43 
40 80 21 74 7 38 44 66 51 68 45 29 60 37 1 75 6 30 63 78 50 35 46 57 41 14 9 71 64 79 32 62 49 55 76 61 16 22 
10 41 58 13 16 19 75 2 46 55 21 76 1 20 27 45 53 31 73 59 50 40 69 36 47 30 6 28 32 61 14 43 
29 11 58 44 39 3 76 64 27 54 53 8 79 13 34 78 61 12 80 70 19 63 49 57 60 10 7 38 56 72 67 28 1 65 20 6 62 
63 49 16 78 54 77 36 23 33 53 67 73 80 58 40 7 55 25 8 38 21 62 3 79 42 64 59 74 51 76 19 1 68 15 5 12 41 29 34 
63 75 50 19 28 33 68 14 62 67 78 56 17 24 73 39 71 69 35 51 2 8 74 9 15 29 64 11 27 23 20 45 44 61 72 59 42 77 
8 36 5 2 50 11 77 22 1 48 63 54 24 21 58 40 19 31 52 53 65 4 56 46 51 27 39 35 16 20 32 67 44 23 18 61 55 6 69 75 64 60 25 42 
60 21 54 70 23 25 31 57 9 50 72 40 41 5 2 30 80 74 64 73 22 68 11 18 15 71 63 19 62 45 56 1 55 67 42 51 35 44 17 58 13 4 76 
59 70 17 62 28 1 54 49 66 78 72 16 53 56 19 14 63 13 9 34 51 7 25 5 21 32 37 41 73 24 75 33 39 22 
50 64 45 3 54 68 78 80 21 44 14 5 41 75 47 48 55 13 16 73 59 31 69 8 76 27 46 71 56 1 53 23 49 6 58 29 22 62 42 72 33 7 18 
53 75 19 35 21 79 71 7 48 69 74 13 70 6 43 62 27 3 68 77 46 55 78 4 20 28 67 49 76 63 61 22 2 50 73 23 10 11 14 24 44 64 
49 72 42 58 31 78 25 16 50 55 9 73 30 69 64 4 15 56 5 13 12 14 61 67 24 2 41 39 23 8 71 28 11 76 26 66 17 80 63 27 
8 69 11 32 51 23 35 47 48 58 50 45 68 80 33 54 4 13 74 52 67 55 76 3 2 73 71 30 38 19 27 49 60 63 56 46 40 64 77 
21 75 77 54 25 33 14 68 29 27 24 10 57 31 39 51 69 42 43 65 58 19 71 16 55 11 5 13 34 48 22 53 7 3 28 
36 7 80 42 26 48 27 50 52 78 69 64 67 2 44 63 53 56 45 59 57 29 16 55 35 1 28 73 34 38 20 21 46 4 60 31 
33 34 13 52 9 36 31 38 3 67 41 20 80 43 79 76 4 21 2 55 48 59 74 51 40 60 50 7 23 63 8 32 65 18 
16 3 8 80 22 69 51 12 26 13 46 64 19 73 68 70 56 66 4 27 53 49 61 71 44 15 29 48 1 40 74 25 67 47 59 37 2 54 21 10 79 23 60 42 
55 5 76 12 20 24 53 70 47 46 69 45 41 4 8 30 62 25 74 52 65 64 37 78 13 66 16 54 15 33 7 17 23 58 34 32 28 22 80 68 79 43 36 
17 65 52 41 27 10 32 70 39 53 8 50 16 9 36 29 19 2 75 22 11 20 14 47 34 51 78 55 63 76 4 44 7 28 23 
41 44 21 73 36 7 77 37 33 9 58 43 11 50 29 79 3 39 64 5 26 69 17 49 57 62 48 22 80 10 47 16 28 
53 68 13 66 70 43 74 49 11 39 48 21 60 61 44 9 16 4 46 50 64 78 18 45 63 67 36 8 19 29 69 
33 2 24 8 37 75 16 21 5 41 68 40 14 49 20 72 59 39 64 6 52 9 7 71 46 73 42 36 43 25 79 13 74 47 69 12 23 76 11 22 
55 2 62 47 72 43 48 35 13 70 22 67 52 1 75 77 56 51 30 5 3 57 46 38 8 36 39 17 54 37 71 4 53 63 79 24 12 78 23 74 19 28 14 31 
11 4 3 32 54 38 65 33 67 19 57 45 37 39 51 28 63 16 74 10 26 59 34 68 41 46 27 1 36 53 64 71 7 79 62 6 17 52 42 29 47 75 66 
34 26 17 72 63 52 39 45 49 6 33 13 61 32 59 42 24 35 7 31 22 4 1 20 43 27 28 80 73 9 40 70 58 3 55 64 12 75 50 
53 65 50 14 56 3 49 23 20 41 63 24 45 4 73 68 54 59 51 58 78 39 15 48 5 26 13 74 75 60 79 80 21 12 57 44 8 10 42 25 33 7 64 18 
44 74 29 7 40 71 3 75 2 35 33 72 60 36 47 66 26 19 56 58 45 24 54 5 10 25 13 43 79 73 21 52 77 30 18 41 49 65 31 15 14 12 50 37 59 17 55 
44 3 43 26 13 17 2 27 6 9 34 30 36 53 49 15 40 31 60 70 73 21 39 33 1 72 68 8 61 20 80 18 19 79 4 14 58 74 67 50 66 35 52 56 11 55 
59 41 38 49 51 26 78 3 53 6 76 5 72 28 8 39 18 54 66 58 34 67 61 17 22 40 36 10 79 45 37 33 42 29 44 14 13 4 62 31 24 
71 38 35 43 52 17 13 41 80 49 73 33 36 18 34 27 8 54 63 30 61 57 68 23 20 6 16 1 32 21 58 53 15 39 
73 16 68 27 34 12 28 40 2 46 7 52 41 71 1 79 63 17 49 10 60 74 58 3 30 20 4 18 15 50 65 13 21 56 
27 46 55 44 20 56 62 66 5 15 53 10 31 2 34 13 70 71 74 51 40 79 16 14 29 3 22 38 36 33 75 30 54 23 25 39 57 7 52 
52 1 22 11 71 60 32 73 2 5 31 29 42 4 20 65 41 76 70 35 43 63 27 36 24 48 62 23 78 10 55 18 15 68 17 13 12 77 53 51 14 79 80 64 50 75 
47 15 21 11 22 16 30 39 71 52 19 28 43 78 42 41 9 69 34 63 33 62 77 1 73 70 57 20 72 3 5 53 59 54 10 
25 2 30 43 13 63 62 67 23 24 8 38 64 54 32 79 72 6 33 51 66 80 65 5 75 56 47 3 29 55 16 28 76 37 71 1 
68 32 34 19 73 37 79 77 74 15 11 22 28 67 31 64 12 20 65 36 44 59 60 35 55 24 49 61 21 8 10 58 26 72 63 18 30 46 50 3 4 7 
34 8 60 31 4 27 15 67 69 78 26 6 39 30 57 74 28 13 62 37 41 72 24 33 45 17 7 59 32 38 56 51 52 65 61 5 20 19 42 3 50 64 47 49 35 16 
21 28 32 47 39 46 34 17 48 52 23 78 61 10 68 30 43 24 1 3 41 36 66 8 38 20 26 71 11 31 37 72 4 51 44 62 18 2 76 50 59 63 33 25 79 73 6 
12 40 20 15 30 76 3 59 57 52 69 19 33 62 53 13 77 66 78 44 50 16 24 6 8 68 71 10 73 63 61 45 42 
11 53 69 64 50 77 26 44 25 9 38 6 65 70 3 47 55 80 68 73 79 61 43 58 35 78 12 28 2 54 72 
14 62 32 2 33 27 50 10 11 42 39 21 38 24 25 61 79 31 75 49 3 74 37 80 20 76 30 54 18 41 55 63 34 47 26 69 43 
48 25 37 32 31 19 26 27 1 39 77 47 21 62 65 57 72 8 28 56 15 12 24 20 40 54 16 10 59 36 79 11 17 43 44 50 64 13 34 14 66 52 23 
32 21 25 38 63 72 80 65 41 39 76 19 7 40 37 15 46 47 70 36 67 43 44 1 66 23 48 60 33 79 26 29 13 
66 30 3 43 49 18 44 59 54 1 58 37 69 15 47 5 34 35 45 4 13 79 16 17 76 25 74 51 60 72 10 26 24 12 
10 49 8 6 61 14 50 78 37 53 38 3 59 57 76 40 15 28 1 65 58 48 16 22 43 34 32 36 7 56 13 25 39 79 60 4 64 
48 34 49 10 23 12 24 13 54 66 20 60 73 4 80 61 35 62 22 25 70 7 69 17 14 21 78 19 53 36 64 51 68 38 32 76 18 55 63 30 
37 19 43 74 75 20 11 26 35 29 25 77 39 65 46 78 4 24 80 13 56 2 62 38 76 18 59 3 52 22 57 1 31 23 32 51 34 66 53 64 41 72 54 36 17 60 48 
21 26 76 54 13 42 12 18 2 16 67 57 34 58 62 73 28 70 43 50 39 1 53 52 6 5 37 44 23 63 32 48 47 31 9 49 
53 1 73 40 59 24 35 20 15 27 36 32 19 77 52 17 49 12 33 9 48 10 79 45 21 7 58 14 29 80 25 67 18 11 61 76 28 51 50 16 37 
22 74 2 67 42 25 48 77 21 36 73 12 19 71 70 64 59 34 13 72 31 55 28 17 75 7 69 30 29 39 24 61 38 65 37 44 45 
39 2 8 76 75 20 22 32 68 33 66 10 79 46 65 37 16 31 5 14 9 49 19 73 21 18 53 59 23 25 62 40 15 17 24 60 
37 64 17 10 1 28 31 4 73 38 71 9 60 5 65 66 32 45 36 23 27 52 19 11 35 44 59 49 55 72 21 41 20 6 47 63 30 
18 62 68 66 3 6 19 58 69 64 11 28 59 53 54 50 37 77 42 43 46 49 67 61 70 16 31 27 55 52 48 44 71 75 57 30 
20 28 43 11 46 2 13 51 8 23 38 54 39 5 61 41 66 59 31 36 34 75 7 72 21 3 17 1 69 42 30 19 56 44 67 73 16 52 27 