80
69 50 8 65 63 27 72 17 13 42 31 45 54 34 7 51 56 28 58 41 
15 28 39 47 80 7 10 50 19 74 31 38 75 9 78 26 17 33 66 35 32 5 68 25 
11 19 69 8 77 60 59 72 29 22 14 71 48 15 53 32 46 30 
37 53 35 31 49 52 12 28 77 44 56 72 80 66 73 59 6 23 60 75 27 
58 27 55 39 80 2 79 73 66 61 26 18 15 74 44 40 
4 15 59 73 65 68 43 29 49 64 31 47 72 48 40 76 26 75 30 
2 79 56 78 1 36 37 65 69 10 71 47 51 43 21 19 29 64 73 46 
36 75 74 34 45 3 63 1 26 49 24 15 10 43 18 
2 24 35 46 18 75 50 19 58 63 23 72 12 37 36 62 29 52 68 77 14 
60 11 68 64 58 18 45 7 39 8 41 28 72 2 54 
23 20 14 43 35 10 56 22 21 52 53 68 3 60 45 18 73 28 36 57 
14 9 61 47 33 24 76 32 68 35 78 41 55 45 63 66 18 4 13 73 77 
56 72 68 23 36 78 20 12 69 61 1 77 50 60 19 73 58 38 76 16 47 17 
18 60 62 16 35 30 79 56 61 41 12 3 75 68 28 71 9 20 53 11 72 65 
65 2 5 8 19 71 6 79 44 3 67 
67 30 73 55 13 17 56 42 53 34 75 19 41 57 36 14 23 72 64 60 47 
63 19 40 16 25 77 33 69 49 71 18 13 54 2 20 41 23 74 1 55 46 24 67 58 65 44 76 
77 26 10 17 30 80 12 27 14 19 8 79 43 11 76 71 47 5 60 35 55 9 25 68 57 
3 13 76 37 42 15 2 7 64 63 9 18 49 17 28 33 61 16 66 
73 30 22 80 17 11 55 34 58 36 61 14 13 56 71 75 35 78 49 43 46 
35 74 42 29 54 7 73 50 52 56 43 39 11 77 
26 46 3 29 76 73 25 11 63 66 30 75 20 54 
62 13 52 73 45 60 35 44 27 30 4 76 34 42 55 41 17 77 37 11 16 33 9 
62 34 32 75 36 8 26 9 25 31 66 28 12 17 79 
18 64 17 22 2 24 52 38 76 77 43 63 80 53 
22 67 2 54 24 5 41 6 79 37 8 44 18 
64 38 65 53 1 70 36 42 29 4 45 74 23 5 50 51 47 67 55 18 60 78 
75 14 67 10 40 66 19 45 59 4 39 46 1 48 56 32 55 11 24 2 
77 6 7 22 3 27 53 38 51 33 21 31 39 37 9 
20 45 64 6 16 78 18 80 36 69 3 52 66 22 23 53 33 14 56 71 57 39 
57 46 39 76 80 29 32 6 4 24 64 74 51 73 2 1 45 35 
50 3 31 75 71 54 58 47 74 57 36 40 53 12 76 39 65 28 34 24 41 67 38 2 64 46 
23 78 17 29 40 56 41 71 55 36 12 79 30 57 19 80 2 66 54 
45 65 55 68 59 20 79 16 35 8 24 36 1 75 66 23 32 
31 11 18 78 20 2 21 23 68 74 4 44 34 75 36 12 9 55 51 14 49 
7 45 11 67 74 34 20 9 61 8 35 42 56 30 43 16 48 50 13 32 80 27 33 76 51 24 
42 7 45 26 61 19 49 51 46 78 4 64 73 23 29 9 56 48 
32 58 27 75 48 54 29 51 72 2 67 13 25 55 73 69 52 63 74 40 68 
32 31 63 59 2 5 28 41 29 51 21 66 70 30 10 44 42 
38 50 6 17 72 42 5 33 44 47 28 32 
71 46 12 16 66 73 23 17 10 65 57 79 32 48 33 1 26 14 39 
51 21 40 59 27 39 68 72 37 16 69 19 23 46 48 1 36 43 
74 55 6 20 57 8 49 51 59 7 36 78 25 65 76 42 18 11 21 77 
39 40 4 15 77 17 35 23 51 65 26 62 80 5 46 53 47 78 55 60 73 
36 64 34 8 31 28 10 75 12 37 30 11 23 1 27 63 60 
78 28 17 3 59 9 44 42 41 37 61 31 20 32 22 49 77 7 63 52 
16 78 2 27 44 32 7 40 13 6 49 12 64 18 
56 37 51 76 61 41 3 65 28 6 42 38 36 73 59 78 
4 35 37 46 47 20 8 6 43 19 57 17 71 77 52 
32 9 62 13 36 72 2 51 21 77 1 40 27 52 66 54 
65 35 52 79 39 7 44 42 43 36 38 37 29 1 50 27 48 31 69 
46 73 21 9 11 25 60 74 23 50 57 70 69 68 4 61 51 38 62 79 49 30 
57 44 32 3 14 70 72 61 11 4 29 71 67 30 27 16 25 79 
17 38 32 10 26 72 21 61 33 74 70 50 22 76 67 56 1 66 
61 38 58 23 5 64 44 79 33 60 72 35 43 12 76 69 20 27 28 73 34 17 16 18 
48 36 1 20 76 13 7 63 28 16 4 73 64 70 54 37 30 11 74 79 72 21 75 14 33 
63 41 53 43 32 30 65 70 52 68 18 33 11 69 16 49 31 
75 13 1 9 63 20 10 55 38 70 77 17 5 32 
4 63 43 48 6 39 46 68 64 75 28 3 66 34 76 42 
23 64 52 3 14 68 18 13 4 27 77 55 45 16 44 10 11 67 
20 53 12 75 48 46 54 37 36 5 13 14 68 79 19 55 52 66 
78 72 9 50 23 66 64 24 73 75 52 44 14 
58 12 17 39 22 45 71 25 9 56 76 46 19 64 8 1 68 38 59 79 74 57 
74 63 25 55 19 37 62 80 30 27 73 16 6 70 60 45 7 31 56 66 47 10 59 32 
17 48 1 6 7 51 15 43 27 14 34 41 44 79 57 32 
33 34 61 71 22 59 4 54 50 41 39 67 30 19 28 76 5 12 2 62 64 24 
38 17 36 72 78 16 27 54 26 70 28 60 15 66 32 53 
14 61 6 13 63 59 60 9 18 80 12 42 2 57 34 10 38 35 52 11 69 71 
13 70 30 3 77 75 52 55 74 57 38 42 68 17 51 1 7 
67 27 80 73 69 56 52 58 54 53 57 64 39 
20 32 14 73 30 41 3 68 7 49 76 33 15 66 53 18 17 63 
16 50 3 9 1 38 56 10 55 53 62 42 4 54 6 40 14 67 13 
64 52 56 62 22 7 12 71 38 31 55 37 21 11 20 70 16 5 48 13 4 74 41 44 23 6 
38 8 27 21 2 73 43 52 63 79 54 36 5 56 35 69 32 17 64 31 
79 32 45 80 16 76 38 2 61 56 22 58 6 14 59 20 9 4 28 35 34 78 62 24 69 8 
71 54 79 22 32 31 18 6 75 36 48 59 17 12 55 25 43 63 56 13 23 19 66 
13 18 21 60 25 4 23 12 43 69 44 29 78 17 50 49 58 9 3 46 
48 13 47 35 67 12 46 30 7 33 62 20 27 77 2 44 37 75 43 
7 52 26 63 76 61 34 33 56 74 55 51 41 24 75 53 5 65 15 18 14 
20 68 4 64 31 44 30 18 25 36 75 5 33 70 2 