80
39 48 60 21 65 74 34 53 22 61 35 33 47 75 42 5 64 23 2 46 54 
21 5 76 55 56 67 40 47 29 52 37 1 30 43 42 22 13 18 
63 5 49 65 30 43 16 64 39 9 53 55 62 38 70 
71 45 29 28 64 32 66 13 49 26 63 78 38 43 18 
58 46 56 61 78 2 3 13 22 36 62 26 19 41 39 44 38 1 69 17 77 27 30 
29 9 56 25 22 44 72 33 7 73 63 40 20 45 15 51 
33 21 12 25 62 71 79 20 6 77 70 52 28 40 68 39 35 54 15 50 46 
57 77 44 23 20 48 73 37 78 30 72 39 68 54 64 22 69 33 66 15 31 74 50 
18 80 71 13 16 79 43 47 17 77 6 63 22 3 31 42 
71 65 73 33 60 19 52 24 35 79 62 28 46 14 44 70 16 27 17 68 15 
35 14 72 45 29 28 42 60 43 19 30 33 77 22 24 
79 14 7 16 57 63 35 43 60 22 24 33 66 78 15 68 52 
4 18 34 61 70 29 17 2 47 44 28 9 80 26 59 79 68 76 5 
38 56 15 35 55 11 33 12 52 10 18 70 64 34 62 25 71 20 32 
75 14 6 71 74 8 38 10 67 52 42 79 27 25 12 32 24 7 77 22 55 64 56 21 45 
9 69 80 3 26 20 47 10 50 59 57 34 24 25 12 67 58 77 75 17 54 64 38 
52 64 50 61 5 41 59 56 16 67 13 9 10 60 28 47 77 69 
64 13 22 68 25 32 2 4 67 46 14 30 36 60 66 63 33 9 
38 5 11 47 52 76 60 25 66 65 67 80 10 20 
63 69 57 49 8 73 14 65 44 19 42 76 6 16 7 33 
37 7 75 41 58 68 36 15 51 77 31 28 27 71 1 74 76 54 2 47 
56 6 74 35 1 53 60 28 46 9 63 12 66 2 33 77 5 11 18 15 8 75 
71 41 52 42 8 58 1 34 38 65 72 29 31 67 48 
38 12 15 54 50 16 11 71 65 58 61 10 77 59 47 55 28 35 52 34 49 72 
16 61 58 35 7 64 47 54 76 14 19 71 18 74 15 42 6 
36 52 55 5 16 71 13 28 45 44 4 32 63 41 79 43 48 27 60 34 
10 15 58 38 57 21 46 47 45 76 73 52 5 26 66 
58 17 73 39 21 11 46 49 26 22 33 24 67 55 78 4 71 10 13 7 70 
63 33 2 13 79 11 41 59 51 32 75 72 73 48 76 77 70 71 23 69 6 53 4 
11 66 8 42 57 60 37 31 18 67 69 75 3 5 33 2 
21 41 9 78 63 75 53 30 56 72 23 70 57 49 67 59 48 42 58 8 36 
62 52 26 40 60 29 74 15 66 35 14 51 56 55 69 72 49 64 54 44 18 4 
14 74 20 57 42 60 11 54 46 49 28 63 22 8 35 53 30 40 59 6 18 80 29 7 37 10 79 1 12 65 
37 75 23 77 71 13 46 26 24 63 40 16 14 78 1 72 57 67 
33 7 72 1 25 10 54 49 11 80 71 73 55 22 65 60 12 24 66 78 14 32 
50 42 77 5 31 26 21 56 18 69 39 61 
30 43 8 46 53 2 41 21 49 34 52 33 
16 52 4 5 14 23 15 19 46 72 69 27 24 74 59 61 41 3 
36 42 28 78 80 62 43 66 7 5 8 55 72 1 3 
34 2 77 6 7 47 33 72 76 51 32 75 74 60 61 
23 29 44 76 38 17 31 54 55 5 26 37 61 59 21 
9 55 2 72 70 30 11 36 31 48 79 39 1 33 20 15 23 25 
75 39 4 50 44 12 11 2 79 37 3 78 67 48 26 55 9 52 
62 10 13 43 32 5 41 69 20 48 6 56 58 26 52 80 8 65 77 
6 53 27 69 4 15 61 57 26 65 11 
27 5 56 65 18 1 7 58 70 28 38 71 33 73 34 61 64 37 67 76 10 22 
19 16 9 24 2 73 69 21 27 25 13 53 17 56 1 64 77 61 40 
29 60 69 51 59 31 44 76 42 8 43 80 1 26 61 52 49 77 23 
33 32 75 80 28 74 4 35 31 48 66 24 20 37 56 70 3 
24 64 8 16 43 69 36 59 77 71 55 17 7 
59 66 40 64 70 29 21 32 6 57 67 62 48 
19 26 53 37 75 27 32 79 12 23 7 2 17 14 24 48 43 38 44 15 10 
52 22 64 33 31 79 45 29 70 1 59 77 47 68 37 65 3 76 
60 74 7 24 16 21 32 78 69 33 73 35 80 8 67 64 59 1 25 41 66 68 
15 26 78 14 63 43 28 24 80 50 3 2 64 41 32 39 42 74 35 75 
31 14 17 22 77 47 5 65 61 15 73 2 6 70 32 49 46 44 36 
45 27 65 30 20 8 31 16 51 58 68 33 34 70 12 
21 31 61 27 46 23 28 25 73 5 24 57 44 16 
50 51 24 38 31 41 13 33 16 29 79 17 62 73 54 76 48 53 
62 10 17 22 32 40 26 18 54 30 12 48 11 71 66 33 74 1 19 35 
45 78 72 25 17 56 73 75 5 1 40 58 46 41 38 13 64 48 24 47 80 67 36 
5 32 7 39 67 10 14 60 73 59 80 51 64 44 66 3 79 
22 72 26 12 31 55 4 18 33 67 68 71 20 9 29 3 80 34 6 65 
18 75 69 16 50 4 3 1 67 53 51 74 15 32 25 61 14 46 62 17 8 54 66 47 80 55 
68 3 75 10 53 23 24 33 63 57 35 44 76 46 73 79 20 19 56 1 45 
12 62 64 32 79 19 4 22 54 51 35 73 74 8 60 39 49 27 30 18 
46 34 64 31 54 30 80 15 2 17 63 51 74 70 19 18 16 43 23 28 61 62 
53 21 63 80 8 57 18 12 7 54 13 65 76 10 77 
50 75 71 44 64 5 77 74 76 17 8 30 48 47 36 16 32 45 20 29 54 38 
67 13 7 46 42 49 28 57 10 14 71 51 31 56 3 77 75 29 53 
29 69 70 25 21 75 28 46 10 50 7 63 26 79 4 24 14 34 9 23 60 15 35 
31 61 8 35 24 77 38 40 32 29 23 6 73 39 11 42 34 63 
76 27 28 6 62 29 54 20 56 61 58 46 72 59 8 10 65 74 66 47 35 
8 54 69 25 1 15 38 66 64 60 21 40 33 67 55 22 49 79 32 80 73 
22 61 64 40 29 49 55 43 71 52 15 77 69 31 70 16 1 65 30 21 34 
29 73 2 65 13 41 68 20 53 27 46 25 48 59 21 19 40 69 
5 40 36 70 69 21 50 47 9 7 24 68 75 16 72 8 22 29 56 78 48 11 34 53 44 17 15 
77 34 35 31 55 28 4 43 5 8 39 61 12 54 
12 52 7 62 59 10 43 15 53 9 29 65 42 13 33 74 71 66 26 
35 39 55 19 48 49 44 64 9 33 61 63 54 74 13 62 16 68 67 