80
25 58 2 72 7 38 13 66 59 69 70 73 4 61 9 12 32 27 14 78 56 74 36 16 53 11 5 60 17 67 55 28 64 10 31 42 43 40 39 18 80 21 79 37 54 8 19 24 51 52 33 50 22 62 77 20 
1 30 31 53 57 19 11 50 33 78 59 54 48 60 46 20 23 55 4 69 35 17 58 5 79 42 66 16 61 24 18 32 64 39 75 40 15 65 14 3 7 80 10 22 28 41 51 74 45 49 38 71 37 13 62 43 47 77 34 56 
27 15 61 26 40 36 16 20 51 18 6 46 77 78 74 76 33 10 50 49 44 38 14 71 67 8 43 57 72 24 53 48 35 75 62 34 11 69 66 22 13 23 41 4 21 60 56 39 45 7 5 2 28 31 12 37 30 52 70 17 65 
63 80 11 34 12 42 2 73 3 65 45 37 57 31 25 1 79 39 14 20 76 15 24 59 58 35 70 66 28 71 69 46 33 5 18 9 27 40 53 21 50 62 10 77 44 16 8 19 67 68 36 54 23 61 
74 66 17 25 6 40 19 75 24 13 57 4 33 70 2 12 63 52 3 45 67 80 8 18 1 9 14 51 31 7 15 61 78 72 69 68 23 76 58 46 60 49 16 38 39 35 37 47 41 44 43 22 48 28 30 10 29 27 
62 21 14 72 80 38 54 52 65 27 42 75 23 11 32 79 15 43 25 10 78 50 74 33 45 12 29 60 17 13 5 66 36 57 35 7 67 30 51 3 26 19 40 56 64 28 49 16 8 73 46 44 69 77 59 53 61 
61 44 18 27 6 23 52 2 30 40 67 41 8 58 24 1 38 66 62 43 56 20 72 80 19 5 34 3 64 70 14 60 53 73 11 16 78 32 10 69 47 31 33 9 65 39 54 57 68 75 48 
79 69 7 66 37 20 71 27 43 70 6 23 22 51 52 62 19 35 28 46 32 48 55 3 41 36 42 26 74 38 64 1 18 15 34 25 31 21 53 56 73 17 4 33 78 67 65 24 30 75 58 12 16 59 5 39 44 10 68 
48 44 54 14 56 34 31 61 15 66 63 10 41 5 21 59 73 1 68 25 50 4 46 65 38 74 77 16 28 79 22 52 72 80 67 17 62 24 7 49 47 58 18 32 64 19 11 26 35 57 53 29 40 51 55 30 42 78 39 
79 33 55 12 65 48 50 71 74 61 42 47 3 17 67 36 32 4 41 20 28 54 73 78 1 63 64 37 6 23 5 15 18 11 44 51 9 75 8 21 34 68 39 2 49 66 46 24 29 13 14 45 16 30 35 77 56 59 43 7 58 53 19 80 
19 40 25 27 13 43 65 37 69 21 62 41 28 75 12 38 34 74 47 60 64 14 42 48 68 50 63 9 44 36 76 17 55 10 32 6 16 26 73 20 39 72 80 53 2 79 57 4 3 7 35 70 1 22 56 61 29 
64 3 23 74 11 58 5 67 10 71 60 70 49 34 57 6 69 14 68 30 73 48 43 45 40 78 8 32 39 75 76 21 59 38 63 19 28 35 62 77 15 65 55 18 20 31 37 13 46 26 42 50 27 53 4 33 44 72 51 1 22 
2 21 71 69 11 74 20 33 19 18 3 79 1 29 78 42 54 47 5 41 45 15 12 25 73 10 61 58 17 64 27 44 43 57 68 70 31 28 52 62 24 51 56 59 67 80 16 6 39 49 36 30 26 46 14 
55 59 34 21 52 25 27 9 12 38 78 17 11 22 63 24 32 2 61 20 53 19 23 76 41 66 3 26 73 36 67 46 18 79 72 54 42 5 35 62 39 50 7 49 47 10 1 74 13 6 33 15 4 58 56 68 45 
30 42 19 74 63 12 5 61 2 53 48 3 59 9 62 79 55 66 73 46 64 21 49 13 50 10 24 58 23 25 54 80 72 28 6 45 8 40 37 33 47 4 51 39 52 56 70 71 14 16 
56 7 9 32 15 2 28 48 36 72 3 35 33 30 43 4 29 52 10 66 38 65 51 26 59 5 11 13 22 61 42 8 67 6 62 31 49 71 25 63 78 17 41 55 39 69 79 23 53 60 75 1 18 68 24 44 37 54 57 76 46 47 70 
61 9 21 62 70 67 58 6 79 16 30 2 46 80 31 13 26 48 27 59 32 76 55 34 10 77 63 8 49 64 72 53 29 56 11 1 60 14 75 3 41 20 52 40 36 50 25 23 57 5 51 78 43 35 18 71 73 54 44 
4 16 67 9 38 5 1 71 3 42 28 34 2 10 69 58 60 78 33 48 8 19 35 13 37 7 26 56 50 64 27 41 45 31 55 61 66 80 39 75 46 51 62 73 21 52 63 20 40 59 24 74 57 22 43 17 25 14 12 77 30 32 
79 63 78 13 30 68 65 56 53 70 69 71 74 20 6 1 2 27 46 76 42 55 9 57 5 73 31 25 37 38 45 33 59 80 21 18 7 40 52 10 67 11 43 75 15 44 77 8 41 22 12 4 54 51 32 24 39 66 14 28 60 62 
75 30 69 46 36 71 7 78 31 18 79 54 24 44 59 10 14 29 23 68 25 76 48 58 65 42 12 28 19 2 27 52 40 39 70 77 13 8 56 4 67 60 47 1 80 50 64 11 33 43 17 66 26 38 61 49 3 32 
55 74 77 23 24 64 52 46 22 62 13 66 53 39 9 71 48 6 1 29 34 78 60 37 56 15 47 14 73 76 19 31 26 75 59 30 8 10 41 27 18 43 11 63 58 79 28 65 12 25 3 69 17 38 42 57 51 54 4 61 67 
31 52 32 11 60 25 23 16 3 49 68 67 9 41 66 74 24 46 8 27 76 42 18 54 38 55 79 45 70 35 37 56 48 19 14 59 50 77 2 34 62 47 71 73 39 30 12 65 29 5 26 33 21 1 63 57 40 
50 5 65 32 7 47 66 39 37 34 6 78 70 68 21 16 14 33 56 46 48 10 64 76 15 2 61 35 8 4 74 17 63 40 49 41 75 26 69 43 58 27 62 53 12 80 67 71 24 44 45 73 60 22 3 77 57 36 20 54 30 59 
46 29 62 65 76 13 42 1 57 63 19 43 27 37 32 20 7 56 18 61 16 52 80 36 9 79 45 44 14 5 23 73 49 15 75 28 2 54 51 35 67 48 8 3 26 33 70 74 34 47 30 68 38 4 21 22 55 78 60 10 66 25 69 72 
63 18 21 31 79 5 6 60 80 27 30 70 13 57 48 11 77 49 44 19 24 39 29 71 76 43 52 61 34 54 15 50 69 41 40 78 8 37 65 67 14 74 17 32 68 51 9 64 33 16 45 46 38 35 1 59 72 53 22 66 20 4 
54 41 45 13 23 33 67 56 69 39 46 29 22 28 57 9 3 44 63 64 75 27 55 70 58 24 68 73 52 18 32 80 43 36 35 61 16 76 17 62 48 59 37 11 66 42 30 49 14 77 20 31 21 50 6 78 12 8 79 
59 68 12 8 73 37 29 64 61 35 26 62 3 5 19 53 6 22 28 1 67 63 25 34 43 36 74 70 18 20 49 54 76 51 38 55 17 45 39 50 75 11 46 4 31 23 77 14 24 40 42 21 33 78 72 7 13 58 
19 79 71 18 13 73 61 1 5 37 57 50 4 9 42 24 52 54 34 16 38 2 39 30 26 41 27 11 10 46 58 66 60 32 36 64 62 51 80 8 15 74 70 48 63 21 44 55 56 68 40 47 6 35 69 49 75 59 12 45 78 20 29 3 
77 26 59 57 34 39 43 67 65 62 31 6 5 9 11 21 25 50 22 55 75 53 78 60 42 10 37 58 36 20 74 56 28 73 49 24 68 63 61 44 48 45 72 80 32 16 64 38 17 66 41 52 27 46 47 13 40 
56 2 15 13 19 61 41 42 76 79 47 50 24 44 22 67 20 3 54 35 75 25 5 21 49 55 8 17 74 64 10 39 70 77 73 16 72 52 9 28 68 26 7 60 12 65 37 46 36 59 23 18 78 6 34 58 
22 7 47 33 64 5 1 3 36 20 39 37 63 21 65 4 46 18 26 60 76 9 16 57 69 58 43 13 25 79 29 34 62 42 27 80 35 40 54 68 75 44 2 52 17 32 70 71 77 8 78 12 61 19 56 67 51 
47 38 49 23 17 9 14 1 16 20 77 26 25 33 28 11 37 6 2 55 73 31 7 41 67 57 34 48 64 45 18 75 44 68 46 22 69 19 66 65 76 24 72 39 12 62 71 50 59 58 74 8 29 80 10 79 40 
31 14 7 3 24 70 39 63 25 65 51 15 20 80 40 79 54 60 76 34 46 4 47 19 12 61 16 66 55 5 48 77 26 23 69 44 75 37 18 78 42 13 35 2 71 1 49 10 67 56 27 53 6 72 8 22 73 43 32 
77 65 33 72 69 68 7 25 12 17 64 37 11 48 42 55 66 62 40 23 32 50 28 9 3 80 36 21 27 4 43 67 14 54 53 52 31 22 41 2 30 10 24 18 49 74 39 57 51 8 29 59 38 78 
30 8 51 42 66 62 2 67 69 26 46 12 33 43 4 25 5 11 57 14 37 65 27 77 50 39 64 74 54 71 63 16 53 17 23 76 44 28 18 68 6 61 3 72 47 9 31 49 79 10 56 22 38 58 24 73 70 
58 23 63 73 26 66 3 55 1 24 8 51 46 34 75 16 28 47 43 45 13 10 67 40 27 50 53 31 78 71 14 52 41 30 17 69 65 11 29 20 56 4 60 48 74 6 42 59 77 39 80 38 68 
39 25 23 61 59 80 32 44 58 26 78 74 34 29 40 57 60 79 53 31 73 54 27 43 45 19 75 63 56 1 22 51 64 18 10 70 8 2 33 72 21 4 3 11 35 67 65 66 47 12 5 38 71 49 55 28 77 46 48 15 52 16 41 30 24 
51 27 61 32 73 65 5 12 3 70 29 40 60 56 69 68 42 16 21 35 57 79 7 19 45 75 67 11 72 9 28 34 22 59 6 58 78 1 14 46 24 20 36 47 18 74 50 25 63 76 37 8 54 53 62 39 2 52 
14 29 66 9 49 15 51 21 32 7 43 28 76 22 42 80 46 27 31 38 10 26 34 47 4 40 33 16 77 56 54 2 36 50 52 67 35 23 30 78 25 65 20 73 19 69 55 44 61 60 12 62 8 18 3 1 68 45 48 74 11 13 37 5 71 79 57 75 
1 57 20 11 31 17 73 39 52 77 70 25 18 15 41 32 5 59 50 47 62 79 37 69 75 51 80 34 2 28 9 38 74 12 22 45 65 56 43 58 7 61 66 27 36 54 42 29 23 4 3 44 48 64 6 55 33 49 19 
54 29 65 8 74 32 21 42 58 55 75 78 61 46 71 19 45 34 26 17 70 57 28 53 72 60 64 73 59 36 5 77 3 47 80 22 76 2 52 13 37 23 9 18 10 63 30 44 48 40 62 11 16 25 68 7 14 
63 16 39 33 9 60 24 11 41 71 50 65 52 6 79 4 1 35 55 40 70 57 78 26 15 76 13 45 30 72 48 20 14 27 2 18 19 36 10 64 21 77 28 58 29 68 62 74 61 43 75 22 31 8 53 59 12 38 67 34 
16 18 26 68 19 70 52 47 37 13 54 40 45 39 66 20 33 5 2 71 3 58 10 6 63 60 12 34 42 31 76 11 8 64 21 69 53 36 29 61 56 78 35 79 48 7 46 24 59 1 27 44 72 50 62 57 23 25 17 51 
12 37 51 57 33 75 25 4 19 35 68 26 43 31 73 6 28 24 56 58 20 61 47 23 63 71 62 10 16 69 76 17 66 40 11 70 46 7 45 50 67 13 72 5 60 30 53 65 8 32 29 80 3 77 64 41 59 54 48 9 39 
48 79 59 44 26 54 60 43 15 6 52 58 62 12 38 66 72 46 68 29 39 14 24 23 3 80 53 47 13 61 18 28 22 77 70 4 49 32 19 37 27 63 75 5 25 40 41 57 36 10 42 65 64 51 2 71 
58 30 44 53 36 4 29 28 20 9 15 3 27 13 32 64 39 35 22 12 76 5 54 77 50 57 17 80 73 75 6 67 16 37 79 69 31 19 23 71 8 10 25 49 26 72 65 74 41 24 38 47 70 2 14 18 60 33 21 51 66 45 52 55 43 
28 41 54 50 11 24 35 31 22 21 9 29 44 58 55 43 23 62 38 46 39 75 52 48 33 53 68 15 16 5 36 10 7 63 30 40 32 56 78 49 73 64 65 13 37 72 20 2 51 80 71 14 45 60 
56 8 18 64 7 68 12 40 17 10 76 20 71 50 26 80 11 72 43 47 73 39 36 54 2 77 74 67 22 45 49 5 32 78 28 37 52 34 41 44 21 16 9 3 59 29 15 24 42 70 23 25 79 66 55 33 62 61 
15 53 76 17 30 51 63 50 77 32 52 71 24 13 46 3 22 37 40 27 10 12 78 79 28 57 2 73 59 34 35 26 74 23 47 55 54 45 20 6 66 67 58 16 48 9 62 39 5 25 68 75 14 72 33 29 69 
46 29 6 15 47 42 3 43 10 12 70 9 35 48 32 2 30 68 58 51 79 71 60 27 77 1 62 76 59 17 22 34 44 57 69 65 26 23 40 20 55 28 49 80 52 18 78 54 53 11 74 4 64 38 25 39 36 67 73 14 
8 44 33 57 31 15 63 13 67 46 25 35 78 18 79 50 71 40 61 56 24 54 45 27 36 80 2 12 17 10 38 34 66 1 47 9 65 21 43 16 5 6 49 69 53 74 76 62 77 73 3 37 39 68 28 58 19 52 
55 21 57 16 22 63 80 54 70 50 25 76 49 67 51 1 36 34 69 20 71 30 61 8 73 28 65 41 39 3 43 9 29 38 42 45 77 19 66 68 24 48 17 46 37 47 14 26 31 5 7 18 64 79 53 13 6 62 59 15 40 
11 4 9 36 25 17 43 74 42 57 59 52 47 34 71 15 46 45 6 80 61 8 2 41 12 23 76 38 3 72 14 37 19 29 55 60 51 7 78 1 73 77 49 10 66 75 35 68 21 50 67 70 16 44 79 27 33 
49 26 41 45 50 19 43 20 70 55 48 63 13 25 66 61 58 17 22 14 75 9 56 68 16 64 77 23 79 46 21 38 57 33 27 4 73 60 28 37 34 74 31 44 7 72 1 2 52 51 80 15 59 39 10 67 30 24 6 47 35 40 
18 39 1 41 59 58 42 9 30 15 29 8 2 60 68 10 34 40 24 73 37 46 28 52 21 47 26 78 11 19 48 76 79 50 14 66 71 12 56 49 17 16 63 54 70 33 53 80 27 22 62 32 36 67 72 
62 10 70 61 1 80 73 72 76 13 54 15 43 9 14 30 74 8 63 60 69 16 47 55 11 3 6 65 26 58 79 31 37 20 36 23 24 18 17 75 22 38 48 66 2 51 35 59 7 39 40 19 21 33 68 64 44 29 28 
38 66 73 51 16 63 53 60 62 64 42 79 35 7 28 39 23 59 44 58 31 32 34 24 78 70 13 50 61 43 12 2 45 41 29 19 6 46 67 40 17 21 26 22 54 75 11 49 65 5 69 71 18 37 25 9 74 52 4 3 68 
40 10 32 18 51 56 15 28 71 44 54 50 38 8 5 68 57 64 9 36 60 75 29 70 63 59 66 72 30 17 49 31 27 55 23 80 35 42 12 43 37 73 78 47 7 14 4 61 26 46 13 2 45 21 79 41 1 77 20 74 
34 25 70 48 53 38 19 30 6 36 42 67 12 20 22 40 54 63 14 8 80 55 16 65 29 41 10 58 21 18 77 37 2 62 9 66 15 1 71 13 57 4 28 45 32 26 72 52 73 76 27 60 56 69 44 43 23 17 74 61 50 75 49 
23 76 24 16 62 42 47 54 29 53 30 56 57 19 67 66 70 18 11 79 64 22 59 45 38 36 31 5 58 25 73 68 69 33 43 72 2 61 1 65 37 39 12 44 41 6 17 71 21 7 55 20 28 74 3 50 63 46 
38 16 30 59 70 37 65 74 21 77 58 25 76 4 28 17 45 56 13 43 48 5 52 6 33 73 42 40 24 31 75 68 78 72 14 39 1 23 27 54 10 41 80 7 64 62 20 67 69 3 26 11 18 51 57 66 15 29 53 60 9 2 35 44 
27 22 28 59 55 13 29 24 70 17 11 67 12 26 1 16 80 79 35 31 40 74 48 8 43 4 61 47 23 9 65 50 2 21 51 63 14 15 49 39 52 18 34 3 75 72 6 60 64 42 69 7 41 56 38 32 45 44 19 57 
42 69 28 49 52 59 66 56 78 24 37 22 47 71 60 44 67 19 41 4 33 25 58 77 14 29 38 43 54 15 26 9 57 75 36 31 21 55 35 17 74 68 64 11 73 23 62 12 16 51 5 18 27 45 10 
47 63 15 27 18 21 57 28 65 32 62 17 72 29 61 20 46 58 11 80 45 79 31 34 50 8 52 9 25 74 44 76 40 23 48 2 67 12 68 37 6 41 10 70 73 7 71 13 66 35 60 42 26 43 30 54 56 1 
4 9 59 21 22 42 57 75 70 69 46 19 31 25 37 20 47 29 8 71 23 35 7 39 34 24 30 33 68 61 12 6 72 50 73 78 45 44 77 32 41 11 36 38 16 2 52 51 64 76 3 56 60 62 79 10 66 40 
32 78 67 6 20 5 26 59 7 33 37 35 40 54 58 28 53 9 68 44 34 74 16 51 43 22 21 79 18 14 2 4 77 19 57 29 1 73 56 55 45 61 70 8 76 3 15 49 71 36 25 63 39 24 60 64 52 72 46 23 48 65 10 69 
62 19 59 4 48 77 14 52 31 16 42 44 80 53 33 26 66 24 57 22 5 71 20 23 29 32 30 35 8 76 38 64 39 25 27 3 79 70 13 18 34 69 49 54 74 17 12 1 6 73 9 37 51 50 60 7 21 36 61 10 55 63 46 
27 12 44 20 23 61 31 39 57 13 60 52 48 53 5 63 26 47 72 55 10 75 51 66 56 11 49 4 29 9 54 43 14 80 76 22 41 65 45 73 32 58 34 19 42 25 36 30 7 38 64 70 35 24 28 77 8 16 74 50 
20 72 19 70 78 61 73 50 66 49 2 35 75 40 36 5 65 13 1 59 26 67 23 28 4 80 31 25 34 60 21 8 52 77 76 62 46 12 3 79 24 33 71 44 16 74 63 57 56 43 6 11 51 39 18 7 38 32 
26 1 12 15 7 38 25 50 35 5 79 66 3 65 8 69 22 41 75 57 20 24 74 23 52 58 46 67 30 77 42 11 60 59 55 33 68 17 76 56 62 61 16 19 43 48 54 53 80 28 40 4 37 78 13 71 27 64 44 31 45 72 
3 13 42 58 59 47 32 15 76 33 2 49 10 53 75 67 45 78 64 57 48 37 79 74 51 50 20 16 35 63 25 73 21 19 28 72 31 65 18 4 70 66 23 22 41 52 8 12 69 55 36 44 17 46 39 77 80 60 43 
46 49 48 58 25 45 30 14 38 53 56 62 6 78 27 29 7 79 61 60 73 76 1 33 42 41 16 71 75 32 3 35 34 55 54 70 64 15 11 66 69 80 24 68 37 43 12 59 17 44 9 47 65 77 5 
26 23 10 32 36 52 41 6 54 46 11 65 40 9 12 64 14 60 59 55 29 69 39 17 13 77 24 1 67 74 19 48 51 7 4 27 47 68 72 75 28 79 37 49 58 44 53 21 57 22 8 33 18 38 30 66 71 61 80 50 35 56 15 76 63 
21 63 42 40 54 51 23 9 5 67 24 71 75 32 49 18 14 11 37 73 41 36 15 57 50 64 30 29 2 68 34 59 77 22 27 48 25 60 69 66 8 70 58 39 62 10 3 1 12 46 28 13 35 53 19 56 6 80 61 38 
78 62 32 8 26 24 69 73 6 39 41 5 49 29 10 28 27 44 7 33 61 59 12 76 68 58 20 17 70 56 71 72 40 31 16 74 37 11 36 63 3 79 30 54 47 2 45 53 23 57 80 46 19 18 42 21 65 38 
4 43 72 32 35 64 53 52 49 33 55 51 27 61 21 48 65 79 50 20 42 39 73 66 17 60 3 44 69 14 25 71 16 5 26 31 22 56 68 67 30 24 11 46 59 41 75 70 23 12 38 19 
9 10 50 19 12 44 31 2 63 23 29 73 66 39 37 30 22 68 32 17 26 3 67 20 79 40 71 27 72 34 1 33 6 51 46 52 36 58 78 54 74 69 59 45 35 4 53 48 25 42 49 21 41 65 18 70 61 
70 75 17 19 27 57 51 21 30 65 20 41 53 43 63 55 16 23 2 25 50 77 14 34 61 71 37 49 42 36 12 66 69 29 31 58 10 47 8 1 7 38 6 28 18 5 72 3 24 9 80 13 48 33 26 39 
22 67 26 56 43 77 72 50 8 32 58 37 62 4 9 46 40 51 20 48 13 57 2 17 19 45 39 69 15 66 24 73 30 31 53 52 60 38 42 76 25 65 49 55 28 16 64 10 33 6 11 21 71 14 75 1 54 35 70 
64 6 26 51 7 78 56 59 29 24 68 52 25 33 72 39 31 53 50 62 58 40 18 1 36 75 2 47 19 37 15 20 32 48 11 55 4 9 61 70 54 17 74 34 41 73 71 45 13 46 10 5 67 23 69 28 44 
