80
36 72 62 75 42 79 35 54 5 8 41 61 45 67 2 43 44 60 27 49 39 78 76 80 15 24 55 68 48 70 25 31 73 28 66 17 29 22 13 26 38 6 52 53 56 
41 16 24 44 12 25 20 78 53 42 39 58 37 18 49 8 1 33 52 67 61 76 65 57 6 62 22 80 14 69 55 28 17 77 45 10 72 
21 5 26 12 8 7 80 79 4 40 56 15 50 28 35 52 39 14 34 41 17 18 74 70 10 54 27 66 37 16 31 
11 34 36 23 38 31 64 45 42 40 14 77 20 47 18 30 8 49 21 70 43 71 59 3 69 41 51 72 35 7 32 76 52 50 26 57 54 15 60 68 63 58 19 78 
63 37 52 80 61 10 24 1 59 51 36 78 70 54 12 55 28 73 30 14 16 33 50 64 15 41 40 77 49 25 76 11 26 8 62 32 66 3 79 
27 2 73 58 32 67 25 37 35 38 52 40 48 22 41 76 56 1 18 44 33 80 28 50 54 75 34 43 8 13 77 49 62 10 26 66 68 
39 63 61 80 70 26 33 41 12 73 59 23 3 65 31 57 79 21 35 25 71 78 34 9 20 47 64 75 18 36 49 42 69 54 29 72 45 13 4 
35 60 2 17 80 3 73 76 57 18 75 37 11 53 36 34 69 26 40 29 70 59 30 14 38 63 20 52 42 31 68 51 13 4 54 5 15 22 41 1 6 
54 46 21 26 63 42 59 67 64 12 10 68 25 58 40 34 75 32 74 37 15 47 14 30 72 7 20 13 35 48 22 60 
16 76 42 73 6 39 25 46 62 19 36 44 74 64 68 24 48 13 33 61 54 9 28 32 67 56 37 12 40 27 18 2 59 58 23 71 49 3 72 79 65 75 30 5 51 
12 41 64 43 54 65 59 66 69 39 22 52 16 61 20 25 18 44 45 70 48 77 51 15 55 78 30 38 31 19 58 5 34 42 71 8 37 4 13 
75 68 52 70 41 71 7 48 18 19 5 49 11 32 62 50 13 46 9 69 3 74 23 2 10 14 63 60 58 67 64 55 80 51 33 76 35 27 57 37 
70 54 40 59 20 68 1 12 62 64 60 39 35 38 8 14 61 15 9 28 43 6 29 47 25 79 7 37 30 77 78 11 36 10 74 26 63 
69 51 13 18 62 34 28 31 50 56 29 60 75 67 70 4 65 24 2 55 3 12 27 35 23 53 32 9 22 5 40 46 68 48 71 30 8 66 21 54 37 33 74 38 26 
8 34 31 11 42 3 29 71 19 5 65 13 9 47 1 64 41 62 53 73 27 25 43 17 69 33 58 4 38 54 66 61 56 77 55 35 50 68 
31 58 29 62 2 19 50 65 25 63 66 78 39 73 45 34 3 76 5 48 40 41 22 27 53 47 32 28 10 79 11 51 69 75 21 57 18 71 72 77 61 
15 56 73 34 24 2 77 30 60 47 70 57 72 76 33 48 58 28 20 80 53 29 32 19 25 1 71 22 3 8 21 61 50 55 51 27 66 31 62 52 
36 24 65 73 75 60 27 66 2 34 63 10 23 72 59 68 50 29 28 47 33 12 38 4 16 6 31 14 3 70 21 39 8 56 51 54 32 42 78 11 7 79 53 45 
24 28 20 34 55 49 30 10 73 22 79 11 36 37 59 16 39 62 52 64 33 23 50 12 15 63 47 43 54 32 69 17 25 51 68 4 46 
71 48 80 47 33 73 9 35 36 75 61 77 2 74 21 40 29 39 31 13 34 70 32 17 54 65 8 78 53 64 79 11 7 45 4 19 
39 47 3 52 35 55 37 32 24 14 57 20 16 62 42 25 77 9 26 63 17 34 58 49 74 76 46 7 70 48 28 4 18 65 66 41 69 51 80 
49 59 27 24 8 60 52 19 54 11 45 33 1 70 26 2 17 74 63 78 80 37 44 16 6 39 14 67 9 76 48 50 71 57 61 66 
12 75 58 57 73 19 46 74 24 41 76 25 14 7 45 69 38 55 28 80 77 67 18 33 35 10 49 61 50 62 4 
23 73 21 46 42 44 19 43 38 54 28 22 31 29 25 67 64 77 52 58 80 55 45 1 17 75 66 10 2 63 5 60 62 40 78 18 47 59 41 70 14 34 
46 78 19 9 53 59 42 52 55 57 15 65 10 56 2 74 23 16 69 6 58 7 13 36 66 64 48 54 72 77 24 80 68 5 21 17 62 47 11 1 67 
4 38 49 66 64 52 78 8 63 79 67 6 3 21 46 29 76 73 27 13 42 39 1 36 54 74 7 56 45 75 5 69 51 9 14 22 80 41 
65 37 16 18 46 49 58 22 6 10 30 33 26 1 63 17 32 39 3 69 15 59 66 38 43 60 40 28 72 77 34 70 12 36 31 14 
37 36 3 65 48 23 38 32 6 19 67 42 43 10 77 51 21 34 78 29 45 68 60 16 33 5 50 41 2 39 69 13 1 53 18 75 24 72 70 27 17 14 74 49 79 
8 62 39 28 65 59 49 43 50 31 15 41 73 79 77 18 1 54 44 20 13 56 33 55 16 70 53 42 32 66 80 30 57 76 67 40 14 64 7 35 24 63 71 26 75 17 
36 43 5 55 66 10 19 8 39 50 29 9 65 61 54 35 17 37 4 64 31 48 33 27 80 14 11 57 13 34 32 58 78 41 70 63 46 73 
7 42 46 18 69 15 73 51 14 63 75 55 27 4 48 60 47 57 68 30 29 67 3 43 8 11 79 77 24 40 71 61 17 54 39 20 1 16 49 72 62 
64 49 37 16 55 65 29 42 43 56 33 9 19 67 70 68 71 4 5 28 27 6 48 50 75 52 79 30 34 51 45 58 36 20 14 18 47 21 44 12 76 10 74 17 40 
55 20 2 57 39 63 51 32 15 70 71 18 28 7 17 43 68 29 66 42 10 49 30 14 74 27 62 23 34 5 52 77 69 6 19 54 72 79 12 22 
52 14 19 7 15 8 9 56 6 49 70 74 72 11 4 24 44 21 79 17 61 53 30 62 42 3 33 65 28 16 50 41 60 18 27 32 20 66 43 77 
55 4 46 12 61 53 80 30 9 60 13 63 75 57 65 3 6 78 21 58 8 62 76 1 14 20 52 79 29 50 47 66 38 73 44 45 56 7 15 68 59 70 41 23 64 
4 54 74 78 18 56 72 64 26 69 8 1 61 39 48 19 45 77 59 70 28 10 5 38 25 60 37 41 79 27 63 13 30 49 43 46 57 75 7 32 65 53 20 
74 42 2 79 62 46 78 30 57 51 21 32 39 70 60 50 27 22 13 48 40 56 44 5 19 11 38 80 9 36 53 6 43 3 10 49 12 14 8 28 71 63 76 
73 13 79 58 53 69 27 40 14 26 54 70 50 15 77 11 18 36 35 8 78 37 75 59 1 4 56 28 23 51 6 66 55 62 63 24 68 
49 11 63 54 73 48 26 18 3 13 1 42 58 10 57 31 76 20 52 22 60 47 53 70 65 7 66 59 71 51 33 50 30 41 2 36 29 16 37 21 74 28 27 19 79 
10 14 20 60 29 46 76 13 64 31 38 24 51 43 37 3 67 9 58 80 57 27 53 5 4 6 32 44 59 42 8 49 16 74 71 52 
7 16 4 43 50 28 3 36 39 75 79 8 58 21 15 64 29 5 26 74 73 63 42 61 66 60 12 30 49 1 24 2 11 56 45 57 35 6 55 34 48 67 23 78 53 
62 48 11 39 71 46 24 15 37 9 2 52 57 60 76 69 50 41 1 54 40 4 31 28 32 43 25 21 8 26 78 49 34 33 29 47 75 63 10 64 18 7 73 
27 40 53 37 24 41 4 67 71 47 31 32 72 11 79 80 46 1 36 66 65 33 49 48 56 51 19 57 34 29 61 42 30 6 13 15 28 50 52 75 
45 65 66 46 22 11 6 29 35 69 52 32 37 2 72 78 49 53 51 24 10 59 74 34 57 1 54 40 
26 60 51 61 36 48 65 24 23 66 57 1 80 35 18 76 7 41 16 78 20 74 71 59 52 32 58 75 28 68 53 70 2 72 63 22 11 44 4 
35 64 24 40 74 55 10 30 26 43 59 67 73 21 31 70 23 37 58 69 12 49 27 36 57 53 44 75 62 25 14 42 79 19 60 9 
9 75 31 50 16 53 52 39 21 7 19 42 18 54 24 32 55 35 25 48 68 77 43 17 4 79 13 67 56 20 65 15 73 58 60 72 
41 21 16 14 20 39 52 31 45 30 10 12 69 25 43 17 28 42 62 37 22 49 71 47 56 78 6 51 36 11 32 9 80 79 1 76 
33 34 69 4 31 6 37 54 12 2 10 39 41 50 52 26 66 78 65 22 42 7 19 72 1 61 36 48 32 28 27 46 29 67 44 58 5 73 23 75 40 55 21 43 74 
61 17 6 54 47 52 35 80 12 76 67 38 5 32 29 60 23 77 41 19 3 28 14 30 69 4 37 49 18 56 63 70 43 16 34 42 78 39 22 15 
17 69 12 55 38 65 18 10 48 74 31 40 21 16 26 59 60 43 28 5 71 8 58 39 33 68 63 14 32 19 76 37 56 57 67 78 44 11 4 45 
34 39 5 74 76 11 4 26 48 19 53 2 54 78 3 22 71 55 1 32 43 67 6 66 68 70 44 45 49 25 21 62 50 17 42 8 75 24 12 57 40 77 33 47 35 65 
29 44 66 72 71 80 2 40 54 8 47 45 28 35 43 38 39 61 41 77 36 37 52 64 1 62 18 69 75 25 15 55 59 14 20 17 79 16 65 34 46 
29 3 25 68 75 52 33 67 4 74 14 22 7 49 64 24 61 42 44 50 36 31 6 10 47 38 78 56 15 55 77 26 19 5 1 63 72 69 9 66 18 65 11 58 76 30 20 39 13 8 53 57 
67 46 72 21 73 1 65 47 11 32 80 69 77 53 33 12 23 30 59 51 41 29 15 76 31 70 49 5 58 2 54 71 56 75 38 61 25 60 52 35 17 78 19 14 24 79 
78 76 35 48 66 47 51 26 59 29 54 15 38 6 41 43 77 17 32 72 55 50 3 61 14 10 34 1 57 37 67 36 25 18 
64 58 66 63 51 71 56 68 7 31 4 40 30 39 37 35 25 16 29 74 52 33 41 36 54 46 43 67 2 80 22 60 45 8 42 23 17 44 12 21 
9 72 41 54 69 12 30 10 45 40 51 78 15 11 17 4 38 2 75 25 60 24 80 47 73 65 16 21 35 32 27 68 55 61 57 64 67 6 49 74 46 23 39 79 
73 13 29 4 44 11 9 53 60 75 22 56 46 71 10 25 24 19 45 18 70 51 55 36 39 35 38 68 63 40 27 5 8 7 
55 37 36 80 9 45 27 77 61 70 39 13 24 59 17 69 40 8 12 63 1 18 75 34 72 22 42 57 73 14 28 51 4 58 50 31 71 46 41 35 62 47 76 
30 50 70 41 1 43 16 68 34 53 64 17 20 73 23 56 49 62 63 7 13 22 31 58 15 36 72 11 55 74 54 45 2 5 10 60 35 
61 10 1 21 19 5 37 16 72 42 75 6 15 13 76 60 12 14 31 79 38 33 25 34 48 64 52 2 24 17 35 68 53 29 73 46 23 
35 51 30 68 22 21 31 12 8 80 66 59 7 36 45 24 37 33 57 27 19 73 50 18 39 26 4 42 41 13 60 5 16 38 29 54 61 9 
54 32 66 69 53 24 11 80 13 42 9 12 40 57 41 67 61 29 25 20 5 36 62 4 15 19 30 75 58 73 26 78 10 35 79 68 76 7 46 
36 52 32 44 29 16 51 77 18 28 11 14 7 27 49 69 75 72 76 45 47 10 71 20 78 53 35 15 43 54 55 80 74 2 58 30 21 73 25 34 39 
1 77 17 15 34 64 14 56 49 33 43 69 79 39 6 41 25 53 44 3 72 27 26 57 22 54 45 52 21 30 35 5 11 18 29 75 16 38 63 73 24 
73 50 54 56 40 24 51 74 10 49 29 32 1 43 57 58 72 31 23 75 25 64 79 78 80 2 28 47 12 55 41 14 22 9 46 26 52 6 
25 64 45 47 73 32 70 6 58 28 33 75 59 57 51 62 15 31 13 72 52 54 1 74 8 35 10 4 9 14 12 18 77 71 19 63 61 38 
48 31 26 79 38 28 4 72 33 12 46 76 42 27 71 49 8 65 55 66 60 15 64 51 14 58 54 11 25 21 19 23 16 50 36 44 2 7 77 53 
29 4 14 17 79 75 13 8 37 52 1 22 27 80 7 46 24 33 30 5 61 32 34 71 21 36 35 39 72 12 3 59 28 50 18 20 68 38 45 60 11 55 
12 57 52 7 55 70 31 48 10 20 68 16 11 4 60 40 53 65 32 59 73 75 43 17 37 29 42 33 22 51 79 39 15 45 69 14 
69 44 1 28 67 4 18 7 56 74 9 66 31 25 53 61 62 49 65 43 27 77 33 68 16 75 73 10 34 70 78 17 58 47 79 54 55 60 36 45 2 
5 29 24 58 64 62 18 26 75 71 15 61 8 72 17 79 20 59 30 76 39 6 65 41 46 68 38 66 16 60 31 7 42 10 19 35 1 55 49 47 23 63 67 
20 51 32 61 57 23 14 3 44 12 13 76 36 33 40 52 72 45 10 65 28 39 49 26 21 46 9 79 67 37 54 25 58 41 68 22 34 
38 24 23 14 59 55 18 16 60 36 1 28 26 77 42 65 10 35 12 7 49 80 78 66 31 41 68 45 67 62 29 20 73 8 46 47 64 9 70 54 43 32 53 71 79 6 72 58 52 
29 42 37 78 60 39 51 74 8 56 40 2 62 1 17 5 32 16 54 64 65 69 6 35 10 12 52 45 50 23 4 79 22 48 21 73 26 55 
69 4 11 72 15 31 56 65 33 36 28 24 60 2 52 78 34 80 5 53 55 50 79 27 23 68 21 20 25 38 13 6 54 17 29 75 66 47 16 
18 58 54 56 50 20 52 51 25 64 22 37 26 30 48 4 2 72 16 24 13 5 75 44 80 42 36 77 45 35 67 65 49 38 79 76 55 11 7 1 41 28 
75 36 48 20 47 46 39 41 16 62 71 66 10 31 26 29 33 5 38 34 72 55 13 53 58 28 1 18 19 64 76 37 67 69 74 78 73 7 3 43 77 70 35 32 
37 57 40 20 48 67 35 58 29 53 78 12 70 1 8 22 26 6 43 64 5 3 21 50 24 25 7 60 23 17 63 30 45 2 65 75 55 77 