80
8 34 46 73 75 3 6 77 66 18 32 55 33 61 78 59 58 45 9 43 29 64 21 39 79 4 10 52 31 16 65 72 12 37 67 56 15 47 49 70 17 54 24 42 5 60 7 13 30 11 62 51 22 71 44 28 2 69 76 41 25 20 35 38 74 50 19 80 36 53 14 68 27 48 57 40 26 23 63 
48 45 52 78 32 33 27 3 7 41 47 66 75 60 58 37 38 16 23 8 11 19 72 50 14 63 46 31 49 25 80 39 30 10 79 73 54 51 21 29 28 71 26 59 18 56 40 42 55 22 1 62 6 77 4 12 35 20 57 13 9 67 44 76 36 69 15 64 70 17 53 24 65 68 74 5 34 61 43 
14 16 39 78 77 37 72 74 6 12 54 11 59 23 2 69 61 43 24 63 66 50 53 17 28 52 5 15 47 41 51 49 40 10 29 18 44 36 57 4 42 7 58 70 34 21 20 67 73 8 22 25 46 33 65 75 55 71 80 1 48 19 31 45 60 76 79 13 26 56 62 30 27 9 38 68 64 32 35 
77 51 56 67 20 43 80 24 69 32 9 16 34 50 41 53 45 73 47 62 48 78 76 15 75 54 79 8 31 57 65 29 26 35 70 33 38 64 36 60 27 37 1 18 13 22 72 46 11 68 7 71 39 52 61 30 40 2 66 59 42 3 21 10 6 28 23 63 55 44 58 17 19 14 5 49 74 25 12 
47 21 20 18 59 16 58 34 30 29 2 54 10 51 1 17 60 46 25 31 68 13 14 75 64 7 62 55 70 45 71 9 26 72 80 48 32 77 4 65 49 74 41 6 79 50 43 24 28 37 67 76 12 66 39 8 73 11 69 78 57 23 38 22 53 52 63 56 61 35 3 15 36 44 42 27 33 40 19 
10 16 31 77 44 7 39 45 26 51 19 56 11 53 34 59 13 12 79 76 64 48 50 32 66 17 4 43 71 30 52 70 62 8 78 25 46 54 57 23 15 67 40 20 72 74 27 41 22 5 47 2 80 69 60 21 65 37 9 28 14 38 29 58 36 33 3 1 42 68 63 18 75 49 73 61 55 24 35 
35 62 71 24 29 76 49 39 8 14 80 47 9 69 16 50 21 11 54 13 63 75 34 64 74 53 60 20 56 10 48 72 40 4 43 45 31 2 58 51 52 30 41 65 25 38 61 17 6 59 70 36 22 3 68 67 28 19 12 26 78 33 37 18 57 73 1 44 5 23 42 46 55 66 32 15 79 27 77 
32 57 38 53 31 66 43 11 77 69 52 67 9 65 34 62 50 70 55 71 73 68 74 61 12 63 60 58 13 17 44 16 29 35 78 22 75 39 20 10 51 54 5 79 76 24 14 36 56 33 46 7 3 49 64 19 48 23 27 47 45 6 59 37 21 80 25 1 72 26 2 4 40 42 30 28 41 18 15 
3 43 45 34 11 51 42 69 68 76 38 31 60 50 49 44 79 15 72 75 52 13 17 22 41 64 8 58 74 7 19 10 1 35 14 18 4 62 36 30 20 67 27 73 40 59 5 47 37 71 33 12 80 61 70 25 29 32 2 54 23 28 77 66 24 46 65 39 26 6 78 21 53 55 63 16 56 48 57 
67 13 14 23 71 78 75 72 59 6 41 30 26 1 8 3 15 55 18 70 43 25 35 16 53 60 66 68 54 21 62 27 73 11 65 76 51 61 38 24 46 7 32 36 34 2 42 47 39 45 19 79 69 77 29 56 31 28 48 64 4 12 58 20 40 80 22 50 57 37 9 49 17 74 5 44 63 52 33 
53 25 30 40 32 76 73 65 39 20 14 66 55 5 18 28 46 70 71 19 35 45 54 75 2 64 16 34 42 4 52 44 60 26 58 24 36 78 72 49 22 56 48 10 13 15 62 1 69 74 67 6 23 68 57 37 9 51 77 3 61 31 43 47 8 33 41 7 21 79 59 27 12 17 38 80 29 63 50 
9 69 34 5 24 16 15 38 70 61 57 21 27 13 52 45 73 43 35 14 23 39 11 33 56 76 2 74 28 66 4 10 49 22 7 50 65 3 31 26 58 19 6 40 55 29 62 42 79 25 32 47 80 59 8 53 78 60 54 41 37 30 1 46 17 68 44 72 67 63 75 48 20 36 71 64 77 18 51 
66 1 5 16 52 69 48 62 3 54 11 34 39 33 50 56 30 36 65 59 26 29 6 19 80 23 57 21 53 76 24 61 55 10 9 47 68 60 49 31 32 40 67 73 7 58 12 70 14 42 74 37 18 64 27 41 51 71 28 45 63 35 2 79 78 44 46 75 15 8 4 77 25 38 17 20 72 22 43 
62 49 24 16 34 9 44 21 20 10 77 59 61 69 47 36 22 57 80 48 33 53 40 30 3 46 32 63 42 43 8 79 73 39 67 78 26 4 11 31 23 6 35 68 28 75 17 27 5 70 55 64 45 38 37 52 56 76 66 2 13 71 7 72 15 50 25 19 1 58 29 51 12 41 18 60 65 74 54 
70 31 23 77 11 56 1 8 55 67 73 22 68 18 71 61 42 40 21 51 17 52 49 29 20 64 36 79 6 5 34 48 50 43 66 78 26 76 47 14 57 13 80 46 27 58 25 63 72 32 74 41 45 2 75 19 44 35 37 30 39 10 7 53 69 59 38 3 9 12 54 28 33 60 65 4 62 16 24 
50 47 7 33 74 68 75 73 49 76 4 67 14 6 60 24 12 2 30 5 31 79 46 72 35 22 39 65 58 28 13 71 53 45 40 25 57 17 42 19 27 29 66 63 20 8 26 21 64 36 15 48 69 80 9 37 61 59 38 77 23 52 44 43 11 32 3 34 41 10 55 78 51 54 56 62 18 70 1 
73 44 52 78 70 25 3 64 21 23 39 53 58 12 56 22 15 42 62 31 20 49 75 40 13 54 28 69 19 51 48 7 37 55 77 2 43 65 8 71 79 18 35 1 47 60 61 72 4 34 36 76 16 46 10 68 27 6 63 66 50 29 14 5 30 41 80 9 11 57 67 32 59 26 38 33 24 45 74 
80 53 37 56 73 10 70 52 39 8 49 44 30 45 29 57 65 58 35 47 27 19 74 6 20 11 34 31 21 66 28 67 32 48 33 13 72 79 76 3 68 12 62 42 41 23 2 71 15 78 61 26 43 77 7 25 60 1 40 14 75 54 63 51 22 38 50 24 69 5 36 9 16 59 4 55 17 64 46 
59 34 71 43 23 52 64 22 21 80 56 12 35 40 47 74 7 1 37 69 13 46 15 16 29 54 42 63 33 60 27 18 39 75 55 31 9 3 20 45 5 66 77 44 53 38 62 10 14 32 48 76 58 41 49 25 17 72 36 11 67 2 8 30 73 6 51 68 26 65 57 28 78 50 70 79 61 24 4 
32 9 36 65 15 30 77 51 5 37 11 26 2 41 73 71 53 54 57 40 24 44 13 38 17 66 48 58 72 62 61 14 80 10 7 29 49 64 18 45 16 74 75 28 46 50 23 59 55 47 42 67 60 39 63 25 19 22 34 76 69 52 1 56 79 35 78 31 33 3 12 8 6 21 68 27 43 70 4 
11 54 68 44 48 39 67 60 16 1 8 42 15 2 49 22 77 55 23 10 46 78 62 26 50 34 75 31 28 59 73 61 6 66 33 14 35 5 74 37 25 72 29 58 53 80 36 70 17 56 3 76 40 45 69 71 20 4 27 79 52 7 65 43 41 63 9 51 24 57 47 30 12 18 19 64 38 32 13 
79 30 38 74 77 37 46 51 34 33 73 61 55 43 54 23 48 70 50 3 11 53 44 18 20 15 71 5 78 39 25 14 1 10 67 62 64 9 31 45 13 4 68 69 80 52 76 35 12 59 16 17 8 58 75 72 36 27 19 32 29 7 66 49 41 63 60 57 2 28 6 40 42 26 24 56 65 21 47 
1 43 34 31 76 5 33 29 35 48 22 63 79 59 37 58 80 67 27 42 64 10 54 36 3 2 9 77 52 68 21 56 18 73 55 65 41 11 17 75 60 38 51 32 69 26 45 15 70 47 39 66 14 13 57 6 62 12 72 44 7 50 49 20 16 4 61 28 40 53 78 25 46 30 24 71 19 74 8 
27 71 77 29 47 20 75 13 23 66 8 1 56 46 48 44 38 58 53 73 25 51 35 10 40 52 67 74 60 17 54 4 18 41 26 16 61 6 11 62 28 15 31 9 79 43 45 50 7 69 14 5 63 49 37 72 80 76 39 32 68 57 3 78 22 70 19 36 42 2 55 33 64 12 30 21 34 59 65 
45 48 64 18 31 35 23 73 51 58 66 50 5 72 14 6 71 54 3 70 43 56 63 74 44 65 76 41 62 52 40 68 13 49 69 30 67 28 53 10 47 7 27 2 38 29 46 17 21 4 61 57 37 79 78 32 26 11 77 42 59 55 34 20 15 24 36 1 12 39 16 75 22 33 8 80 19 9 60 
31 32 10 15 73 62 38 51 52 44 29 19 47 1 36 55 27 67 2 25 63 74 58 11 18 79 22 9 12 14 56 69 40 59 13 49 3 23 41 46 45 75 64 39 37 42 65 8 72 30 57 66 61 70 34 78 77 35 7 24 80 6 50 76 68 17 54 4 33 71 5 16 20 60 28 48 53 21 43 
71 68 39 41 36 33 65 2 57 80 59 73 76 66 63 3 15 47 70 32 46 11 44 64 45 34 31 30 1 23 53 77 16 9 14 52 4 24 20 29 69 55 58 61 79 43 6 56 37 51 21 62 25 7 26 35 18 10 17 8 13 78 54 38 67 72 48 19 75 74 12 49 28 42 22 50 40 5 60 
27 20 22 14 52 15 78 80 74 50 5 40 70 37 69 6 75 71 68 13 9 24 48 35 58 19 64 72 30 33 41 8 43 62 11 46 39 63 10 7 66 47 23 79 67 65 45 76 73 31 18 36 60 38 49 3 32 53 44 2 4 59 61 25 12 17 16 34 26 57 21 56 1 51 55 42 29 77 54 
79 66 70 7 75 21 14 53 36 60 13 80 47 61 25 30 35 72 58 78 6 40 56 12 32 4 17 33 43 48 27 59 20 74 37 38 71 52 69 77 34 39 55 23 18 22 16 3 42 2 44 28 46 51 64 68 1 57 11 31 15 49 5 8 10 9 62 67 50 63 19 24 26 73 65 54 45 76 41 
75 10 23 58 70 36 72 26 4 18 5 3 16 76 57 61 20 38 22 1 71 27 48 40 13 33 11 69 8 60 17 56 47 79 6 74 21 78 43 49 19 41 73 39 44 35 2 65 55 37 32 15 63 68 52 77 66 80 42 24 67 12 53 31 7 62 54 46 29 25 34 64 45 9 51 59 28 14 50 
61 54 3 77 27 32 13 16 37 63 75 55 53 48 30 9 11 25 12 68 6 56 20 80 57 28 23 52 66 72 79 51 78 2 14 42 40 64 29 35 62 39 59 45 49 71 4 41 17 24 73 65 58 22 74 1 10 15 26 60 19 7 34 47 67 33 46 76 5 36 8 70 21 44 69 43 50 18 38 
55 49 21 36 24 54 40 63 34 22 11 39 47 8 16 53 75 43 80 61 18 74 42 10 46 48 9 67 62 72 58 64 66 29 20 31 59 14 50 33 12 37 44 51 25 13 1 15 17 73 76 19 7 35 68 77 70 52 30 4 45 71 23 5 41 57 79 2 3 27 65 28 60 26 78 6 56 38 69 
65 76 11 63 12 41 35 52 14 67 20 75 1 56 9 55 72 8 27 25 53 71 40 80 50 26 44 32 61 21 2 58 7 66 15 78 6 16 79 70 36 69 42 30 38 45 54 46 4 47 31 49 24 29 17 74 34 19 37 68 18 60 51 59 5 28 57 73 62 23 77 10 39 64 43 3 48 13 22 
72 16 9 18 80 76 50 61 37 4 78 14 35 10 64 25 56 45 3 67 15 74 68 65 27 51 24 5 59 22 55 21 60 36 53 69 54 52 20 38 57 46 29 75 77 41 8 79 39 30 43 13 12 23 58 63 2 66 1 42 48 70 40 19 44 6 26 49 33 11 28 62 73 17 47 7 32 31 71 
39 12 10 2 31 46 16 32 23 76 72 42 41 69 50 67 8 45 54 66 17 79 48 40 71 33 28 58 61 20 49 11 14 36 60 62 55 44 3 1 9 25 21 63 27 65 56 74 24 7 78 64 22 73 70 19 75 29 34 5 53 38 57 4 6 43 51 26 15 68 18 59 77 30 13 47 80 37 52 
1 17 74 79 23 44 34 12 25 58 53 64 75 71 28 70 41 5 19 39 52 43 9 4 16 15 40 63 42 59 62 51 13 29 10 72 2 73 55 47 14 60 20 31 77 66 27 11 49 57 8 61 45 30 24 3 48 76 33 26 69 6 50 54 46 35 37 68 65 32 56 21 7 67 38 78 18 80 22 
79 6 26 72 60 75 16 33 77 57 71 48 53 39 69 76 1 44 3 47 67 34 14 22 65 15 73 35 27 49 29 43 61 25 80 52 41 11 18 5 2 32 9 59 13 55 24 68 7 58 8 21 66 20 64 45 10 51 63 70 17 28 50 30 78 12 62 46 74 40 19 31 23 38 42 4 36 56 54 
43 41 50 57 12 11 62 47 33 56 6 65 53 36 76 55 8 4 14 7 10 29 34 75 63 68 28 70 15 66 49 30 17 39 54 52 78 69 48 73 42 9 2 79 25 21 77 23 35 19 37 20 74 22 61 16 67 13 58 40 27 24 72 44 80 51 59 3 31 5 64 32 46 1 26 18 60 45 71 
78 16 53 11 30 42 6 62 77 40 38 57 5 68 50 56 67 25 59 1 74 15 8 29 73 60 76 27 23 36 12 19 32 41 31 69 55 9 71 14 21 64 43 7 46 35 22 18 65 66 13 28 75 45 70 48 72 33 79 52 47 17 61 4 44 37 54 20 34 10 58 3 26 2 51 80 49 24 63 
16 66 41 51 53 38 8 25 62 47 24 72 26 76 39 29 13 64 10 33 42 35 31 27 49 73 44 4 63 6 34 7 23 58 65 55 45 60 1 21 37 18 61 71 28 48 52 30 43 75 17 70 46 22 15 57 68 54 80 20 14 74 9 19 79 56 3 36 59 77 2 5 32 12 67 69 50 11 78 
68 66 52 33 22 9 11 37 13 45 3 35 20 77 10 31 55 79 48 78 27 6 67 38 7 4 23 43 5 30 62 54 64 36 69 71 74 19 53 56 50 60 46 65 70 61 25 63 47 40 26 2 42 8 75 39 32 17 14 34 15 24 44 76 73 18 12 57 29 16 59 21 72 28 58 1 51 49 80 
67 60 40 16 65 80 1 33 43 10 59 28 69 63 54 11 29 50 58 15 64 24 44 56 39 2 46 21 22 37 47 7 17 53 12 79 36 76 35 38 45 61 8 51 9 62 77 19 75 23 73 5 30 49 4 20 68 13 71 52 48 78 14 41 31 26 32 74 55 57 6 72 3 34 70 66 18 27 25 
66 60 39 70 68 15 32 57 50 54 53 61 23 4 10 67 36 73 8 18 64 20 59 1 9 51 78 69 74 56 14 44 52 77 30 6 35 21 45 41 27 2 16 48 38 63 65 75 28 71 5 33 49 31 42 12 19 24 47 22 72 79 80 25 7 62 13 76 3 55 29 26 46 58 34 11 40 17 37 
48 76 47 52 54 32 19 71 6 2 75 73 25 3 13 35 12 1 58 46 68 7 39 5 17 55 21 66 59 37 78 51 26 4 36 80 49 64 20 15 50 41 61 40 38 30 34 67 53 42 43 29 62 60 27 18 45 72 63 70 14 8 28 79 23 16 22 33 24 57 31 11 56 9 74 65 77 10 69 
12 23 71 35 11 33 36 1 76 49 16 44 14 15 73 77 46 4 6 30 20 32 62 50 34 80 66 26 72 69 5 56 53 22 2 37 48 64 70 60 65 40 9 54 61 63 24 43 21 38 17 67 57 8 25 55 41 19 42 27 29 75 10 7 28 31 79 58 39 3 47 68 13 74 18 59 51 52 78 
34 55 48 66 58 56 69 54 25 2 76 67 62 4 42 73 40 52 79 70 18 39 21 80 14 28 11 37 71 5 13 15 53 50 7 16 78 59 68 61 63 30 77 60 72 47 1 57 38 41 3 65 29 6 44 26 22 24 51 8 17 19 31 35 10 23 9 43 32 45 74 27 64 20 49 12 75 36 33 
32 1 22 60 6 58 19 40 21 66 2 26 28 56 77 17 49 61 55 62 80 43 33 46 31 24 73 79 78 65 64 7 69 76 67 37 71 13 70 14 12 9 59 42 36 23 18 34 48 39 16 25 27 20 35 30 50 57 54 11 52 29 4 38 3 45 10 68 53 15 75 5 74 44 8 63 72 41 51 
52 27 72 68 18 4 80 14 73 30 31 34 46 49 29 59 15 3 50 61 7 28 36 67 1 38 75 53 58 42 20 57 24 41 54 17 26 21 43 69 60 11 25 35 70 47 22 77 6 56 16 76 71 51 9 65 19 37 63 66 45 78 62 79 40 44 2 23 32 33 8 39 13 64 12 5 55 74 10 
57 12 53 19 50 79 72 32 71 43 73 7 24 10 14 78 55 28 80 66 31 68 41 11 5 56 52 37 4 39 3 51 16 58 22 64 36 18 21 74 59 63 54 47 25 23 60 69 48 15 34 42 67 2 40 61 33 13 44 62 8 20 45 26 70 46 30 65 6 27 29 76 1 38 35 77 9 75 17 
22 27 14 68 39 26 58 71 57 2 78 73 5 64 63 61 49 15 70 72 51 69 62 54 35 18 46 12 40 76 47 10 3 56 11 43 30 19 52 6 13 74 31 25 66 65 34 41 32 67 21 24 42 28 59 7 17 44 8 20 1 45 77 55 75 38 53 9 23 48 79 80 60 16 29 33 4 36 37 
60 78 42 17 45 61 49 47 27 77 3 46 71 44 55 64 6 7 76 43 1 20 32 52 34 41 48 11 57 21 8 53 15 67 69 38 58 70 50 28 39 14 33 4 59 31 63 9 37 29 80 23 13 26 35 12 25 56 72 19 10 24 16 62 74 18 75 65 30 2 66 79 54 73 68 22 40 36 5 
47 12 14 35 43 10 11 41 33 3 78 72 26 22 19 54 67 77 38 2 17 4 79 70 30 23 55 28 53 21 16 51 24 65 32 66 68 5 63 29 40 58 61 49 34 18 74 8 46 37 71 1 31 45 36 42 60 62 13 76 50 75 15 39 25 57 27 44 64 56 48 7 9 59 80 69 20 6 73 
36 69 19 70 12 72 24 76 44 26 48 10 6 7 20 80 25 1 38 16 27 34 51 71 61 56 23 8 21 49 28 74 52 37 32 68 55 79 57 59 18 35 14 33 39 50 46 73 3 67 66 62 31 40 64 63 60 5 15 77 11 41 4 29 22 78 45 43 75 65 42 58 2 9 17 54 13 47 30 
63 60 32 21 23 33 28 31 66 18 3 56 67 48 46 14 47 65 57 9 35 24 7 77 26 8 22 53 50 72 39 51 76 79 15 36 61 42 30 68 16 12 17 37 29 6 34 45 5 10 11 52 19 71 78 70 73 13 20 59 49 64 2 1 69 80 62 58 4 38 40 25 74 75 27 43 44 55 41 
44 6 74 46 73 75 51 64 69 9 77 39 67 25 2 19 52 1 47 11 26 79 54 21 36 59 16 50 33 23 49 37 61 57 3 38 76 30 4 66 29 65 7 70 20 27 72 68 60 13 22 53 43 35 10 56 12 28 58 32 71 48 34 24 45 8 17 18 78 5 41 15 42 63 40 14 80 31 62 
73 54 28 77 14 17 60 9 16 4 5 2 37 19 79 44 42 10 57 25 64 76 59 71 47 67 27 45 15 78 13 68 50 38 30 8 74 34 3 33 66 48 23 41 62 32 72 24 51 12 46 70 20 35 52 7 40 1 36 11 80 65 69 53 39 18 58 75 6 43 21 61 63 49 31 22 29 26 55 
69 80 3 52 35 47 49 36 56 61 8 60 75 51 31 26 25 50 1 64 11 7 34 27 18 62 38 55 46 17 59 21 13 78 33 22 67 14 45 23 58 15 65 37 40 43 9 66 70 20 42 79 44 29 41 6 68 16 19 5 32 4 12 39 53 63 48 77 2 73 10 76 28 30 54 74 24 72 71 
76 37 14 13 80 56 50 36 5 61 17 25 43 22 4 79 9 16 3 69 72 15 52 64 39 7 66 11 71 62 19 54 65 75 23 20 6 29 67 32 10 12 2 45 34 42 40 8 27 26 21 31 18 49 38 48 59 70 1 33 28 74 78 35 73 41 57 60 51 47 68 55 63 24 53 77 44 46 30 
78 41 28 7 16 75 72 52 8 55 34 4 37 2 61 57 17 66 43 18 11 60 70 15 80 23 9 24 20 21 6 26 64 76 5 71 68 56 39 49 32 12 27 58 79 10 3 67 22 54 14 53 25 46 19 1 69 42 29 44 74 65 48 62 30 50 13 63 40 51 77 45 35 31 33 47 38 73 36 
74 40 24 38 7 36 34 54 9 70 51 37 21 55 63 22 67 25 8 17 26 4 16 29 45 14 69 20 47 71 56 41 79 64 33 80 39 48 18 62 3 30 43 2 6 49 46 73 35 5 23 77 12 61 31 65 66 27 52 28 42 58 59 68 57 10 13 19 75 32 76 1 11 53 78 44 15 72 50 
80 36 54 20 42 49 74 14 39 24 41 58 60 27 37 16 19 2 78 67 66 52 18 22 76 55 70 33 6 48 45 68 10 15 26 79 3 53 57 65 44 13 4 21 35 62 11 75 69 31 50 71 5 23 28 47 32 43 9 29 72 34 46 1 51 59 38 77 40 73 56 8 17 7 63 64 25 12 30 
77 66 70 31 4 7 63 54 64 1 59 65 79 71 49 22 45 67 36 2 58 9 12 61 35 24 75 69 33 13 37 16 57 43 78 68 30 34 29 72 41 23 5 73 50 38 53 21 26 48 18 28 76 3 6 11 17 47 10 8 74 15 19 27 44 46 60 32 40 14 56 25 42 39 20 52 51 80 55 
2 1 69 25 9 67 61 32 48 27 76 65 60 33 5 75 14 13 30 22 26 70 66 72 80 50 74 73 44 47 38 49 40 52 53 35 10 24 58 54 19 59 34 12 28 15 18 62 79 17 16 41 31 78 68 6 56 77 42 46 71 51 21 37 29 55 64 8 23 36 11 39 3 43 4 45 57 7 20 
22 73 21 76 46 54 1 61 7 67 60 4 41 77 20 44 74 18 75 37 27 9 71 5 66 17 23 78 49 29 10 80 24 16 8 39 62 42 70 48 14 52 19 40 53 50 57 55 33 11 72 28 56 38 43 26 31 15 63 3 45 13 34 65 68 51 69 32 6 35 2 36 79 59 47 25 12 58 30 
19 50 78 9 74 46 70 40 13 31 61 35 55 75 47 37 80 48 36 41 56 52 1 20 21 33 72 29 34 58 60 8 7 71 5 79 17 53 66 62 57 43 6 27 68 18 76 26 32 64 51 16 4 12 38 23 3 30 2 59 77 39 54 28 14 22 24 63 25 67 73 15 10 42 45 69 11 44 49 
16 6 7 36 15 19 12 31 40 5 61 78 30 43 67 4 75 41 72 80 26 14 70 27 69 57 38 73 23 76 77 79 58 42 13 71 65 22 9 47 8 24 52 28 49 2 20 25 29 34 68 33 18 3 64 62 50 44 11 74 51 60 17 56 59 63 37 53 54 1 48 39 46 35 32 10 55 21 45 
23 72 24 38 80 73 5 55 54 19 8 77 40 32 74 61 41 68 56 52 34 25 50 36 15 11 39 63 29 26 37 79 59 44 12 21 16 70 35 65 49 14 57 45 27 2 18 6 60 62 20 4 7 1 31 64 43 28 30 78 76 47 66 75 69 17 46 51 53 42 3 22 33 71 58 9 10 48 13 
41 75 67 46 44 28 64 36 39 2 45 15 29 12 27 58 14 53 1 43 51 9 60 31 5 19 7 47 74 59 56 25 17 13 40 78 48 66 8 65 62 76 23 21 10 52 33 69 80 26 30 38 22 35 37 20 32 54 11 42 16 71 6 70 61 24 49 63 4 72 57 77 3 55 73 18 50 34 79 
67 25 43 36 42 24 39 28 16 65 55 17 14 22 60 27 58 56 38 33 63 47 57 6 30 11 48 54 31 77 21 62 40 72 9 41 44 53 61 46 68 75 34 4 15 76 35 2 29 70 78 71 66 52 13 51 10 5 37 80 1 59 50 7 18 20 19 12 64 79 74 45 23 26 49 32 8 3 73 
16 21 31 24 53 45 80 6 14 48 62 15 66 8 28 7 77 2 38 67 35 49 30 27 23 18 63 40 59 73 75 54 20 78 46 25 39 69 56 17 58 68 34 42 3 12 65 51 1 61 9 5 44 36 11 71 74 50 55 60 43 76 41 4 47 57 22 10 64 37 26 19 52 29 33 79 32 72 13 
14 37 58 46 76 52 59 22 62 44 60 75 55 47 35 31 54 21 39 65 78 11 6 64 40 57 24 72 2 34 79 45 38 17 29 43 48 7 13 12 41 1 18 25 19 3 30 33 67 80 61 53 63 77 73 70 74 32 4 69 27 36 51 5 50 20 15 49 9 28 8 42 23 56 26 16 66 68 10 
18 32 39 71 66 24 53 1 10 50 6 28 38 80 25 9 43 74 63 20 11 45 57 62 42 76 49 29 12 37 2 22 33 23 51 46 52 31 8 7 56 77 48 69 14 16 35 79 27 61 78 47 40 67 41 15 59 68 30 65 44 54 13 21 17 73 64 26 4 55 19 70 60 36 58 75 34 3 5 
7 51 38 32 18 13 5 48 2 8 56 28 52 66 63 67 14 72 20 12 60 39 64 36 70 23 45 62 61 42 68 1 4 34 30 79 27 22 78 44 37 58 53 57 59 15 69 16 21 46 19 50 55 49 41 6 17 65 9 80 35 71 29 11 76 10 24 31 43 26 25 47 54 40 75 74 3 77 33 
8 69 14 56 43 3 63 20 68 50 57 33 21 16 53 79 6 46 17 59 15 10 80 75 34 72 35 30 25 29 4 18 32 71 54 61 49 60 19 62 76 47 55 7 9 51 36 13 66 39 77 65 26 73 67 64 1 40 70 2 12 27 45 58 28 42 52 78 11 31 5 38 48 41 24 37 22 23 44 
40 31 23 20 16 18 27 29 3 25 45 79 34 19 32 51 64 12 54 76 17 57 28 6 10 22 63 55 58 26 36 14 52 59 80 5 71 66 56 38 65 2 15 62 46 61 68 8 77 37 33 44 49 11 78 74 9 1 69 39 70 72 60 35 48 4 13 50 73 53 21 41 67 30 47 43 7 42 24 
49 37 17 77 29 23 57 74 80 78 14 75 27 6 26 16 5 53 22 56 62 21 54 11 71 2 69 1 12 70 65 30 42 59 55 20 45 60 41 47 39 73 19 18 61 31 9 43 67 33 36 63 46 50 3 79 52 34 13 35 44 40 10 24 8 68 48 15 25 7 4 64 38 32 51 58 72 66 28 
57 64 41 20 31 15 3 51 71 55 58 49 24 40 33 1 18 52 12 13 72 76 4 21 37 47 48 8 50 17 79 27 67 42 61 44 9 45 66 62 80 36 38 30 28 35 75 34 78 59 23 69 54 63 46 73 6 10 65 11 60 70 74 43 53 26 56 14 16 7 68 2 22 19 29 5 32 39 25 
23 65 28 67 31 19 39 35 60 15 61 10 7 72 1 22 74 4 9 64 59 54 18 40 2 41 55 79 8 25 63 62 30 38 50 48 27 32 3 37 49 24 52 36 47 29 69 66 17 43 58 5 56 21 70 14 68 20 12 42 51 76 57 11 71 33 13 77 46 80 6 44 75 26 34 73 16 45 53 
57 72 71 28 33 15 42 21 30 40 61 10 50 9 68 67 47 52 62 38 70 24 77 78 46 55 63 6 25 64 8 2 7 27 37 75 65 22 19 26 13 39 76 69 56 5 73 4 29 41 53 74 35 54 17 51 3 80 43 32 34 44 66 18 60 12 31 23 11 45 14 59 48 20 16 49 1 36 58 
18 32 20 46 79 6 59 14 64 78 19 23 57 1 22 4 8 55 73 26 53 41 50 9 27 43 38 48 72 7 51 16 75 68 33 13 66 21 63 24 5 30 74 42 60 49 28 77 47 31 40 52 67 34 35 36 37 45 29 17 11 54 58 39 71 10 62 56 3 15 2 44 25 65 69 70 12 61 76 
