80
59 58 22 13 69 31 74 38 60 5 29 46 12 52 36 44 9 50 2 19 75 72 26 10 80 47 35 77 21 20 66 41 78 49 24 17 23 42 34 73 6 11 25 32 15 45 39 62 54 8 4 18 63 56 27 70 16 48 28 40 68 53 33 71 64 43 3 37 57 65 14 61 76 55 79 7 67 51 30 
17 58 66 80 70 46 27 6 21 14 75 34 15 8 16 40 50 45 60 37 33 44 25 38 20 1 42 51 19 56 9 55 54 49 29 18 12 62 39 59 28 76 67 68 11 71 57 41 43 13 4 5 26 31 32 47 7 74 65 30 22 69 73 53 36 35 79 23 72 77 48 3 61 52 63 78 10 24 64 
58 35 70 72 64 77 48 40 57 37 34 71 15 44 78 66 47 54 41 31 25 73 2 55 42 49 23 17 24 75 59 50 6 38 52 9 29 26 33 11 63 80 1 51 67 20 32 5 13 8 68 30 69 43 79 56 61 18 76 7 62 36 45 16 74 21 22 53 27 28 10 46 14 39 19 12 60 65 4 
45 65 29 58 39 44 30 59 53 49 72 25 67 75 62 31 22 2 18 70 63 54 16 19 64 48 36 76 34 38 35 51 55 73 33 47 27 52 15 17 79 56 11 42 60 28 37 5 57 1 23 68 46 21 80 26 12 9 8 61 77 10 78 13 6 40 71 74 41 3 24 50 7 43 69 32 20 66 14 
1 55 29 20 36 60 35 52 51 62 46 34 54 23 2 7 64 8 14 44 18 74 37 79 72 69 26 53 41 50 25 57 40 63 48 68 71 39 12 3 73 4 19 77 47 42 43 59 38 45 67 27 30 21 22 16 32 33 65 11 56 13 15 75 58 10 49 6 76 80 28 78 31 61 9 70 66 17 24 
40 52 45 35 36 33 70 80 67 19 21 42 64 3 73 27 54 72 7 44 69 53 30 28 74 68 16 38 37 8 26 12 13 4 57 25 51 39 46 24 2 5 49 9 10 34 58 14 29 20 66 18 11 59 79 32 43 60 48 63 55 78 65 62 23 77 75 31 71 61 22 17 15 1 76 56 47 50 41 
70 16 1 56 73 55 22 13 72 49 47 58 45 48 57 15 54 79 34 41 10 23 65 74 4 69 50 33 2 26 29 32 21 52 67 42 36 77 64 18 3 31 60 20 38 28 9 5 35 17 14 27 8 43 6 62 37 12 11 76 30 71 59 66 61 44 75 25 39 63 46 51 53 40 24 80 78 19 68 
78 2 35 36 4 3 54 17 31 40 52 62 48 58 41 21 50 68 72 19 55 6 67 43 46 32 77 70 44 30 71 12 20 61 39 53 18 15 16 51 28 49 5 57 60 23 14 63 59 38 47 9 73 7 42 45 11 76 27 74 13 75 80 10 29 26 66 56 24 1 34 22 37 33 79 64 69 65 25 
56 17 62 26 52 16 73 30 58 74 1 3 33 31 23 34 22 32 38 66 79 18 10 49 65 4 70 11 59 29 15 42 20 80 35 55 6 12 44 63 24 64 5 40 39 48 13 8 78 72 37 28 57 53 25 51 77 7 21 76 2 41 54 47 50 45 67 75 68 43 36 19 46 61 60 14 71 27 69 
11 6 58 74 31 42 50 36 52 59 28 23 2 15 48 21 20 45 17 8 46 67 51 14 35 25 7 38 66 43 69 29 70 37 27 72 53 16 61 63 40 49 76 60 71 57 24 33 34 77 64 26 5 1 22 79 30 39 75 56 32 12 3 65 73 19 41 47 13 4 68 55 62 54 78 18 80 44 9 
56 62 57 13 33 47 72 59 79 42 26 67 40 29 27 77 68 6 41 17 28 20 18 71 19 45 5 73 54 37 74 58 55 15 53 61 22 4 10 16 23 2 66 65 51 70 64 76 38 3 30 49 36 9 75 8 39 60 50 25 63 78 12 69 46 43 80 34 24 14 1 32 21 7 44 48 31 35 52 
27 8 30 77 29 69 75 42 23 24 52 39 14 40 48 45 50 71 21 3 32 5 61 35 38 62 26 37 73 25 64 74 66 16 79 28 15 34 31 59 65 68 4 53 72 9 54 67 49 63 55 6 60 46 22 51 17 70 11 47 57 43 13 18 33 7 78 76 41 20 80 36 10 1 44 58 19 56 2 
24 1 39 21 10 20 25 31 66 78 47 65 8 15 63 9 67 44 37 52 51 45 30 79 71 14 73 35 17 11 49 3 48 32 75 18 23 36 4 74 34 28 62 50 77 72 46 26 43 69 53 76 2 12 5 54 42 70 33 57 29 22 19 64 27 61 60 56 6 41 80 16 58 68 59 55 7 38 40 
12 60 51 68 28 59 71 31 13 2 43 61 32 75 26 56 4 69 80 29 45 40 34 67 44 16 42 21 57 76 6 38 18 64 10 7 77 49 72 46 24 66 48 54 19 27 25 36 53 22 39 15 79 52 17 5 41 58 11 30 23 63 3 65 78 47 70 20 62 9 1 55 8 50 73 35 74 33 37 
49 30 46 72 10 40 23 55 19 26 20 12 65 78 22 56 17 41 3 4 16 21 62 68 9 79 63 25 64 51 24 14 52 57 31 70 18 37 48 42 39 32 1 47 13 80 45 8 58 6 74 36 34 44 66 43 27 73 71 61 5 28 33 29 69 11 38 54 77 35 75 2 60 76 53 50 67 7 59 
66 48 67 15 46 11 61 62 71 80 56 60 52 57 36 37 19 4 6 78 77 51 75 13 64 22 32 21 70 3 14 69 54 17 2 27 29 79 63 49 41 12 44 68 45 26 20 10 35 23 33 43 72 50 53 55 31 25 28 18 7 24 34 38 5 8 42 59 73 9 76 47 30 1 40 58 65 74 39 
77 34 1 52 53 35 76 14 69 9 2 12 4 40 50 22 3 15 36 26 24 59 29 72 74 58 13 38 60 10 11 31 46 8 33 42 49 67 63 25 39 45 70 7 66 23 21 54 75 20 79 41 51 55 80 56 73 32 43 27 68 44 5 47 37 48 65 64 6 16 18 19 28 78 61 71 30 62 57 
34 44 56 58 39 1 68 57 17 67 19 35 64 69 7 71 21 65 51 66 8 33 30 60 12 28 29 11 45 70 16 77 25 54 53 61 26 72 43 13 41 37 38 59 14 55 24 9 76 4 32 15 75 2 50 73 74 62 47 63 79 48 5 3 80 78 23 42 22 20 36 10 49 46 27 6 31 52 40 
55 78 64 8 25 56 26 45 73 61 3 58 2 18 7 70 40 65 46 38 41 36 43 35 60 75 1 72 16 44 67 31 42 79 10 33 6 52 32 50 21 29 11 4 48 28 59 49 74 69 14 5 80 15 63 62 53 51 9 77 68 12 24 13 17 54 23 66 57 76 71 39 20 27 34 22 47 37 30 
9 16 18 63 23 2 19 66 59 58 51 60 76 69 15 48 35 1 67 38 32 47 36 11 73 34 26 78 80 62 12 52 71 17 64 25 77 75 70 30 74 37 45 40 43 42 79 27 13 54 56 14 55 7 10 4 72 5 41 31 49 28 8 21 33 53 39 68 22 29 65 61 57 3 46 44 6 24 50 
19 47 33 20 12 61 24 64 38 58 42 50 10 71 53 72 30 54 40 5 3 27 65 46 62 44 9 74 79 76 4 35 26 41 34 59 36 75 32 17 1 28 23 18 11 16 49 77 31 22 43 73 14 15 7 6 37 2 8 39 63 69 52 51 55 80 48 25 67 13 78 57 60 56 68 70 66 29 45 
51 69 50 71 80 3 30 77 14 10 78 31 29 64 1 55 75 34 32 41 16 19 42 2 18 72 5 39 53 49 60 20 74 46 21 8 17 43 47 59 24 12 40 70 37 57 6 27 63 58 11 52 56 9 26 66 36 76 4 33 79 65 62 28 7 67 13 61 23 38 35 44 73 45 68 48 25 54 15 
61 73 50 57 45 77 22 9 25 7 2 1 27 40 26 54 6 14 63 66 41 11 53 75 43 20 28 37 5 32 4 17 71 48 10 59 36 39 79 47 15 74 19 72 76 18 51 30 34 49 42 33 24 56 55 58 13 29 46 31 44 69 21 62 64 67 65 16 60 70 68 8 38 35 52 3 12 80 78 
40 2 25 3 30 18 78 16 10 53 80 35 55 5 45 59 8 43 42 46 12 58 47 39 64 62 4 61 26 15 38 21 75 54 48 22 34 7 77 27 28 44 72 63 41 69 20 11 70 13 31 1 6 56 65 68 29 23 73 60 9 37 71 74 50 79 51 76 32 33 66 36 14 19 57 52 17 49 67 
40 49 57 30 23 80 77 66 38 39 45 11 55 8 59 60 43 76 19 27 6 5 24 22 34 69 73 47 12 78 71 13 46 52 54 31 16 68 32 41 50 63 35 51 61 48 15 64 75 58 74 42 2 29 65 18 33 37 67 26 10 28 1 17 20 70 14 7 62 79 56 44 9 21 36 53 3 72 4 
80 67 32 50 10 5 6 58 42 13 77 8 30 54 53 71 51 49 19 39 1 31 59 52 15 11 12 28 20 45 7 4 34 72 62 17 24 60 16 66 56 2 57 40 68 14 44 47 25 27 37 33 65 41 18 22 69 23 48 3 61 63 21 75 35 76 73 55 9 74 36 78 79 64 70 43 46 29 38 
59 35 24 63 42 56 70 10 68 11 38 29 33 52 41 8 6 17 31 40 77 7 39 37 67 64 32 54 13 71 14 19 62 4 58 79 55 44 5 21 69 16 18 51 25 2 43 74 30 65 46 45 72 50 47 26 61 76 15 34 73 75 9 23 3 20 80 48 12 28 22 66 49 60 57 36 78 1 53 
68 78 6 5 44 25 20 42 8 72 65 50 73 11 75 29 79 49 40 12 30 21 45 47 26 55 76 43 48 31 33 37 61 71 22 77 2 58 46 67 35 16 4 51 53 52 23 17 66 1 39 14 80 24 18 34 7 10 36 27 41 62 60 63 59 69 15 38 9 57 64 3 54 13 70 74 19 32 56 
58 73 79 51 69 56 68 18 31 43 13 64 63 53 44 23 38 5 11 10 65 72 24 36 55 28 54 67 66 1 12 59 78 33 75 52 49 19 7 6 41 27 15 39 16 71 50 62 70 3 61 2 35 4 57 45 40 80 37 20 32 42 46 30 76 34 74 17 14 60 77 22 8 21 9 47 25 48 26 
78 72 79 20 27 26 56 66 67 61 52 58 12 71 64 14 37 45 9 65 70 41 69 39 68 28 11 19 8 10 50 47 2 4 77 74 44 22 34 24 75 59 36 51 57 13 1 53 5 80 62 25 48 17 43 55 16 18 35 23 7 76 60 38 40 3 33 32 15 63 46 31 29 73 21 42 54 49 6 
22 7 53 32 79 17 26 13 73 61 16 68 8 42 36 44 21 45 75 5 24 47 41 66 27 11 3 51 71 29 6 38 54 62 49 67 78 48 57 58 76 20 64 30 70 25 12 34 52 18 23 43 77 1 56 59 2 9 69 37 28 14 33 74 80 4 35 60 72 55 46 15 39 63 50 40 19 10 65 
58 65 24 54 56 1 48 35 68 14 21 80 39 34 78 7 15 72 37 31 28 79 12 57 2 61 77 43 73 45 59 60 44 16 33 4 50 76 17 5 36 64 40 18 42 29 51 3 30 13 22 11 71 38 67 19 46 63 52 26 10 27 70 62 49 25 41 9 66 23 6 74 69 47 75 8 20 55 53 
69 51 46 5 15 10 55 61 34 71 18 26 4 64 63 28 78 57 37 35 1 12 9 23 73 47 48 2 41 11 8 62 39 52 59 49 16 22 53 45 20 54 65 24 43 44 56 31 74 6 7 80 66 17 60 13 32 42 72 3 27 75 36 68 76 40 79 70 38 19 67 58 14 30 77 21 25 50 29 
46 57 39 49 16 10 22 38 77 3 69 32 48 74 40 25 75 78 66 27 14 7 73 37 76 35 15 23 21 63 70 71 56 61 29 18 55 52 68 59 26 64 13 42 6 80 33 2 58 50 28 44 12 60 1 8 19 72 4 36 41 53 65 54 79 24 17 62 45 5 20 43 11 9 30 51 31 67 47 
31 43 76 34 15 57 8 46 22 44 26 27 71 51 65 2 33 37 3 7 40 29 63 48 17 42 79 62 1 41 73 45 10 64 30 58 13 53 78 38 11 80 60 75 56 5 21 36 55 52 14 67 12 68 39 23 16 77 70 28 18 50 24 32 61 19 49 59 25 20 9 6 47 69 72 66 4 54 74 
54 71 52 6 16 58 63 31 79 32 27 70 64 72 45 47 49 37 69 39 19 8 18 28 48 51 24 62 53 76 1 43 4 5 26 67 77 7 74 12 30 35 21 61 66 3 34 57 75 20 41 33 15 17 46 29 80 14 55 25 50 9 11 2 23 22 65 73 60 68 40 78 44 13 10 56 38 59 42 
65 45 15 61 58 8 78 80 33 23 50 56 24 76 53 60 11 46 1 34 32 36 22 26 66 14 38 17 55 3 25 79 72 5 68 49 48 12 21 73 63 75 35 29 42 71 39 62 27 40 51 9 64 70 18 31 43 41 59 77 57 16 52 69 30 6 13 44 19 20 74 28 47 67 7 10 2 54 4 
55 12 10 32 68 78 5 26 18 8 56 43 46 34 35 21 14 73 41 29 76 70 63 4 2 75 17 53 64 36 69 62 39 9 6 72 61 31 44 59 15 57 60 27 45 80 58 19 51 20 74 7 22 65 54 40 42 49 25 77 33 79 30 23 71 1 50 48 13 11 16 47 3 24 28 66 67 52 37 
30 20 73 10 68 9 23 59 34 80 16 74 36 13 14 70 28 62 78 4 49 41 56 17 64 6 12 22 50 60 42 51 32 33 37 77 76 61 18 5 43 72 38 11 46 57 66 47 48 27 53 75 45 35 79 63 21 15 7 19 44 69 1 52 2 54 26 67 40 55 25 3 24 31 29 71 58 65 8 
28 5 45 7 26 35 70 2 15 4 42 29 65 41 49 36 61 68 31 46 39 21 75 44 13 64 22 27 9 1 37 77 78 3 23 58 59 72 67 80 79 51 50 53 30 71 10 47 32 25 52 73 16 56 57 6 18 38 12 20 17 43 14 48 11 69 63 8 74 66 24 62 55 60 19 76 34 33 54 
13 12 25 24 11 6 19 30 39 33 74 32 69 37 58 77 26 18 1 61 51 55 42 65 47 14 10 36 72 80 29 16 31 71 21 23 4 44 34 7 73 27 53 59 35 45 79 67 50 20 57 46 75 15 38 3 76 66 78 70 9 64 63 17 43 52 28 2 22 56 54 40 60 48 62 5 68 8 49 
5 69 18 11 27 17 35 20 22 51 16 80 19 65 34 3 72 39 50 30 60 73 6 76 43 31 48 61 78 47 10 37 77 44 54 58 68 64 40 53 41 7 55 75 49 26 1 46 59 13 79 23 66 24 21 56 8 33 36 25 15 62 71 14 70 45 4 9 32 67 12 28 52 74 63 2 57 29 38 
22 9 25 67 32 59 66 29 23 54 37 24 45 62 73 11 42 76 63 20 55 71 41 51 31 47 28 72 69 3 61 65 12 4 15 13 56 5 14 49 27 48 8 33 21 40 64 68 44 6 58 79 7 75 52 78 57 19 60 1 35 80 46 50 53 30 18 26 36 74 34 38 2 16 39 10 17 77 70 
15 74 40 52 37 56 57 39 16 70 66 72 19 43 20 69 2 25 28 31 38 4 18 46 9 47 71 27 49 21 3 76 50 29 51 45 73 24 77 61 63 33 8 42 23 67 1 32 30 5 55 53 6 17 41 36 13 64 10 75 60 80 62 48 34 79 26 78 35 59 22 11 7 14 68 12 54 58 65 
24 10 1 51 37 13 57 5 58 6 66 33 70 67 23 44 40 74 47 9 12 32 35 30 7 38 21 42 64 2 72 27 22 8 17 76 46 15 52 75 68 77 3 29 31 36 53 49 63 14 56 18 80 19 69 59 61 43 73 48 41 55 62 78 16 34 28 39 60 20 4 50 71 54 79 25 11 26 65 
56 26 77 63 22 67 35 45 70 50 5 12 69 40 38 47 41 33 13 7 80 10 58 9 4 51 61 78 73 23 75 15 76 11 30 68 62 31 55 72 14 16 59 71 44 79 21 53 43 66 29 24 32 19 25 17 48 37 1 20 6 39 18 64 57 8 2 34 74 28 65 36 60 52 27 3 54 42 49 
31 70 76 68 29 23 10 67 60 19 36 16 55 28 11 63 51 38 24 14 77 61 64 7 4 49 50 35 3 12 33 65 6 9 43 34 20 52 27 48 18 46 79 15 56 80 73 30 45 42 75 53 78 71 32 74 66 62 2 72 17 59 21 57 69 41 25 40 54 58 26 22 8 13 37 1 5 44 39 
51 65 10 1 52 15 41 59 30 7 60 55 5 62 4 63 2 38 78 17 35 49 71 12 22 14 73 54 64 8 79 18 39 75 19 34 44 40 33 16 9 32 77 11 53 13 80 66 61 50 28 36 26 58 25 23 27 43 72 47 68 6 20 56 24 31 57 69 37 67 46 76 3 29 70 21 42 74 45 
43 72 19 59 9 6 30 64 60 8 16 73 52 58 5 15 61 62 67 47 56 45 27 12 53 78 3 10 54 50 33 69 31 65 46 80 11 28 24 21 76 42 66 55 20 35 79 7 51 25 13 70 63 39 77 37 40 4 17 22 38 1 74 44 36 26 48 32 34 41 14 29 68 75 18 2 57 23 71 
39 66 46 35 67 65 40 8 63 6 41 48 51 53 56 31 5 55 19 13 47 7 16 38 73 24 37 9 21 22 27 4 26 18 79 43 33 32 77 2 42 54 49 1 23 58 76 44 12 36 64 15 29 72 52 20 34 10 28 17 61 62 45 74 14 75 30 80 11 59 60 3 71 25 78 68 70 57 69 
54 45 12 3 63 58 6 31 44 42 41 27 40 4 71 8 60 35 36 23 21 5 79 26 17 2 34 46 48 72 57 73 62 53 56 66 13 50 37 24 78 11 61 30 22 74 49 16 47 43 68 77 29 80 52 69 20 39 14 67 33 32 55 38 7 15 65 76 18 59 75 64 1 25 9 10 70 19 28 
47 28 80 3 26 33 49 23 72 71 56 60 57 44 6 20 77 42 78 31 19 36 16 29 65 9 69 17 21 34 35 13 39 1 63 58 74 79 2 40 8 68 25 62 43 24 14 67 11 48 59 50 75 7 66 55 76 18 38 46 27 12 45 64 53 41 5 61 32 22 73 37 30 70 54 10 51 15 4 
31 73 61 21 37 2 10 70 24 45 1 20 62 49 44 30 13 67 26 50 46 4 57 7 35 72 15 47 68 11 64 5 25 6 28 59 75 55 51 23 8 14 77 18 38 33 3 63 39 71 41 9 79 58 78 42 65 69 36 74 40 56 27 80 32 16 29 66 17 60 48 54 22 19 76 52 43 34 12 
63 37 70 71 65 49 11 24 28 76 13 31 9 26 4 40 64 79 27 2 34 16 8 47 44 78 38 55 61 19 25 67 72 10 45 51 75 53 5 33 57 80 6 29 52 23 39 56 77 30 74 69 50 41 17 68 66 1 36 35 48 14 3 46 42 62 15 59 12 73 22 43 32 60 18 58 21 20 7 
37 18 50 8 69 29 68 49 45 3 78 2 42 74 21 75 61 57 36 46 79 6 73 48 70 62 31 47 20 33 23 9 35 5 64 27 56 40 59 65 58 10 30 54 16 72 51 66 38 28 17 71 34 67 44 63 32 53 76 39 43 41 80 14 4 13 15 1 11 26 7 25 24 19 12 77 52 22 60 
23 19 3 1 5 21 76 64 43 4 54 77 37 13 50 7 39 36 12 17 27 34 75 22 45 66 31 26 46 6 30 59 78 35 57 8 62 9 52 24 73 18 63 55 10 41 61 42 25 11 68 51 71 2 28 74 15 69 40 48 33 47 44 16 60 67 72 14 20 29 79 49 65 38 58 80 32 70 53 
26 51 54 33 7 19 11 27 55 36 16 42 47 46 79 75 78 49 29 18 59 37 17 25 41 53 24 67 66 43 76 30 64 61 60 38 23 70 62 40 80 72 69 68 44 14 21 9 12 28 65 50 8 15 56 52 3 58 77 32 31 1 22 45 35 5 63 73 39 20 10 6 2 74 71 4 13 48 34 
41 32 43 26 50 48 52 2 8 31 64 19 80 17 70 65 59 72 1 73 45 42 28 13 55 10 63 54 49 23 46 24 51 47 62 57 69 40 22 71 38 9 66 78 11 21 15 44 4 36 12 14 75 6 25 20 39 16 76 35 74 33 56 79 53 68 30 27 77 37 18 5 7 60 61 29 67 34 3 
69 10 26 9 30 12 24 54 44 18 62 73 36 7 63 16 76 67 39 65 61 52 74 3 58 56 11 2 66 64 49 43 50 13 53 21 72 75 29 68 25 45 78 14 70 22 8 23 51 27 40 5 80 46 38 79 37 1 71 15 34 6 77 28 31 47 20 35 19 57 41 32 42 48 55 60 33 4 17 
24 53 9 14 12 78 30 42 21 64 46 55 54 49 51 45 4 25 37 16 23 31 61 18 29 28 68 67 10 27 80 11 2 36 56 1 7 5 72 58 59 17 69 70 19 52 50 39 26 63 40 44 79 20 73 6 77 38 35 62 15 3 33 47 13 8 34 66 76 32 43 48 74 75 22 65 57 71 41 
45 38 27 41 22 5 79 77 80 57 75 65 54 10 60 31 1 21 19 50 47 49 3 55 74 73 35 12 67 58 36 33 64 18 51 11 34 9 8 39 70 52 69 76 30 28 42 66 7 59 63 6 32 14 25 43 72 46 78 16 48 29 56 62 15 20 37 71 17 24 2 13 53 40 68 26 44 23 4 
13 2 45 68 18 55 12 46 63 35 20 79 42 6 71 36 11 66 26 31 14 7 78 77 61 32 80 67 64 44 10 16 48 29 47 52 41 5 56 50 30 17 57 1 33 23 22 72 19 74 65 51 37 59 38 54 40 49 39 70 75 25 24 3 76 43 8 9 69 4 28 27 21 34 60 58 15 73 53 
19 5 24 52 37 59 32 72 80 65 21 4 3 28 9 43 15 50 30 29 33 6 70 60 25 27 74 57 56 47 12 41 71 45 77 51 61 31 79 53 18 44 69 2 42 49 35 13 73 54 75 67 10 68 22 62 16 11 20 23 36 1 17 39 55 58 78 66 26 76 46 40 64 8 34 14 48 38 7 
18 72 75 5 65 14 57 54 16 39 80 21 15 3 71 67 28 62 2 48 70 63 33 47 78 9 7 24 74 1 8 17 31 12 30 45 73 60 69 36 35 79 26 34 25 23 29 6 43 20 11 46 76 66 52 44 68 55 27 42 51 32 58 77 19 59 40 50 37 10 41 22 53 56 61 49 13 4 38 
57 23 74 18 72 32 4 79 48 71 75 61 54 67 43 73 62 25 14 22 19 77 50 27 38 21 1 31 45 78 11 5 7 8 6 10 52 58 35 36 42 13 30 49 2 80 20 29 41 76 17 33 3 55 59 51 60 69 63 24 44 9 28 46 56 40 70 37 34 12 64 68 53 16 15 47 26 66 39 
48 67 8 2 41 50 45 73 5 65 31 33 54 46 4 13 43 16 44 49 74 57 14 24 77 39 6 23 53 27 30 20 3 34 29 22 51 7 75 15 58 72 11 26 80 10 55 25 79 42 18 21 40 69 38 52 60 64 36 71 17 63 59 61 1 56 68 9 62 12 35 70 19 37 28 32 76 47 78 
62 21 68 22 32 76 39 44 16 58 73 41 35 38 54 70 55 75 53 64 57 19 77 4 36 69 79 18 63 11 47 3 7 33 43 46 40 34 27 2 65 17 9 29 51 14 61 52 28 10 8 42 74 26 5 13 31 6 48 80 72 78 60 37 59 30 56 66 25 12 1 20 15 50 45 24 71 49 23 
35 9 78 73 44 14 11 67 24 48 17 43 36 63 39 33 54 12 41 42 25 60 29 4 30 46 66 59 6 3 57 32 37 20 50 23 51 15 31 45 16 71 49 69 38 18 5 28 7 13 53 61 1 65 2 19 64 27 74 72 70 77 21 56 75 62 8 76 79 52 55 34 47 58 80 22 40 26 10 
41 14 39 48 71 11 47 32 80 64 22 59 29 74 45 28 33 1 7 16 27 51 34 38 75 30 2 65 72 56 49 15 40 52 10 50 19 21 58 61 43 68 37 66 67 24 46 5 31 25 63 26 23 3 76 53 55 20 78 62 36 12 8 73 79 6 77 54 60 17 13 9 18 70 4 42 57 35 44 
1 41 51 5 16 47 45 26 62 24 28 76 63 43 73 42 61 79 56 69 48 3 15 68 9 57 52 37 53 72 49 14 44 59 54 77 58 64 29 20 40 23 22 36 60 66 8 38 17 74 27 35 6 32 10 13 33 19 50 67 31 78 55 46 80 18 30 7 11 34 25 71 2 65 4 21 39 12 75 
28 32 13 61 14 36 63 42 51 15 40 6 49 74 50 56 4 64 55 53 1 38 60 66 16 59 33 73 18 12 65 25 45 47 72 11 54 79 68 19 10 62 20 34 8 69 70 2 23 52 27 30 31 57 80 22 48 44 5 75 17 76 78 21 77 58 67 46 24 39 9 29 41 43 35 3 37 7 26 
78 7 28 74 51 71 3 56 11 62 64 36 46 5 16 30 75 58 6 10 55 47 32 43 54 42 44 14 26 29 31 8 13 34 23 69 60 15 68 59 17 52 9 38 77 40 20 22 80 12 49 37 21 19 45 2 53 61 70 73 41 18 79 76 33 1 24 25 48 50 57 27 4 65 67 35 66 39 63 
49 18 50 46 19 28 14 23 51 53 39 8 7 37 52 77 5 56 26 13 58 45 41 21 38 74 9 31 60 59 30 66 4 20 75 1 76 71 40 54 22 25 65 63 2 47 29 15 43 57 36 78 62 68 64 6 79 32 27 44 67 24 16 61 11 69 12 10 3 55 80 34 33 70 17 42 35 48 72 
24 37 78 42 28 64 44 43 25 72 1 33 3 59 79 16 55 35 69 66 60 62 10 29 50 76 65 58 77 23 34 8 71 57 63 39 48 12 51 45 9 6 36 47 27 31 18 54 70 30 15 46 61 13 40 68 41 38 11 52 26 75 67 19 20 53 22 73 4 49 32 56 14 7 5 80 21 2 17 
13 72 14 17 67 4 11 50 38 48 16 52 76 24 79 39 5 60 44 15 62 40 31 25 19 2 10 53 47 22 68 59 26 71 3 23 43 18 70 57 12 33 21 37 28 42 80 69 8 27 78 1 66 64 30 20 49 65 45 41 74 32 9 56 63 6 54 77 46 73 34 51 55 61 29 7 35 58 36 
26 73 9 45 59 37 22 38 16 58 80 74 54 77 69 27 63 28 12 8 35 17 55 51 44 68 64 13 30 31 5 79 50 11 15 20 56 24 25 21 49 1 6 32 47 34 48 19 57 70 14 61 10 52 43 53 4 60 71 46 75 62 2 3 41 36 18 42 7 29 40 33 66 67 78 39 72 23 65 
9 6 30 78 35 53 17 56 23 20 7 70 69 19 79 55 51 43 22 61 2 21 48 45 10 80 74 64 63 13 12 67 42 16 75 8 60 29 73 32 14 49 27 33 65 18 31 3 38 44 57 39 58 50 4 76 24 71 72 66 41 11 54 40 46 47 62 25 5 52 28 1 59 15 68 37 26 34 36 
1 59 29 35 62 58 52 75 80 55 39 50 61 65 72 56 40 46 51 73 31 76 26 14 21 42 6 23 57 69 5 18 37 36 13 54 3 28 53 45 9 38 34 25 15 47 49 43 22 16 11 2 41 74 17 33 48 44 7 8 19 64 63 71 79 32 30 27 77 4 12 10 68 66 67 24 70 20 60 
15 37 40 80 23 3 39 4 47 28 55 25 33 31 73 26 67 19 78 11 12 45 42 32 60 29 27 59 34 70 50 18 21 54 68 53 6 61 46 57 62 52 9 48 10 36 77 5 71 43 22 49 65 63 44 13 16 58 76 69 35 66 2 38 17 20 30 8 1 24 14 51 74 56 41 72 75 64 7 
5 4 46 67 65 72 34 63 50 71 55 11 73 77 9 36 2 13 14 22 28 44 6 16 40 10 26 53 70 57 8 47 12 58 68 21 1 31 18 29 56 78 66 24 69 23 17 32 42 74 38 30 33 3 45 20 76 52 41 51 60 37 19 35 54 27 15 61 43 79 62 59 39 7 75 49 25 48 64 
