80
49 25 34 19 60 71 66 5 13 9 62 56 78 69 74 23 50 18 77 
46 67 43 34 38 11 36 27 45 14 53 68 41 55 57 12 8 69 33 7 4 
44 9 53 10 79 80 20 56 23 58 14 71 29 19 43 54 6 72 77 17 75 
71 9 17 75 70 2 21 32 68 40 43 10 52 26 57 18 61 67 50 66 54 41 
34 7 37 50 71 65 54 42 59 55 45 10 47 8 1 48 51 20 9 
65 80 69 25 45 42 52 79 3 19 43 50 44 57 29 17 68 21 22 9 
68 60 35 56 2 22 74 8 44 39 77 14 11 50 32 72 5 54 73 79 
50 18 30 23 2 15 55 59 47 64 79 26 19 78 5 73 28 80 39 7 54 10 16 33 
19 71 60 1 3 6 73 26 11 47 78 48 53 77 63 16 4 33 5 52 27 
42 71 34 5 52 47 14 45 37 58 75 30 64 57 74 33 35 4 8 69 13 27 3 12 
20 61 58 41 7 79 44 56 52 13 59 30 27 2 46 37 48 38 66 65 9 29 73 55 
40 71 45 35 62 2 52 18 41 30 13 14 23 26 10 76 
69 66 12 78 50 1 19 42 11 35 10 57 54 41 71 74 55 51 75 
16 55 49 80 12 2 34 33 7 29 23 73 67 10 18 35 76 25 3 38 63 57 45 
52 54 61 76 32 8 34 21 33 46 23 57 45 
75 49 72 14 8 55 63 9 40 28 69 76 44 41 
20 53 62 22 60 41 56 49 68 64 6 4 3 
55 62 36 76 34 1 61 65 40 77 4 68 59 54 19 14 64 53 35 67 49 12 8 
3 20 43 13 60 64 23 80 74 1 47 34 67 24 22 29 58 31 44 6 49 18 8 9 66 21 45 
43 40 17 65 3 70 72 48 19 37 67 26 11 33 68 34 5 52 
19 6 33 25 35 79 59 56 15 55 48 57 37 4 64 58 67 40 54 63 24 43 
68 77 26 17 6 58 61 7 32 30 72 57 19 80 
27 40 8 48 53 15 67 26 37 74 58 1 63 38 3 46 12 31 14 19 72 
57 58 19 41 69 72 60 66 27 31 26 37 21 
65 33 52 49 70 14 64 1 28 26 72 58 50 6 21 
80 66 27 79 61 42 4 53 12 46 20 76 36 74 25 56 47 23 22 9 59 57 8 33 69 24 
66 68 55 23 26 73 42 70 40 69 11 9 28 44 24 36 10 33 53 63 32 56 2 75 
69 64 78 25 8 36 32 79 73 55 56 27 59 51 34 16 71 77 33 
60 77 19 61 73 3 43 14 36 67 30 63 64 6 69 48 74 62 11 
10 78 8 40 12 49 48 29 42 11 60 59 35 71 34 63 50 22 
36 47 73 38 65 70 52 33 23 19 64 67 51 24 55 68 
7 71 4 22 34 33 73 59 15 27 43 79 51 66 61 38 78 69 39 46 28 
8 54 45 25 53 26 74 28 2 62 46 9 78 77 35 47 15 43 48 55 10 31 20 63 75 64 32 56 21 27 14 
32 19 73 54 30 2 57 67 10 15 51 74 20 1 47 14 46 18 5 28 70 
33 79 18 76 30 38 21 69 13 59 77 14 44 40 10 49 7 71 70 12 
77 55 61 18 29 27 57 2 40 26 28 31 78 56 
21 54 79 44 10 11 20 5 41 50 42 23 45 48 78 24 51 73 
32 67 14 80 23 31 11 53 2 58 50 73 64 35 52 72 
75 7 53 47 70 32 8 57 49 62 63 77 50 43 
46 78 20 21 12 77 80 63 76 16 23 4 52 36 50 60 55 27 30 35 18 73 57 
17 11 55 4 43 37 12 61 2 62 68 16 24 42 53 56 70 54 13 76 
45 6 41 30 69 10 78 80 13 65 27 37 47 44 5 72 26 51 66 
45 66 77 33 61 39 47 51 19 56 80 41 20 3 69 29 58 2 32 67 6 21 4 
11 42 76 74 69 45 57 27 67 35 7 19 80 56 50 16 37 3 6 75 
10 12 78 47 54 19 5 44 71 37 42 6 43 15 14 2 33 
78 26 60 33 72 58 2 67 40 63 50 23 11 15 34 64 70 55 62 32 52 
77 57 5 49 39 51 70 8 10 31 42 9 43 26 45 34 54 78 19 33 
23 66 11 29 37 20 9 30 33 79 5 21 70 
16 17 1 77 47 70 19 75 39 52 66 14 35 76 18 25 30 
46 74 51 6 8 37 39 44 5 56 25 79 13 4 30 1 66 38 7 40 62 71 61 64 
5 79 53 34 78 28 47 42 43 31 37 66 32 13 50 
15 31 38 58 74 67 49 69 25 64 10 9 4 75 46 12 68 53 11 80 6 20 55 59 40 54 
17 71 51 38 59 63 79 26 52 39 3 2 58 33 67 23 9 62 41 80 27 74 18 
63 66 45 41 3 8 15 33 7 56 62 34 47 52 13 4 55 73 21 37 18 5 70 
16 40 78 60 33 36 52 21 2 62 79 72 13 5 41 31 11 77 69 27 28 46 14 8 18 59 75 54 
54 33 69 26 27 1 28 43 36 44 7 21 66 3 50 77 17 41 11 
66 72 13 44 63 39 36 34 10 78 65 68 76 14 47 15 40 4 22 21 6 26 59 2 24 
62 38 66 70 22 23 10 52 59 46 19 53 3 73 11 25 21 43 24 78 
35 55 30 26 69 21 72 80 60 64 77 76 53 18 5 8 28 75 32 52 57 58 11 
59 1 55 46 24 29 17 30 64 19 73 76 9 7 40 
22 50 69 41 18 43 63 70 26 11 29 4 75 36 15 32 72 
41 1 55 50 29 54 46 17 39 18 67 53 58 12 33 66 
61 54 40 29 70 14 39 30 23 57 33 53 46 21 69 27 77 16 68 66 9 
38 73 67 77 52 10 50 28 59 18 76 19 21 75 29 25 8 33 17 60 46 31 
25 57 11 18 80 68 6 20 42 5 31 
67 42 58 48 4 11 63 62 13 24 43 77 50 49 27 19 32 26 76 1 56 57 51 73 54 75 
64 23 62 38 14 4 78 46 20 80 43 66 53 19 31 29 2 18 21 44 34 52 
41 6 31 17 22 65 4 52 20 63 57 18 78 27 2 7 
44 28 52 43 75 10 61 27 1 13 55 16 35 24 32 6 71 42 59 26 63 29 56 2 
35 20 31 46 34 48 25 39 72 41 27 49 63 74 47 58 61 4 54 
77 1 69 5 30 76 79 32 50 35 10 12 3 13 9 4 45 28 53 
75 23 57 16 7 38 55 74 42 61 20 24 25 77 80 22 3 46 59 70 
74 40 58 14 37 34 64 28 31 29 38 9 11 54 75 66 7 32 27 60 8 
33 52 70 10 7 72 13 34 23 53 50 44 19 73 1 26 29 78 
33 61 66 39 49 27 76 4 10 72 3 55 13 80 52 64 44 16 59 73 69 
75 59 26 41 40 18 44 64 49 57 66 14 35 60 15 71 16 12 
29 59 71 35 40 64 56 63 72 3 55 18 43 28 66 1 79 49 9 80 7 22 33 39 47 36 
8 9 68 47 45 30 57 58 28 67 40 32 37 51 13 42 74 33 36 1 46 55 
48 71 21 3 32 6 53 11 35 77 7 50 26 8 37 55 28 51 
40 3 67 8 65 75 59 6 77 22 38 53 72 42 26 14 19 44 43 52 