80
79 37 69 40 71 2 48 22 63 75 74 45 58 19 5 3 23 67 42 55 62 77 78 33 25 70 66 34 39 76 36 26 31 17 20 6 41 21 15 80 9 
4 7 25 78 60 21 76 17 10 22 42 69 49 71 39 11 12 68 40 50 18 31 8 80 65 13 41 35 23 32 62 36 58 66 26 1 29 3 73 70 5 37 48 55 
15 29 24 73 43 4 51 9 28 60 59 53 72 57 70 17 63 76 65 58 78 61 32 16 1 10 74 44 2 25 47 64 49 55 50 79 5 45 
8 63 30 20 25 40 55 62 2 44 61 12 76 69 29 37 52 66 67 22 17 28 24 7 58 54 49 11 19 80 68 65 70 26 47 3 60 78 31 56 79 
77 55 46 7 8 18 40 31 76 60 28 27 37 38 3 45 71 6 22 39 72 2 23 25 58 20 53 67 17 49 41 80 78 63 57 24 15 66 68 70 1 
67 80 1 73 16 38 45 58 77 7 47 62 35 44 33 59 50 72 68 10 49 29 48 9 42 70 39 54 8 52 51 41 63 32 61 75 25 5 20 15 79 40 
75 77 31 71 49 8 66 30 65 43 62 22 25 53 34 57 4 10 39 12 18 19 47 46 20 80 55 24 40 35 2 5 41 70 59 52 79 54 36 72 23 32 6 11 
7 73 58 62 42 63 54 59 50 43 26 39 5 76 18 36 32 14 38 24 52 44 11 19 6 67 17 13 61 30 16 41 48 33 4 10 25 2 71 69 
48 32 34 51 77 59 26 1 31 3 64 6 46 78 20 29 16 21 41 68 66 47 39 37 70 45 75 42 40 43 23 38 28 52 44 15 50 62 27 33 12 17 35 73 
70 79 47 7 65 12 19 18 33 69 75 24 78 59 17 35 16 72 45 61 52 31 73 3 64 6 32 49 43 26 8 66 41 68 2 20 28 55 
19 75 55 20 62 68 36 78 44 59 13 66 16 23 49 76 21 31 40 53 8 39 25 2 4 64 50 26 63 38 60 41 37 12 7 33 80 
2 10 37 26 31 74 79 7 71 61 30 32 60 11 66 34 43 68 46 38 51 23 9 18 27 58 64 4 69 63 80 36 33 62 70 13 76 48 
20 63 75 77 40 47 71 12 37 27 62 39 43 8 16 18 57 50 11 58 19 33 49 56 22 2 69 17 67 72 23 59 61 25 44 66 24 45 28 46 
16 61 44 33 8 54 48 34 43 77 49 70 21 74 66 20 58 22 64 27 57 62 50 38 31 28 29 51 
23 50 1 38 26 70 79 64 16 33 73 54 76 9 41 44 49 66 28 5 61 20 34 47 3 57 67 68 72 24 6 42 52 40 45 56 78 43 
51 61 71 3 80 29 23 73 47 42 8 27 65 15 13 41 49 39 36 75 76 10 79 35 48 14 34 9 63 67 31 22 30 74 24 18 68 11 6 64 77 46 40 56 66 20 
9 18 25 2 68 67 54 70 30 62 4 47 34 37 43 26 5 33 8 64 79 44 29 57 38 50 59 23 55 45 3 80 78 46 10 40 66 71 60 36 1 13 69 49 
80 38 78 5 47 62 22 52 45 63 10 2 20 59 60 25 13 7 19 17 39 42 73 37 12 16 24 21 40 56 23 28 44 26 57 66 33 70 8 35 74 55 
51 30 25 10 72 52 70 42 75 57 4 61 40 13 7 11 8 38 36 76 28 80 65 47 37 60 63 62 18 66 27 69 43 23 1 29 24 32 35 
45 63 55 73 39 31 9 1 14 28 78 4 16 64 29 62 58 76 23 6 33 21 11 52 38 27 35 18 54 5 42 10 13 65 15 53 7 50 
31 73 46 35 63 66 39 36 78 20 33 40 59 2 1 70 50 9 75 11 60 42 22 30 62 26 38 18 56 72 76 29 32 23 69 52 14 51 34 
25 37 32 18 45 44 65 48 60 52 30 21 5 75 4 79 23 27 2 14 13 57 34 35 77 16 36 1 54 7 49 76 69 51 
62 34 19 7 13 68 22 65 63 17 66 9 39 57 79 11 18 1 20 67 43 41 21 74 15 29 12 60 16 55 53 26 52 38 80 27 33 28 54 64 77 78 2 75 48 5 
74 46 29 36 71 50 10 5 15 37 3 56 52 76 69 42 27 53 34 45 28 13 63 44 35 4 62 75 7 55 66 16 57 8 70 58 18 40 19 49 43 
79 36 52 65 77 1 7 61 2 55 50 75 71 6 76 47 34 11 60 4 32 41 18 17 53 8 46 3 26 19 69 66 58 5 13 31 63 73 33 22 48 35 
51 75 1 39 25 8 46 48 49 18 71 77 12 79 35 37 33 38 34 28 23 30 29 72 10 73 53 21 15 45 11 60 68 47 2 17 65 70 4 9 61 
63 32 73 72 40 33 66 37 79 55 19 78 57 20 16 29 23 50 71 42 24 14 65 59 22 30 12 13 9 48 34 5 
9 26 5 74 57 44 15 56 19 70 64 71 4 30 14 13 31 23 61 29 41 75 10 76 18 34 33 55 45 50 38 78 47 3 59 52 20 60 42 24 51 40 
23 72 6 52 75 60 2 14 70 80 26 78 24 36 21 9 17 50 3 19 66 4 43 31 47 59 79 32 48 55 76 37 27 33 16 57 20 34 64 28 35 
75 54 26 27 21 59 45 34 19 73 55 17 69 8 64 78 12 40 63 16 80 32 79 60 61 31 41 47 28 7 35 52 68 76 4 49 22 
14 43 59 1 35 70 62 80 32 34 52 21 46 39 76 29 36 2 28 20 73 7 4 16 55 50 40 56 75 5 74 9 11 78 44 12 25 65 10 45 30 68 49 
52 55 19 12 30 59 42 65 47 80 21 68 9 31 41 70 76 44 58 49 69 45 8 35 27 25 43 7 63 46 73 53 2 10 22 3 29 79 6 78 
29 21 68 1 74 73 43 20 14 62 69 6 71 57 55 52 51 9 13 77 60 28 11 78 75 26 23 25 56 12 45 8 17 27 63 61 70 35 15 67 49 42 47 18 10 36 
30 7 65 21 69 38 60 12 51 15 74 45 66 47 26 73 23 70 14 78 42 79 29 22 58 41 57 16 31 68 1 9 44 17 27 43 39 28 25 46 24 
69 19 70 60 68 65 18 22 26 30 33 46 62 10 56 41 51 20 63 73 43 39 64 32 79 6 36 66 21 29 25 37 42 75 16 58 9 61 80 54 2 47 50 31 24 76 7 
77 51 78 37 54 43 67 33 70 12 45 46 69 17 2 24 31 75 63 21 56 53 29 62 52 50 11 66 68 7 25 8 42 76 40 1 38 16 19 57 35 22 
52 5 45 26 11 76 67 44 61 64 4 12 48 18 13 54 62 27 50 22 60 17 19 71 73 9 59 24 2 40 47 51 38 1 66 35 36 29 80 70 39 
74 51 70 5 14 34 36 20 76 11 17 75 41 37 47 46 80 8 21 19 78 40 9 26 77 56 6 42 18 15 49 64 23 67 12 28 44 65 66 
65 71 67 34 55 73 66 37 60 70 40 21 47 63 31 69 72 56 16 6 35 13 23 8 7 26 77 9 5 1 50 18 11 20 41 58 80 68 52 49 2 53 62 79 
59 36 62 76 41 60 79 53 17 18 31 24 21 38 80 27 45 13 70 37 2 61 77 73 9 65 5 6 39 67 30 4 28 78 48 47 7 56 19 44 51 75 54 11 66 15 1 16 
6 39 8 16 2 9 34 62 48 11 15 40 38 73 23 64 35 28 25 72 75 7 10 32 43 30 51 78 55 5 1 77 56 49 65 
32 33 60 15 34 36 38 56 28 18 2 6 57 47 79 9 76 24 46 45 27 44 8 35 20 19 16 1 59 21 77 62 73 
68 14 36 50 79 58 19 9 44 65 56 17 52 31 41 7 46 34 12 10 35 15 47 55 33 29 53 78 3 24 67 8 13 51 23 32 61 60 
38 42 9 11 3 45 74 22 59 47 56 34 67 14 32 18 43 65 40 24 37 46 75 15 68 31 62 28 50 64 80 61 4 8 6 13 17 71 
18 1 51 55 71 13 17 69 10 75 20 49 22 34 57 24 50 54 67 76 80 42 15 44 79 40 56 28 53 9 66 30 37 33 26 6 46 70 5 64 31 3 77 52 47 36 32 
67 44 9 13 53 60 80 25 45 42 69 36 57 64 34 32 58 49 5 21 63 61 74 24 35 76 17 72 66 77 31 38 48 55 12 62 75 26 16 7 43 50 70 
44 34 16 66 67 45 59 55 65 57 7 3 38 39 35 15 33 28 56 43 64 18 26 6 10 13 19 68 32 72 25 9 29 62 61 75 79 73 42 37 4 30 17 40 
63 37 68 40 1 61 55 72 16 78 59 9 66 14 25 62 27 29 49 2 46 69 41 22 8 12 57 79 75 26 6 52 77 67 23 
79 38 48 59 13 11 51 31 39 71 4 52 73 15 24 16 77 64 10 17 46 30 3 2 56 53 33 45 65 74 32 22 6 14 26 69 57 66 55 80 7 54 5 41 
56 29 70 2 62 27 36 73 9 25 63 55 59 35 74 31 28 8 21 14 45 80 67 71 37 52 68 15 44 20 46 58 53 54 39 3 11 17 43 13 6 61 65 24 
67 21 45 35 41 33 61 73 57 40 38 78 69 37 43 34 49 16 52 6 26 3 60 75 36 14 12 28 80 65 22 9 19 
30 49 51 61 32 10 29 54 74 28 48 43 37 25 31 68 22 62 18 76 70 9 7 19 33 24 4 50 65 8 20 15 63 39 59 23 73 45 71 36 77 6 21 72 
67 72 43 77 40 23 32 36 46 25 11 26 5 24 66 74 69 63 3 68 58 39 50 20 49 76 45 7 78 
15 72 76 45 50 4 37 8 36 40 17 30 22 52 20 80 71 7 68 35 77 23 56 14 6 63 67 61 49 
27 23 46 17 43 69 1 2 48 63 28 10 45 25 57 65 56 5 4 75 33 20 47 73 58 18 71 24 61 76 7 29 32 62 68 60 49 31 39 11 41 30 3 79 50 70 
49 39 13 24 42 45 55 44 63 54 31 28 69 21 33 4 80 78 35 36 43 38 40 58 18 50 16 68 47 41 15 75 
46 65 76 28 36 7 13 48 33 19 60 71 24 27 68 3 49 59 34 80 47 51 55 45 42 23 29 14 75 18 17 73 15 5 78 22 
56 34 66 3 13 76 14 64 77 25 20 5 71 2 6 35 73 80 70 69 46 12 1 74 60 32 39 53 43 8 78 24 50 55 4 
80 74 8 60 52 48 73 75 21 7 9 42 57 44 10 63 78 62 11 18 40 28 29 30 6 3 64 61 49 32 17 47 31 13 50 37 27 
67 77 12 62 46 30 76 18 17 26 40 4 11 2 68 23 19 51 37 28 55 39 5 63 79 22 57 33 73 42 3 58 34 25 59 35 70 29 80 21 69 43 
52 35 44 30 13 37 67 12 47 19 59 43 50 10 16 33 8 68 76 15 69 25 74 66 77 78 4 46 55 54 3 26 51 28 40 72 6 14 80 48 
67 41 60 39 24 7 78 72 55 8 71 48 52 4 21 6 40 46 66 9 14 33 47 19 77 11 13 31 2 63 37 23 12 42 1 73 59 20 35 74 64 44 65 79 18 36 50 17 
33 54 56 60 4 21 35 50 23 25 27 66 39 68 32 46 52 20 24 36 48 1 55 12 67 16 53 13 6 72 8 3 30 19 18 5 80 62 59 11 
49 9 67 17 29 38 35 79 37 20 28 46 65 59 68 72 11 30 45 74 78 58 12 44 10 3 41 23 14 16 62 73 15 66 47 71 80 76 
27 52 47 44 50 10 79 62 22 39 55 31 74 32 4 64 35 40 49 26 51 70 2 7 41 16 25 3 23 57 20 72 34 19 78 43 38 
46 58 2 39 14 15 19 38 40 18 48 64 36 27 53 37 34 23 45 63 10 62 1 7 13 29 68 35 47 12 9 24 78 16 5 11 25 49 4 21 17 61 
63 61 17 50 51 69 36 23 78 37 47 40 13 62 53 70 43 4 39 54 46 68 48 64 75 1 33 6 44 16 38 60 5 8 15 77 45 79 
10 12 33 32 31 56 50 43 73 60 61 48 66 15 16 79 35 64 26 67 74 2 36 76 4 72 47 34 5 9 63 39 17 70 6 23 55 57 44 52 54 30 11 53 
70 13 22 4 33 74 78 12 24 51 79 35 30 49 46 1 56 76 10 67 25 77 34 2 53 32 58 8 60 61 48 17 45 36 39 55 19 21 
7 5 4 37 21 17 55 71 58 3 80 34 1 69 32 39 76 2 10 18 19 15 12 36 68 26 60 65 74 73 45 35 31 38 14 72 52 33 46 6 9 28 75 40 50 24 67 29 79 
44 17 13 2 7 25 72 5 62 58 55 49 27 52 57 37 28 76 77 26 78 24 64 54 50 79 12 70 80 45 33 8 16 1 39 
68 52 10 75 47 15 65 74 54 13 80 46 39 79 5 63 64 27 19 61 71 62 26 6 48 77 70 7 41 53 29 21 3 
26 78 70 51 57 8 62 32 60 20 80 25 35 21 6 49 68 31 58 42 30 64 50 27 52 77 34 18 10 41 76 39 3 9 16 59 2 75 55 40 37 47 15 33 
52 12 70 33 72 16 31 58 59 79 38 1 34 46 69 14 77 44 49 23 28 76 64 3 68 65 50 18 24 61 62 53 
16 11 22 80 79 7 23 36 59 25 70 10 77 67 56 44 46 31 38 48 24 55 35 33 51 57 1 21 9 30 41 45 19 6 72 73 26 47 40 29 28 78 13 
3 52 31 35 15 57 61 25 69 40 38 24 80 54 29 5 32 12 74 58 79 53 21 1 22 73 11 28 37 46 55 64 4 20 42 8 71 19 2 16 30 60 45 70 77 68 36 
26 13 73 71 53 60 7 25 46 14 80 22 23 45 76 78 39 54 72 5 33 9 61 38 49 79 75 1 40 69 58 74 62 67 41 16 36 42 48 6 52 
11 4 80 33 32 71 31 40 59 34 65 18 56 2 10 62 28 79 73 29 9 57 38 41 58 64 5 77 36 30 75 53 48 23 67 3 27 66 15 20 17 1 61 43 69 21 51 
43 55 29 22 6 60 17 27 7 68 80 78 72 3 69 42 71 30 1 32 47 34 23 67 64 35 25 10 74 70 65 26 12 39 49 77 76 40 45 62 48 15 4 16 75 
60 71 77 45 76 19 75 7 5 16 44 50 40 17 46 38 59 30 70 11 54 6 23 18 57 37 39 1 58 29 79 31 63 78 4 56 51 2 32 73 35 61 12 49 64 72 