80
69 64 70 59 80 30 3 38 8 67 29 27 54 7 5 24 60 62 20 57 28 17 77 55 15 22 4 36 76 63 32 65 9 73 56 74 78 53 12 19 39 13 48 50 14 52 2 68 42 37 46 6 35 10 23 16 61 31 18 25 41 58 79 44 
4 55 69 6 11 49 30 38 24 56 20 73 66 34 9 26 35 27 79 50 39 3 70 77 29 17 71 25 5 10 57 59 65 51 46 21 15 52 8 32 44 1 18 28 16 13 75 53 54 12 68 47 67 74 76 80 22 
27 35 73 47 26 4 13 51 28 60 20 55 75 36 57 42 24 50 33 46 71 23 6 12 56 64 69 44 1 45 16 79 59 11 67 65 2 63 49 53 68 21 37 7 70 9 18 29 30 54 43 48 40 19 10 72 32 76 78 38 61 17 25 8 62 22 
39 16 7 19 1 57 10 32 31 51 68 41 25 14 27 59 54 72 61 42 47 33 6 9 67 65 20 71 58 74 56 63 34 5 29 43 15 64 12 49 26 52 35 8 3 2 69 38 46 36 55 70 40 18 44 80 24 62 76 50 77 11 75 30 78 66 
25 20 59 52 4 60 78 76 66 9 44 10 72 74 77 13 36 54 24 38 61 43 67 58 32 80 39 64 45 47 65 21 18 8 51 50 46 30 26 33 7 11 6 79 56 27 62 55 2 1 63 15 34 70 37 40 41 17 42 57 
19 79 14 73 18 16 67 10 54 71 24 31 46 60 2 66 75 39 62 22 68 25 74 26 51 49 59 15 11 42 33 65 3 12 7 23 70 48 41 55 30 78 27 1 76 69 29 36 9 64 5 13 34 63 44 21 53 52 17 80 50 28 37 4 
61 67 53 75 33 64 25 27 60 6 70 20 56 68 3 9 5 65 40 72 47 52 38 16 1 22 13 23 30 76 59 14 11 62 69 26 32 37 73 44 15 12 49 63 58 29 39 36 24 21 18 35 10 19 42 66 80 78 77 4 
59 32 37 48 46 17 68 79 61 69 3 64 66 44 55 50 71 5 9 20 52 49 26 19 18 4 35 1 51 67 12 40 22 41 21 38 65 56 45 24 10 60 42 2 15 27 54 78 13 34 31 23 63 72 28 57 70 
80 78 11 38 71 6 5 76 30 7 1 63 18 70 48 59 15 62 21 64 60 40 66 4 12 52 25 75 3 22 51 77 47 19 14 8 39 50 34 16 73 13 68 41 44 57 61 42 24 53 20 58 17 10 23 65 49 33 26 37 56 31 29 79 2 72 43 
20 79 3 30 19 4 44 36 62 43 52 40 54 7 1 5 58 8 15 47 39 23 49 57 32 42 38 59 77 61 9 65 22 51 2 14 74 80 21 78 34 24 28 41 67 12 71 56 63 26 27 50 31 75 18 70 6 13 11 46 73 66 
15 61 36 78 57 9 59 74 55 46 67 75 20 60 65 5 22 68 7 42 63 25 53 41 28 56 14 34 73 47 48 23 30 40 58 32 13 69 39 10 64 49 18 79 6 52 77 16 51 37 43 80 4 50 66 27 76 45 26 3 2 
73 4 8 59 72 13 61 68 71 34 51 10 42 60 63 76 54 3 29 21 75 66 25 16 52 77 1 53 74 33 46 47 28 79 26 22 49 23 44 80 37 41 57 35 48 2 69 56 17 20 45 36 9 58 30 14 18 43 64 62 50 6 27 7 38 15 67 40 
26 18 65 48 54 76 44 24 3 39 15 36 71 12 43 56 30 52 25 61 79 77 66 50 2 22 72 53 1 31 60 33 38 34 6 46 47 19 29 55 64 35 49 8 80 16 23 69 73 5 20 28 78 11 45 14 9 7 75 27 51 62 10 
72 27 4 40 33 34 25 61 44 54 49 47 38 6 63 21 79 30 66 67 59 56 39 68 60 48 37 17 15 53 29 76 32 11 71 77 35 10 80 74 13 42 12 9 20 31 69 1 64 26 51 57 23 52 41 24 58 22 46 55 43 62 7 
59 32 54 78 66 30 43 1 77 23 11 60 26 57 47 71 24 4 48 63 42 19 6 22 14 61 2 79 80 44 51 31 55 12 17 35 65 8 5 70 20 7 21 52 67 16 45 40 38 18 29 10 75 76 50 9 72 68 58 49 53 13 27 73 64 
42 7 55 6 3 33 79 78 58 43 12 31 29 64 51 75 25 44 66 60 32 46 21 69 73 52 49 38 62 35 19 40 74 9 37 57 54 2 45 80 4 24 36 53 34 47 28 15 63 13 70 11 22 1 
22 67 66 29 43 52 14 72 39 73 37 70 6 40 2 26 35 56 53 46 34 38 75 20 65 15 79 12 55 3 28 80 23 27 69 18 24 9 21 71 45 47 60 78 42 1 77 44 62 57 48 36 54 51 5 58 30 8 
1 32 9 49 43 41 76 72 25 77 66 12 13 45 57 20 58 61 36 26 5 31 19 2 79 6 33 23 15 37 22 7 74 75 62 27 39 46 11 63 47 50 30 71 35 3 38 4 17 60 24 42 10 56 65 67 55 8 21 40 44 78 34 
4 43 9 70 40 72 51 24 15 47 18 32 63 34 10 23 74 77 20 21 6 75 80 41 64 71 68 31 16 7 42 27 38 59 22 60 8 66 79 39 76 3 57 45 52 33 37 1 50 55 26 30 69 73 35 13 25 
2 59 13 8 72 14 53 30 50 78 19 25 80 7 17 36 45 49 44 73 61 43 67 1 56 39 5 28 12 10 23 4 74 69 71 37 9 52 33 40 47 54 15 63 68 76 62 64 48 31 11 66 46 55 27 21 65 29 3 51 24 77 22 18 
22 51 28 32 66 60 12 77 29 78 59 14 16 31 58 49 7 56 72 36 6 2 62 43 53 54 9 76 15 40 75 71 63 45 27 18 37 30 50 48 80 10 34 25 19 65 3 57 17 44 8 38 24 79 20 55 74 5 52 33 
68 63 67 57 1 31 2 21 10 74 79 61 50 58 13 28 42 46 19 54 25 9 41 39 29 14 53 48 18 80 44 77 51 17 49 35 11 27 64 71 37 8 15 62 40 60 7 30 32 3 45 38 20 6 33 70 26 12 16 52 73 75 24 78 
10 37 33 54 65 31 45 61 74 38 18 60 48 12 1 8 75 29 79 40 24 6 52 57 19 68 35 20 53 11 47 69 13 30 17 27 67 72 73 56 64 78 76 34 51 7 14 3 59 70 28 58 15 55 63 9 80 50 26 66 49 77 
9 71 14 63 22 4 68 60 23 65 49 35 17 76 39 50 58 38 75 64 30 2 43 56 62 19 26 33 16 5 55 77 25 78 72 51 3 7 6 27 42 52 46 37 79 21 59 1 18 73 15 28 20 61 53 69 8 54 29 57 80 34 10 13 32 
30 55 44 70 41 65 16 78 9 71 19 42 4 50 13 1 34 68 66 24 3 72 37 58 67 35 61 21 22 32 56 14 79 62 54 7 73 39 51 5 53 74 18 11 6 31 45 28 33 12 38 27 63 80 26 2 20 64 
41 9 48 2 3 13 51 4 38 68 70 6 62 14 56 8 11 65 50 17 5 23 60 61 52 10 43 18 49 80 78 34 64 19 28 31 29 36 12 7 58 25 54 27 76 66 44 73 71 15 46 32 55 57 22 69 45 42 79 24 47 
26 43 7 6 46 20 23 75 34 2 51 49 19 1 77 29 8 57 78 30 73 22 3 48 68 69 72 31 55 13 62 17 4 40 14 70 71 47 67 38 21 52 18 28 50 15 12 11 45 79 74 25 63 54 41 10 56 53 24 5 
36 3 66 42 73 20 2 53 10 75 55 49 50 37 67 24 30 13 35 27 38 48 23 22 8 70 78 57 52 33 39 69 17 80 26 61 16 65 44 76 25 6 31 1 40 79 47 21 62 72 11 71 43 34 77 12 41 46 74 
3 43 72 4 33 79 7 51 71 32 40 74 37 55 42 2 75 58 67 62 77 31 9 34 20 14 59 73 63 50 57 70 1 60 61 12 17 45 13 48 78 49 64 15 6 66 56 44 27 54 35 26 46 21 47 65 24 23 22 53 30 16 
44 15 43 9 63 32 52 31 45 42 27 13 21 71 47 67 4 38 80 56 7 23 25 51 68 46 19 6 24 22 48 59 76 10 2 75 53 18 20 70 40 36 14 37 29 3 28 17 66 55 54 12 35 5 11 39 1 60 
40 37 59 26 13 6 8 41 47 76 30 62 15 34 16 10 39 4 71 19 63 50 52 25 38 20 75 27 32 14 21 65 45 55 48 43 44 22 61 29 1 67 79 74 77 49 73 68 33 70 28 9 18 54 46 66 35 64 57 69 53 23 72 
71 33 70 22 60 50 43 25 51 59 69 4 14 42 29 37 31 58 79 1 77 47 73 56 57 11 44 52 10 39 38 63 24 15 66 2 78 68 35 19 62 64 16 18 7 21 67 26 45 61 36 72 8 30 76 48 3 5 
5 76 7 4 12 51 71 74 61 23 6 45 79 67 38 73 20 66 49 78 54 25 80 46 55 50 24 43 77 13 44 40 60 16 32 52 19 57 18 14 56 48 39 29 21 47 9 70 28 65 72 22 31 62 75 68 3 
10 50 36 38 35 14 59 45 43 75 67 28 65 69 12 24 21 47 8 16 56 17 80 19 55 71 42 41 46 18 74 4 37 49 29 6 25 31 23 13 53 73 70 52 9 79 77 76 26 11 2 5 39 48 63 57 27 
32 61 71 66 36 13 65 77 30 62 54 2 34 42 67 47 28 49 19 55 16 40 7 73 29 46 31 53 43 68 39 72 70 17 8 18 38 45 15 4 12 76 22 24 69 52 80 51 37 3 1 14 75 50 23 64 25 57 
16 30 46 4 61 20 6 42 55 62 49 44 39 26 78 53 63 5 69 54 77 56 38 11 65 70 7 74 32 79 47 17 76 37 52 57 51 10 67 18 43 40 13 1 68 21 80 34 12 28 59 3 58 35 
70 45 36 40 67 53 49 43 29 35 48 11 66 79 30 60 14 9 77 72 56 73 34 39 76 5 3 69 16 31 1 25 20 63 62 64 41 80 75 7 19 6 22 47 58 68 61 12 8 32 17 46 42 78 21 54 23 18 44 51 24 38 28 65 
67 18 4 63 80 53 71 39 15 73 7 19 21 37 28 56 30 10 36 65 60 16 24 33 1 32 69 59 61 27 25 46 40 34 75 2 64 42 23 55 31 72 14 3 76 9 26 22 13 58 68 44 70 50 35 77 74 8 48 17 5 57 12 
67 60 24 22 2 72 13 65 52 18 68 32 79 51 30 69 36 78 17 50 57 33 11 35 4 53 76 71 74 40 66 38 34 43 1 80 7 64 56 47 46 75 77 28 45 14 49 19 63 25 31 10 59 20 61 41 5 9 6 37 70 54 
23 46 31 78 36 41 11 67 21 27 18 35 72 42 80 44 5 60 55 9 71 76 68 66 22 19 30 29 77 53 39 48 10 12 37 17 28 64 58 65 61 63 79 43 47 14 38 3 16 7 8 33 15 51 4 20 
48 79 10 25 34 74 68 31 75 65 54 73 11 8 76 18 78 47 22 14 69 12 60 57 1 9 66 26 49 58 64 61 46 39 50 63 28 56 40 43 42 27 72 53 80 52 6 5 4 19 71 37 67 
50 26 29 34 11 63 12 70 66 68 73 18 47 28 41 35 25 32 14 69 30 52 17 49 24 51 75 58 5 7 57 38 79 61 67 40 44 10 54 62 22 65 48 37 16 55 19 9 1 64 4 6 3 60 8 74 15 59 36 76 77 
26 18 20 61 77 13 5 21 46 74 36 3 65 41 31 80 47 64 63 32 29 11 76 56 17 10 67 37 69 40 19 30 66 53 12 57 33 54 70 28 48 34 14 50 59 4 44 35 45 51 60 55 15 27 9 39 79 68 49 16 24 75 
7 13 67 71 59 48 20 28 45 1 14 12 46 40 53 54 4 30 8 73 18 15 65 2 57 74 32 3 47 68 31 10 76 17 6 5 66 55 50 52 22 21 58 37 49 42 43 26 61 25 80 33 36 70 38 9 16 77 56 75 62 29 79 64 
72 54 50 27 58 3 66 23 47 5 78 44 33 39 25 80 17 68 77 18 67 57 16 21 13 53 30 35 37 63 11 29 31 34 79 19 43 12 48 8 75 56 32 61 73 52 62 15 46 26 71 76 22 20 
69 4 51 61 40 22 8 26 80 34 20 74 58 10 54 43 12 70 13 71 18 67 36 28 50 27 57 31 49 59 47 29 5 76 45 6 2 14 65 24 1 11 41 52 17 64 3 39 53 44 33 72 35 30 68 56 63 66 60 38 16 48 37 
2 33 67 80 42 79 40 53 4 68 26 46 41 51 63 3 56 66 50 11 76 36 31 59 78 23 39 29 64 57 12 77 20 55 60 35 37 74 15 62 34 13 48 28 7 14 45 9 72 10 17 75 32 30 71 43 5 27 18 44 16 19 65 
17 69 68 21 27 67 13 6 42 44 40 62 9 50 56 71 70 29 11 43 28 20 37 32 46 51 14 12 77 47 55 72 3 22 57 80 30 49 45 78 26 53 79 63 1 64 75 61 38 8 31 54 65 41 15 34 33 23 
69 44 23 9 77 10 78 46 21 26 16 31 63 33 6 20 80 60 8 70 66 7 61 29 59 68 18 52 2 24 11 55 65 28 3 71 22 14 36 74 13 41 42 51 76 75 50 37 35 67 27 15 62 39 34 53 12 43 48 4 79 
39 65 5 26 4 25 68 2 23 11 49 44 27 29 42 18 61 56 72 22 45 32 66 20 69 79 6 55 43 21 35 46 48 8 28 67 80 78 63 70 59 73 76 19 13 64 3 71 34 33 77 60 47 15 9 24 38 31 12 52 10 41 1 
23 27 68 11 46 49 40 15 37 21 60 62 64 63 47 67 75 33 9 56 78 52 59 74 12 66 48 19 17 26 4 2 55 69 58 65 32 25 14 36 5 3 16 53 24 43 42 35 22 39 77 61 13 6 30 10 20 8 29 
72 36 7 77 24 6 73 13 30 44 76 1 32 55 45 14 12 2 50 71 78 35 42 15 65 21 60 23 20 39 22 33 16 8 28 56 62 4 70 79 34 49 46 31 67 80 26 69 19 61 63 11 41 64 68 9 27 51 10 17 66 5 
61 15 30 20 13 14 40 58 17 79 60 70 9 37 29 6 74 22 62 23 24 36 38 46 43 41 69 44 45 54 27 77 7 57 80 51 65 25 73 68 78 67 64 2 12 28 35 21 59 16 63 56 71 34 31 47 48 1 76 49 66 3 39 11 
65 23 59 29 16 22 53 48 74 8 80 27 12 41 31 60 4 44 64 43 37 25 77 6 26 33 24 35 42 2 3 78 13 58 10 70 1 14 76 61 21 30 5 69 36 68 17 62 20 56 46 39 15 57 45 
34 17 25 61 77 75 36 69 51 26 1 49 20 47 73 33 4 74 78 43 80 18 42 31 14 21 67 2 52 11 19 44 35 70 71 29 66 27 62 8 24 57 30 3 59 50 13 15 48 6 38 60 72 5 28 76 40 23 16 
62 45 71 41 73 57 20 4 32 27 44 7 39 74 5 78 54 21 47 69 70 24 18 14 46 66 72 23 3 79 36 64 11 48 61 10 29 75 2 43 1 12 50 52 25 17 9 51 59 37 53 26 38 13 60 8 33 65 30 34 
69 48 68 33 3 41 78 77 2 79 72 34 4 22 58 43 42 9 36 28 63 65 10 55 53 24 54 45 74 46 11 17 19 61 16 23 80 35 56 47 5 38 8 76 14 1 27 31 12 15 29 59 44 67 18 26 21 39 32 71 66 
18 46 51 15 60 40 21 72 75 26 80 54 59 77 25 79 76 12 57 22 24 69 70 10 63 45 62 29 66 1 38 53 44 32 36 5 65 67 11 42 14 16 23 4 17 41 73 9 7 37 
29 53 9 66 4 42 7 36 76 69 54 47 10 60 20 32 24 63 78 2 61 49 11 39 71 57 58 8 34 21 46 14 67 6 55 12 38 15 44 3 79 31 62 30 75 64 19 73 1 50 5 65 80 56 43 77 51 23 
15 30 74 43 1 70 64 76 38 18 16 8 73 33 52 26 29 47 78 68 17 59 39 41 7 72 69 79 55 9 14 62 58 50 37 42 46 3 49 56 32 23 5 77 80 11 65 40 22 13 6 51 71 12 54 21 66 53 24 19 75 
41 43 18 76 28 56 75 45 39 35 70 52 1 7 4 50 42 36 33 11 8 51 10 48 68 59 20 46 74 23 22 64 37 40 15 9 72 54 78 57 69 73 31 63 49 44 5 53 14 26 24 38 13 71 29 3 25 12 55 77 32 
69 47 7 10 60 70 63 17 51 49 13 14 31 44 16 76 78 42 37 55 45 4 66 6 24 28 58 54 1 56 22 64 20 33 53 3 72 21 32 35 36 9 79 71 52 29 25 5 59 48 80 27 12 26 18 
58 31 74 4 23 11 46 51 41 73 72 6 79 47 45 21 38 61 43 8 5 7 80 39 32 18 57 16 36 50 19 42 14 20 65 62 76 34 69 29 78 37 64 77 10 53 24 48 9 3 40 59 75 25 70 12 30 27 52 1 22 15 49 
72 44 9 70 13 26 65 12 23 62 69 76 3 42 41 20 4 68 67 11 29 73 75 35 19 50 8 40 56 80 38 32 59 14 53 74 24 63 47 48 43 15 79 51 61 46 7 31 37 60 16 52 22 5 66 71 6 25 39 1 54 
36 51 60 11 64 15 34 77 59 33 29 17 26 43 47 49 58 66 57 24 21 39 75 13 40 7 5 53 56 46 3 4 1 28 37 80 41 6 20 71 2 31 48 69 67 79 25 35 63 23 74 42 38 44 52 9 73 70 10 54 50 18 8 
43 20 30 64 29 10 52 78 53 5 39 79 59 60 70 76 49 75 51 7 77 6 19 74 12 47 2 37 62 44 42 18 80 41 35 57 25 67 31 65 8 55 73 23 16 56 11 46 17 50 32 21 69 9 28 26 15 13 40 68 4 33 58 45 14 
58 64 11 75 43 57 44 30 46 2 25 10 48 47 52 23 36 32 41 29 71 20 65 4 79 78 68 39 51 14 28 5 31 34 37 49 38 18 66 59 69 72 27 77 50 42 35 33 53 6 15 7 40 8 55 45 22 3 17 12 1 80 70 
69 7 70 74 71 37 15 22 12 67 40 43 25 14 49 24 46 42 36 19 2 31 45 39 27 30 50 54 64 79 11 8 33 51 75 73 9 53 47 60 6 32 23 76 35 4 48 44 26 41 20 38 1 3 61 52 80 57 66 
32 71 79 17 11 39 61 59 68 37 51 36 74 72 75 58 53 8 16 63 70 76 52 24 67 64 1 56 12 3 31 6 14 34 26 78 4 20 43 66 48 50 49 65 60 46 13 38 27 55 28 2 62 42 73 54 19 35 23 57 7 41 
17 38 78 55 2 10 27 7 48 36 35 37 44 23 19 74 1 32 33 3 49 80 58 16 62 67 68 61 28 30 66 52 4 34 75 56 63 60 8 6 79 29 42 53 5 50 9 39 65 15 22 25 26 64 76 31 54 46 69 43 
6 28 27 46 3 38 55 13 12 52 26 57 32 19 10 56 79 22 14 29 48 78 64 35 34 4 49 74 47 80 41 21 9 33 60 25 24 40 8 39 67 75 17 18 44 59 53 69 68 45 15 20 61 62 2 31 50 65 73 30 
67 33 8 47 25 78 19 15 27 60 64 3 48 62 45 73 7 37 20 31 23 29 13 35 46 52 61 41 4 39 50 14 5 55 9 32 38 40 58 75 69 74 24 21 57 18 63 17 28 12 56 
58 55 65 45 44 69 61 75 50 2 63 52 28 23 66 17 76 33 41 29 74 59 31 34 72 78 25 16 42 19 53 24 22 38 71 20 7 35 60 32 12 6 9 13 15 10 64 26 3 56 11 1 27 68 37 
33 51 61 18 21 72 29 42 10 22 64 20 36 77 14 46 70 55 28 11 6 47 56 53 19 12 80 25 78 44 27 31 65 5 1 71 68 23 76 57 79 66 49 16 75 38 54 43 34 73 2 63 39 60 4 69 41 
56 43 72 42 63 71 61 13 45 10 44 21 69 47 6 17 49 41 28 78 68 55 30 2 9 66 4 74 3 58 7 22 19 37 67 15 29 39 73 38 70 18 77 27 79 60 23 34 24 59 11 80 48 35 16 31 33 51 76 64 65 12 
15 79 12 41 28 33 38 26 61 58 54 69 49 66 35 30 6 53 60 55 46 70 14 59 18 23 42 40 13 24 5 78 31 77 45 50 74 21 68 63 52 64 4 7 39 43 80 32 73 75 2 1 3 62 47 44 19 9 11 20 34 57 37 36 
19 29 35 60 10 13 58 15 76 1 7 18 37 48 36 49 61 23 9 33 28 75 40 79 24 34 22 38 14 47 20 55 54 4 65 74 63 43 17 66 27 59 5 53 39 12 31 42 32 11 57 21 51 80 45 2 52 44 50 67 
17 7 52 60 37 67 62 61 32 1 41 23 24 53 75 18 29 72 69 33 5 51 49 55 56 50 40 74 4 6 20 57 8 11 73 16 59 27 26 45 25 21 80 71 10 3 15 66 48 76 70 28 13 36 9 54 39 22 63 47 
25 12 29 70 6 5 75 59 41 11 65 24 28 77 13 10 48 8 47 49 34 53 21 17 1 52 63 18 42 37 27 19 22 16 80 15 71 2 23 9 45 39 66 50 57 14 74 76 36 60 62 64 69 40 44 33 67 3 56 31 26 58 43 32 68 
78 43 58 37 20 39 11 1 17 21 68 74 6 44 19 65 55 75 35 57 53 49 14 67 60 77 71 59 64 70 10 40 36 28 41 7 15 79 2 54 45 63 50 9 4 30 38 22 46 76 33 5 62 48 24 23 47 25 12 13 52 16 66 26 34 
