80
5 10 43 65 42 32 53 48 72 80 7 14 28 74 62 34 18 41 19 67 58 4 13 63 27 21 79 12 23 24 66 22 2 40 60 8 
39 30 8 9 62 6 5 54 15 18 1 60 31 50 48 17 7 58 80 44 22 51 45 24 55 78 42 19 46 35 37 16 12 47 29 41 74 70 11 36 34 
72 51 76 15 28 30 52 80 54 35 7 9 45 47 37 10 42 53 8 13 22 14 64 59 62 39 29 43 66 73 19 40 49 4 68 67 46 23 25 33 16 79 41 32 56 
27 63 57 9 48 3 75 32 67 60 33 18 22 79 55 42 38 19 39 59 6 37 44 23 64 46 11 43 8 28 13 17 70 50 80 77 40 72 69 26 1 
33 23 39 6 73 66 44 49 70 27 51 7 60 74 19 2 31 13 63 22 79 52 50 24 80 72 36 34 45 56 59 26 37 55 1 75 11 32 25 
26 75 58 41 38 44 37 80 45 28 61 23 79 31 35 55 34 4 43 20 18 57 68 62 50 15 10 54 51 42 2 49 53 63 22 73 13 5 36 29 19 74 21 47 52 69 
63 13 36 42 59 1 30 12 22 20 5 57 43 79 19 37 3 60 2 54 76 78 14 35 23 24 8 80 25 31 34 21 26 33 69 11 61 17 72 40 15 66 58 
42 1 35 9 25 60 32 21 37 43 30 65 31 20 75 28 51 34 70 22 76 68 50 17 49 24 79 13 7 16 3 52 46 2 56 11 54 4 
49 62 13 50 68 76 21 72 73 33 40 29 31 48 71 23 57 74 46 42 22 27 19 36 58 38 8 51 24 78 4 20 3 2 60 59 70 26 69 17 56 52 77 
79 76 33 57 30 13 73 61 24 26 72 49 31 71 59 77 39 68 64 38 3 41 46 45 52 25 17 58 23 1 37 56 60 40 78 15 27 74 29 6 70 19 16 67 62 
62 33 54 17 23 50 2 71 4 48 40 22 58 37 32 77 20 69 56 46 61 74 36 16 73 18 79 44 60 25 63 43 39 70 42 28 8 27 5 7 52 30 
22 39 30 7 16 14 56 2 69 70 45 74 42 26 25 63 13 65 18 40 29 60 76 51 1 41 33 19 15 61 78 20 58 79 34 24 17 55 73 35 43 23 
36 4 7 49 23 72 48 30 10 75 35 60 80 55 5 50 22 15 14 3 1 58 51 34 64 17 12 6 63 76 28 67 68 9 8 47 38 
38 34 13 63 49 18 60 73 22 28 35 78 42 75 69 30 15 19 79 3 74 64 58 68 53 47 33 20 7 67 46 29 40 56 12 55 1 
12 10 31 6 65 50 32 23 18 2 52 29 37 67 36 66 19 71 55 25 72 56 75 68 28 13 43 78 14 69 40 34 22 47 74 3 46 30 57 62 17 59 27 7 76 38 58 51 
45 68 51 74 48 27 75 79 10 49 41 62 17 26 12 39 11 55 57 18 71 37 72 30 33 65 8 21 67 70 60 38 69 44 61 3 2 52 
76 66 60 19 48 44 79 51 75 30 32 42 26 7 72 47 53 58 24 64 10 46 4 40 11 8 22 12 71 23 74 2 9 38 80 18 59 54 13 62 29 33 20 77 28 39 15 55 34 41 16 
1 80 67 23 15 2 22 31 26 25 53 21 76 50 52 78 64 72 33 20 30 4 45 29 61 55 44 14 74 11 42 51 12 6 59 47 17 16 79 70 32 58 46 24 
56 2 62 14 49 74 39 63 48 40 7 23 80 43 10 70 20 46 28 64 12 53 3 44 1 36 30 6 54 65 76 5 45 15 4 33 55 26 47 17 21 78 9 42 
73 56 71 78 19 35 33 22 76 37 74 50 70 30 39 11 48 41 79 26 72 60 17 49 18 28 58 8 6 63 80 14 9 77 64 38 24 7 12 61 40 46 75 55 
24 79 48 68 54 70 43 8 6 33 49 61 9 56 71 18 19 46 27 23 7 1 80 28 66 35 44 16 
8 46 20 7 32 23 70 34 18 29 37 28 24 17 11 13 5 74 60 49 40 72 1 63 33 66 25 12 53 64 58 3 9 38 79 2 4 68 31 44 6 67 73 42 15 14 
80 1 40 56 9 77 3 26 29 71 22 66 35 62 18 47 72 19 44 15 4 11 10 24 70 31 52 17 33 21 57 12 28 6 7 5 61 49 30 76 59 63 13 43 69 25 
60 44 17 48 25 58 18 71 7 39 30 35 12 5 9 73 22 76 28 79 36 64 45 34 2 27 8 53 20 42 56 43 54 21 1 52 10 23 72 40 80 69 
57 77 59 73 44 29 26 48 11 15 76 23 39 45 40 24 55 32 5 60 49 8 79 7 68 30 22 51 33 36 35 52 12 65 42 66 47 74 41 18 3 10 34 
73 9 25 42 53 20 48 19 4 68 79 23 5 78 40 54 33 62 36 44 59 76 7 10 32 34 18 51 61 38 72 66 16 80 45 64 17 12 6 27 
11 75 4 29 71 28 31 9 40 1 26 33 5 43 66 10 16 39 65 15 55 72 56 64 78 41 77 59 24 36 46 48 21 76 32 47 67 
3 21 32 8 69 6 72 49 20 48 80 71 60 4 15 22 55 30 13 27 24 1 14 47 39 79 23 40 56 11 19 52 37 44 68 17 57 70 66 76 
10 60 3 79 14 23 22 67 54 80 75 12 18 61 27 68 78 77 47 74 34 39 76 46 6 32 48 25 59 17 9 45 15 43 2 64 
20 45 19 68 11 46 28 61 67 15 2 62 59 35 36 18 39 53 74 76 8 3 13 70 24 23 12 17 42 7 16 41 10 54 56 79 25 49 31 63 44 37 14 66 
49 22 68 10 47 23 48 18 8 54 37 57 58 44 33 50 65 15 60 53 64 30 32 2 78 46 69 39 9 62 45 56 51 5 7 72 71 27 74 67 43 6 
25 65 37 8 69 4 71 80 1 70 54 38 42 15 79 5 29 27 11 62 68 22 18 66 3 72 52 45 67 26 46 17 28 60 78 43 31 
67 59 55 75 23 48 41 3 17 21 11 16 10 5 50 12 68 31 71 37 34 80 35 22 79 26 70 52 27 19 4 18 51 20 14 72 47 7 62 9 46 25 
6 40 72 26 8 58 76 41 24 25 12 44 62 74 59 68 15 36 17 80 13 29 7 1 57 22 51 2 77 14 33 64 56 5 38 
6 24 43 14 74 52 23 7 63 44 76 61 12 2 21 36 48 55 56 30 70 51 13 8 57 3 20 33 53 38 69 75 25 41 60 
62 73 15 56 54 27 40 7 39 49 64 75 70 5 51 6 19 35 13 9 30 57 65 63 11 24 25 79 42 2 34 47 26 52 43 53 61 
15 41 3 45 76 22 69 20 56 73 63 32 28 80 33 57 49 50 44 53 67 5 7 54 48 4 6 31 38 8 16 10 65 47 55 40 2 59 43 30 11 42 
10 76 13 54 22 59 77 72 37 56 80 4 35 65 42 17 75 78 14 51 64 34 74 16 20 68 6 71 69 32 15 48 26 9 58 57 
64 20 16 60 65 2 42 61 29 28 12 43 27 46 17 80 3 36 5 47 24 19 10 69 49 25 55 30 11 52 4 31 66 58 
4 61 68 56 58 62 20 7 1 24 11 23 22 60 25 15 72 49 26 27 80 75 67 3 64 36 37 43 76 12 34 10 17 28 52 78 54 9 44 19 14 
10 16 25 45 6 37 57 60 67 1 51 58 48 63 2 71 62 27 35 33 17 12 76 30 42 20 3 44 53 78 70 34 
25 24 77 22 53 46 74 26 73 2 79 68 67 54 38 3 41 8 30 18 1 61 6 39 14 12 37 32 36 51 72 76 80 58 75 47 19 43 9 7 44 59 4 17 78 11 
31 7 37 8 50 39 35 79 27 32 46 70 11 68 74 66 48 47 52 69 45 21 19 24 1 4 23 62 49 12 36 44 72 59 40 63 51 29 42 6 3 15 65 
2 68 37 25 55 72 42 47 17 67 16 62 24 34 46 35 41 69 70 65 21 43 23 71 58 73 52 56 60 40 26 28 5 18 53 11 30 54 4 19 6 22 77 31 
6 60 2 46 80 56 12 59 67 61 29 43 53 37 18 19 30 41 16 57 24 26 3 58 32 31 5 70 71 25 74 10 47 48 72 
11 53 10 44 9 62 22 3 45 79 20 15 30 42 21 54 76 39 33 57 59 60 43 19 2 52 72 63 32 27 17 14 73 29 18 80 31 8 4 69 
61 63 72 69 50 25 42 29 77 15 23 28 67 74 48 43 36 45 52 39 2 58 3 33 64 6 68 79 51 44 27 17 31 18 14 59 37 19 73 71 13 
25 17 69 79 16 33 66 64 4 21 47 78 20 35 75 63 29 59 9 37 45 26 11 71 28 76 51 19 57 13 41 49 67 2 31 62 65 38 27 43 24 1 
31 73 5 8 10 25 22 66 13 30 69 62 55 76 40 16 43 64 20 75 80 59 60 23 37 9 6 21 48 36 63 3 72 39 19 68 14 28 
13 68 52 33 43 67 61 6 78 79 37 59 15 20 11 69 5 9 4 55 64 65 72 8 53 31 18 58 66 2 47 57 
61 3 48 8 73 2 80 26 55 77 54 18 5 17 13 66 70 25 31 47 15 6 34 35 12 63 9 60 43 78 16 36 33 69 42 65 38 41 
3 35 33 47 25 18 15 66 9 8 46 10 44 76 62 40 16 24 54 74 78 50 5 36 39 32 28 57 23 56 6 77 43 11 73 59 
54 73 60 55 67 42 41 70 45 69 17 26 77 37 24 66 36 3 30 18 1 14 68 44 19 35 58 22 6 59 46 62 31 63 50 
21 11 52 30 7 3 76 32 8 24 38 53 73 31 17 69 57 26 6 72 46 65 36 79 19 78 29 68 56 40 42 51 2 37 70 75 55 44 
13 68 18 66 28 27 62 53 4 15 75 77 58 72 17 49 12 6 50 54 20 61 2 39 71 25 59 5 60 65 70 19 76 73 16 44 56 74 35 14 37 33 51 
34 69 11 55 3 27 40 15 30 8 62 57 52 14 10 70 24 66 21 44 64 28 35 78 61 68 45 54 19 23 38 59 31 20 80 5 9 36 12 73 37 65 
7 75 50 36 48 34 10 80 46 52 6 69 60 31 56 25 41 23 54 37 64 67 35 59 71 38 9 76 16 15 4 45 28 
38 68 71 9 11 53 15 7 65 79 31 75 64 45 18 6 1 39 24 55 69 61 72 22 63 67 44 50 2 13 42 41 47 40 17 34 74 10 20 14 12 
38 56 53 3 61 30 49 60 79 26 25 76 29 34 78 55 46 66 10 45 9 15 7 42 17 33 57 37 27 43 23 73 5 50 48 4 75 52 47 18 77 
9 41 32 71 5 51 39 8 57 24 80 4 25 31 20 76 67 69 45 55 75 1 44 17 10 70 14 72 28 59 29 49 22 7 66 62 13 12 2 40 16 68 79 61 63 35 46 53 73 11 
6 66 16 45 30 20 7 39 76 12 36 65 59 10 55 21 60 26 18 47 50 64 56 80 29 68 58 62 23 42 51 11 77 35 78 72 40 
61 10 17 19 1 3 66 2 9 68 40 74 69 60 78 48 31 49 11 55 53 26 36 23 76 30 33 71 34 32 52 44 15 43 56 16 67 6 70 75 46 41 
5 70 67 7 22 20 30 6 13 77 47 14 37 11 19 1 69 51 60 68 41 4 75 43 76 12 35 46 23 36 48 53 49 58 
75 40 19 66 67 24 61 47 48 73 18 3 4 56 58 31 39 50 17 68 34 26 10 36 38 27 71 76 57 29 49 69 14 13 77 22 20 
39 75 56 48 38 67 15 54 77 25 58 1 61 16 12 31 37 76 27 55 51 19 69 44 43 50 71 32 8 36 
30 27 70 69 80 64 74 23 32 15 21 51 52 55 43 1 48 53 7 59 25 22 39 56 3 28 79 17 62 61 5 60 49 50 75 26 
1 27 15 60 58 18 79 64 73 48 13 75 14 29 41 16 22 63 44 53 62 47 10 65 33 45 30 57 40 42 32 74 76 3 4 37 31 50 69 
61 22 64 29 50 3 28 63 74 34 16 60 40 38 21 75 10 13 30 33 70 62 6 49 56 79 42 55 58 15 26 14 44 54 43 47 8 53 32 31 9 25 
49 57 35 66 15 14 50 46 74 65 54 6 23 37 24 43 78 31 39 71 7 53 70 28 62 44 9 51 56 12 67 58 63 11 4 48 60 64 32 38 47 16 
30 71 32 18 19 60 8 12 9 77 21 16 36 23 22 11 45 76 66 75 43 54 4 69 72 53 62 68 44 41 79 5 10 20 51 35 55 56 33 28 78 2 63 
24 44 55 27 48 10 11 21 62 38 64 70 33 16 41 57 31 15 65 77 28 23 69 60 58 9 72 17 20 47 32 45 73 75 
15 54 27 73 71 26 46 55 38 4 17 32 50 7 44 5 77 42 22 1 9 28 3 49 78 16 79 40 20 43 58 33 45 61 24 34 18 60 74 13 31 47 10 23 70 
53 79 14 74 46 64 6 80 3 49 10 42 75 60 56 47 44 51 12 71 37 72 11 67 26 78 22 59 24 52 55 36 9 5 20 25 54 
72 29 76 20 14 5 77 52 30 31 34 58 2 12 1 69 45 73 42 19 16 17 22 10 9 25 55 80 43 11 62 68 66 35 6 78 38 15 18 47 67 
5 57 49 55 64 66 65 16 59 68 73 38 78 29 27 71 40 70 6 20 63 4 35 79 67 76 54 60 42 62 77 33 15 17 36 13 48 58 8 14 
63 19 61 74 42 27 10 9 70 49 18 78 23 41 24 12 40 13 64 52 54 55 25 29 28 48 60 35 8 37 57 20 59 30 7 62 17 46 38 77 34 3 67 80 26 15 75 65 
42 9 53 55 71 44 64 75 61 59 80 20 23 11 70 4 47 76 38 72 17 65 10 52 25 63 27 74 51 29 34 
26 61 69 72 7 27 59 50 52 2 75 14 31 19 76 54 15 56 9 51 42 12 41 74 20 70 32 73 48 10 40 18 38 62 29 
50 66 20 48 33 75 5 18 28 7 24 4 67 1 14 8 12 26 3 42 16 47 25 29 22 17 58 59 68 30 36 46 10 80 6 73 32 11 60 21 43 54 72 70 
23 38 28 61 7 60 45 79 32 74 77 4 18 29 1 2 13 37 73 49 40 33 20 34 3 51 19 24 76 26 57 46 17 21 66 42 5 39 56 6 