80
43 58 63 41 79 28 33 73 77 49 35 24 59 20 69 52 67 29 44 25 72 38 70 10 2 22 6 47 34 42 71 37 53 12 48 8 62 39 40 56 31 54 64 14 75 80 3 74 17 78 7 19 15 55 60 36 9 
49 10 17 14 15 73 23 66 50 32 47 74 70 57 53 36 3 72 59 42 28 8 1 11 61 19 13 18 16 27 12 76 5 25 35 69 4 51 68 63 67 75 40 54 43 58 33 39 45 56 21 9 60 31 34 80 44 24 
59 77 70 74 12 1 28 25 79 47 30 33 56 57 16 78 44 17 39 34 35 55 19 40 46 38 72 71 54 32 60 42 15 24 66 31 80 62 9 13 18 75 49 50 22 52 5 7 61 45 2 73 53 23 11 65 29 36 
2 24 59 62 7 14 57 5 13 72 39 48 18 29 67 37 56 34 65 36 35 63 76 41 22 9 75 32 51 68 12 33 42 69 19 23 20 45 26 43 61 70 55 79 17 30 21 11 80 16 31 40 28 74 50 38 66 54 
49 73 41 2 77 19 28 3 29 4 6 71 54 18 26 25 57 30 58 42 78 9 50 37 12 38 47 46 13 43 63 56 36 21 14 62 23 44 69 74 70 16 72 8 45 31 22 15 20 33 68 64 39 48 35 27 24 67 34 10 
13 7 76 37 60 71 49 32 30 54 43 61 33 80 74 56 19 57 38 64 9 70 66 23 42 5 75 55 48 62 14 78 11 45 63 17 58 65 41 8 59 18 52 69 26 77 24 1 51 50 72 21 25 46 36 
39 4 66 53 54 9 79 55 1 72 71 62 58 44 25 51 64 6 37 36 61 50 46 67 33 65 12 3 32 34 45 28 31 60 17 26 80 8 30 48 19 42 63 47 21 43 75 27 57 16 20 56 13 52 77 68 73 70 69 76 35 49 14 
52 33 63 48 74 24 42 62 53 18 43 45 19 10 78 2 1 54 59 44 66 25 67 31 28 80 58 76 13 9 32 46 30 16 64 73 38 75 57 12 69 35 11 55 79 50 68 34 56 77 6 15 7 49 36 72 27 47 5 
20 54 22 6 23 51 38 44 58 76 73 68 56 15 42 25 75 13 27 79 30 41 50 34 17 10 66 64 29 67 39 8 14 7 26 2 28 37 65 16 70 21 47 53 49 32 5 52 74 55 77 24 4 35 31 18 1 3 45 48 57 60 
26 33 60 56 74 22 57 16 75 2 18 1 53 23 32 73 39 58 49 30 48 25 52 17 13 77 67 71 47 15 41 72 62 21 24 45 68 66 55 31 64 43 11 76 5 34 65 29 27 36 40 20 69 9 80 35 51 38 8 42 37 
65 26 64 60 59 78 34 41 28 32 71 73 3 45 31 69 48 22 63 61 56 27 2 42 19 52 39 16 37 8 24 29 25 13 55 53 50 75 17 20 74 44 76 6 70 49 12 46 36 67 10 38 4 68 51 66 15 57 
37 17 54 56 34 59 1 4 24 8 44 26 29 43 72 42 21 69 80 70 25 52 32 75 40 57 77 14 2 50 62 33 61 11 16 46 23 30 20 79 22 66 5 64 36 38 53 28 7 3 65 45 58 35 39 49 
65 31 5 16 4 9 55 44 43 61 53 25 29 63 78 6 3 51 11 40 57 2 8 59 69 75 79 45 66 21 49 38 62 41 76 71 22 39 50 52 23 72 7 47 54 48 73 36 37 70 33 15 58 74 67 10 68 26 
12 30 62 49 47 26 35 44 77 4 64 38 46 63 20 39 73 25 52 78 19 21 16 22 36 27 60 66 37 6 50 75 58 53 7 48 42 74 67 28 1 5 59 24 43 76 9 2 34 69 57 17 68 41 
11 43 3 75 66 48 17 39 23 54 80 41 67 29 64 40 53 76 2 24 22 52 60 56 62 9 10 74 59 1 37 8 35 77 33 19 25 5 55 44 51 46 31 78 16 63 58 45 61 38 71 13 69 50 
12 30 49 37 42 47 25 18 32 11 52 38 48 39 66 24 21 14 50 54 45 80 41 2 31 10 8 44 3 77 28 29 68 53 65 34 51 73 72 23 55 20 22 17 7 35 64 61 9 4 5 56 70 19 13 78 69 15 75 62 60 
23 34 3 19 69 28 26 60 9 71 24 4 52 63 73 33 49 32 66 2 46 16 64 1 42 45 59 14 80 30 11 62 76 56 10 75 27 44 21 74 53 77 35 67 38 48 43 7 12 6 20 18 72 51 61 22 15 
9 66 62 64 34 37 60 20 25 43 55 3 73 71 53 40 48 4 79 45 30 52 2 69 46 77 41 26 23 68 5 17 8 61 74 44 72 31 16 59 33 35 6 42 38 19 10 51 27 39 32 36 47 78 57 63 
3 6 51 74 55 53 50 63 29 41 36 49 80 69 73 30 28 15 23 14 24 58 57 31 78 1 22 77 54 76 27 68 61 67 21 72 11 4 33 25 18 8 20 32 38 26 65 16 52 48 46 7 40 56 60 62 17 2 5 79 59 66 44 47 
16 4 39 43 17 41 72 11 79 75 37 56 58 10 47 57 28 71 1 19 67 76 35 21 80 51 31 9 50 62 12 61 26 30 7 48 42 55 33 46 44 14 45 18 36 70 69 38 49 24 5 25 22 77 78 66 34 29 74 53 60 63 
32 19 36 72 67 2 71 13 16 69 76 9 43 51 35 41 57 33 56 37 60 17 6 75 49 80 73 7 24 62 61 52 28 70 55 20 63 65 5 53 23 68 77 54 42 40 39 25 74 79 30 14 78 12 45 48 66 47 10 64 4 29 
68 5 50 39 80 1 16 20 25 46 26 76 60 17 35 52 27 79 29 37 3 44 63 56 10 41 49 31 59 65 14 13 45 40 34 69 38 11 61 24 72 32 9 71 4 54 78 70 47 58 53 12 67 64 57 15 23 77 19 66 62 28 42 
70 78 52 22 57 47 34 44 18 77 58 35 56 13 26 6 46 43 9 80 69 10 55 33 28 4 17 50 25 37 15 31 53 2 39 54 16 71 64 62 29 65 68 32 12 74 45 19 21 41 73 66 27 3 30 76 5 72 36 
15 63 36 78 43 51 3 16 58 39 26 14 41 75 19 72 68 1 64 34 45 17 70 6 55 37 50 77 48 10 59 9 22 52 62 69 54 8 31 21 29 40 61 4 2 74 46 71 57 38 20 53 32 42 12 27 60 11 49 56 30 66 5 
13 40 73 29 45 43 14 70 76 34 50 37 64 8 22 31 80 12 26 79 59 44 68 23 16 56 74 63 75 41 49 6 10 46 47 53 42 58 7 18 77 30 5 38 15 20 2 19 65 33 57 39 67 11 48 35 9 21 1 3 
7 61 40 57 56 65 32 29 52 39 76 31 77 66 23 53 19 5 38 11 6 80 67 27 59 35 20 58 36 13 28 47 69 17 18 9 75 72 34 14 4 33 64 78 60 22 25 79 10 41 12 46 68 74 70 63 24 
53 60 41 44 17 48 22 37 8 42 70 76 23 55 67 63 2 5 71 61 19 26 24 35 68 66 34 36 46 50 56 31 11 43 14 74 62 38 18 33 10 80 40 47 73 7 57 58 29 9 45 64 28 54 
42 75 8 57 70 14 64 54 23 55 62 43 9 26 73 61 45 12 40 21 35 20 29 19 72 78 56 79 1 69 41 16 7 27 63 11 68 58 4 46 31 2 17 34 49 71 30 5 3 38 50 80 65 76 22 77 52 
25 33 23 11 79 66 34 39 13 69 32 73 28 53 43 45 37 12 42 74 60 15 54 19 27 76 46 80 64 3 59 21 77 70 48 1 68 62 78 71 52 10 22 4 40 44 31 16 50 61 30 5 20 38 26 72 9 24 57 
39 46 32 7 9 78 14 10 51 49 6 74 70 17 25 43 34 12 37 19 65 28 24 29 79 63 75 41 23 8 71 38 68 80 66 50 36 62 5 52 40 16 61 4 73 21 69 31 18 67 64 58 20 56 3 47 59 
80 43 23 22 19 77 34 28 15 53 7 16 63 55 9 38 13 59 26 33 50 41 62 79 44 48 11 20 75 30 45 1 18 73 25 67 49 71 76 29 37 66 78 39 3 27 74 58 70 8 5 64 10 68 2 47 72 24 46 4 61 69 52 
30 19 79 42 9 43 2 78 45 47 6 18 23 3 66 70 8 41 26 24 61 17 37 16 12 7 11 63 51 10 59 21 50 38 60 40 65 53 54 71 29 72 34 67 62 4 69 58 48 39 22 56 55 68 75 74 57 33 76 49 64 
74 72 44 78 48 63 12 50 34 77 1 57 10 40 13 23 36 3 79 7 54 67 17 76 32 62 25 19 15 29 8 31 41 66 69 68 18 20 60 21 26 6 49 5 58 80 42 59 75 38 4 64 55 37 27 2 
18 70 24 72 3 5 32 16 50 36 67 27 1 48 78 45 57 44 23 80 2 40 22 11 79 76 77 20 29 74 35 75 10 61 9 4 55 66 60 38 59 12 33 7 51 47 17 71 26 52 63 64 54 28 56 43 58 14 53 25 30 49 65 31 8 
37 4 22 80 51 25 8 56 55 61 15 78 45 69 34 2 7 26 17 10 72 20 67 28 18 16 64 66 60 71 12 50 23 14 62 1 9 76 77 53 73 59 3 43 21 46 5 27 63 79 65 68 40 52 48 
56 7 37 47 73 80 11 54 33 67 8 61 24 26 19 76 6 65 20 38 10 30 69 18 52 70 66 60 79 13 57 14 75 51 71 42 34 21 50 1 62 53 72 2 3 77 41 5 12 27 68 23 49 45 4 58 
66 40 62 16 58 21 50 77 5 7 74 60 69 59 31 49 56 51 36 10 44 14 11 9 24 64 23 22 65 47 20 6 33 61 15 57 13 67 71 12 45 78 55 41 32 80 1 48 73 18 25 38 4 76 30 27 52 35 29 46 42 54 75 68 
20 18 32 62 29 46 36 40 59 56 51 70 74 13 31 33 66 78 76 3 64 27 6 15 4 26 30 1 65 11 9 53 58 24 17 71 16 12 49 61 37 50 77 69 75 60 39 44 25 19 14 55 79 72 34 5 47 43 22 8 10 54 28 
59 70 15 2 11 38 74 80 42 30 55 53 51 49 60 46 50 25 64 41 10 13 20 26 45 40 47 66 1 16 24 58 21 23 69 29 57 54 22 78 77 7 5 3 9 43 75 12 31 79 14 18 73 4 32 65 63 
63 18 66 69 24 53 19 60 26 35 80 79 56 57 4 10 48 21 49 27 59 13 32 78 68 75 2 15 50 29 67 44 61 74 3 52 25 54 38 73 34 51 71 42 43 62 41 37 45 77 55 28 76 1 30 46 64 22 39 58 12 33 
24 61 44 60 67 21 75 58 14 13 11 65 77 4 22 40 31 26 43 32 45 64 59 48 25 19 78 74 53 15 1 46 80 56 55 10 36 54 47 70 30 73 69 28 76 9 71 52 37 20 50 27 23 33 16 63 6 68 72 42 49 39 5 79 18 
7 21 64 2 12 52 74 33 77 9 32 71 59 17 16 18 36 37 68 22 43 41 58 80 60 5 20 40 45 51 62 4 28 29 54 66 49 10 14 56 72 44 69 50 65 63 24 6 11 78 47 25 1 67 39 79 27 3 8 
17 54 30 39 47 14 40 28 34 60 38 52 48 46 56 72 18 23 44 80 25 1 27 8 21 31 58 2 51 57 68 71 49 45 32 70 53 69 62 13 4 61 15 24 55 76 77 20 73 35 5 6 10 64 78 66 7 42 79 12 75 41 29 
79 73 76 49 66 13 5 8 3 43 77 47 31 2 16 67 80 50 25 29 14 7 46 38 23 63 53 52 1 17 37 60 57 72 27 11 55 22 59 20 15 42 34 19 40 18 33 9 41 56 65 12 
37 10 9 63 29 55 58 34 39 46 21 25 76 18 64 22 68 40 4 80 13 2 41 24 75 66 70 62 20 47 31 52 5 12 15 57 17 42 43 35 49 79 54 48 69 78 71 16 11 6 36 8 59 60 27 61 28 7 51 32 23 3 
79 35 68 48 44 50 55 71 15 41 62 61 49 75 27 60 43 38 37 8 78 31 57 53 28 30 40 51 12 39 74 66 6 11 5 54 26 20 14 52 56 22 65 7 24 64 25 3 17 23 19 45 67 18 63 77 29 
44 31 58 18 39 70 52 78 16 13 9 48 1 54 2 25 14 21 68 63 32 73 65 69 75 7 64 3 34 23 22 43 53 51 42 36 66 57 8 38 19 60 10 41 5 77 20 55 27 79 67 45 26 72 74 37 62 30 56 
34 40 15 67 79 63 64 61 16 29 78 5 69 60 13 27 46 14 72 24 25 52 1 31 75 21 11 7 6 20 37 76 8 17 43 18 51 32 45 68 41 55 10 19 59 62 71 9 47 74 4 54 50 58 66 35 33 
77 11 60 52 43 37 53 9 64 3 5 55 68 78 34 19 30 69 40 12 46 36 8 56 24 22 66 50 42 13 51 44 62 70 7 10 6 25 67 79 14 1 74 59 33 63 39 21 31 61 28 17 45 38 58 2 72 41 16 54 20 73 32 
56 27 2 70 73 59 20 67 40 68 8 58 62 22 64 65 3 28 36 5 9 30 69 74 80 44 12 6 4 52 76 23 46 41 37 42 15 16 31 34 14 35 29 32 7 25 19 72 38 33 60 49 24 53 78 54 11 61 79 39 66 13 48 75 
13 11 72 45 49 55 79 65 52 43 61 40 4 46 19 38 30 20 69 48 36 35 67 68 57 71 74 15 76 53 32 6 34 70 10 24 39 75 21 59 47 9 17 78 58 42 7 54 37 18 73 56 77 2 60 80 66 16 
3 8 23 28 11 73 51 48 7 10 18 40 9 30 6 59 17 14 53 57 79 42 46 37 44 1 43 55 12 19 29 16 54 45 13 15 35 49 24 58 36 78 76 75 22 47 50 72 31 60 26 34 77 63 66 68 41 21 
23 56 20 13 41 64 47 18 7 25 9 32 75 46 3 40 52 31 17 61 21 16 36 51 27 71 73 60 14 65 62 8 77 1 43 57 34 50 59 35 78 19 44 49 10 76 38 15 74 12 80 39 22 26 63 24 79 54 11 2 29 67 
61 79 62 2 53 55 13 5 48 70 76 22 75 39 6 4 34 29 24 38 19 32 42 21 64 27 57 43 51 1 74 40 50 16 15 71 73 33 28 46 49 9 68 36 3 47 41 12 63 67 8 80 52 7 45 23 37 
8 4 69 60 65 71 77 34 45 39 72 41 46 28 57 68 80 49 79 63 10 1 23 32 27 70 24 78 64 13 43 33 48 6 7 18 19 58 37 59 67 51 47 21 74 3 52 11 31 62 16 38 15 44 54 35 20 56 9 73 40 
15 3 37 32 80 16 47 66 20 9 50 40 27 58 1 60 5 24 17 42 51 35 64 71 28 25 38 59 68 22 57 65 74 30 44 4 46 21 19 10 49 8 34 43 7 72 55 6 41 53 63 36 23 12 2 62 26 70 75 79 11 73 
68 78 33 74 43 13 64 76 10 37 27 6 71 11 80 51 18 26 65 5 8 2 59 53 36 44 28 12 69 79 45 23 77 55 62 25 19 47 32 34 52 72 20 56 54 75 40 67 21 61 4 22 24 9 7 3 70 46 14 39 58 29 
63 5 12 36 59 50 61 41 49 26 33 10 14 45 70 51 28 22 6 56 8 15 24 71 38 65 19 25 7 43 39 37 34 66 13 75 64 76 30 74 27 2 52 57 42 23 9 48 55 1 31 32 47 20 40 
18 14 60 2 37 22 53 12 75 42 50 8 74 38 63 13 80 11 26 3 51 69 30 24 64 19 58 33 77 52 17 32 44 1 66 4 71 70 49 40 57 41 6 25 39 78 35 56 48 31 61 55 45 34 68 15 79 65 29 
67 14 35 18 11 37 77 1 59 55 80 53 29 78 32 33 62 44 70 17 66 46 45 27 15 65 49 73 26 48 34 3 76 50 69 20 56 39 10 24 36 61 7 47 16 22 51 52 41 40 43 42 68 6 38 9 19 2 71 21 
38 69 24 45 62 11 75 36 17 51 74 58 20 60 57 73 66 30 80 13 21 72 37 65 22 18 12 43 35 16 34 48 19 6 64 54 77 27 40 68 31 3 15 50 2 29 41 59 49 76 32 53 71 7 67 4 28 70 46 26 
37 80 19 23 10 32 31 72 1 50 56 60 18 36 27 66 22 45 7 61 33 38 5 12 70 3 20 77 8 53 79 57 47 21 6 46 24 67 54 49 16 35 42 75 15 48 40 29 74 55 28 4 30 43 14 17 13 73 
56 15 69 54 14 66 22 58 2 13 74 49 34 6 76 18 77 44 5 80 64 25 19 1 55 17 52 47 73 42 26 31 39 65 30 21 68 48 4 32 75 33 8 53 20 27 72 40 70 24 28 59 11 78 46 41 45 35 7 
29 32 31 42 58 38 50 10 48 28 7 74 76 71 18 37 24 55 41 6 16 53 54 30 39 1 47 25 46 34 66 63 70 17 59 80 35 61 26 12 21 5 22 75 56 14 78 45 65 11 27 15 57 33 40 43 23 67 8 49 9 69 68 
12 39 80 36 71 42 56 32 77 72 51 4 38 59 22 13 44 28 73 57 55 64 21 35 69 53 37 34 46 58 67 41 19 47 3 60 79 75 10 25 78 30 7 74 6 63 66 26 50 23 11 61 9 16 70 68 
30 71 45 46 69 10 3 56 50 23 74 51 42 77 60 38 27 32 62 11 31 44 37 13 22 2 58 26 35 65 14 68 80 47 73 8 39 12 6 15 7 20 18 79 52 48 63 17 29 9 43 16 40 75 24 67 59 49 21 64 34 61 36 33 4 19 
9 33 65 76 41 79 25 44 75 61 31 27 68 54 48 30 55 21 40 57 22 42 53 72 49 2 35 10 37 77 5 78 47 15 64 50 66 11 20 13 19 36 4 70 62 1 17 34 7 14 46 51 8 32 71 73 60 26 
37 66 63 59 26 54 64 4 29 69 30 80 35 60 18 24 10 47 33 61 14 40 27 23 32 36 50 16 67 56 41 8 31 45 7 19 21 11 70 49 71 2 28 46 55 65 9 51 5 52 74 25 77 22 13 42 75 57 76 78 73 48 43 
74 28 39 29 72 79 6 50 55 26 60 64 21 14 20 65 17 12 7 8 38 33 13 42 48 11 5 23 77 2 63 78 36 57 35 19 61 41 68 1 31 47 73 22 49 4 71 75 10 30 24 59 37 80 40 18 51 16 15 70 43 32 76 45 66 
75 1 20 54 41 64 65 51 68 74 6 71 30 5 36 7 78 12 4 24 50 23 63 47 61 29 27 21 9 39 56 79 34 38 58 3 43 13 62 55 57 2 77 72 32 45 49 31 22 67 26 28 60 25 59 16 69 80 11 
51 10 27 41 15 40 28 64 68 34 37 56 67 6 23 45 65 36 48 54 3 22 7 70 77 60 11 59 46 20 30 76 55 31 18 57 69 29 42 53 1 66 61 72 5 43 21 58 17 13 32 38 24 35 
67 43 21 6 65 74 75 24 4 17 63 44 13 20 80 19 50 23 62 3 47 38 57 78 26 34 55 49 29 71 35 7 42 36 73 1 31 69 48 16 8 10 52 61 33 51 70 18 41 56 32 12 5 22 2 28 
23 5 14 13 67 18 69 10 53 7 36 52 3 66 1 19 68 43 56 72 51 76 35 61 25 27 78 21 16 30 54 79 44 11 49 75 80 41 47 17 9 50 39 37 60 2 77 65 62 8 31 40 55 29 63 28 
68 27 13 2 19 37 50 6 75 9 53 8 30 21 54 4 66 15 39 51 57 76 49 48 33 20 23 77 58 80 47 25 59 3 17 32 18 63 11 1 26 72 40 61 14 56 34 5 46 38 24 42 62 70 55 31 10 29 78 41 69 64 65 79 
68 45 77 40 72 37 59 41 58 6 31 24 32 63 66 65 21 13 12 17 46 51 1 8 39 50 74 64 52 20 73 76 38 54 15 4 69 79 43 25 33 80 34 3 7 10 2 57 30 61 14 47 56 9 62 70 11 48 36 53 67 16 26 28 
25 35 14 2 9 26 53 38 67 33 41 43 8 13 37 45 71 54 75 63 6 32 78 61 44 34 19 20 79 74 69 36 68 28 58 4 52 57 17 29 40 7 48 73 64 51 22 50 21 27 23 11 15 10 31 60 
70 17 37 67 39 24 79 53 60 25 1 29 33 35 3 41 74 71 5 34 18 42 14 73 16 36 9 62 15 38 49 61 51 66 44 8 19 75 20 52 6 68 21 40 22 59 31 43 7 26 23 69 10 63 46 28 47 78 55 12 65 57 
21 6 70 19 47 46 57 79 33 38 51 60 32 67 64 35 22 59 37 49 29 30 24 23 1 28 18 63 11 45 39 42 48 65 55 5 40 77 15 43 31 26 69 14 13 16 8 20 3 72 41 34 50 73 74 76 52 68 53 
22 36 77 55 53 19 18 41 44 21 57 74 59 56 78 29 76 30 67 52 28 48 75 34 35 25 1 70 32 51 42 43 20 38 66 40 49 26 39 62 13 12 69 80 54 33 45 8 73 4 7 31 65 3 46 50 47 9 
10 35 1 55 42 39 31 45 57 26 4 28 51 64 44 63 75 27 33 19 34 36 40 50 7 72 68 37 23 6 74 41 29 22 61 54 15 69 65 25 56 70 20 2 43 21 60 66 12 8 62 16 3 53 17 73 79 59 30 
