80
6 24 67 61 16 32 2 35 54 21 10 34 72 11 51 53 79 47 45 48 31 36 39 42 18 55 27 70 69 46 40 19 66 71 56 25 26 52 
60 61 9 12 64 18 53 8 23 62 48 55 14 34 36 35 69 20 52 24 27 58 37 30 21 71 1 45 51 78 42 39 56 44 43 70 73 22 49 
65 11 80 75 5 33 30 37 7 44 53 12 22 10 26 57 8 69 32 70 67 68 74 47 23 76 48 18 61 27 79 78 20 62 13 50 
8 10 78 17 33 66 34 65 45 11 48 15 19 7 41 67 18 74 16 22 6 23 76 20 28 49 25 52 30 75 70 44 46 63 27 13 64 24 
37 72 71 17 3 33 45 38 66 75 50 59 8 18 56 29 60 80 64 25 11 31 57 54 15 9 28 73 7 
59 74 63 1 11 39 38 54 40 61 24 58 26 73 10 15 34 60 51 4 30 64 28 76 22 36 57 18 43 27 66 31 32 71 20 
15 74 5 70 4 26 21 30 14 59 55 51 19 67 41 37 56 44 13 39 11 29 49 35 24 52 17 79 73 3 62 25 20 33 61 40 50 8 36 9 48 80 34 
20 5 33 24 22 3 44 4 45 36 38 42 7 9 49 13 57 73 54 34 78 63 28 31 64 80 40 60 72 62 29 27 56 53 75 2 
44 14 53 47 70 37 27 32 63 54 76 30 7 21 58 52 43 10 45 20 73 17 24 42 5 80 13 69 29 65 50 72 8 38 26 75 33 48 28 51 2 
57 69 56 72 53 78 46 66 36 77 67 26 68 23 4 3 6 64 43 71 12 32 44 62 9 17 37 70 21 38 42 1 15 63 61 35 29 74 
33 80 36 57 42 17 74 3 35 55 49 23 38 64 62 69 77 59 52 60 24 45 31 47 1 4 39 44 14 5 25 70 50 6 30 26 29 12 72 13 7 28 
24 69 40 37 47 11 73 39 77 34 3 46 54 44 43 27 15 60 51 19 63 76 29 10 61 41 14 2 22 26 70 35 
15 57 25 23 8 71 59 55 69 18 73 64 42 52 4 38 30 51 3 58 39 46 75 36 16 7 70 24 11 53 37 45 72 47 9 33 22 60 66 54 
23 36 80 31 45 39 2 62 12 48 34 18 72 27 33 24 47 25 66 7 53 20 21 11 69 58 74 9 73 26 
13 67 49 73 54 75 52 43 4 78 56 79 35 47 38 30 5 55 40 34 63 7 44 39 80 58 6 59 20 32 62 10 12 68 71 21 53 25 23 
47 53 36 21 58 75 63 13 59 78 27 69 54 31 30 28 80 66 70 74 37 1 48 61 49 76 55 26 33 51 65 4 
9 78 74 75 61 5 33 80 79 40 35 11 70 37 10 58 28 46 71 43 38 49 32 39 50 60 69 7 77 18 62 25 21 4 
2 77 14 74 62 37 61 32 44 76 56 54 6 46 57 31 41 35 49 36 71 27 20 34 13 21 43 17 4 5 3 22 24 1 39 63 26 50 68 79 25 
29 71 4 80 43 49 70 7 24 35 26 73 22 65 60 66 46 32 12 59 72 61 58 67 1 34 38 52 28 45 21 40 56 
62 63 76 72 41 24 28 3 15 35 39 4 73 51 59 26 27 45 21 18 77 9 6 52 38 34 65 32 55 75 8 64 78 7 14 2 
19 74 26 1 59 38 18 2 73 15 17 77 63 28 40 49 65 31 25 42 70 78 22 76 67 34 20 9 27 14 10 39 61 45 80 16 60 62 7 55 
59 2 21 24 19 28 8 4 44 77 54 70 34 38 53 72 6 37 71 42 48 51 63 29 41 35 55 13 12 26 3 31 61 69 60 57 18 
65 63 15 3 14 25 30 58 36 27 11 79 44 49 62 69 29 68 42 61 2 73 60 55 13 64 70 71 35 47 43 10 33 4 26 
11 47 26 60 57 27 56 44 67 19 73 33 41 7 69 4 12 55 13 22 2 20 6 53 58 14 54 42 18 71 37 59 36 25 8 28 38 1 9 80 64 31 34 
59 50 60 41 42 14 11 18 15 1 37 65 58 68 78 5 49 76 39 52 23 7 75 77 45 64 54 13 56 71 66 21 17 32 38 24 29 4 
23 19 38 14 16 29 80 71 66 64 69 55 39 43 24 22 75 79 73 77 11 20 18 35 10 9 1 7 33 41 3 6 63 78 21 31 12 30 28 42 34 60 
74 72 52 16 49 64 66 18 24 21 71 20 4 23 63 60 45 50 40 37 55 41 8 32 35 36 2 53 28 6 34 61 39 65 47 14 59 1 42 79 3 9 62 48 76 12 44 
65 33 30 55 5 60 75 21 74 8 20 67 31 11 39 22 71 19 32 6 27 16 36 48 53 58 49 79 17 59 26 9 61 54 44 62 73 4 46 50 24 
62 65 7 33 11 5 23 10 39 25 12 56 61 26 52 55 34 76 8 9 49 41 31 22 19 46 70 48 47 42 63 74 43 64 
79 26 53 34 36 48 23 45 55 28 56 44 52 16 49 65 2 50 6 42 73 67 13 66 32 68 40 11 9 15 4 38 7 3 61 70 35 
21 14 11 63 33 52 59 44 8 66 24 57 60 16 71 53 75 5 6 61 64 35 32 36 62 1 22 28 34 43 55 50 42 39 77 18 38 67 26 72 74 29 54 
74 6 57 68 62 9 19 78 28 10 18 73 51 59 43 20 17 34 53 38 1 31 15 75 79 42 46 50 65 35 27 47 3 66 36 30 25 
53 3 48 73 29 14 40 69 9 75 13 51 24 39 49 56 23 5 16 43 74 28 11 31 8 17 63 54 4 57 78 68 67 36 77 79 26 7 55 47 
43 58 8 42 12 27 31 19 24 62 72 73 36 71 15 6 22 75 50 61 30 20 14 7 66 80 18 40 4 74 26 2 21 1 49 78 79 32 56 29 59 
40 72 68 53 62 43 54 42 80 60 26 19 11 38 39 63 71 22 27 12 52 79 49 15 2 30 74 75 20 23 47 7 18 1 51 50 31 10 48 32 17 
59 61 1 53 7 73 39 34 31 18 70 14 8 56 45 38 46 16 6 10 78 76 69 11 23 41 2 50 64 27 33 60 28 79 43 13 30 32 47 54 63 24 
5 77 73 52 80 7 13 68 45 72 51 53 3 22 27 18 70 76 41 2 61 56 10 58 47 24 59 9 25 39 74 12 16 66 44 42 17 43 
22 9 17 61 26 21 48 5 39 68 78 19 31 65 42 51 36 13 20 70 54 10 55 8 63 49 32 56 80 6 45 24 15 35 11 30 73 25 74 75 
35 25 26 27 15 2 11 77 36 28 75 47 7 54 12 21 43 44 80 20 38 62 71 1 29 79 18 78 48 56 14 61 45 17 6 50 59 40 69 31 60 37 33 13 
49 50 21 39 35 43 73 57 30 76 79 55 77 67 17 6 74 15 34 71 1 59 72 53 33 19 7 64 12 52 8 80 60 27 
65 18 74 72 42 63 52 7 69 37 45 12 4 22 51 24 20 25 80 70 48 50 73 79 29 62 36 59 26 27 78 55 54 
55 41 25 32 76 64 1 44 31 51 65 47 35 22 24 37 56 8 11 26 48 13 34 79 21 30 45 68 9 27 60 2 43 29 66 73 23 77 72 69 38 54 10 78 71 70 
56 67 45 9 42 15 52 57 39 33 51 73 37 23 75 17 31 54 40 34 32 35 76 6 10 29 18 71 19 59 58 26 36 12 2 62 
37 42 2 77 53 3 39 4 71 11 56 68 51 79 62 28 9 24 57 12 47 22 23 7 30 15 8 80 78 27 69 10 31 64 18 45 49 
25 63 65 44 36 37 14 80 9 50 27 71 66 59 62 54 5 79 39 56 2 72 19 42 21 74 78 43 4 61 41 13 47 38 76 55 75 11 1 8 30 68 20 
64 18 54 49 80 58 69 1 13 28 48 52 59 55 17 10 4 51 29 12 66 36 71 60 19 79 75 76 78 32 
29 50 76 13 63 37 56 61 58 36 64 51 24 12 16 42 54 27 44 48 15 55 72 14 71 39 33 23 11 60 70 78 66 32 35 74 3 62 68 45 9 1 57 59 75 49 73 
51 35 1 38 46 68 47 59 4 60 64 3 29 61 65 2 28 73 78 62 53 16 30 39 27 76 33 67 69 54 9 7 56 22 63 42 14 41 52 66 
4 17 58 21 30 77 61 78 28 80 35 33 71 18 38 25 11 16 56 7 59 19 23 47 60 79 67 70 44 50 40 46 29 2 27 75 72 76 8 66 34 15 55 54 
9 7 27 40 39 5 79 31 11 25 3 74 56 69 45 64 41 36 32 55 65 60 47 34 71 59 49 35 17 18 77 28 54 68 58 30 
57 72 52 33 47 48 20 55 37 70 2 42 16 62 61 54 7 68 38 43 35 44 59 46 1 76 22 71 32 69 9 12 6 66 79 41 13 
4 41 40 9 20 1 30 31 27 48 19 15 2 29 54 67 78 13 73 58 76 43 77 61 7 68 59 56 62 51 79 37 25 46 71 11 65 35 64 70 66 
15 10 58 33 14 57 2 72 35 40 55 65 36 24 27 13 63 66 73 16 48 9 44 28 37 31 8 1 22 32 78 30 3 
49 67 48 79 58 45 8 13 51 12 36 35 74 28 63 39 80 52 33 69 15 16 62 31 6 42 46 71 24 1 25 9 50 41 43 61 5 38 18 78 72 47 22 
40 28 15 45 7 46 65 27 42 22 21 67 11 31 26 47 20 50 51 68 23 41 24 72 64 79 53 59 1 77 13 2 30 29 49 38 33 16 
66 15 65 29 39 57 78 2 7 1 50 63 72 69 5 61 52 59 43 48 10 25 33 8 60 42 77 24 36 47 18 37 76 80 34 38 45 44 19 30 49 
66 13 6 31 70 58 22 76 32 77 53 62 3 44 51 56 40 33 18 47 10 24 65 69 74 11 8 73 5 43 72 
79 23 47 74 19 54 78 65 75 2 34 50 57 15 13 68 53 25 16 17 49 52 24 76 43 37 14 61 46 6 9 67 28 62 72 
32 47 39 61 66 36 27 6 25 50 5 56 19 43 20 22 13 46 72 7 55 15 75 45 74 11 34 48 76 31 62 49 60 16 24 21 51 52 41 79 40 37 28 
59 46 62 6 65 78 47 36 11 80 76 40 2 28 42 25 50 49 27 31 23 12 66 19 13 24 35 17 67 5 22 48 21 26 56 39 8 73 
21 66 36 30 38 75 48 54 56 70 16 59 22 3 18 2 29 27 80 1 39 12 69 58 78 31 52 47 37 34 28 51 7 6 49 10 17 45 23 19 
3 65 32 17 21 57 59 7 28 60 10 69 72 15 20 18 11 47 54 14 51 8 79 31 43 68 29 63 39 70 52 41 48 23 35 34 44 45 73 2 27 58 75 
29 77 23 80 22 79 38 72 8 53 21 73 78 47 16 45 41 54 4 12 9 69 36 64 56 10 31 68 48 35 15 70 27 33 18 62 65 71 20 6 26 
69 65 75 36 47 23 48 79 50 76 52 10 5 44 68 4 77 13 26 20 40 24 80 6 78 63 25 46 31 29 2 55 27 11 42 8 
56 68 41 48 21 73 80 67 38 16 30 64 27 60 50 62 23 58 28 3 71 70 19 29 52 63 20 57 32 4 45 74 55 25 9 42 53 
19 13 37 53 6 45 42 47 67 59 78 74 4 31 14 26 52 56 46 61 10 68 51 49 34 32 60 25 1 71 77 80 57 30 48 27 5 16 
48 55 1 58 15 76 75 4 60 19 7 43 24 21 66 70 65 30 52 33 49 79 54 31 10 40 28 80 71 69 3 
3 80 18 38 37 65 44 70 72 55 50 51 52 42 45 25 33 64 23 48 30 47 78 35 63 15 32 66 58 69 62 75 10 
10 33 63 11 22 51 2 56 46 73 61 13 78 67 77 16 44 42 12 26 39 54 41 9 17 62 72 24 48 68 79 70 14 36 50 64 1 23 57 3 
51 9 7 38 30 12 68 21 41 61 80 72 63 1 77 23 52 47 4 37 19 29 17 11 69 57 67 22 10 3 16 49 36 62 13 78 2 73 42 65 
25 52 19 43 22 49 28 39 1 5 31 79 34 27 65 6 23 15 75 26 17 40 63 50 66 13 42 47 74 54 45 44 18 10 2 67 73 24 51 76 35 46 
42 1 59 8 9 35 22 31 55 49 5 53 69 62 11 57 68 58 41 20 14 27 19 10 80 45 70 51 54 76 56 40 13 34 63 47 37 
37 63 5 12 33 38 9 26 76 7 60 32 65 40 70 36 15 34 13 41 75 23 57 53 20 47 30 19 6 24 2 52 71 21 48 14 42 69 28 8 43 62 79 
66 50 16 40 57 21 37 38 7 54 59 65 41 78 27 3 10 14 18 32 4 47 35 34 6 45 80 28 33 29 71 31 58 11 17 
32 3 61 34 4 17 25 35 33 62 38 64 58 43 16 9 26 45 46 67 59 71 47 8 49 15 76 68 5 73 20 31 13 39 28 
57 46 37 59 49 51 43 71 20 79 9 27 52 12 29 67 75 42 64 21 45 36 48 56 60 40 6 3 73 4 25 72 58 18 47 16 
49 69 31 50 78 40 52 42 64 37 17 57 21 55 63 39 25 20 70 12 44 66 26 10 22 18 56 33 11 
17 66 61 15 69 26 36 20 52 54 49 39 42 53 44 60 25 64 2 56 4 79 33 32 63 34 3 38 77 16 47 10 68 8 45 46 41 48 74 80 21 70 58 
71 54 64 26 59 27 28 55 18 32 52 7 30 36 63 58 34 51 73 33 1 3 44 45 78 41 40 15 67 35 76 42 17 46 69 23 50 49 39 62 
21 74 65 70 46 64 67 56 19 39 26 38 66 37 35 61 72 17 8 34 24 44 40 11 15 45 60 3 14 49 68 5 41 16 78 7 63 54 9 