80
63 12 13 16 31 15 30 18 61 23 60 54 33 51 75 45 6 73 17 52 8 43 26 70 25 49 9 56 36 59 3 2 80 32 7 67 68 24 40 58 66 11 5 10 57 38 64 53 55 37 35 42 71 50 74 46 14 34 
30 47 55 36 38 16 13 29 53 1 49 9 4 41 58 67 75 59 11 34 76 54 19 40 25 23 64 56 10 20 5 71 17 48 3 44 39 12 27 60 32 80 63 50 46 21 77 22 74 7 31 26 37 18 72 33 79 70 69 52 
50 21 23 75 72 39 42 49 56 66 18 13 2 9 77 69 53 78 44 68 59 14 58 41 38 28 61 12 73 36 62 7 35 45 60 54 64 22 80 52 33 26 47 25 10 16 37 4 76 19 65 6 74 40 34 24 51 55 46 79 5 1 
40 11 69 2 72 10 23 80 54 30 74 63 38 68 31 45 79 41 71 7 32 60 18 21 73 44 46 50 43 56 66 65 8 78 59 26 27 17 15 70 61 24 55 76 62 53 49 20 12 35 14 29 5 57 77 28 25 3 39 36 52 
35 7 41 34 38 77 63 1 15 24 27 13 48 62 31 80 64 67 42 53 2 75 72 57 29 23 32 39 16 70 25 26 10 60 54 36 12 61 17 47 74 49 59 58 66 40 20 71 11 52 78 4 69 30 76 45 79 51 3 8 9 55 56 73 28 
19 46 50 55 3 39 52 37 62 22 72 79 13 8 31 78 49 80 18 38 42 28 29 36 33 56 63 24 40 34 41 54 47 68 53 74 12 58 32 73 16 17 76 51 14 60 71 23 11 7 27 20 45 15 26 70 30 44 21 35 1 
61 18 70 5 24 52 10 78 48 15 31 33 69 76 29 11 26 59 17 27 74 57 49 13 35 39 73 4 60 37 64 19 56 79 55 12 30 54 53 42 71 6 16 44 34 62 80 14 67 46 50 47 65 68 40 38 1 2 66 63 75 43 9 21 3 8 
32 80 34 7 23 6 5 53 76 65 54 30 28 79 62 73 64 68 38 58 10 22 17 29 75 51 46 36 9 31 59 52 67 77 56 11 50 4 71 47 25 74 61 35 44 60 1 55 43 63 57 41 24 33 16 26 20 45 48 15 18 49 
5 77 64 12 16 57 58 59 32 24 52 45 71 26 43 29 69 55 7 11 53 51 17 44 34 37 39 40 23 25 41 18 14 13 21 68 73 61 10 80 27 54 67 60 35 50 78 63 47 46 1 2 30 8 75 3 31 70 74 
30 14 78 57 7 34 19 39 35 13 47 64 18 48 23 17 1 43 41 54 46 63 3 79 73 45 69 56 37 11 2 80 75 25 36 29 26 9 71 24 66 20 4 67 22 31 51 62 33 27 74 52 5 8 38 53 58 61 21 32 15 
38 52 55 17 39 53 44 27 79 72 36 74 12 9 31 21 65 50 80 32 43 59 48 25 33 73 22 13 75 60 70 46 20 77 23 54 29 28 18 2 63 5 66 7 61 16 37 62 14 58 76 68 71 6 1 4 47 34 42 40 30 35 41 10 49 8 
65 49 43 63 35 1 68 54 75 30 22 11 19 34 6 58 16 21 69 15 46 62 25 52 57 7 78 23 64 72 2 5 36 61 66 77 51 56 31 55 14 74 53 9 37 32 47 40 4 70 59 39 41 60 42 3 29 
76 19 21 62 56 70 7 32 50 66 22 26 57 61 11 42 80 53 24 78 3 30 52 69 51 72 2 47 46 60 67 9 1 63 36 23 34 68 44 18 64 71 17 33 10 75 28 48 41 59 65 79 5 45 55 6 31 77 27 58 14 20 40 
52 30 80 16 54 6 12 66 20 70 67 4 76 77 7 55 63 13 42 74 11 19 49 38 39 62 78 27 71 1 57 10 51 28 25 60 9 26 17 65 47 75 21 61 48 22 18 69 23 56 64 37 46 3 34 43 35 41 
42 62 24 10 46 47 22 68 17 29 60 8 51 73 64 6 74 25 48 53 26 66 75 16 38 71 63 19 31 79 72 5 67 40 56 28 49 80 20 76 45 61 69 4 21 1 44 39 30 37 50 33 27 7 78 41 12 
19 36 55 64 65 21 41 71 1 28 59 77 76 79 42 70 25 80 9 23 61 5 38 11 74 34 43 39 47 2 50 24 3 7 66 22 57 68 52 48 30 54 8 15 40 32 46 63 44 18 72 31 51 45 14 6 56 53 67 75 73 12 35 
34 78 21 29 77 1 37 51 22 25 54 50 60 49 8 33 70 56 73 35 55 18 13 63 46 61 71 31 2 15 10 58 75 72 74 43 7 45 6 42 76 32 41 20 24 53 36 11 9 57 48 27 79 80 38 62 28 14 19 68 5 52 4 69 67 
72 24 26 6 80 49 76 34 69 41 68 65 33 59 9 4 31 36 51 58 8 11 45 32 40 14 3 62 1 16 25 27 60 54 50 22 13 67 75 10 2 78 53 7 19 64 57 20 66 61 44 47 55 77 48 79 74 17 63 
26 78 17 6 40 18 15 46 13 63 39 68 76 41 7 67 22 31 58 20 73 16 34 72 33 74 49 29 12 48 59 45 42 57 54 30 65 35 43 77 50 3 80 10 62 2 38 55 69 23 14 79 61 56 32 47 64 24 
5 26 77 19 78 69 58 27 43 74 15 34 32 38 59 35 4 36 75 41 21 25 29 18 39 24 6 64 63 62 76 40 61 71 17 10 13 45 53 52 79 33 50 55 8 54 72 11 60 70 14 23 2 56 30 
79 59 67 65 10 6 22 35 50 60 17 44 48 12 64 28 14 57 13 15 7 20 2 36 75 4 9 31 38 51 26 66 32 61 56 62 54 23 72 46 49 42 40 73 41 52 11 55 3 16 29 80 34 45 
59 79 37 44 48 36 38 64 75 11 67 40 29 46 33 25 69 17 39 41 45 68 8 3 78 13 74 72 18 14 6 71 62 2 55 56 49 28 16 63 32 19 42 10 77 65 61 15 12 54 60 21 26 76 35 30 
36 53 50 31 41 13 80 44 54 20 56 43 21 14 10 9 59 52 40 8 76 34 66 48 58 29 11 32 57 2 5 62 3 6 42 60 16 70 51 28 55 33 68 4 26 19 45 64 77 63 38 1 78 25 61 67 27 65 12 30 46 69 
71 79 7 47 62 30 64 6 67 76 72 35 33 37 15 58 32 26 27 68 66 42 57 56 65 9 13 18 28 20 8 19 43 10 63 52 77 34 29 48 45 74 4 69 5 46 49 36 51 1 3 25 17 61 59 16 80 
49 16 39 70 11 38 72 3 78 20 62 31 14 65 44 27 45 10 68 47 22 58 34 76 18 57 17 63 64 36 43 55 40 61 30 5 79 74 15 9 4 73 59 41 71 1 12 23 75 37 54 8 67 51 48 2 24 
7 63 43 64 71 68 38 28 70 10 78 62 4 37 33 15 69 45 56 1 2 61 29 13 60 18 53 55 34 14 6 41 19 77 31 39 48 35 72 74 8 27 20 58 44 49 22 75 50 23 9 67 51 24 76 30 36 80 21 47 32 3 79 54 5 42 
64 36 9 75 59 10 50 37 73 60 7 58 48 26 65 61 72 28 6 79 39 17 42 23 70 77 33 38 20 31 25 29 51 53 55 54 2 18 66 76 56 11 47 74 45 62 52 43 44 46 15 57 4 14 5 67 68 13 80 40 63 24 
27 45 65 31 40 4 80 69 77 57 58 66 75 39 3 56 79 14 37 47 34 74 51 17 8 29 24 70 13 55 15 48 5 21 6 64 50 26 36 46 11 38 52 43 42 54 32 49 22 41 76 60 16 35 59 73 23 
7 22 51 63 35 48 12 49 28 44 20 53 55 19 27 54 6 34 61 31 64 69 71 72 65 74 58 76 59 56 75 47 40 46 80 52 23 8 79 78 9 42 30 66 45 15 5 10 38 4 39 36 17 68 57 70 50 32 67 2 24 21 26 11 33 
57 6 39 32 53 68 38 19 56 71 59 80 13 43 1 76 20 79 26 69 4 14 12 8 67 44 11 74 15 29 66 75 70 48 42 23 9 61 51 16 33 24 52 50 2 47 49 5 55 72 65 60 40 10 78 77 35 25 7 36 45 22 
19 32 49 16 56 80 1 47 62 29 28 5 37 33 9 48 12 53 50 13 7 73 8 65 11 4 78 79 69 17 10 21 46 76 59 26 55 38 57 6 74 23 41 61 54 18 77 25 70 44 58 39 43 72 27 52 2 15 71 75 68 
31 73 52 44 34 45 8 56 33 10 55 79 1 28 75 51 59 69 71 76 48 21 53 62 50 20 40 61 4 29 35 72 24 11 2 36 64 42 60 30 22 13 70 5 26 18 74 80 19 9 46 12 41 68 43 37 17 78 23 38 16 6 57 
67 11 62 8 36 30 60 48 64 32 72 1 22 24 40 26 18 23 20 45 59 75 31 3 58 46 43 52 50 61 41 6 76 65 53 2 51 39 38 78 47 74 42 13 15 71 17 73 10 29 69 34 19 68 54 27 7 
48 26 40 78 46 70 12 16 29 17 39 79 75 18 53 49 7 6 10 61 25 13 52 3 41 56 21 50 32 1 24 19 9 71 44 64 58 28 36 72 5 63 11 66 2 65 60 38 37 33 74 80 14 54 8 51 69 23 20 45 
64 75 70 12 68 30 58 28 39 57 54 41 14 21 29 78 5 10 51 4 79 50 38 16 65 46 49 19 1 76 55 20 74 22 73 6 3 32 59 52 26 11 48 8 17 9 53 44 7 71 77 24 
21 40 41 27 65 57 10 1 63 16 53 44 39 4 34 33 49 74 70 75 8 28 5 20 11 66 23 37 25 24 42 30 13 47 79 59 69 80 22 64 58 29 77 62 61 71 32 73 46 51 18 6 26 12 2 17 55 3 
41 12 62 59 49 77 25 69 27 10 38 48 71 58 6 60 67 11 17 42 56 50 70 68 14 66 15 73 72 24 80 2 34 57 74 63 54 26 31 43 28 51 36 64 75 44 76 22 61 32 40 9 3 1 7 55 47 65 
59 44 71 77 3 5 28 58 4 1 57 75 62 26 25 30 10 39 56 43 14 2 68 15 54 46 47 34 33 70 29 66 20 7 19 37 35 11 32 79 21 78 52 31 40 23 53 61 51 22 55 50 27 17 64 73 6 49 63 16 76 8 41 
28 33 47 79 48 10 36 64 16 38 41 14 3 52 55 62 9 74 67 11 15 6 78 2 54 71 73 22 51 57 50 70 77 25 66 40 63 31 80 59 46 7 20 5 53 12 26 29 72 75 44 4 19 30 27 34 68 42 35 69 
28 7 27 39 63 3 11 1 34 65 29 56 45 13 16 43 42 64 33 15 9 46 41 18 51 23 61 22 12 37 21 6 59 50 20 4 75 57 48 44 79 71 52 68 62 25 32 80 19 2 73 76 70 69 5 72 78 49 38 36 30 
77 23 26 15 49 43 21 37 25 79 22 76 67 55 14 64 5 10 36 59 58 61 19 56 6 42 54 11 38 52 68 28 3 71 74 62 34 39 40 2 48 69 31 18 33 65 4 51 17 13 44 78 12 8 60 16 47 9 20 50 35 73 70 32 
27 39 5 41 13 23 50 12 21 37 3 77 6 69 17 1 71 74 73 78 32 61 16 7 70 80 57 30 49 75 36 15 68 58 28 11 43 65 29 48 60 66 24 63 54 33 44 51 76 40 14 22 59 26 62 45 19 
53 24 80 69 57 19 31 32 8 70 48 40 52 38 23 47 11 41 46 7 55 61 1 16 50 10 63 4 25 73 76 54 12 37 26 68 28 33 17 72 20 74 77 56 79 42 58 14 64 30 9 27 59 49 
73 42 74 26 8 34 58 21 75 77 15 23 80 45 38 48 7 60 2 57 25 16 11 78 41 67 37 39 69 72 47 55 70 62 9 65 18 30 56 22 52 68 6 35 4 63 54 31 51 50 71 13 61 40 46 76 36 3 49 27 32 29 53 66 
73 21 67 76 18 22 15 70 8 60 23 59 74 68 79 33 65 17 28 72 58 80 9 52 26 16 29 69 6 13 62 56 25 10 66 47 46 40 3 4 61 57 34 75 24 19 78 32 50 20 27 1 30 49 48 63 71 42 44 5 53 
58 19 16 9 56 54 55 79 60 11 8 17 12 13 49 61 33 39 68 43 45 63 47 15 14 57 53 64 44 34 70 24 80 73 22 74 3 71 4 32 67 7 28 6 38 72 59 23 36 27 21 35 50 75 40 2 29 65 78 1 10 31 
15 27 41 18 67 30 38 74 78 72 76 75 61 36 39 37 43 45 6 63 66 7 8 77 44 49 24 31 50 79 5 25 52 33 14 12 65 53 70 11 48 56 64 71 13 54 26 9 51 10 2 3 58 46 73 19 29 68 16 28 
55 40 26 24 8 42 59 47 28 66 11 65 41 52 18 77 70 39 57 13 68 34 63 29 58 56 7 10 44 16 43 15 14 75 17 78 37 25 76 22 27 33 49 72 31 19 2 35 51 30 32 60 53 45 5 21 79 23 74 
29 26 46 22 1 4 36 18 71 37 21 66 72 6 35 52 61 34 47 42 40 38 53 19 8 30 59 78 41 80 43 44 24 48 62 65 67 28 60 15 45 79 63 3 31 11 17 54 74 76 68 58 50 5 7 2 70 14 25 12 
4 32 23 44 37 56 73 72 75 13 79 8 63 34 7 76 11 65 74 45 52 62 9 46 43 58 39 60 64 2 21 35 28 71 67 3 6 54 55 78 26 27 31 49 15 16 41 80 33 53 70 30 19 77 59 51 42 69 47 20 1 18 17 40 38 68 29 
25 80 48 41 36 17 6 39 65 10 1 26 13 62 27 38 60 54 53 35 9 33 21 8 24 28 74 59 30 34 73 75 56 12 44 58 61 18 15 32 72 14 55 40 5 37 3 42 50 78 23 47 16 66 29 68 
24 5 3 13 1 31 41 12 8 47 40 76 66 49 57 7 11 28 69 78 20 2 10 30 73 45 70 23 14 44 53 75 21 60 67 29 65 9 56 34 48 64 68 43 6 55 79 32 27 77 50 80 35 16 33 71 58 39 17 4 38 62 
3 9 34 56 2 43 15 54 11 27 39 8 61 55 38 50 51 59 13 60 78 67 69 58 1 62 7 72 23 20 49 74 63 68 76 36 35 6 44 47 31 16 75 64 12 18 30 5 32 46 10 77 33 29 4 80 26 45 52 57 17 48 
20 3 49 4 17 34 50 25 56 23 69 55 11 42 5 47 27 31 12 70 79 7 26 44 9 21 28 51 64 2 43 39 6 37 8 61 22 53 63 41 29 57 62 18 16 38 10 58 19 71 75 14 1 67 66 33 46 35 72 74 
64 20 11 7 26 36 65 28 35 76 44 63 13 8 1 59 41 18 25 62 56 27 52 43 32 2 19 23 29 30 38 58 5 6 48 80 31 54 17 16 71 46 50 78 14 4 79 68 12 37 57 60 3 39 9 51 69 22 21 61 72 53 
27 16 14 61 21 4 64 65 54 19 63 20 62 7 66 29 55 68 17 67 5 74 48 45 58 60 28 8 73 31 13 53 44 23 77 6 51 2 47 80 37 40 10 71 26 3 43 50 24 41 30 12 52 1 69 59 79 32 34 76 15 38 46 22 
43 29 69 71 61 5 7 36 40 42 4 60 18 79 46 68 44 13 1 39 63 30 27 45 48 64 58 10 72 9 52 59 32 8 21 37 53 12 25 35 14 54 24 77 70 17 16 74 38 67 55 28 75 80 23 31 19 76 78 
59 42 27 45 26 65 76 68 8 51 2 33 50 77 41 6 11 10 69 49 34 23 36 28 44 43 20 73 17 55 64 38 37 12 67 5 74 3 57 79 54 19 78 63 56 29 13 80 1 31 9 72 52 18 47 25 35 71 24 61 48 53 70 46 
9 37 38 8 2 22 48 29 36 69 25 76 72 60 20 16 61 19 23 13 70 57 27 50 45 67 7 66 1 63 71 32 30 68 79 21 49 42 62 18 33 31 74 28 4 75 73 12 3 65 43 77 41 56 24 11 53 46 51 80 40 55 5 35 39 64 58 
4 1 15 63 34 32 23 37 9 45 28 64 79 2 59 20 62 42 7 12 67 13 41 76 27 65 17 49 51 33 8 46 21 53 69 71 3 57 56 80 26 14 48 44 66 22 18 5 70 52 11 73 30 78 6 55 68 50 
67 10 34 53 7 59 55 36 69 11 29 24 51 25 27 49 58 31 74 19 9 15 54 64 65 21 40 68 8 17 5 14 4 56 44 30 43 66 12 33 62 13 32 80 22 1 41 18 37 38 20 3 42 46 72 26 76 23 73 47 57 77 16 45 
5 53 45 13 65 77 71 73 54 63 75 22 74 17 3 10 67 41 51 50 20 6 40 15 69 52 24 37 18 23 12 33 59 31 39 72 42 27 4 21 44 79 55 78 56 7 14 49 32 64 68 19 26 25 61 60 38 80 76 11 8 66 36 
24 25 37 48 4 23 45 10 36 49 22 65 13 53 17 6 56 66 34 27 18 8 47 43 15 1 68 50 46 12 44 39 59 54 26 57 16 58 64 74 40 20 67 60 55 71 5 38 29 7 73 75 42 14 62 9 19 2 11 
58 63 20 28 14 40 38 5 21 36 53 59 32 55 57 60 25 26 77 3 10 41 8 65 56 54 37 39 69 74 2 47 50 1 43 33 9 68 34 24 73 18 12 7 15 23 35 27 29 80 52 61 62 22 67 13 19 16 46 71 
23 8 50 78 19 55 27 44 77 11 40 22 30 63 31 75 36 45 80 29 48 56 74 64 18 52 7 60 42 51 24 3 25 21 49 59 35 16 13 28 34 73 4 47 76 58 67 46 41 71 33 62 14 70 12 37 72 61 
3 51 76 80 10 71 63 61 74 49 38 77 30 21 42 60 4 12 18 44 34 5 24 11 37 7 75 1 45 59 15 54 68 47 48 79 28 39 29 36 56 62 13 16 52 27 23 14 
44 39 13 21 59 15 10 74 22 49 53 72 70 71 23 60 56 7 45 78 65 37 8 29 14 41 57 19 25 69 63 62 9 17 79 24 54 30 64 27 33 50 75 18 80 2 61 26 1 47 5 58 52 16 46 
72 42 80 31 60 40 17 48 22 61 16 24 38 44 58 59 47 77 71 41 46 1 8 73 19 43 3 27 56 6 66 25 53 11 9 39 33 29 13 35 26 57 49 62 30 15 55 51 4 76 75 64 12 50 52 23 78 74 63 18 45 7 37 32 
17 18 62 10 7 34 4 43 5 59 73 76 57 33 75 15 30 64 45 2 28 13 9 44 52 74 39 29 41 36 55 72 61 80 54 53 12 40 58 24 67 26 71 60 70 42 14 77 31 19 23 20 22 32 56 3 50 37 
39 77 72 2 48 75 31 45 54 9 13 49 37 25 27 60 44 79 40 50 29 69 58 23 20 41 80 57 26 12 32 17 67 35 14 59 38 5 11 65 6 16 78 76 46 73 30 42 36 4 34 7 47 52 43 1 28 
15 59 8 6 11 13 62 10 80 1 56 65 29 34 36 76 31 14 9 57 33 38 37 47 26 16 20 40 42 5 32 39 7 79 25 69 45 73 44 2 72 30 46 24 52 54 50 17 49 4 63 22 35 78 58 41 68 77 66 55 67 64 75 60 
73 5 26 12 69 49 70 18 40 62 61 15 76 21 77 54 27 58 39 16 74 47 6 37 17 51 2 53 45 68 31 50 80 22 13 24 78 4 79 48 59 25 65 33 67 29 57 20 34 11 46 3 43 71 32 44 55 19 30 
4 27 51 21 44 28 43 41 78 64 32 62 52 71 33 68 75 37 77 79 36 59 10 35 8 61 15 45 50 47 63 60 17 11 1 72 5 25 39 40 38 70 6 46 19 58 42 3 31 7 56 65 76 74 16 9 69 
75 76 26 50 8 69 66 59 58 18 30 24 1 34 78 73 61 15 27 72 3 39 35 2 54 41 46 16 28 45 42 68 48 43 79 22 25 56 37 64 65 6 77 67 62 7 5 11 10 9 49 53 4 33 80 14 63 36 17 57 31 19 32 51 29 20 12 44 47 
63 30 25 73 8 44 45 53 40 5 52 65 37 42 11 78 35 71 16 15 18 7 50 10 51 14 69 54 67 2 3 21 20 66 38 39 59 1 74 76 27 48 46 28 36 62 70 31 12 17 22 13 57 32 29 47 26 33 68 34 9 
41 22 42 19 28 59 5 27 69 73 49 80 52 61 47 6 26 56 72 33 18 24 38 25 4 15 35 74 55 14 50 68 3 62 58 75 71 37 31 70 20 30 65 2 32 57 16 13 48 45 66 60 44 8 23 40 7 53 11 17 29 78 43 
65 26 57 50 61 71 42 14 18 74 62 36 73 20 5 31 12 28 48 2 13 30 80 39 52 64 22 68 43 19 27 17 16 4 44 70 35 59 24 37 23 38 66 58 53 11 3 8 41 9 47 69 56 72 
50 62 22 72 17 67 6 15 41 35 25 49 14 5 7 23 51 75 80 18 44 70 55 9 52 60 38 3 46 39 10 29 19 48 57 71 53 26 12 40 32 31 42 65 74 34 45 58 4 73 13 20 79 47 33 76 68 30 
49 6 21 57 78 52 31 24 2 41 32 13 36 35 26 66 71 60 55 22 54 70 59 30 67 43 27 8 34 46 56 72 45 11 19 7 17 5 10 74 3 38 20 25 62 39 40 58 50 73 16 48 4 28 18 29 80 47 15 
30 43 64 39 51 13 77 9 57 27 8 78 55 32 67 15 11 52 19 3 79 53 40 14 5 36 68 2 60 74 66 44 61 7 62 46 70 6 58 16 56 26 34 4 28 1 23 31 29 37 21 50 69 65 18 59 71 17 49 72 42 10 76 45 24 
