80
21 4 68 73 8 63 43 5 32 78 15 45 2 10 48 14 35 76 36 42 79 60 16 6 38 52 23 65 17 26 53 58 40 25 70 57 77 
49 1 40 41 22 35 39 38 76 61 67 34 53 8 42 12 69 17 30 24 65 47 31 50 23 44 11 26 66 52 57 43 18 27 64 73 77 75 4 5 68 72 63 60 59 79 
54 44 7 28 73 6 13 70 42 69 38 47 41 33 43 23 22 56 78 79 72 52 37 5 35 63 64 32 75 31 30 71 80 74 
25 80 19 54 2 66 70 21 51 73 77 61 46 44 69 42 79 13 12 55 5 29 64 38 57 65 16 63 75 31 78 67 34 1 72 14 59 10 43 71 45 39 
45 4 79 11 1 20 67 26 41 44 62 16 60 17 59 80 27 30 63 29 56 22 55 58 51 15 43 76 74 21 7 61 54 31 9 36 25 70 3 6 47 34 12 2 35 46 49 50 
57 47 72 5 62 50 52 14 54 31 53 69 12 49 44 55 45 75 48 59 58 71 23 56 16 37 42 11 51 1 13 30 76 77 17 65 3 33 27 34 18 63 46 
30 60 74 73 58 28 15 3 46 61 65 25 64 48 67 59 38 63 18 47 53 49 71 55 70 5 43 19 21 13 32 27 54 36 51 72 40 52 20 44 35 62 
67 73 42 56 64 51 21 79 78 43 10 31 49 63 68 53 13 19 14 48 2 39 66 32 75 22 36 80 24 28 35 60 55 1 
13 25 77 75 43 54 37 27 55 24 38 22 69 64 62 10 20 40 30 14 35 12 65 61 5 31 67 56 33 58 47 50 60 45 16 79 51 68 78 32 
43 60 1 46 49 18 48 32 41 56 44 24 62 39 52 30 14 28 8 20 65 29 21 38 79 34 47 11 70 53 4 68 78 16 77 9 59 
19 30 36 13 71 40 61 34 2 60 54 37 46 14 78 18 38 6 64 25 44 53 65 43 10 39 63 76 32 5 52 21 51 59 72 
53 45 21 78 68 37 24 5 23 36 20 70 39 15 16 63 34 48 33 9 2 72 74 41 6 27 4 50 55 80 26 19 79 67 57 73 28 54 62 51 69 14 56 
70 7 26 43 55 9 3 46 14 37 30 75 59 20 38 42 73 53 44 11 69 49 54 72 27 34 32 48 8 47 68 60 78 41 6 40 71 33 36 61 22 29 51 4 65 16 
78 54 64 35 4 34 21 59 46 44 6 11 75 41 27 66 76 10 31 25 73 18 56 12 17 67 42 33 62 53 9 77 13 39 72 1 8 55 70 
35 77 54 31 5 12 18 73 42 26 33 64 24 55 36 16 17 7 1 39 65 27 61 71 32 45 37 28 62 25 50 43 21 72 80 
12 24 1 39 5 17 58 20 54 71 60 9 73 15 49 34 78 66 72 55 36 76 51 4 19 6 41 29 10 13 25 35 80 38 47 52 23 30 61 
71 16 21 15 68 14 1 55 24 41 70 5 79 76 18 78 74 42 27 29 60 44 62 47 69 38 22 31 48 2 73 52 54 23 50 63 46 75 6 40 59 57 64 
48 37 14 67 79 80 45 51 17 42 40 10 23 2 52 65 64 15 20 31 27 6 43 70 7 24 33 49 25 60 29 69 11 50 75 
73 11 57 66 30 68 16 37 64 43 21 7 24 34 54 80 25 39 36 53 62 44 61 79 65 12 42 56 8 70 55 41 4 63 52 78 
76 46 12 10 37 78 73 64 40 22 56 47 21 13 55 74 43 54 33 18 9 60 61 42 63 70 5 38 67 30 51 57 71 24 45 53 23 16 49 68 26 7 32 
75 1 47 12 20 76 52 17 32 56 26 50 35 74 5 10 29 24 60 53 43 69 48 54 70 7 14 19 41 4 22 15 55 11 8 34 25 78 
64 62 20 9 23 65 73 67 3 25 13 39 46 71 60 48 76 59 5 43 40 72 2 55 21 34 77 17 32 38 8 57 53 28 
17 77 41 63 74 39 70 18 61 55 44 27 80 34 69 76 1 49 29 54 16 3 60 2 45 6 12 43 40 20 79 22 53 36 
10 15 16 77 74 36 17 18 51 31 25 57 19 35 26 2 8 60 12 27 41 73 53 67 75 61 72 58 9 64 70 52 48 33 21 62 78 34 68 59 20 
19 28 21 55 72 24 68 36 5 18 60 15 54 56 9 47 76 11 7 64 14 4 22 79 35 39 1 70 67 45 44 38 42 58 16 30 50 
30 15 35 49 24 61 67 44 60 53 54 52 20 29 40 37 2 28 12 31 56 21 13 1 42 34 75 62 5 
17 15 79 46 5 14 56 31 64 72 18 30 67 38 37 6 60 9 43 13 47 61 65 58 68 41 35 12 24 2 45 32 7 62 29 23 
25 74 67 26 78 50 77 3 42 8 15 68 44 7 53 71 29 55 30 70 63 62 69 22 72 10 37 12 
64 27 76 5 16 47 44 70 75 72 17 35 55 65 48 33 21 13 43 50 23 59 69 34 4 10 32 80 77 37 62 26 18 45 42 38 56 28 68 57 
51 3 38 73 65 63 32 36 5 11 60 62 26 55 75 20 44 67 28 9 25 16 80 27 68 10 34 19 45 71 57 47 7 78 79 37 6 33 39 61 2 48 13 40 53 52 
51 44 8 46 6 72 67 4 58 15 26 80 63 77 24 56 42 78 36 61 9 18 48 75 2 17 69 73 45 40 65 68 50 34 57 3 5 32 27 14 
42 21 77 72 80 20 31 66 46 71 44 62 54 57 43 61 45 29 58 33 73 10 56 11 36 52 74 27 76 7 35 78 3 30 59 22 67 13 1 75 55 48 34 51 60 9 15 50 8 47 49 
24 18 6 65 3 14 39 42 66 61 62 29 9 30 76 32 77 49 51 68 64 12 70 43 73 13 15 41 72 63 46 74 55 79 57 20 53 
74 32 75 61 43 37 14 35 2 30 31 26 16 47 56 64 22 21 10 6 45 65 54 5 11 12 49 24 13 23 29 68 36 57 63 59 48 55 71 4 44 19 58 
27 66 25 9 2 67 53 15 75 29 52 55 5 21 14 24 42 26 3 60 72 32 62 79 34 37 16 61 71 1 77 80 8 49 76 40 7 64 
48 77 37 68 73 1 31 63 42 60 44 75 5 43 52 67 13 74 7 65 11 12 16 15 23 40 54 41 25 19 32 71 34 49 46 8 24 45 30 76 
27 3 11 18 39 79 55 73 9 66 49 41 6 74 38 59 28 36 72 13 34 19 68 26 64 60 78 71 29 12 47 70 48 35 30 20 65 75 15 
22 65 75 57 3 7 16 39 42 37 29 10 17 2 27 46 9 52 59 63 4 30 53 11 20 55 68 79 13 1 54 56 72 25 
61 37 49 11 46 67 59 22 64 30 14 19 8 78 73 4 56 62 77 33 10 66 68 15 38 54 2 70 25 23 41 12 47 16 50 52 55 80 51 72 
41 67 18 7 26 75 11 65 66 35 20 23 36 71 60 80 1 51 77 52 30 74 17 55 2 22 9 58 13 43 50 31 47 63 42 56 57 46 
27 71 72 48 19 57 65 61 5 36 13 10 76 68 49 42 17 16 37 33 40 24 50 39 44 78 23 66 14 3 21 79 2 56 45 75 12 73 80 
4 31 29 78 67 35 8 14 28 71 2 80 53 41 17 3 20 40 43 44 76 19 36 61 26 38 32 47 6 54 73 58 15 62 74 33 60 1 59 64 75 56 13 18 25 
23 54 50 7 18 29 72 71 46 8 15 73 78 3 11 21 32 44 42 34 22 74 20 33 36 5 40 47 51 9 27 61 2 1 13 67 10 58 4 60 19 
80 25 23 64 72 31 5 10 34 30 41 6 17 29 43 42 4 71 13 51 3 48 32 19 67 28 7 60 11 61 14 26 2 36 
64 74 29 59 46 73 55 79 15 76 49 32 52 71 18 53 5 23 34 75 6 27 51 48 4 9 36 41 61 66 25 30 60 50 12 65 1 80 31 20 
27 17 45 4 40 20 11 66 14 31 10 56 58 32 68 6 5 22 38 60 39 52 33 78 48 70 13 69 36 43 7 
55 21 10 27 42 69 32 71 20 9 30 43 25 6 3 68 34 51 37 13 2 80 29 78 50 56 52 73 40 61 16 5 17 7 76 59 65 39 
54 41 44 32 10 30 59 1 22 52 65 63 72 29 13 8 18 12 53 37 31 58 60 74 75 45 34 24 6 46 36 66 7 78 17 21 50 
74 18 8 41 33 35 69 70 71 36 20 7 13 75 67 37 26 60 78 5 65 23 57 51 2 45 68 39 61 10 54 34 6 16 32 55 58 53 79 72 
79 17 62 32 55 5 43 41 72 54 21 77 56 52 18 61 15 45 66 58 9 6 40 29 12 67 28 2 39 51 31 25 64 78 48 68 57 47 
40 43 4 49 76 67 62 24 45 11 54 50 61 74 71 31 66 47 8 60 73 30 44 13 72 5 20 59 16 12 70 68 32 18 9 7 39 52 6 79 33 
30 79 39 18 47 16 53 68 17 78 26 54 51 21 50 40 6 7 64 2 67 10 32 45 69 57 3 62 35 56 72 19 1 24 46 38 11 36 48 
11 42 79 54 10 45 6 12 30 35 78 13 63 77 67 80 24 33 64 22 52 1 70 74 57 49 60 58 14 23 2 26 21 38 7 62 75 20 8 19 28 48 56 55 
17 32 21 50 13 49 48 7 12 23 64 4 19 9 25 5 53 43 14 16 71 60 80 36 58 3 42 55 52 6 66 38 39 20 70 62 51 34 57 15 11 26 63 
15 60 33 32 66 75 19 54 28 25 37 14 34 23 7 39 50 53 13 38 45 79 17 6 58 64 78 40 22 72 71 68 49 20 16 29 80 47 35 77 8 12 9 21 5 4 57 70 30 
12 31 42 68 79 65 9 53 75 20 38 5 72 50 39 71 27 41 34 46 40 70 47 8 3 52 69 6 62 19 10 67 14 66 76 32 21 29 26 74 25 
73 49 59 22 32 24 63 41 65 6 29 54 76 79 1 80 34 30 52 33 55 38 53 2 19 20 17 4 50 71 31 78 40 12 
27 73 5 7 63 32 1 55 77 24 31 42 25 59 60 79 64 53 76 34 40 54 49 50 9 48 69 6 16 70 80 43 46 
2 4 37 73 10 7 6 17 79 47 42 60 51 34 11 13 45 29 58 63 38 48 24 5 57 39 67 14 32 22 
55 13 70 58 79 72 5 40 71 54 30 35 9 18 77 17 66 44 11 8 43 25 73 65 51 27 36 42 59 7 32 45 10 61 78 49 1 37 24 23 46 53 26 62 21 2 63 20 22 80 16 48 
13 45 23 2 43 47 60 39 41 33 30 20 4 77 16 42 65 75 32 19 67 15 68 34 49 9 62 31 7 35 51 26 50 27 44 11 24 5 
7 22 74 33 78 53 77 54 80 10 70 24 63 9 27 56 39 32 35 75 28 15 5 71 42 26 12 69 30 65 60 29 51 17 66 64 50 6 52 61 19 14 
70 65 12 2 17 59 1 36 3 28 7 48 80 74 73 40 54 11 69 53 31 58 68 33 19 23 5 6 62 38 4 60 30 20 57 8 34 
29 67 27 62 69 33 37 34 78 58 70 25 9 17 3 50 11 77 22 65 52 42 71 54 74 39 35 55 19 4 15 14 18 2 53 44 7 45 66 24 20 8 
66 22 60 63 2 19 33 80 15 61 18 73 69 37 9 47 7 1 45 13 48 10 64 78 36 56 75 30 31 6 49 38 40 27 57 62 4 71 29 34 11 79 41 
62 65 40 80 78 35 33 46 56 60 37 4 2 69 72 50 8 16 39 79 54 45 32 51 19 55 14 64 48 41 
18 61 51 50 42 43 27 31 28 25 22 14 32 69 71 9 24 2 7 53 79 26 30 72 8 80 4 35 49 52 20 56 36 5 78 77 76 12 44 39 73 59 64 40 
1 30 56 78 31 47 46 52 10 74 20 19 41 24 13 33 27 28 8 37 75 71 39 2 34 72 77 61 63 51 29 55 49 69 25 9 17 36 50 12 38 76 
18 74 65 56 17 29 21 46 4 13 47 68 31 52 23 67 75 76 63 62 9 28 3 73 2 49 66 64 12 58 6 
18 12 71 1 4 33 55 19 64 23 25 49 13 39 3 21 14 20 56 17 74 10 62 28 60 72 75 58 54 46 7 29 63 24 51 77 53 37 5 
37 64 34 32 7 51 45 70 20 17 56 54 47 76 43 4 22 57 67 77 41 11 15 42 49 16 35 44 13 40 65 72 55 30 36 6 60 68 28 3 62 
38 33 6 3 2 28 4 71 12 44 16 74 29 15 35 27 60 51 31 43 49 70 50 25 39 48 14 24 41 7 22 11 75 32 55 56 68 67 66 37 13 52 
33 57 20 1 78 41 39 16 74 4 51 67 17 60 19 2 47 13 69 63 77 80 42 8 3 76 36 22 24 12 32 59 31 45 7 43 75 30 37 15 79 14 58 65 
75 73 70 45 28 63 64 21 69 24 17 68 5 40 48 49 43 79 23 56 34 12 42 3 32 62 20 51 78 33 72 36 53 7 37 
9 62 8 65 14 41 78 37 53 32 17 6 48 70 34 77 45 55 4 21 30 3 35 13 72 36 68 49 29 24 69 2 74 56 42 38 26 40 73 18 61 31 
57 56 11 25 80 35 32 36 20 14 67 22 1 73 51 2 69 21 42 17 5 41 68 29 58 23 45 47 71 6 79 33 16 
70 6 32 10 67 1 35 40 23 2 4 24 62 64 36 53 79 33 58 39 73 60 68 55 22 31 61 29 28 14 50 75 9 71 15 
4 21 19 12 74 14 52 55 30 67 10 20 32 8 53 79 31 47 1 13 9 41 68 49 11 65 46 3 39 73 62 37 17 64 57 60 66 50 48 24 43 16 28 75 42 
38 58 66 60 56 2 33 53 3 10 73 76 74 45 78 12 23 50 9 4 30 49 55 77 52 41 1 37 25 51 27 19 67 5 35 57 59 17 65 18 8 
29 5 23 60 30 19 40 39 44 12 45 15 66 3 16 32 73 57 63 65 58 42 35 18 4 31 76 54 55 41 62 53 8 67 47 