80
34 30 17 27 40 71 66 33 80 65 57 49 15 73 53 55 21 
80 58 17 26 69 77 18 5 4 46 13 12 73 45 76 49 39 
47 71 76 59 6 64 77 55 67 41 66 45 27 22 
38 58 43 62 41 23 55 17 35 46 15 40 69 44 2 22 12 53 16 80 
27 2 43 58 54 46 38 45 73 42 61 41 63 75 74 14 76 12 59 37 70 
56 43 36 14 46 67 3 59 78 45 37 18 22 33 70 
50 11 60 15 68 62 74 27 16 69 76 42 12 67 77 20 
71 30 12 44 45 34 31 55 11 32 48 78 
36 19 69 75 73 68 56 40 54 41 43 20 79 38 70 78 14 
73 59 25 78 24 57 62 79 63 14 64 18 13 12 38 17 42 61 27 68 46 
7 53 75 21 23 63 42 54 48 65 51 15 8 
41 73 2 17 67 5 30 80 4 51 16 10 61 29 8 78 7 43 
2 73 60 30 28 25 21 15 27 54 58 67 39 75 10 20 70 46 42 
45 79 23 53 15 30 37 17 6 39 66 71 9 25 10 74 5 50 68 24 67 44 16 27 
62 60 72 14 80 11 75 26 31 40 70 1 54 7 56 29 45 48 13 4 37 
42 50 46 17 20 54 14 31 29 48 77 27 63 43 4 79 7 64 12 25 47 
16 31 36 2 72 1 77 12 43 52 14 4 64 58 35 10 51 
10 2 20 76 48 42 73 6 70 64 80 
45 68 52 74 9 34 63 35 61 42 70 26 37 47 79 33 
9 67 38 77 50 78 18 7 16 68 41 53 54 13 22 57 23 
36 49 35 65 11 27 80 74 42 13 73 66 44 64 1 
37 68 79 4 66 77 56 39 44 71 51 32 61 6 20 59 33 3 
54 52 26 4 29 68 11 47 74 63 45 76 80 40 32 33 20 14 
80 38 56 74 72 73 10 28 69 61 71 54 79 48 35 14 
16 10 59 29 64 65 60 39 27 45 38 32 63 57 31 14 76 56 71 40 13 
28 19 23 30 48 79 65 35 67 54 58 51 29 78 42 57 31 55 63 15 77 76 71 39 2 
44 3 5 65 53 21 70 35 10 37 45 16 66 7 79 62 80 73 76 13 69 25 1 14 
74 62 75 13 34 69 43 40 26 67 59 60 24 
25 33 50 26 70 31 62 16 12 72 42 23 64 67 48 40 68 71 15 74 
41 8 13 53 70 76 14 45 79 67 12 56 1 50 42 26 57 48 
16 15 17 36 40 71 26 29 61 35 76 45 25 38 53 8 
60 25 22 79 45 38 8 23 56 40 47 
1 34 6 74 22 73 29 40 77 45 23 62 71 38 19 
8 1 43 41 19 54 50 49 78 80 55 69 61 33 28 68 57 73 75 
31 70 62 19 63 41 67 55 74 17 4 24 58 27 42 26 39 21 46 37 
75 64 70 52 43 31 53 45 9 6 49 68 21 17 39 
19 55 22 27 73 52 35 5 14 15 6 59 46 
5 4 72 65 39 42 71 33 45 24 55 20 25 31 10 32 40 76 59 54 64 50 9 60 
49 46 55 35 42 22 40 38 13 36 25 14 50 26 69 71 2 
25 48 79 29 4 56 72 1 64 71 31 52 38 63 47 9 80 43 28 33 32 62 69 39 15 23 54 
65 64 3 5 35 12 59 4 73 30 49 58 60 34 9 20 61 
38 69 21 72 39 16 19 64 44 80 55 10 11 18 7 35 57 26 29 13 63 30 66 5 
77 45 6 9 36 61 40 60 64 68 16 56 17 12 28 46 5 44 51 34 4 48 
69 21 27 46 14 43 66 61 4 72 42 77 22 52 54 55 65 8 60 
3 6 57 2 15 63 75 68 43 74 19 5 79 77 36 33 14 30 8 27 62 38 23 25 50 31 32 
2 55 71 16 68 44 72 54 10 43 73 35 13 37 39 80 56 67 62 5 6 4 
23 16 58 53 3 49 19 32 52 72 40 64 73 68 78 48 
30 68 11 61 40 79 55 26 56 15 76 54 8 80 24 29 43 47 60 18 16 
70 1 21 61 51 34 2 79 41 39 47 65 36 55 69 52 
77 79 60 14 29 30 39 54 63 65 45 61 20 64 34 7 38 55 16 
12 63 11 75 43 17 22 49 61 70 73 72 26 
53 19 47 76 44 37 49 23 17 40 54 36 
73 79 30 1 65 60 70 47 54 11 27 31 36 55 77 52 14 4 20 74 
38 44 66 48 75 59 63 78 24 40 20 52 23 53 57 15 46 34 77 61 79 13 5 11 9 16 26 73 50 
61 48 67 39 57 38 37 4 1 53 46 42 8 26 44 49 60 35 34 63 50 3 77 74 
15 66 63 25 6 9 64 46 22 68 32 43 58 77 74 48 40 24 30 70 
1 66 10 42 34 69 45 25 26 30 55 20 80 68 54 65 63 67 
71 4 56 26 13 35 67 5 17 73 2 41 68 79 63 47 70 
66 67 73 78 54 25 37 77 22 41 80 75 70 6 65 38 3 10 5 28 69 
15 28 44 7 48 53 38 32 41 61 55 50 43 25 13 76 
69 48 22 51 68 64 10 50 34 60 54 24 5 63 12 31 55 41 44 49 19 65 43 72 
46 27 79 4 80 28 33 10 45 73 77 15 65 29 64 7 40 74 72 69 35 
57 42 19 10 35 25 5 45 16 11 55 23 56 26 73 40 66 61 50 54 77 51 58 
3 38 36 18 10 43 17 42 29 65 47 25 62 50 73 16 61 40 21 41 79 75 56 
26 62 49 61 73 77 44 76 21 50 64 57 11 38 59 41 53 27 1 25 
3 63 21 59 22 27 54 42 14 57 56 44 1 
75 7 14 13 29 59 30 20 46 70 58 28 57 35 3 26 6 55 73 12 
47 46 10 20 43 48 7 29 58 80 23 79 61 19 14 45 34 56 22 57 36 9 
74 44 4 7 57 2 34 70 28 27 24 9 71 42 61 49 40 62 39 59 
5 30 58 49 56 9 27 72 29 74 13 35 19 6 71 67 15 59 69 51 76 36 53 18 
29 25 14 40 38 33 22 70 58 46 73 31 39 3 24 69 8 1 26 
47 15 74 51 17 62 61 29 38 42 24 46 70 44 40 
5 47 53 62 59 21 18 58 71 54 24 46 1 9 37 33 51 76 63 13 12 41 10 2 65 27 67 34 64 
5 53 62 21 45 14 56 72 55 24 23 29 75 19 80 7 35 33 70 69 28 
34 59 11 74 51 54 64 45 9 67 5 28 36 13 15 
7 38 70 2 3 18 25 5 52 27 26 48 31 30 73 23 60 65 
17 56 80 65 22 16 44 26 20 33 59 53 45 54 55 43 63 62 2 3 50 7 
8 6 9 47 26 34 20 59 10 54 12 
64 30 26 22 53 14 40 24 19 32 50 48 16 9 10 45 68 58 62 49 54 27 
57 48 23 34 2 46 18 15 40 74 59 21 1 42 27 68 62 4 12 77 24 