40
28 39 32 5 21 40 2 17 25 10 11 7 37 34 22 23 16 9 33 24 13 35 26 4 6 31 38 36 14 29 12 3 18 15 19 8 20 30 27 
18 3 22 11 38 32 25 24 20 19 6 4 12 34 28 35 1 40 7 39 13 37 30 14 8 9 29 10 26 33 5 27 36 21 23 17 15 16 31 
17 22 23 16 9 30 19 5 29 28 39 20 14 34 31 4 6 1 8 10 33 11 2 18 13 26 32 21 15 24 40 12 27 25 36 35 37 7 38 
32 38 8 6 17 30 20 14 27 13 5 16 29 3 1 31 19 11 2 26 25 9 10 21 7 35 34 36 33 12 23 15 22 28 18 39 24 40 37 
3 12 26 37 38 4 30 33 24 34 28 10 1 32 39 7 9 18 14 40 16 11 20 21 2 19 27 17 25 31 36 22 8 29 23 15 6 35 13 
3 7 32 16 18 30 15 11 9 2 36 24 21 37 14 1 27 8 22 31 39 26 25 29 35 4 38 17 23 40 34 20 10 33 12 5 19 28 13 
5 19 22 10 3 16 18 38 34 32 40 11 37 20 14 17 24 36 21 13 8 29 26 2 9 4 30 15 35 33 12 25 23 39 1 31 6 28 27 
3 19 21 26 17 39 2 24 7 35 23 37 18 34 32 33 31 12 27 6 38 10 13 22 30 29 25 5 40 16 9 11 15 1 14 4 28 36 20 
18 34 3 35 10 19 2 37 30 8 13 22 27 26 6 20 28 14 15 1 40 38 39 36 25 16 21 33 5 17 4 31 12 32 11 24 23 7 29 
34 15 36 7 21 17 13 26 22 11 37 20 40 12 38 6 5 35 8 18 19 2 16 23 25 31 39 33 4 30 3 14 29 24 27 1 9 28 32 
18 40 32 13 35 27 19 5 30 21 37 24 20 14 3 17 8 9 29 36 2 22 31 34 6 12 10 16 25 28 23 39 1 7 4 15 38 33 26 
19 25 20 7 9 2 26 33 27 34 21 11 3 28 40 17 6 36 16 29 22 8 23 10 1 30 32 5 38 39 14 37 24 18 35 4 13 31 15 
38 40 6 2 37 34 17 28 20 29 26 4 21 31 10 30 9 5 7 16 35 12 1 39 11 15 14 18 19 24 36 33 8 23 25 3 22 27 32 
34 12 22 35 37 21 25 28 39 31 10 13 33 5 23 2 40 38 26 1 18 7 24 3 16 11 36 17 27 8 9 15 6 29 30 19 4 32 20 
30 24 8 39 31 40 17 3 33 13 1 16 7 38 27 29 22 35 36 12 32 20 34 9 21 6 2 14 18 11 23 28 26 10 4 37 19 5 25 
13 35 17 30 9 38 34 1 7 11 27 36 18 40 28 4 33 24 2 14 23 39 32 19 3 15 20 29 5 12 21 26 37 22 6 8 10 25 31 
29 24 4 28 16 35 3 22 25 12 7 1 26 36 2 38 10 39 6 37 20 21 19 32 18 23 8 5 11 15 40 34 27 31 30 14 9 13 33 
40 14 11 17 15 22 36 33 6 20 1 4 21 5 7 3 12 13 28 32 8 10 25 37 39 16 9 35 29 31 26 27 34 2 30 23 38 24 19 
6 4 16 21 27 8 30 20 1 12 36 10 29 39 24 23 26 2 31 38 33 14 3 17 22 34 35 5 18 28 9 32 40 11 15 13 37 7 25 
15 39 35 9 31 2 5 12 22 10 37 23 17 27 6 33 40 11 25 29 28 18 7 30 19 34 26 36 8 3 13 1 14 24 4 38 16 32 21 
23 10 25 40 11 22 34 8 16 7 29 39 17 4 31 28 37 32 12 35 5 19 26 1 13 9 33 2 27 14 38 18 6 36 24 30 3 15 20 
10 8 27 3 37 21 9 33 39 12 13 23 28 20 24 40 32 19 34 14 2 38 26 29 17 5 4 15 35 11 16 25 31 7 1 30 6 18 36 
36 26 30 28 16 8 21 39 20 11 35 7 19 34 24 32 38 5 3 13 14 33 18 31 22 10 12 4 6 2 15 40 1 9 25 37 29 17 27 
9 3 22 20 6 30 15 1 10 4 25 21 27 31 12 36 33 19 38 8 16 39 26 29 17 18 34 7 28 23 32 35 14 37 2 5 13 40 11 
23 17 39 34 10 38 7 1 35 32 2 26 28 19 3 36 6 40 11 33 22 30 27 29 13 14 18 21 8 20 31 9 15 5 12 16 4 37 24 
22 18 24 25 9 12 8 15 5 35 32 30 39 19 1 11 4 6 3 27 38 20 37 14 36 2 40 13 10 34 29 17 23 31 21 33 7 16 28 
37 12 15 21 14 1 5 3 25 34 4 39 20 38 28 17 23 19 40 9 29 7 36 8 26 16 31 32 2 22 30 35 10 11 6 33 13 24 18 
6 18 39 4 34 17 29 40 35 5 19 33 37 11 14 23 25 27 1 22 32 36 9 26 15 20 7 31 16 10 21 30 38 2 24 12 3 13 8 
21 15 13 25 35 9 24 33 17 5 37 39 1 12 26 7 36 40 4 10 31 18 6 2 20 34 32 3 14 19 16 22 8 28 23 27 30 38 11 
16 7 1 32 26 14 39 8 17 24 15 37 20 22 27 4 25 6 40 31 23 3 33 12 13 35 10 28 38 29 9 5 11 19 34 36 21 18 2 
2 12 39 3 16 30 40 23 10 6 38 14 21 13 33 4 5 20 29 28 8 17 7 35 18 37 24 11 26 36 1 9 22 19 32 25 15 34 27 
18 35 1 33 6 11 9 13 40 31 37 14 19 16 3 15 38 26 23 5 8 17 2 22 39 29 24 20 21 4 7 12 27 10 28 34 25 30 36 
20 22 32 21 13 19 38 31 1 18 12 35 34 26 2 23 4 6 36 29 5 8 24 14 28 10 25 40 27 7 39 17 16 11 3 30 9 37 15 
24 35 30 29 9 19 15 16 27 23 11 6 3 4 12 22 26 36 25 28 7 40 17 33 10 14 5 39 20 13 8 2 37 21 38 1 32 18 31 
37 6 8 1 27 17 18 23 40 10 26 24 39 22 5 13 2 28 14 33 36 29 31 30 25 32 15 7 21 3 20 34 12 16 4 19 11 38 9 
3 34 27 13 37 30 19 2 15 1 21 31 33 16 35 18 10 12 22 24 4 8 40 14 26 20 38 23 11 25 6 28 9 17 7 32 29 39 5 
23 15 11 34 1 18 2 21 32 35 3 4 40 39 26 13 8 27 7 29 14 6 25 20 10 22 28 17 36 38 16 9 31 12 5 19 30 24 33 
29 31 1 37 34 9 17 13 7 28 24 15 10 35 25 27 6 5 39 19 22 30 8 40 21 12 36 2 33 16 14 18 20 32 4 23 26 3 11 
33 27 8 38 31 25 24 1 5 23 10 18 36 20 9 21 6 40 35 2 12 34 16 3 29 22 14 7 13 11 17 32 15 37 30 19 28 4 26 
13 36 1 35 39 8 25 14 3 34 9 12 2 24 11 10 23 15 31 20 32 27 37 7 28 26 38 22 33 19 18 30 16 4 6 17 21 5 29 
