40
9 13 23 8 16 10 2 17 18 5 19 28 26 11 30 27 14 37 7 20 39 38 25 15 40 6 32 3 24 21 35 
22 12 3 4 31 35 11 37 40 27 32 20 25 21 7 38 33 14 24 1 5 23 9 26 6 16 18 34 36 19 
2 9 32 7 10 22 34 28 4 17 26 30 5 16 39 36 24 8 37 1 19 6 12 21 14 
13 23 30 40 34 9 15 20 36 3 28 31 37 2 7 21 5 32 19 39 38 35 18 8 26 33 24 25 6 10 
8 33 12 28 18 32 14 25 23 15 6 39 40 29 2 27 16 37 3 35 1 36 26 7 31 24 22 20 4 
15 16 11 7 27 9 21 18 8 3 1 5 29 4 36 19 23 34 22 24 14 17 32 2 35 40 12 38 13 10 30 28 37 
1 40 13 30 17 28 34 4 6 36 37 31 24 5 16 23 3 18 32 15 22 20 29 2 25 
10 38 1 23 36 32 9 6 18 26 28 27 30 37 3 34 39 20 21 31 11 5 4 19 14 17 
19 3 35 10 40 1 14 21 32 12 31 39 16 2 38 37 24 20 36 17 34 27 26 22 6 4 8 28 23 
1 28 32 24 6 11 3 34 30 22 8 33 16 38 21 15 29 25 39 4 36 20 12 13 9 26 17 37 
35 34 39 2 27 32 6 19 18 21 13 28 12 38 31 17 20 1 25 30 22 10 33 24 8 29 
30 18 22 24 3 5 11 34 2 37 35 33 23 10 6 39 31 20 40 19 9 17 16 15 32 
23 17 4 37 15 36 19 24 7 10 16 20 25 1 6 39 14 11 30 26 34 40 32 31 22 35 38 27 
2 8 32 33 35 13 9 37 28 38 39 6 36 1 22 5 16 18 21 3 19 24 30 20 15 25 27 26 40 
40 10 13 4 1 35 17 19 33 22 37 12 34 30 36 18 21 14 31 27 16 39 6 23 38 26 25 5 20 7 28 
22 36 28 17 12 31 33 38 15 40 2 24 18 29 5 13 6 7 34 30 10 1 37 21 14 9 3 39 27 26 
9 23 40 16 22 7 18 8 29 12 15 10 26 13 33 31 30 1 21 6 24 27 34 38 25 32 35 20 37 3 39 11 
8 19 32 34 6 12 7 27 11 37 15 24 5 14 4 16 2 36 23 17 25 40 1 
22 15 24 6 11 8 12 37 26 13 3 39 35 23 30 20 36 14 1 9 38 2 27 25 18 29 4 
7 15 21 37 35 22 14 2 9 8 24 34 25 26 23 40 13 17 31 38 11 32 19 10 4 1 27 5 12 
16 23 10 6 8 1 3 4 28 20 2 24 22 9 17 14 40 32 26 15 34 27 39 31 29 35 11 
40 30 11 12 15 21 14 28 6 3 27 33 26 5 25 9 17 7 31 2 23 39 37 19 13 16 24 10 20 36 
36 17 7 26 31 30 21 9 2 28 18 32 37 4 12 6 13 40 25 38 5 35 8 24 15 34 27 33 22 20 29 1 19 
38 18 12 37 1 21 6 17 3 33 35 29 36 4 13 16 31 20 11 9 22 30 2 34 7 28 25 39 10 27 26 5 14 19 23 
23 17 36 38 31 27 7 29 13 11 20 15 4 2 30 18 5 33 26 24 19 10 14 22 1 34 
9 16 14 23 30 40 39 3 31 8 19 24 1 10 13 21 15 28 5 22 20 38 33 17 27 4 25 36 34 2 37 
21 34 8 20 38 39 16 35 15 17 13 40 33 30 2 18 9 25 26 6 19 14 37 1 22 23 11 5 24 
9 26 8 7 37 4 35 1 5 6 36 31 33 16 24 23 14 10 38 21 30 40 32 22 11 3 39 15 
7 21 24 38 6 23 33 30 16 25 10 5 32 34 17 11 31 36 19 35 
39 24 11 29 40 12 17 31 14 36 32 10 19 28 37 13 22 1 26 3 7 27 15 16 23 4 33 8 34 6 25 
36 2 17 33 5 13 28 26 40 9 15 34 21 8 25 16 32 7 24 29 30 23 22 20 4 12 35 39 11 
10 31 39 9 4 5 34 38 20 18 37 36 6 40 28 7 1 23 11 33 13 3 14 12 2 17 30 21 8 35 29 
2 4 38 27 26 10 36 22 39 5 14 17 16 12 30 37 23 29 31 32 25 24 28 11 15 
4 23 7 37 39 18 24 3 31 17 25 13 29 15 9 20 32 26 2 21 16 6 10 11 36 8 35 12 40 27 38 30 
21 11 27 12 6 36 9 19 4 28 31 40 1 37 20 38 32 34 17 2 24 15 13 5 14 23 29 
24 34 14 19 22 30 4 26 31 33 7 28 15 35 38 40 23 8 3 32 10 25 13 6 18 2 16 9 29 5 
19 27 9 15 24 39 3 34 33 18 35 5 4 38 1 32 22 8 14 13 30 10 17 23 2 20 12 7 6 28 16 26 
29 17 20 39 11 37 8 25 9 10 13 23 33 2 16 19 35 26 14 15 28 34 36 24 40 1 4 32 6 27 
31 24 12 16 9 28 19 38 32 4 34 8 26 17 27 3 14 5 15 22 1 13 30 37 21 33 11 10 
7 4 13 34 21 28 36 32 38 14 1 31 30 15 17 20 22 26 2 5 16 35 18 23 6 27 12 9 
