40
22 36 10 20 33 5 26 38 12 35 17 31 18 40 32 15 8 23 21 29 3 39 19 37 16 13 7 4 2 
29 5 6 23 9 25 24 16 21 22 40 19 8 7 33 3 35 1 20 34 11 39 36 32 13 30 4 17 12 28 26 
23 11 35 14 24 18 13 27 6 32 29 10 16 12 28 1 26 39 34 15 37 30 19 2 17 40 36 7 25 
18 19 34 23 8 22 17 36 26 10 5 37 33 40 39 20 1 21 11 30 16 32 24 12 28 35 29 2 9 27 14 6 
14 40 28 38 11 33 26 15 4 37 1 18 16 21 22 23 20 10 19 32 39 2 17 9 34 13 30 36 
29 15 33 14 23 11 38 9 21 28 32 24 16 3 30 40 2 4 17 12 34 36 27 10 8 19 7 
33 39 9 13 2 27 34 28 15 1 32 6 23 36 20 26 22 40 37 14 31 25 35 3 19 8 12 
21 20 37 1 15 7 32 4 11 23 26 38 25 39 14 18 16 36 28 12 2 6 10 13 17 30 27 9 22 
34 8 28 33 18 12 26 25 7 21 31 19 24 22 27 36 32 38 17 37 20 23 15 35 13 4 29 5 16 30 14 6 2 
12 26 6 15 33 8 22 3 27 4 19 17 29 5 24 13 18 37 31 30 11 14 16 1 38 21 
4 17 30 14 26 5 29 19 6 35 25 34 37 36 39 18 38 40 8 15 10 3 12 20 27 24 33 23 21 2 16 
30 4 28 27 2 40 19 35 32 9 13 6 14 39 34 31 22 10 15 1 24 3 26 17 11 36 23 7 18 38 21 8 
31 21 37 28 3 17 23 39 10 1 24 27 15 34 2 36 22 9 25 5 20 30 29 8 16 14 7 12 26 
39 37 18 5 11 9 36 32 40 6 7 15 30 4 3 8 12 20 23 22 13 25 35 27 26 10 38 
38 39 1 22 13 36 10 7 37 8 34 3 11 40 23 6 9 19 24 16 29 18 14 26 12 28 33 31 35 27 20 5 
22 11 34 20 28 15 2 19 9 18 13 4 8 25 40 6 37 21 26 35 38 3 39 32 1 10 5 30 23 27 
9 33 13 36 5 27 19 8 2 29 6 28 3 39 25 20 12 10 1 35 11 26 30 24 4 37 23 32 21 34 
35 32 3 12 5 8 4 22 16 11 27 14 28 40 9 21 34 19 26 23 31 37 20 1 36 10 33 15 38 39 
12 9 21 6 7 18 22 30 38 10 1 32 34 4 11 28 27 15 33 17 39 37 29 20 3 23 5 2 40 16 
11 26 38 9 8 13 31 16 15 28 14 22 39 23 17 4 21 37 25 40 36 7 29 18 33 30 2 5 24 19 1 
30 1 6 5 39 8 9 19 36 33 26 20 31 23 34 29 37 17 13 22 10 16 35 4 18 2 40 11 12 28 
24 10 30 34 36 38 14 33 7 20 15 16 32 27 28 12 8 4 13 1 2 31 29 26 21 5 9 37 25 39 19 35 18 
34 11 26 20 14 38 32 31 9 29 16 12 13 21 33 4 3 40 17 1 19 18 15 7 5 2 36 6 27 39 8 35 30 
40 3 25 4 15 20 10 9 27 26 12 38 22 34 32 13 39 35 11 17 36 6 2 37 
37 31 32 3 26 29 16 27 20 9 35 28 33 11 13 40 34 24 36 8 14 2 39 38 22 17 7 
40 24 25 33 31 36 28 1 20 5 38 32 9 14 22 29 13 11 16 17 8 2 27 18 21 10 23 4 39 12 3 37 7 30 15 
26 22 28 25 13 3 11 17 40 9 6 4 34 23 35 38 36 7 10 15 29 33 19 16 8 24 12 37 14 18 32 31 
21 34 17 7 15 40 18 16 8 35 27 30 9 38 5 25 3 36 22 4 12 29 13 19 26 6 2 20 
35 15 26 32 33 28 22 2 38 19 27 39 1 13 20 23 36 21 10 25 17 11 4 3 37 30 9 6 
6 21 29 9 3 38 11 12 23 33 36 19 31 34 8 4 20 17 39 40 35 16 13 32 2 22 10 28 5 26 14 
27 13 39 21 32 35 7 25 18 15 38 40 10 26 20 1 22 9 12 36 34 30 37 23 
33 7 29 17 25 16 2 24 34 39 30 4 1 27 38 6 8 37 26 18 40 5 12 23 3 36 14 19 31 22 9 
9 7 34 17 11 6 40 10 35 23 2 15 19 32 25 4 37 18 27 36 5 29 20 30 22 1 21 26 
18 36 13 11 5 31 15 22 37 24 21 27 6 25 3 16 40 9 35 39 19 23 33 12 38 2 17 30 4 28 32 7 
23 16 30 37 18 39 9 24 12 17 15 38 7 21 11 3 40 1 4 34 27 33 14 28 2 29 22 31 25 
17 7 20 40 1 31 14 2 3 26 15 4 13 11 6 27 39 5 32 12 33 29 9 34 18 28 23 21 25 22 24 8 30 37 
26 16 10 24 40 22 35 38 3 4 13 15 20 27 9 21 39 31 1 14 17 33 19 25 7 34 8 29 18 32 5 11 36 
35 14 16 8 23 10 28 40 29 31 34 39 15 9 24 22 18 30 26 25 5 20 12 6 1 27 19 37 32 11 
38 16 36 23 35 19 18 8 12 3 2 30 25 37 4 32 29 40 7 17 14 5 26 34 20 21 11 31 1 24 22 13 15 
6 26 32 7 38 34 5 18 31 33 37 21 23 27 12 28 39 25 20 3 15 19 11 1 24 16 30 36 14 2 4 35 
