40
3 32 14 11 33 24 29 10 28 26 40 27 6 4 25 7 31 39 19 15 37 8 38 5 16 9 30 35 21 18 20 34 36 12 23 13 2 22 17 
36 35 28 25 37 10 19 18 7 24 5 22 30 16 3 17 12 9 20 31 40 39 21 29 34 8 15 23 33 38 6 27 13 14 32 26 1 4 11 
25 29 17 32 36 15 11 19 8 37 1 2 10 31 7 35 34 13 20 27 26 6 22 23 39 30 33 9 28 14 21 16 40 5 24 4 38 18 12 
21 26 38 8 34 12 5 15 13 22 20 2 18 11 10 37 17 40 27 35 6 25 39 24 30 36 23 3 31 28 14 29 7 33 32 1 16 19 9 
29 19 40 15 12 9 2 1 25 38 21 11 22 26 10 24 37 32 13 14 8 20 17 7 18 39 35 23 16 33 4 3 34 28 6 31 30 27 36 
32 5 16 2 20 37 33 24 31 12 19 40 21 34 15 3 36 38 10 14 30 29 28 4 18 25 1 39 26 13 27 11 9 17 8 35 23 22 7 
28 23 10 31 2 34 16 18 27 40 15 32 21 36 13 35 3 19 5 17 20 30 12 11 39 38 14 22 33 4 37 26 1 9 6 24 29 8 25 
1 2 39 27 23 33 40 19 25 37 32 20 34 31 21 5 16 10 26 7 38 35 24 6 14 17 4 36 3 13 12 9 11 28 29 18 15 30 22 
11 27 36 18 32 19 10 15 7 30 37 40 16 34 1 22 13 28 8 3 2 17 5 14 39 35 29 20 38 31 4 6 33 21 23 26 12 24 25 
35 34 38 18 37 17 26 2 27 29 6 3 20 36 33 21 31 16 23 25 40 14 7 15 12 22 11 24 5 28 32 13 9 39 4 1 30 19 8 
27 14 40 20 18 2 19 35 30 25 16 8 7 22 21 3 15 37 31 6 9 33 12 13 36 32 24 39 34 38 28 10 23 1 29 5 17 4 26 
40 9 11 32 22 13 2 34 28 35 33 17 21 14 1 25 3 37 8 19 36 31 4 38 27 26 16 15 10 6 7 5 30 23 20 39 24 29 18 
25 21 19 40 5 16 12 30 36 22 1 26 24 37 20 14 9 18 10 29 4 8 38 11 34 33 28 17 6 32 3 15 39 7 2 23 35 31 27 
22 34 30 39 32 33 27 2 24 3 6 37 19 17 36 16 38 28 10 8 7 4 13 9 23 40 11 35 31 1 20 15 25 5 18 29 21 26 12 
19 27 9 39 8 30 25 11 1 18 10 29 4 12 16 2 38 3 32 36 28 14 20 5 35 26 21 24 6 37 17 13 33 40 31 34 22 7 23 
33 9 32 26 40 8 11 20 30 15 13 7 18 5 2 31 19 1 6 3 39 27 29 10 36 25 38 34 12 23 35 28 24 21 17 14 22 4 37 
20 31 26 34 8 32 16 23 33 13 22 39 14 25 19 28 3 1 29 5 37 40 38 21 11 6 10 7 9 24 12 4 30 18 15 27 2 36 35 
29 40 11 1 12 35 19 5 8 37 30 25 34 2 3 38 16 28 27 20 9 13 22 15 4 21 23 7 32 17 26 39 10 33 6 14 24 31 36 
37 7 35 31 34 2 10 28 21 20 24 29 18 9 1 22 39 16 32 17 25 12 11 23 14 26 40 27 15 8 5 4 33 3 30 13 36 38 6 
26 5 31 36 8 28 19 16 33 37 40 2 27 4 10 11 18 34 23 24 9 3 21 22 39 32 14 38 13 29 6 7 12 30 17 15 25 1 35 
26 33 4 5 22 34 25 24 11 6 37 13 35 12 40 19 20 31 8 9 14 39 27 16 36 18 15 23 28 29 10 1 17 30 2 32 38 7 3 
32 19 20 2 11 36 30 9 25 27 33 14 35 10 21 26 39 12 24 28 17 6 37 34 4 18 15 23 40 31 13 16 8 1 29 5 38 3 7 
4 20 25 29 31 10 34 27 36 18 39 3 40 1 28 6 9 15 32 21 37 5 26 33 7 22 38 19 30 2 13 17 12 14 35 16 11 8 24 
15 23 26 4 22 17 20 33 13 40 12 35 3 10 18 11 5 37 2 36 7 31 39 21 8 34 25 28 6 38 16 1 27 19 29 9 32 30 14 
23 36 13 19 37 27 31 30 3 2 15 8 34 40 5 4 32 7 12 38 21 17 22 35 26 39 14 33 1 20 6 11 29 28 16 9 18 10 24 
16 21 28 39 30 38 36 34 9 10 25 6 12 15 8 33 14 23 40 4 24 20 22 13 19 18 5 1 37 2 11 17 32 35 3 7 31 27 29 
13 3 19 10 7 37 2 28 16 22 30 15 39 4 34 25 17 38 14 1 26 20 9 23 24 11 40 8 6 29 18 5 36 12 33 31 35 21 32 
19 15 26 35 25 17 22 14 39 10 36 34 3 16 23 31 5 38 7 2 13 24 32 27 9 30 40 33 8 12 20 21 18 4 6 37 1 29 11 
9 17 19 39 38 10 8 5 7 11 18 37 6 24 16 27 32 21 40 15 1 25 22 14 33 20 36 2 30 28 31 23 3 4 35 13 12 26 34 
27 36 11 22 18 13 32 12 15 20 9 4 14 21 33 16 38 40 2 7 19 31 8 10 29 1 28 6 39 34 24 23 25 3 17 35 26 5 37 
24 34 11 23 10 20 1 13 16 2 22 4 5 40 38 3 37 18 25 28 27 32 7 15 21 26 35 19 33 17 8 39 14 30 9 6 29 36 12 
27 37 17 23 8 38 26 30 11 24 21 10 18 4 6 20 29 19 39 13 34 35 2 15 40 1 3 14 31 12 5 16 9 25 33 7 28 36 22 
7 29 12 35 17 11 26 28 25 20 10 3 34 15 37 16 6 13 21 4 18 5 19 24 23 32 22 39 2 1 14 31 38 30 27 9 40 8 36 
6 25 19 17 36 2 40 11 29 20 4 26 9 21 10 32 31 37 22 1 14 33 7 12 8 16 30 35 18 23 28 27 24 3 38 5 13 15 39 
1 25 33 24 5 31 7 23 20 27 21 26 8 6 13 32 40 37 14 12 10 29 30 11 3 36 28 15 38 34 16 4 39 17 18 2 22 9 19 
25 33 5 28 37 18 2 7 19 31 23 21 34 38 9 13 29 8 22 1 11 12 4 20 10 14 6 15 27 24 16 32 3 35 40 39 17 26 30 
16 39 7 33 38 24 23 8 18 9 14 5 32 22 28 29 15 17 13 19 4 12 25 36 26 10 3 11 20 6 21 35 30 27 2 40 31 1 34 
29 7 28 6 8 17 37 20 30 23 5 36 35 19 3 21 24 13 32 9 14 15 10 16 4 40 18 2 33 31 11 22 26 25 27 39 34 1 12 
25 20 24 10 11 3 19 13 21 9 28 23 6 12 29 37 14 1 27 26 36 34 31 15 16 38 5 4 30 18 32 17 8 33 40 2 7 35 22 
13 26 32 28 24 27 14 36 5 29 16 30 9 4 21 10 8 38 12 35 20 34 17 3 6 23 15 19 37 22 31 33 11 18 1 39 2 25 7 
