40
34 13 16 26 40 8 24 39 38 12 28 31 37 10 22 27 36 23 35 
38 34 20 27 11 12 17 25 24 39 21 6 3 15 29 37 7 14 4 8 16 35 28 
6 19 17 20 28 26 5 4 11 36 32 22 38 10 14 37 35 29 2 
23 3 38 13 8 27 25 26 33 22 40 12 28 31 32 5 2 35 30 24 14 36 
40 38 28 27 13 14 9 18 6 11 8 16 4 10 3 24 7 35 30 25 33 
11 14 10 25 34 19 36 3 27 22 32 5 20 2 37 31 30 18 21 7 26 9 15 
39 10 24 15 13 8 36 31 30 38 22 14 32 9 19 35 5 16 34 33 2 27 12 6 
22 35 34 7 24 21 4 11 20 16 31 18 40 38 5 19 1 33 36 2 27 23 14 17 
24 10 37 6 34 25 21 27 14 5 12 13 22 7 
36 16 3 32 12 6 26 19 7 18 31 35 30 5 34 27 1 20 39 9 
38 28 14 21 25 24 12 6 22 16 2 34 8 30 5 3 29 35 23 36 
10 21 7 13 11 38 23 2 39 18 34 31 26 4 9 17 1 36 
4 23 35 22 27 14 29 1 36 9 32 12 7 24 5 19 
38 5 32 19 11 25 2 28 4 7 9 8 6 24 13 36 22 35 20 40 39 3 16 30 
25 36 30 32 18 34 27 37 6 40 21 2 20 19 7 29 
37 11 31 2 1 7 36 18 34 33 24 35 32 27 5 25 10 8 14 
37 32 12 22 23 20 8 33 40 30 2 27 3 25 29 
31 25 22 16 12 6 30 10 35 28 32 5 36 27 26 20 8 24 15 
28 6 26 3 7 10 24 27 14 8 36 13 31 34 15 33 35 21 
2 26 3 25 38 17 32 6 24 10 27 8 21 15 35 36 37 18 14 22 
32 19 22 15 2 6 38 8 33 31 12 11 24 20 9 25 
20 23 7 1 29 14 4 6 11 13 8 27 40 18 17 3 25 36 26 38 34 24 9 21 37 
8 39 24 25 13 27 22 4 12 1 40 29 17 33 35 30 37 11 36 
21 27 39 40 16 9 14 20 1 34 2 4 5 22 8 13 29 23 38 7 18 25 11 19 33 28 32 
14 24 16 6 28 35 2 9 20 30 18 5 11 4 36 15 40 23 27 38 22 32 17 21 37 
1 6 22 19 3 12 38 20 27 31 40 18 4 36 32 10 
15 4 23 2 38 34 6 18 40 8 26 19 37 32 13 5 16 10 20 25 22 9 24 1 17 7 
14 39 37 3 24 40 5 18 35 33 1 34 11 4 25 29 19 2 
22 35 2 28 23 11 24 3 33 15 13 38 32 17 
15 25 18 6 40 4 39 31 7 34 23 11 5 17 14 33 10 
10 18 19 12 38 34 35 21 1 8 33 4 37 26 6 16 32 7 30 
10 24 38 20 17 27 29 18 34 35 26 3 4 15 13 31 21 7 14 6 25 16 
4 29 28 21 19 5 17 23 7 8 16 31 36 38 30 24 
8 28 15 22 35 7 19 32 27 24 31 12 6 38 1 40 10 9 11 16 30 2 
3 7 37 1 20 29 32 13 5 11 23 34 19 38 31 16 14 2 28 18 10 40 4 8 25 
7 6 38 16 22 8 11 19 25 3 14 1 20 33 39 12 10 18 4 15 23 26 13 
1 25 31 3 22 2 6 20 27 15 28 9 16 17 35 23 
5 22 4 29 20 34 27 21 1 7 31 12 14 39 8 11 26 36 33 3 24 35 25 2 32 
12 23 7 2 1 38 36 28 24 14 10 30 
27 23 17 30 14 4 1 34 8 24 15 22 35 5 28 25 26 