40
25 21 37 33 8 34 16 5 4 28 11 20 23 2 18 12 17 19 29 13 30 
9 20 39 17 4 23 27 19 12 28 21 7 38 40 16 35 1 5 18 10 
12 15 32 10 33 28 9 38 20 14 36 31 37 34 26 16 30 
34 18 35 37 28 26 21 38 22 8 33 6 1 2 16 12 40 31 17 
39 35 1 24 23 25 7 8 19 10 17 13 40 2 9 6 31 37 16 14 
34 32 20 4 13 24 10 36 23 5 25 33 14 11 29 8 9 28 
32 15 38 26 36 39 37 8 27 2 19 13 31 30 21 16 23 28 5 
16 1 21 37 15 4 31 5 23 6 39 40 20 38 26 33 7 
14 38 11 29 39 13 25 30 34 26 2 16 5 19 17 36 28 18 35 6 3 33 12 
5 18 38 26 16 11 2 39 21 36 24 25 30 34 27 3 40 6 13 15 
9 1 14 27 21 10 37 28 20 12 16 6 18 15 31 25 13 32 
17 30 11 9 39 35 26 4 40 19 2 28 21 3 33 15 23 22 16 27 1 
10 18 27 29 31 6 9 37 25 30 21 26 5 1 17 35 7 19 40 11 
3 30 22 34 18 11 37 9 6 5 27 
12 8 28 17 38 7 10 30 18 40 31 19 27 3 35 22 36 16 25 11 
10 18 5 35 26 12 28 38 1 3 2 9 8 31 15 27 23 17 25 20 7 4 11 39 33 
16 38 30 13 29 15 31 25 9 33 32 35 5 4 18 34 2 36 21 1 12 37 27 39 
1 9 28 19 29 36 35 2 17 14 38 25 13 16 4 37 39 10 26 33 11 27 22 15 21 
18 22 15 13 34 20 28 32 38 7 1 25 5 23 12 9 21 40 24 35 2 30 
3 29 19 16 6 26 25 2 11 40 39 8 35 30 1 
17 2 38 25 1 34 12 18 7 8 19 4 11 26 37 10 13 24 33 28 40 
25 18 15 26 29 24 28 34 14 40 19 12 4 
30 8 5 25 6 12 33 32 40 7 35 16 2 1 31 19 38 
35 6 39 19 5 22 25 36 38 10 27 21 30 
18 16 23 13 39 31 27 20 26 6 37 24 40 22 15 11 17 35 19 10 5 9 1 21 28 
7 22 39 21 12 25 3 16 29 10 31 9 32 18 13 28 4 8 27 20 
10 14 7 25 31 24 26 37 15 32 33 16 12 2 38 30 11 18 13 17 
16 31 36 29 15 26 6 25 4 9 19 39 34 18 21 38 7 11 1 22 37 3 12 2 
18 13 34 36 22 31 20 38 6 9 37 1 33 32 26 28 17 
15 33 20 9 14 27 17 3 31 24 38 39 13 1 7 10 12 23 19 40 
38 29 13 33 5 23 40 3 4 37 15 8 11 7 27 30 17 28 25 26 16 34 
37 3 38 7 6 23 11 27 17 19 29 34 26 40 
31 12 16 27 3 40 30 23 21 18 39 9 29 37 1 38 17 6 8 4 
21 3 19 32 39 22 9 31 4 37 10 1 6 14 17 28 36 29 
5 2 19 25 23 39 13 12 4 20 38 37 24 17 40 18 15 16 9 
39 7 34 10 38 3 15 18 40 9 17 28 24 6 29 
11 25 18 39 27 32 1 33 29 35 40 21 28 4 31 17 7 13 5 8 14 34 3 
33 21 23 2 9 15 39 36 19 7 4 27 35 32 8 10 17 18 16 3 24 28 29 30 31 
35 2 17 25 10 9 33 16 36 26 20 18 40 28 12 37 34 7 8 38 5 30 24 
19 2 39 21 12 33 5 10 35 25 13 36 20 8 4 32 15 37 22 23 30 31 