40
27 34 9 40 31 3 16 15 30 17 26 33 21 37 39 22 23 24 4 32 8 19 25 38 2 13 20 18 6 5 14 11 29 28 10 35 36 7 12 
30 18 19 8 10 29 31 25 17 34 26 16 13 6 22 28 1 3 32 37 12 33 11 23 14 38 4 27 35 15 39 9 36 21 24 20 5 7 40 
28 29 40 27 21 1 31 37 4 26 39 36 5 9 15 30 8 35 2 18 38 33 34 23 10 22 16 11 13 19 24 17 6 14 7 32 25 12 20 
27 30 6 18 9 21 39 17 22 36 16 23 26 1 12 35 5 20 38 34 32 19 7 14 28 10 13 37 2 8 15 31 29 40 33 3 25 11 24 
6 29 11 36 2 37 30 35 24 3 34 31 33 27 26 38 23 14 19 4 18 9 22 32 7 16 39 28 40 1 8 13 21 15 20 25 10 17 12 
28 17 32 40 25 27 4 33 5 18 24 37 10 12 15 39 38 21 31 16 19 7 11 35 13 14 36 9 34 20 30 3 23 8 22 26 2 29 1 
29 10 26 21 15 24 37 32 11 1 31 28 18 35 9 27 16 8 20 3 12 36 4 25 2 39 34 19 13 30 5 38 33 22 40 23 6 14 17 
26 29 31 17 33 27 4 14 36 13 7 1 21 35 5 39 18 25 24 2 32 11 15 20 16 6 9 22 30 12 37 3 23 34 38 10 19 40 28 
25 27 28 35 16 33 38 17 24 34 11 30 1 23 7 21 36 32 20 40 10 13 15 4 12 29 18 37 3 31 5 2 6 8 22 19 26 14 39 
7 1 17 27 21 23 6 5 35 30 14 8 26 4 24 2 33 38 29 20 31 28 40 22 32 25 13 9 12 18 16 19 15 11 39 3 36 37 34 
39 2 25 18 20 27 24 21 19 13 22 12 32 1 28 23 29 10 31 40 16 7 34 36 8 37 9 6 14 30 33 3 5 35 38 17 15 26 4 
9 26 22 28 40 4 20 13 27 10 36 30 21 11 23 34 35 38 39 37 8 6 15 1 33 2 18 31 7 5 19 16 32 3 17 24 29 14 25 
40 12 4 23 27 30 3 18 9 15 37 36 20 19 5 31 21 34 33 25 26 2 39 38 22 10 7 6 16 35 11 14 29 1 24 28 17 8 32 
4 1 11 24 20 6 10 34 36 17 3 38 7 39 8 33 9 31 16 35 13 32 37 30 25 27 23 40 15 28 21 29 19 5 26 12 22 2 18 
38 35 14 24 2 33 17 7 12 10 19 16 39 34 22 18 13 29 30 8 5 20 31 9 11 26 25 1 32 27 37 6 28 23 4 36 40 3 21 
33 39 19 30 17 21 32 29 4 35 5 27 2 6 38 15 20 37 18 24 10 31 1 3 28 11 8 36 22 7 26 13 25 34 9 12 23 40 14 
22 25 27 38 13 12 5 14 30 10 1 19 26 29 11 32 7 34 21 39 6 20 3 40 33 8 2 4 37 18 15 28 16 23 36 9 31 35 24 
35 4 40 10 32 7 15 36 26 33 12 3 14 17 22 8 27 13 1 28 20 24 5 9 34 16 37 30 31 2 39 19 25 11 38 6 21 29 23 
26 18 21 3 2 12 8 30 24 34 23 37 4 15 9 40 29 33 5 38 1 11 6 36 28 25 16 10 7 27 13 31 39 17 22 20 14 32 35 
33 14 21 34 17 12 22 10 24 38 35 8 5 32 13 19 37 25 9 27 31 26 16 6 1 36 18 30 39 29 7 15 4 11 3 2 28 23 40 
27 34 7 14 20 40 25 22 17 18 28 16 11 31 26 3 12 1 5 19 29 35 23 2 6 30 9 36 24 37 8 10 13 39 33 38 32 15 4 
10 16 7 6 34 31 14 39 27 29 24 15 11 33 32 1 4 8 12 18 3 21 20 28 38 30 5 35 2 19 9 36 25 13 40 17 23 37 26 
12 28 19 24 36 40 29 6 31 32 3 25 8 37 18 22 15 16 7 14 35 13 20 33 11 38 27 2 39 9 26 4 10 34 21 17 5 1 30 
2 39 34 40 6 14 36 21 20 16 5 23 12 4 27 31 30 29 8 35 22 25 15 9 33 19 18 1 38 10 3 37 13 17 7 32 28 26 11 
31 33 10 22 24 8 38 39 20 23 35 37 18 13 40 3 34 2 15 21 32 14 11 1 4 19 5 6 29 16 28 26 17 9 27 30 36 7 12 
33 6 20 10 31 27 24 32 9 1 40 15 12 18 38 7 19 11 25 35 8 29 16 30 39 5 2 17 21 23 34 37 22 14 3 28 36 13 4 
31 35 7 12 28 11 26 15 1 21 39 34 3 8 18 32 25 4 38 22 33 17 20 23 6 36 40 16 29 37 5 13 14 10 2 19 30 24 9 
27 16 5 7 19 37 34 29 25 17 3 15 2 39 38 8 24 6 14 32 13 4 18 12 40 20 9 35 1 36 26 30 11 23 10 31 21 22 33 
40 33 28 34 37 8 3 2 16 6 25 36 23 31 26 35 10 14 30 1 20 18 12 15 32 22 27 4 39 13 7 24 19 9 17 21 38 11 5 
35 20 5 25 10 28 37 7 21 27 36 18 12 1 19 33 22 2 32 17 26 29 11 14 4 13 23 24 38 9 16 39 8 34 40 31 6 15 3 
7 4 30 21 17 18 37 15 6 16 10 23 1 26 9 27 5 14 25 19 40 3 38 39 32 35 24 11 20 13 22 8 33 2 34 12 36 28 29 
20 3 24 40 2 6 31 19 35 9 26 25 17 1 36 4 21 12 10 28 22 18 14 29 34 11 39 23 5 15 8 33 38 13 7 37 30 16 27 
10 30 18 2 14 6 34 21 20 17 23 12 39 5 28 16 13 11 8 35 29 22 37 32 15 38 24 31 3 7 9 40 4 19 1 27 36 25 26 
29 2 32 20 36 22 18 6 12 9 10 16 26 14 23 38 30 40 15 21 13 31 24 27 11 35 4 17 28 39 5 33 1 37 19 3 25 8 7 
17 19 14 36 18 9 13 34 1 15 10 30 3 25 39 20 29 23 24 40 21 2 5 4 6 33 12 32 16 31 28 22 11 27 8 38 37 26 7 
31 20 17 32 5 23 30 39 3 4 7 19 33 22 38 26 16 12 8 18 40 27 35 9 24 2 21 29 14 15 6 37 10 13 1 25 34 11 28 
1 30 12 39 25 11 40 38 29 2 16 8 22 18 31 36 32 28 17 24 33 35 14 21 7 27 26 34 6 10 20 5 15 13 4 23 19 3 9 
13 7 28 36 3 8 16 27 11 37 9 35 26 18 30 21 17 2 29 14 33 4 20 31 19 32 5 24 6 12 1 23 25 40 15 39 22 34 10 
32 35 38 11 16 14 17 33 15 23 21 6 5 31 24 30 18 8 13 28 27 34 26 25 10 37 19 7 40 1 22 36 3 12 2 4 9 20 29 
30 24 5 1 20 22 37 10 27 4 11 23 34 13 15 31 26 2 14 21 16 17 6 32 33 9 35 39 7 29 36 18 25 8 3 28 19 38 12 
