40
32 30 16 4 31 27 18 26 19 6 23 12 34 13 11 10 24 5 40 2 14 3 22 35 8 17 25 21 39 28 9 37 7 15 29 33 36 38 20 
11 31 36 35 9 18 3 37 10 33 20 8 24 26 22 5 17 32 21 28 38 40 34 27 1 7 25 12 14 6 39 13 19 16 23 29 4 30 15 
11 1 27 28 10 2 25 19 9 14 13 36 7 29 34 16 21 35 12 18 4 30 6 20 31 5 37 15 17 23 40 26 39 32 8 33 22 38 24 
22 3 31 36 29 27 10 33 25 5 16 8 21 35 13 17 1 28 23 40 19 9 37 26 32 30 24 39 20 6 15 34 2 7 12 11 14 18 38 
10 3 19 15 18 6 2 24 37 16 13 28 7 20 26 29 33 27 36 39 8 40 23 12 31 38 9 11 34 1 14 25 17 32 22 4 30 21 35 
2 23 39 21 13 15 1 10 7 17 19 37 40 20 36 35 9 12 14 8 16 29 18 26 28 38 27 30 34 11 4 32 22 3 33 25 24 5 31 
37 14 11 17 26 35 12 6 28 23 33 40 34 10 39 5 27 3 15 25 38 16 31 29 1 32 9 36 2 24 30 8 4 19 20 22 21 18 13 
23 30 10 19 20 4 7 12 1 13 9 34 39 18 27 31 5 36 3 28 15 24 11 33 2 38 35 16 26 40 32 14 25 6 22 37 29 21 17 
35 2 26 40 36 30 33 23 27 15 7 3 32 1 21 29 5 12 18 31 14 6 13 20 19 22 16 17 25 37 39 11 38 8 10 4 28 24 34 
18 37 3 6 11 2 25 4 5 29 17 20 21 31 24 22 40 12 15 7 33 1 36 38 23 34 13 35 32 30 27 39 28 8 14 16 19 9 26 
21 12 3 1 18 29 4 17 28 33 20 19 7 34 30 25 35 16 38 39 6 32 40 36 10 5 23 31 13 24 22 26 14 27 8 37 2 9 15 
14 20 13 37 17 31 16 22 28 11 27 1 8 4 18 10 23 32 29 21 40 39 6 36 38 19 26 30 3 5 34 2 24 35 9 7 25 33 15 
1 24 25 32 4 37 28 36 2 17 20 11 3 23 40 5 27 35 33 16 34 21 7 22 26 29 39 15 18 12 6 31 38 30 9 19 14 10 8 
10 6 38 2 24 27 35 3 17 18 22 7 25 31 12 29 1 16 11 23 4 39 15 37 34 40 32 33 8 9 5 20 19 13 30 26 36 21 28 
20 37 12 31 32 6 23 17 4 33 7 36 1 27 14 16 18 10 22 38 9 30 3 40 5 11 26 24 28 2 35 39 34 25 13 19 21 29 8 
5 6 30 10 40 2 3 23 17 38 12 34 18 31 24 13 19 32 21 25 1 20 26 27 8 36 29 39 9 15 28 4 14 33 35 11 37 7 22 
30 4 38 12 39 32 31 36 13 16 40 14 7 5 35 8 22 29 28 19 24 2 37 33 23 25 21 10 3 6 15 1 18 11 26 34 9 20 27 
13 36 5 35 14 39 2 3 27 12 40 31 7 30 32 26 25 22 4 15 1 24 19 34 21 6 17 29 9 11 37 33 28 23 20 16 8 38 10 
17 5 6 18 10 15 36 3 31 26 37 14 20 12 27 16 2 38 22 34 39 1 11 30 35 8 7 21 4 23 24 29 40 33 32 28 25 9 13 
22 16 33 19 23 13 15 29 25 5 31 6 37 32 14 24 8 27 7 21 18 3 36 12 40 11 2 30 28 26 4 1 35 10 9 39 38 34 17 
18 6 33 28 29 20 38 37 35 13 16 27 15 24 25 32 11 12 39 36 4 3 14 19 5 9 34 30 23 22 7 8 17 2 40 1 31 10 26 
3 33 20 14 4 1 28 9 11 34 23 32 19 26 17 25 31 12 6 40 7 30 13 15 27 10 39 36 5 21 38 16 29 24 8 35 18 37 2 
7 36 14 12 33 34 13 15 20 39 22 28 5 38 16 11 10 35 21 9 37 30 29 3 8 31 27 6 19 24 17 26 18 25 4 40 32 2 1 
36 27 32 5 31 14 37 1 17 33 16 25 22 13 15 21 2 38 8 40 23 28 12 20 11 29 26 34 10 7 4 9 18 19 6 39 3 35 30 
37 18 9 29 28 16 30 40 21 11 35 8 23 32 17 6 34 36 5 13 4 2 7 20 39 19 27 33 10 15 38 1 31 3 22 12 24 26 14 
3 4 11 36 34 35 33 6 18 16 13 37 22 2 30 5 20 40 1 28 24 21 38 15 9 27 25 7 39 17 8 32 19 29 12 31 23 14 10 
35 32 6 30 37 40 13 17 14 38 2 34 12 9 5 1 15 16 28 29 36 23 18 11 20 33 8 19 25 26 3 10 24 22 31 4 39 7 21 
14 38 11 25 19 30 4 26 7 1 2 33 39 5 34 36 12 29 16 27 6 23 17 3 10 9 15 32 35 24 40 20 31 21 37 13 8 22 18 
16 20 7 6 37 3 32 4 17 28 19 5 27 21 40 8 38 18 12 14 26 33 1 15 36 31 39 13 30 23 22 2 9 25 34 35 11 24 10 
39 11 17 10 1 5 31 23 12 15 33 24 25 32 37 28 22 8 26 29 13 2 20 9 16 6 7 4 21 35 18 34 27 14 38 40 3 19 36 
29 13 11 15 6 5 2 12 10 23 19 21 30 1 24 39 34 22 40 18 9 26 32 3 27 25 8 20 17 16 35 28 36 37 38 14 4 7 33 
12 28 20 10 1 6 26 25 18 34 40 24 21 5 17 35 14 29 27 16 38 15 37 3 19 2 13 31 11 30 36 39 33 23 4 9 8 22 7 
27 25 24 36 10 18 38 17 20 23 3 26 13 34 6 5 9 28 30 32 1 37 22 14 29 16 19 8 4 7 40 15 11 12 39 31 2 35 21 
15 39 40 33 14 7 3 18 28 8 4 36 16 24 20 5 10 1 12 6 25 31 9 29 13 22 2 35 26 23 27 11 30 37 21 19 32 17 38 
20 18 7 25 9 34 28 22 30 1 24 19 6 17 29 40 13 39 23 32 38 8 31 16 21 3 33 14 15 27 26 10 11 4 36 12 2 37 5 
26 15 39 18 25 6 30 23 9 33 7 19 2 35 14 5 8 34 31 22 12 29 21 32 20 24 3 4 16 17 40 13 1 10 11 38 27 28 37 
1 2 14 23 34 29 36 21 10 3 4 40 19 7 13 27 35 5 8 32 28 26 31 17 39 22 9 24 20 11 30 33 25 18 38 16 12 15 6 
40 4 28 14 11 16 15 18 9 34 20 33 39 31 8 17 30 37 7 25 3 35 26 2 10 22 23 12 5 32 6 24 13 19 27 36 29 1 21 
7 34 38 29 25 19 11 1 37 15 8 23 27 10 33 3 18 17 36 14 30 13 2 31 35 6 24 40 16 5 12 26 9 32 4 21 22 20 28 
15 35 36 33 9 12 17 19 31 23 34 7 13 3 28 18 5 6 32 4 21 39 11 30 8 27 24 10 16 1 38 2 14 22 29 20 26 37 25 
