40
31 9 6 21 20 8 13 26 39 30 11 32 17 38 33 16 3 23 19 25 34 4 22 29 14 35 
16 29 10 8 17 11 19 23 14 3 7 6 18 21 40 24 32 27 37 9 39 28 30 33 38 5 20 4 12 26 13 
4 2 36 19 37 11 23 40 16 27 6 24 39 25 22 10 7 15 9 26 32 5 28 18 31 12 8 33 35 38 17 1 34 13 14 29 
17 5 27 19 12 30 2 39 1 31 20 3 6 32 11 25 10 21 15 40 16 38 26 22 7 33 29 
27 17 21 22 25 11 40 7 28 24 35 30 13 32 10 23 36 20 29 37 19 12 33 34 39 26 4 8 18 6 3 2 
34 19 36 3 2 29 4 14 33 40 1 5 8 25 10 38 27 24 23 15 18 30 12 13 31 11 17 35 28 39 7 16 
27 2 4 18 24 23 34 30 39 26 35 22 28 36 14 8 32 37 5 17 10 3 29 9 11 12 25 6 20 
22 6 30 1 9 25 11 13 34 18 14 21 3 28 15 20 2 27 23 16 24 29 19 38 35 40 7 36 5 37 10 33 
30 36 31 23 33 12 20 11 22 29 7 34 37 2 32 1 28 17 18 19 38 8 24 10 3 15 13 25 21 
20 14 24 3 5 38 21 34 15 2 18 35 13 8 25 23 37 33 36 40 9 12 19 29 4 22 16 30 32 6 39 7 26 
28 26 35 20 6 38 2 34 7 15 39 27 9 24 4 30 14 25 29 22 31 1 5 16 21 12 19 40 3 18 8 32 36 
26 18 4 10 3 40 11 15 6 14 33 21 31 29 22 9 38 28 24 16 39 17 7 30 37 13 2 20 27 5 32 
12 32 38 16 23 30 39 9 8 10 36 33 34 18 28 2 27 19 25 21 3 1 35 5 15 14 29 17 20 37 6 40 26 
17 6 40 11 35 38 8 27 2 1 16 28 10 23 22 25 12 31 7 24 20 19 37 13 3 32 
30 16 38 19 3 17 40 12 8 25 4 20 37 10 39 28 31 33 23 35 9 26 13 24 29 18 22 6 11 
31 34 29 13 25 2 33 11 18 30 27 28 38 10 17 24 1 12 4 6 37 20 23 14 8 36 22 21 15 40 3 
16 22 2 3 12 14 7 36 20 15 25 35 26 13 32 31 6 30 1 39 4 37 23 5 33 9 29 40 34 
24 19 32 3 39 7 31 9 8 34 15 37 6 10 36 30 29 20 12 21 28 33 16 27 38 5 2 22 11 13 
13 1 36 40 11 28 10 4 18 3 39 35 14 24 8 32 15 27 34 29 38 37 23 6 21 25 9 5 2 
30 11 8 15 13 32 18 22 31 17 7 24 4 25 5 14 1 39 21 2 16 38 10 27 36 9 12 26 
32 36 38 28 19 26 11 1 18 2 9 10 22 37 20 30 35 4 34 25 12 8 16 5 33 31 13 29 27 
5 16 14 36 32 1 3 8 12 9 35 15 25 7 28 10 23 21 20 27 34 18 37 11 39 17 38 31 4 
22 27 8 13 5 24 39 14 9 6 30 37 26 7 34 1 15 28 33 17 2 29 19 10 16 36 3 
31 2 38 19 8 29 6 18 11 36 28 9 35 33 37 14 32 15 12 23 16 30 5 20 10 3 34 7 40 25 
21 19 16 36 10 27 4 20 22 40 7 15 14 39 11 9 1 5 32 6 3 37 35 24 31 30 17 8 13 33 
34 1 4 27 29 11 3 35 20 5 23 31 39 36 2 7 17 15 38 30 13 37 10 32 40 21 12 
16 30 12 36 23 11 2 19 7 13 6 8 40 5 39 3 32 22 25 14 26 35 29 28 31 33 4 21 34 18 20 
21 23 27 29 18 11 38 22 3 16 32 15 19 8 14 2 9 6 12 35 33 5 31 40 13 7 36 24 34 39 
6 38 8 39 5 17 33 11 24 30 27 35 21 15 18 3 16 1 40 34 2 9 23 12 26 7 13 31 36 28 10 19 4 
35 25 5 12 20 10 2 23 6 37 29 26 27 18 11 17 38 21 1 9 40 32 16 4 13 31 34 24 7 15 8 36 
15 40 17 39 12 29 16 28 24 6 20 3 22 38 1 35 11 18 25 4 26 14 30 34 9 21 37 27 
35 25 1 20 37 24 21 11 26 14 2 30 10 36 3 19 17 34 40 18 7 5 22 4 28 13 9 12 39 27 
4 29 34 39 23 8 16 21 9 27 1 28 13 3 17 25 40 24 2 10 15 5 38 6 12 18 
28 31 13 24 1 30 11 29 18 23 39 8 9 6 21 27 36 37 3 33 7 26 10 5 32 35 22 17 16 19 
3 32 8 11 15 22 30 34 21 29 40 39 1 17 7 25 26 28 19 13 38 5 24 6 10 27 31 37 14 
11 24 40 25 23 29 28 38 26 34 21 18 22 5 30 32 3 17 16 13 9 10 6 7 19 20 8 39 27 
18 23 15 22 26 30 19 7 12 10 13 16 24 34 8 3 9 35 2 40 31 17 32 5 21 14 25 
30 1 20 18 11 22 12 36 3 29 13 26 8 21 19 6 16 15 9 24 35 33 28 40 4 31 14 39 2 10 
28 10 17 35 20 25 26 13 33 1 29 2 11 19 7 34 23 3 22 38 12 6 31 5 4 27 15 18 32 36 
36 16 12 33 25 17 27 30 31 11 32 6 14 13 35 19 15 5 10 38 24 3 29 28 26 37 2 4 8 
