40
7 35 29 33 25 3 14 18 2 17 30 37 32 31 26 40 16 5 15 8 20 27 10 22 23 39 19 11 21 6 36 38 9 34 12 28 24 4 13 
37 22 34 28 3 33 29 13 26 16 4 23 9 24 19 12 7 32 8 5 27 20 14 35 39 1 17 40 10 38 36 6 31 21 15 11 30 18 25 
10 17 38 9 25 26 22 30 31 2 13 16 32 27 34 36 8 24 14 1 28 5 6 4 18 20 39 23 33 11 7 35 29 21 40 37 15 12 19 
36 33 12 25 27 22 2 30 28 16 3 21 9 31 24 39 29 7 18 26 1 38 11 8 15 32 23 6 14 35 40 34 5 10 20 19 37 13 17 
30 8 38 20 34 32 29 28 37 1 39 4 14 36 6 3 21 23 13 19 16 2 9 12 27 22 33 35 10 11 25 7 18 40 31 15 26 17 24 
12 33 38 37 30 10 19 39 26 27 8 36 23 32 31 21 20 18 4 40 22 34 29 28 15 2 7 14 17 16 3 9 5 25 11 13 24 1 35 
21 29 37 26 6 30 17 38 33 15 9 24 2 25 1 31 40 19 16 13 36 28 20 12 4 10 11 14 8 34 32 22 18 23 5 35 39 3 27 
30 13 29 39 18 6 32 33 23 16 12 20 25 5 14 27 28 17 35 24 15 22 11 37 19 36 1 3 31 4 7 34 10 2 9 26 21 40 38 
35 31 2 28 18 16 14 17 25 19 37 3 39 21 26 38 7 30 13 8 20 5 11 4 36 22 12 23 32 27 33 15 29 24 10 34 6 40 1 
18 4 38 35 21 13 30 24 9 26 32 29 33 7 11 1 37 19 39 12 22 17 28 5 25 8 15 6 31 40 14 3 2 36 16 23 34 20 27 
27 34 32 15 1 2 13 7 30 22 31 24 10 29 17 20 26 38 6 33 39 28 37 35 18 14 12 3 4 19 25 21 23 36 16 9 40 8 5 
18 22 8 15 6 39 24 2 1 5 29 9 26 32 14 36 3 17 4 28 16 21 13 27 20 38 40 35 30 25 7 11 34 10 19 37 33 23 31 
2 8 15 14 24 33 27 34 7 30 29 16 39 37 1 3 20 4 5 40 31 36 11 25 9 10 23 26 38 17 6 18 22 35 28 21 19 12 32 
5 18 23 11 8 40 31 30 12 17 6 2 38 7 33 22 15 35 19 4 9 37 28 24 34 16 39 36 27 25 26 10 20 3 13 29 32 1 21 
13 11 2 10 3 20 25 12 1 30 6 4 31 16 21 7 27 32 35 37 36 24 23 14 33 29 5 40 22 39 26 34 17 18 8 9 28 38 19 
22 26 1 8 32 35 24 5 23 11 3 20 6 34 2 38 27 37 10 36 25 33 19 29 39 4 30 13 28 9 17 31 12 7 40 15 14 21 18 
2 40 24 26 30 34 18 28 4 10 25 38 8 21 22 12 39 16 23 6 14 13 19 9 3 15 5 29 37 7 31 1 27 20 36 35 32 11 33 
12 14 20 39 27 23 6 15 8 38 1 33 13 5 9 21 37 31 22 7 3 25 2 35 34 36 19 10 32 16 17 40 26 29 4 28 30 11 24 
8 5 38 31 40 28 16 33 36 18 26 24 11 10 22 29 14 23 3 9 21 6 35 20 4 27 12 30 34 2 15 37 7 25 1 17 39 32 13 
12 16 14 6 19 17 38 30 15 1 37 5 28 22 13 4 9 24 31 18 39 2 33 25 21 36 34 27 29 32 11 23 35 3 40 26 7 8 10 
19 1 33 32 11 5 39 10 34 15 14 2 27 36 29 40 38 16 25 13 3 35 4 17 31 22 20 24 8 23 37 18 7 26 12 28 9 30 6 
16 6 1 34 19 12 3 15 8 10 27 13 40 24 2 21 26 4 28 18 30 9 37 11 20 38 5 23 36 33 29 31 25 7 14 17 39 32 35 
9 10 38 15 31 2 6 24 7 28 17 4 19 20 25 8 21 11 35 29 39 37 32 40 16 26 27 36 33 3 14 12 5 22 34 13 30 1 18 
22 23 31 26 36 13 38 6 40 28 30 7 25 4 3 37 39 12 35 19 9 11 10 33 8 15 34 27 21 5 18 1 20 29 2 16 14 17 32 
12 29 20 14 40 11 36 26 7 39 24 22 34 2 37 4 38 17 33 16 5 32 31 6 35 30 13 18 10 3 8 23 21 27 15 9 28 19 1 
18 17 14 24 6 28 16 38 36 10 7 33 5 23 1 20 34 13 25 8 11 27 21 22 12 4 29 31 3 19 35 15 30 2 39 9 40 32 37 
40 25 17 19 35 31 6 2 8 10 39 22 34 29 15 5 11 9 14 24 38 20 32 33 36 30 26 3 7 37 18 12 16 4 28 13 21 1 23 
25 39 14 32 9 22 24 37 11 8 13 16 29 26 27 36 33 38 19 21 23 10 6 31 18 3 12 2 20 35 40 17 30 4 15 7 5 34 1 
38 37 3 15 26 5 25 23 35 11 28 2 33 10 21 20 40 27 16 14 17 6 12 36 34 24 13 30 31 7 22 1 4 32 39 8 18 19 9 
12 36 23 34 8 11 31 28 22 21 35 19 5 1 24 37 20 7 27 29 18 32 4 14 6 40 16 38 2 13 26 33 9 17 3 25 39 15 10 
29 34 25 9 16 38 24 14 22 20 17 40 8 15 32 4 11 39 18 30 37 23 3 28 7 35 2 27 36 12 6 21 13 33 5 19 26 10 1 
4 13 18 16 29 9 2 35 8 26 39 27 40 3 1 31 38 25 23 24 37 10 36 17 19 11 33 28 21 15 30 7 20 6 22 34 12 14 5 
30 10 29 11 17 13 34 35 36 40 31 37 26 6 12 24 19 22 16 15 21 2 38 14 3 25 4 32 5 23 20 28 27 8 7 18 1 39 9 
36 26 23 4 18 15 35 25 21 7 13 17 32 9 5 16 19 31 3 12 22 24 20 11 30 14 27 1 10 28 40 29 39 33 38 2 8 6 37 
8 13 28 2 10 31 1 27 23 30 9 38 34 25 17 14 18 21 7 4 3 39 37 6 16 5 40 15 11 32 12 29 20 36 26 22 24 33 19 
9 28 29 6 7 32 15 20 10 8 11 3 5 19 2 16 1 25 34 30 39 23 12 17 21 4 40 37 18 22 14 33 13 35 27 31 24 38 26 
1 21 40 11 20 27 9 5 8 31 18 26 4 39 16 33 7 24 30 17 13 6 19 32 25 35 34 3 14 2 28 12 36 29 23 22 10 38 15 
39 31 34 30 37 35 22 32 10 24 6 13 33 7 14 4 12 40 11 17 2 1 29 26 18 21 3 16 23 25 9 19 28 5 15 36 20 8 27 
6 1 40 14 19 18 3 24 36 34 13 22 30 25 29 5 12 38 9 15 27 21 33 17 31 37 8 7 4 16 20 28 32 2 10 26 23 35 11 
38 23 5 20 4 14 12 9 30 3 15 26 34 22 25 33 37 36 17 2 18 10 35 8 11 39 31 1 27 21 16 24 19 32 13 29 7 6 28 
