40
30 5 23 21 19 33 16 36 4 35 10 27 25 38 20 40 6 2 
31 39 14 22 24 21 20 9 36 17 37 27 13 23 1 6 18 33 34 
30 23 34 5 21 28 20 27 22 31 14 17 7 32 16 13 26 29 37 
38 27 23 31 12 26 25 20 10 40 7 33 1 5 21 18 39 32 9 
37 22 1 9 20 3 25 4 23 34 17 6 40 7 38 29 31 
12 30 1 34 14 9 15 39 7 28 29 2 17 5 
38 8 19 27 40 3 37 34 16 26 35 20 18 12 24 4 6 11 10 17 25 5 
27 35 13 9 26 7 12 29 14 24 25 31 11 34 19 16 33 36 18 17 
17 8 36 38 16 40 6 11 35 32 19 14 29 5 2 31 21 33 15 4 37 10 
33 39 4 34 32 36 11 9 18 35 16 1 19 7 21 20 
32 26 39 13 21 15 28 25 7 8 14 29 22 17 36 19 9 10 18 
30 28 39 23 13 35 24 7 4 15 18 37 40 6 27 21 8 31 17 
40 15 36 12 29 24 2 25 20 11 3 22 23 19 8 38 
38 24 28 8 20 30 9 11 29 6 2 3 16 21 27 19 35 
28 38 36 32 17 13 27 9 21 12 33 31 19 6 11 16 26 
3 35 39 21 17 32 7 33 8 10 30 14 26 9 23 1 15 
34 15 24 25 32 16 20 21 37 11 30 3 5 9 19 6 33 27 7 8 2 12 39 
29 24 11 7 22 4 10 12 32 21 26 23 35 38 2 8 31 
17 35 33 9 38 28 23 34 31 36 15 29 8 1 24 21 14 7 13 37 10 11 
26 14 25 1 35 39 2 24 10 29 40 7 13 4 36 22 32 17 5 3 
12 26 28 14 9 17 19 1 3 24 10 11 35 27 15 22 16 2 18 32 40 33 23 36 4 34 
18 21 36 11 34 32 38 26 13 24 3 20 25 5 39 30 35 2 
4 35 3 36 12 38 19 5 34 2 18 39 32 16 24 40 37 13 30 21 1 25 29 
30 20 22 27 2 13 38 12 25 18 23 8 36 35 21 19 7 26 14 37 17 32 
35 11 23 22 1 31 8 7 24 29 36 38 34 33 40 17 39 32 13 20 28 5 4 
22 8 24 31 18 3 33 28 21 7 38 16 20 27 11 15 4 37 
29 3 4 17 26 33 8 21 15 2 7 12 34 39 1 36 24 14 
19 37 36 11 6 26 30 39 38 29 31 3 21 25 12 14 15 
9 28 3 14 5 8 23 32 34 13 20 31 18 33 25 37 27 11 19 35 40 6 
6 17 16 14 12 22 31 3 32 23 1 38 28 24 40 
32 25 30 29 5 19 9 28 18 15 12 36 3 2 26 39 40 4 8 33 
37 16 18 3 17 21 25 31 4 35 38 30 24 15 29 22 11 10 9 20 23 
4 29 1 2 19 10 16 9 25 17 31 37 38 26 36 8 35 27 40 21 15 
19 5 35 10 25 36 2 29 6 3 27 7 39 22 23 17 21 8 
34 21 16 25 24 7 8 32 19 12 36 1 9 18 14 10 23 33 37 29 20 22 
1 11 23 15 31 37 35 19 25 27 21 2 34 22 13 8 33 24 39 10 28 9 20 
32 12 28 17 29 39 23 35 26 24 33 38 19 2 5 3 9 40 36 7 
4 9 23 1 18 26 39 15 28 37 24 32 30 22 40 19 33 25 13 5 7 14 
28 10 12 17 4 20 34 36 6 23 37 25 38 27 22 16 11 2 31 
29 1 25 21 23 30 37 13 38 31 33 5 9 4 12 20 7 