40
29 40 32 17 8 6 35 27 14 24 21 13 15 2 22 7 19 5 16 10 12 37 38 9 26 3 4 25 36 30 
38 29 35 21 18 32 31 4 34 30 6 33 7 27 25 40 16 9 12 26 1 11 19 8 23 24 36 3 20 17 13 15 5 14 
6 14 30 18 1 40 15 36 29 24 11 25 20 5 32 38 26 35 34 22 39 16 7 13 17 21 37 4 33 9 2 8 
30 27 35 9 7 1 23 34 36 33 15 14 21 3 24 26 5 18 16 32 8 2 29 22 19 39 20 
4 25 15 30 33 14 26 11 12 23 8 31 2 20 22 3 29 9 18 16 37 10 40 1 7 36 32 17 39 
9 1 23 25 28 39 20 38 3 32 17 12 29 26 14 31 34 33 2 37 30 19 13 35 18 22 16 27 
18 1 35 36 26 21 37 33 28 34 5 31 12 27 24 32 30 13 14 20 4 22 2 10 9 16 8 3 29 23 15 11 
26 36 30 25 15 13 17 5 34 22 7 10 38 31 33 4 2 3 20 21 18 39 28 16 29 1 11 37 27 12 
7 3 16 26 40 27 5 6 15 13 11 20 38 24 4 1 34 10 35 19 21 30 39 28 2 37 31 18 12 14 36 
12 36 18 28 17 14 23 35 1 40 24 22 9 29 5 37 27 21 31 25 19 26 39 34 7 32 13 8 
38 3 21 30 17 33 28 29 18 31 12 34 23 27 7 8 16 39 20 32 40 5 13 25 9 2 14 26 
24 10 40 28 9 37 8 21 22 16 29 13 25 31 7 34 26 32 27 6 39 11 30 1 18 36 38 15 2 19 5 33 
40 7 26 31 36 11 33 22 17 21 8 6 30 38 29 10 37 3 12 39 28 15 34 1 16 32 25 27 14 9 2 
22 35 31 27 7 40 30 4 6 2 10 3 9 1 28 13 5 38 33 34 25 32 19 37 29 15 11 20 16 18 
7 36 22 9 1 32 33 24 27 31 39 14 20 34 5 8 35 4 12 23 40 19 13 37 3 2 28 16 
24 1 8 19 40 14 7 9 28 3 38 34 5 11 37 2 30 17 39 25 29 23 13 4 32 20 12 26 18 31 15 27 6 
21 33 26 30 22 2 23 27 10 1 35 13 28 8 16 38 39 25 29 6 19 18 37 32 31 20 11 5 3 
34 32 21 19 14 5 2 12 7 28 4 11 29 33 23 38 17 3 8 39 36 16 25 35 20 10 40 6 9 22 31 24 
28 25 33 14 1 15 10 18 24 2 12 31 17 32 36 22 16 30 23 4 35 9 6 20 21 38 
14 27 23 3 30 8 6 38 39 16 7 37 31 21 29 32 4 36 5 33 2 17 25 15 35 22 11 18 9 19 
31 4 30 18 2 33 3 12 20 9 8 35 26 11 25 24 19 37 39 10 22 32 13 36 7 17 1 
15 27 38 32 7 20 28 14 35 12 8 24 4 39 18 19 6 17 13 5 26 34 37 25 21 36 3 10 1 30 
25 38 36 39 6 18 26 16 4 37 24 5 29 7 28 15 19 40 11 2 20 31 10 34 17 
23 31 9 37 1 18 19 25 15 4 35 21 34 10 22 16 7 2 3 33 12 27 36 
30 26 33 13 39 1 21 24 8 27 14 31 12 29 37 18 19 10 3 38 20 23 2 11 40 6 28 16 34 32 17 35 5 22 
5 17 16 23 25 9 6 34 13 22 35 39 1 21 31 37 3 33 8 38 12 32 10 27 30 7 4 11 2 
37 15 12 22 20 7 11 1 36 14 24 6 2 17 29 30 32 10 26 31 33 8 34 25 35 39 4 9 16 38 28 13 
17 25 11 9 7 31 13 36 38 18 32 27 40 15 8 14 23 10 16 12 29 19 6 22 
16 27 25 3 8 13 11 12 32 40 18 4 5 28 10 7 1 37 20 23 14 17 2 31 6 
2 25 12 7 11 1 38 37 14 26 13 34 35 16 9 17 3 4 6 39 33 31 8 19 20 22 21 5 27 32 
9 10 8 27 29 21 23 35 5 39 30 13 12 28 6 7 32 16 24 2 15 25 19 17 20 14 40 11 26 18 34 
17 6 36 30 39 40 37 33 13 27 12 15 10 14 28 26 4 7 22 21 29 2 16 5 1 19 34 20 25 38 11 18 3 31 
14 5 17 36 7 12 15 34 21 35 19 30 6 11 27 18 2 32 8 40 13 3 39 38 20 4 26 25 24 
40 36 13 32 23 3 39 38 15 22 30 11 35 18 8 2 25 10 4 9 6 33 27 7 14 24 37 26 12 31 16 
6 22 37 36 10 25 4 27 21 14 39 30 1 18 15 40 3 20 17 2 26 24 33 9 31 7 19 34 
22 12 9 35 34 39 19 7 13 28 1 8 15 38 21 33 24 23 37 18 2 20 4 3 5 27 32 10 
29 1 15 38 17 22 24 23 25 20 6 16 10 12 13 9 40 32 7 21 34 35 26 36 30 3 5 14 27 8 
32 13 27 22 26 18 37 3 8 25 34 19 6 12 20 9 16 2 36 33 17 30 28 1 11 14 40 23 
6 32 12 22 23 27 34 31 17 21 40 13 18 20 16 10 35 15 4 5 9 36 25 8 33 3 11 30 26 
23 3 16 29 14 1 5 9 32 18 12 2 13 34 38 33 35 11 39 10 25 37 15 28 31 
