40
28 39 40 15 37 7 35 25 33 21 24 31 12 20 14 16 3 11 5 19 23 10 38 26 30 9 36 22 18 29 32 2 
28 7 25 13 38 33 18 17 6 16 32 23 9 10 8 40 21 12 27 36 4 1 31 11 15 29 35 
15 34 1 39 8 40 5 37 23 4 36 11 38 12 18 31 14 10 25 19 26 30 24 7 27 
26 17 20 39 25 27 22 40 35 12 34 6 13 29 2 23 5 24 28 8 3 38 21 37 30 14 11 19 7 32 
16 21 33 38 29 19 30 15 20 22 36 28 39 1 25 6 12 35 8 27 26 17 18 4 40 24 13 3 14 23 
11 15 17 18 28 13 40 7 2 35 10 14 16 24 27 4 33 39 31 5 38 26 25 9 32 29 37 12 23 
10 37 38 17 21 9 1 20 2 25 11 4 8 26 40 28 19 16 32 39 18 36 29 14 15 33 27 6 34 22 30 3 31 
19 40 5 36 13 32 7 9 17 24 34 39 35 18 23 4 25 11 12 33 16 3 37 30 22 29 2 28 
40 35 37 21 11 15 2 23 8 14 36 10 25 13 12 30 33 6 24 16 39 20 26 1 38 27 7 32 
38 26 22 1 25 9 3 18 11 6 7 33 36 37 2 21 34 12 19 39 20 27 23 
10 20 2 22 7 39 6 33 24 18 14 35 4 40 16 19 26 12 37 15 17 8 29 9 1 27 36 31 30 25 3 13 34 
25 29 1 32 22 16 40 34 26 4 10 36 38 5 24 6 9 28 8 23 20 21 2 39 37 30 11 27 18 3 13 
26 16 36 23 11 17 35 27 19 18 39 21 29 30 38 24 9 25 20 28 37 6 12 5 14 8 2 22 34 31 40 33 4 
7 13 22 5 24 21 17 4 11 15 38 1 26 37 28 19 25 6 3 39 29 20 9 34 16 40 18 31 35 23 
26 25 6 29 16 17 34 23 24 20 5 39 1 27 40 35 19 28 32 33 22 9 11 21 7 38 14 2 3 
7 12 37 22 30 5 13 9 14 1 2 27 35 21 36 11 31 29 26 38 8 28 34 39 23 17 19 18 40 25 6 15 
4 29 14 2 23 13 36 19 18 33 8 5 28 22 6 39 30 38 34 16 7 35 11 27 31 24 40 37 15 
8 24 29 38 5 32 36 19 31 35 20 10 30 33 2 17 6 22 3 27 26 37 39 7 14 12 1 11 34 13 16 23 
37 18 38 27 26 34 14 39 32 40 29 31 22 25 20 16 35 5 30 36 33 10 8 17 15 13 1 11 7 3 4 21 24 
13 38 37 29 24 35 31 32 5 4 12 23 1 19 7 9 14 40 33 15 10 30 18 11 36 
39 23 34 16 5 28 24 10 4 31 19 33 29 12 36 37 40 32 15 22 14 25 27 7 38 13 1 2 9 
36 32 5 10 39 19 7 17 16 31 34 27 8 1 38 21 18 23 15 14 28 13 37 12 25 26 40 11 4 35 
29 12 8 37 31 30 28 1 20 9 13 18 40 22 16 26 39 2 36 6 33 3 38 32 15 14 5 21 25 27 4 10 17 
38 40 14 13 34 35 18 8 39 19 9 5 3 17 30 26 25 32 21 12 15 4 6 11 20 36 1 
34 19 5 7 6 28 13 11 12 1 24 2 4 23 39 15 29 9 21 14 36 35 3 26 37 33 16 22 38 8 31 10 
16 5 30 19 6 25 3 12 23 4 40 9 13 33 1 18 11 29 7 24 14 38 36 28 15 31 10 32 22 34 
2 12 16 39 13 5 11 28 15 9 22 23 40 18 29 32 36 21 3 19 4 7 35 10 17 38 30 31 6 
17 25 38 6 16 13 5 23 8 40 35 15 12 22 14 29 30 7 27 33 2 21 26 36 37 4 1 
15 14 17 1 7 26 31 2 8 33 12 6 4 40 11 25 19 5 27 20 21 39 32 16 28 23 37 18 13 
16 26 13 8 38 23 20 11 5 37 1 18 27 9 39 32 12 36 28 33 7 24 17 4 31 3 19 35 
11 6 26 7 13 22 2 17 29 23 19 16 14 21 39 32 20 27 38 25 30 3 33 1 18 
34 40 9 15 19 26 8 18 7 36 29 31 6 1 22 37 12 20 35 21 27 39 24 33 30 4 38 2 23 
19 6 13 29 20 15 39 38 18 17 28 37 8 25 21 31 26 2 10 30 40 23 1 32 5 9 11 7 36 35 
10 37 13 18 17 11 12 19 4 40 36 15 32 3 35 21 26 38 8 7 24 22 25 39 14 16 
2 20 27 30 38 4 17 6 39 25 15 24 33 18 8 5 1 22 19 36 11 40 9 32 16 37 34 13 14 28 
10 28 3 30 34 5 35 32 8 25 13 33 27 26 23 2 17 11 22 7 16 24 12 1 38 21 19 39 9 20 18 
28 35 12 34 3 18 40 33 7 29 6 32 11 9 4 8 13 14 39 25 17 21 22 19 1 10 16 30 23 20 
39 25 26 40 15 5 7 14 30 16 4 6 33 12 28 22 2 34 23 18 13 32 19 9 17 3 31 27 1 36 24 21 10 20 35 
34 14 19 38 5 35 13 21 29 23 32 18 24 11 40 25 27 16 31 30 33 37 4 15 3 17 12 22 1 9 7 36 6 10 8 
27 17 7 16 8 14 13 33 32 1 6 34 35 24 28 9 20 22 26 21 2 23 15 29 37 5 4 39 38 11 3 12 19 
