40
10 6 39 21 25 24 26 17 37 40 20 18 13 30 28 5 38 7 29 19 3 33 31 9 2 34 
31 36 6 29 33 5 23 14 37 26 10 19 13 22 16 40 32 17 12 28 15 27 25 1 39 4 3 20 11 
7 34 17 5 6 21 35 36 14 20 23 39 13 10 8 37 28 33 24 32 26 2 1 18 27 31 25 19 40 
8 38 39 15 22 17 29 26 2 18 24 9 16 19 5 40 37 10 25 20 31 6 14 7 34 
29 34 40 33 15 18 17 20 28 4 3 23 25 11 36 2 31 13 22 7 9 14 32 39 8 19 24 12 37 30 1 26 21 
38 35 1 36 3 40 32 28 20 13 39 29 8 30 16 12 2 21 4 22 19 17 26 34 10 25 24 37 7 
4 17 40 30 22 5 34 38 31 33 27 1 21 28 29 8 13 12 19 16 20 18 6 10 3 37 35 11 24 9 
13 38 21 32 39 4 27 7 11 19 36 20 24 28 3 25 5 16 10 37 34 18 29 15 22 6 9 
24 38 22 4 39 40 10 1 28 8 36 35 27 7 26 12 25 32 23 19 37 17 18 5 33 29 11 
22 16 3 6 14 31 36 23 9 34 28 27 19 17 25 12 32 18 1 2 8 13 15 29 4 38 7 40 39 
31 32 22 20 35 15 9 2 13 18 14 5 8 21 25 17 7 29 23 19 37 40 36 26 
18 7 26 9 20 13 32 24 5 14 35 6 33 29 37 40 39 17 15 22 31 19 36 10 27 28 2 16 
17 21 36 22 8 19 11 12 2 3 24 15 10 14 30 37 18 16 23 32 39 33 6 40 27 5 1 20 31 34 7 
28 40 2 32 10 27 30 35 15 22 21 37 5 19 4 18 11 31 29 17 39 12 34 13 33 3 16 36 
21 17 27 22 40 25 12 34 5 4 23 35 14 8 33 38 13 28 24 20 11 36 32 2 18 30 10 26 29 
29 31 20 14 34 33 23 2 28 19 13 35 7 18 27 40 24 38 6 37 30 4 21 12 32 26 39 22 17 8 10 
12 32 14 6 10 24 22 4 9 26 30 19 3 31 20 23 39 40 25 27 29 33 2 38 15 13 5 28 11 7 37 16 35 1 21 
24 31 39 9 3 27 11 32 14 7 34 8 38 10 13 22 20 16 12 28 23 15 5 33 35 29 4 37 40 1 21 
12 37 17 20 8 16 10 35 33 24 29 11 7 2 39 3 28 25 13 23 40 21 36 9 32 6 14 31 5 1 4 
32 7 12 37 36 39 4 35 1 11 5 19 16 34 13 33 15 21 3 18 29 38 6 27 23 26 22 8 30 17 2 
6 39 3 33 13 8 18 22 1 16 5 7 29 37 32 28 15 24 14 23 40 17 20 11 26 36 38 19 34 30 
32 38 15 2 7 27 20 17 26 14 16 31 35 23 12 24 4 6 9 11 5 21 10 13 37 33 8 39 40 18 28 
26 15 33 31 32 20 5 10 24 28 9 21 27 36 2 37 19 25 13 29 17 34 16 22 18 11 3 
3 35 5 6 34 22 39 7 16 26 21 4 32 12 15 31 40 8 36 28 9 30 19 38 23 37 18 33 1 17 13 
38 19 32 39 15 2 26 3 17 37 4 11 23 8 5 1 30 34 27 10 9 40 6 
27 21 1 36 29 16 23 6 24 25 2 9 31 35 5 39 22 15 37 32 3 33 20 17 11 40 38 12 4 
14 9 15 36 35 16 12 22 13 40 8 25 26 20 31 7 29 2 3 18 39 30 17 10 23 
17 18 31 2 9 15 32 19 10 36 16 1 12 5 39 8 24 3 40 7 23 35 21 6 14 22 
21 36 12 17 6 32 2 23 39 35 30 18 27 19 14 1 33 26 9 15 4 31 11 7 20 5 10 16 8 
13 16 17 1 6 35 5 40 39 27 34 31 7 21 14 25 15 38 29 32 20 24 36 
26 38 7 3 19 14 18 1 11 16 40 10 23 28 30 12 29 5 13 37 17 4 2 36 34 27 22 24 
35 38 28 23 16 24 21 37 30 18 39 40 2 15 9 12 22 11 6 14 25 17 19 13 3 29 8 10 26 20 36 5 
20 12 7 14 17 13 18 23 21 16 34 29 26 9 5 3 37 40 15 24 22 1 19 2 36 39 
23 30 36 40 3 1 4 39 38 13 6 33 20 37 16 8 24 31 18 14 15 35 21 10 25 5 7 
39 29 26 6 27 9 11 30 40 14 36 7 32 28 16 12 18 34 19 15 24 3 17 22 20 
3 19 28 29 8 20 26 40 21 30 31 24 11 12 34 2 35 15 23 37 27 9 33 5 6 32 10 14 13 
7 22 5 33 12 26 25 2 19 24 36 34 31 21 1 32 23 8 40 11 17 4 16 9 6 3 13 20 18 14 
20 15 22 32 39 10 17 25 1 8 26 6 7 34 4 16 18 24 9 30 31 21 
3 33 24 12 6 19 4 29 21 13 32 9 2 1 18 26 40 35 34 20 38 30 25 8 28 22 17 14 16 27 10 5 
9 13 24 28 35 26 39 14 37 25 22 17 5 27 32 1 30 12 10 16 2 34 19 3 36 31 7 11 21 6 15 33 18 4 
