40
25 3 35 33 2 11 20 12 36 30 34 27 5 9 7 40 4 32 6 19 22 8 23 21 13 24 38 
24 23 31 40 38 30 14 37 19 6 1 25 20 36 27 5 16 33 21 29 22 17 15 32 13 34 
29 5 4 13 11 17 35 25 23 20 14 30 24 32 28 39 1 9 19 38 34 40 31 15 12 18 16 22 
24 13 34 3 11 19 17 12 1 36 33 20 23 8 10 21 7 15 32 18 16 37 35 30 28 26 31 5 27 14 22 
35 16 34 31 23 36 28 8 9 32 1 20 17 2 29 24 19 4 27 14 10 12 40 6 38 13 21 39 3 
38 12 7 17 34 37 20 14 36 16 2 22 11 5 28 29 8 33 15 13 32 24 9 30 26 39 21 10 1 31 
35 22 20 13 38 12 34 17 18 40 25 8 14 16 27 4 23 6 31 32 29 11 30 26 21 24 28 9 1 15 
9 29 16 32 38 24 13 20 4 26 5 27 39 28 30 31 17 10 15 21 11 1 14 23 7 22 19 6 37 35 34 
24 30 22 6 18 1 28 29 19 35 21 10 20 14 5 38 26 7 25 36 23 8 32 34 33 13 27 16 15 37 3 
34 13 12 40 20 30 16 5 23 38 39 25 36 17 15 33 11 21 8 9 27 4 19 26 6 
27 16 10 3 28 31 30 13 35 7 14 17 15 20 32 40 36 24 38 23 18 8 39 4 33 34 1 21 37 6 29 19 
23 7 36 4 1 38 40 6 28 15 19 3 22 20 16 10 27 26 35 18 29 5 32 30 34 37 
6 5 10 39 36 31 33 2 40 9 32 17 35 16 23 22 26 3 30 27 20 18 19 8 7 11 4 21 15 28 29 24 34 1 38 25 
2 30 36 33 27 5 4 40 3 38 15 21 20 35 23 25 7 9 8 31 34 29 6 39 24 11 17 16 37 
2 18 30 27 21 8 39 17 20 3 13 31 10 4 35 33 26 40 19 11 29 14 32 7 6 34 37 9 36 16 28 12 38 
6 19 36 33 7 8 38 14 2 15 18 34 10 25 35 40 3 21 22 11 5 31 4 17 29 37 9 26 12 23 13 28 
13 11 31 14 7 2 39 4 35 23 5 18 27 3 22 34 24 36 6 20 26 28 30 8 10 15 16 
34 35 20 13 17 12 23 27 16 21 33 15 24 19 7 31 28 11 3 4 9 36 29 37 32 30 
15 12 26 4 8 28 23 35 29 20 21 16 24 40 27 10 1 2 9 37 11 31 18 5 25 13 3 
35 5 38 3 1 15 40 9 17 29 30 26 32 23 37 11 33 13 8 4 28 10 25 7 22 21 27 19 18 2 6 14 12 
39 10 32 5 29 18 4 1 33 9 27 36 34 15 8 13 35 38 24 11 19 31 14 7 2 37 6 30 16 40 26 20 
9 36 20 16 1 12 28 35 27 40 33 17 39 32 13 23 7 29 38 31 6 2 4 8 3 26 37 
19 13 20 18 38 22 3 31 8 4 16 1 14 9 29 5 11 27 35 7 37 28 2 40 17 10 12 32 34 
17 18 19 33 32 5 21 8 1 36 6 30 37 26 38 31 3 11 13 29 2 27 28 4 39 25 14 40 7 9 
37 13 35 14 7 24 32 16 9 2 33 1 3 20 38 30 34 40 27 10 19 
10 4 30 38 13 24 12 28 22 40 8 20 19 15 7 16 37 36 35 39 21 34 33 29 9 17 6 31 32 
7 15 13 1 23 30 21 35 32 8 11 25 28 2 37 4 9 22 12 19 31 10 33 5 17 20 18 38 24 36 14 
40 27 13 29 15 18 24 7 23 11 16 35 20 5 8 36 32 22 3 37 4 26 12 39 9 19 33 17 30 6 
3 18 12 7 32 5 34 8 31 28 21 36 6 23 19 33 11 13 24 22 9 15 2 39 20 26 37 16 14 
14 25 31 3 6 13 10 4 17 15 8 26 28 24 21 1 37 12 35 9 20 27 7 11 33 18 36 32 2 39 
6 29 30 35 8 13 16 36 17 22 38 26 27 4 24 15 18 21 14 2 39 34 11 19 37 5 7 3 23 32 
4 28 22 11 18 23 40 7 31 1 26 21 27 24 13 30 29 9 6 3 2 15 25 12 5 20 34 37 8 
15 10 6 4 34 13 1 18 26 38 30 35 20 36 40 2 11 9 28 29 16 27 39 24 22 14 21 25 
8 16 13 26 40 12 15 10 9 21 6 1 5 23 4 29 32 38 25 37 11 7 39 31 14 3 17 2 33 18 
36 7 11 5 39 3 30 15 16 1 33 40 13 19 9 25 18 23 27 12 14 21 17 4 8 20 22 38 31 26 28 
16 28 37 9 40 2 29 15 38 35 33 18 17 22 4 11 5 21 13 24 6 27 26 30 14 12 31 10 1 
21 4 40 39 8 9 16 24 11 23 30 2 18 38 27 36 14 12 32 26 22 31 34 29 19 25 6 28 15 20 
31 27 5 24 35 8 13 34 12 15 16 11 37 36 39 10 3 23 21 2 14 33 7 22 1 26 25 9 6 20 
11 35 34 8 5 33 17 21 28 38 37 31 10 15 13 3 22 30 14 26 6 29 40 24 
25 10 35 28 34 16 13 33 36 1 21 11 2 12 20 15 14 3 32 22 23 39 26 7 37 24 19 5 
