40
2 26 13 5 37 28 6 34 3 7 4 25 17 36 10 35 23 8 9 29 15 39 27 38 32 31 24 12 21 22 19 
18 6 12 9 33 28 35 37 31 26 23 5 34 24 17 13 1 3 39 8 14 21 19 16 
15 1 35 27 29 18 11 21 8 19 17 20 16 36 30 34 13 7 22 31 26 23 10 2 6 33 38 12 
39 11 35 40 14 8 10 21 36 33 23 13 15 12 34 18 25 26 6 16 1 32 7 37 17 20 5 28 22 
40 21 18 8 13 23 20 27 32 30 34 12 38 28 1 17 29 24 35 25 10 9 16 14 2 37 11 6 4 
39 34 15 32 12 37 8 16 21 22 27 24 19 7 1 5 29 2 31 28 23 14 9 20 3 17 30 4 33 11 13 
12 14 18 21 26 29 6 19 32 3 37 17 40 33 35 10 36 9 25 20 22 16 11 1 13 30 24 27 15 39 23 4 34 
11 17 16 39 19 25 22 6 28 33 35 21 3 23 20 15 34 13 10 2 1 40 4 37 26 29 31 9 12 5 18 
2 24 38 25 28 23 22 11 16 35 20 10 13 31 6 8 32 34 14 7 37 15 30 36 1 26 40 5 33 12 18 21 
40 35 36 31 32 21 17 16 9 25 37 19 3 14 23 4 33 30 26 15 18 5 34 13 7 8 12 39 28 22 1 11 20 38 
26 4 7 32 27 18 31 12 36 39 5 20 10 6 8 24 29 37 15 35 17 13 16 9 25 3 23 30 14 19 21 
1 32 10 2 29 38 8 9 39 15 5 6 19 4 35 30 22 23 7 34 16 24 25 13 27 20 3 11 33 21 
3 14 28 33 37 25 11 1 20 38 19 31 40 39 23 5 4 26 8 7 9 32 12 30 2 6 18 10 29 15 
26 21 16 17 29 18 36 23 22 33 20 7 39 40 24 6 25 28 5 9 2 11 38 13 30 10 4 15 34 31 
35 29 3 13 8 20 34 7 31 21 32 12 26 6 38 11 37 25 23 1 14 4 9 17 27 39 10 
14 2 26 17 19 36 25 21 31 6 12 24 40 5 32 3 20 10 8 34 7 9 27 11 4 
34 8 36 35 23 14 33 16 19 3 27 15 11 5 7 6 38 40 39 1 10 20 37 18 2 4 29 28 21 
9 22 2 31 4 23 27 34 21 38 33 30 7 37 40 5 20 17 10 24 13 35 14 3 32 25 11 39 8 
1 3 20 12 37 23 11 13 28 29 36 24 17 8 26 27 16 32 6 21 7 31 22 10 25 2 
19 27 6 12 40 39 26 30 10 21 15 28 13 22 5 37 33 31 4 11 16 7 3 18 25 35 36 38 9 8 17 14 
5 40 10 14 32 15 4 2 38 24 18 25 7 26 39 33 9 30 37 1 20 17 28 19 3 35 29 16 12 27 23 22 6 34 11 8 
6 12 25 36 29 35 4 1 20 21 23 9 18 37 24 14 19 31 40 39 32 8 27 28 10 7 3 34 26 
4 39 9 6 40 11 17 14 25 34 7 13 27 30 8 32 36 2 18 22 21 24 33 31 5 19 15 26 12 1 10 3 38 
23 5 6 21 2 30 34 22 11 33 7 32 31 37 39 14 25 16 38 18 26 27 35 19 28 1 40 12 29 9 
21 16 4 12 26 7 27 31 14 5 13 34 22 9 15 11 37 19 36 29 33 24 28 8 39 1 23 18 20 40 10 
29 28 23 27 36 7 4 2 22 3 15 10 33 13 40 34 37 25 16 11 9 14 38 20 1 24 8 35 30 31 21 19 
39 3 36 30 1 35 22 16 6 5 28 17 20 18 25 40 26 11 23 38 19 7 12 37 32 15 24 21 
34 13 38 26 24 36 17 19 2 5 1 10 32 29 6 9 21 33 20 14 25 39 4 27 22 31 35 30 40 8 
19 17 7 34 8 28 30 31 14 35 13 32 15 3 24 6 33 25 39 26 38 22 37 11 21 1 5 12 
5 34 36 9 13 32 7 23 3 39 12 14 33 27 35 29 6 31 10 40 21 20 11 28 18 26 24 
39 3 37 34 29 18 26 15 11 14 38 8 22 24 20 10 16 19 25 9 1 30 2 33 28 6 23 13 32 
34 22 31 39 9 27 29 21 11 15 1 23 37 19 12 28 24 7 18 30 38 10 40 6 16 4 36 13 5 
30 6 26 24 25 4 14 28 21 3 29 13 2 20 17 23 31 40 8 7 10 35 37 12 9 18 
37 40 35 1 2 30 21 26 32 28 24 8 14 16 31 38 10 12 29 39 25 6 3 5 23 9 18 22 4 36 17 15 7 
20 17 9 15 28 34 18 36 1 11 37 12 5 7 39 4 30 27 29 8 24 33 10 21 2 22 26 40 3 
34 20 14 7 27 23 19 35 25 10 22 11 4 1 26 9 30 32 17 16 40 3 38 28 
35 38 31 15 29 34 40 6 22 24 5 11 7 39 17 18 8 27 20 26 25 10 9 33 1 13 2 21 19 4 32 
5 10 36 21 15 32 31 18 23 28 37 24 40 9 17 14 26 1 3 13 20 34 27 29 12 
14 6 8 13 21 10 34 40 11 31 17 4 15 20 27 1 18 32 30 29 23 7 35 25 22 2 24 28 37 12 
26 20 4 23 32 30 16 27 25 39 37 7 14 5 34 13 33 36 28 21 35 9 8 17 10 18 38 24 22 
