40
22 24 32 9 40 11 38 8 35 33 2 6 10 25 14 37 27 17 13 23 18 36 34 20 39 29 12 28 7 5 31 15 19 30 26 21 3 4 16 
33 23 18 39 7 10 21 12 25 38 19 17 29 13 34 9 11 15 30 8 20 35 6 5 32 24 16 36 14 26 37 28 3 27 22 1 40 31 4 
9 19 14 25 39 34 40 1 37 31 6 22 30 13 15 27 18 38 12 10 16 20 17 7 35 5 4 32 24 2 23 36 21 28 8 11 26 29 33 
33 8 14 23 32 30 29 31 3 40 15 9 7 13 18 38 2 20 10 16 21 34 37 27 19 24 5 36 11 22 6 26 1 25 39 28 17 35 12 
39 19 37 2 1 14 31 15 7 35 12 4 26 6 3 21 24 28 16 9 10 17 33 34 18 13 40 20 29 25 23 11 8 36 38 32 22 27 30 
5 7 16 15 14 32 30 1 9 40 17 28 4 36 13 27 33 23 19 31 34 37 26 24 3 10 35 38 11 21 8 12 25 20 29 2 39 22 18 
8 14 13 21 30 10 11 20 3 37 33 17 5 16 29 22 25 23 35 24 6 2 19 27 36 18 34 1 9 32 26 31 28 4 15 40 12 39 38 
22 6 25 5 38 23 40 15 34 17 7 32 24 26 29 10 13 27 19 2 3 33 1 36 9 21 37 14 20 35 28 16 18 12 39 4 30 31 11 
28 1 20 6 40 26 11 24 38 16 27 25 19 12 32 22 39 23 13 10 33 34 21 18 2 15 4 8 3 17 37 7 30 14 35 29 31 36 5 
40 39 30 17 4 24 14 11 27 5 7 21 32 37 34 23 29 31 13 3 2 22 18 38 25 1 20 26 19 12 8 16 28 6 9 36 15 33 35 
7 9 17 30 5 31 12 15 13 33 19 37 39 21 35 18 14 8 24 28 20 10 6 32 26 34 25 29 3 1 16 2 22 23 40 27 4 36 38 
24 33 21 26 37 40 20 14 30 8 22 2 4 6 10 34 17 29 7 36 16 23 15 13 39 5 1 38 32 28 35 18 31 27 11 3 9 19 25 
19 33 7 26 8 9 30 37 28 20 24 12 34 31 21 40 11 18 23 22 39 27 2 25 3 38 15 35 4 36 6 16 32 17 29 5 14 1 10 
11 20 3 22 25 10 28 24 13 2 27 35 15 31 26 19 32 33 37 16 18 30 40 4 9 17 38 39 5 12 36 34 7 29 21 8 6 23 1 
25 2 3 7 21 23 6 16 20 17 19 18 28 14 1 24 29 30 22 35 40 9 39 31 36 38 37 26 5 33 10 12 8 4 27 13 34 32 11 
26 20 31 19 5 27 35 30 34 18 2 14 11 28 33 4 6 29 13 3 23 21 38 39 17 1 15 40 36 24 7 12 22 9 32 10 37 8 25 
3 21 5 11 7 6 19 30 27 32 23 16 12 18 36 2 34 29 28 13 40 22 25 31 33 26 38 20 9 37 39 14 4 35 24 15 8 10 1 
29 38 26 4 17 31 34 24 39 5 33 23 19 13 11 10 1 27 3 14 12 32 28 36 40 16 20 30 22 6 37 15 7 2 8 35 25 21 9 
10 31 33 16 4 21 6 25 40 28 5 7 32 18 8 26 39 30 12 20 29 1 24 2 27 11 23 34 38 13 36 37 22 14 3 15 17 9 35 
40 37 36 31 13 11 34 12 1 27 30 23 4 8 16 35 38 17 24 22 9 18 32 15 21 7 3 5 19 6 2 14 26 25 39 29 33 10 28 
30 24 29 39 7 37 10 2 15 26 1 11 9 12 34 23 28 16 22 3 13 8 6 19 18 4 31 32 20 14 40 38 35 33 5 27 25 36 17 
5 1 35 26 13 29 10 30 31 34 19 21 23 9 3 2 40 37 12 39 36 24 15 16 11 14 7 28 32 17 33 4 38 18 20 25 6 27 8 
3 32 29 36 8 17 16 30 4 28 14 21 20 2 27 22 34 18 6 37 12 9 19 1 11 5 35 7 26 25 10 33 39 38 13 31 15 40 24 
26 28 6 9 18 2 29 1 12 38 36 17 19 32 31 3 25 20 23 4 40 14 22 39 5 30 34 37 16 27 10 33 35 7 21 13 11 8 15 
1 12 31 11 24 5 2 29 33 15 22 10 39 13 14 21 23 6 20 35 8 19 40 18 26 27 32 34 9 3 38 36 28 30 37 16 7 4 17 
15 3 30 25 31 1 21 23 22 9 7 12 39 14 35 40 16 36 38 17 32 4 6 11 37 8 19 18 24 34 5 29 20 33 28 10 13 2 27 
24 13 18 17 40 10 8 4 19 20 21 31 5 39 3 37 26 29 35 22 32 16 36 25 28 15 23 1 9 7 38 30 2 33 34 11 6 12 14 
2 32 26 14 15 34 39 5 35 3 33 11 18 8 29 20 40 23 10 30 17 6 25 12 4 1 13 27 7 19 16 37 31 21 36 38 9 24 22 
17 33 9 8 2 4 15 35 16 5 26 20 13 1 14 19 25 40 28 12 7 18 23 22 36 6 37 21 30 38 31 27 11 3 10 34 24 39 32 
31 38 2 35 20 8 4 22 12 7 24 37 34 6 26 29 5 40 15 10 19 39 14 13 9 23 36 33 1 27 32 18 16 3 21 25 28 11 17 
2 32 13 12 36 29 3 19 22 5 20 18 40 26 10 16 8 39 14 25 4 28 11 37 30 38 34 17 35 1 21 33 27 9 24 7 23 15 6 
21 26 15 34 23 38 30 40 16 37 28 33 18 29 17 2 11 20 8 12 31 3 19 24 7 27 13 4 10 36 25 5 1 6 22 35 39 9 14 
30 32 8 17 22 6 23 20 38 3 13 21 27 16 28 5 35 11 26 10 25 29 1 12 31 4 36 14 2 9 37 40 18 39 19 24 7 34 15 
6 1 2 32 16 40 39 29 37 20 15 17 8 26 21 5 4 27 23 3 28 14 25 11 22 7 33 10 19 36 31 38 35 13 18 24 9 12 30 
13 7 5 29 16 8 28 14 1 11 30 10 40 23 4 37 12 32 22 27 20 18 6 36 19 25 38 2 24 33 17 39 15 9 3 34 31 21 26 
6 22 32 19 27 39 34 28 12 29 35 15 25 40 30 20 2 21 18 31 7 23 10 8 33 5 11 4 37 1 24 9 17 16 26 3 38 13 14 
21 11 15 14 30 34 24 31 9 26 29 17 13 27 25 33 32 36 18 38 20 2 39 28 23 16 40 1 4 8 3 22 12 6 10 19 35 5 7 
33 26 36 8 19 12 21 35 5 20 39 4 13 40 25 22 1 17 11 28 9 32 30 7 10 37 34 3 24 6 15 16 29 14 23 18 2 27 31 
35 16 1 21 14 31 22 17 25 5 12 29 23 2 7 11 36 24 32 40 15 26 3 6 28 19 37 38 8 27 13 9 4 10 33 34 20 30 18 
5 35 23 21 7 2 29 4 24 17 19 31 3 38 36 28 11 18 34 39 33 12 27 25 30 10 37 20 13 9 8 1 14 16 26 6 22 32 15 
