40
38 15 30 16 13 35 33 34 14 8 6 26 24 9 28 31 22 20 32 7 40 29 11 
12 20 30 13 23 7 38 27 32 37 5 36 28 6 35 15 40 
37 13 23 26 21 36 35 18 39 28 14 32 29 7 19 38 27 9 22 30 24 
38 16 15 39 11 18 21 28 30 33 20 8 31 9 23 19 5 6 37 24 34 17 27 14 
32 36 16 19 23 33 11 38 20 13 30 2 21 27 31 4 
4 30 27 7 22 31 38 11 2 14 9 40 28 37 13 23 20 1 25 15 24 33 
30 40 39 13 16 6 15 22 31 20 1 38 3 35 29 26 34 2 9 33 36 8 
7 21 12 22 35 33 24 20 26 1 17 4 25 40 31 32 9 39 38 
3 29 20 18 13 4 31 26 1 35 17 24 30 8 14 15 34 7 37 6 
34 33 27 35 37 28 40 15 17 14 23 12 31 11 26 20 38 29 36 13 39 
31 36 14 34 25 26 10 19 18 15 6 35 22 17 37 24 33 4 5 30 40 1 29 
24 21 28 23 17 38 36 31 16 34 33 8 13 26 15 30 27 25 35 20 10 2 
9 1 2 22 18 32 6 3 37 29 12 21 7 26 5 19 17 33 10 31 
6 18 39 10 11 3 4 35 22 16 15 25 9 1 32 26 33 
39 30 20 28 38 33 37 2 35 9 14 34 7 21 16 18 4 10 23 11 1 12 6 
14 4 1 24 25 17 15 20 18 28 12 7 26 39 21 29 5 34 37 
12 10 21 36 27 26 16 13 37 39 20 23 40 4 18 11 33 19 9 35 24 8 
15 3 26 39 14 31 9 27 11 38 16 25 30 17 13 4 33 
31 5 17 35 11 34 27 23 4 29 30 20 3 21 13 28 
9 32 39 19 27 8 5 25 29 1 33 34 17 37 12 10 36 4 28 6 31 15 16 7 2 
12 28 4 15 33 8 26 3 27 35 19 16 17 39 13 30 23 38 24 25 37 5 
1 7 6 11 14 33 29 23 13 8 26 31 3 34 
32 17 21 29 34 5 22 12 19 2 4 38 35 10 6 28 33 3 15 
16 34 21 17 9 26 35 12 11 3 4 32 1 27 6 31 25 8 
24 38 18 20 8 14 34 21 32 12 16 35 31 27 11 36 6 
11 35 13 29 27 22 1 14 16 7 21 3 18 9 8 17 36 32 10 12 24 40 
6 20 21 34 17 18 38 26 19 2 4 40 37 35 5 3 24 12 10 25 
10 29 33 3 12 6 19 4 21 23 15 40 2 34 20 16 1 
37 10 31 11 23 20 36 28 33 13 19 26 16 9 22 3 7 1 40 
1 35 4 9 40 6 7 18 12 33 37 32 39 15 2 21 3 11 19 5 
6 8 5 29 13 19 4 7 10 18 24 9 1 25 12 11 20 22 38 39 
35 24 40 25 3 36 8 14 5 30 23 13 20 39 26 2 1 37 
39 7 1 12 5 36 10 22 37 29 20 34 11 28 18 13 6 23 14 8 15 21 4 17 30 
10 33 28 11 23 24 4 7 25 1 15 9 22 20 35 16 27 38 19 12 
10 25 8 21 15 2 11 27 34 3 12 1 23 14 37 17 30 7 19 24 9 32 40 39 26 
7 39 2 5 25 33 26 29 3 10 12 40 11 20 17 32 37 
38 16 10 9 27 4 3 2 17 20 40 13 15 33 32 11 29 39 35 6 36 30 21 
31 10 34 3 39 5 15 7 2 6 1 12 4 37 21 18 8 25 23 27 
14 31 8 33 18 15 38 10 30 36 37 20 16 17 35 3 32 7 4 21 
6 28 11 29 26 35 32 10 37 36 17 8 1 27 2 30 7 