40
27 36 30 31 6 2 28 8 35 15 14 20 37 5 32 33 23 10 29 19 18 34 38 25 11 26 
7 11 6 34 21 40 20 17 3 33 23 8 19 39 22 26 4 27 13 38 12 25 28 37 1 15 35 36 14 
9 28 17 10 23 19 21 8 20 12 40 29 31 5 37 2 38 33 30 34 11 27 13 36 32 
14 27 8 36 9 16 6 33 31 12 18 24 2 28 5 19 38 39 26 10 13 11 34 35 21 37 30 20 40 
24 37 20 25 16 39 40 36 38 3 34 17 12 13 10 15 1 11 8 14 30 22 33 29 31 28 4 27 32 19 9 
18 16 34 13 39 8 25 1 19 22 38 36 12 28 2 10 23 37 31 11 15 29 27 4 32 26 
23 12 20 2 24 30 16 36 33 14 26 8 31 39 18 32 9 40 10 28 27 35 21 38 13 22 
16 31 36 20 40 35 34 19 29 25 21 7 5 13 14 2 27 33 17 6 9 24 15 3 4 11 28 30 22 23 26 1 10 38 
11 18 19 32 28 5 13 35 15 36 8 23 4 34 10 29 40 37 3 27 30 38 21 39 7 16 25 
22 13 6 34 17 39 36 15 31 14 18 4 16 9 8 29 11 40 24 30 1 33 5 19 20 32 23 27 37 38 35 28 7 26 25 3 
1 17 12 19 35 28 23 5 4 33 24 40 37 30 13 27 9 6 3 36 21 10 34 8 20 15 18 14 2 39 22 
30 7 29 13 33 24 4 28 16 2 36 22 3 15 40 11 17 5 25 21 38 39 34 26 20 35 18 6 37 14 23 
30 35 9 10 12 24 28 23 19 22 15 6 11 7 34 16 2 17 25 36 5 37 8 3 4 21 27 38 18 33 
2 22 40 34 36 8 28 5 24 7 15 32 18 10 38 27 30 25 16 11 21 23 29 4 1 35 17 12 19 
2 14 9 16 12 34 22 17 25 32 13 1 23 37 38 30 33 11 27 29 35 10 6 21 20 18 19 5 8 39 
21 6 13 23 8 38 28 33 20 7 9 30 24 22 36 18 14 12 5 35 4 10 31 40 39 15 17 
12 31 16 40 19 20 22 35 11 36 24 26 25 8 29 15 5 38 2 39 13 14 23 3 33 10 
31 7 16 11 39 9 6 15 28 20 13 27 36 10 14 24 30 4 26 25 34 23 21 1 33 29 35 38 22 40 12 
2 28 27 22 15 38 11 17 10 34 20 6 25 33 13 32 9 5 4 1 40 14 3 31 23 37 29 26 8 36 
3 8 40 18 36 15 11 5 33 10 23 2 29 26 28 22 17 27 38 1 39 34 4 25 12 16 19 7 30 37 21 
31 8 11 20 2 34 12 28 35 26 29 25 18 39 24 32 40 13 38 33 15 22 27 4 9 14 7 16 23 3 
38 15 34 19 5 17 2 23 35 8 24 37 7 14 27 33 21 28 16 29 30 32 13 20 11 31 10 6 18 12 
32 14 15 20 30 18 26 10 22 1 6 29 35 31 11 3 19 9 12 8 2 39 21 7 28 16 24 25 40 27 34 13 38 17 
32 8 5 21 35 23 10 16 17 4 18 36 38 39 13 28 34 12 11 31 27 40 22 14 7 
15 38 14 5 6 34 12 26 17 1 40 20 8 9 29 23 13 19 28 27 37 2 39 21 18 30 10 32 31 33 
27 2 12 7 35 1 23 36 29 21 10 40 17 33 39 25 4 6 30 38 19 18 8 20 
39 22 29 1 19 21 40 3 2 18 32 23 9 5 14 11 8 24 31 20 10 26 36 28 4 33 25 13 6 30 15 7 
31 37 16 9 30 3 2 7 14 32 20 1 36 21 38 8 23 11 29 22 33 12 27 25 6 10 18 13 39 4 19 34 5 24 
38 3 35 15 36 27 26 12 39 28 25 23 9 1 19 14 5 10 22 30 21 8 18 6 31 34 17 37 33 20 
27 39 35 31 25 15 37 34 14 36 29 26 11 32 7 22 18 20 23 12 33 40 3 9 16 1 10 8 28 13 4 5 
38 39 30 19 28 22 17 34 10 18 29 27 37 6 1 23 3 32 25 4 8 24 5 16 36 7 21 
3 40 14 23 5 30 27 15 6 9 22 7 21 28 35 37 10 1 38 19 24 31 34 25 33 39 
11 4 18 13 5 35 19 27 3 1 22 40 7 26 30 20 2 29 32 15 34 17 39 38 36 21 10 25 8 16 12 28 
29 9 22 33 4 20 31 37 6 13 15 23 24 19 21 35 36 3 18 11 12 5 25 39 1 8 2 14 30 28 10 32 
18 4 32 16 12 24 38 8 1 17 39 13 10 37 9 15 23 29 26 11 30 22 14 33 36 7 21 2 34 
40 6 18 27 28 34 7 26 38 30 12 20 8 14 31 37 11 2 4 16 19 9 29 10 1 24 17 13 5 39 3 35 33 
39 19 10 9 11 40 1 36 15 4 29 22 2 28 31 6 32 3 5 25 38 30 20 34 35 13 12 
10 2 35 23 29 33 20 18 28 6 5 25 15 4 3 37 9 32 12 31 14 1 36 7 19 39 26 17 13 8 40 24 21 22 16 
27 16 5 37 4 25 17 40 34 38 32 9 21 20 36 26 18 28 24 31 35 29 23 2 6 15 10 33 12 30 11 7 
14 17 16 26 30 20 2 39 36 37 18 9 12 25 11 3 23 21 27 4 10 33 32 8 38 7 24 19 5 
