40
16 19 36 7 11 28 30 37 17 24 40 29 33 32 35 14 12 27 21 31 15 39 26 4 25 10 13 
37 38 5 29 34 20 36 7 26 28 31 15 40 22 30 24 14 23 21 8 3 6 16 39 27 10 17 11 9 18 
18 14 34 36 16 23 40 31 12 6 9 20 28 32 4 26 13 8 17 24 37 22 27 19 30 2 35 7 
24 14 34 39 1 16 5 22 28 40 29 25 7 10 12 33 15 6 19 3 13 26 17 35 38 31 
29 2 36 14 24 9 30 26 7 21 11 17 16 25 15 39 37 20 33 27 6 31 8 19 34 13 4 10 22 40 
30 31 3 23 17 39 18 12 16 38 9 4 2 35 27 11 5 8 28 34 21 40 33 36 20 15 13 19 
25 13 16 23 27 39 22 34 38 20 12 14 33 37 26 9 40 19 1 29 2 32 11 36 4 24 30 8 10 17 3 35 5 
17 7 32 15 23 10 30 29 33 28 19 24 12 38 13 35 40 21 11 14 25 2 22 6 5 26 39 18 31 3 
33 35 11 16 6 20 30 19 7 13 21 27 37 32 28 18 12 24 40 31 2 29 23 26 17 14 39 34 5 22 38 3 
31 36 17 40 4 23 11 20 34 19 8 5 25 12 14 21 2 1 38 18 39 29 30 37 35 28 7 27 15 
22 18 6 25 16 34 37 5 23 35 7 31 24 8 12 10 9 19 40 15 32 2 20 28 14 1 17 39 26 21 27 
10 15 16 24 31 11 21 27 32 29 14 3 35 9 33 23 4 38 17 19 6 8 13 28 7 1 39 25 20 30 
15 20 7 30 5 28 12 37 29 8 25 16 6 21 35 33 36 22 40 17 39 4 24 1 9 27 31 3 32 
32 8 30 26 4 33 3 19 35 5 9 22 1 12 7 10 40 36 11 34 21 20 39 25 31 2 29 
11 8 34 12 37 26 18 35 1 6 33 38 16 36 10 28 30 13 2 5 17 21 22 4 29 20 25 31 23 
11 38 2 25 35 12 40 6 29 13 5 27 34 31 15 26 9 30 28 4 36 1 22 37 3 20 39 18 7 
7 11 26 20 28 29 9 25 1 23 30 12 6 35 13 10 8 31 33 2 40 22 39 38 37 27 15 18 3 21 24 5 4 
21 27 30 2 3 22 36 29 23 10 17 15 11 8 6 19 25 32 9 39 28 31 40 16 
40 38 6 18 9 39 31 10 34 12 1 8 4 22 3 28 30 37 26 11 14 24 27 7 23 20 5 
23 14 2 9 17 3 27 7 30 19 34 39 24 35 38 11 12 5 22 28 26 13 6 10 15 16 
28 15 11 2 22 23 1 40 14 35 13 17 12 33 32 24 37 5 38 6 34 39 31 18 26 10 9 8 27 30 
26 19 34 11 2 38 7 28 35 32 21 17 30 39 14 13 37 20 23 4 27 5 16 18 25 3 9 36 8 15 
33 37 7 17 20 11 36 3 30 10 25 38 32 26 12 40 24 31 19 18 15 21 9 29 8 22 2 28 6 27 
7 3 12 4 40 9 31 23 30 33 11 34 17 26 19 13 1 27 36 8 28 29 35 2 5 25 32 21 20 
33 38 1 16 31 23 30 5 35 29 12 32 28 24 14 10 4 26 22 39 8 15 11 7 18 13 36 17 40 
34 8 15 38 39 19 28 23 30 1 5 21 3 16 40 22 25 11 14 36 7 35 32 24 20 31 9 27 4 2 17 
16 29 24 21 39 38 11 9 2 35 19 34 1 6 26 12 37 10 20 13 22 3 36 31 5 30 7 23 18 28 17 
18 31 11 15 29 26 4 6 27 13 24 1 34 25 2 22 9 16 12 10 37 21 30 39 23 8 19 17 40 20 3 32 
33 9 36 35 15 1 2 28 16 10 4 17 12 23 34 39 31 18 32 40 24 27 30 14 7 13 8 25 5 
22 7 25 16 15 12 39 17 26 20 35 32 28 27 37 33 5 8 18 36 19 23 31 9 13 40 10 3 2 24 14 34 29 21 1 6 
29 38 26 2 16 10 17 24 37 14 39 27 13 21 1 6 23 30 34 18 9 11 4 12 8 19 5 25 3 15 28 
35 36 25 40 26 28 24 29 21 18 13 30 22 11 9 38 7 3 34 39 8 12 33 37 23 1 14 
38 30 12 24 35 14 36 7 40 39 13 9 34 15 4 8 1 37 23 17 32 21 29 6 25 5 
36 29 2 14 3 16 9 28 19 4 38 39 31 15 24 30 20 26 6 21 10 32 11 33 22 27 7 5 35 
3 32 11 9 25 22 10 27 6 29 37 17 4 13 14 12 15 7 20 33 26 36 16 30 8 21 24 34 39 38 1 40 
3 15 14 40 6 24 23 27 29 35 30 7 1 33 16 25 10 39 34 22 38 13 2 26 37 32 5 18 
2 23 39 33 11 36 10 9 17 19 32 38 28 22 27 15 13 3 35 31 21 1 16 5 7 30 40 
23 19 2 37 17 6 39 12 33 31 34 32 21 16 25 27 40 22 15 20 10 35 26 4 7 36 9 8 
27 22 32 33 31 35 21 4 36 38 16 1 30 10 34 11 25 18 20 13 29 40 12 2 28 14 5 19 17 6 7 8 37 26 9 
30 37 25 39 32 17 28 11 8 24 6 26 3 16 38 9 14 13 10 29 18 4 21 1 33 36 19 2 23 7 5 35 
