40
35 20 5 3 36 22 28 4 21 13 16 10 6 14 31 26 12 40 37 11 25 34 30 8 24 2 32 17 15 23 
13 34 1 14 4 12 33 11 15 17 35 29 9 7 3 16 31 32 25 18 36 37 39 5 8 27 23 19 22 
7 1 23 39 19 24 6 33 29 15 34 11 16 10 2 31 12 21 30 13 4 8 28 17 5 14 20 22 
1 27 35 19 37 6 20 25 23 24 7 34 38 40 3 28 15 39 2 31 21 29 22 30 26 17 36 5 14 8 13 
12 15 31 3 26 4 7 20 39 35 27 6 25 37 19 23 1 29 33 40 9 22 10 8 11 36 30 16 2 34 32 38 17 24 14 
9 15 40 26 8 7 23 27 18 31 22 14 10 17 4 16 11 19 33 25 3 28 1 24 38 39 37 20 30 29 5 34 36 
4 13 27 9 24 39 19 31 15 34 5 12 30 23 32 3 2 11 28 29 6 10 25 22 16 8 18 38 40 17 26 21 37 14 33 
27 9 36 34 6 23 25 5 24 35 13 7 15 37 31 4 32 2 16 33 21 29 10 14 1 22 26 3 
7 38 18 29 28 22 33 20 8 10 31 26 2 23 30 25 27 37 21 35 6 36 5 11 15 40 13 34 17 
3 17 6 27 19 15 24 11 5 35 14 25 23 7 22 1 8 9 29 13 28 26 
18 27 2 5 9 28 15 10 26 34 37 1 35 38 39 19 12 3 24 20 32 29 21 31 6 23 36 25 7 40 
18 21 14 36 17 34 11 25 3 37 16 2 29 15 30 13 24 1 28 33 20 31 32 22 19 38 26 5 7 
19 22 7 2 40 32 12 3 28 39 35 34 37 31 10 9 18 27 1 38 8 26 33 4 20 21 14 25 16 24 
30 7 5 2 37 29 10 25 35 22 36 12 8 33 27 32 38 15 13 6 18 23 4 3 17 31 40 39 20 24 34 21 1 
5 6 9 17 37 19 12 8 4 24 11 33 27 21 23 35 30 2 26 7 38 18 22 10 16 14 3 29 36 1 28 39 
2 15 39 35 25 3 23 36 24 30 28 19 29 20 12 8 26 7 18 1 34 17 22 27 6 32 13 40 21 5 
12 10 28 20 19 3 32 15 39 36 18 29 1 7 14 2 6 9 27 33 37 5 26 24 16 40 30 4 38 35 23 
30 17 13 20 2 31 21 22 33 15 23 14 39 38 7 11 9 19 35 37 26 6 36 27 16 12 
2 6 24 36 11 29 4 28 15 12 16 25 7 27 26 3 32 10 39 35 13 34 17 18 22 38 5 40 23 20 
18 33 26 28 13 19 9 24 29 23 30 32 37 1 4 17 6 34 3 11 14 5 21 39 38 12 27 40 25 16 36 22 
15 4 39 7 13 16 34 26 12 1 20 33 25 32 40 31 36 8 14 3 18 29 27 24 23 9 11 30 37 35 
5 27 1 29 9 20 23 7 36 15 24 12 3 8 35 14 16 19 32 30 2 10 18 13 28 6 4 37 40 25 34 
19 11 16 2 31 38 6 14 28 21 34 30 27 4 20 7 15 32 1 9 40 3 39 5 10 18 36 29 8 35 22 17 25 37 26 
37 36 31 19 6 27 16 20 26 15 10 8 13 34 11 7 17 32 14 21 12 38 22 1 3 28 33 4 5 
21 2 10 27 28 11 22 6 8 29 9 14 13 30 5 4 16 20 19 32 36 7 37 34 38 35 23 26 1 12 
23 35 30 4 6 34 32 10 36 28 29 7 1 20 18 15 17 27 38 24 5 19 12 25 9 39 33 21 13 16 11 8 
23 30 31 13 10 6 2 9 14 32 26 15 8 34 38 11 20 16 25 18 17 21 19 33 4 37 5 24 22 7 40 
38 34 24 25 16 19 35 20 31 40 26 9 11 4 39 7 12 22 33 37 6 17 30 23 15 13 3 32 10 1 
20 4 17 33 3 6 8 14 32 25 10 5 22 2 38 37 16 39 12 11 35 19 31 9 7 36 26 21 34 15 40 23 
1 17 27 7 32 34 4 40 20 31 23 3 26 12 22 37 25 14 15 18 16 28 9 6 39 21 5 
1 7 36 39 27 8 13 35 6 34 24 4 18 14 2 11 12 40 23 29 3 28 33 30 32 21 9 5 
25 26 5 34 30 27 31 23 7 29 24 37 19 38 17 20 12 22 36 13 21 2 14 39 11 40 28 16 8 1 35 
40 14 36 21 26 35 15 13 38 29 12 31 6 3 24 34 2 28 27 18 37 20 17 9 39 8 5 7 
5 37 20 30 26 40 24 23 38 33 11 2 28 3 32 14 16 36 27 39 21 8 7 25 13 4 19 12 1 22 29 9 6 31 
19 31 18 22 8 23 32 38 33 5 40 14 9 13 25 1 2 21 28 29 4 15 16 39 10 17 26 37 11 
2 1 25 6 40 15 38 14 29 24 21 22 20 18 16 19 23 37 11 8 5 12 31 34 39 33 9 26 32 17 4 
35 14 5 2 22 15 27 36 12 32 13 21 1 23 28 38 24 25 20 7 18 30 29 4 8 9 17 11 6 33 34 
40 13 36 27 37 34 28 14 12 11 35 32 18 25 26 7 29 9 24 15 19 23 33 20 4 6 5 17 
35 36 30 23 4 3 32 21 5 16 28 40 18 26 20 31 13 15 34 7 29 2 11 33 6 19 14 17 
13 17 28 1 7 31 4 16 27 38 32 9 20 30 19 22 35 11 33 39 21 14 6 29 36 23 34 5 
