40
20 21 15 39 29 34 27 19 9 40 23 33 3 36 24 26 
31 15 40 17 37 9 16 34 35 13 19 39 27 38 12 33 28 4 36 11 18 8 
19 9 30 37 1 31 29 36 24 33 32 10 15 
2 27 17 36 6 24 28 23 39 37 10 22 29 20 13 25 14 31 34 
32 11 39 12 29 27 26 22 16 7 33 
30 25 20 7 17 39 26 37 22 4 9 29 10 
38 6 23 19 15 8 5 31 33 14 9 12 21 27 29 36 39 
20 34 23 22 16 40 33 7 21 36 9 13 11 18 14 31 25 2 
12 38 2 18 6 22 14 7 1 39 30 23 8 3 28 24 13 32 26 
32 33 25 11 23 34 6 37 15 36 40 26 30 17 38 13 4 21 16 3 
10 29 26 5 25 12 17 13 8 40 38 19 32 2 21 16 
15 11 9 5 2 39 18 22 23 35 36 7 34 21 27 30 13 
32 30 28 4 9 37 24 10 15 18 39 27 21 2 26 16 12 8 11 31 14 20 
24 32 7 4 34 8 13 38 21 20 35 15 23 9 31 
34 28 14 23 3 40 20 26 25 10 21 13 36 30 33 7 35 22 12 37 24 32 2 1 19 
26 24 23 22 19 13 5 32 11 8 10 36 28 29 39 2 18 
30 38 24 29 4 32 11 10 37 26 34 22 27 23 19 21 40 2 6 
16 12 2 31 9 13 27 40 8 19 38 24 21 32 20 
18 23 1 2 17 39 16 15 21 27 30 11 3 7 36 33 34 38 37 35 
21 18 14 27 40 35 6 1 36 15 4 28 38 29 13 25 30 8 
20 12 1 24 30 38 17 26 18 29 13 10 34 39 19 28 40 14 8 7 27 35 15 11 
24 26 28 12 25 6 36 5 33 8 29 23 30 15 27 38 4 34 16 39 9 17 
7 26 35 36 31 37 32 12 33 8 19 24 40 15 16 22 1 10 4 14 30 17 27 9 
25 15 36 30 29 13 27 1 17 9 4 18 34 22 21 23 14 16 33 3 
40 24 20 4 6 11 38 27 22 15 39 33 32 8 10 30 34 
37 23 16 11 5 21 6 22 30 10 27 9 13 39 15 40 1 17 
18 1 23 2 4 31 21 20 38 39 29 7 24 12 17 13 26 25 5 19 40 22 35 
38 35 31 33 22 39 40 30 15 16 2 20 4 13 21 36 32 9 
5 3 22 7 21 27 6 4 16 17 34 35 31 20 24 11 1 
38 12 25 28 40 24 3 20 15 22 10 19 21 9 6 35 39 23 37 13 34 26 17 32 
35 29 14 34 2 39 18 23 3 13 8 7 4 27 28 
30 16 15 11 18 23 9 10 3 33 13 14 28 5 25 36 17 
24 19 25 5 7 28 34 38 8 22 37 15 10 2 23 1 40 32 3 
29 14 24 39 33 37 17 36 38 31 8 4 25 15 22 19 12 10 2 1 30 21 
19 21 20 29 15 30 14 27 40 2 31 23 12 28 37 
19 3 32 23 39 4 1 7 34 8 15 22 2 10 28 20 16 24 12 
26 3 15 4 35 2 33 19 13 30 34 40 10 23 6 17 
28 20 9 25 7 22 33 40 2 14 30 19 10 27 34 18 11 17 39 21 
12 26 4 34 36 1 27 25 28 9 21 6 22 38 13 5 19 7 31 30 16 2 
20 25 27 37 18 30 10 8 15 33 26 17 38 23 2 35 28 21 11 1 