40
18 29 14 3 39 12 15 17 2 19 26 10 21 25 23 20 24 27 9 4 35 22 8 40 28 16 38 11 33 32 6 30 37 7 13 5 31 36 34 
33 25 29 32 1 31 3 40 22 14 10 23 27 4 21 37 26 34 17 6 8 16 20 15 7 35 19 38 39 11 36 24 13 5 28 30 18 12 9 
16 36 7 38 13 4 27 20 24 17 10 12 14 30 19 15 6 8 5 28 22 37 40 29 39 9 26 1 18 2 32 23 11 34 21 25 31 33 35 
7 27 24 39 12 38 33 35 17 18 20 10 16 5 25 34 22 29 30 31 2 19 21 11 28 15 23 3 40 6 9 13 14 37 36 32 8 1 26 
34 9 13 14 33 1 29 31 30 3 6 35 4 26 28 8 17 22 23 21 27 36 24 38 18 12 19 20 7 25 2 39 10 11 16 37 32 15 40 
13 26 34 23 35 10 4 7 29 15 9 17 14 33 24 40 16 25 20 30 3 11 39 21 19 22 28 38 1 36 12 27 32 37 31 2 5 18 8 
36 8 2 15 37 34 13 38 4 20 3 28 33 29 18 40 10 30 26 25 27 9 24 22 17 14 23 39 11 6 16 19 21 5 1 35 12 31 32 
4 7 22 34 35 19 12 40 6 27 2 18 25 14 11 33 30 16 23 3 38 39 37 1 32 10 5 20 13 15 17 26 9 21 36 29 28 24 31 
28 13 8 1 32 17 11 26 31 6 36 21 27 39 33 16 24 30 35 15 12 10 37 38 25 14 23 34 20 22 4 40 29 7 18 3 2 5 19 
7 9 2 5 4 26 22 38 8 17 27 6 19 32 11 15 28 14 33 30 24 3 1 25 23 20 35 37 16 13 18 36 34 29 40 21 39 31 12 
20 4 3 32 26 2 17 13 9 14 38 25 21 31 30 37 39 8 29 40 24 5 15 6 1 28 36 22 12 23 27 18 19 16 33 35 10 34 7 
17 13 36 10 20 14 22 2 19 40 33 37 4 16 30 5 11 21 38 26 29 24 18 7 39 15 32 23 9 34 27 8 6 3 31 35 1 25 28 
8 12 17 20 36 15 35 9 27 18 1 34 14 32 39 29 10 24 2 11 5 16 33 23 28 6 30 19 26 3 25 22 4 31 40 38 37 7 21 
28 32 13 39 10 38 8 37 22 34 1 12 30 4 11 25 3 27 5 20 33 21 9 26 16 7 29 2 15 40 24 6 18 19 31 17 36 23 35 
23 39 34 26 29 14 24 21 16 20 32 13 25 18 6 31 27 3 30 1 28 19 37 9 38 12 5 36 35 22 33 4 17 40 7 10 11 8 2 
30 24 7 20 18 6 14 31 27 38 40 19 26 35 5 8 22 21 34 1 36 15 11 12 13 29 33 2 3 28 23 4 25 10 37 39 32 9 17 
3 11 36 2 24 38 4 29 9 6 20 22 37 34 23 10 8 39 14 27 5 1 28 13 40 21 32 18 26 25 16 31 19 15 7 12 35 30 33 
21 19 40 34 20 11 38 26 10 31 7 27 9 29 5 15 12 33 17 3 32 13 28 16 25 2 36 22 35 37 14 4 8 6 23 24 39 1 30 
4 26 11 1 14 21 25 5 9 32 3 13 12 37 38 8 2 33 29 10 16 22 34 6 18 27 30 20 36 40 39 17 15 28 35 24 7 23 31 
33 25 40 12 29 22 1 7 3 36 11 24 21 28 27 14 30 2 23 26 4 8 35 5 37 6 10 38 16 13 34 31 9 19 32 15 18 39 17 
18 30 33 38 31 37 4 25 36 35 3 32 14 9 34 28 17 8 16 29 20 6 2 10 5 12 1 19 11 26 22 15 23 24 39 13 7 40 27 
15 33 29 27 26 36 40 5 10 35 4 39 21 8 32 30 24 13 12 38 16 37 25 20 31 28 6 3 17 19 34 2 1 11 23 14 7 18 9 
4 1 21 3 6 25 35 32 26 34 39 16 30 31 13 19 8 40 28 36 24 33 7 14 12 11 15 29 10 18 22 9 5 37 2 20 17 38 27 
15 25 8 21 30 9 37 14 16 36 34 7 26 13 32 29 22 4 31 10 39 18 23 3 35 5 38 20 11 27 40 6 12 1 19 2 28 33 17 
30 38 20 33 21 4 31 18 34 37 32 19 7 9 12 27 15 39 1 14 29 23 5 36 26 6 13 2 24 22 3 40 16 8 10 28 35 11 17 
22 9 1 19 30 39 25 10 14 2 28 36 31 17 29 18 13 12 6 11 16 33 34 5 23 7 15 4 38 24 8 37 40 35 32 27 3 20 21 
11 38 29 13 36 37 28 15 5 40 23 21 12 6 22 32 17 26 10 16 1 14 8 3 34 30 2 31 20 4 24 35 39 19 33 7 18 25 9 
12 15 27 21 33 16 1 31 32 36 8 35 39 4 11 29 9 34 30 3 7 38 23 2 20 22 5 26 17 24 14 40 18 6 13 10 19 25 37 
16 8 26 1 37 7 3 15 2 11 24 18 28 14 19 31 21 38 33 4 17 25 22 27 10 36 5 40 9 20 34 30 13 32 23 6 35 39 12 
7 4 31 17 5 23 11 37 3 15 16 32 24 39 38 33 6 40 12 28 10 21 27 36 29 2 34 13 14 22 19 35 1 26 8 20 9 18 25 
28 9 21 27 15 29 14 11 12 13 1 24 16 20 22 30 4 10 2 18 34 32 33 5 23 35 36 25 3 40 26 19 6 39 17 37 38 8 7 
12 27 23 35 10 4 39 1 3 2 31 37 26 11 28 20 25 29 40 7 9 14 13 22 17 18 38 30 24 16 33 19 5 21 36 15 8 6 34 
28 27 17 32 31 1 23 38 14 34 30 15 3 19 25 9 2 37 12 8 24 16 40 11 20 35 6 21 5 10 4 7 39 26 13 18 36 29 22 
1 13 17 30 38 28 22 9 8 25 26 20 6 3 24 7 37 11 10 4 23 15 33 29 16 2 35 14 31 40 36 21 12 39 5 18 27 19 32 
25 7 28 5 38 32 10 4 31 9 36 2 22 6 12 33 40 1 37 27 18 13 11 39 34 30 19 24 14 16 26 17 23 3 21 8 20 15 29 
19 15 37 9 8 40 34 17 27 10 35 11 14 6 30 7 28 5 38 12 13 21 4 20 32 31 25 2 22 33 39 16 29 23 18 24 3 26 1 
18 31 28 20 30 21 23 2 13 7 4 34 5 24 19 16 38 6 15 17 36 39 11 1 9 29 32 25 35 40 33 10 12 8 3 27 26 22 14 
19 25 10 15 16 21 32 40 20 29 33 5 34 9 24 27 2 37 35 22 13 26 14 11 6 12 8 18 7 3 1 36 23 4 28 17 30 39 31 
3 19 17 12 21 29 32 15 30 40 6 27 36 5 14 24 25 13 1 22 4 7 18 34 20 35 28 16 33 26 10 2 9 38 31 11 8 23 37 
19 9 35 11 7 16 28 38 12 32 30 3 22 33 31 37 2 15 24 14 1 20 39 13 29 26 17 21 18 36 8 34 25 27 10 6 4 23 5 
