40
11 20 31 25 22 10 6 26 23 19 28 40 8 33 12 4 9 38 35 
32 11 5 15 26 12 34 40 18 38 37 9 14 35 8 22 39 33 27 19 
15 13 6 12 7 5 20 22 8 16 36 38 14 34 40 28 35 
40 32 1 38 14 34 13 26 18 19 30 28 5 31 39 17 25 
15 8 7 10 13 37 39 19 17 38 11 22 35 4 33 21 2 12 24 6 3 27 20 
38 37 5 11 15 40 23 7 3 20 33 12 1 21 29 35 27 31 14 28 22 36 
36 18 26 23 17 29 3 27 28 14 22 6 25 5 21 11 9 
33 23 1 18 10 21 19 35 3 13 2 11 5 24 16 22 36 
7 39 25 29 36 17 2 26 28 19 11 13 22 30 32 31 1 15 35 
23 34 14 18 28 8 25 1 19 39 40 31 17 16 5 27 
27 38 14 9 40 30 6 1 36 7 23 19 37 5 24 12 2 17 16 15 20 18 28 8 
13 5 1 18 19 14 6 25 2 33 17 3 29 11 31 36 35 23 39 
30 12 31 19 32 15 8 27 16 5 18 24 20 40 4 23 37 3 9 
39 15 27 2 30 28 6 10 31 7 29 21 12 19 4 35 24 3 20 11 22 33 38 
27 11 25 14 22 18 13 40 29 23 3 5 9 24 20 2 32 6 30 17 
11 17 35 26 29 3 40 8 13 10 19 31 37 21 
5 4 7 19 9 24 31 40 30 10 16 15 20 38 25 18 11 12 32 35 33 34 22 
17 10 33 23 35 11 7 19 28 38 36 12 21 37 2 24 40 27 4 8 15 13 32 
24 13 10 40 4 8 5 16 11 38 36 28 14 25 18 27 21 20 1 31 17 2 32 12 22 9 35 
13 17 5 6 31 15 3 21 36 14 1 24 33 27 35 40 19 11 39 
6 7 27 29 19 34 40 37 33 20 35 32 14 8 16 26 39 23 18 30 36 5 
14 23 8 5 28 3 17 31 2 34 15 1 36 7 6 19 25 39 9 
26 8 35 1 12 21 31 18 33 10 27 22 15 30 7 11 6 28 13 36 
30 18 34 13 31 17 15 14 39 5 20 8 11 33 19 32 
32 40 15 38 4 10 36 9 17 12 31 34 19 7 22 28 26 1 
21 29 4 16 2 7 37 1 38 23 31 25 27 9 34 
38 5 34 21 15 26 7 11 32 10 19 23 2 6 36 13 14 18 20 
40 34 1 3 9 18 10 19 31 25 7 23 4 35 22 37 6 32 36 11 14 
16 14 35 7 37 39 26 9 15 12 6 21 
33 24 11 9 14 40 17 34 13 23 39 21 15 37 4 31 
17 36 30 22 6 38 9 39 10 14 28 23 35 13 24 20 34 4 12 16 40 1 26 25 19 
25 39 21 4 34 33 9 13 28 18 27 37 24 36 2 15 19 17 
2 24 23 20 35 32 34 6 1 30 8 39 18 38 5 14 12 21 17 
25 26 22 33 30 4 17 24 3 2 28 10 21 40 32 31 27 35 
19 8 16 1 18 28 23 12 20 34 40 5 2 14 6 9 17 21 38 31 3 33 29 
12 28 27 20 19 18 22 9 32 8 25 31 11 7 23 3 6 21 
21 6 32 18 30 2 29 5 11 26 16 13 28 
18 17 26 11 2 14 31 27 25 35 4 5 33 6 3 19 1 
20 22 21 32 9 31 33 24 14 4 29 30 5 12 2 10 
4 2 25 20 17 6 21 18 15 28 16 3 1 19 13 10 31 11 35 34 30 