40
2 7 29 20 22 35 40 11 16 19 10 21 12 37 17 6 
21 31 20 15 8 1 30 34 32 25 24 27 23 
8 12 20 35 11 24 10 18 28 25 30 22 19 23 13 9 29 26 38 37 31 
20 9 36 24 10 17 27 6 38 37 5 18 26 16 19 39 40 
26 34 4 38 19 17 21 20 7 32 24 18 14 8 
38 29 15 28 17 35 16 37 27 4 30 24 34 18 12 9 21 31 19 10 40 1 25 
23 19 17 37 5 31 28 11 18 16 26 1 40 25 38 30 14 24 21 13 10 33 9 
19 39 16 30 40 9 23 33 5 13 17 38 2 35 18 32 3 
29 27 10 25 37 15 7 8 38 17 22 6 3 4 36 14 16 18 26 
9 38 24 4 36 12 21 7 32 3 6 26 31 19 1 30 
18 14 31 37 33 34 20 1 27 7 32 15 38 39 3 12 
28 38 6 10 20 15 26 11 23 13 18 3 40 32 1 17 29 35 34 24 21 
40 36 20 27 12 23 21 8 14 7 26 25 34 17 3 16 28 29 
16 15 33 11 40 32 26 20 19 21 9 5 23 7 13 22 
34 11 29 23 2 6 12 18 40 20 24 14 9 31 19 
30 19 40 8 7 26 20 39 31 22 1 28 17 29 37 14 6 13 18 27 21 9 4 35 
31 5 33 8 32 16 19 9 39 27 12 34 13 6 7 1 4 22 36 
16 33 19 15 23 27 8 29 7 38 11 4 9 12 3 35 6 5 21 25 34 
8 18 14 32 30 36 24 10 17 38 15 31 29 21 6 20 16 7 1 37 3 5 4 
31 12 25 19 14 39 30 21 13 34 1 5 26 32 23 15 3 37 16 22 2 40 4 11 
7 34 26 39 16 2 10 33 24 1 5 36 25 28 6 19 38 14 23 27 13 18 12 20 
17 3 39 30 24 16 37 33 1 31 9 20 29 32 14 
12 30 8 31 3 20 14 37 29 7 36 15 2 18 13 21 40 32 
27 36 32 22 25 7 26 21 4 6 12 30 39 5 40 34 3 10 28 19 15 2 
38 7 9 32 33 20 24 40 27 3 34 39 37 30 21 18 26 29 2 13 6 
31 33 4 9 5 28 20 30 37 7 27 35 3 10 16 32 39 24 12 21 14 25 13 
11 21 26 25 16 6 35 34 24 31 4 13 9 17 39 2 33 32 18 
12 30 13 16 34 21 35 24 36 3 26 7 6 
16 9 32 6 12 30 40 15 25 1 38 13 3 22 19 36 18 23 
28 29 10 32 23 8 31 7 19 2 20 37 25 3 6 24 16 39 22 26 34 40 
16 22 2 10 17 19 33 3 6 7 23 30 36 11 27 20 15 26 
33 17 12 27 22 11 38 23 29 24 26 25 5 14 30 19 20 40 8 39 10 2 
8 18 21 31 17 7 22 35 37 26 32 14 40 34 25 38 11 27 
25 39 27 20 5 28 21 2 40 12 15 13 33 17 30 11 24 6 36 18 
27 12 8 1 6 16 3 33 28 18 26 36 
38 21 23 37 34 17 10 28 4 35 24 9 19 29 31 13 
30 9 40 4 26 19 7 1 3 20 23 36 16 6 25 11 33 22 
5 7 36 29 19 4 11 10 21 33 9 3 6 18 25 32 12 8 
21 22 34 11 26 8 24 20 16 25 4 32 27 17 30 
29 14 4 12 34 37 25 23 16 15 30 8 33 24 13 1 32 7 20 6 