40
24 11 16 4 40 39 10 22 33 13 14 5 19 32 34 12 30 3 15 18 6 17 31 8 36 2 7 29 20 21 37 26 28 27 38 35 23 9 25 
10 16 12 36 31 18 15 24 22 33 35 30 40 37 13 17 38 28 34 25 23 5 27 11 4 1 8 39 26 6 9 19 21 32 3 29 7 14 20 
25 27 32 2 8 21 31 28 15 11 23 18 30 17 7 34 5 33 14 24 38 20 13 26 37 19 36 35 4 29 39 10 6 12 16 22 9 1 40 
17 5 10 14 20 3 7 26 9 18 34 37 33 40 36 19 29 35 23 28 39 30 38 27 31 8 24 1 22 25 2 13 11 6 16 15 32 12 21 
4 33 11 29 23 27 32 10 31 3 39 6 38 40 30 14 7 21 22 9 25 36 1 2 35 26 24 15 37 20 8 13 28 19 34 17 12 16 18 
12 40 32 29 13 9 8 25 34 1 18 33 17 10 2 27 21 38 36 31 30 4 39 37 20 35 23 28 22 26 5 3 19 11 14 16 24 15 7 
32 15 28 25 27 39 2 33 9 36 26 38 40 13 23 4 8 31 14 35 37 29 24 6 12 16 17 22 5 18 21 1 20 30 11 34 10 19 3 
20 5 28 36 12 1 13 24 11 37 22 29 2 34 6 17 25 18 19 3 10 40 26 23 16 32 35 15 27 38 33 31 39 21 7 4 14 9 30 
10 27 35 37 14 39 20 12 26 23 4 6 36 5 30 31 25 33 32 28 1 34 17 38 3 16 7 19 22 8 21 24 40 11 29 13 15 2 18 
30 6 18 35 13 1 22 25 26 33 40 21 24 12 29 19 11 7 36 20 17 2 34 4 3 38 9 27 28 37 23 8 16 15 39 5 31 14 32 
6 36 23 28 34 14 39 27 1 4 22 25 12 21 31 7 15 32 17 40 26 20 18 16 2 8 35 30 3 5 37 19 33 29 38 13 24 9 10 
15 38 19 34 10 39 24 13 21 37 25 27 20 28 17 9 36 35 18 23 33 16 8 5 14 7 2 32 22 30 31 11 6 29 4 40 26 3 1 
22 35 32 36 23 40 15 28 16 27 10 2 29 18 19 3 12 21 14 7 6 37 8 25 33 26 38 9 34 39 5 1 31 30 4 17 20 24 11 
15 1 39 6 31 7 30 2 4 33 34 40 23 17 32 21 8 27 20 9 35 25 24 22 16 10 38 13 3 5 37 36 29 12 19 26 11 18 28 
36 38 19 40 39 9 2 11 26 27 23 10 16 4 18 29 22 34 20 35 8 7 31 14 32 6 30 3 33 17 13 37 1 21 12 28 24 25 5 
13 4 30 12 10 26 40 11 20 9 2 24 33 29 37 22 15 5 3 7 36 32 34 18 8 21 39 35 17 14 25 28 38 1 23 6 27 31 19 
4 18 14 13 2 1 5 34 7 20 38 33 3 39 24 15 36 23 37 12 40 22 19 10 30 31 25 35 29 9 27 11 32 26 16 21 28 6 8 
13 10 23 35 17 20 30 8 11 28 29 34 15 27 2 9 36 21 19 37 31 25 14 6 4 40 7 39 33 32 22 5 3 38 26 24 1 16 12 
23 30 8 38 27 4 9 25 37 29 17 16 2 5 21 12 33 14 1 15 26 32 36 28 31 20 10 11 3 13 18 24 39 40 22 34 7 6 35 
24 28 19 31 32 5 14 18 15 35 23 33 37 17 3 16 27 10 13 34 40 22 4 6 21 9 8 25 29 12 7 1 38 30 2 26 11 39 36 
37 31 22 16 8 35 3 29 18 15 33 36 10 24 28 20 34 4 14 2 40 5 9 32 12 17 6 7 19 30 38 23 25 39 26 11 13 27 1 
9 38 5 11 14 1 32 37 6 21 13 35 36 23 3 10 17 24 33 2 30 20 7 31 12 26 18 29 4 16 39 15 40 19 28 8 25 34 27 
14 13 40 29 11 8 31 26 9 1 19 33 12 38 36 2 3 6 16 32 18 10 24 37 7 20 15 17 27 28 21 34 30 4 25 39 22 5 35 
27 17 32 2 14 18 8 12 1 4 5 39 40 34 3 37 22 10 35 20 30 19 6 25 36 31 13 15 29 28 38 23 9 16 11 26 7 33 21 
31 26 17 20 11 14 40 18 7 35 23 4 9 21 22 5 16 39 38 32 3 12 36 37 1 34 6 8 30 33 10 2 24 29 19 28 27 13 15 
23 38 1 14 28 33 31 5 10 27 6 40 24 34 32 21 36 35 17 19 8 12 9 16 11 37 20 29 22 39 2 18 3 7 25 13 4 15 30 
14 17 13 6 34 12 1 37 20 16 28 5 24 30 35 3 39 11 21 10 9 7 2 33 32 40 22 15 23 4 19 38 26 18 31 8 36 29 25 
21 3 8 25 14 37 35 32 29 6 17 22 18 4 30 39 13 38 31 20 7 26 12 24 16 15 19 2 27 40 23 5 1 34 11 36 33 10 9 
9 4 28 40 13 23 17 11 32 15 33 34 18 22 14 10 5 30 1 25 36 38 24 26 39 27 19 6 20 7 37 31 2 8 21 35 3 16 12 
40 14 11 34 29 18 25 32 4 12 21 27 2 1 19 13 17 23 10 16 7 6 20 5 33 22 9 8 24 15 28 26 39 31 37 3 38 35 36 
15 21 23 8 27 20 12 10 5 39 28 14 32 40 13 11 16 25 38 33 1 37 3 22 2 34 36 26 30 4 17 6 24 9 18 7 35 19 29 
9 22 25 29 20 39 37 21 33 35 3 8 34 30 40 18 31 15 11 5 16 23 17 14 13 4 28 26 6 27 2 12 36 24 1 7 19 10 38 
32 37 26 29 12 6 39 25 14 13 28 4 19 15 9 11 31 34 30 3 24 21 8 23 27 10 40 5 1 18 17 20 38 22 36 16 2 35 7 
27 16 21 19 36 35 12 6 38 40 8 39 4 25 13 3 11 18 23 28 31 9 10 20 26 14 32 22 29 7 2 5 30 1 15 37 24 33 17 
7 6 12 37 27 2 5 21 39 34 28 36 32 38 40 17 4 24 23 16 26 9 33 14 29 25 20 10 18 19 11 1 30 31 15 8 3 22 13 
38 34 30 22 2 21 35 31 26 1 23 37 3 33 25 40 11 28 29 10 5 4 16 14 6 12 8 32 18 20 7 24 9 19 17 13 39 27 15 
28 36 9 29 2 23 4 21 25 20 11 16 38 19 34 10 27 15 3 12 22 5 39 8 26 32 33 14 6 24 13 40 18 17 30 1 35 31 7 
30 29 11 14 28 27 35 40 8 23 9 10 24 36 15 17 32 37 21 19 1 18 16 34 3 12 4 20 6 7 22 31 39 13 33 2 26 25 5 
26 22 5 19 29 23 32 31 12 20 34 30 11 9 27 40 35 25 28 4 8 10 33 21 18 36 38 3 16 15 13 1 6 37 7 14 2 24 17 
35 12 19 38 27 17 1 22 37 2 4 36 23 11 7 30 28 32 15 26 33 29 6 5 31 20 34 3 16 24 10 18 13 21 9 14 25 8 39 
