100
48 90 62 64 74 46 93 76 10 96 16 51 89 13 88 8 53 47 11 58 67 66 65 23 29 59 32 40 92 87 36 17 84 79 2 54 21 86 75 81 61 15 4 34 94 7 39 72 41 42 
85 56 81 9 54 78 70 22 83 17 69 66 98 30 19 53 80 55 100 25 88 35 38 39 72 79 60 41 59 74 62 13 37 50 94 1 92 65 16 51 42 87 75 89 97 32 61 57 10 26 
89 95 97 66 15 48 22 92 24 42 33 79 58 85 51 93 80 5 45 25 62 90 69 36 6 18 7 87 55 17 70 11 4 60 41 98 100 74 47 67 9 31 57 34 54 64 12 21 52 
31 3 12 43 48 58 51 71 42 32 67 68 6 92 78 69 96 94 79 23 40 16 99 85 66 44 100 97 36 77 37 1 70 98 35 41 89 28 27 25 82 61 72 56 20 34 84 19 87 13 30 62 49 5 91 60 29 63 
44 80 93 74 3 38 100 97 4 45 41 85 67 43 25 94 64 46 14 23 99 56 13 10 63 88 12 11 69 21 6 59 48 57 40 73 58 27 47 18 39 91 79 49 19 28 34 52 87 
28 60 80 79 83 18 38 36 66 20 69 84 86 49 45 67 74 15 5 56 14 93 26 9 25 94 75 92 41 13 63 70 24 27 3 23 8 21 48 87 76 64 99 52 34 17 39 72 4 50 37 46 55 12 7 71 78 32 98 
95 70 88 17 92 56 20 84 27 93 75 8 61 23 1 11 79 31 73 15 40 35 25 34 74 24 6 46 68 90 54 3 50 22 77 9 38 29 94 85 57 37 10 43 83 52 98 13 33 
10 56 58 24 31 72 98 17 41 94 40 7 97 66 60 81 75 28 96 6 55 69 59 37 15 86 34 29 20 13 80 65 25 77 91 53 26 9 32 74 1 18 89 63 78 35 
41 46 17 6 80 64 84 33 58 95 50 21 23 48 7 2 76 38 83 44 35 85 90 49 31 75 55 22 32 89 14 36 99 62 87 13 67 3 69 96 10 8 29 40 60 91 68 28 98 47 61 52 77 
100 2 15 42 65 38 77 69 86 97 91 74 92 19 14 8 96 98 89 16 78 73 51 71 17 66 62 95 36 23 83 21 70 20 39 80 9 1 56 99 52 5 67 7 54 11 47 26 87 32 53 
23 73 26 99 7 37 42 78 43 66 58 69 55 17 54 28 59 13 27 79 22 57 67 31 64 90 5 84 38 93 1 86 25 46 45 82 62 47 34 80 70 83 98 35 20 89 61 52 14 18 3 75 100 10 50 87 39 24 
68 54 4 56 88 36 91 28 81 41 18 48 26 52 15 24 99 17 3 31 6 64 100 62 20 98 65 27 70 92 30 96 80 59 5 14 83 22 35 74 16 47 50 57 13 75 19 76 34 32 40 73 33 37 25 
83 59 73 21 96 11 7 4 51 1 39 2 33 72 52 67 81 41 63 55 88 79 9 36 5 6 47 19 99 74 90 69 54 68 98 43 100 57 50 8 87 12 62 45 35 46 40 75 17 25 
45 80 55 79 64 31 72 35 65 12 34 54 20 40 60 28 6 32 37 87 97 91 73 75 24 100 66 62 50 98 57 92 36 25 88 90 21 5 61 53 27 39 42 11 41 22 49 78 94 9 52 33 10 26 58 16 
97 100 87 81 49 53 99 90 51 37 45 6 72 59 80 70 78 62 77 66 68 3 93 83 1 28 31 19 33 7 18 30 8 20 10 27 46 23 89 47 12 63 91 71 29 34 85 39 75 58 84 55 
56 25 69 96 2 81 72 4 48 39 49 91 74 28 97 88 47 67 38 34 1 92 22 59 10 82 75 95 19 86 65 31 66 53 42 37 90 14 51 62 93 52 98 60 50 26 12 
6 2 10 11 42 64 59 70 97 98 3 86 100 12 32 26 34 40 74 57 28 22 29 20 45 56 73 35 83 18 13 55 93 63 51 7 76 99 19 87 49 9 1 58 80 69 79 81 95 27 8 
23 3 49 26 53 96 98 5 20 85 35 8 95 89 91 40 63 71 29 32 74 92 6 77 65 57 76 12 58 56 11 19 21 70 36 80 52 75 15 37 72 25 17 99 88 66 54 27 30 97 83 78 
97 57 81 12 90 28 69 94 32 53 40 5 10 68 77 72 52 71 15 17 66 84 58 59 38 65 31 21 83 25 88 92 44 34 30 47 99 95 43 67 4 26 36 13 16 2 45 60 63 62 18 55 46 50 22 73 
6 41 67 54 12 22 21 4 45 63 46 91 32 18 15 11 26 71 42 77 61 59 31 44 17 97 70 39 58 28 56 89 80 92 86 34 51 74 88 23 79 95 36 14 8 10 96 47 83 75 7 43 37 53 62 
27 75 30 78 85 47 53 71 56 73 3 81 19 23 14 63 92 35 95 45 88 33 20 70 51 98 55 67 74 61 40 64 5 32 79 1 82 50 9 99 100 80 72 83 37 93 13 18 36 26 6 66 10 65 58 62 34 
69 35 88 23 28 77 58 65 42 89 80 27 76 24 90 98 14 16 85 17 19 34 7 62 64 3 48 20 25 81 55 79 46 52 31 11 91 86 12 2 9 73 97 95 75 61 26 96 84 
73 50 9 60 28 86 15 42 78 6 71 1 97 4 57 72 80 51 69 59 47 54 48 61 10 39 94 49 68 21 20 92 96 62 82 11 5 74 70 29 18 75 22 7 
91 79 67 32 63 11 7 12 77 37 83 73 27 6 93 60 55 22 50 99 45 87 51 3 56 89 30 26 14 65 8 53 97 68 33 42 96 46 40 64 76 92 85 62 57 59 95 47 81 36 
86 4 53 14 19 32 62 12 37 7 89 11 18 79 84 16 8 75 26 50 39 96 76 35 6 49 85 72 83 61 54 52 63 66 93 2 71 5 38 94 98 3 92 78 22 42 13 
24 18 60 52 17 49 41 14 12 93 10 58 2 86 21 89 19 22 83 42 55 46 6 54 77 8 57 37 100 65 91 36 78 38 11 85 51 16 82 30 25 95 20 68 88 45 76 35 
51 35 56 14 62 95 37 21 11 28 60 48 17 43 5 15 76 4 89 85 18 81 44 22 6 59 7 45 92 71 50 98 29 74 36 61 12 54 31 24 30 97 67 83 72 
74 70 63 23 19 98 20 6 85 32 92 60 79 9 11 22 59 4 45 16 27 15 55 8 5 71 29 30 100 54 39 12 42 37 34 14 97 78 17 94 81 46 91 66 68 95 44 58 40 87 61 83 
52 39 28 82 23 59 50 97 81 42 38 4 37 46 17 15 100 45 34 1 76 43 35 7 27 8 53 55 49 31 98 69 9 91 65 18 66 
12 28 54 24 21 49 68 41 89 96 45 88 78 27 40 72 59 97 63 36 65 4 95 74 18 50 92 51 15 26 81 83 19 87 69 2 66 56 90 79 
34 89 45 76 12 8 61 44 3 19 40 66 9 85 33 59 14 94 42 20 22 69 73 78 81 32 16 11 15 4 7 27 43 54 70 71 87 52 41 65 93 99 49 35 29 79 
14 2 18 59 28 8 100 85 76 60 35 21 90 40 41 71 20 77 10 57 87 64 36 94 68 37 17 73 47 6 25 54 50 12 91 31 44 9 4 61 93 24 89 53 99 45 33 46 19 88 1 48 
84 12 79 15 13 24 52 40 66 50 7 88 63 9 60 81 87 100 32 74 59 55 14 47 21 91 49 78 93 77 39 53 95 56 80 94 89 51 3 85 43 31 
81 19 65 63 44 69 48 39 21 60 7 29 100 61 76 5 6 54 31 71 58 52 1 93 22 20 84 37 4 97 95 91 88 17 8 83 3 78 73 16 38 15 68 12 36 14 94 11 80 74 41 28 87 
49 46 11 90 14 52 42 26 31 29 66 85 98 87 77 62 80 50 21 55 84 22 4 69 17 78 76 70 7 9 25 74 32 53 57 71 59 60 79 44 27 8 95 13 18 72 43 2 47 12 
99 18 60 43 62 89 76 32 1 6 46 75 61 14 77 21 20 30 67 97 54 13 69 90 63 19 85 24 12 39 10 83 59 82 44 9 72 27 34 81 55 26 65 3 4 86 
50 63 42 55 34 26 20 4 27 68 99 11 44 60 21 45 6 40 97 83 81 24 59 25 92 51 65 32 96 28 7 93 52 74 58 14 89 2 16 69 41 57 29 94 84 85 15 61 8 12 43 72 39 79 18 
74 84 95 49 65 51 52 41 67 2 57 25 94 63 34 54 5 45 92 82 29 66 96 7 9 46 19 47 99 10 97 71 78 60 11 42 69 16 75 59 6 76 26 
14 29 86 1 28 2 59 20 16 69 13 46 89 56 11 6 78 98 52 71 63 5 97 43 37 34 85 88 67 61 90 36 76 40 51 10 42 25 87 58 33 15 100 49 81 50 23 53 
21 68 1 84 30 17 73 60 53 54 69 56 81 13 87 83 74 76 70 71 59 31 55 43 75 5 19 33 37 7 82 14 32 58 85 12 92 66 24 91 8 39 28 65 96 41 9 18 4 52 45 50 57 
40 52 84 47 9 2 57 14 26 74 3 32 49 48 94 61 82 31 50 60 37 68 92 90 45 67 43 34 87 38 98 95 73 1 77 64 30 71 5 80 4 59 13 20 6 8 56 100 78 97 12 
14 91 24 38 29 64 39 58 78 89 87 44 97 28 37 79 23 94 90 22 2 35 11 51 16 86 71 60 63 53 74 85 92 80 47 20 17 10 1 82 31 4 62 98 66 26 73 95 25 3 
11 7 36 29 68 100 31 40 59 93 96 35 5 88 85 39 51 99 27 48 13 79 86 50 81 55 66 19 4 70 58 71 53 45 33 84 37 41 57 87 20 
90 4 5 93 96 63 87 42 48 54 36 97 71 28 53 92 35 47 65 45 55 80 49 64 31 94 27 59 34 32 74 19 9 37 56 84 60 20 78 67 51 86 
76 82 96 30 31 20 13 17 32 89 38 48 46 19 44 75 95 58 73 97 29 27 71 83 74 3 53 21 56 90 49 81 28 88 41 98 40 37 51 93 6 14 11 5 78 26 67 15 43 24 68 62 
5 26 9 100 94 1 93 13 54 98 32 96 87 92 77 48 29 22 76 19 97 38 75 62 88 20 15 63 28 24 7 81 45 84 61 39 53 6 11 36 35 
42 61 15 11 79 1 99 94 5 64 23 81 38 44 13 72 3 54 88 21 12 19 20 95 68 84 33 91 76 41 55 9 86 32 100 10 57 65 73 70 97 24 67 96 49 35 92 85 16 89 
89 22 91 90 41 74 45 43 66 5 56 69 95 46 63 52 23 96 1 49 32 12 76 44 82 3 75 86 27 84 77 57 97 16 71 4 93 34 6 9 54 70 60 
48 17 39 31 77 68 74 9 82 59 45 23 97 18 99 25 62 6 35 47 94 56 26 15 88 67 30 86 91 90 33 96 61 16 4 57 83 14 41 98 85 55 52 38 29 44 84 79 65 5 
72 55 29 90 73 7 30 78 40 14 2 74 51 12 11 23 53 61 43 89 21 13 77 97 27 70 81 71 64 84 75 39 19 32 33 6 37 59 68 41 57 62 88 35 86 25 24 9 82 16 85 79 87 
43 91 24 62 4 88 2 23 42 27 15 3 95 81 67 50 13 65 73 38 89 16 77 82 21 44 97 90 45 37 1 20 30 59 58 17 76 33 10 26 61 39 
76 74 3 18 64 12 48 5 39 62 56 37 41 38 29 57 13 77 87 40 65 25 19 68 14 67 49 60 80 26 22 10 81 33 73 72 31 7 34 95 35 6 16 11 99 93 83 91 9 
61 57 21 10 45 68 1 89 76 82 35 83 15 2 8 58 16 40 65 64 39 73 46 19 43 33 88 32 25 20 42 29 14 74 18 50 44 24 
1 25 57 44 12 73 100 31 7 38 28 20 75 10 3 46 32 14 48 94 88 67 2 47 92 23 11 79 84 64 34 36 65 89 78 60 18 86 40 87 30 96 77 26 71 82 13 70 76 27 
57 75 28 33 43 17 11 91 21 93 85 3 72 24 35 2 66 37 89 47 9 40 87 15 86 26 36 13 59 50 67 73 56 88 22 19 29 79 6 76 49 44 68 14 95 78 8 
60 21 44 16 91 69 65 98 75 20 40 18 95 33 61 80 8 77 92 41 68 87 48 4 17 5 39 10 76 66 7 30 94 45 86 24 2 55 63 6 73 27 78 67 49 52 12 58 81 
12 58 79 49 23 13 63 5 53 76 11 77 26 43 85 71 67 35 54 38 72 37 14 2 60 19 87 18 40 84 47 92 62 3 17 7 55 88 52 32 69 83 75 24 94 41 50 48 61 
15 72 34 100 74 69 45 42 8 64 83 37 98 21 99 77 22 4 70 43 81 57 17 14 53 9 18 59 61 75 56 60 82 79 65 68 19 78 1 11 26 5 28 51 3 39 20 96 40 71 
36 81 60 82 73 5 61 43 65 13 79 72 32 49 17 15 84 89 1 35 64 71 37 12 20 23 44 76 50 95 91 29 90 16 66 55 77 39 40 30 51 19 67 100 24 83 11 27 33 94 69 28 31 38 63 8 41 2 58 
8 77 48 3 80 24 36 2 68 41 40 42 27 37 98 73 38 61 95 87 16 57 9 56 14 6 52 19 72 26 91 35 78 59 32 90 23 44 71 83 84 34 93 4 65 70 33 94 58 66 54 28 88 
47 93 31 97 46 82 56 85 34 14 23 49 39 58 59 64 11 4 7 32 100 20 81 36 51 60 27 84 41 72 83 9 57 37 73 66 86 2 21 53 25 88 22 1 28 69 50 
36 19 52 49 14 87 97 79 63 27 57 83 74 25 13 50 77 20 46 9 3 78 91 24 45 12 2 15 84 75 4 16 10 11 82 35 21 51 86 1 42 92 22 23 
92 59 30 80 24 13 99 39 70 65 4 44 17 42 5 37 62 66 38 93 28 19 81 74 25 34 8 18 69 21 83 95 68 33 48 6 72 15 36 78 71 20 46 76 56 96 57 
41 54 44 93 11 85 94 24 68 6 65 76 1 9 75 73 5 50 22 47 78 99 53 91 95 58 32 96 80 14 59 52 12 82 84 17 3 21 42 92 61 
54 21 36 51 60 95 70 10 40 19 81 47 52 12 31 16 75 29 30 44 91 24 38 8 14 1 99 68 58 49 87 64 56 22 69 53 59 85 67 80 26 63 98 82 2 89 34 37 90 18 
8 81 3 77 29 60 16 95 1 40 80 72 30 48 79 31 21 42 59 85 74 43 97 19 86 4 63 6 56 61 11 82 91 70 18 55 83 96 35 28 2 14 25 99 38 15 33 10 76 
49 5 89 55 6 80 90 84 19 73 99 44 100 70 16 3 71 56 36 13 96 54 21 59 9 57 41 91 47 10 38 20 4 65 39 1 51 27 24 82 52 11 45 97 
23 43 12 98 88 89 100 53 32 56 37 55 63 45 60 58 75 97 15 64 81 52 7 73 84 30 65 79 19 41 34 50 78 13 28 80 49 99 47 4 40 9 24 26 
9 3 36 6 84 29 19 34 31 38 11 30 70 58 17 5 10 65 81 37 39 57 22 2 56 75 85 61 79 73 63 98 23 100 48 40 13 59 35 99 4 77 16 8 
78 97 66 86 69 31 6 21 17 7 100 10 54 58 93 96 99 81 20 40 91 63 72 67 48 50 4 11 65 28 18 74 35 47 12 94 75 3 77 92 23 2 15 43 60 
4 63 32 44 83 18 35 41 39 6 50 57 58 74 15 91 75 19 54 99 77 20 21 93 43 92 73 27 48 31 45 34 79 25 42 59 28 40 60 67 38 10 23 80 
92 61 35 76 83 60 86 15 59 16 57 66 36 13 14 18 70 1 30 27 2 6 99 63 23 75 50 25 84 19 97 87 8 82 77 58 47 55 93 4 79 52 37 89 81 21 78 90 91 85 100 
80 53 42 60 52 67 41 47 31 95 34 7 13 83 22 78 5 23 96 54 45 69 55 75 51 97 10 68 56 14 17 59 21 64 81 11 71 24 61 86 91 94 12 87 88 85 32 50 19 40 
23 33 81 41 7 52 95 17 12 53 42 44 66 21 8 20 5 45 70 40 38 50 49 34 71 2 35 28 1 16 88 18 62 30 99 37 3 48 10 27 13 98 6 87 82 63 58 
50 11 84 89 87 14 83 79 9 1 88 20 93 7 38 92 97 76 68 2 23 85 70 54 15 25 98 71 13 40 73 16 96 56 62 12 18 86 48 46 57 22 55 21 69 90 58 77 65 36 6 72 45 8 64 
9 51 54 45 29 59 36 86 53 26 25 39 52 1 6 31 56 12 32 48 27 46 63 35 55 93 57 34 75 99 47 38 40 22 24 77 96 17 87 66 64 72 18 85 91 
57 4 46 36 70 58 80 35 24 32 54 50 8 82 60 9 76 52 98 19 66 81 18 10 69 48 33 85 49 89 59 75 56 62 83 86 90 22 97 93 72 94 20 92 87 15 26 96 51 41 71 7 
50 23 8 44 64 34 2 100 58 63 89 15 18 11 93 14 42 4 55 6 68 45 26 30 62 39 25 91 21 28 72 31 54 35 56 99 70 41 38 10 33 60 92 73 
25 30 69 66 20 55 62 57 2 13 71 93 35 5 17 88 59 33 42 43 22 50 4 37 100 96 21 98 95 68 24 6 47 3 1 31 54 49 11 84 75 28 7 14 58 86 72 
93 71 21 56 12 64 90 20 63 5 10 88 2 23 98 44 84 81 22 66 11 34 73 33 60 99 86 41 77 65 9 52 18 42 97 68 67 17 15 3 14 35 8 6 
39 21 31 56 73 80 66 43 74 33 2 36 34 1 86 72 63 37 47 19 93 65 99 45 89 69 12 96 29 52 94 92 16 77 50 59 70 22 8 58 46 30 13 87 51 27 100 15 24 90 40 82 61 17 28 68 
59 91 42 41 99 88 64 89 81 49 65 45 4 62 26 38 16 72 97 48 23 67 90 61 29 21 93 95 100 58 94 11 36 51 96 77 53 50 40 74 66 54 
34 91 71 28 26 72 36 61 10 73 19 30 20 18 13 85 58 12 75 45 97 95 9 93 63 24 66 40 60 84 37 21 11 15 6 87 17 27 100 52 62 59 49 25 2 77 53 7 57 
75 25 72 4 15 49 68 54 50 83 46 80 57 62 85 64 94 33 79 6 22 38 99 100 40 11 34 1 44 41 47 43 88 69 9 90 60 59 37 61 7 97 92 35 48 19 67 
35 5 57 61 21 43 27 95 18 75 22 93 94 26 36 2 83 69 40 66 25 72 50 42 84 91 9 7 49 33 4 31 64 65 28 92 76 32 24 3 15 73 77 39 55 37 47 
6 62 81 47 11 88 36 72 94 97 25 95 54 8 43 73 70 75 20 17 39 56 76 80 61 96 77 16 79 44 42 50 48 1 26 49 23 66 10 55 87 22 93 
34 4 32 62 6 11 83 73 5 56 91 30 28 88 89 9 52 93 40 75 74 24 86 55 33 15 41 13 2 96 14 100 50 46 76 3 65 81 42 17 39 31 35 98 77 72 43 44 54 1 10 60 57 
57 79 2 34 22 91 16 55 21 18 60 5 33 12 19 7 32 84 68 1 89 43 75 45 73 90 74 87 92 95 46 20 49 30 100 61 54 14 82 51 86 26 53 13 80 50 47 39 
32 91 47 10 2 54 65 3 24 42 72 75 67 100 37 31 33 50 8 30 27 15 78 81 90 55 94 26 96 93 77 92 1 53 82 59 9 51 97 39 25 20 87 4 36 45 68 18 99 48 11 22 88 
30 49 32 88 77 84 14 19 51 81 92 44 75 50 80 72 13 15 1 89 99 22 59 3 45 65 93 11 95 94 36 67 42 41 16 96 39 48 35 9 7 82 60 
65 78 40 67 88 72 70 28 9 64 42 56 29 5 14 96 94 49 32 34 26 12 10 15 82 51 18 59 83 22 33 48 89 52 55 16 71 20 87 93 24 60 47 92 62 73 66 8 4 85 76 
46 85 72 30 95 3 37 2 90 1 91 70 77 10 89 47 27 28 75 64 44 54 100 41 38 4 14 62 23 42 97 56 18 16 94 19 88 84 21 57 6 81 71 78 20 25 12 40 24 7 63 
46 79 32 44 1 48 15 86 70 76 34 16 81 11 60 45 52 72 99 71 82 6 98 91 90 83 94 80 37 17 89 95 7 26 64 97 25 77 63 61 21 78 5 85 43 33 55 87 31 75 24 3 
92 34 86 37 1 42 31 32 64 73 5 14 2 57 89 38 85 84 93 19 90 7 41 54 91 23 81 49 59 8 99 47 46 82 70 77 44 6 28 56 4 25 97 60 33 
41 19 93 51 33 28 88 21 85 18 47 90 74 20 26 9 7 38 64 35 27 30 63 82 99 98 24 66 48 59 55 34 56 45 73 79 60 10 65 22 3 17 42 83 92 86 16 52 
54 91 82 12 98 10 9 44 73 30 87 38 20 79 1 8 76 13 89 23 49 67 40 47 81 48 86 70 16 58 64 90 46 43 77 37 75 18 4 25 66 22 45 24 63 
45 80 68 3 67 29 37 17 23 20 15 92 82 86 28 50 47 84 44 24 38 19 36 70 16 75 42 73 14 89 18 27 4 94 39 34 72 61 93 83 5 66 8 46 62 22 41 49 10 48 2 30 51 77 
14 87 6 16 13 58 80 4 74 41 25 99 35 27 79 11 22 8 96 3 93 68 49 17 2 21 18 10 56 60 77 46 69 42 29 65 7 75 9 12 45 28 95 39 
10 4 17 38 9 80 93 49 71 58 90 37 11 98 76 81 74 19 52 72 15 32 24 68 12 18 70 31 78 21 63 13 43 65 5 64 84 67 6 69 47 36 95 100 89 94 82 66 
14 5 11 84 68 58 17 13 43 83 81 79 92 21 29 39 46 28 99 70 54 59 61 2 82 15 34 69 26 72 4 88 67 47 41 32 12 3 10 89 78 87 33 