100
77 65 61 29 58 24 52 10 5 57 40 6 44 98 95 3 35 68 27 85 90 60 11 2 23 86 83 33 32 54 87 63 62 47 69 19 15 67 89 20 100 9 36 34 73 72 37 43 38 97 99 17 25 84 51 7 48 42 8 66 92 74 49 12 88 59 13 81 79 41 50 78 28 39 80 21 82 14 30 70 94 96 93 16 53 56 18 46 4 31 26 91 45 55 76 64 22 75 71 
87 50 70 52 1 96 5 24 3 61 62 100 18 40 78 14 90 10 21 53 97 9 92 38 12 32 88 48 58 94 41 85 34 55 51 59 26 69 11 64 81 29 31 7 44 77 16 33 35 13 72 4 23 20 30 49 42 45 80 95 82 28 56 46 8 43 73 89 47 15 6 54 76 71 66 74 27 75 39 60 25 67 17 37 68 93 79 63 83 36 84 98 19 86 99 57 22 65 91 
9 43 63 38 20 53 56 8 28 87 21 51 12 75 29 81 4 11 77 19 62 23 44 66 49 54 92 100 98 22 79 13 85 48 40 26 70 78 61 83 6 67 39 5 14 1 71 33 41 95 32 91 72 82 24 16 15 58 93 57 50 84 74 34 31 17 7 60 37 89 73 68 25 35 76 27 59 69 86 46 52 64 65 99 97 47 2 18 55 30 80 45 36 90 94 10 42 88 96 
87 77 23 76 54 62 41 96 17 14 95 37 20 3 78 9 93 58 45 32 56 5 72 66 25 36 64 8 90 21 59 98 86 49 10 6 33 92 68 30 79 74 91 16 97 40 1 81 63 29 99 69 31 11 60 82 42 22 24 43 55 27 61 71 44 48 28 84 70 100 67 18 19 75 39 52 80 51 15 65 12 34 13 53 46 88 83 85 38 73 2 26 57 50 35 7 47 89 94 
59 13 8 65 7 1 97 31 33 91 79 61 93 86 34 56 55 54 66 98 35 18 80 83 77 63 4 95 45 75 73 60 100 85 22 38 67 10 92 94 49 39 41 46 57 71 19 96 58 68 87 30 23 26 43 84 2 9 15 40 37 6 42 52 36 88 14 32 28 69 20 29 72 70 76 81 64 24 78 27 3 53 44 25 11 82 51 48 99 90 16 50 17 74 21 62 89 12 47 
32 100 92 46 18 93 30 47 55 65 77 97 2 23 5 68 4 3 59 43 22 25 80 76 89 8 84 40 17 95 69 15 67 1 88 16 60 78 44 42 64 57 33 58 7 62 9 45 87 81 63 12 31 19 71 13 11 34 26 21 35 29 54 98 50 94 79 14 70 38 74 49 56 91 86 24 36 75 27 85 73 83 37 52 66 72 28 96 90 10 53 48 61 51 39 82 41 20 99 
20 65 25 80 73 35 75 23 19 40 41 14 92 12 70 71 48 32 52 39 62 81 36 26 34 59 38 66 57 83 63 17 95 58 86 21 54 85 1 56 4 18 37 27 30 97 94 99 45 91 74 64 6 61 2 88 78 22 90 44 5 16 47 13 55 82 68 84 69 43 77 31 87 53 11 100 42 33 50 49 89 15 60 46 9 93 51 79 67 24 8 72 29 28 3 76 10 96 98 
64 100 62 12 51 15 5 98 82 42 63 1 76 16 70 53 11 86 83 37 49 2 3 33 91 4 38 45 69 9 50 58 29 90 89 78 88 35 21 75 47 20 81 25 65 23 44 40 79 41 99 56 36 30 26 80 57 96 22 24 6 17 34 7 95 71 54 19 28 52 60 97 73 67 14 66 48 61 77 84 31 39 94 93 72 13 92 55 46 85 43 87 32 10 18 27 68 59 74 
14 37 29 15 10 17 32 81 33 67 72 59 46 50 61 56 19 12 77 99 47 31 98 4 30 57 40 84 3 64 60 26 70 7 8 80 95 87 38 62 65 51 45 35 63 86 79 66 22 82 83 43 85 1 90 5 13 54 18 68 34 42 48 27 73 89 16 20 97 75 96 69 6 71 92 76 21 39 91 11 36 74 78 94 28 100 44 58 23 49 2 24 41 52 93 25 88 55 53 
77 72 9 52 73 84 45 19 62 96 78 13 5 88 46 42 34 2 68 99 47 63 65 56 44 24 83 33 71 64 90 8 36 74 98 41 58 4 85 82 25 14 51 35 93 97 32 11 91 57 29 49 76 17 27 66 30 86 92 53 22 60 75 54 21 48 55 7 31 23 50 6 81 1 67 61 40 70 37 94 43 89 15 79 69 28 59 18 16 20 39 100 12 80 26 95 3 87 38 
53 2 91 95 72 62 14 32 25 27 20 15 21 58 7 42 26 1 28 16 57 98 12 6 37 97 38 73 19 88 44 46 47 36 34 29 67 49 33 3 48 90 35 77 39 9 70 55 61 81 8 74 59 4 96 87 63 78 60 65 94 13 80 82 92 30 75 31 23 84 51 68 85 40 79 56 86 76 41 17 10 54 24 5 99 100 52 64 22 69 93 66 83 50 45 43 71 18 89 
65 53 8 15 83 73 48 62 81 6 88 79 72 10 31 86 21 26 9 76 69 92 17 35 67 80 43 96 33 2 89 7 14 13 16 90 50 47 60 59 85 1 82 98 84 20 30 77 71 24 63 4 18 100 56 78 44 19 95 3 22 66 68 87 52 28 27 11 34 29 32 49 74 57 75 64 91 94 41 97 61 38 5 58 54 25 93 99 23 46 42 37 45 36 39 51 40 55 70 
21 2 84 57 41 46 34 59 42 10 89 65 40 53 79 9 72 90 44 17 7 23 52 26 66 83 6 51 4 15 91 55 49 86 8 31 30 76 96 22 16 63 99 71 32 47 25 61 60 54 28 56 74 69 70 100 88 97 68 1 43 5 73 62 78 38 20 29 14 93 85 95 3 64 24 39 37 12 48 82 80 36 98 33 75 81 94 87 58 50 45 19 27 67 11 77 92 18 35 
43 81 46 87 71 42 8 48 65 25 78 90 93 3 30 51 66 100 86 73 63 77 75 9 21 38 6 82 74 84 62 36 60 64 47 7 79 10 50 35 31 39 69 1 99 22 13 72 28 34 92 29 15 83 76 16 98 97 24 45 44 12 68 59 33 96 5 58 67 54 55 57 95 53 18 85 56 40 91 20 26 88 32 41 61 94 17 49 89 70 80 19 52 37 23 27 4 2 11 
86 66 11 79 67 68 74 31 96 3 10 33 71 36 38 47 100 29 26 94 88 16 55 76 45 53 84 35 43 24 82 8 73 18 56 14 12 6 17 77 49 34 20 9 7 72 70 13 97 19 30 25 65 54 91 51 21 80 42 85 41 90 89 58 46 92 48 57 27 1 81 52 99 50 23 60 39 22 62 98 61 63 37 78 4 64 93 75 87 44 83 95 5 28 59 32 69 2 40 
85 42 20 13 32 93 53 44 92 47 71 4 21 30 14 67 6 65 56 45 35 64 99 84 79 24 77 69 33 34 36 91 76 37 27 10 89 100 17 28 1 58 5 15 81 7 82 80 49 83 60 78 11 55 12 98 38 87 86 61 3 9 43 46 72 40 39 66 95 19 48 29 68 50 94 73 96 25 75 70 18 22 57 51 74 31 59 90 62 63 41 88 8 26 54 52 23 97 2 
63 76 44 72 81 97 40 37 19 6 58 54 77 51 14 52 89 41 69 84 91 46 71 85 56 3 2 33 66 12 29 4 7 78 94 24 70 57 68 28 34 74 55 83 90 5 79 30 35 49 10 67 87 31 43 26 16 48 80 50 22 15 23 13 1 98 47 8 18 11 25 38 96 20 99 64 39 36 100 95 32 73 92 61 53 62 75 27 59 21 45 86 88 82 60 9 42 93 65 
69 72 54 39 86 96 2 65 74 48 76 52 31 44 51 80 22 24 38 98 17 63 53 9 82 8 40 50 15 88 100 42 90 43 71 14 92 84 37 5 64 99 29 12 97 95 23 60 36 26 78 45 19 57 91 94 32 73 59 4 34 67 21 83 81 79 56 46 87 13 10 25 68 16 35 58 1 62 11 61 55 85 49 75 70 33 28 41 3 93 7 20 89 30 77 47 27 6 66 
35 99 18 41 71 75 6 90 58 94 37 44 23 77 42 27 1 53 25 22 12 70 80 54 49 8 76 84 83 97 82 46 69 24 59 72 45 64 29 32 31 74 13 26 39 92 5 40 21 79 73 89 88 2 61 3 16 4 91 65 36 30 100 86 87 60 67 17 98 52 48 62 85 95 20 56 9 11 14 93 78 68 51 33 43 50 57 10 81 47 15 38 96 34 66 55 28 63 7 
34 61 83 36 68 71 90 28 65 3 49 79 99 16 56 74 50 88 43 19 82 67 48 31 55 66 70 64 2 42 33 25 15 59 100 98 39 29 35 75 23 76 47 85 94 69 1 87 78 5 93 24 54 13 21 7 44 37 58 4 95 12 46 32 80 73 92 81 18 14 6 84 86 57 11 45 30 40 60 89 51 91 38 17 63 97 9 26 96 52 41 77 53 62 72 22 10 8 27 
14 87 45 79 96 85 18 36 11 62 64 57 47 3 56 1 80 86 6 97 34 20 48 89 50 25 19 73 61 55 37 39 38 44 68 49 70 24 71 2 59 82 46 33 43 74 88 94 78 90 35 4 32 16 51 93 99 12 52 95 15 17 53 23 60 41 40 28 30 42 83 69 63 10 72 26 100 29 5 91 22 31 7 77 9 65 75 98 13 66 67 58 92 8 84 81 76 27 54 
52 74 10 65 87 94 44 46 43 88 8 84 31 50 15 71 86 51 99 53 34 5 37 93 7 100 49 69 24 64 55 36 90 33 18 92 81 72 82 26 3 20 57 28 23 59 98 76 54 21 16 67 70 4 73 39 85 42 41 48 12 45 79 68 17 35 56 83 19 29 89 25 78 77 9 40 14 32 66 2 1 62 60 75 27 13 63 91 38 80 30 6 11 97 61 58 95 47 96 
95 38 84 7 90 91 67 37 4 94 63 98 41 18 10 52 76 92 24 72 45 93 39 22 51 34 64 69 71 48 58 19 49 96 53 56 43 11 44 36 74 31 14 9 75 62 3 77 97 57 35 82 85 32 78 65 47 12 79 87 100 30 20 28 54 89 83 16 70 80 2 59 50 68 40 8 88 86 61 6 42 73 81 99 13 5 27 55 26 1 66 21 33 46 60 17 29 25 15 
95 47 96 44 50 7 35 61 2 49 37 42 84 45 81 65 77 78 62 80 12 14 67 86 92 40 72 19 31 59 41 82 8 97 93 28 85 53 89 5 23 51 20 71 18 10 60 90 57 75 11 83 3 26 88 64 76 54 68 33 1 74 9 66 27 43 30 73 91 22 94 46 32 6 87 69 15 17 13 38 34 39 16 98 25 36 100 29 48 63 56 99 4 55 70 52 21 58 79 
94 84 4 97 45 98 71 54 76 79 50 44 12 16 37 46 53 23 96 91 56 30 11 66 83 58 13 43 63 17 74 24 15 19 18 86 89 47 7 33 42 14 60 99 68 51 29 65 35 9 57 3 52 75 72 73 10 61 55 69 100 32 41 38 62 93 6 88 80 5 64 48 8 67 87 70 2 92 82 1 78 40 31 77 21 20 85 34 81 95 27 39 36 26 49 22 90 59 28 
46 91 98 31 96 71 81 10 69 12 42 72 97 57 63 27 56 49 25 64 40 24 68 78 17 74 73 22 47 29 88 99 54 52 36 77 2 58 8 62 65 16 13 34 32 55 39 60 84 85 90 70 28 38 30 100 35 14 79 61 48 6 3 93 45 50 51 76 18 37 19 4 80 11 53 92 87 33 82 59 95 67 41 21 43 89 15 5 86 23 20 7 94 9 44 75 1 66 83 
19 35 12 64 77 65 52 66 9 5 28 11 57 4 68 53 43 44 82 97 94 69 26 31 20 95 80 76 29 63 74 38 60 89 75 23 79 56 15 71 30 85 37 45 33 1 73 22 39 58 34 41 88 78 86 72 83 24 54 8 13 59 17 51 48 40 49 14 99 47 67 6 32 91 46 3 87 10 36 81 18 55 50 21 92 90 100 42 84 93 7 25 98 70 62 61 16 2 96 
75 15 12 65 52 47 39 100 48 44 45 32 68 27 89 49 64 58 30 62 92 53 22 31 78 76 25 50 35 34 37 54 71 23 95 4 43 57 86 77 67 74 66 90 63 98 14 70 2 11 3 61 59 40 94 60 55 5 82 56 17 20 84 87 7 21 38 73 8 88 69 42 10 18 81 93 6 24 41 83 16 85 72 79 96 33 99 9 19 46 1 26 80 13 51 91 36 97 29 
24 30 28 76 66 80 97 11 61 9 84 22 94 27 38 57 54 83 67 44 96 15 63 86 56 25 89 85 6 95 91 34 31 2 48 18 59 5 69 41 62 77 88 23 52 72 78 43 17 35 32 49 99 26 79 74 70 40 1 33 4 20 93 60 53 55 73 37 98 42 19 39 14 36 87 12 3 92 21 75 90 45 7 10 8 68 64 13 50 71 100 82 81 58 47 51 65 16 46 
97 87 47 99 27 35 23 81 75 13 88 45 66 41 33 54 1 61 94 80 39 82 25 83 52 42 36 51 40 43 90 68 14 11 18 24 31 67 5 16 48 91 53 71 26 49 38 76 2 9 34 59 72 56 50 64 79 20 78 100 55 44 63 89 37 70 29 4 92 77 60 21 84 19 65 93 85 32 6 73 95 12 46 3 7 15 8 62 10 86 98 17 74 96 69 57 28 22 58 
65 49 80 33 67 12 10 84 5 76 79 43 1 14 82 81 83 63 8 20 59 41 73 34 38 17 35 89 57 46 88 22 15 58 52 97 42 87 37 54 61 3 51 47 64 39 24 48 77 55 21 25 7 53 66 74 11 2 91 75 60 62 29 50 13 32 56 23 69 28 86 100 94 78 90 9 36 40 85 6 70 95 45 30 4 44 18 99 98 26 93 96 68 19 16 72 92 27 71 
12 28 4 24 92 77 26 56 49 60 37 20 11 58 86 6 88 2 65 27 63 98 73 96 93 61 50 16 33 14 46 47 15 71 70 90 80 35 25 5 66 68 67 48 99 95 74 19 40 59 18 78 91 39 53 44 76 8 84 82 43 87 17 7 9 79 83 72 52 89 30 81 62 41 36 45 23 1 97 29 100 10 75 51 13 64 22 34 54 94 57 55 21 38 85 69 3 31 42 
26 73 61 38 64 82 100 75 79 49 42 47 84 4 92 53 94 15 30 10 19 98 59 36 16 91 89 34 28 74 43 90 95 9 71 21 11 27 6 45 55 2 58 78 12 39 60 72 40 41 48 52 18 81 97 13 56 83 85 25 37 69 68 29 65 17 46 20 63 31 57 88 35 8 50 67 23 99 24 54 3 96 62 86 93 66 14 76 7 80 22 51 70 5 44 32 1 87 77 
75 39 62 72 20 78 40 22 11 29 74 26 15 65 99 87 98 64 79 35 8 18 36 37 45 81 90 57 49 33 44 77 6 48 76 94 4 58 28 71 13 70 43 42 55 80 51 69 5 38 97 41 25 84 93 3 9 1 95 2 52 68 61 96 73 53 16 24 82 10 46 54 92 27 88 12 59 19 89 23 60 47 14 31 100 21 67 30 85 91 86 17 50 56 83 32 66 63 7 
10 65 67 98 40 97 51 41 19 43 21 59 27 15 76 70 78 100 84 33 92 73 80 39 7 87 66 4 11 28 36 58 61 90 6 18 20 46 2 26 50 17 47 25 29 95 99 75 24 79 72 16 91 96 22 83 52 49 71 37 55 74 1 31 81 77 88 13 89 53 93 57 34 60 9 69 56 44 48 86 94 45 63 38 14 54 8 68 3 12 23 32 30 64 82 5 42 85 62 
43 84 93 5 54 75 61 19 89 34 4 72 46 40 22 14 9 41 2 82 11 51 15 66 76 38 45 12 96 53 47 58 74 37 44 28 6 31 69 100 98 79 27 80 18 39 78 91 32 16 57 7 24 60 64 42 83 71 95 23 26 55 3 50 70 17 81 33 1 97 90 10 86 68 20 21 77 29 87 8 65 59 48 67 85 25 30 56 62 88 49 99 94 52 92 35 13 63 73 
29 80 3 45 84 7 74 89 75 11 59 60 39 12 97 51 92 57 31 53 87 36 64 76 42 25 47 54 68 17 8 95 98 63 73 35 52 48 23 5 20 6 38 49 85 91 27 19 41 22 10 99 50 66 21 90 70 44 2 94 56 46 13 86 65 43 40 14 93 67 72 83 28 96 62 30 100 33 88 82 1 71 79 9 24 55 16 78 58 32 77 69 15 4 34 26 18 61 81 
40 39 26 12 22 1 13 17 59 72 7 51 91 57 99 79 16 34 55 54 74 21 58 14 62 61 5 45 68 56 18 31 25 46 82 81 23 35 98 52 84 86 50 65 42 6 47 70 92 76 71 77 96 19 73 87 37 36 9 48 41 94 43 53 60 44 32 88 49 85 78 75 24 64 29 2 4 33 90 27 100 63 20 89 8 95 83 66 15 67 93 97 69 80 11 10 3 28 30 
1 23 76 65 8 7 62 19 40 26 58 25 64 70 86 29 79 24 89 74 28 18 43 4 94 51 31 54 10 37 57 42 21 98 63 49 67 56 72 9 30 55 82 27 15 35 33 77 97 92 66 2 17 59 6 5 46 36 96 88 20 16 50 100 75 3 32 41 87 80 38 84 68 93 85 48 78 81 91 73 71 45 47 99 95 52 69 13 11 22 83 12 44 61 14 53 90 34 60 
80 66 60 50 27 29 95 1 61 3 87 49 16 44 58 10 72 18 92 90 94 42 70 86 28 99 85 73 7 15 98 47 11 35 26 93 52 75 96 31 82 83 67 79 45 100 64 13 4 51 81 37 89 74 38 17 84 76 78 32 63 12 9 62 88 24 14 59 23 68 20 53 39 54 46 36 34 43 77 65 55 2 48 5 97 69 21 71 19 22 41 57 30 56 33 25 6 91 8 
69 86 26 53 80 93 36 35 82 27 34 90 18 76 7 68 47 74 64 96 12 29 19 23 87 57 84 43 83 61 40 28 37 11 67 89 30 22 66 24 10 91 46 63 14 51 70 77 38 78 45 71 15 6 59 13 5 32 42 17 31 50 56 88 2 62 99 65 52 44 81 3 95 94 55 1 4 60 54 58 8 98 25 73 39 92 33 49 100 20 97 72 9 48 21 79 85 16 75 
56 72 36 37 27 7 55 61 85 16 100 79 69 73 88 41 65 12 68 18 99 49 44 54 62 2 4 60 40 93 59 63 9 35 24 90 23 31 48 45 19 17 30 11 15 5 43 46 96 71 92 38 20 29 76 91 21 89 81 14 51 80 39 52 57 95 77 8 25 28 78 53 66 22 98 34 58 83 50 94 13 32 75 26 74 97 6 70 3 82 86 33 87 84 64 10 47 67 1 
25 21 18 47 36 82 98 9 66 23 92 39 59 76 31 97 56 20 41 35 58 10 96 85 86 74 24 30 22 70 73 67 91 55 19 52 68 63 83 65 81 78 84 100 94 90 34 8 29 5 11 33 37 95 1 72 7 54 38 99 13 4 17 62 32 46 45 51 80 42 40 71 12 14 26 88 50 69 15 79 89 3 77 44 53 61 49 2 93 27 60 48 64 75 16 28 57 87 6 
66 93 97 61 80 69 81 49 79 23 56 11 46 24 99 10 67 86 1 77 63 15 75 4 16 6 33 70 39 85 5 87 42 22 36 60 40 55 2 78 18 32 68 37 76 26 47 20 43 96 54 84 27 59 74 8 62 91 13 57 17 28 83 9 7 48 88 38 45 34 25 52 71 21 35 64 29 94 89 12 98 73 50 90 14 100 31 51 72 92 41 19 3 82 95 58 65 53 30 
14 48 12 97 39 23 91 62 92 79 61 37 90 52 69 71 28 41 19 3 75 84 67 22 15 77 68 53 72 33 98 17 88 83 4 40 100 42 50 60 99 65 9 82 30 85 7 13 25 11 80 20 54 70 95 21 51 26 64 59 2 76 35 78 34 58 43 96 49 63 18 55 93 46 74 87 89 5 31 16 44 73 6 1 66 56 10 81 47 36 86 24 32 8 38 57 29 27 94 
48 63 41 73 14 1 64 97 61 37 19 45 55 83 40 74 8 84 31 62 93 94 51 66 77 90 86 96 52 12 17 91 70 65 15 43 42 78 80 72 16 36 54 6 49 56 53 38 95 2 10 57 21 34 7 4 23 30 76 35 22 33 5 69 50 85 13 29 81 71 79 26 28 68 99 47 9 82 92 44 11 59 20 75 24 100 88 3 32 27 87 58 25 98 18 39 89 67 60 
94 88 26 81 86 31 57 2 14 65 62 79 9 34 74 37 87 6 40 25 73 8 63 23 95 75 66 96 85 97 7 42 92 15 72 89 69 54 78 71 100 24 46 35 55 44 18 13 77 59 68 93 19 50 76 12 38 39 36 99 82 51 21 80 64 20 17 33 70 16 41 10 90 84 5 45 61 49 52 60 22 1 11 3 83 56 58 91 30 48 98 27 53 32 28 67 4 43 29 
79 4 46 28 18 54 8 97 87 17 15 61 16 60 90 36 44 70 2 45 9 34 20 23 6 62 88 74 31 52 78 67 93 22 58 94 49 27 50 14 68 24 91 32 98 12 72 30 57 64 85 21 51 26 63 25 40 65 1 59 76 96 55 53 42 37 83 84 19 56 77 29 95 5 33 71 3 41 75 73 39 100 43 7 66 35 82 92 38 86 69 11 99 47 10 89 13 81 80 
51 99 54 60 19 39 30 93 90 24 45 50 57 31 76 18 22 14 34 84 46 81 92 71 98 4 35 12 6 89 95 91 33 87 67 86 56 16 13 68 74 2 65 20 1 75 61 72 7 44 42 52 80 64 79 59 63 38 53 32 27 43 26 97 85 96 17 100 36 77 41 28 94 21 25 8 29 66 73 62 40 9 82 10 70 55 3 83 58 15 5 88 78 47 48 11 37 23 69 
32 56 83 90 73 66 80 85 64 6 60 4 34 96 5 89 71 16 69 28 31 29 52 46 61 39 20 87 17 7 94 3 65 67 33 63 70 57 45 88 93 54 79 43 37 14 2 98 48 15 53 26 95 86 78 22 12 51 91 25 81 11 99 100 42 13 38 49 97 75 36 74 62 55 9 18 82 72 35 44 23 77 76 47 21 40 24 27 8 1 84 19 68 59 10 58 92 41 30 
7 84 44 40 36 35 27 94 95 23 14 97 8 19 12 92 89 85 47 86 96 21 78 10 48 67 13 38 79 91 42 17 9 49 56 63 65 58 73 71 75 100 31 61 16 72 83 57 59 76 64 60 32 25 82 3 20 53 24 39 11 80 62 68 50 70 15 34 29 87 81 43 1 26 28 69 6 5 98 99 93 90 55 33 52 88 18 54 77 4 37 46 30 41 45 74 2 22 66 
1 27 98 58 9 12 2 55 50 20 46 47 97 81 45 84 25 72 15 29 73 4 82 37 87 67 89 41 74 43 22 100 7 78 16 51 42 90 35 62 69 99 79 40 64 95 31 39 68 24 75 6 49 11 30 96 10 18 71 92 3 5 44 63 77 70 17 85 19 83 28 57 38 88 36 53 56 60 66 33 91 26 34 76 65 61 8 86 93 48 54 32 80 13 94 21 14 59 23 
93 62 14 40 78 56 50 2 38 64 71 51 75 80 85 3 8 37 70 92 24 97 48 66 94 84 45 36 73 13 25 58 59 44 29 86 4 96 28 49 74 76 19 6 57 88 42 61 60 43 35 83 15 33 22 23 30 72 98 87 26 1 9 95 17 34 47 69 31 27 90 10 46 63 99 81 7 16 55 89 20 18 77 5 82 100 21 11 52 91 39 67 12 41 79 32 54 68 65 
85 94 89 60 76 79 71 62 64 91 5 88 78 74 61 44 59 14 37 73 86 16 48 9 84 65 32 90 99 75 67 27 55 96 33 92 19 57 69 77 81 7 51 93 52 42 21 39 15 12 8 35 13 23 63 45 3 38 18 22 100 11 41 28 97 40 83 80 50 95 49 68 46 31 25 29 98 56 70 34 17 72 58 47 26 87 30 82 66 43 6 2 1 53 20 24 36 4 10 
44 91 81 92 89 19 90 86 3 72 77 16 26 21 36 27 75 43 71 62 57 22 74 8 94 95 6 61 56 47 64 4 18 58 100 96 10 46 49 84 82 63 15 78 97 48 45 7 98 68 31 79 9 70 20 54 5 30 99 73 85 38 83 28 35 32 40 25 34 51 67 52 60 12 50 53 88 41 13 39 33 14 80 87 17 76 59 1 29 24 69 42 37 2 66 93 65 11 23 
88 46 87 43 98 26 40 95 90 32 70 54 36 35 18 3 42 73 9 68 61 7 72 20 48 5 86 91 45 79 17 28 39 76 99 13 62 58 24 59 65 49 11 38 33 82 53 97 27 25 77 84 93 66 92 75 63 96 29 57 23 44 31 83 100 85 37 69 19 2 52 8 55 51 15 10 64 30 4 14 60 94 71 67 22 74 81 34 41 12 47 1 6 80 78 89 21 16 50 
64 76 29 63 31 36 88 65 28 60 45 23 87 69 20 94 22 70 79 40 59 14 1 12 35 44 81 47 67 89 50 71 52 51 72 6 66 92 18 78 46 80 34 77 37 7 15 53 56 10 58 49 3 74 5 32 9 55 4 16 91 98 19 8 13 84 97 48 68 100 90 38 41 17 11 33 30 2 54 62 99 93 96 26 24 25 27 43 86 83 85 73 61 21 82 95 75 39 42 
6 18 45 28 15 95 21 70 19 75 36 60 22 35 50 33 56 5 55 51 32 76 8 69 30 25 37 46 71 13 84 82 7 3 4 66 34 31 42 47 10 77 88 93 85 91 62 16 79 87 49 100 89 81 23 38 72 59 57 2 86 90 39 92 94 1 14 11 12 96 44 26 63 99 61 53 68 43 74 17 20 98 80 83 54 64 27 48 52 65 29 24 97 40 73 41 78 67 9 
53 62 34 52 97 95 85 60 57 56 87 67 50 5 69 88 63 22 86 39 96 15 84 74 54 1 83 10 89 25 26 23 37 68 30 64 75 7 45 99 42 48 98 27 58 44 71 94 100 80 43 81 9 28 3 72 12 61 21 38 76 31 11 77 20 55 91 41 6 66 73 51 47 16 17 40 4 90 18 70 19 33 92 46 29 14 13 78 8 2 35 93 24 36 32 79 65 49 82 
13 68 81 91 50 42 58 33 2 15 12 70 90 7 94 22 82 89 28 79 16 48 23 9 69 31 36 4 95 99 21 19 65 75 78 61 51 26 24 100 14 92 40 27 63 10 96 77 74 47 5 17 35 18 45 39 80 85 1 52 29 57 55 59 64 83 49 34 67 98 71 88 86 41 97 76 37 53 30 46 43 44 93 62 32 8 11 54 3 73 6 66 87 72 25 84 20 38 56 
3 91 78 88 95 87 33 68 97 1 53 12 84 99 60 59 58 47 5 85 31 8 96 28 19 57 62 32 75 37 92 41 39 7 18 24 11 15 89 50 73 77 65 93 72 21 9 20 35 22 98 56 6 83 54 43 30 13 67 80 25 23 55 44 49 2 16 42 76 27 10 70 14 45 79 100 29 64 69 51 36 86 52 48 82 38 34 17 71 26 74 94 46 66 81 90 40 63 4 
10 18 37 36 40 99 93 66 92 42 15 79 75 47 12 96 19 3 94 32 24 38 81 33 34 86 4 76 61 21 67 58 80 49 65 98 95 29 74 35 46 78 44 17 63 69 70 11 84 1 20 72 23 14 77 2 16 43 28 30 73 41 22 51 97 6 57 64 100 31 5 7 13 88 45 85 52 25 54 9 59 27 90 60 56 91 87 50 8 26 82 89 39 48 53 71 68 83 55 
38 59 88 79 18 86 92 47 77 60 6 28 37 89 14 46 7 55 75 4 8 95 30 73 20 2 52 35 39 54 66 48 84 62 58 56 57 49 65 29 87 5 42 53 45 36 80 22 68 97 9 78 31 41 40 94 61 72 19 21 83 11 1 15 74 16 76 50 71 100 70 82 13 12 67 23 85 91 69 96 99 32 26 44 64 81 34 10 43 27 93 33 24 17 51 3 25 90 98 
78 63 35 24 6 92 99 89 71 62 19 95 66 30 65 37 75 39 25 49 11 29 38 1 53 44 16 41 13 97 94 61 90 12 26 40 93 67 83 84 18 69 87 85 36 96 81 60 46 31 68 43 3 14 47 45 88 73 70 57 79 21 42 77 10 48 5 54 55 74 91 59 7 98 33 20 23 56 72 82 22 8 4 100 32 9 17 28 76 15 2 80 58 50 34 86 51 52 27 
10 38 33 14 43 19 92 27 94 64 30 76 95 71 21 44 11 82 1 96 18 85 97 60 69 93 15 70 54 62 58 59 40 73 49 37 45 63 81 23 100 6 61 75 13 67 39 66 3 34 22 26 29 84 89 51 35 87 7 9 88 72 48 12 2 8 77 42 91 98 74 86 5 53 20 79 24 28 83 99 32 50 36 16 31 56 46 68 78 55 90 41 57 25 80 47 17 4 52 
1 44 39 98 18 67 63 34 59 45 53 11 70 22 40 37 14 85 26 83 78 20 38 7 36 77 68 64 12 88 95 31 90 96 86 73 99 50 61 16 92 42 69 3 84 76 82 30 55 65 100 60 81 93 46 32 71 28 10 56 6 52 79 17 35 5 13 58 23 27 9 24 94 91 74 80 41 2 49 4 57 33 8 48 62 29 25 19 54 47 21 51 89 43 72 87 75 97 15 
28 78 64 24 54 60 45 21 34 36 4 23 77 98 63 40 79 83 32 58 25 53 35 65 81 20 96 70 44 62 3 84 17 99 94 31 1 90 30 95 37 5 74 8 85 75 46 19 10 14 29 66 6 47 12 88 33 50 18 57 15 76 52 68 38 7 13 39 48 93 2 91 11 56 27 100 51 41 80 61 9 22 72 89 73 82 86 59 69 92 87 43 16 55 49 42 26 97 71 
85 100 24 71 17 28 55 88 21 12 39 54 7 8 84 26 3 70 48 2 32 38 76 20 53 16 23 43 64 51 6 81 10 90 50 25 57 37 92 33 14 56 22 47 35 94 96 62 36 95 42 72 74 87 58 5 15 77 52 97 65 34 49 78 63 73 60 11 1 27 67 99 9 98 86 93 79 19 66 18 80 59 46 4 31 41 83 30 13 40 61 75 89 91 69 82 29 45 44 
16 9 5 17 82 44 38 3 14 86 33 36 48 41 90 60 55 30 77 83 63 78 24 43 11 45 72 65 62 31 98 8 29 68 61 67 1 80 92 75 58 84 27 66 70 32 37 81 47 2 13 39 88 6 76 40 22 19 23 53 42 34 10 73 79 97 49 51 52 59 28 25 12 71 15 46 94 21 54 91 89 50 4 95 85 93 100 57 56 18 64 74 26 96 7 35 87 99 20 
76 13 4 91 81 25 69 45 78 60 59 23 51 71 95 54 35 83 36 74 100 88 41 97 47 66 8 6 43 62 42 46 5 58 86 77 53 49 30 32 63 61 28 89 3 48 52 11 34 79 72 75 2 93 24 29 37 26 55 85 57 67 68 92 18 80 56 82 73 44 9 84 14 64 19 38 21 87 15 90 33 7 10 27 16 65 98 96 12 99 94 31 50 20 17 40 22 39 1 
88 84 8 25 5 73 96 74 35 13 9 80 50 4 41 10 99 28 42 22 72 85 66 47 14 83 78 36 82 32 62 48 40 68 33 97 91 67 64 90 76 87 59 34 51 56 81 60 38 94 20 77 3 95 12 30 23 58 21 37 17 98 6 49 43 75 65 46 11 31 39 29 18 1 16 45 89 70 54 19 86 15 26 57 53 69 24 7 2 79 92 100 44 52 63 55 93 27 61 
67 84 75 9 89 100 31 57 17 16 30 32 40 49 25 22 36 53 62 91 34 59 66 28 47 42 6 68 78 1 60 95 85 56 41 20 83 99 18 64 70 65 98 15 14 87 13 11 82 80 52 8 24 71 90 51 63 76 61 46 58 27 3 48 4 29 43 81 10 97 21 33 26 7 55 35 86 38 94 44 79 19 45 5 73 88 37 50 93 2 74 54 39 69 77 23 12 96 92 
64 34 72 85 98 23 40 21 41 20 32 67 19 50 22 87 3 24 90 25 92 89 17 13 75 78 82 7 65 84 12 48 16 69 62 88 63 57 11 77 6 66 60 14 54 55 37 33 56 42 83 76 49 29 61 26 68 96 8 74 27 10 52 5 36 38 9 100 18 70 80 51 79 28 15 81 91 71 35 94 58 43 95 86 44 46 59 31 1 53 30 45 99 47 2 97 93 39 4 
89 43 75 22 51 27 88 15 57 69 60 76 13 64 82 79 11 35 29 50 33 85 30 9 56 98 24 3 66 99 10 68 73 52 65 58 95 8 5 32 49 93 83 42 1 100 21 47 80 37 63 19 87 45 36 94 16 40 97 28 26 96 44 77 92 59 46 7 31 55 70 61 4 2 84 54 14 67 39 62 71 20 25 78 41 34 6 18 91 23 48 38 53 90 17 86 72 81 12 
18 13 2 60 69 36 100 41 54 17 98 9 47 58 65 87 77 12 42 7 91 62 6 80 73 20 34 5 19 27 23 78 35 39 74 15 51 86 79 90 48 37 44 4 31 16 49 92 45 25 46 24 97 94 29 32 70 64 76 50 11 67 82 89 53 55 14 30 72 21 81 95 84 38 10 96 1 99 3 52 85 57 40 61 56 93 71 28 88 43 22 63 68 66 33 59 26 83 8 
44 85 15 48 32 51 78 23 91 99 19 57 33 27 84 69 82 6 83 43 52 55 68 26 90 8 14 5 42 80 87 72 92 93 45 70 21 64 31 100 11 61 36 96 10 22 67 2 39 37 77 81 60 7 58 4 41 62 46 53 54 49 47 97 89 88 9 94 29 25 13 38 56 12 40 59 17 86 1 79 50 95 30 35 18 28 34 24 75 3 16 20 73 63 66 65 98 71 74 
40 31 91 76 12 66 57 82 44 89 14 24 69 25 78 74 99 6 51 38 11 48 53 35 60 19 2 70 62 75 50 34 88 61 86 90 18 52 4 37 84 79 21 13 73 15 47 33 87 41 42 45 36 94 29 64 27 16 1 54 55 71 22 92 32 56 97 28 49 30 72 81 5 63 98 58 65 80 46 95 39 23 85 9 10 67 96 8 100 43 68 20 17 26 7 83 59 3 93 
27 6 55 81 79 44 86 37 46 29 95 92 1 67 70 10 25 13 43 66 93 80 84 45 76 88 64 91 49 99 77 56 31 63 58 5 85 73 41 89 3 8 21 53 57 36 4 60 38 72 100 51 34 24 82 61 33 42 19 96 35 32 52 75 62 16 65 90 97 50 14 83 17 15 54 23 69 94 40 20 47 68 59 18 39 87 98 11 71 22 30 48 2 28 9 7 74 26 12 
30 32 31 13 77 75 24 16 38 34 23 81 88 12 92 90 62 74 15 35 28 29 9 37 94 53 20 36 2 82 33 21 76 47 100 72 93 96 73 7 48 61 19 22 60 43 87 86 83 1 42 97 6 84 55 26 66 95 59 56 58 14 99 68 52 71 78 80 11 17 40 10 5 64 69 45 39 50 27 25 70 49 18 41 8 98 44 51 57 65 46 4 89 3 85 54 91 63 67 
38 3 16 12 81 86 47 79 99 51 44 17 7 82 2 62 45 30 29 89 73 22 4 64 34 27 26 11 24 10 87 100 75 37 76 91 56 50 63 35 9 46 93 28 36 67 78 13 52 83 21 48 96 70 55 58 95 39 65 8 61 53 40 74 88 60 94 20 5 43 31 85 6 69 42 23 41 1 57 77 15 71 68 72 33 98 90 66 25 49 18 92 59 54 84 19 32 14 97 
72 12 62 5 93 79 53 58 28 31 60 92 45 86 91 32 36 54 52 8 68 67 90 14 56 85 23 15 16 57 66 94 22 89 71 97 33 63 83 7 49 40 47 96 88 98 50 25 82 41 20 44 6 34 74 75 48 51 3 100 59 99 9 29 26 64 84 73 76 13 30 61 2 24 95 35 1 17 19 18 10 11 46 21 87 42 37 4 69 80 43 65 70 38 39 78 55 77 27 
15 6 84 66 25 4 61 96 41 19 83 49 44 71 46 98 53 94 32 55 87 75 26 57 89 80 64 27 85 50 28 14 76 8 62 5 40 7 69 12 78 72 24 42 38 20 91 56 54 34 17 31 60 92 37 16 21 23 67 29 88 13 45 11 35 39 1 70 33 52 51 86 100 48 73 97 2 74 59 90 9 3 77 22 95 43 58 47 81 36 10 65 18 93 68 79 63 99 30 
43 49 45 73 67 89 74 34 60 27 47 6 8 82 87 46 24 21 52 41 59 100 71 4 79 72 2 15 22 68 86 80 39 18 97 58 23 19 31 81 69 32 42 96 94 50 77 26 99 40 38 33 78 53 57 1 55 12 66 36 35 25 91 54 85 16 37 3 90 84 88 5 70 65 29 95 9 93 28 63 7 13 92 48 51 20 62 61 11 75 56 76 98 10 30 17 44 64 14 
49 97 56 51 29 30 93 15 20 57 23 42 7 94 79 64 62 74 100 5 66 54 48 33 6 89 88 22 10 53 40 27 24 78 65 83 12 16 86 37 35 68 9 31 28 91 26 47 60 58 90 14 98 92 59 73 25 34 63 99 61 1 18 67 13 2 46 32 52 70 95 81 11 87 71 80 82 45 43 8 17 41 55 50 39 3 4 96 77 69 38 36 19 85 76 75 21 44 72 
68 98 71 50 31 41 86 35 4 44 46 61 38 27 13 55 39 92 37 16 76 89 62 10 6 18 25 9 100 24 43 29 17 66 42 8 23 21 53 83 72 3 79 60 63 2 26 45 34 73 1 59 99 48 14 94 32 11 54 7 97 33 77 87 30 82 19 64 91 69 96 57 95 51 65 40 36 28 81 80 90 22 93 67 49 74 70 12 84 78 52 88 15 58 20 5 56 47 75 
16 7 6 19 36 95 79 97 17 89 85 94 73 5 76 22 25 35 88 83 38 32 24 92 66 53 41 13 1 72 81 54 84 47 65 2 100 48 9 56 37 87 51 78 96 93 28 42 43 40 27 68 80 57 8 63 74 34 70 62 33 12 82 30 3 99 21 15 26 44 75 91 50 49 98 61 45 10 18 55 29 11 90 23 14 60 67 59 64 69 39 4 46 31 52 77 58 20 71 
38 37 17 61 11 27 62 26 21 34 77 64 74 63 68 19 60 44 3 52 46 43 18 16 45 49 92 30 33 23 28 96 51 47 40 13 98 71 55 59 9 56 95 93 90 1 73 54 14 57 7 97 83 99 20 31 81 53 72 8 78 12 6 36 89 84 67 79 50 94 15 76 10 75 48 24 39 69 42 88 100 5 32 4 29 80 25 66 70 58 2 91 22 82 85 65 35 86 41 
33 60 82 91 27 11 4 79 14 78 72 23 39 70 18 92 97 67 81 32 77 65 46 50 6 93 35 69 96 12 40 25 3 21 85 86 13 52 99 74 71 34 19 42 80 63 55 87 45 29 95 66 73 15 100 62 84 2 83 36 48 61 51 26 9 16 44 41 57 68 59 89 47 75 94 31 5 38 90 24 17 76 10 28 49 54 1 53 58 20 8 22 56 37 43 98 64 7 30 
47 29 6 75 67 94 36 8 56 46 93 43 92 71 85 14 35 82 62 24 72 90 11 61 78 69 81 88 4 39 63 83 66 27 91 51 33 22 50 10 96 49 97 68 1 84 95 48 3 23 26 70 30 21 58 100 31 17 44 41 77 52 98 87 79 54 18 65 34 59 76 57 55 16 12 73 42 2 5 15 37 25 32 74 45 9 20 53 64 19 99 40 7 38 28 60 13 86 80 
22 63 83 7 52 84 96 42 53 44 47 48 85 4 26 93 5 21 61 46 73 35 24 72 2 70 56 92 38 59 68 89 43 50 3 94 78 20 91 27 86 17 64 79 88 54 33 66 62 87 99 60 82 74 11 16 29 23 18 97 19 49 13 31 45 6 65 98 80 40 36 1 67 9 39 34 30 8 69 51 58 37 15 14 12 76 81 28 75 77 57 55 71 25 32 41 100 10 95 
86 75 80 46 77 8 94 45 2 28 95 14 49 73 29 16 27 47 96 35 53 74 38 67 24 34 33 37 51 87 81 12 31 90 78 59 40 44 99 9 15 65 52 82 70 69 100 18 19 60 10 48 64 56 92 62 23 30 22 66 39 61 79 36 63 68 93 72 41 6 25 3 71 84 88 26 85 11 7 20 83 43 98 55 97 1 4 54 17 58 76 50 89 13 32 42 5 21 57 
15 74 80 86 38 87 68 35 25 67 28 51 10 89 52 59 22 31 96 11 29 79 18 17 69 55 37 21 56 70 42 97 81 99 30 84 5 62 47 71 46 8 66 13 78 27 34 9 36 33 83 40 91 50 24 26 32 90 58 100 65 48 14 98 4 54 95 76 49 19 94 43 53 45 77 93 3 7 16 20 64 82 2 85 44 61 57 23 63 73 60 75 72 88 1 12 6 39 41 
8 16 64 61 50 86 48 53 25 89 65 1 18 47 35 33 80 21 11 41 71 10 20 17 59 37 19 90 13 74 92 55 15 28 2 88 42 27 76 54 29 99 77 81 39 51 12 56 36 23 38 100 49 67 87 31 14 32 97 66 91 78 6 57 44 98 75 69 3 73 7 43 96 95 24 58 72 30 52 60 9 34 5 26 46 83 45 4 68 84 82 22 40 79 70 85 62 63 94 
91 10 8 73 48 1 97 29 78 76 70 32 86 67 7 12 92 74 49 63 55 59 24 15 98 81 18 38 57 43 11 34 80 27 82 68 75 61 50 89 88 100 62 3 30 23 16 56 44 31 77 87 93 95 20 33 79 47 41 35 25 45 36 84 51 53 4 6 37 60 14 42 9 52 65 66 2 21 64 40 26 5 99 58 46 71 19 72 83 22 17 90 13 39 28 96 54 85 69 
69 87 78 94 82 42 32 88 73 93 31 66 48 1 17 55 43 54 62 75 89 6 15 92 41 90 61 51 86 65 80 81 29 28 60 91 52 58 46 27 47 98 39 59 56 85 45 53 77 22 70 18 100 71 11 4 44 84 68 25 37 49 97 30 40 33 57 3 10 14 19 23 79 24 38 50 83 64 8 16 34 5 35 12 96 21 26 99 63 76 67 20 13 36 7 2 72 74 9 
54 71 83 87 39 46 48 17 51 77 79 28 92 74 93 55 66 68 65 7 57 58 13 100 2 99 16 35 12 25 19 59 95 9 70 44 4 85 11 84 76 34 33 90 18 86 97 21 63 26 64 60 23 42 41 24 10 22 6 37 53 3 1 61 5 47 72 98 73 91 15 45 75 27 69 80 89 50 40 32 8 49 43 56 36 20 82 94 29 62 81 67 52 38 88 31 30 78 14 
25 33 11 35 93 77 29 64 94 68 12 61 53 86 48 66 22 10 49 26 67 39 43 17 78 74 72 55 9 51 18 96 62 37 80 54 81 14 32 92 40 56 15 23 85 59 91 31 83 16 95 63 3 42 57 71 5 24 88 34 69 76 89 19 45 38 98 4 58 36 82 79 1 84 90 100 65 50 60 7 20 73 46 13 52 99 87 70 21 28 8 30 47 75 41 6 2 44 27 
39 93 57 95 2 67 85 19 82 40 94 56 44 65 20 91 31 63 49 47 59 43 81 23 99 61 38 73 54 58 72 60 41 74 35 48 87 90 7 92 64 84 51 32 5 13 83 36 46 97 89 52 22 96 80 16 15 6 70 34 71 17 29 1 100 77 75 24 66 12 37 69 45 55 25 86 42 79 11 76 78 30 28 50 18 62 21 26 14 10 4 33 3 27 68 53 8 88 9 
9 84 17 54 7 49 92 33 36 96 77 20 34 29 71 75 93 31 82 28 21 67 42 69 41 37 66 16 23 79 3 40 51 62 12 39 2 10 74 70 78 63 18 90 15 27 83 26 19 6 81 76 30 35 68 89 48 4 50 95 55 45 1 61 24 94 47 100 98 13 60 43 65 14 64 46 97 53 88 57 11 56 25 44 8 85 87 38 32 91 58 52 73 59 80 5 22 72 86 
13 22 80 40 56 76 24 28 85 72 38 59 78 98 6 41 70 27 89 50 63 5 65 35 36 17 2 48 20 14 94 87 71 54 31 12 30 62 3 9 39 43 74 99 88 4 95 67 93 82 25 66 55 1 81 84 15 32 75 97 92 7 49 47 58 60 23 16 19 42 11 44 69 91 77 90 86 73 37 26 52 61 34 57 79 83 46 21 33 96 29 51 10 8 64 18 53 68 45 
