100
29 52 27 42 43 49 17 83 70 60 84 81 90 23 9 93 99 4 74 33 57 
12 35 39 80 44 51 22 81 72 15 95 42 40 64 27 25 96 19 87 
46 100 35 87 53 36 49 64 56 95 82 59 52 51 6 19 86 29 54 93 70 97 37 
72 99 55 8 25 1 24 75 31 9 45 62 30 52 32 18 14 80 11 81 40 33 67 16 44 35 64 
46 95 69 15 21 64 24 34 62 71 75 38 98 25 23 14 72 36 40 61 
41 58 78 47 81 89 55 42 64 22 96 98 71 93 7 68 90 82 25 40 49 36 3 99 12 
14 85 28 64 6 97 92 65 12 34 61 77 99 73 46 62 76 60 11 69 89 37 32 100 
65 4 83 95 67 61 70 12 97 29 44 53 76 39 93 27 30 60 34 15 
61 80 11 93 4 13 95 71 32 98 27 52 16 58 99 85 56 18 59 72 83 43 63 1 
72 93 97 42 17 98 92 68 38 65 12 53 39 20 67 30 59 11 19 74 62 21 36 52 41 61 63 43 83 75 14 100 47 
13 7 81 75 54 25 19 87 50 77 14 65 58 33 10 42 51 91 30 9 39 17 21 67 4 93 
7 84 14 60 38 44 30 23 35 10 2 70 28 78 57 66 18 85 72 20 6 79 8 
49 63 30 43 11 58 77 23 79 37 69 83 91 38 57 44 9 99 66 55 54 80 56 31 24 16 33 60 17 61 
4 22 50 42 12 11 5 10 32 63 7 100 45 60 65 86 16 21 94 81 95 93 68 
59 45 89 47 22 95 42 50 63 57 25 2 24 84 39 81 8 98 99 76 33 60 5 67 38 68 72 
13 39 90 95 26 93 77 9 57 85 50 91 21 14 92 58 69 66 87 31 32 37 59 89 20 4 
81 21 75 60 68 61 22 18 26 32 93 88 69 66 11 13 20 24 70 63 10 44 98 35 49 1 41 100 
89 96 94 75 12 4 37 51 68 66 70 9 99 64 49 79 28 17 35 65 32 57 25 
2 62 61 41 64 36 91 76 11 86 95 99 82 50 3 34 10 89 58 22 93 52 71 45 
78 95 87 22 16 73 48 41 45 62 96 27 12 17 77 10 99 82 80 37 81 34 76 38 54 40 
77 31 60 46 87 11 66 28 97 86 69 33 35 43 65 14 16 10 23 54 49 26 40 5 95 81 17 85 53 58 100 
6 95 47 63 15 86 41 37 35 20 55 48 93 92 17 98 38 54 2 66 19 64 77 40 100 84 24 14 87 69 
5 74 30 44 67 70 75 12 56 21 48 13 61 31 86 28 96 94 1 87 73 
54 41 17 79 67 56 55 5 83 13 4 68 64 69 100 46 57 30 15 70 95 50 22 49 82 98 
78 27 52 95 2 89 67 4 42 18 6 70 5 15 99 50 11 40 
32 50 16 83 40 30 61 49 82 35 57 100 84 17 29 97 79 33 69 68 21 47 95 59 38 70 65 81 
29 63 90 20 1 8 99 35 32 53 59 9 56 71 34 55 69 68 25 75 41 2 
18 51 23 60 70 73 99 31 47 72 61 81 98 58 35 32 97 40 21 12 95 93 7 80 55 44 30 29 33 
28 44 71 49 61 26 32 100 40 67 82 62 8 55 27 88 1 51 79 3 
32 54 100 42 28 12 87 8 82 40 72 10 98 48 4 74 39 69 24 23 13 85 26 88 81 43 11 41 73 
49 66 55 91 28 74 62 23 76 16 84 54 94 35 4 45 43 21 96 77 13 81 61 
4 39 17 58 14 9 83 88 30 65 81 62 86 45 29 89 7 16 27 28 98 97 42 78 87 68 77 26 44 18 95 73 
28 86 4 1 84 74 53 82 92 41 36 11 88 40 37 39 60 79 21 26 97 61 70 58 13 81 80 63 72 91 71 38 59 15 75 43 
19 8 63 70 72 67 65 97 41 98 61 73 81 38 7 87 39 60 20 37 91 56 88 5 27 82 76 
27 69 72 96 26 42 76 31 40 17 12 98 22 18 95 54 36 97 70 62 21 57 2 4 28 3 85 87 49 41 47 100 
85 83 96 74 100 62 44 76 3 67 33 43 10 63 51 5 48 89 98 78 6 45 35 38 60 90 57 37 82 19 
48 20 91 92 41 83 57 33 71 16 50 22 18 47 7 74 13 3 96 67 79 36 51 87 68 100 34 
33 50 12 10 72 15 5 67 34 26 69 13 20 89 73 42 36 85 22 61 45 88 64 68 71 
63 88 89 16 32 33 97 99 8 2 30 15 53 83 93 79 10 92 44 54 47 34 90 49 95 62 11 40 
28 4 63 5 33 87 99 21 20 61 93 26 55 62 59 42 6 69 90 25 30 39 2 35 97 22 29 50 94 
34 37 57 59 72 35 22 86 10 61 93 19 52 20 17 33 94 27 75 6 24 83 65 48 60 30 
38 1 35 25 11 91 84 87 10 89 14 15 49 45 2 95 52 93 60 6 76 50 62 67 40 64 32 30 
90 81 74 10 79 58 91 49 47 71 31 36 83 78 33 52 62 70 13 48 44 21 9 1 30 96 
78 13 68 75 51 17 32 29 73 23 95 36 100 55 76 93 63 67 83 2 46 87 39 74 58 28 12 80 8 94 43 4 
83 31 4 54 84 38 55 79 98 60 36 14 42 20 86 15 32 46 19 66 70 
47 100 98 81 56 7 82 44 45 80 74 24 83 3 53 5 21 
6 96 28 10 46 26 100 64 85 79 15 22 76 57 62 35 82 93 39 43 75 37 
43 36 51 73 20 89 30 75 50 23 37 41 95 22 78 76 65 97 81 96 62 
55 64 31 42 17 66 56 1 51 26 39 43 29 89 72 88 71 6 35 13 62 95 21 86 63 3 18 24 
25 68 14 11 15 19 59 40 26 99 42 48 73 38 24 88 16 86 78 76 70 37 
18 71 56 69 48 37 49 91 77 36 28 2 11 85 95 29 44 78 3 94 67 
41 73 99 9 4 95 91 60 25 3 67 43 65 19 70 1 75 10 42 85 94 71 80 
68 97 8 98 93 46 86 84 27 56 39 57 54 3 21 10 90 81 33 75 94 
80 31 11 39 53 60 20 13 91 65 3 97 84 30 79 24 82 21 35 59 22 45 74 58 87 
91 84 29 59 69 13 28 89 6 4 31 24 72 22 40 45 58 85 71 49 64 66 27 88 95 76 44 
91 49 100 90 23 13 59 66 24 3 46 9 27 70 34 97 53 76 78 51 
47 85 16 13 90 53 15 84 24 1 91 18 41 75 96 79 26 94 12 76 37 73 35 95 64 36 88 93 81 
75 95 19 33 70 6 13 97 11 9 55 43 86 16 54 32 28 21 66 93 65 44 78 88 68 
66 90 61 40 56 82 10 15 100 9 26 16 27 55 99 41 96 54 64 67 33 79 65 50 3 
42 15 100 71 14 54 62 28 52 95 45 21 36 17 33 97 8 63 85 61 12 94 1 7 93 84 13 41 34 
28 40 29 90 100 8 23 10 13 31 34 68 26 59 41 17 89 19 5 79 60 66 81 80 38 9 85 7 33 
98 5 60 85 83 47 92 70 95 31 36 43 90 48 67 89 10 4 20 49 32 40 39 7 19 29 42 35 77 
33 71 44 22 39 14 40 60 15 13 36 27 17 91 49 76 93 34 10 9 
18 74 7 6 89 57 22 4 42 49 24 19 2 3 71 98 78 5 55 47 59 38 81 65 
95 58 52 11 34 69 8 14 21 41 68 64 7 98 71 59 54 32 26 82 48 96 10 87 18 
18 21 45 85 68 59 77 16 17 22 79 49 94 90 58 55 12 31 13 61 56 
24 75 29 52 98 96 76 15 36 62 37 34 4 73 38 42 10 90 51 44 8 59 80 11 23 25 
38 10 32 6 26 76 72 61 80 71 18 50 24 14 53 44 65 37 81 27 58 78 17 74 87 15 66 
77 13 65 72 21 94 51 97 16 27 71 96 5 24 17 55 40 98 38 26 89 7 22 30 35 
87 35 81 90 1 93 12 58 17 79 80 99 97 18 50 23 33 34 62 26 43 45 52 25 3 56 28 83 24 8 88 
43 52 55 69 49 51 5 9 60 6 68 92 63 37 19 33 29 65 78 95 86 79 27 38 64 
49 68 69 33 4 34 28 83 15 35 5 55 41 96 38 9 82 90 2 30 12 10 
20 57 84 7 52 89 32 77 30 67 44 34 74 81 38 48 85 95 28 50 23 91 
44 10 97 91 89 64 1 68 95 54 46 43 37 36 76 85 30 99 33 73 31 92 23 
11 41 99 78 44 100 97 58 67 17 18 92 86 93 57 91 53 23 4 48 47 89 52 5 33 27 10 
7 90 82 31 63 57 95 47 19 35 44 42 67 36 34 68 15 56 97 55 50 84 74 20 96 48 8 
94 86 7 62 91 66 22 73 16 11 31 97 89 20 32 13 90 51 69 21 
56 58 51 87 44 92 88 6 71 97 64 48 32 81 75 85 86 25 98 12 84 36 68 79 50 20 43 
97 71 59 29 66 39 47 70 61 18 100 37 78 54 91 13 43 99 12 45 26 87 57 33 24 
61 13 86 96 52 46 44 33 2 4 9 67 70 68 54 94 28 20 81 
68 30 21 46 2 4 31 64 43 57 61 11 91 32 34 97 28 80 53 70 15 20 14 6 99 17 48 1 94 82 26 98 93 78 73 33 
97 94 6 81 47 100 72 33 54 19 30 20 24 91 83 95 76 46 89 34 92 87 59 36 26 90 65 3 29 
36 24 39 90 37 82 86 41 1 96 45 10 26 13 46 32 9 100 43 62 72 44 8 70 
15 45 12 26 33 53 96 42 22 57 73 54 31 60 1 55 76 78 
35 78 52 96 30 38 36 51 47 7 60 94 66 55 73 98 100 16 62 93 21 57 12 61 74 9 
49 78 41 19 75 71 14 3 90 58 80 92 22 33 32 21 50 83 23 77 45 53 
70 82 35 34 32 65 22 2 54 23 16 91 40 30 20 44 37 11 79 3 68 21 78 97 42 
96 55 38 49 50 29 33 32 95 99 34 39 70 17 30 57 58 78 93 
19 74 18 6 48 32 36 38 91 73 16 82 69 64 55 62 25 7 42 49 75 61 77 39 15 
67 66 93 40 70 76 86 100 82 6 61 43 96 62 57 92 53 59 16 27 72 39 36 77 83 1 91 56 
33 31 11 54 89 82 16 63 87 98 34 37 77 90 57 73 75 51 81 42 52 43 13 55 94 74 100 79 19 93 56 
37 86 97 16 7 39 74 78 90 100 33 75 22 71 10 62 82 96 
1 10 41 40 53 90 11 81 8 47 57 17 14 63 70 42 91 94 16 22 44 19 60 75 85 6 28 9 39 3 100 58 88 
91 93 69 52 99 66 31 14 80 97 77 82 96 51 85 44 57 18 60 81 23 98 40 41 53 
74 76 32 22 2 88 65 57 73 60 25 71 15 5 82 14 9 26 35 20 51 52 48 24 28 58 19 8 44 21 49 3 62 55 39 42 16 
37 84 36 48 31 23 94 65 18 47 85 88 99 57 69 72 80 20 97 43 83 2 59 76 67 92 90 6 35 
35 54 94 75 92 78 28 7 3 40 8 79 76 33 74 32 34 21 58 87 26 82 56 10 60 39 53 69 96 48 70 77 81 
100 78 6 67 32 45 10 15 9 64 35 30 99 69 17 34 91 22 24 85 81 46 36 5 62 28 53 94 65 
40 1 20 74 28 39 70 59 4 50 81 96 75 9 88 79 13 19 27 7 52 98 94 25 6 18 15 
22 17 26 79 75 21 24 44 3 93 14 47 91 92 61 29 37 83 59 60 56 90 85 98 36 82 46 7 30 35 10 