100
52 87 2 96 4 80 37 78 55 86 10 41 8 35 20 23 59 57 51 92 28 65 83 34 93 31 45 24 38 60 18 
6 61 100 66 86 64 88 43 31 14 67 79 1 49 90 77 38 12 63 58 60 22 3 41 99 48 83 33 59 
59 78 48 47 41 38 74 2 71 96 43 73 89 39 49 95 98 34 77 57 75 19 90 56 30 15 64 92 55 
81 78 12 22 56 87 100 10 58 64 96 33 1 73 60 91 53 69 75 98 66 23 
60 75 46 48 67 7 28 18 6 14 80 16 79 77 65 97 96 62 89 90 69 32 21 86 61 29 94 
58 2 87 92 5 35 63 7 51 79 33 57 27 71 37 83 28 88 67 22 90 91 31 86 10 94 
33 91 72 63 54 27 13 76 44 49 97 74 12 88 95 68 5 84 53 48 60 6 31 100 37 
78 51 17 39 38 1 34 76 95 45 79 67 28 19 10 
81 53 19 45 70 40 55 56 79 82 86 41 76 61 22 84 42 92 28 
52 72 99 65 37 87 71 64 8 25 81 6 33 42 45 58 96 38 4 1 86 28 29 
18 64 61 23 60 44 17 95 12 72 66 77 74 27 75 30 98 25 80 51 45 59 36 
85 98 19 42 79 11 22 7 15 93 16 88 2 20 60 58 76 49 38 90 71 69 75 4 
80 65 69 24 41 40 32 98 30 90 97 33 62 7 57 63 51 100 79 58 48 64 49 
75 51 5 34 31 48 2 54 37 77 89 74 71 33 41 18 68 87 86 40 26 55 61 32 100 72 82 
60 12 42 46 66 21 93 25 81 17 61 44 31 3 75 51 48 97 63 40 39 26 
29 86 40 85 84 53 99 57 12 5 66 92 38 35 34 17 44 36 54 18 75 80 64 82 24 
42 32 61 15 62 47 97 77 58 59 11 45 46 83 29 63 67 73 8 49 100 90 16 
77 38 14 22 5 16 58 40 33 41 95 88 1 70 85 84 53 25 11 87 46 47 73 61 
34 9 51 30 37 38 8 79 59 100 66 12 3 22 99 35 60 47 89 93 24 
97 28 49 68 34 52 89 39 36 59 93 12 37 56 87 1 22 61 66 62 91 84 46 29 21 
65 20 98 5 62 46 83 100 39 76 92 93 15 80 75 35 42 
9 12 88 20 37 26 43 56 4 52 54 51 83 23 55 19 2 82 63 18 78 80 61 53 38 32 6 
95 28 65 27 68 43 48 71 25 91 72 90 22 60 4 1 35 41 11 83 78 89 77 73 37 47 36 70 76 
48 64 100 76 16 13 19 32 39 94 72 79 40 1 44 96 26 37 88 58 35 47 51 66 
96 45 81 68 50 23 78 74 11 95 18 15 70 65 29 91 62 88 40 10 53 48 
14 22 37 87 24 83 61 81 79 94 99 38 15 40 33 47 57 54 
11 59 86 94 23 75 40 84 53 70 81 47 62 6 7 74 82 
60 5 52 55 45 86 1 97 9 78 66 43 23 46 8 89 80 20 61 77 6 42 10 91 96 62 69 100 38 59 
5 99 53 52 95 45 25 17 87 93 94 20 100 80 71 75 16 55 50 30 10 62 38 
13 44 11 52 63 3 54 61 64 29 57 85 56 74 59 19 39 68 62 75 
87 55 75 46 1 69 89 7 51 6 71 91 14 43 81 2 80 56 92 44 64 15 52 85 45 36 
84 76 13 22 80 89 48 37 24 77 62 17 71 34 63 14 5 55 
7 6 4 56 99 71 66 100 61 10 49 78 14 2 38 13 26 44 43 93 87 18 39 48 
53 100 14 68 8 89 3 49 81 37 54 69 90 86 20 77 94 58 57 1 39 79 85 32 16 35 19 
97 85 1 74 41 93 38 19 23 82 69 59 86 49 95 34 64 90 21 88 79 16 77 6 24 62 
96 16 11 92 55 58 38 81 56 76 66 82 23 31 47 83 37 42 20 
43 36 39 34 73 20 42 32 72 26 1 7 50 10 22 79 54 24 6 14 19 76 69 23 95 70 
46 33 35 44 53 100 69 10 28 16 1 29 50 22 48 3 76 8 26 2 18 57 36 67 41 12 42 61 19 65 
97 41 96 33 40 37 45 30 8 88 54 74 34 20 24 84 21 56 64 91 98 3 95 15 59 46 
63 59 47 90 64 25 24 99 87 26 70 95 97 53 75 72 16 46 14 27 39 18 96 41 13 9 15 
57 42 38 94 63 52 35 84 55 53 82 99 76 40 75 62 14 89 23 80 18 2 72 39 1 13 9 95 3 
37 41 17 84 28 58 94 9 12 88 55 46 38 36 15 73 82 21 48 10 
100 45 2 97 89 58 3 53 28 88 71 68 22 57 31 23 77 37 33 50 96 81 
24 48 94 30 11 46 90 38 87 62 74 56 15 31 7 16 98 73 69 47 64 51 65 33 
76 43 75 64 98 39 94 25 78 81 10 9 82 73 31 51 8 58 55 28 71 1 11 17 59 68 29 49 
44 57 82 48 5 21 18 31 58 66 38 99 80 20 61 40 91 47 39 100 28 69 17 62 83 15 42 81 
78 3 60 61 44 54 18 46 100 19 17 27 53 58 68 23 97 59 26 79 89 84 88 24 98 36 40 49 
52 32 62 42 25 67 100 68 33 77 13 82 66 38 96 3 24 2 44 95 86 46 80 15 53 7 56 57 72 5 14 87 23 84 50 
57 55 78 17 13 35 83 66 2 20 33 7 12 34 47 65 77 58 45 98 3 
48 55 29 92 78 64 95 38 88 100 87 37 61 56 63 25 43 51 62 65 72 74 57 
22 64 14 81 13 78 6 31 24 89 94 45 1 44 15 11 50 66 84 55 19 69 62 8 
20 88 63 79 85 99 10 60 22 61 58 81 67 28 1 31 83 69 48 29 66 30 41 92 
9 40 99 82 77 7 47 27 29 75 43 25 18 89 69 38 67 64 22 87 48 4 76 62 16 80 34 41 72 
91 34 94 47 22 75 63 80 39 73 16 70 97 69 66 98 64 26 7 58 30 37 57 14 61 
99 28 71 3 9 58 49 87 14 36 65 62 82 22 83 42 94 50 41 32 1 45 86 29 51 31 
85 94 63 31 22 78 82 36 57 33 4 9 39 50 20 3 75 64 44 59 30 70 48 
89 85 97 78 41 30 50 43 1 16 13 49 46 94 62 79 61 26 76 56 98 66 38 54 70 48 6 34 3 64 82 
46 6 55 17 54 49 43 45 60 71 42 84 18 91 52 2 24 47 36 34 4 10 72 12 13 
56 40 17 39 19 65 45 47 27 1 35 62 86 69 82 99 75 30 11 3 63 76 72 87 79 71 28 20 2 
84 81 66 68 12 7 93 5 71 90 69 83 2 58 4 15 72 52 47 19 28 76 63 23 11 1 100 
52 86 98 38 70 18 17 22 20 54 14 11 57 71 26 87 28 88 5 50 65 46 96 85 33 15 47 77 75 9 2 30 
25 53 89 46 99 30 57 35 83 55 5 41 84 20 48 97 17 28 13 50 27 94 59 71 63 29 32 93 51 21 44 65 
88 15 17 59 74 85 7 97 75 50 62 56 41 13 54 22 32 70 81 6 2 30 52 99 79 60 40 
39 40 88 53 2 57 30 51 56 74 80 10 79 45 85 11 13 31 24 3 4 100 89 50 44 54 16 35 81 
38 25 44 10 94 91 23 5 80 87 84 50 62 75 70 49 73 55 72 1 71 61 59 13 21 
46 51 74 16 4 36 19 24 93 33 78 11 100 98 20 15 2 69 73 52 79 28 89 49 76 57 60 54 48 
6 69 8 95 86 70 93 2 17 79 5 48 73 52 38 71 53 91 
48 47 88 99 7 14 45 80 23 60 34 25 100 72 30 43 20 
66 60 96 91 44 81 13 46 67 34 38 4 83 54 93 94 97 52 5 28 59 12 37 53 35 31 51 
40 56 57 25 27 23 75 77 37 9 67 61 65 96 63 54 18 
58 23 12 61 29 31 65 93 32 59 6 86 10 14 3 73 92 45 33 89 43 55 60 62 95 80 67 
37 11 77 41 7 58 40 24 65 68 96 50 48 10 59 87 23 53 14 60 80 
54 98 45 71 79 42 65 44 4 18 37 93 66 78 3 23 67 17 
50 7 3 91 66 27 39 14 35 25 11 88 97 64 100 63 44 30 
45 70 65 90 99 31 78 88 27 11 54 30 21 61 81 3 76 82 29 41 40 63 53 16 98 4 14 5 59 12 15 56 
45 53 77 24 37 57 23 83 75 38 36 12 60 9 32 7 66 21 95 100 59 8 80 88 41 
96 94 17 92 28 11 14 23 43 18 49 48 35 70 5 2 32 97 72 99 34 61 76 79 3 53 
96 33 25 45 50 28 51 66 57 1 22 4 75 73 23 80 49 47 3 56 8 93 
6 37 9 67 47 2 35 12 5 99 8 34 94 92 63 77 84 59 19 24 64 91 26 57 93 52 66 73 13 
28 31 78 21 65 64 29 16 76 11 99 72 68 46 71 13 32 93 41 53 1 48 5 22 54 
10 89 92 60 87 25 43 95 4 26 34 51 27 63 46 84 64 75 91 69 9 98 36 83 52 31 45 15 
55 84 53 46 42 56 48 36 100 9 22 35 45 59 95 14 94 57 41 75 27 16 
69 36 76 62 55 81 89 17 22 60 87 52 49 1 26 21 23 95 6 46 2 
32 27 16 65 81 95 62 85 58 47 48 7 20 79 60 42 51 41 91 39 9 18 82 
18 31 16 61 52 34 56 89 35 12 64 99 63 84 91 90 57 30 
1 67 55 6 14 16 34 2 97 9 27 96 90 28 100 48 5 61 35 59 71 10 93 
72 83 48 61 40 81 44 18 14 6 1 26 4 53 50 29 65 33 10 31 59 20 89 55 
6 47 18 2 75 39 24 7 68 22 43 35 52 61 74 25 50 98 91 97 63 42 64 76 12 
51 57 47 43 3 66 53 87 20 41 64 81 28 100 31 71 34 62 83 23 14 85 5 19 32 
5 97 75 17 40 35 34 44 6 95 85 3 86 13 60 12 23 2 
85 88 92 31 4 6 46 84 23 79 81 99 54 58 65 7 74 67 69 28 25 20 39 
1 97 3 71 81 16 36 31 79 52 9 91 100 21 50 77 6 95 
12 35 60 86 100 21 1 20 19 80 66 71 79 15 69 33 73 99 97 78 62 67 29 
69 54 57 77 6 56 34 5 44 79 27 42 82 65 41 24 55 45 26 29 62 51 
8 29 7 67 48 35 18 11 37 40 90 83 23 41 82 76 81 25 50 71 3 39 98 92 84 
36 10 40 39 43 78 86 5 28 70 48 69 25 4 72 100 1 3 24 77 61 
88 63 35 43 54 90 74 7 77 69 20 62 92 17 86 5 93 39 13 57 40 28 15 47 
81 75 13 44 4 47 61 45 21 11 39 3 95 54 49 66 12 57 73 88 
53 68 52 33 59 91 85 19 29 26 2 93 40 79 10 75 62 16 80 55 41 63 46 77 
2 38 86 24 68 43 74 14 19 60 89 17 7 48 29 13 34 76 93 28 33 96 64 92 4 50 66 46 47 21 82 