100
75 85 17 94 45 62 23 9 47 31 73 95 69 49 87 74 58 41 64 98 89 34 2 30 13 21 11 14 57 79 100 78 22 59 91 44 16 71 12 19 90 24 76 92 56 27 42 10 38 33 15 53 97 
22 72 38 1 24 84 95 46 74 6 70 39 52 83 10 4 48 37 89 57 69 36 56 33 28 67 99 92 90 25 21 16 59 80 75 14 19 47 88 23 12 44 68 30 17 29 26 58 31 82 20 78 60 66 34 
8 75 48 62 100 86 32 91 24 65 64 13 93 67 5 61 41 7 6 83 78 28 16 40 66 35 31 77 82 36 81 34 49 74 30 63 89 76 21 27 87 44 90 12 18 92 88 20 97 29 50 96 23 26 68 
20 37 12 15 22 52 75 40 28 44 67 65 30 78 41 54 34 5 25 76 85 83 84 24 51 80 70 64 88 66 46 58 61 79 47 98 86 8 2 10 100 49 59 17 96 11 19 77 29 62 21 
76 61 95 22 88 74 9 41 67 16 46 63 36 13 66 48 68 87 12 23 53 58 91 49 51 64 32 65 80 7 28 72 26 34 56 4 62 40 17 78 3 
39 95 90 35 20 62 59 47 23 66 30 84 11 100 74 53 76 97 87 44 9 17 15 45 13 82 78 51 89 22 2 88 28 34 99 16 73 55 40 57 56 75 32 67 42 8 10 54 71 3 25 63 33 49 46 80 18 
75 85 82 62 3 11 23 88 44 60 43 53 5 35 95 42 46 27 87 20 32 89 40 65 90 79 68 13 25 15 29 59 38 69 16 37 70 18 74 51 26 64 81 30 22 14 94 10 72 36 93 
62 25 26 78 53 49 68 75 100 94 98 3 96 14 22 50 28 4 58 41 33 83 57 59 31 17 16 54 15 74 20 76 64 63 52 67 51 73 30 69 44 34 45 10 6 29 21 88 38 71 48 
42 22 23 82 5 78 84 92 73 6 12 71 18 27 68 80 65 38 100 77 37 16 30 85 96 24 17 25 54 83 75 95 40 11 97 62 45 33 63 1 90 69 20 57 
55 45 1 75 4 48 70 2 32 15 8 89 63 14 23 11 7 99 94 26 59 43 6 21 49 30 68 35 82 65 29 18 71 72 93 42 41 83 34 36 77 40 81 74 53 95 61 88 46 57 
95 4 40 96 64 50 100 78 59 90 80 69 28 89 54 87 1 45 21 30 39 85 58 6 73 16 97 19 62 56 26 46 71 44 81 82 31 7 74 24 43 49 22 68 9 52 42 79 72 29 10 65 57 83 36 
57 63 80 81 40 37 23 22 59 25 47 97 2 14 53 16 17 74 85 73 26 13 76 71 3 32 4 84 52 46 56 62 98 21 27 1 45 77 82 5 9 65 
27 52 29 97 67 54 93 87 71 22 26 44 98 61 7 1 83 35 5 12 65 15 100 45 37 6 36 3 89 25 70 99 34 94 60 76 41 18 77 79 17 50 91 39 72 
8 2 61 96 35 57 94 1 7 30 68 18 23 28 90 67 52 31 38 22 59 60 82 79 43 65 32 20 10 37 54 12 69 46 71 16 62 26 25 64 27 76 63 36 53 
18 8 94 52 16 6 22 62 85 61 30 50 25 69 35 27 4 1 28 72 56 74 95 65 55 33 13 60 57 36 20 73 40 64 42 93 7 44 46 10 29 19 45 83 21 99 17 90 92 87 66 
96 49 71 28 72 12 1 9 56 36 46 54 45 83 44 50 34 25 3 5 62 15 87 22 29 19 78 52 11 43 92 76 67 65 98 60 31 90 57 20 2 7 6 51 82 94 88 24 8 14 81 95 41 
15 60 5 4 47 74 84 22 93 51 57 97 69 55 82 63 53 50 2 91 43 31 13 71 66 1 95 98 24 48 78 42 45 46 73 37 59 9 19 18 89 75 6 94 99 12 100 30 35 54 28 27 92 8 90 96 
31 78 17 84 59 91 10 57 65 75 95 60 38 22 27 14 9 25 64 55 87 88 98 3 50 42 97 93 99 33 6 23 34 48 77 15 72 13 21 7 24 61 44 80 32 40 62 71 26 76 39 
11 66 26 89 36 85 17 59 1 67 33 37 40 31 39 4 53 21 55 50 96 43 22 97 95 71 38 79 41 68 58 15 27 99 24 49 70 29 16 86 74 80 61 52 64 2 76 
93 46 81 65 58 8 55 70 28 77 47 95 82 72 29 57 16 44 25 80 9 69 4 67 35 21 83 2 91 3 32 98 64 76 88 39 96 50 6 84 100 40 90 45 30 7 15 54 62 24 34 49 14 
30 20 72 34 19 89 58 86 100 33 44 63 25 37 90 70 1 71 98 84 68 42 64 96 4 77 39 10 35 81 15 26 88 18 73 46 8 57 28 12 87 82 3 92 38 95 52 40 45 27 75 56 2 11 31 53 55 
13 15 52 46 70 35 8 90 17 2 24 29 99 39 74 47 27 57 26 6 55 78 11 83 5 84 51 61 63 45 7 40 4 82 38 72 95 12 19 18 60 50 87 31 91 71 1 9 89 34 14 76 49 16 
100 59 60 85 12 83 36 27 1 35 41 18 29 91 38 79 5 10 75 81 72 68 98 55 14 99 3 9 97 33 7 93 6 58 73 62 2 45 67 87 89 47 90 61 
62 20 79 45 32 17 44 89 60 80 39 93 4 43 9 74 11 40 94 53 88 91 75 65 25 68 19 51 48 3 81 30 71 95 1 84 100 18 42 38 72 22 55 70 16 69 2 
99 91 48 35 40 39 14 41 21 92 52 70 16 29 90 4 26 53 9 13 37 7 100 32 58 49 8 83 51 33 57 18 15 6 12 85 65 67 56 60 96 47 59 2 75 20 66 27 61 50 45 24 74 62 38 34 
30 90 75 93 64 18 83 53 45 82 42 14 72 97 63 51 88 28 49 10 48 78 58 38 5 85 100 80 25 73 95 57 12 89 7 3 86 2 41 19 32 11 39 44 13 36 40 22 79 33 92 21 56 34 71 47 8 
64 25 18 51 57 9 74 28 1 36 91 17 47 34 15 35 85 99 39 46 55 38 95 19 43 93 3 32 21 72 41 86 13 23 22 7 73 58 42 70 37 96 56 14 69 12 53 
80 77 84 14 17 83 26 16 3 15 36 21 85 71 6 54 90 11 5 27 37 61 65 91 62 99 46 60 86 50 69 2 31 79 59 45 4 20 66 8 95 87 100 88 98 
25 37 87 3 70 7 19 96 54 8 13 4 23 80 86 95 62 74 10 41 35 83 16 20 52 15 57 73 94 64 22 68 93 69 98 40 38 61 45 30 36 2 81 82 99 11 32 75 71 39 
20 7 2 98 43 61 3 10 51 29 85 46 90 82 52 54 77 45 57 84 67 99 60 91 89 37 38 4 70 50 41 17 97 95 15 59 72 58 8 31 9 83 78 36 1 80 75 71 6 21 14 24 11 93 26 
30 36 79 28 52 21 80 50 61 14 34 99 49 11 81 1 63 73 19 60 38 72 84 85 86 51 44 65 3 2 95 47 17 77 22 43 46 71 8 88 16 57 76 64 78 37 18 48 87 98 66 
12 64 73 5 25 29 82 83 70 63 92 14 97 47 20 68 24 56 50 6 90 51 45 93 27 85 3 81 88 10 7 91 40 49 74 69 18 37 84 61 71 26 48 58 38 65 44 100 80 62 89 55 
26 46 83 25 37 49 76 51 9 15 50 43 66 100 23 18 1 98 90 34 47 8 93 6 77 63 36 21 72 78 84 95 19 85 45 54 92 58 2 75 69 
26 40 6 95 84 20 100 77 2 3 16 18 36 57 10 37 94 60 1 88 48 59 27 4 41 47 83 51 93 21 33 8 80 70 46 78 13 42 25 52 43 49 5 82 66 44 55 71 90 22 79 38 65 68 31 63 
63 52 27 93 21 98 15 41 57 85 53 10 29 68 3 22 74 56 7 70 69 49 91 87 6 47 13 62 23 66 14 100 43 94 89 42 76 54 17 20 80 60 92 83 25 51 
41 48 51 55 2 15 5 59 96 19 7 31 30 84 33 10 29 66 26 64 38 50 40 94 99 53 78 47 14 11 16 46 27 91 95 86 34 23 92 72 28 58 63 13 3 76 65 42 89 62 
72 67 62 100 31 39 7 68 99 43 80 34 53 84 65 77 71 61 57 90 21 13 33 25 64 19 50 54 17 27 14 29 12 9 85 63 95 32 30 87 73 4 28 51 48 2 69 
21 48 45 98 55 67 27 89 25 32 51 26 43 63 19 14 7 23 30 24 39 46 2 18 82 29 66 86 96 77 36 22 95 64 78 87 34 8 1 88 31 99 90 58 72 9 
69 2 44 76 67 6 52 37 95 25 22 73 19 66 20 65 48 63 29 11 78 90 89 26 57 93 59 71 94 38 18 46 27 74 75 64 24 82 85 50 51 70 98 13 61 41 21 100 49 
89 64 36 6 5 87 72 3 12 95 77 81 32 85 15 86 24 34 82 18 52 42 92 9 88 25 69 68 63 54 62 22 19 91 51 70 73 45 56 26 20 10 11 46 53 21 50 80 29 7 4 94 79 
85 75 30 83 91 92 29 74 36 1 39 27 86 34 77 16 23 25 4 54 80 56 78 10 100 65 97 35 93 79 53 43 8 60 3 51 69 26 5 68 84 13 46 47 96 19 66 87 
53 10 71 82 17 11 21 84 6 58 73 88 15 26 95 34 47 59 80 91 85 54 1 75 86 56 48 55 60 40 9 69 7 24 93 51 18 27 98 36 76 100 96 46 81 35 
80 90 65 68 53 76 86 52 17 14 35 88 30 11 41 24 67 46 10 31 85 16 7 99 77 47 34 38 79 33 91 73 66 45 94 100 27 19 51 82 37 81 56 93 
8 2 90 3 93 73 21 24 82 87 26 39 69 47 99 1 67 98 34 20 11 53 78 48 15 13 60 7 55 100 94 18 63 32 57 79 46 4 16 31 71 6 
76 21 98 90 70 29 75 16 15 26 93 30 32 12 20 23 64 38 71 28 52 43 86 33 13 6 80 62 85 99 97 24 17 11 53 40 92 82 59 58 9 67 91 25 1 8 10 22 
4 47 36 69 22 98 72 70 44 95 62 81 15 31 30 53 17 20 76 2 39 54 16 34 21 93 94 5 85 41 40 14 79 82 100 43 12 67 28 84 11 91 99 56 10 27 42 77 59 90 49 52 38 6 80 63 7 92 48 55 96 33 64 
62 97 1 23 41 32 12 34 66 100 22 78 46 31 61 43 67 82 6 42 27 72 88 26 17 36 74 95 50 63 54 87 57 98 48 64 44 69 20 25 35 52 76 33 85 4 2 79 73 55 
46 60 61 2 17 47 42 74 8 92 51 71 36 26 78 96 18 80 10 50 89 49 34 66 38 81 64 32 39 25 77 99 24 83 5 76 88 57 37 56 52 94 100 31 97 3 44 
65 57 67 31 70 73 3 26 11 19 16 33 94 4 80 10 99 35 22 72 1 71 83 5 85 79 68 20 34 88 50 25 32 54 97 52 8 69 66 46 89 96 39 6 48 
71 53 18 54 37 92 91 77 17 32 3 100 99 16 31 88 73 47 96 81 22 90 28 39 11 61 48 8 94 65 25 40 49 58 52 20 80 15 13 98 36 33 60 19 78 30 64 
26 94 72 60 38 53 96 77 16 32 4 31 27 33 52 63 24 7 40 95 87 48 79 64 34 59 8 57 5 43 58 30 67 91 82 61 41 25 39 35 85 37 80 22 42 36 6 17 
46 25 63 29 11 89 47 55 77 31 48 43 8 50 30 87 86 49 81 59 12 21 91 99 2 66 51 19 54 88 34 35 61 53 4 69 15 85 76 40 16 78 75 13 14 22 45 95 71 57 80 39 
76 19 51 36 42 92 82 95 27 37 96 25 88 43 26 21 98 78 1 70 65 66 41 58 57 52 50 17 7 40 75 14 5 87 62 56 79 46 86 97 44 24 100 10 73 84 6 85 8 12 55 93 45 35 80 
46 30 49 42 76 6 37 9 98 11 79 56 59 13 28 92 78 20 4 35 94 81 55 52 8 14 41 16 67 99 33 63 100 77 57 85 75 83 40 50 82 71 29 47 17 
100 84 53 63 23 20 64 61 46 88 18 36 38 44 78 52 74 69 24 79 34 89 87 42 99 54 21 6 73 66 10 65 58 90 47 19 15 97 75 27 85 71 17 22 32 67 
40 32 92 53 11 43 48 58 54 16 25 6 77 27 42 98 88 86 70 81 46 1 41 2 63 90 12 68 35 21 73 74 15 5 26 84 72 60 66 
98 90 54 27 22 100 53 12 48 89 70 83 14 94 8 16 47 71 29 9 26 11 1 49 20 39 67 15 74 30 31 87 21 34 62 35 78 77 66 17 37 51 65 58 6 2 81 52 18 63 25 64 96 10 44 
45 21 19 92 11 68 56 100 38 33 53 62 55 98 23 5 27 72 95 93 67 20 74 51 57 2 86 97 26 79 32 63 81 4 83 91 1 70 25 36 89 66 30 42 8 75 84 73 50 
25 76 23 2 42 14 19 17 83 6 88 1 30 67 45 62 12 90 84 98 73 61 51 79 8 36 89 39 7 54 74 92 87 18 11 85 52 46 4 28 10 34 
50 64 71 48 17 81 23 2 76 85 30 69 42 90 34 86 15 89 99 94 16 97 56 28 24 22 7 74 14 73 93 31 18 88 96 75 35 92 44 41 66 25 63 68 13 61 51 100 95 82 
15 51 30 93 39 87 25 4 78 50 5 76 48 18 97 47 37 100 81 84 32 23 52 80 90 10 67 71 3 19 96 82 55 22 85 13 59 14 60 29 68 95 31 28 
1 80 67 96 86 78 92 37 85 29 87 98 47 46 75 63 9 12 15 73 32 57 16 45 20 3 8 59 5 11 74 7 69 28 18 25 14 23 88 58 35 71 53 6 76 24 40 90 77 65 4 93 36 
70 73 35 38 60 14 58 68 37 86 5 21 17 71 62 88 79 65 6 44 3 55 22 94 100 52 46 85 57 56 34 51 97 9 87 91 12 26 40 64 54 82 67 32 33 39 31 98 36 8 89 10 47 
63 72 36 77 100 21 67 60 66 39 51 45 65 80 83 98 96 3 11 48 74 57 37 27 46 15 4 5 82 29 40 73 26 32 93 55 38 81 68 31 8 91 14 50 99 19 18 20 1 7 89 47 
50 24 97 92 3 37 53 62 31 49 100 41 13 39 28 32 7 4 14 83 36 25 10 34 67 20 9 18 57 80 77 12 11 5 63 64 96 55 84 94 98 43 95 73 16 15 74 
90 48 43 64 96 82 91 31 52 36 6 98 25 81 38 99 3 41 17 5 71 35 60 49 39 87 74 33 78 15 76 47 93 34 57 67 89 80 55 19 53 58 28 4 92 56 2 94 95 
49 57 55 84 46 3 63 44 51 45 65 93 68 25 99 85 30 61 87 92 96 4 39 47 74 89 64 23 58 13 43 38 80 54 37 5 6 14 20 94 59 88 79 69 2 62 82 70 66 19 8 16 83 
81 11 61 90 34 97 63 88 32 2 24 76 40 69 35 9 3 84 94 23 64 58 92 19 43 8 98 60 49 67 7 56 10 37 89 21 41 75 29 5 79 80 14 
1 40 75 15 47 17 42 100 24 78 14 55 74 2 32 76 46 80 8 67 27 7 20 44 86 85 62 9 28 39 41 49 89 29 79 60 33 94 11 35 83 77 68 37 95 93 96 52 
56 89 7 72 76 57 77 35 58 67 88 39 10 24 63 4 21 30 22 29 90 73 97 53 87 92 100 25 49 94 71 20 34 27 45 96 32 46 19 99 40 75 79 2 82 13 95 
55 28 10 24 60 44 29 70 1 6 18 11 78 94 32 48 61 42 79 17 13 12 54 50 14 31 30 19 8 45 37 77 16 21 52 83 9 90 57 34 39 49 87 63 62 82 22 66 95 80 98 26 
78 5 83 13 64 23 94 10 74 31 36 21 27 11 16 56 82 79 26 47 70 87 33 38 91 20 90 86 30 2 49 96 22 97 88 37 7 40 85 51 58 100 46 80 24 89 15 18 
39 53 27 26 21 47 37 62 97 95 79 74 58 99 15 98 11 31 12 85 40 44 23 42 93 9 29 56 70 55 49 80 8 64 75 6 50 17 87 32 94 88 65 60 76 59 1 100 63 43 77 
35 59 96 99 11 73 55 80 85 1 2 67 75 100 24 57 29 62 17 10 89 39 66 6 69 22 25 48 58 72 56 60 12 82 7 64 41 32 91 5 8 19 65 97 15 27 3 47 
81 90 92 45 60 7 62 94 52 69 83 68 55 70 4 17 1 73 25 58 74 79 6 8 29 42 21 53 99 95 2 9 23 91 10 30 89 18 41 86 24 39 54 26 3 33 
4 48 59 45 16 73 53 47 35 99 82 60 94 3 13 69 96 19 5 85 95 43 70 12 8 42 89 18 66 39 93 68 92 61 1 14 31 46 22 97 33 6 100 98 79 36 62 78 54 20 52 
80 81 57 99 62 18 83 41 73 9 54 94 50 65 21 12 13 40 4 33 20 34 64 31 85 71 51 69 30 78 97 56 48 37 28 46 3 79 52 70 10 43 89 38 
94 95 91 62 31 1 38 47 30 34 66 8 39 86 55 98 57 4 17 11 87 22 5 26 44 50 36 53 61 33 3 80 48 81 16 79 41 85 69 52 77 76 6 54 99 72 9 93 18 2 71 
85 63 78 75 77 13 31 94 24 80 91 55 59 34 82 70 26 54 81 47 68 43 51 7 46 44 19 11 41 1 49 40 14 95 73 28 93 4 23 89 71 69 98 58 99 76 53 67 72 
32 35 11 61 29 2 52 26 5 94 4 74 72 41 68 73 66 40 49 65 45 96 18 50 64 24 91 62 77 98 67 51 28 79 6 37 19 53 89 34 12 20 88 9 69 42 48 31 43 46 78 71 85 30 
77 85 75 68 46 57 50 42 64 78 61 98 86 88 29 12 56 7 90 20 54 60 82 3 11 52 16 31 21 48 95 23 43 66 58 79 91 99 24 40 93 32 10 
40 71 34 72 74 90 43 14 85 9 30 44 26 79 81 16 99 76 2 88 32 93 64 70 66 22 6 60 11 51 38 17 54 61 7 12 42 39 29 21 3 45 53 47 46 20 10 96 63 67 
22 94 67 69 4 41 96 85 29 58 16 23 11 32 54 30 20 89 10 28 84 72 64 35 26 65 93 48 71 98 33 59 95 34 15 75 9 2 3 57 8 49 77 13 25 
98 58 17 97 88 83 41 33 53 20 56 46 18 91 36 61 24 12 28 55 95 67 2 96 34 4 65 59 21 89 31 68 32 37 42 86 6 90 9 30 22 
80 26 46 59 61 25 96 39 91 82 42 45 47 37 11 55 1 32 63 43 76 41 73 7 35 23 83 53 27 74 90 78 79 69 77 88 86 4 19 49 33 94 89 52 72 95 81 40 15 9 54 62 28 31 67 30 98 51 60 87 12 
42 53 94 21 62 75 69 43 63 4 40 28 26 96 58 56 52 38 99 60 29 3 27 84 45 36 93 41 87 19 81 78 100 85 72 31 
63 22 13 55 53 59 99 23 86 15 88 47 52 70 6 18 95 61 37 21 67 3 31 78 89 44 72 85 1 57 71 66 29 40 7 11 98 16 35 96 28 92 5 51 38 90 41 62 73 97 
56 80 91 82 63 3 28 20 94 53 52 4 10 21 16 40 2 89 87 26 81 47 38 97 73 8 50 18 6 60 59 48 68 100 72 98 43 67 7 42 85 70 55 34 62 5 32 24 49 84 31 
32 39 87 3 17 36 72 19 77 93 57 76 79 59 60 90 100 26 66 69 7 74 40 2 30 80 24 88 75 6 67 70 64 22 55 10 95 58 94 63 1 68 96 21 49 38 83 84 35 52 11 13 48 85 23 
20 30 100 25 50 14 81 82 15 57 38 55 85 68 21 6 1 99 59 16 43 32 28 22 89 9 97 61 91 17 26 66 98 70 94 3 44 56 11 23 72 46 33 7 62 39 75 87 71 84 2 34 92 45 96 37 60 
23 80 42 17 3 90 50 74 97 84 32 46 85 18 41 75 40 27 88 43 30 95 52 99 22 25 81 51 28 58 1 36 24 45 72 66 79 5 64 78 13 35 20 63 92 
32 17 46 58 87 100 59 45 66 97 25 21 1 91 62 75 70 56 90 67 35 50 53 65 33 40 68 36 48 60 96 9 2 41 3 16 15 98 26 76 93 54 
53 15 44 26 34 64 58 99 89 83 41 76 69 92 66 78 67 35 3 43 79 97 42 30 13 82 39 81 60 33 45 24 18 46 7 27 29 86 10 61 94 62 95 17 20 73 32 23 
36 71 15 35 86 29 46 13 99 57 78 75 24 51 72 76 1 48 60 73 34 14 54 90 65 17 49 63 7 68 43 8 77 100 70 80 67 83 40 79 93 66 85 44 16 10 69 88 89 39 50 
24 89 2 52 71 18 26 7 87 60 51 1 93 81 27 21 58 73 40 98 39 30 42 10 69 99 9 17 19 66 11 78 65 100 53 83 31 29 22 33 76 15 79 75 34 61 91 28 46 6 70 36 84 16 85 5 38 20 37 47 
38 99 46 84 61 20 11 87 82 27 92 21 69 97 29 80 98 57 66 90 41 8 19 48 36 74 72 89 65 64 76 9 42 50 83 62 14 51 53 86 67 49 100 60 3 85 4 70 25 16 17 
12 72 53 9 63 18 17 3 84 76 55 23 91 45 88 93 6 65 87 68 41 60 1 47 77 49 19 26 73 11 61 32 58 92 74 90 70 96 13 48 30 
4 59 95 84 63 66 87 30 44 81 80 38 47 100 88 13 18 96 85 29 16 83 20 8 58 42 78 53 68 56 46 23 71 33 21 73 65 76 62 50 39 31 28 1 57 35 90 12 45 54 79 92 64 17 
77 28 50 74 36 64 52 44 73 91 30 87 37 17 66 13 55 82 45 70 2 49 6 29 54 48 10 93 25 38 67 19 60 79 78 15 18 96 22 95 75 94 90 23 31 76 86 27 43 81 46 
57 47 64 21 32 53 8 23 17 37 86 92 58 88 33 65 4 39 70 25 61 11 94 28 72 3 73 76 6 20 48 74 63 13 41 42 35 90 54 46 24 43 9 34 69 60 44 1 26 89 55 96 98 95 50 