100
68 27 42 84 57 85 12 71 19 72 37 15 66 99 96 22 80 94 30 8 7 18 17 83 26 29 92 40 70 89 82 73 41 
91 80 63 14 97 53 40 44 56 81 32 67 47 13 10 38 66 61 100 65 37 51 26 
86 41 13 74 87 63 96 52 7 66 81 18 11 58 97 45 71 22 98 84 36 67 16 26 21 9 34 88 79 54 
100 26 81 45 19 77 96 15 35 8 38 44 91 98 54 86 10 73 69 11 63 70 72 53 18 55 12 88 61 28 
94 11 83 67 20 43 100 86 57 25 96 69 32 29 66 50 41 88 81 53 79 6 55 76 
94 52 12 37 68 39 96 24 31 73 5 70 60 26 86 80 61 21 8 27 92 
53 69 62 56 79 1 92 57 34 99 9 86 3 11 66 83 8 24 17 80 
78 67 97 41 20 81 52 33 17 62 94 14 50 74 4 98 70 51 93 23 16 63 84 49 7 6 88 68 21 36 1 
70 31 96 66 59 71 7 20 47 3 56 48 24 50 51 84 86 27 34 21 69 88 55 45 
53 50 83 51 92 29 95 15 73 33 34 16 25 28 63 22 96 56 77 80 21 2 60 64 4 58 93 68 
23 98 53 85 87 3 81 45 54 49 95 13 4 7 71 96 61 89 62 5 
97 51 20 1 80 84 92 29 59 67 52 4 19 75 23 79 100 37 31 65 39 89 18 13 42 49 6 
91 60 51 47 12 55 40 54 45 72 3 95 41 57 11 26 50 98 80 17 59 2 77 
36 22 2 20 24 81 27 65 78 52 34 97 66 56 8 71 74 39 60 63 
93 4 58 35 29 84 22 60 94 53 10 63 98 1 67 99 64 59 33 61 97 39 
45 81 26 3 47 85 70 31 76 8 49 22 27 86 74 10 84 54 75 
39 66 42 51 87 7 23 73 77 76 75 50 54 13 30 78 28 43 1 91 35 8 25 67 81 53 
3 34 39 87 40 70 57 28 75 74 65 45 35 85 68 19 79 42 53 86 1 59 83 4 12 52 84 72 
26 12 54 60 62 98 61 18 74 66 4 45 1 78 59 50 39 65 25 
69 91 63 85 46 90 75 52 31 92 100 60 37 89 93 12 14 9 5 67 8 56 33 38 88 99 80 77 
82 64 24 10 69 94 51 6 9 57 88 59 67 3 22 26 8 90 71 93 87 
33 3 81 65 1 31 79 54 21 94 60 15 93 52 16 99 28 42 55 80 61 10 14 66 90 51 43 29 64 63 
48 84 45 61 74 24 87 11 25 77 57 12 33 17 8 63 89 42 26 86 99 66 97 78 67 
21 23 72 78 71 51 14 6 28 9 55 64 95 58 25 67 86 34 60 52 31 79 7 80 
23 82 17 62 34 80 65 71 5 75 70 53 27 99 50 42 28 87 97 24 94 19 10 33 
6 83 90 33 28 71 3 67 68 13 94 23 16 98 45 70 4 81 96 100 19 1 89 31 80 93 2 21 
65 25 90 9 100 43 34 73 42 66 85 6 87 97 80 1 72 14 63 48 79 35 16 51 37 
22 4 10 40 78 49 74 89 26 18 31 17 24 66 75 32 25 
12 69 1 60 10 82 97 99 58 56 53 35 41 78 15 22 66 61 96 73 5 
70 68 83 89 1 82 75 87 49 47 80 17 50 66 36 61 40 55 
72 90 45 26 36 9 63 6 81 35 50 16 22 96 46 66 68 73 24 28 93 20 55 12 
37 74 94 28 2 47 46 85 60 5 58 72 83 39 55 48 64 40 
80 97 8 57 86 25 37 10 71 93 20 44 26 49 100 87 68 23 88 56 22 59 98 15 
98 93 95 27 18 38 49 58 89 14 59 43 7 61 83 62 53 55 72 99 65 3 79 10 64 24 47 25 92 9 
92 97 29 18 31 17 57 39 4 27 47 38 62 69 15 67 96 
14 58 46 72 8 30 55 37 93 62 43 45 40 99 31 44 85 76 97 86 88 3 64 68 
60 47 90 36 79 32 84 55 20 27 1 43 6 2 86 82 70 33 12 
79 34 74 4 20 40 61 62 67 35 60 45 68 46 2 41 
44 80 54 15 82 19 35 88 12 55 18 60 94 42 32 74 76 50 14 91 72 45 17 70 73 6 92 
28 85 60 36 41 79 86 2 72 18 32 54 30 88 44 1 38 65 66 13 75 48 
69 100 49 43 50 8 40 3 13 1 70 29 5 42 38 98 
17 47 23 22 25 84 18 45 100 1 55 27 87 39 79 58 56 81 50 41 44 60 12 96 94 
36 41 90 34 70 49 87 51 17 47 94 97 73 63 96 37 88 27 76 5 22 
4 54 69 40 84 87 39 33 42 57 96 60 55 2 78 68 36 67 86 81 77 53 
83 58 72 57 60 11 23 39 4 16 89 87 47 71 31 3 68 19 42 13 18 26 63 9 49 84 38 36 
90 31 20 97 75 87 77 59 54 32 38 92 36 53 95 48 
16 42 30 80 13 58 2 45 75 57 85 37 83 34 52 43 32 90 84 35 89 79 9 
63 91 23 73 100 85 78 53 70 62 46 56 32 52 83 97 9 98 27 40 80 
8 30 90 33 63 34 16 71 68 62 11 72 69 41 67 12 78 54 45 43 99 66 61 28 
39 93 66 8 9 63 70 88 75 59 77 30 96 17 42 25 41 69 55 68 19 13 31 54 99 94 5 10 
9 73 21 13 59 100 82 27 56 63 70 2 10 22 24 12 43 81 17 8 
14 87 75 6 93 22 61 8 100 3 60 74 47 18 55 20 48 24 12 
10 96 68 65 71 58 34 64 29 93 18 15 44 46 7 5 25 4 54 2 98 17 48 56 11 
68 19 59 4 82 50 11 16 84 17 39 98 40 3 63 96 72 62 22 89 58 44 49 64 53 85 81 46 55 13 100 
24 98 64 42 39 56 93 5 87 37 22 4 59 92 36 30 91 88 50 90 31 44 34 100 13 9 32 70 80 54 52 
14 29 2 65 20 58 33 51 9 94 42 96 53 84 70 10 83 75 68 7 55 48 
1 82 74 33 44 71 45 7 13 73 47 80 35 23 5 77 63 18 83 87 21 
24 54 3 56 64 15 94 36 84 91 45 81 53 34 10 29 32 47 76 42 63 95 
46 34 51 33 64 89 82 68 83 50 72 19 12 76 92 18 55 85 9 94 21 15 13 54 
13 76 10 44 71 93 45 42 68 32 40 19 37 97 62 22 6 73 63 20 24 14 15 89 29 39 52 38 69 
2 22 73 29 74 52 11 84 83 98 49 6 23 77 4 19 99 72 30 38 15 34 
49 99 35 38 73 19 75 83 70 34 36 25 94 54 87 48 7 11 8 60 97 
4 69 15 49 10 83 81 23 50 43 68 31 58 27 71 57 75 91 94 8 96 60 92 48 51 70 82 14 3 2 20 54 45 22 
10 15 81 79 59 83 24 36 22 90 34 53 84 75 80 58 32 67 21 87 93 69 54 71 55 
22 87 19 2 89 72 12 18 14 74 78 80 53 56 71 27 34 25 93 40 77 98 83 
83 9 27 97 28 2 49 23 1 40 50 85 17 22 31 19 73 14 77 92 84 96 100 5 79 29 7 86 3 30 67 
12 3 92 38 68 64 35 17 24 97 93 5 73 26 2 44 23 8 72 69 74 15 66 49 21 20 
100 79 56 63 67 78 18 6 83 54 30 10 93 26 49 82 53 50 1 31 8 90 36 59 33 38 92 60 45 88 75 44 87 85 
64 21 29 20 9 50 97 83 4 60 87 41 71 67 7 49 35 5 76 79 63 44 
9 94 56 43 18 41 48 25 50 62 63 4 39 92 30 16 78 51 84 80 93 26 1 55 6 37 8 
24 1 11 33 3 21 45 57 97 49 60 64 14 26 25 63 53 65 69 80 9 
36 91 31 1 61 97 27 59 54 65 24 32 4 18 92 13 94 40 67 80 49 34 39 45 99 96 76 
4 6 31 94 61 75 78 92 17 48 67 39 83 51 76 27 57 87 66 29 60 62 90 1 88 43 10 
96 8 57 19 38 52 16 23 39 32 65 93 61 85 28 14 3 67 18 76 
64 89 30 20 40 28 93 52 73 25 68 62 47 50 46 88 63 56 16 18 12 84 17 
94 17 74 86 73 92 16 39 59 60 43 91 83 36 72 87 93 58 5 96 69 
13 90 91 23 79 4 57 61 50 20 98 17 10 44 46 65 66 
80 73 68 8 14 44 49 70 29 28 19 81 17 79 65 23 24 48 
78 38 3 69 40 18 5 7 68 27 66 64 87 47 34 22 37 77 24 12 42 82 89 99 
65 13 98 87 7 30 2 91 64 26 1 55 20 82 24 48 22 6 70 33 57 96 78 72 10 25 27 71 39 47 12 
26 63 85 22 11 14 5 44 58 97 16 3 17 93 8 54 31 42 78 2 4 98 51 64 
57 25 63 97 96 80 59 68 21 30 1 51 37 79 29 54 39 
18 45 32 73 10 1 100 62 89 48 94 57 61 76 64 65 59 63 30 47 5 26 34 68 85 95 66 69 56 7 
47 42 8 18 66 86 37 23 87 61 64 1 54 9 3 97 12 56 45 16 44 15 70 75 58 
11 47 92 20 40 27 99 16 59 83 1 93 66 32 74 36 68 18 48 54 81 
18 36 7 40 87 3 16 66 9 24 84 6 44 23 4 76 5 33 37 
86 17 23 65 90 30 27 11 80 94 68 45 3 93 57 92 79 33 73 52 62 44 64 25 46 21 43 42 84 55 76 69 18 
100 55 3 96 9 36 8 39 43 33 4 75 50 5 40 20 68 73 21 
45 1 34 23 12 79 65 54 75 92 11 28 94 30 59 60 83 20 47 26 
77 20 93 22 100 47 21 43 87 64 49 31 98 55 27 73 68 46 37 26 
80 55 4 13 17 72 93 92 39 77 2 63 20 76 58 94 48 96 
7 6 91 66 85 34 72 73 87 46 95 55 1 39 68 12 59 20 76 67 35 10 63 89 70 
91 21 87 53 85 36 55 60 68 74 76 81 34 70 65 67 8 52 90 20 10 26 33 15 50 75 22 64 31 
70 25 62 58 100 26 50 98 89 91 39 6 42 32 56 87 5 73 21 63 72 43 76 8 59 22 15 1 83 
46 11 34 83 13 100 97 58 92 10 24 
66 72 80 63 43 74 6 26 3 54 35 1 9 42 50 29 44 10 82 31 53 88 4 5 91 76 56 11 
8 95 3 72 60 81 48 14 33 84 46 66 35 69 25 67 12 29 27 2 43 23 62 15 36 71 82 
55 100 54 48 53 90 77 34 33 94 3 15 4 19 26 13 41 80 81 61 11 65 8 
85 7 36 25 29 72 62 20 23 49 79 34 15 22 61 1 50 
66 55 51 95 2 48 42 12 98 26 68 94 27 20 90 54 5 41 4 83 88 33 52 