100
25 43 17 30 99 51 20 86 87 34 19 69 57 97 77 73 5 59 98 28 84 42 62 61 67 26 46 95 29 10 49 55 71 63 58 81 6 80 38 24 76 89 50 68 56 3 40 41 
44 9 73 68 70 6 63 40 32 33 49 81 10 85 96 99 55 100 66 50 71 89 15 43 11 80 5 29 86 95 42 23 84 24 30 52 61 62 37 67 45 94 12 56 31 
15 4 82 92 38 16 72 1 98 47 53 26 52 73 66 24 77 80 85 35 49 100 36 51 93 78 96 70 20 28 90 58 30 39 91 13 79 88 48 29 37 97 11 12 75 68 62 57 41 46 54 21 64 14 8 
96 77 6 31 75 93 72 10 62 55 57 83 66 64 68 15 44 53 58 84 29 40 32 61 76 26 3 65 79 47 7 92 87 98 23 63 41 85 89 52 48 88 8 80 27 35 16 49 28 90 54 33 69 5 
75 51 79 78 85 12 35 9 89 13 90 73 48 56 80 24 20 36 4 82 33 37 32 17 92 2 45 30 31 67 50 60 100 41 97 54 44 99 98 93 47 23 71 19 59 86 76 29 49 1 25 57 
30 91 2 80 35 20 51 56 65 74 50 13 11 92 81 26 1 68 82 93 53 16 78 70 76 71 89 29 55 41 31 63 37 4 64 66 57 87 17 25 69 49 67 52 28 58 77 34 8 59 18 98 97 
31 46 27 61 42 23 90 81 21 12 76 64 50 36 9 30 75 84 71 49 4 24 48 37 39 83 88 17 80 22 28 97 26 11 62 33 47 95 89 15 29 86 58 77 78 60 94 51 72 
63 75 79 74 36 73 57 94 45 38 42 86 25 68 61 48 26 81 49 82 64 90 47 60 3 33 83 37 6 55 50 56 28 88 89 71 4 99 70 65 11 27 39 72 95 51 34 35 92 67 59 24 
94 79 32 97 2 14 28 70 23 37 95 64 11 51 60 35 36 56 52 98 85 49 87 84 45 62 74 29 59 15 43 81 33 44 7 65 22 34 5 57 40 80 93 16 76 42 58 75 
18 74 51 60 88 32 63 69 33 80 61 28 76 24 12 79 16 89 54 50 90 15 62 53 94 45 14 30 35 39 64 44 56 86 2 59 47 84 95 66 68 4 78 34 83 1 57 46 38 52 43 55 91 
49 21 27 22 40 98 97 47 80 76 38 7 32 19 16 39 74 60 12 84 50 42 13 48 55 6 15 78 88 73 9 3 51 54 23 86 2 72 79 37 8 92 58 56 66 65 18 53 26 44 
94 37 19 5 28 36 80 85 77 39 3 95 47 91 92 83 22 45 98 55 56 66 48 69 30 67 31 14 27 68 54 11 61 44 49 100 57 60 18 13 62 58 38 43 65 24 2 93 7 10 46 51 97 70 87 
17 86 29 63 77 27 66 65 90 82 40 45 15 25 76 74 50 79 3 39 24 84 75 18 96 83 33 12 62 72 94 49 30 97 6 88 60 23 92 28 5 21 20 26 42 98 11 44 93 
19 58 60 69 71 61 59 34 75 62 74 92 35 10 97 94 3 21 33 16 23 85 45 88 37 9 31 76 25 22 32 93 65 57 56 63 12 95 40 24 83 91 89 
38 22 39 78 76 3 56 80 71 4 9 13 10 83 59 2 42 55 37 57 43 51 87 46 26 74 67 73 75 41 50 54 17 88 7 96 86 52 11 89 62 98 81 44 63 69 40 
6 54 60 3 20 88 59 26 84 62 74 76 82 27 4 67 65 24 34 38 9 53 71 31 14 66 21 29 40 57 64 50 39 99 44 11 10 41 52 77 22 73 70 28 96 91 
78 61 15 13 24 69 65 95 50 67 31 5 42 93 20 64 94 62 48 88 21 1 51 6 26 29 27 84 80 25 60 83 7 81 87 72 30 66 63 98 77 
59 97 64 52 37 91 11 22 40 96 12 80 23 20 92 39 75 21 89 76 43 99 79 49 10 93 54 74 77 6 26 48 69 55 85 13 
62 48 100 1 67 5 87 22 70 74 94 30 40 57 14 12 69 98 23 33 68 42 21 79 81 71 63 38 72 60 88 59 36 46 29 76 50 93 75 54 86 61 44 39 80 55 41 11 85 31 
23 70 35 25 77 18 39 58 30 1 26 80 5 33 69 82 87 66 28 91 34 68 17 29 22 79 51 21 97 90 78 63 40 13 3 41 89 6 72 16 83 50 61 
51 22 89 62 20 70 82 52 71 17 91 73 100 14 60 11 16 3 59 26 88 42 53 96 86 55 69 28 80 50 13 19 94 54 40 7 68 84 25 85 75 18 44 
69 40 37 21 16 48 87 59 20 58 28 84 81 90 47 94 70 15 9 19 12 50 79 97 24 53 89 80 55 7 35 52 32 38 36 14 51 56 76 45 65 18 11 75 63 27 57 98 29 91 
28 11 44 18 39 55 25 56 30 20 27 29 45 34 19 13 92 97 65 82 14 69 9 4 84 89 49 76 2 31 33 42 5 77 96 79 85 81 41 51 60 93 7 38 
59 35 66 36 67 45 58 37 92 64 98 28 32 61 2 72 73 3 13 43 54 39 17 14 8 100 52 5 57 82 12 91 78 84 16 50 27 44 7 1 62 56 55 33 70 99 41 86 42 71 77 53 10 22 
77 69 83 20 98 28 30 80 13 100 97 6 86 5 68 91 93 38 62 57 70 1 99 14 90 47 56 67 43 35 92 21 23 81 78 8 17 51 26 84 29 52 96 75 88 34 55 39 
8 32 6 27 95 85 76 53 3 97 56 36 17 20 25 99 81 66 79 82 11 13 78 38 43 15 30 18 1 98 59 72 47 42 16 34 21 39 54 57 58 80 83 62 65 90 7 40 4 84 
67 43 61 62 30 83 73 11 98 60 75 81 36 7 76 47 51 42 68 64 97 16 55 58 4 71 78 33 8 38 100 94 26 31 85 22 23 41 17 63 49 12 13 40 44 54 32 24 
23 96 35 90 67 72 12 71 50 88 7 81 10 75 93 1 52 40 55 49 61 89 8 3 79 39 80 94 9 16 22 30 57 99 86 6 46 64 21 13 36 47 82 25 34 4 31 100 76 20 24 
92 36 58 7 5 2 84 71 20 16 23 6 13 1 86 51 25 90 9 93 72 100 60 96 62 89 57 61 79 54 82 43 4 94 88 52 22 63 3 47 48 41 17 19 64 99 66 
42 98 45 5 86 70 28 58 85 10 20 53 3 50 19 1 27 17 100 96 79 72 26 88 31 23 55 33 90 44 75 38 80 12 59 87 82 41 13 34 84 6 71 25 77 7 54 76 69 94 2 
72 12 91 98 48 64 28 33 23 68 40 35 73 37 88 62 27 5 47 86 7 19 70 14 94 54 61 44 77 17 2 43 59 75 38 56 76 41 74 45 79 16 39 67 80 6 4 83 63 30 
14 86 11 64 44 35 26 9 45 81 94 85 84 74 51 58 50 49 60 27 4 56 82 73 22 67 99 41 40 36 71 76 59 89 5 55 93 100 10 24 88 61 2 33 65 
80 41 69 96 74 13 8 83 99 10 45 35 27 32 60 70 9 54 72 31 95 34 37 59 79 46 43 52 20 4 82 90 85 40 14 44 5 30 50 2 73 49 23 42 77 81 53 84 24 55 19 94 7 
33 67 6 14 57 92 96 88 44 61 69 36 80 37 56 53 25 70 77 30 16 28 58 9 39 26 38 20 76 40 90 1 82 93 63 49 35 8 10 89 23 
5 40 47 56 98 88 31 90 45 9 36 89 6 3 85 91 38 84 95 46 43 73 14 10 61 67 79 77 100 28 49 72 20 24 81 82 22 75 57 39 68 69 76 33 78 50 34 42 8 25 4 93 48 53 51 32 
32 84 52 24 12 26 99 19 79 55 58 22 49 89 35 9 5 28 39 34 3 65 78 83 42 93 57 45 95 29 7 86 64 82 80 75 50 8 37 38 27 88 
42 18 79 5 2 78 75 46 71 95 39 6 92 43 7 24 96 8 67 62 14 94 3 55 12 66 41 38 22 33 64 9 97 50 15 98 34 73 36 84 49 47 54 89 51 93 11 31 
26 22 99 35 94 23 72 74 34 27 59 56 49 53 70 46 30 36 55 80 82 67 31 8 77 37 11 3 71 15 81 62 43 12 42 69 98 16 19 79 92 10 1 89 25 50 73 
97 75 35 20 62 11 71 7 83 81 56 55 57 10 15 34 8 40 72 84 26 18 96 64 28 13 16 52 24 19 85 12 90 25 46 36 23 37 87 100 31 92 54 41 3 45 51 61 73 
34 27 11 62 18 75 48 15 89 79 22 2 84 20 4 80 9 56 86 44 32 14 28 42 19 21 35 66 33 45 74 31 1 55 94 49 13 26 54 58 82 16 90 97 39 
48 97 5 42 6 88 44 54 80 32 66 20 77 37 64 50 95 31 39 16 19 53 71 1 60 33 93 70 3 15 24 69 59 27 49 72 43 79 23 51 29 100 61 30 4 55 83 81 82 
33 49 26 21 55 15 85 38 8 87 30 47 13 63 56 23 95 64 91 24 36 11 96 68 2 19 88 7 1 37 99 9 75 27 53 93 17 60 98 74 35 89 65 41 51 40 83 
44 58 18 9 99 63 1 65 81 70 24 29 10 48 91 27 41 35 88 93 47 71 15 31 46 37 25 38 97 83 33 69 89 12 49 54 72 51 26 45 67 98 2 53 
11 63 53 12 70 41 13 95 94 27 83 54 55 52 86 87 98 9 34 2 68 4 16 5 15 60 40 97 74 30 10 56 47 32 76 31 19 49 71 24 51 82 58 23 57 66 45 33 80 43 21 69 62 59 91 84 
55 5 96 53 65 92 57 8 36 88 51 40 46 95 76 10 68 12 13 2 32 87 58 44 86 48 9 50 39 22 23 43 74 69 64 33 59 80 84 61 35 91 67 14 24 72 49 77 78 89 30 31 82 71 
39 68 12 69 1 33 87 79 15 3 71 43 37 35 80 72 90 56 7 86 10 74 62 38 50 19 99 78 92 96 28 47 55 52 45 77 75 
72 8 99 22 31 25 56 7 59 60 95 11 46 43 80 90 94 10 44 83 42 74 55 5 64 27 37 65 81 4 87 29 58 26 97 91 35 70 57 28 51 63 12 78 3 89 67 85 96 76 
19 35 88 90 92 97 54 40 78 41 91 60 94 8 3 50 58 59 17 7 72 12 43 31 100 93 4 29 55 11 45 56 5 64 79 22 81 89 85 49 86 96 18 53 82 61 71 57 
43 48 92 32 6 85 4 45 82 88 11 97 37 53 44 52 35 5 1 7 40 76 18 34 61 13 81 28 68 79 75 2 41 90 73 93 83 8 58 60 12 27 42 9 36 33 23 3 38 
41 15 2 36 20 99 6 78 10 52 45 65 46 71 19 82 59 17 95 7 96 62 13 70 63 22 33 64 35 5 54 91 93 90 67 85 87 48 32 73 75 8 24 16 28 37 79 21 1 30 55 38 11 
35 39 6 82 68 12 10 87 67 54 84 1 22 78 32 43 66 45 25 77 11 93 7 61 41 76 21 44 96 79 29 23 3 9 20 60 47 91 27 57 99 94 5 81 71 42 37 56 62 63 74 73 17 15 98 8 88 92 
36 69 78 53 63 4 62 29 9 97 67 39 49 21 22 33 44 70 18 28 50 68 46 76 54 24 2 92 80 83 25 10 59 90 95 77 16 58 15 6 3 
83 52 84 89 45 91 33 43 4 10 75 11 68 57 90 42 67 94 21 30 22 79 87 80 44 48 97 49 82 63 73 34 66 24 35 41 71 38 69 59 16 26 6 61 60 3 
29 10 3 24 33 84 94 66 41 39 37 30 76 12 27 15 80 72 85 31 52 78 79 5 26 83 88 70 40 43 61 51 57 62 92 67 44 93 59 21 18 63 11 16 73 4 48 19 50 
66 100 23 39 92 97 22 64 50 65 63 82 15 80 4 60 11 24 89 96 8 30 88 99 37 42 73 18 95 38 19 12 27 44 46 48 69 33 47 32 59 41 91 36 70 45 10 1 2 81 6 84 21 28 68 25 40 
38 39 67 31 23 51 14 34 92 12 94 90 61 40 59 1 48 77 11 42 25 83 9 73 2 8 93 72 63 44 6 99 15 46 5 26 88 10 47 35 22 91 24 89 68 32 
16 84 54 80 34 15 36 70 53 35 79 90 75 100 28 65 8 82 93 58 24 89 69 47 4 48 66 72 29 10 3 85 45 22 5 1 25 26 81 12 91 51 44 77 14 88 19 9 6 73 39 
6 20 49 96 100 76 69 3 47 98 30 9 44 27 36 65 81 26 52 61 14 48 40 45 4 34 1 84 12 63 7 32 43 29 57 80 11 73 72 60 22 77 79 75 83 87 24 
75 73 21 26 55 52 18 16 87 1 53 63 9 5 80 48 31 30 44 74 10 47 94 38 22 68 67 33 56 41 32 14 97 69 91 45 72 54 24 50 15 8 6 19 84 
17 85 21 81 16 90 7 51 95 48 49 97 88 96 11 12 33 65 58 29 83 61 44 10 27 23 47 32 5 66 9 73 19 78 75 82 64 8 71 80 42 67 53 70 68 55 79 93 14 86 13 41 
65 24 70 69 2 35 31 90 54 86 41 85 72 27 8 94 28 81 20 93 97 56 82 19 32 60 12 29 17 58 4 7 51 91 14 53 77 10 48 34 96 49 78 1 63 39 45 
24 70 75 25 82 88 67 29 38 9 13 4 78 27 87 81 10 50 15 14 3 68 21 37 52 19 71 40 89 85 95 26 12 2 94 39 86 76 80 16 72 54 93 44 1 17 46 31 74 51 77 7 
96 98 52 56 85 78 61 92 42 15 31 74 58 20 43 14 65 8 13 50 76 19 77 47 4 22 81 100 53 91 66 87 73 34 10 44 2 29 17 86 51 6 54 1 55 89 27 59 64 
8 41 4 7 3 27 29 47 96 6 94 31 39 10 78 17 92 50 97 24 84 32 60 42 65 9 80 86 45 55 16 18 67 93 36 37 63 48 81 28 99 
45 61 70 73 13 26 22 60 4 69 67 66 95 8 55 17 97 81 16 76 42 72 74 57 32 36 43 12 58 23 64 87 63 47 11 14 6 9 75 50 91 
65 3 6 53 26 67 72 63 40 55 97 54 73 16 86 4 83 20 60 24 75 57 96 88 12 51 91 70 90 37 29 100 10 78 2 17 82 95 44 13 81 41 98 11 
62 70 64 8 79 91 6 77 68 59 66 65 12 76 88 69 27 94 32 5 37 45 16 75 2 100 72 90 81 60 73 24 95 56 99 19 1 51 38 25 71 89 31 96 43 28 82 34 15 17 35 52 50 54 92 53 47 
6 55 1 42 2 67 4 35 56 45 49 74 75 85 89 73 31 46 78 51 100 12 91 27 83 96 97 52 19 60 95 88 59 3 10 25 8 21 76 62 53 20 72 93 81 44 
19 10 83 23 74 41 35 20 53 4 43 59 61 46 34 17 21 96 84 18 98 52 6 15 67 25 38 76 91 45 44 89 72 12 57 1 93 88 65 85 30 97 81 70 58 55 14 33 22 
31 54 66 12 57 69 25 20 83 43 75 86 76 88 33 44 22 55 21 38 100 77 50 62 67 74 89 94 65 87 47 24 41 16 34 60 71 9 79 96 19 30 61 6 90 52 2 85 3 8 
72 30 45 74 43 73 7 67 53 62 24 14 37 100 32 46 41 77 76 60 97 2 28 38 39 99 95 84 5 50 27 92 79 19 90 6 98 80 29 87 96 21 8 44 51 70 94 16 48 1 93 15 
38 68 95 74 41 92 57 24 73 66 17 81 7 65 67 62 98 99 54 89 77 4 30 46 90 33 26 83 47 96 35 28 69 78 39 61 86 59 19 48 29 13 76 56 8 3 94 71 43 20 11 58 45 31 
79 87 59 58 91 35 38 94 68 8 55 37 11 65 50 90 39 95 86 71 76 81 56 75 5 24 66 27 32 57 1 54 63 51 21 2 89 15 74 31 72 60 16 3 53 49 33 67 
70 6 31 44 59 68 94 15 72 14 65 9 42 16 45 77 10 11 38 73 92 81 71 47 62 83 90 51 32 46 78 69 76 63 40 8 13 19 18 33 85 
78 73 82 99 27 4 8 86 37 79 35 22 25 80 84 85 5 39 14 100 9 97 67 28 60 96 59 3 50 13 62 7 18 30 93 49 31 58 68 53 66 46 65 57 42 21 87 70 98 19 83 15 36 40 
73 27 83 63 7 68 88 26 5 62 4 91 35 15 72 22 78 1 49 98 52 23 93 70 65 71 9 30 10 84 51 16 31 94 58 6 19 28 34 86 11 54 45 32 90 74 95 18 69 82 47 14 44 13 85 67 96 
33 25 16 99 74 61 31 90 79 84 41 45 24 83 51 7 98 35 94 63 4 58 20 13 71 67 62 6 52 12 38 56 17 3 46 34 72 80 87 70 57 23 97 30 18 82 1 
17 45 74 93 95 11 48 37 92 27 47 7 96 24 81 26 66 82 36 60 63 52 15 80 76 62 79 35 72 54 46 64 6 51 75 68 20 61 10 5 50 99 25 3 89 
11 73 38 78 60 40 92 54 4 5 13 35 84 33 29 49 19 22 9 18 23 95 30 81 97 36 46 8 50 10 31 67 28 58 3 37 87 71 70 41 51 48 53 85 26 86 75 77 57 20 80 
20 34 52 64 58 55 60 5 79 45 47 44 86 100 15 82 96 94 57 4 36 75 25 46 53 93 78 30 54 38 26 19 83 7 77 2 9 99 21 10 71 33 3 41 6 31 62 40 11 17 84 28 22 12 59 18 1 
39 28 65 49 98 1 7 57 25 61 51 27 94 6 26 58 66 95 74 8 47 79 63 48 78 91 93 41 23 69 19 68 83 73 82 64 2 32 67 84 17 15 35 55 72 9 62 43 60 38 22 33 
91 28 34 83 87 76 8 26 81 51 80 55 88 60 100 77 97 33 78 16 84 29 35 61 93 67 48 90 3 92 6 36 20 41 5 13 21 23 32 38 53 57 50 62 44 94 24 75 40 49 30 66 96 45 
53 84 68 56 80 98 87 39 8 75 90 36 74 10 81 54 66 70 44 86 77 27 13 12 20 49 82 7 43 41 25 72 15 4 60 17 96 26 14 31 100 58 33 52 76 69 47 42 99 
40 9 35 83 33 53 29 25 44 95 13 58 59 4 99 69 22 55 1 11 71 10 39 21 76 26 32 24 54 81 37 57 80 85 64 82 16 23 17 77 45 2 100 51 7 79 30 75 36 
89 62 27 54 39 32 91 18 30 4 50 57 33 26 74 42 3 79 75 87 19 5 12 95 23 63 69 94 61 99 21 49 68 35 47 2 48 60 76 9 84 97 14 70 
88 79 87 60 11 46 28 29 75 13 10 1 24 92 2 62 66 19 70 72 83 61 5 94 25 76 63 40 32 30 21 44 99 15 7 91 8 64 73 48 80 45 36 31 
63 30 58 73 77 86 12 91 65 71 98 51 90 1 9 15 4 39 22 82 46 17 70 75 47 88 53 99 85 50 20 62 79 42 96 44 89 45 6 97 59 19 83 
42 17 14 21 82 4 31 76 16 3 11 69 36 45 55 48 97 60 25 30 66 99 7 28 13 68 70 32 29 67 41 87 19 49 86 51 10 43 34 8 62 57 93 54 35 95 56 15 
42 37 18 56 53 32 20 21 96 36 55 45 14 23 92 2 4 7 85 35 95 78 22 43 68 91 8 48 1 10 73 67 100 72 69 87 70 57 15 47 40 62 93 6 99 34 38 28 5 63 29 
60 97 29 3 57 94 47 56 39 25 82 50 53 73 76 28 33 34 40 46 72 7 49 4 87 71 35 5 61 20 22 91 67 48 74 93 83 70 98 10 13 30 8 77 26 66 99 96 52 
57 25 66 95 24 85 48 99 22 51 63 76 96 86 31 47 68 44 69 94 21 97 10 56 55 90 16 20 42 43 87 82 50 98 53 73 3 89 65 67 6 18 100 14 45 61 12 35 59 81 
89 45 34 49 56 12 5 24 51 3 78 11 4 13 39 64 25 54 6 96 46 48 29 100 52 72 63 38 37 74 55 14 86 71 79 8 18 67 23 82 
5 25 90 9 98 88 19 14 62 51 12 4 78 57 34 28 69 42 80 35 82 17 36 94 60 18 64 96 76 6 49 23 75 37 100 43 13 81 29 50 3 41 32 89 71 56 61 48 68 54 
90 48 9 8 22 53 61 72 71 77 91 14 29 80 62 2 76 12 21 54 19 28 93 38 31 51 33 74 40 81 30 97 56 82 32 86 85 27 64 44 17 13 59 100 67 70 47 37 7 10 73 
37 96 73 36 8 33 91 89 76 85 26 10 9 1 68 78 41 55 60 14 71 45 2 47 72 67 84 50 100 52 99 17 12 66 44 98 42 7 79 65 62 35 88 81 
90 37 28 13 3 51 69 64 30 29 45 34 95 89 25 15 42 61 78 70 68 4 71 75 63 80 33 23 72 91 60 67 82 48 55 100 93 2 39 83 21 92 76 66 58 46 97 87 50 16 18 47 
75 82 40 6 27 12 44 91 60 88 26 68 37 85 99 48 77 9 13 20 49 43 52 23 47 55 96 87 39 61 3 64 71 79 59 11 53 66 22 69 18 1 94 25 7 65 14 5 90 41 
93 35 4 87 81 22 24 90 3 6 51 12 69 66 63 95 27 9 30 13 77 19 25 31 1 44 5 17 26 75 37 76 100 15 83 58 71 38 42 91 11 72 43 
29 24 91 90 83 8 89 75 33 28 88 55 25 78 86 87 72 95 64 80 71 51 67 84 32 18 5 16 42 77 43 46 85 26 2 1 38 47 97 56 36 50 
94 75 66 93 39 30 71 55 95 57 58 96 83 67 25 91 27 84 92 70 63 32 98 21 12 41 68 82 3 19 28 24 48 89 35 2 29 80 5 