100
32 54 96 79 93 63 20 64 86 61 12 53 78 67 34 48 23 89 84 69 39 68 77 92 91 28 38 19 87 66 76 7 72 16 13 17 52 73 37 75 49 57 46 65 4 8 97 90 10 58 100 3 83 29 45 21 31 74 27 82 6 25 88 2 42 55 59 50 51 
98 44 5 25 89 40 82 61 71 17 75 69 22 21 20 86 39 46 41 9 38 70 1 59 74 24 55 63 3 37 29 33 79 4 53 76 28 32 83 62 91 84 27 12 11 35 49 30 64 45 80 7 48 36 14 15 10 34 23 52 92 42 26 56 77 57 43 65 99 
50 73 47 80 10 22 90 75 43 42 8 76 86 35 81 12 49 20 52 38 1 82 65 61 24 33 9 6 30 13 95 88 29 14 57 27 23 94 41 69 83 59 17 63 55 100 58 2 93 45 31 11 87 18 25 91 28 97 89 19 85 21 26 98 54 72 53 39 96 92 79 71 16 15 56 74 44 99 40 60 
27 14 10 75 81 57 84 51 74 43 31 25 97 71 21 78 89 76 20 32 91 56 9 1 47 44 88 59 15 34 90 62 53 29 18 85 49 86 41 69 82 7 100 87 8 19 16 72 61 23 33 83 54 79 60 30 67 2 94 73 36 55 96 99 28 35 93 64 70 
53 42 64 94 96 43 38 75 50 36 60 99 87 79 41 84 59 23 58 44 25 28 17 82 91 51 26 12 71 10 95 88 24 32 33 47 72 15 86 68 2 67 52 11 98 81 30 63 89 73 77 57 100 74 39 31 18 70 48 37 78 93 61 90 8 97 49 
77 70 82 42 56 36 31 1 8 96 49 48 66 9 35 100 74 7 98 51 61 80 41 93 16 22 63 86 23 69 47 38 10 76 3 85 92 20 99 32 29 30 53 24 87 64 25 26 39 81 34 50 21 60 11 27 90 37 55 71 78 45 62 46 52 28 84 57 75 54 68 91 40 67 65 12 59 58 19 
13 45 12 88 10 59 100 63 28 89 1 73 4 17 36 80 97 19 58 16 91 93 52 14 43 34 62 30 68 78 23 2 74 20 94 40 86 50 37 60 81 47 98 54 25 21 83 9 41 39 44 72 26 69 85 66 33 22 77 6 96 57 51 48 32 92 64 56 76 18 61 71 24 84 38 31 
25 69 99 28 23 98 72 13 75 92 62 71 100 67 78 56 15 24 63 66 40 38 12 4 34 19 96 53 20 65 9 51 60 87 74 33 3 6 80 82 79 91 21 59 1 26 68 47 88 97 42 41 29 48 94 90 81 54 22 89 39 58 14 37 35 27 31 5 50 11 49 61 83 16 95 32 10 
60 26 75 92 57 49 94 30 93 86 41 34 45 46 80 29 25 48 71 28 4 8 14 58 59 50 19 98 2 44 74 17 23 10 68 55 21 7 13 6 87 20 88 24 27 51 37 31 47 15 96 73 56 54 95 38 67 85 40 3 81 61 64 78 77 70 89 11 
51 65 100 55 24 17 15 3 81 80 70 33 88 34 74 86 60 39 11 21 18 89 62 8 6 98 14 25 79 7 64 19 29 2 71 41 85 90 1 40 13 45 82 38 31 50 57 76 69 73 59 68 92 49 61 5 94 91 48 43 12 97 78 37 58 32 4 28 9 44 20 
45 36 52 49 83 70 20 67 30 47 80 73 37 100 51 97 88 79 54 8 58 21 95 65 3 90 34 62 9 44 10 46 77 84 5 6 27 13 55 50 38 2 25 87 41 75 28 40 89 96 64 31 86 91 22 15 92 23 35 81 19 53 94 14 93 63 43 33 39 
70 32 66 78 62 1 33 75 83 5 64 23 8 41 85 16 72 45 68 15 63 65 2 67 40 95 84 93 98 13 26 87 38 54 91 44 42 25 22 92 46 28 35 79 52 74 6 73 56 82 21 80 69 57 10 51 19 96 3 60 97 27 43 17 31 61 30 53 7 88 50 37 81 
31 44 74 37 21 53 95 43 94 65 50 49 20 14 99 63 18 32 87 12 33 3 86 55 78 88 75 16 80 17 89 23 47 40 59 29 46 54 42 73 57 39 72 60 22 1 38 7 81 8 24 76 10 91 84 61 9 79 71 27 51 82 93 26 100 41 34 11 70 66 98 85 48 
9 80 37 36 50 96 44 4 35 95 41 31 46 32 69 93 28 89 90 33 97 59 22 25 56 81 13 17 40 83 91 99 73 23 3 7 66 70 49 45 18 84 87 98 79 88 8 10 43 64 82 54 100 38 94 55 20 76 58 60 86 78 34 27 15 74 85 19 63 11 62 2 39 47 77 16 
23 94 48 99 85 78 4 70 92 11 8 39 98 67 31 2 93 16 58 59 61 96 28 44 90 14 64 21 5 40 65 81 100 17 86 27 24 33 55 45 10 84 37 60 63 97 57 51 62 34 49 91 29 3 41 83 89 75 82 68 12 53 52 9 66 95 36 71 30 
22 80 79 66 78 48 4 51 18 37 44 81 15 88 64 47 58 27 52 87 43 49 25 17 34 70 35 30 6 83 39 13 69 36 65 53 63 3 72 7 28 40 61 85 12 29 46 75 71 96 91 97 99 8 45 54 23 24 19 82 31 14 95 60 50 1 55 32 20 77 38 94 
14 65 43 97 92 26 91 75 37 12 41 35 22 90 25 99 72 31 56 9 52 87 23 29 63 61 100 70 69 55 71 85 13 60 40 80 94 59 79 5 39 32 45 10 1 21 2 66 7 44 20 16 36 74 78 28 15 54 27 83 47 64 24 3 89 18 73 68 46 42 96 
58 33 87 92 84 42 75 98 74 7 73 49 63 46 85 100 4 55 50 96 53 37 82 5 78 62 89 17 71 41 66 19 47 39 27 64 29 21 81 22 56 14 79 24 32 40 93 25 20 13 38 68 30 44 67 45 80 16 10 60 61 3 95 36 65 69 77 
85 11 33 27 1 8 48 32 16 80 70 37 45 100 23 7 30 81 56 18 6 91 74 57 26 4 65 79 63 52 95 64 24 10 62 29 40 43 50 54 83 46 28 69 3 67 21 20 44 86 39 42 87 31 14 73 41 99 88 92 47 82 72 76 89 9 36 66 25 78 12 68 84 60 59 96 55 
52 18 27 8 42 76 43 74 88 25 23 95 14 17 28 87 41 32 79 78 9 80 86 46 6 4 70 73 92 89 85 94 58 96 3 91 57 36 56 62 35 7 39 33 99 10 61 44 47 68 53 31 34 63 82 71 1 24 97 38 21 48 16 13 66 77 55 19 54 64 90 65 59 2 11 84 75 51 22 
52 53 75 23 39 56 67 76 85 6 1 62 20 82 70 47 10 69 18 7 45 100 3 35 48 50 27 65 15 19 99 29 94 2 98 9 93 78 63 25 73 30 92 44 34 97 33 96 89 74 86 55 88 4 90 80 8 68 22 64 72 32 36 84 26 59 49 81 95 83 28 58 17 13 24 12 11 
12 83 44 26 33 30 71 100 64 16 6 42 73 39 45 48 93 84 29 61 53 17 75 91 11 38 95 52 99 27 21 62 87 37 98 67 77 28 70 97 2 85 23 46 54 36 56 49 18 82 66 69 20 25 41 8 90 40 35 81 96 31 80 14 60 13 86 78 43 7 3 92 50 55 72 94 63 58 
9 37 68 8 20 69 52 91 33 85 62 14 56 24 2 35 3 97 64 32 5 96 4 82 6 83 70 59 93 86 57 55 34 16 65 45 80 95 12 88 79 90 39 53 7 60 50 11 19 67 26 29 47 100 71 75 76 1 41 81 17 15 89 48 38 13 36 54 98 94 44 27 40 22 99 51 63 21 72 
72 99 23 19 94 65 90 40 85 92 69 62 25 20 2 8 36 86 84 28 42 13 82 54 29 66 18 31 68 57 71 73 53 96 26 39 55 79 48 89 21 35 37 83 80 100 10 45 77 15 47 78 60 70 7 59 38 16 3 30 6 44 74 5 93 95 32 50 27 17 58 9 
57 72 5 21 98 87 37 84 38 40 29 1 92 45 82 58 76 31 93 49 20 71 64 30 27 73 2 51 41 10 62 7 77 48 59 85 36 99 70 95 53 97 80 69 83 3 74 19 52 67 11 63 34 4 55 47 18 17 8 32 12 100 6 68 9 66 35 24 43 22 50 14 16 
36 64 32 45 89 91 85 29 87 75 65 13 52 92 39 79 82 72 76 9 98 42 8 57 24 40 74 90 33 28 17 96 83 2 21 43 31 12 50 48 71 47 56 99 3 84 6 38 67 60 78 61 93 94 55 95 22 68 100 59 19 7 23 27 69 5 80 37 51 44 35 86 
54 67 57 83 31 19 62 26 20 17 4 95 2 93 14 29 22 18 61 16 86 37 76 13 36 75 41 53 23 42 63 25 24 85 48 72 38 78 52 9 74 32 15 68 3 91 8 100 64 12 59 6 51 44 97 58 81 79 87 39 70 98 56 80 49 73 21 28 11 55 50 45 99 33 30 82 1 90 96 47 
49 33 73 39 27 3 77 24 8 4 52 91 6 46 96 75 64 7 1 37 34 10 84 88 20 69 98 78 32 59 63 2 48 29 74 19 76 9 22 61 87 83 44 79 21 89 68 60 35 43 66 38 45 97 12 36 40 42 30 26 81 14 53 17 100 56 15 5 72 92 11 16 
31 90 62 85 15 40 98 66 50 82 9 78 34 55 100 64 58 25 84 41 70 22 10 51 33 16 37 43 38 36 56 57 21 54 39 72 92 23 99 18 44 30 35 19 71 80 8 91 48 4 42 96 28 73 2 13 69 24 6 49 88 27 3 17 67 26 81 1 46 
69 16 31 43 64 58 6 25 50 65 81 15 49 12 62 9 52 2 71 27 38 66 57 77 51 61 56 100 5 54 68 44 39 11 63 94 86 3 18 19 78 67 93 59 55 28 29 41 97 35 48 24 33 74 83 96 7 79 47 88 21 4 73 95 87 98 60 37 82 46 42 70 22 92 76 40 84 
25 79 4 7 92 27 95 76 41 15 44 37 82 10 58 59 88 29 3 26 47 55 91 5 9 83 8 49 11 61 19 72 89 53 16 43 39 30 85 84 17 99 97 73 24 42 35 66 6 64 54 60 78 93 12 1 98 75 20 45 62 34 90 48 87 40 56 33 74 52 81 13 22 14 77 71 
46 59 72 78 20 86 89 95 93 24 44 57 50 45 14 33 28 52 25 76 63 68 39 96 83 82 40 18 7 5 36 42 58 4 99 27 66 74 85 38 73 69 87 60 47 97 21 23 54 37 91 48 43 12 41 13 17 19 62 67 64 55 49 2 34 51 53 8 6 56 81 94 26 10 1 100 16 
75 19 53 59 4 39 14 11 84 2 85 62 26 73 27 86 100 92 49 66 20 52 63 93 44 8 96 36 56 61 74 7 83 70 45 60 67 76 41 13 40 12 10 58 32 57 68 37 28 50 23 65 38 88 94 80 34 87 31 81 18 79 42 46 3 54 21 91 5 90 47 69 95 77 15 48 29 89 22 30 78 64 99 
97 71 80 57 42 10 33 76 54 49 81 40 73 45 56 2 91 75 70 14 23 20 36 78 31 100 90 48 86 68 92 25 28 64 9 47 59 84 7 99 83 60 39 65 6 8 88 16 35 46 29 82 89 1 95 15 66 74 32 21 51 96 41 38 13 4 43 63 72 62 93 50 44 61 11 
79 71 62 72 96 95 82 70 24 99 14 4 21 63 98 42 43 61 6 20 46 17 68 34 92 38 52 3 89 88 25 45 49 28 86 83 77 100 57 65 56 8 41 16 50 48 90 44 26 97 78 58 73 91 40 87 75 12 31 76 59 23 2 47 66 36 22 69 67 29 60 74 30 11 
100 26 50 97 86 85 5 66 56 84 47 41 49 61 27 22 96 32 80 28 89 17 37 73 46 7 72 16 6 71 54 92 75 24 29 77 48 67 15 23 21 2 35 55 91 45 14 81 18 68 20 78 99 33 51 79 57 64 43 58 62 94 93 76 52 38 60 11 98 25 40 69 19 34 4 
59 17 36 29 26 46 32 33 2 10 23 72 22 90 47 70 27 76 31 65 48 16 79 39 56 99 14 12 58 88 85 89 15 8 95 98 13 52 91 55 24 6 19 94 62 53 63 38 78 1 28 45 41 100 92 18 64 60 77 44 5 86 51 81 54 68 7 11 30 25 97 9 73 
92 9 44 32 14 52 2 83 36 72 96 60 28 6 51 37 62 12 29 43 1 61 55 58 26 63 85 13 16 27 99 84 33 73 95 88 100 41 70 25 90 24 82 40 79 87 89 10 93 3 39 76 77 54 71 5 81 53 18 50 30 45 47 23 94 91 8 34 35 7 22 86 74 69 11 98 42 20 
90 69 24 51 21 76 77 37 83 27 78 33 97 6 20 46 99 62 38 96 88 86 58 7 19 29 74 2 5 1 41 64 95 61 70 53 89 16 80 32 23 22 17 31 42 57 82 49 54 92 14 81 63 10 94 18 93 52 87 13 85 28 11 34 3 40 30 98 8 47 66 15 100 26 
34 67 41 42 11 18 2 88 19 71 95 51 52 64 25 39 49 22 23 32 43 81 9 3 26 65 87 61 12 48 36 46 72 77 44 15 14 75 10 24 62 6 7 80 86 29 91 33 79 70 59 38 35 31 13 85 28 30 57 55 47 100 98 16 92 99 8 17 84 78 
59 3 2 65 22 57 93 92 71 34 39 83 53 69 30 47 94 36 62 46 66 4 72 9 8 61 20 58 89 100 33 49 17 7 44 19 31 38 50 10 27 73 63 74 15 86 84 51 90 43 91 25 29 11 55 5 60 18 96 40 70 42 80 77 67 97 12 35 64 98 99 13 6 88 75 37 82 32 23 56 14 
6 95 30 55 26 22 29 33 51 92 90 35 48 70 96 52 3 72 12 67 82 34 50 91 60 57 24 41 66 53 68 99 31 13 89 69 56 20 19 32 18 54 94 39 46 76 8 86 74 75 98 40 62 49 17 5 28 65 78 45 77 64 79 27 38 1 80 87 71 47 2 93 
13 81 20 10 28 26 3 35 65 25 87 73 17 32 78 4 56 5 47 72 98 94 48 74 30 54 95 14 31 84 45 99 66 34 100 77 46 86 76 58 59 97 40 89 2 70 96 71 11 38 12 63 75 88 16 7 41 50 80 61 69 57 19 29 52 51 55 36 22 83 
73 19 7 93 12 50 85 13 37 56 59 51 72 5 79 88 48 80 14 63 62 30 20 4 35 17 82 29 31 32 86 58 22 77 96 100 81 69 46 24 84 99 83 71 49 95 34 26 38 9 94 3 33 23 40 75 2 65 61 16 89 98 67 57 47 10 74 18 11 28 21 15 97 52 27 41 
28 38 11 85 89 42 68 95 70 27 75 86 14 81 80 83 46 56 43 3 71 25 73 6 34 15 77 65 78 58 52 100 47 88 90 23 57 76 18 99 54 92 66 94 96 19 35 2 1 24 16 37 87 62 17 33 31 7 10 64 26 36 9 79 61 21 49 12 22 72 50 32 53 91 
36 59 89 91 78 33 79 50 37 74 77 1 53 82 39 16 41 72 67 14 88 100 93 80 85 13 2 42 30 84 20 58 69 56 28 97 12 68 34 40 86 19 6 18 99 95 75 60 73 94 61 45 90 44 57 11 32 17 64 96 81 29 65 92 35 9 47 83 55 49 43 22 
74 64 84 75 79 68 25 44 11 26 46 8 48 40 37 53 86 60 45 89 87 24 36 67 91 39 43 34 97 41 88 13 90 21 63 17 5 23 42 80 3 35 65 20 52 51 57 14 19 78 27 4 94 18 9 6 73 31 59 33 77 70 66 55 38 58 54 7 16 95 82 30 32 99 
43 44 40 90 7 22 74 33 10 86 15 35 65 51 87 5 16 83 79 42 54 8 49 21 71 20 31 66 52 6 47 2 25 60 88 24 1 28 68 19 73 59 64 26 75 23 80 29 56 57 27 61 63 100 89 32 34 30 50 72 76 84 13 36 81 93 92 95 70 9 53 37 85 
5 29 28 57 44 33 36 1 79 53 64 27 13 4 18 35 10 58 96 83 78 94 98 3 80 97 76 15 22 16 52 60 54 100 48 56 21 81 11 61 93 31 42 73 67 41 85 95 46 82 8 40 88 39 2 68 45 9 25 92 74 32 14 69 6 30 90 75 72 66 70 34 
24 68 97 36 46 6 26 100 10 9 71 76 27 16 3 98 90 75 11 92 38 78 1 81 41 34 61 12 70 72 21 84 14 19 52 13 54 5 74 55 44 33 88 53 7 43 18 29 32 51 96 56 30 66 42 35 23 8 85 86 25 59 80 94 64 82 83 77 69 45 99 48 95 58 22 
32 25 5 89 76 91 48 10 82 55 59 6 26 70 100 9 29 62 83 4 64 63 50 87 68 7 97 38 41 39 15 47 20 96 77 69 1 57 44 85 12 16 11 92 99 37 95 13 8 90 23 34 98 42 81 88 43 75 79 27 36 80 94 53 74 40 30 84 78 58 
6 2 94 7 47 62 5 96 53 17 88 16 69 65 12 30 21 66 91 50 37 42 22 80 19 3 63 97 72 93 20 1 92 27 26 28 23 68 32 31 90 99 83 44 67 35 33 43 25 45 95 89 55 100 79 87 98 64 70 56 77 36 11 15 48 57 40 76 82 49 38 39 
92 37 71 1 16 11 52 38 42 65 89 8 97 23 4 32 24 49 87 82 58 94 20 22 33 39 67 51 6 28 31 48 75 27 100 47 66 18 72 74 12 95 21 25 70 45 68 59 2 86 46 15 5 69 13 3 56 90 63 57 96 50 85 99 91 79 88 78 41 60 76 54 93 80 
8 85 20 77 6 45 62 93 98 43 79 24 37 90 70 73 19 3 99 27 31 88 16 23 13 56 12 33 94 50 14 49 72 64 42 92 29 84 47 71 59 9 81 69 30 97 39 66 65 53 38 58 95 22 48 1 86 87 32 91 60 7 17 36 11 34 82 4 76 55 89 
40 46 9 47 69 75 13 37 66 65 15 19 25 56 85 99 93 24 14 4 1 17 100 61 82 38 98 21 67 41 87 51 68 50 83 26 16 88 11 60 84 10 59 72 52 70 91 76 97 71 81 32 20 36 90 73 63 42 29 6 2 43 30 54 78 22 62 58 80 96 31 3 27 89 18 23 
3 17 29 37 31 44 28 95 36 4 81 59 43 77 23 98 83 100 27 9 45 90 22 86 46 18 53 80 91 68 89 32 20 63 50 6 19 64 93 34 35 55 14 94 74 8 33 30 52 69 26 7 67 65 82 60 2 66 97 48 41 84 85 21 12 54 99 61 92 42 49 
71 39 77 23 73 68 44 34 13 67 7 40 27 79 60 97 29 1 36 4 80 90 2 74 58 45 87 93 86 42 63 94 6 15 26 48 52 19 35 66 30 75 20 3 33 5 12 24 49 70 83 62 72 99 96 46 82 91 69 9 100 84 43 59 53 61 47 51 76 88 25 10 41 95 78 32 
73 94 27 11 30 21 41 96 87 88 43 62 24 22 65 46 1 85 76 10 89 33 53 45 51 81 69 82 18 20 47 35 7 54 70 32 93 16 38 29 37 3 5 83 25 68 64 80 57 55 74 14 31 9 86 71 75 100 36 49 95 8 50 39 6 79 15 90 44 97 
35 80 100 33 93 76 21 65 5 3 19 32 91 68 14 84 62 53 37 10 50 63 2 83 56 4 44 55 8 27 41 46 71 82 87 30 24 48 99 6 73 13 54 40 51 98 66 77 43 9 72 1 20 47 28 25 64 60 34 75 7 15 23 57 31 17 95 89 88 26 74 
17 95 76 59 97 53 16 22 33 83 78 90 82 70 63 31 48 41 67 75 72 94 69 86 46 19 68 3 8 91 71 37 55 80 9 62 54 10 89 24 14 87 98 36 32 85 38 92 18 99 66 79 4 28 35 42 57 84 12 65 7 6 23 5 26 30 93 88 47 77 15 56 13 96 49 34 
83 65 41 31 73 8 1 5 3 44 17 33 6 84 87 48 18 75 20 80 77 94 35 71 97 69 10 36 96 9 43 39 50 49 68 90 99 2 7 40 27 66 55 46 98 12 100 4 28 62 85 13 38 56 89 63 16 70 22 45 81 34 26 72 30 15 57 
63 64 22 95 23 77 35 85 66 86 31 40 29 37 19 20 90 74 55 68 69 8 71 83 82 15 38 94 57 84 92 25 72 32 21 2 41 45 58 33 91 80 7 11 10 14 12 75 78 39 61 59 60 93 79 36 51 52 98 42 54 34 70 6 73 67 44 24 76 27 96 4 18 100 30 97 
28 86 85 2 35 100 21 52 61 98 43 62 93 60 7 3 80 97 15 71 76 72 33 47 69 95 23 91 59 39 96 41 6 57 16 88 67 20 70 44 25 17 68 34 81 48 18 53 1 90 38 74 77 89 19 37 8 55 83 22 27 87 13 56 30 94 84 92 66 51 5 11 12 14 32 
70 40 22 52 20 96 41 77 33 79 95 28 87 36 47 92 94 25 54 31 56 72 91 65 39 62 75 23 81 88 2 51 32 59 50 34 48 27 30 67 84 69 4 6 58 29 11 93 21 46 68 19 9 7 80 10 100 1 42 45 66 16 74 73 26 17 98 12 14 99 90 37 97 5 18 49 86 15 
61 54 19 91 85 56 97 2 86 21 11 82 26 80 95 42 23 64 84 72 76 24 53 34 35 8 41 30 48 37 59 92 75 47 96 10 74 77 58 13 89 17 12 67 46 87 16 98 33 45 18 20 40 81 44 60 1 73 83 43 70 52 3 69 55 6 15 
81 25 54 34 94 24 49 20 35 18 60 36 55 73 22 42 41 83 99 47 52 8 59 62 32 74 72 30 33 64 67 45 61 90 79 28 84 19 12 68 78 70 17 1 39 43 63 15 14 69 85 57 31 96 56 6 7 82 77 48 50 13 16 89 53 29 93 95 
46 41 4 64 97 15 90 94 57 80 91 32 29 65 12 95 92 1 49 11 9 60 52 25 100 86 36 79 56 66 22 55 21 42 26 62 18 63 40 98 30 35 72 85 96 53 19 83 6 27 89 33 47 23 70 84 5 8 44 77 76 
71 8 61 7 57 98 9 46 79 91 26 90 87 34 51 55 6 27 64 47 32 60 58 76 93 35 78 17 24 12 66 45 72 49 25 15 97 100 30 86 62 19 92 59 53 42 96 56 5 81 1 18 63 89 48 50 37 82 20 28 52 10 77 23 36 21 33 88 84 
85 4 25 76 39 71 89 32 49 91 10 18 84 30 99 54 23 26 43 12 90 52 79 16 17 7 83 100 2 24 44 62 61 56 93 8 87 57 14 35 58 60 38 33 81 65 1 22 63 82 53 66 50 42 19 96 3 41 72 28 21 94 29 36 46 92 80 64 55 51 6 95 
80 99 33 35 88 21 94 13 45 40 62 34 83 85 17 50 11 79 78 64 53 52 54 30 22 37 38 75 92 20 71 76 29 58 60 14 95 73 42 74 4 25 23 93 48 2 5 91 43 67 86 12 61 51 9 19 15 6 55 65 90 47 81 49 98 16 10 84 72 39 100 41 63 66 27 24 57 
36 54 100 86 13 48 94 75 80 29 8 44 45 4 41 99 2 10 50 6 18 34 60 69 57 42 7 85 16 23 3 59 89 61 63 73 5 26 74 58 88 92 79 15 40 17 43 70 68 72 97 76 53 38 98 22 9 55 30 81 87 62 20 84 77 31 25 82 24 35 
59 27 67 26 25 57 40 82 41 12 60 86 100 55 95 37 66 71 88 62 76 23 4 78 74 32 70 89 49 24 29 43 48 22 28 17 13 8 68 16 84 1 42 46 91 54 31 53 63 81 36 77 85 19 96 69 21 97 44 38 80 52 87 45 79 73 50 5 94 34 64 3 92 65 35 61 7 83 
79 78 31 77 9 75 24 100 62 12 55 11 57 81 61 1 89 43 64 44 71 70 65 19 17 27 46 41 86 30 29 92 87 18 90 35 58 14 4 3 21 37 91 10 84 13 20 7 45 36 38 83 59 74 28 82 25 66 48 54 93 72 34 33 47 96 32 5 94 22 49 
84 13 71 31 2 99 1 87 93 34 65 48 30 32 8 56 21 3 57 63 19 47 18 66 72 9 24 50 5 39 26 53 42 35 25 62 27 20 10 12 17 33 89 14 49 7 51 28 85 4 64 41 43 82 78 38 46 6 44 86 70 98 81 58 59 95 73 90 
71 33 3 88 86 70 73 93 65 12 57 78 50 77 26 27 8 61 41 80 35 34 49 92 22 40 43 23 81 15 62 59 6 91 9 96 89 11 60 28 51 94 95 16 97 99 48 21 100 90 1 18 20 13 85 31 64 2 42 36 55 4 82 58 5 17 47 44 45 46 53 
4 34 27 10 7 1 36 93 28 63 54 21 69 87 33 50 35 3 91 67 60 100 23 13 82 58 94 6 48 59 68 80 38 97 86 49 55 57 45 51 32 26 81 88 96 92 14 2 19 72 65 52 71 20 39 42 70 62 30 25 53 31 37 43 
2 80 81 59 6 54 38 37 25 90 45 98 60 97 51 75 99 50 5 84 71 1 68 39 9 65 89 67 86 33 63 47 20 56 83 52 66 30 78 57 46 24 62 36 41 73 44 42 40 28 91 14 31 43 11 16 18 35 7 85 93 22 87 61 64 72 
77 51 8 100 90 16 50 22 62 24 14 10 13 91 32 20 93 21 18 43 79 40 49 66 15 36 5 19 80 34 39 74 84 37 68 7 45 53 46 70 26 87 28 85 33 75 57 29 86 73 31 35 83 9 82 30 4 55 95 6 17 72 89 60 98 27 12 1 47 97 42 94 
1 82 70 10 49 100 31 91 67 66 83 8 37 97 94 11 18 52 46 98 12 35 54 81 3 13 42 58 89 69 28 62 60 85 53 36 17 38 86 4 72 44 48 47 45 2 92 26 80 19 14 57 64 68 87 30 71 73 5 78 93 20 27 40 16 23 24 33 90 51 84 
13 56 71 49 79 6 51 53 29 75 83 41 77 50 43 78 59 60 14 90 70 33 39 61 12 9 95 48 7 34 97 23 22 21 16 63 19 44 25 87 11 40 27 88 45 67 10 26 64 82 65 94 84 47 18 24 52 2 93 8 99 69 17 20 89 62 58 85 76 36 46 3 55 72 42 92 91 57 
9 14 28 29 51 72 71 95 13 11 49 32 100 58 12 64 68 56 33 82 40 44 63 83 16 18 75 15 74 89 43 27 79 31 91 96 69 98 77 50 38 46 3 99 10 92 70 23 37 86 54 73 93 87 45 22 48 61 36 7 55 4 8 21 76 34 19 94 66 5 6 65 39 30 
27 83 14 16 66 38 26 42 94 81 24 71 52 69 53 22 97 85 78 21 31 49 90 79 91 89 74 57 4 73 25 1 41 72 59 3 46 6 10 88 96 65 47 55 5 84 19 39 51 62 58 98 12 54 93 20 13 80 56 34 44 35 32 75 95 18 60 23 76 68 15 29 8 50 2 30 
81 26 25 24 50 27 45 41 87 30 34 16 22 57 8 60 49 14 58 55 43 63 94 80 69 61 65 46 51 38 39 2 48 100 98 11 7 56 77 3 86 15 93 78 35 82 44 72 32 23 33 52 66 95 67 79 62 73 70 17 4 88 21 59 12 28 31 92 99 19 84 1 97 96 
62 59 7 1 87 73 40 29 93 68 65 83 14 33 47 90 86 100 77 79 19 5 69 51 88 95 57 50 4 41 61 91 15 56 66 21 71 60 74 63 48 24 26 46 38 22 70 54 89 6 67 92 55 12 36 18 64 28 82 85 2 43 99 11 34 30 13 78 31 44 20 25 80 72 
9 56 23 38 16 29 31 18 40 78 53 66 49 48 32 50 26 39 17 100 37 27 24 61 44 12 13 77 70 93 82 19 89 91 63 22 75 97 79 71 20 6 15 72 54 51 25 74 58 60 90 65 80 84 46 3 10 45 55 36 69 99 14 4 21 62 7 98 67 33 92 
41 65 43 47 40 10 11 39 94 33 92 77 76 62 22 98 74 96 72 20 89 35 93 95 7 58 13 99 68 4 15 56 37 23 78 21 3 64 38 30 44 87 9 54 26 1 79 36 19 53 97 70 50 73 45 2 60 81 34 83 57 6 42 5 14 100 67 27 71 84 24 48 75 46 63 32 
18 39 6 31 5 91 1 80 86 3 27 55 90 84 69 13 76 65 72 96 78 61 83 52 88 40 59 25 22 8 28 93 19 73 79 51 57 14 98 17 47 4 30 12 43 95 60 48 38 58 35 92 11 63 54 89 74 64 99 32 45 33 53 100 68 77 26 9 71 81 16 20 42 97 
21 37 3 43 59 46 93 14 91 51 70 99 92 55 94 19 29 90 87 20 96 28 64 41 68 58 80 40 33 72 9 10 98 63 16 82 53 1 30 34 52 23 95 12 45 8 11 100 48 57 35 39 76 84 31 60 75 5 83 50 13 47 71 49 38 44 4 7 54 89 
65 3 26 20 46 78 87 59 66 90 52 24 41 79 14 47 51 33 60 63 72 23 18 28 34 81 73 80 54 68 85 17 31 10 95 11 92 94 8 45 53 4 82 42 15 93 61 37 32 96 77 71 2 67 98 88 19 7 36 1 74 100 84 48 13 56 9 35 97 75 38 69 43 55 44 86 5 39 21 58 
47 51 91 66 5 14 29 62 94 73 46 45 84 57 27 8 93 85 56 42 24 38 63 75 70 96 31 10 50 68 79 98 3 53 54 61 48 89 80 77 82 39 95 17 60 20 67 58 74 41 15 69 1 92 33 34 21 88 26 23 4 87 35 6 49 52 11 78 37 55 64 22 
11 36 99 52 26 38 73 33 84 32 37 60 27 4 93 85 6 7 8 20 100 3 81 63 15 56 46 79 34 64 2 70 16 23 40 95 45 90 35 29 94 47 68 51 75 41 67 57 31 19 54 72 10 87 88 53 65 13 55 12 14 80 76 62 82 42 1 22 5 69 78 96 59 28 17 77 
8 42 60 53 65 86 69 90 19 15 1 41 73 75 18 64 39 37 89 3 54 48 29 20 34 71 40 99 98 80 87 56 22 88 6 45 49 95 96 52 12 38 36 62 30 81 31 72 7 79 50 9 24 97 70 33 85 63 17 2 51 10 100 26 68 25 83 46 35 28 94 76 11 67 84 21 
24 7 34 68 23 53 46 33 83 64 5 58 18 25 76 30 79 70 26 55 74 31 36 38 77 9 75 88 60 54 86 32 97 94 62 1 84 63 82 100 11 42 90 89 3 13 85 21 15 27 39 14 6 69 59 78 56 98 73 91 52 49 41 57 44 12 87 80 81 66 22 4 48 
20 90 7 22 38 57 43 72 58 79 88 42 93 70 10 60 33 95 45 97 86 24 56 16 17 47 76 78 96 52 41 69 98 8 83 46 54 92 89 30 62 63 49 91 15 14 37 99 36 61 13 21 71 53 9 5 64 32 67 11 26 80 66 39 82 23 81 51 44 75 3 50 4 73 
3 18 100 50 66 49 30 65 32 96 60 57 9 27 51 40 75 15 58 64 91 83 33 8 86 92 69 19 46 90 45 34 67 88 80 12 70 48 53 22 14 78 44 37 16 47 62 42 81 87 23 72 56 26 63 94 31 13 25 59 89 43 82 21 52 84 74 24 5 98 99 38 35 20 39 11 54 
16 34 6 95 82 11 97 94 19 24 50 57 51 46 17 92 52 8 65 49 3 28 27 14 69 75 29 76 43 63 81 86 45 58 9 38 41 55 42 90 23 36 1 26 67 100 91 89 39 72 68 99 44 5 33 30 87 22 35 66 21 61 32 18 64 62 60 83 4 88 7 15 12 53 20 73 
51 98 8 99 23 96 20 4 36 75 89 83 16 72 15 82 39 56 60 78 68 80 12 43 58 64 50 67 77 94 85 7 5 30 32 22 61 76 27 1 53 25 93 37 62 54 10 79 55 46 71 41 44 65 21 63 31 11 47 52 57 86 100 28 92 14 35 17 34 49 87 3 
70 51 35 22 3 77 90 64 87 42 68 5 6 40 74 18 23 100 14 38 12 44 79 50 10 67 21 60 71 86 8 61 27 92 26 54 97 39 52 30 82 83 89 95 63 36 7 88 13 2 37 78 25 94 85 9 93 55 56 65 28 15 41 43 31 62 29 49 81 59 
2 61 14 40 44 71 85 19 3 64 83 77 31 36 38 22 21 6 45 92 26 88 53 43 69 13 52 95 41 37 34 8 15 84 39 80 24 29 59 50 17 91 23 57 70 47 60 27 97 100 46 81 32 96 54 66 5 35 94 33 51 16 55 42 86 4 25 74 56 20 75 87 
43 93 4 30 53 96 35 8 37 33 15 19 51 67 64 88 89 58 6 79 99 83 49 52 78 23 10 45 44 76 97 38 62 26 24 69 73 25 72 63 55 34 91 84 71 17 46 13 32 59 14 29 86 21 36 18 40 3 28 61 68 75 92 11 57 27 56 95 81 39 22 7 70 85 41 87 5 1 50 48 98 
