100
42 37 77 2 21 14 74 59 18 63 85 96 90 94 9 81 30 84 70 3 62 15 88 49 65 64 75 53 50 100 60 56 13 41 83 20 28 71 48 61 24 73 11 58 12 16 72 82 86 27 95 45 19 67 17 78 44 22 76 33 99 35 10 7 31 25 8 46 29 68 92 23 89 52 69 43 91 4 40 36 38 93 6 39 5 54 97 66 32 80 87 98 79 55 51 47 26 57 34 
64 56 60 89 83 70 37 86 95 96 63 49 80 97 72 22 88 10 50 44 5 7 47 35 9 59 99 8 32 15 24 94 76 57 54 33 71 19 39 74 1 87 91 81 13 36 52 25 58 31 75 55 69 18 3 53 29 40 11 90 27 4 62 23 65 12 41 68 78 73 92 67 38 16 66 48 42 34 14 46 28 20 77 26 43 93 6 100 85 84 51 30 79 21 61 45 82 98 17 
99 88 30 21 76 9 57 40 80 4 58 45 83 52 38 5 18 65 19 84 91 75 66 90 46 82 79 77 86 64 15 33 17 8 93 78 100 13 41 95 50 42 32 92 7 51 98 27 31 74 53 2 12 94 14 72 61 36 20 81 10 71 1 62 39 16 54 37 24 63 73 35 59 56 44 48 70 29 96 67 23 68 26 55 25 85 43 69 22 34 49 6 60 97 89 87 28 47 11 
22 17 5 28 90 71 3 8 91 60 10 30 11 96 93 33 68 6 74 77 44 70 45 92 97 95 34 64 37 84 39 87 73 54 43 49 98 66 1 56 40 7 81 27 51 38 25 85 29 83 72 100 50 89 75 31 36 15 2 46 78 94 24 61 14 23 35 16 58 62 86 21 99 88 12 9 18 57 41 67 55 42 79 63 53 52 19 59 65 69 13 20 26 48 80 32 82 76 47 
49 85 89 43 4 23 3 45 41 88 7 39 34 70 27 96 22 53 92 80 72 99 24 59 91 60 50 58 82 67 37 75 69 30 54 36 44 32 33 6 77 79 21 25 78 97 84 57 19 74 68 1 2 35 52 13 55 61 62 98 9 100 38 48 47 87 31 94 65 66 86 14 73 16 83 15 29 12 26 90 46 81 64 40 51 18 93 17 8 11 42 71 56 10 63 95 28 76 20 
61 87 85 46 95 28 96 20 67 97 15 22 88 86 23 73 17 2 92 54 79 27 81 91 36 100 10 13 11 26 43 21 40 58 71 47 45 12 31 18 4 78 7 75 34 39 80 8 89 35 59 55 62 84 3 98 90 49 64 1 5 33 38 19 72 14 63 37 77 51 82 69 60 29 65 16 56 94 50 53 32 48 68 52 93 24 74 76 44 66 83 9 41 25 30 42 57 70 99 
51 87 24 74 63 58 56 65 15 19 80 28 53 23 67 75 31 100 9 76 5 68 62 81 35 11 95 97 13 49 26 41 69 20 2 17 96 94 16 59 6 14 45 42 47 32 18 48 46 78 79 66 73 57 39 70 92 91 54 22 50 38 33 3 25 71 83 64 4 61 44 21 36 84 12 1 40 72 86 99 82 55 93 52 88 34 90 37 43 89 8 77 85 60 98 30 10 29 27 
91 66 75 50 21 29 92 46 31 96 5 79 1 98 30 89 68 4 63 2 93 27 90 45 22 40 59 13 6 48 18 20 82 16 42 36 35 100 56 41 87 84 15 60 39 17 19 67 49 80 53 25 64 54 9 10 99 51 55 94 88 3 70 77 24 28 97 69 11 83 73 33 7 85 58 61 23 37 38 34 44 57 76 86 74 32 52 12 26 47 72 71 65 43 81 78 95 62 14 
54 58 43 61 29 83 3 42 82 70 89 10 8 24 52 38 50 92 79 95 17 20 47 55 49 18 31 46 69 73 44 14 80 6 1 87 97 12 35 74 25 67 86 93 78 33 64 81 84 100 48 68 57 2 32 41 94 60 88 7 90 59 22 77 91 30 26 13 28 37 45 63 96 62 4 53 5 39 99 98 65 27 71 40 85 11 23 19 51 21 72 15 76 16 34 75 36 66 56 
67 22 77 74 97 57 26 87 20 89 76 55 14 92 95 9 70 72 36 96 25 1 93 31 13 35 4 80 68 3 37 50 2 61 83 71 85 5 65 44 11 94 30 64 58 8 78 59 63 21 27 29 46 73 32 43 69 60 79 100 82 24 23 53 38 54 12 45 90 56 42 98 17 66 34 16 81 75 18 88 48 7 62 84 47 28 49 51 99 52 6 39 91 41 15 19 40 33 86 
12 20 16 23 40 7 51 33 56 100 92 21 72 67 99 38 22 14 90 10 47 5 65 17 82 26 66 84 27 70 15 91 77 30 85 97 36 89 1 9 18 93 55 64 31 46 43 13 50 60 6 62 48 83 37 4 35 87 96 71 29 80 44 59 78 25 8 95 79 3 39 34 74 86 58 52 41 68 75 98 24 57 45 94 88 73 19 32 49 54 42 63 69 28 76 61 53 81 2 
85 89 7 90 62 96 41 43 45 93 9 73 55 76 51 24 15 8 50 6 56 88 48 74 95 100 61 39 32 54 65 28 25 52 77 66 40 17 3 58 1 21 59 20 46 60 42 68 98 49 33 5 37 35 75 71 27 87 34 38 11 10 72 64 97 86 67 92 23 70 13 53 81 47 36 18 69 99 80 4 79 83 91 22 29 63 57 82 94 26 44 78 19 2 84 30 14 16 31 
85 35 100 60 78 41 89 33 43 9 27 12 31 38 45 24 29 81 68 2 66 97 88 80 73 11 65 62 58 92 20 4 71 70 50 99 14 94 40 10 15 25 86 91 8 67 5 69 98 23 76 82 72 1 46 30 52 87 48 63 7 61 16 54 96 18 19 32 56 37 59 64 79 22 84 57 6 74 34 47 49 83 95 44 93 21 36 42 3 90 28 53 55 77 17 39 75 26 51 
66 69 42 94 31 13 17 83 85 11 95 32 8 12 50 56 5 98 24 54 49 97 45 43 70 40 68 26 62 34 19 47 16 89 73 25 22 37 90 60 88 79 2 64 76 9 65 78 51 38 39 80 4 20 100 99 29 36 41 28 91 75 59 84 3 46 21 18 92 35 52 96 72 93 82 87 6 27 63 44 86 71 61 30 10 1 55 77 33 15 57 48 23 53 74 67 7 58 81 
57 58 99 33 68 35 40 86 43 55 11 28 59 63 5 72 87 46 34 74 45 41 23 9 82 4 25 51 65 93 49 77 84 89 70 66 50 94 29 85 24 67 30 6 3 31 12 61 44 42 79 8 53 1 18 7 20 19 13 76 26 60 47 95 36 97 10 27 64 56 96 83 73 16 75 91 80 90 21 81 48 69 38 39 14 98 62 92 2 32 37 100 52 17 54 78 71 22 88 
31 2 69 72 48 29 13 22 77 92 45 34 70 88 6 37 74 93 3 87 52 58 20 24 83 91 40 14 9 90 27 54 99 30 59 42 84 73 36 12 56 79 80 17 96 8 61 81 35 85 82 67 21 51 89 53 7 32 71 66 11 10 25 46 23 28 76 55 1 75 19 94 64 38 86 68 5 39 49 43 65 41 33 100 18 57 98 50 47 26 60 97 95 62 44 63 4 15 78 
69 1 40 60 36 30 11 35 63 92 96 39 41 45 34 3 47 50 2 61 84 64 62 97 28 20 71 21 76 10 49 87 70 65 13 95 77 53 48 7 100 98 24 58 55 75 99 4 56 79 81 74 14 54 83 80 91 8 16 25 82 15 52 37 93 22 66 86 18 33 6 51 73 46 9 68 42 44 5 94 67 43 88 29 85 89 27 32 59 12 57 31 90 78 23 19 26 72 38 
9 68 48 76 12 21 96 27 79 83 91 14 87 29 77 4 82 49 13 26 86 24 90 60 75 39 28 70 50 65 6 17 40 44 31 15 37 73 16 97 32 67 74 58 35 98 34 95 63 52 94 51 36 46 3 5 64 10 78 88 61 42 54 45 69 38 19 8 66 99 56 62 59 30 72 85 7 20 53 11 84 43 25 57 71 22 100 23 93 33 55 1 92 2 80 47 41 89 81 
93 86 60 90 51 31 92 44 15 76 30 13 50 57 71 21 48 55 7 32 74 46 40 69 22 18 75 91 12 41 66 37 65 99 45 70 9 94 10 20 33 34 100 16 80 96 73 58 62 42 88 24 84 56 81 95 78 63 82 83 61 11 14 28 38 17 1 26 97 36 2 89 59 77 53 35 98 54 8 4 39 27 29 87 23 79 67 72 6 68 25 49 47 52 43 5 64 85 3 
93 39 89 75 59 80 40 96 62 95 94 14 42 44 3 71 6 9 99 90 46 43 12 24 41 23 77 48 49 8 83 86 88 97 26 10 68 22 4 98 19 25 56 17 16 15 72 58 29 1 33 91 87 54 28 65 52 60 76 18 35 85 64 38 2 92 55 73 69 67 51 7 81 34 53 27 66 57 78 30 61 79 84 74 70 50 37 100 47 13 11 32 45 5 63 82 31 21 36 
95 40 34 93 98 32 89 15 12 36 58 18 59 8 77 53 92 63 55 14 26 87 71 91 5 27 7 22 30 75 10 20 70 42 80 29 83 57 67 46 73 99 85 61 13 47 65 82 78 23 50 100 4 54 96 68 28 1 56 51 88 3 74 76 69 66 72 43 19 48 45 17 9 31 90 49 84 11 97 81 94 37 52 79 6 16 62 35 25 24 39 33 38 86 41 60 2 64 44 
24 45 16 6 50 95 58 82 88 17 49 32 77 73 66 99 2 96 51 41 33 68 40 19 47 64 63 31 30 55 12 93 3 21 7 72 94 56 53 44 54 98 28 86 15 52 23 39 80 61 5 57 62 26 81 1 8 76 4 14 20 11 9 43 34 67 46 65 78 92 60 79 83 59 85 10 74 87 38 18 37 42 91 90 97 69 84 36 75 25 70 71 100 48 35 13 29 89 27 
52 3 16 94 2 67 76 12 79 39 81 33 78 65 26 32 53 44 88 72 20 6 22 43 34 100 31 80 51 62 35 86 95 58 60 63 27 96 11 71 9 73 49 55 38 37 91 25 14 74 82 66 61 21 68 41 36 92 42 85 69 30 50 10 54 17 90 15 97 99 83 1 29 98 24 19 56 47 48 7 75 70 87 57 46 4 93 40 45 5 8 28 64 84 89 13 59 77 18 
8 86 1 38 57 97 60 83 10 61 95 79 73 56 72 82 75 39 69 17 66 31 2 98 91 11 54 6 28 20 13 19 12 89 50 46 87 27 65 92 51 33 48 35 32 84 85 80 29 68 74 47 16 30 88 37 62 70 4 49 77 96 93 52 94 15 41 99 7 100 63 55 58 21 36 64 53 42 5 34 81 3 67 40 59 18 23 26 22 44 90 9 76 43 14 78 25 45 71 
89 56 7 80 96 20 24 37 66 34 41 85 72 18 45 9 76 95 6 98 32 75 58 10 87 46 31 8 19 47 52 13 83 29 79 67 77 44 74 22 88 1 70 14 99 84 54 94 35 39 82 86 61 90 38 81 62 50 2 5 59 78 43 92 63 69 12 97 26 21 17 57 48 11 33 42 3 16 64 27 4 53 28 68 23 91 55 51 49 65 71 30 40 15 100 36 60 93 73 
73 88 8 30 95 99 89 12 10 86 100 9 29 66 34 93 76 62 85 84 58 61 43 19 5 94 45 78 25 1 24 21 52 55 11 68 74 13 48 17 4 96 97 91 54 67 92 40 65 57 71 37 32 6 44 90 14 64 7 59 98 35 53 87 51 18 2 28 69 36 49 50 20 75 41 63 16 77 60 70 56 22 23 3 38 72 31 83 81 27 15 39 42 33 82 79 47 80 46 
28 94 82 51 90 96 50 81 17 42 65 84 7 38 76 74 1 49 52 88 25 46 4 70 10 11 9 97 12 89 26 32 93 14 78 71 23 29 39 37 79 36 54 2 100 35 75 41 55 98 86 15 31 24 69 66 20 64 44 47 6 21 13 87 92 34 19 48 83 61 22 60 18 8 72 91 45 99 43 16 62 33 53 3 59 5 73 30 77 40 85 58 57 95 56 67 63 80 68 
50 96 90 69 60 48 39 25 15 44 66 37 92 95 72 98 43 61 57 10 99 56 22 31 89 34 3 100 20 32 80 26 97 76 58 85 1 78 79 63 23 12 16 59 46 24 65 8 54 5 6 87 36 45 29 86 75 49 68 81 52 17 27 13 19 91 9 21 64 47 11 35 51 62 38 88 67 74 84 18 82 42 70 73 40 77 53 33 4 7 71 30 41 83 2 14 55 94 93 
84 35 43 76 25 75 19 81 54 3 73 74 96 20 24 5 30 41 4 9 66 70 55 92 48 80 16 77 2 28 95 57 62 61 33 58 88 72 46 78 36 39 93 15 42 64 68 98 90 45 91 65 31 47 89 60 67 53 14 21 87 8 94 99 34 11 83 27 13 86 97 17 23 51 49 10 56 69 37 82 38 18 85 26 100 1 71 7 32 63 52 12 59 22 79 44 40 50 6 
57 55 88 31 23 91 39 72 16 70 83 82 59 64 71 49 22 32 65 35 99 8 95 86 37 4 24 77 10 74 58 19 66 67 76 87 52 51 43 5 13 56 50 6 60 25 21 89 79 1 42 92 20 38 28 94 96 15 27 80 45 75 97 48 29 18 54 90 2 68 100 93 26 41 14 36 98 9 17 62 44 85 47 63 84 33 81 12 53 11 69 73 7 34 61 46 3 78 40 
28 73 38 67 1 12 72 48 11 90 27 9 3 80 32 5 52 26 63 98 100 95 19 45 69 50 92 10 85 25 75 8 42 22 96 7 77 65 15 78 74 30 62 99 17 41 59 6 29 83 4 40 18 44 60 2 21 55 86 68 34 14 36 56 24 64 81 91 82 87 54 84 33 46 49 13 94 57 61 76 89 20 97 16 35 47 58 37 66 93 53 71 23 43 79 88 70 51 39 
38 89 43 82 34 10 16 98 46 57 48 53 14 7 85 41 40 33 62 36 91 97 80 88 3 15 96 60 56 24 26 70 11 54 66 99 19 31 86 69 95 61 5 45 9 20 67 47 50 6 68 58 29 94 23 87 2 17 81 22 93 27 76 55 100 37 12 44 30 75 52 72 49 74 25 28 21 42 35 84 73 39 79 18 65 8 64 92 59 90 1 51 77 78 4 71 83 63 13 
98 20 60 25 71 46 39 13 26 76 97 44 18 15 19 66 64 9 12 93 31 65 7 87 50 83 6 11 80 84 49 38 61 96 35 16 78 45 5 68 40 10 36 2 55 42 88 1 28 82 99 29 14 54 73 21 90 91 52 75 48 34 72 86 58 62 100 37 74 63 41 23 69 47 3 30 32 92 70 56 95 57 51 85 79 17 53 4 81 22 77 8 24 43 89 59 27 94 67 
83 55 78 97 9 94 22 60 73 20 70 76 52 14 96 4 72 67 81 44 77 36 45 54 41 66 57 53 75 5 82 92 95 56 86 85 24 42 28 61 46 49 26 10 74 32 63 65 43 51 15 17 18 80 11 35 16 21 12 87 30 19 37 23 50 69 3 68 8 90 99 59 31 25 29 79 89 40 98 1 39 7 13 64 71 33 47 48 84 58 2 88 91 38 27 62 100 6 93 
98 41 17 96 18 100 50 3 42 51 36 59 91 24 32 23 5 63 89 87 4 26 71 92 73 52 34 95 9 30 28 39 19 33 69 20 37 44 76 79 84 82 48 88 2 94 93 86 75 29 12 80 14 85 45 78 53 77 60 47 72 11 66 81 31 27 8 1 6 46 56 62 15 97 58 40 65 22 13 67 43 38 10 57 64 21 55 68 16 49 7 99 70 54 74 61 90 83 25 
15 80 22 47 70 45 17 25 23 78 11 71 26 38 90 96 77 98 55 73 85 19 30 42 51 24 48 35 37 32 64 52 27 82 43 16 92 97 88 5 34 6 8 49 54 66 100 59 31 68 14 7 94 4 29 81 46 1 18 87 60 74 99 3 67 65 57 93 20 44 83 61 56 13 72 10 95 76 58 21 79 2 69 75 39 89 86 50 40 63 84 62 9 53 28 33 91 12 41 
53 16 65 32 48 69 90 100 67 18 42 49 97 56 5 99 45 39 11 34 94 15 80 50 87 68 24 58 89 98 40 4 62 21 79 25 20 55 29 23 54 81 31 35 52 51 13 22 1 61 64 6 36 7 77 60 72 28 66 82 86 19 33 27 57 14 83 44 95 3 88 73 84 85 10 9 78 76 8 91 46 26 47 12 74 2 70 43 30 71 17 92 41 59 75 93 38 63 96 
47 57 32 99 61 33 41 55 72 73 39 70 58 46 84 49 45 52 18 89 97 79 48 66 87 14 26 59 4 40 35 29 24 91 94 83 9 5 76 31 37 1 88 12 95 17 98 92 21 81 15 56 90 36 19 30 13 50 74 67 82 2 6 78 75 100 96 80 44 43 23 28 11 10 22 86 16 93 85 20 68 71 3 63 8 7 27 65 60 42 69 77 34 62 64 25 51 54 53 
32 85 6 61 22 47 42 54 17 36 96 21 58 90 14 82 76 97 55 18 64 40 19 84 8 75 86 20 24 99 98 79 27 30 28 89 16 56 52 92 23 78 4 48 15 83 95 41 88 46 62 34 26 57 93 100 3 67 59 81 50 60 53 7 35 49 1 63 25 65 44 94 72 37 74 69 68 45 31 38 71 9 29 73 2 10 51 66 5 70 13 77 43 33 12 11 91 80 87 
39 53 88 36 62 72 76 24 45 12 56 73 96 22 75 30 34 31 2 35 29 11 21 80 16 33 9 89 57 65 90 8 15 92 7 26 48 60 81 32 71 3 19 49 79 98 77 93 63 97 55 67 13 47 58 23 91 52 68 28 6 70 100 5 54 69 87 82 66 18 14 83 17 46 84 51 37 61 74 50 59 27 42 64 99 20 4 86 85 44 41 25 94 1 95 10 78 43 38 
67 51 87 22 71 62 8 37 35 19 24 95 43 58 88 54 49 72 86 18 91 36 50 60 2 66 93 33 31 92 15 42 96 59 16 63 90 70 74 55 23 47 34 78 52 45 11 65 27 3 68 29 10 82 64 57 76 9 40 80 17 89 7 61 56 100 25 46 13 30 97 98 28 4 1 73 20 77 38 48 6 75 32 99 53 5 83 94 26 84 12 21 39 79 14 85 69 81 44 
94 44 36 88 63 38 61 10 7 33 71 89 80 76 79 90 21 16 39 13 96 57 50 12 20 30 27 31 4 73 58 67 81 97 35 28 91 24 55 54 41 64 29 22 43 60 32 78 56 53 18 82 25 77 68 92 62 66 59 6 19 85 17 40 84 52 14 100 3 23 95 86 75 46 49 47 26 72 8 2 5 11 69 15 98 93 9 83 45 74 70 48 1 87 99 51 65 37 34 
93 46 99 44 14 17 60 90 40 45 9 82 39 69 7 24 50 71 49 67 83 85 47 11 15 75 1 79 33 86 92 13 56 68 63 26 96 100 89 4 29 22 57 37 19 65 6 58 80 52 53 54 84 25 12 72 48 70 98 36 66 3 10 16 76 32 55 30 73 38 74 18 77 31 21 87 20 61 59 94 95 81 34 5 28 41 97 23 8 42 91 35 78 64 51 88 27 62 2 
11 37 83 34 89 8 72 35 55 42 63 2 94 1 91 54 47 68 93 38 77 31 20 45 96 61 50 52 16 39 22 41 28 14 80 88 10 12 75 53 79 9 21 27 73 70 99 98 65 95 43 74 67 17 56 40 6 100 97 82 23 90 76 87 66 84 13 48 25 7 78 32 5 81 58 29 64 26 33 19 18 69 24 92 36 62 86 60 51 3 4 57 71 85 46 49 30 15 59 
77 70 53 12 60 26 17 35 99 1 97 87 47 43 16 62 84 74 27 80 57 4 79 69 9 7 36 67 58 20 40 23 73 41 71 14 66 48 42 94 82 93 38 28 83 19 96 37 30 24 76 85 32 31 64 81 44 51 92 33 5 98 29 72 39 88 8 59 2 100 22 50 49 10 52 54 91 6 61 56 95 68 13 89 46 34 75 78 25 90 15 3 86 18 63 21 55 65 11 
1 53 89 77 14 45 37 65 39 58 7 95 73 21 52 87 20 49 98 15 92 28 29 8 68 91 40 97 85 23 54 83 96 84 63 41 31 60 94 24 34 93 5 59 18 13 69 10 36 25 71 61 3 30 4 74 82 51 2 19 57 88 81 35 43 55 38 75 32 17 33 72 66 62 47 90 9 86 67 11 64 76 100 27 12 78 70 48 44 50 80 22 99 56 6 26 79 16 42 
75 81 20 64 14 26 76 34 19 88 63 51 67 54 89 35 98 2 25 87 46 52 32 17 38 90 69 1 29 68 93 70 10 43 66 37 74 28 16 7 72 53 8 97 78 48 77 45 44 11 12 13 36 59 30 99 80 42 18 57 24 100 86 61 83 85 3 50 31 41 79 9 71 27 5 58 56 60 95 21 40 22 94 62 91 33 15 23 55 39 6 73 84 96 49 92 4 82 65 
44 99 38 74 10 88 53 46 70 18 26 69 9 89 67 92 12 24 32 34 51 58 47 6 7 25 91 64 90 81 37 16 68 66 41 71 96 52 78 49 56 42 62 8 14 80 36 39 55 79 33 40 29 17 61 35 73 77 19 4 22 84 60 93 63 20 13 21 5 75 43 57 94 72 65 27 31 45 50 83 3 23 86 76 100 87 97 54 85 28 30 95 11 59 82 2 98 1 15 
69 83 9 61 73 63 79 48 7 4 6 26 21 78 97 98 19 12 86 51 32 68 50 82 85 67 72 29 46 93 84 71 95 94 15 81 31 18 23 60 42 40 14 87 36 33 80 70 20 56 35 27 47 39 53 89 22 45 44 5 64 2 59 8 10 66 38 3 57 34 37 55 41 76 92 28 58 30 88 52 13 54 16 1 11 74 90 91 62 75 100 77 65 25 99 96 17 43 24 
20 21 90 74 31 87 36 41 54 71 19 23 59 27 49 76 37 65 81 15 83 46 64 89 98 86 66 17 10 96 78 67 95 70 61 88 75 28 69 99 40 35 9 84 45 51 33 39 56 24 4 57 16 60 6 43 30 48 18 63 26 62 100 42 73 2 13 14 29 8 94 68 82 91 22 44 93 12 25 32 55 34 47 3 53 5 77 52 92 38 97 80 11 58 85 7 79 72 1 
22 43 19 7 35 60 54 96 71 52 39 58 38 44 46 89 98 13 93 59 77 86 69 1 20 29 76 79 37 17 99 61 36 67 14 28 5 24 88 56 95 100 63 78 49 45 18 48 31 70 91 23 94 4 8 85 11 41 15 68 74 65 16 40 26 82 27 47 25 57 3 72 55 90 80 81 42 97 34 84 21 6 64 12 9 10 30 73 75 33 92 66 87 83 50 53 32 2 62 
42 10 35 77 84 4 96 28 85 98 92 11 71 48 33 15 45 91 7 29 68 40 8 55 16 62 41 22 27 79 26 39 53 54 21 3 23 18 50 93 20 63 78 64 67 58 75 59 83 80 99 95 65 87 37 44 73 17 31 97 14 94 34 90 61 1 69 38 30 76 74 32 100 51 66 6 47 46 86 19 60 9 57 24 70 72 43 36 89 5 25 81 2 56 88 12 49 13 82 
33 72 64 59 46 44 37 77 20 55 36 93 95 18 12 69 50 80 58 54 84 67 52 31 82 70 5 29 57 17 87 51 8 78 66 60 10 6 71 30 63 28 16 40 42 22 32 73 11 41 21 3 49 81 34 100 94 89 68 43 97 19 61 4 88 83 99 85 15 47 26 74 23 14 76 35 39 92 7 91 86 27 62 65 48 56 45 98 24 90 2 79 38 9 75 1 13 96 25 
43 29 99 92 7 34 80 100 14 23 94 33 20 28 79 50 35 47 1 46 90 41 78 22 57 75 53 11 31 16 66 27 42 85 93 12 76 30 73 45 87 25 51 6 97 91 96 82 49 32 81 9 13 2 18 39 83 68 15 84 37 77 8 88 67 63 62 40 55 19 36 89 10 58 3 74 44 4 72 65 98 48 71 95 38 64 5 17 21 52 59 26 24 86 60 70 61 69 56 
86 70 29 12 45 44 98 90 27 92 65 97 28 62 3 52 59 17 7 30 73 1 54 9 18 75 23 43 32 14 71 87 79 38 24 41 69 10 80 78 37 89 19 61 35 81 40 84 42 47 15 20 67 8 53 100 83 76 68 93 11 50 34 72 5 82 56 33 36 26 25 57 66 77 60 4 63 58 16 6 48 94 46 39 88 21 22 51 74 64 96 2 99 31 49 95 13 91 85 
19 90 51 94 5 78 15 28 6 4 11 17 69 100 85 81 86 75 82 58 18 42 53 66 98 49 44 77 99 13 22 76 41 65 96 54 47 16 48 7 60 64 59 73 57 10 52 37 50 80 93 74 91 71 21 25 9 8 79 20 36 46 33 72 31 55 95 1 62 67 88 45 29 35 3 40 92 12 34 68 87 38 23 61 83 89 24 32 84 39 2 27 97 30 43 70 26 14 63 
66 9 4 29 41 56 90 63 5 69 83 10 96 3 87 78 33 49 14 43 46 12 22 61 67 2 8 32 70 24 74 54 16 28 17 19 47 31 6 68 38 11 51 53 15 62 77 80 44 88 20 23 94 13 76 37 40 35 18 34 64 39 42 60 79 72 25 100 36 65 91 85 95 59 71 97 58 52 73 26 21 98 45 55 30 92 82 86 48 27 75 89 93 84 99 1 7 81 50 
83 21 31 60 62 98 20 95 18 38 47 23 17 44 16 81 48 90 28 68 97 65 75 25 88 36 67 79 40 11 13 82 51 89 55 43 12 8 34 46 87 9 96 78 91 59 2 37 74 22 54 39 52 80 76 53 72 45 33 30 63 10 69 100 14 57 94 56 3 27 84 42 5 93 32 50 35 64 49 15 4 86 73 24 70 92 77 1 99 19 71 7 61 29 6 66 41 26 85 
3 81 21 17 65 9 32 96 45 15 29 13 35 82 42 70 4 56 2 86 83 30 80 8 22 99 6 27 19 33 44 75 94 48 53 60 78 50 87 58 64 34 28 52 97 84 20 71 66 11 72 62 51 95 68 74 88 77 18 89 61 79 73 67 93 10 49 69 24 23 43 47 1 31 92 14 98 91 55 38 46 12 40 76 26 39 63 100 5 54 25 36 90 7 57 37 41 16 85 
27 20 79 74 12 100 14 24 8 15 88 50 55 72 18 52 35 19 83 23 38 34 91 7 48 93 68 43 21 70 71 44 40 42 3 78 58 29 6 81 73 97 95 45 17 64 4 10 11 61 33 59 31 47 90 16 96 89 84 1 92 49 87 67 30 76 82 54 56 13 51 26 53 75 77 65 46 32 62 85 98 37 39 36 25 94 9 22 57 69 5 80 28 66 63 41 2 86 99 
34 49 73 48 84 64 11 45 51 86 57 10 35 53 68 13 78 24 56 52 41 23 83 59 55 98 85 66 37 92 7 14 82 74 33 63 43 4 6 38 54 93 25 19 1 71 47 44 94 22 3 96 46 28 72 50 76 87 79 70 17 88 60 26 99 39 9 69 36 90 8 29 32 100 16 91 62 77 58 27 31 12 97 2 95 30 81 75 65 89 67 5 15 80 20 42 18 40 21 
91 25 79 48 6 5 60 1 10 12 97 43 64 86 44 49 73 8 80 51 70 98 95 29 17 21 18 84 65 90 96 9 76 74 36 37 47 100 61 71 3 22 11 27 2 54 89 56 14 30 41 39 94 68 46 77 81 15 20 99 40 32 26 19 28 38 53 50 87 42 69 78 16 58 82 7 72 52 13 75 24 57 35 31 34 33 67 55 92 83 45 66 23 85 59 63 88 93 4 
34 77 41 13 98 53 75 39 61 49 5 16 66 91 43 19 48 8 55 64 52 89 79 15 33 92 87 78 38 86 29 26 59 88 22 96 95 10 18 40 44 99 74 42 54 62 32 81 14 84 36 83 70 90 80 50 85 67 69 73 9 46 28 3 82 100 25 1 24 21 27 65 12 47 93 7 2 45 4 58 97 71 30 17 60 31 57 72 68 20 51 6 76 56 94 35 37 11 23 
47 80 54 45 87 82 36 48 4 5 99 9 2 20 25 62 18 81 12 50 26 60 94 77 23 46 58 41 15 42 91 34 49 59 38 90 68 16 73 84 21 96 3 27 29 14 35 78 55 79 33 7 66 32 6 57 24 52 11 67 98 53 61 65 76 17 86 85 56 92 51 75 95 31 100 97 13 39 70 43 83 88 93 22 89 1 44 37 10 74 40 63 28 30 71 69 19 8 72 
82 66 97 34 69 73 68 41 29 5 39 79 48 47 35 12 8 60 14 24 44 3 7 45 85 50 75 70 22 67 9 15 4 94 13 18 86 42 72 38 91 6 52 30 63 64 100 33 95 98 49 78 20 32 53 87 80 96 62 40 25 81 31 19 21 92 11 74 84 57 55 2 17 77 89 59 56 93 54 88 1 58 76 71 37 61 99 23 43 51 46 16 26 10 36 27 83 28 90 
84 36 97 88 19 83 40 75 70 72 13 79 91 43 6 17 56 54 32 60 41 65 11 59 44 23 31 55 16 8 21 69 62 95 61 26 63 67 5 48 76 87 81 47 52 4 85 82 92 50 57 37 78 98 22 38 20 27 42 74 93 64 12 25 99 46 35 94 29 18 34 33 77 15 7 49 53 2 14 96 51 100 1 39 30 68 73 71 58 10 90 24 80 28 89 86 9 3 45 
23 75 35 80 52 92 46 91 42 93 43 83 51 63 61 54 77 68 71 24 59 12 76 45 73 49 95 21 19 14 74 7 13 1 36 11 72 56 26 78 90 5 89 31 82 98 30 65 38 86 84 57 47 28 96 60 18 70 41 99 32 20 34 4 25 94 79 16 10 48 58 37 85 39 81 27 17 87 100 62 8 97 6 2 53 64 50 22 44 3 33 88 29 9 15 55 40 66 69 
86 18 21 41 94 92 39 56 33 26 53 74 47 87 44 66 17 80 35 64 10 1 46 67 70 11 29 69 12 51 52 91 50 72 95 19 15 4 20 89 36 40 83 82 96 14 97 13 77 93 2 25 28 79 55 8 81 76 61 75 60 32 22 78 34 71 5 24 98 42 62 30 27 9 37 57 49 45 85 3 88 90 6 16 31 48 43 58 100 84 63 23 38 59 65 99 54 7 73 
2 19 16 46 65 10 47 86 8 38 96 24 35 5 93 49 87 81 56 1 84 3 94 22 55 33 52 41 12 4 34 78 83 18 73 70 95 79 54 59 88 21 26 85 39 72 45 57 91 36 15 30 42 100 14 80 27 60 40 77 76 25 64 48 23 20 11 9 82 13 68 61 7 71 92 58 31 98 28 66 29 63 74 50 53 32 51 44 89 62 6 90 43 97 67 17 37 75 99 
65 55 32 12 9 69 50 51 100 97 48 28 80 82 1 7 18 74 87 83 72 41 31 47 99 40 3 21 76 96 17 35 85 36 39 86 6 90 91 73 57 92 68 8 14 19 89 25 44 52 60 67 84 93 27 45 16 2 63 54 37 4 49 78 53 29 42 75 13 98 77 59 10 88 24 46 79 64 81 43 22 15 56 66 71 95 94 61 26 5 20 38 11 62 58 34 30 33 23 
81 54 96 22 84 3 86 73 64 25 65 76 32 37 35 9 5 56 18 24 89 31 60 39 97 19 72 55 87 46 17 41 43 42 20 79 98 36 99 33 34 100 45 40 52 70 14 61 47 16 92 90 28 93 83 91 1 7 12 48 6 68 75 88 78 44 77 2 29 80 66 49 63 95 10 94 11 85 38 26 59 82 30 4 15 51 69 27 13 21 23 8 58 57 53 50 74 62 67 
9 1 68 27 10 85 3 53 81 89 63 62 48 35 97 21 91 70 25 17 87 16 93 73 64 11 92 40 42 8 84 12 33 30 31 66 76 86 82 29 95 59 75 45 94 90 38 14 60 36 56 100 98 71 49 77 57 7 37 6 96 83 74 58 32 18 78 4 55 28 43 79 20 52 99 80 5 47 13 39 15 88 67 51 41 26 50 34 61 24 69 22 65 2 54 46 23 19 44 
2 58 34 48 41 86 51 81 97 11 25 74 92 64 65 5 70 22 36 26 24 69 96 60 87 53 63 85 76 20 44 32 62 8 49 68 28 27 75 15 90 57 6 9 18 59 77 56 7 82 100 16 3 38 79 40 98 4 23 1 12 55 37 35 80 83 61 33 50 88 21 67 93 94 52 31 39 84 29 45 17 72 95 30 91 13 89 71 66 43 47 99 54 78 19 42 14 46 10 
88 18 75 41 64 99 52 3 98 100 68 94 14 30 70 47 85 49 27 35 86 97 21 63 10 81 31 23 15 44 84 28 1 54 4 56 32 80 48 96 76 58 79 9 43 73 11 39 25 62 61 59 19 69 5 8 90 40 89 22 50 93 26 12 87 46 42 29 60 34 67 57 2 95 91 53 13 51 38 92 82 78 55 66 45 71 33 7 6 24 36 65 72 20 77 83 17 16 37 
20 18 33 19 39 59 15 65 40 73 100 71 58 68 4 88 81 87 6 96 43 79 14 60 35 82 92 7 84 48 12 69 16 45 3 78 91 10 83 49 63 97 27 28 77 66 21 98 11 76 94 80 53 95 62 1 47 64 38 85 56 70 36 26 67 23 32 89 8 25 99 72 42 50 74 34 41 9 57 52 86 30 51 46 22 37 54 13 44 61 2 17 93 5 29 90 31 24 55 
80 78 94 15 40 33 75 22 88 32 6 24 77 60 55 49 46 30 53 68 12 70 91 66 96 87 25 5 41 16 31 58 61 54 26 74 83 36 86 13 29 93 95 84 67 11 28 21 72 99 50 98 89 42 20 62 27 65 1 100 4 2 34 73 71 56 43 64 48 81 3 9 38 52 17 18 69 90 14 97 47 45 23 39 37 10 85 7 35 19 59 82 44 51 79 92 57 63 8 
39 34 53 78 40 45 60 9 51 18 29 76 54 61 48 71 13 99 86 55 11 17 64 62 21 91 68 30 81 100 33 44 52 73 36 10 42 5 6 50 59 12 37 67 32 31 95 14 89 46 23 19 49 84 47 92 2 25 3 38 24 80 4 65 20 93 43 27 74 1 97 96 72 8 16 79 15 85 66 90 87 82 35 7 26 22 63 56 41 69 83 57 94 75 98 70 88 58 28 
26 9 96 51 46 19 99 71 80 55 98 15 22 44 63 43 5 34 74 27 95 24 33 65 37 38 58 47 4 60 52 83 41 72 17 12 68 6 85 7 57 53 16 50 100 21 29 31 42 35 48 8 89 13 25 28 11 70 3 20 49 69 67 2 91 62 79 10 86 81 82 30 75 18 87 77 92 23 64 39 1 40 32 76 66 90 56 94 88 93 59 61 97 73 45 36 84 54 14 
67 9 77 69 17 23 84 16 83 80 31 21 90 100 28 78 60 3 27 1 54 58 88 70 22 72 89 32 75 40 99 47 10 93 53 87 82 7 35 24 74 86 39 26 38 64 98 48 34 97 25 14 81 55 42 33 41 52 5 51 37 63 4 11 56 43 59 57 36 18 15 29 92 8 46 19 45 96 91 62 61 44 49 13 2 6 66 50 12 76 65 95 94 30 71 73 68 85 20 
60 44 93 57 28 36 1 34 74 81 8 14 98 48 53 18 77 17 56 79 10 47 37 46 90 42 40 20 38 86 22 43 88 58 62 33 87 3 13 66 69 91 82 31 25 52 19 97 11 72 39 7 9 73 76 67 41 32 63 5 71 70 51 61 2 96 26 45 55 84 65 29 15 54 92 24 78 59 27 23 4 16 50 85 100 49 89 6 94 99 75 83 12 64 68 21 35 95 30 
32 27 33 69 55 77 28 76 31 40 35 18 53 8 100 34 45 60 6 42 2 94 93 78 65 5 86 12 48 99 87 97 3 1 90 25 58 89 23 98 16 63 95 52 26 30 68 96 47 43 22 14 70 49 59 4 21 20 73 84 92 39 44 46 37 83 7 79 91 74 72 67 11 29 88 51 36 57 38 50 24 85 62 66 17 54 9 15 41 80 61 13 56 71 19 64 10 75 82 
1 46 2 94 92 30 38 95 76 52 88 89 6 28 79 23 70 42 29 80 91 97 48 54 59 34 58 8 65 39 96 51 3 7 77 14 90 21 75 63 19 93 73 12 67 78 11 66 53 16 71 15 56 4 32 99 61 41 74 49 17 22 87 83 5 72 13 86 68 100 10 47 18 43 33 20 40 69 25 64 45 27 81 62 36 31 60 85 37 84 44 50 98 9 26 35 57 55 24 
30 92 49 24 67 15 75 40 80 91 56 12 53 37 65 87 58 32 61 33 71 17 82 93 66 98 16 51 70 59 39 5 10 68 22 38 1 64 21 44 99 88 36 2 85 96 78 86 9 74 95 47 34 63 6 41 94 3 28 23 89 45 100 18 8 81 73 60 77 14 62 43 55 27 19 50 97 25 57 13 42 26 48 20 31 11 79 7 90 54 69 72 84 29 52 35 4 76 46 
90 53 60 77 76 73 6 65 34 35 52 56 57 41 7 9 55 46 83 10 40 44 2 51 16 19 38 3 72 98 27 15 36 31 54 92 21 75 93 71 22 50 63 28 66 8 58 25 88 12 89 87 67 37 48 97 32 82 33 74 23 96 1 11 79 69 70 43 29 5 4 94 42 26 64 86 17 14 81 95 45 24 61 20 85 68 49 59 39 62 13 99 18 91 47 78 80 100 30 
11 76 20 31 33 40 42 39 70 66 17 10 92 41 7 95 47 52 44 79 28 98 29 22 25 65 49 55 36 48 21 18 61 56 1 99 81 80 97 27 59 77 62 63 15 37 69 94 96 54 83 64 9 23 82 3 6 78 57 93 13 74 43 86 72 24 53 4 45 84 34 60 91 50 90 8 5 58 14 73 30 75 51 67 100 35 16 87 26 32 2 88 89 38 12 71 68 19 46 
44 87 3 76 88 8 61 95 40 51 81 15 29 45 50 70 13 1 74 97 82 19 93 25 24 66 84 42 39 85 46 7 18 32 65 26 41 58 5 96 48 27 52 4 71 6 64 28 49 62 80 37 94 77 10 67 31 16 98 79 63 43 30 89 90 23 47 68 34 38 54 35 12 60 92 21 75 55 72 22 36 33 73 69 9 100 99 56 14 2 17 78 83 57 91 53 11 20 59 
36 45 48 98 17 3 44 34 96 74 24 76 54 80 56 59 84 92 25 69 89 95 20 4 49 33 29 75 40 51 15 50 82 60 14 32 41 65 61 73 19 46 100 81 35 66 42 5 18 58 31 77 62 86 11 91 27 22 97 93 30 7 10 9 85 55 63 64 13 90 99 70 28 16 78 83 12 21 71 79 68 43 52 53 1 72 8 39 2 6 67 38 88 94 23 26 57 47 37 
64 27 8 45 33 62 10 36 78 6 73 95 24 54 47 82 100 23 7 17 21 28 46 98 55 89 58 59 50 99 71 16 38 84 75 19 69 40 22 20 5 97 96 61 87 76 81 92 93 90 68 12 41 67 14 91 34 60 80 74 31 13 72 30 18 29 25 3 15 85 11 86 26 39 37 70 53 83 42 4 56 94 9 48 66 44 77 35 52 57 43 49 63 79 32 1 2 65 51 
19 55 97 26 6 71 56 33 75 70 80 40 94 4 46 7 23 35 51 30 99 42 47 1 72 82 96 90 85 54 67 3 62 60 9 49 91 44 17 11 53 29 8 18 2 24 48 93 12 45 64 65 61 31 74 32 13 77 92 98 76 22 10 27 69 73 28 25 87 37 38 84 43 39 86 57 16 63 81 20 50 88 21 14 36 68 100 52 15 41 78 59 79 66 5 34 95 58 83 
76 66 22 99 80 18 11 74 52 54 95 67 69 91 89 83 31 26 34 30 92 55 17 86 46 72 9 68 84 13 62 4 75 14 57 2 3 39 5 8 44 43 20 71 88 58 1 6 32 60 63 47 16 81 93 24 96 40 12 73 36 42 100 10 59 79 77 97 33 29 51 65 64 21 78 23 61 28 25 94 35 41 49 82 50 15 19 45 87 56 7 85 70 48 53 98 27 38 37 
87 45 15 65 44 28 95 30 9 50 63 70 36 47 72 49 57 12 93 79 98 55 1 71 19 20 16 42 34 29 84 39 31 6 52 59 10 96 78 4 3 92 48 76 64 41 46 58 21 37 22 62 35 26 75 88 100 90 33 68 69 17 2 5 14 54 83 94 99 38 40 32 24 66 80 86 23 53 51 81 18 61 27 82 85 7 60 56 73 43 77 25 13 11 8 97 74 89 67 
58 48 10 9 84 60 67 94 71 15 30 93 49 86 55 56 39 5 27 13 36 33 68 73 61 8 42 72 53 29 97 38 20 2 54 19 24 7 6 70 76 99 85 64 31 66 69 80 3 91 78 45 22 89 79 96 26 28 4 59 65 17 1 23 87 50 63 62 81 90 44 47 57 32 41 100 16 83 98 11 46 43 35 52 75 34 12 37 77 14 21 40 82 18 88 25 51 95 74 
4 77 20 52 53 58 88 15 2 96 60 94 67 14 57 16 74 87 73 75 1 100 19 65 97 3 26 92 62 28 56 17 29 51 46 40 27 95 11 33 48 82 37 85 32 64 13 30 90 8 45 89 31 54 21 80 35 44 83 49 70 91 18 50 99 43 9 47 12 66 86 23 63 81 25 71 41 42 68 69 24 36 72 5 39 7 78 79 34 59 38 76 10 22 6 55 84 61 98 
14 25 68 31 55 63 61 89 28 76 84 52 87 41 1 7 39 20 79 53 43 4 80 30 59 26 35 60 74 50 42 13 22 12 6 65 83 69 27 40 98 73 44 93 37 24 96 9 66 29 8 11 62 46 97 3 48 67 92 58 88 95 99 77 47 82 90 56 34 2 36 23 81 18 72 100 64 51 71 78 91 85 19 57 45 17 16 49 10 70 38 5 32 75 33 54 21 86 15 
13 49 79 93 83 1 45 91 47 41 50 31 21 69 54 25 37 87 76 8 61 88 96 90 97 15 72 19 82 81 100 77 40 75 86 55 78 16 56 71 12 48 5 2 67 34 24 44 26 39 58 28 99 62 6 4 36 27 63 92 52 74 32 14 10 80 73 23 84 7 85 60 29 11 35 42 17 70 51 59 9 33 43 22 30 66 98 57 38 68 18 20 64 65 94 89 3 46 53 
54 52 35 45 44 27 75 16 40 26 59 51 60 76 39 85 81 6 61 15 78 63 4 5 53 86 72 70 79 41 38 91 3 17 50 31 46 64 47 94 7 89 67 99 56 25 36 43 32 57 88 83 73 55 68 66 21 65 95 11 1 34 69 33 24 42 19 12 23 13 8 98 87 62 49 71 28 77 84 100 37 9 20 97 74 30 80 2 22 48 58 10 18 93 14 82 29 92 90 
54 89 55 33 72 35 49 96 39 60 63 75 94 95 52 45 14 36 12 84 64 37 90 59 43 58 57 1 86 80 85 15 70 17 73 19 8 77 51 13 7 28 100 47 9 26 10 16 5 93 4 34 2 11 21 23 67 38 79 29 56 48 50 92 24 74 46 18 41 88 61 44 87 66 83 30 65 31 71 22 99 6 27 98 42 62 76 53 91 32 40 3 82 81 78 20 25 68 69 
35 40 72 11 52 82 65 36 44 91 75 30 19 18 48 95 13 81 55 76 74 41 42 59 6 46 20 14 63 26 89 60 51 71 62 33 64 85 99 84 67 47 73 78 69 90 58 16 100 8 17 56 2 96 3 93 23 94 77 50 39 53 83 34 9 97 31 68 4 32 87 66 92 12 24 43 25 88 29 86 22 38 37 57 10 27 49 45 61 28 54 7 79 15 5 1 70 21 80 
67 20 58 32 89 90 68 14 18 27 29 55 84 44 15 5 81 39 34 13 82 2 79 49 11 94 74 95 57 93 92 48 54 71 24 64 91 98 75 9 42 26 60 83 4 45 28 65 97 17 66 51 31 77 100 40 76 80 73 10 56 23 43 25 19 69 7 22 46 33 86 96 8 6 21 38 88 3 63 62 72 87 35 52 36 41 12 61 59 78 47 30 70 50 85 1 53 37 16 
84 50 36 91 34 51 76 85 2 94 80 4 40 97 35 27 74 15 61 95 58 20 81 45 48 13 28 19 14 47 73 16 9 66 69 44 26 56 79 21 87 70 68 24 30 78 90 89 86 93 31 25 55 42 33 72 71 8 17 92 41 49 43 98 46 75 6 12 39 32 77 52 3 53 18 38 65 37 88 7 23 82 59 54 60 11 96 99 83 57 5 62 29 64 63 1 10 22 67 
