100
34 71 95 8 16 98 10 64 75 65 57 86 26 91 62 51 72 18 13 12 84 83 25 99 81 100 21 5 52 80 28 97 54 49 6 77 42 61 37 14 53 19 79 59 69 35 58 41 36 55 17 60 78 89 24 22 40 87 38 56 7 3 44 30 73 82 96 39 94 43 48 
97 27 30 32 47 36 89 42 93 54 94 79 73 51 63 13 41 5 95 76 38 99 16 33 14 60 37 58 29 40 90 64 26 81 50 7 39 10 17 28 92 80 61 62 12 48 53 23 67 9 43 86 44 31 18 78 75 91 70 59 52 22 100 21 68 49 45 88 4 82 55 15 71 72 56 25 57 85 11 34 
52 16 81 21 96 39 55 27 86 41 78 57 42 37 17 51 48 76 100 32 6 40 90 65 50 98 26 22 46 85 12 8 82 34 80 64 95 36 25 7 31 54 58 56 30 35 91 72 74 14 94 19 1 4 11 38 79 93 23 29 60 10 83 43 59 13 9 53 71 92 88 77 66 18 47 
86 50 62 18 67 80 25 40 65 27 15 20 98 23 81 21 35 34 9 43 53 2 92 8 14 91 75 51 73 82 30 72 44 5 90 83 84 55 12 46 31 3 49 56 78 33 71 87 57 37 48 16 17 32 88 76 61 96 13 74 59 7 39 29 68 42 66 
84 42 67 53 39 30 85 29 23 26 27 40 54 9 63 45 16 21 44 31 57 33 66 46 32 1 34 79 97 59 69 96 73 76 38 87 52 100 60 11 50 10 58 64 65 41 2 71 92 14 61 75 90 17 19 4 91 98 15 35 7 24 99 70 48 72 22 49 43 77 28 55 
62 25 59 48 51 23 44 90 32 18 24 3 76 12 43 38 78 77 94 87 75 55 60 86 92 45 46 52 73 71 35 96 26 85 98 42 40 74 68 81 66 99 49 97 29 7 20 1 19 13 70 53 64 100 30 69 17 41 95 91 15 21 63 8 28 72 27 61 9 10 33 56 47 
49 96 98 6 94 22 37 21 66 85 56 82 51 33 68 74 54 59 75 48 89 42 79 91 3 34 99 52 76 1 30 70 95 25 15 100 12 58 47 17 9 63 27 57 5 13 28 39 11 97 26 10 60 19 29 23 40 88 80 93 64 55 90 67 81 44 4 84 83 32 2 71 14 77 18 45 16 
44 27 100 37 84 34 21 14 3 56 85 59 65 39 64 78 31 60 51 98 61 12 89 72 62 33 74 52 76 43 4 17 87 80 70 40 92 16 75 57 79 29 58 47 6 96 36 71 54 25 1 26 19 24 38 55 49 66 94 69 73 22 90 50 88 28 18 11 46 13 93 20 95 10 68 30 35 99 82 
69 70 18 94 26 27 79 14 72 42 4 29 16 33 40 91 38 2 77 63 52 97 35 5 86 50 89 24 19 74 36 81 82 20 95 80 43 65 49 78 87 31 7 59 23 99 48 71 93 58 90 64 10 32 83 56 85 96 88 46 84 44 61 45 39 54 60 6 75 17 67 92 98 13 51 11 73 47 3 
82 97 18 32 95 45 20 90 37 39 34 94 12 48 19 84 38 68 73 14 13 44 33 93 43 52 88 56 47 21 92 5 70 26 25 89 6 66 3 23 76 86 49 36 50 67 35 87 24 75 60 1 62 7 96 2 61 9 58 54 59 83 64 55 29 77 71 78 27 30 8 22 40 100 
5 90 65 60 35 57 34 21 24 8 59 62 92 77 66 68 53 30 49 87 32 51 82 7 28 26 72 100 96 84 42 58 98 97 22 9 19 40 81 23 56 95 73 80 64 78 2 36 17 63 3 12 33 88 86 45 94 29 55 69 76 71 61 91 25 27 85 31 38 14 70 
59 1 13 75 93 81 21 96 70 27 56 28 100 23 90 29 53 2 87 10 89 97 58 16 76 62 72 8 18 14 65 42 80 26 61 22 64 60 15 55 4 54 51 7 11 19 50 6 83 45 77 43 86 68 40 67 66 24 41 3 52 79 57 30 49 82 85 33 63 91 37 31 47 17 20 99 34 84 
89 3 82 24 20 51 44 7 52 72 64 65 56 79 28 36 94 40 9 48 6 41 14 55 2 87 4 34 57 67 22 47 1 35 38 85 32 75 30 25 95 77 84 43 83 98 60 49 99 71 18 86 29 33 76 8 10 81 37 90 74 42 97 91 69 26 12 19 31 15 
4 12 56 22 29 23 55 70 99 89 44 76 82 5 19 2 91 48 73 15 63 46 78 41 87 80 74 49 8 32 42 98 66 43 96 33 35 57 84 10 37 64 3 92 7 17 83 93 69 27 30 85 50 25 81 13 26 97 68 28 36 77 1 94 71 79 45 65 53 62 51 9 90 11 31 61 20 
43 98 94 93 28 95 86 18 39 82 38 6 85 36 51 56 37 83 32 100 14 91 68 29 50 52 87 57 13 23 30 7 62 5 26 58 12 73 59 80 19 96 60 2 61 45 4 79 99 92 44 31 97 34 55 77 25 66 53 81 48 74 24 46 75 71 33 27 63 
93 12 63 27 100 35 55 51 91 53 85 58 5 19 50 74 72 23 94 26 79 8 20 46 99 89 21 61 62 9 3 28 87 70 1 40 60 37 96 57 56 7 86 18 49 90 41 88 82 66 42 73 84 33 64 38 34 36 2 65 92 68 29 52 17 24 69 77 47 31 4 43 98 48 32 59 54 
40 61 42 2 80 7 66 11 78 9 12 100 21 68 50 25 79 94 27 82 64 39 99 59 91 95 1 30 41 36 45 53 62 8 87 20 60 56 98 46 24 55 83 31 38 73 6 52 4 37 32 5 97 57 49 65 75 93 16 88 14 85 3 54 69 51 74 34 26 81 72 29 96 
6 68 39 89 45 43 1 60 55 10 50 83 63 76 67 38 84 3 73 4 96 52 30 21 87 12 78 85 8 40 57 49 72 37 59 64 69 23 26 29 7 94 2 66 75 61 25 31 77 82 100 13 44 20 15 33 98 54 41 92 47 19 91 71 27 16 79 48 32 35 24 46 9 86 
57 71 83 60 95 15 93 10 81 61 27 31 29 65 7 24 37 100 8 12 96 21 33 72 43 50 63 88 26 82 1 79 28 20 69 14 76 86 48 99 70 62 75 98 6 52 92 55 13 40 5 87 94 45 25 58 18 89 3 16 73 34 78 11 44 39 54 84 9 41 49 51 68 
95 85 76 66 23 67 64 57 73 58 12 9 100 30 41 36 8 84 46 51 19 61 74 48 13 40 91 10 21 37 29 77 14 86 94 47 44 26 43 89 88 6 28 99 24 56 16 53 83 45 71 39 63 18 35 72 93 75 78 96 34 25 55 87 27 17 4 68 98 79 
64 38 1 97 7 83 84 75 88 90 48 67 20 62 18 63 53 74 54 19 73 3 56 46 16 29 43 8 51 30 24 59 69 36 5 98 87 22 23 58 31 85 10 4 42 2 50 11 81 40 100 32 44 41 93 26 45 27 12 55 99 96 89 35 57 79 95 80 6 61 17 78 92 77 37 65 82 
97 10 63 75 100 67 34 50 56 99 93 46 58 38 54 62 68 55 59 94 77 86 66 1 84 24 32 43 82 44 64 65 87 57 2 21 49 5 12 11 13 74 41 70 60 47 27 42 98 76 23 7 14 96 88 83 3 53 8 35 78 95 91 71 48 37 81 
14 93 81 88 77 28 43 56 51 50 24 69 63 3 47 71 31 2 44 36 86 22 70 66 52 76 75 11 4 78 85 97 53 27 9 25 15 20 89 83 41 82 87 26 30 79 90 59 18 54 48 99 61 64 80 40 96 7 21 73 10 60 33 45 74 91 29 57 67 68 16 94 72 5 12 65 6 46 
94 6 35 36 19 75 99 87 38 90 47 13 49 74 17 55 15 26 51 56 62 20 78 89 9 58 67 12 85 73 96 21 50 11 79 82 23 16 27 81 44 8 80 98 68 43 57 18 84 10 88 59 61 31 45 76 86 40 100 93 71 28 32 34 83 77 39 22 5 92 1 54 52 29 41 
63 34 54 45 56 44 79 66 89 52 88 40 18 19 31 14 10 15 67 27 17 20 51 26 69 62 100 91 80 4 73 32 53 75 94 1 77 58 2 41 86 36 39 97 83 55 98 84 72 99 59 65 29 7 11 46 95 48 30 78 90 42 33 6 61 13 23 47 76 8 35 3 
36 80 19 99 39 48 63 77 65 12 24 58 3 56 94 91 31 71 70 78 33 50 9 29 14 76 37 45 11 89 16 32 79 87 75 81 54 10 17 73 2 15 84 53 92 55 68 72 62 52 5 41 85 93 95 60 100 30 46 51 20 88 64 86 23 18 47 8 74 13 67 57 98 6 28 1 7 59 21 25 27 
8 11 16 54 95 92 60 48 41 51 31 73 75 21 10 61 99 46 4 6 80 24 17 86 19 26 47 74 3 15 34 77 33 66 76 29 84 18 69 98 22 64 39 91 94 9 25 52 89 85 68 59 30 12 2 7 5 67 36 93 79 35 38 72 90 81 78 23 82 20 14 65 70 53 56 100 42 
82 7 65 86 53 8 96 72 81 97 89 45 98 38 85 76 64 49 16 80 11 87 54 26 2 78 93 52 37 35 24 29 67 33 73 79 48 41 84 40 58 99 92 13 30 12 15 71 43 63 31 100 1 39 6 94 19 5 46 95 14 66 23 50 90 70 77 88 74 55 20 68 91 
85 19 47 51 14 66 7 63 52 6 26 3 2 86 16 18 35 71 99 33 24 41 62 49 30 38 32 42 27 15 92 74 72 48 54 60 39 77 4 89 97 70 13 95 58 10 98 28 40 20 34 84 56 82 100 57 17 46 50 91 25 44 23 31 67 37 64 8 76 93 83 12 55 36 81 21 9 5 61 59 11 45 73 
52 57 60 92 96 98 32 100 41 37 69 29 73 23 34 1 48 50 20 85 21 83 13 80 27 68 40 25 51 77 15 94 97 91 11 2 7 64 28 39 46 89 54 70 65 3 31 18 90 5 35 38 75 55 56 84 76 71 4 44 58 10 26 6 12 63 17 79 93 47 14 72 8 
25 90 97 37 87 8 30 41 57 35 56 68 4 36 73 29 11 39 38 5 99 21 51 27 9 16 3 13 47 34 40 93 49 69 62 89 14 33 63 2 77 44 18 28 72 17 26 84 24 96 81 74 12 94 83 15 60 58 55 91 54 95 19 48 86 75 100 64 23 50 67 
44 22 100 71 69 10 76 46 65 88 5 52 90 18 36 21 73 24 77 40 79 95 72 54 85 82 83 6 66 34 80 30 4 16 48 11 87 96 9 91 17 55 70 64 58 50 51 81 67 14 74 61 26 49 59 68 38 84 41 93 29 39 89 3 7 15 56 94 97 37 13 2 25 86 
66 87 25 59 29 13 47 4 78 6 70 27 74 18 99 19 76 39 53 7 48 57 43 11 85 31 64 52 88 45 80 42 8 81 93 83 86 14 94 72 63 36 16 55 10 69 37 100 23 26 67 97 5 51 28 40 50 77 15 95 12 79 89 9 35 41 62 82 2 44 
77 80 62 67 30 98 99 71 93 46 59 61 17 68 16 47 8 90 5 56 31 13 92 38 41 78 7 86 72 12 42 4 10 87 49 29 66 73 22 64 20 3 85 79 50 82 11 44 69 74 95 70 35 83 1 15 51 91 25 32 19 2 52 24 57 43 75 40 27 60 81 89 37 88 36 
1 21 92 65 56 51 39 43 84 55 97 34 69 59 5 37 10 53 95 70 64 57 78 9 82 24 31 18 100 3 36 41 46 73 22 80 49 50 94 74 66 6 91 89 29 48 25 58 67 13 4 20 11 93 8 63 27 33 28 45 79 30 40 87 88 14 44 98 90 16 47 38 72 77 
16 60 55 43 26 77 3 100 59 27 71 58 35 20 50 67 81 1 70 23 31 56 76 29 62 2 86 8 91 17 15 80 33 69 10 45 64 95 41 65 84 9 93 68 14 51 47 54 79 53 34 73 13 85 92 99 21 37 57 42 25 72 74 40 96 11 66 32 63 24 49 75 94 46 
69 46 12 78 83 88 32 85 2 50 92 30 91 17 70 71 53 51 94 58 1 95 79 55 73 54 21 40 43 18 4 57 96 19 82 33 13 65 44 48 66 41 20 62 74 34 72 84 89 60 81 99 10 39 14 97 29 36 75 3 28 31 22 93 77 86 16 7 49 68 26 8 35 90 64 80 15 
15 3 56 63 58 9 17 96 79 43 30 90 34 1 59 35 64 97 85 78 83 71 46 45 13 98 32 66 67 21 22 41 2 93 69 8 53 10 89 16 39 28 27 75 86 6 92 55 5 49 95 99 24 31 11 72 87 62 94 68 54 74 73 29 76 18 57 50 
32 26 5 50 15 91 27 47 31 45 62 78 29 79 87 83 7 41 70 58 85 10 90 64 37 66 51 18 17 54 82 75 2 46 81 76 96 88 49 28 38 19 4 43 74 33 59 8 20 63 48 24 9 3 95 44 25 35 1 55 93 98 100 86 57 99 30 
30 80 35 31 78 63 28 46 45 5 85 34 42 60 3 29 94 51 25 33 16 24 52 4 7 55 17 95 64 83 86 70 37 61 21 20 9 90 76 71 84 18 36 79 73 13 49 8 11 69 6 89 44 43 67 77 74 65 19 1 88 68 23 2 59 54 32 10 12 
77 60 69 17 27 79 71 85 58 36 63 99 89 18 94 22 28 68 97 39 57 82 31 65 3 29 34 32 84 64 90 21 6 37 24 14 19 38 76 70 83 91 35 2 33 30 53 12 20 55 67 47 81 1 98 13 44 59 50 78 92 25 16 61 88 100 80 95 62 23 73 56 26 75 5 66 74 52 48 
64 16 3 46 2 14 77 4 52 100 97 84 76 82 22 66 72 34 7 74 36 85 63 89 79 25 90 27 9 44 11 65 83 48 86 69 94 1 87 61 91 57 67 99 6 51 40 43 73 60 50 71 13 21 17 75 96 92 29 59 5 78 33 54 12 45 
9 93 62 81 57 100 86 19 58 92 84 4 56 42 88 67 87 21 46 95 38 98 69 91 78 99 8 2 47 59 24 35 94 12 28 15 36 20 68 37 66 77 1 65 90 53 49 14 34 79 60 73 5 97 63 13 3 44 72 10 33 40 54 85 16 18 39 23 22 80 76 74 6 
39 8 43 94 100 35 97 22 55 59 14 63 5 25 71 30 84 1 46 33 69 79 91 48 51 21 61 2 32 19 87 20 23 37 75 67 57 64 70 83 41 6 31 10 7 53 40 66 65 89 93 95 78 49 98 99 90 18 9 24 4 74 15 77 56 34 29 45 73 72 42 88 13 52 
82 95 40 67 7 78 70 61 20 6 76 81 60 68 58 17 5 21 36 72 66 9 49 100 48 2 74 89 29 10 98 62 44 59 56 65 25 38 75 90 19 84 51 88 73 47 15 64 91 35 14 46 33 96 24 63 18 11 69 23 42 12 50 92 39 99 26 28 
27 18 79 92 3 42 60 77 20 25 69 63 45 52 75 30 28 34 5 58 57 38 96 61 44 8 15 23 43 50 90 71 32 72 82 21 87 26 73 99 35 80 85 40 55 49 22 98 29 59 93 39 86 65 4 16 9 74 36 17 67 88 76 6 100 47 81 37 14 
83 82 85 92 26 87 50 6 24 13 18 94 65 7 33 60 25 23 8 20 27 78 10 51 69 9 93 3 35 59 36 43 72 22 46 30 45 49 2 67 97 91 16 99 95 77 41 34 39 64 63 89 55 81 56 31 74 12 75 73 29 79 71 84 53 54 62 
44 99 97 35 31 32 55 42 70 4 79 62 28 91 65 86 30 49 96 100 87 13 7 77 88 1 25 74 41 29 72 71 53 2 37 45 9 78 3 22 63 50 26 95 6 51 89 80 5 66 21 69 18 61 76 23 75 27 16 19 84 90 82 10 73 33 93 15 56 92 39 52 14 57 54 58 59 81 20 
77 14 12 87 6 39 9 65 5 13 75 37 67 58 10 31 43 22 2 38 4 66 69 40 46 92 11 7 56 86 61 71 1 32 94 57 28 68 36 48 64 96 82 76 95 18 52 16 59 79 29 19 90 83 54 93 84 91 98 78 35 8 45 34 99 24 47 17 62 89 55 44 80 100 53 
89 97 70 30 46 96 21 75 100 82 41 60 4 79 28 98 23 37 22 29 99 35 77 91 39 12 5 87 83 45 2 47 24 48 14 86 92 71 88 9 54 65 42 93 3 61 84 17 66 52 74 19 18 81 76 36 10 16 58 26 31 80 90 78 8 57 32 67 15 33 38 34 
100 23 4 20 77 94 89 36 6 1 44 83 54 39 33 40 82 88 21 29 76 24 37 25 91 16 93 99 79 34 64 53 48 86 3 13 57 2 74 84 35 56 68 73 96 80 26 9 72 52 11 12 59 58 45 61 97 31 7 67 15 90 14 62 19 66 42 17 70 8 32 27 60 47 30 
33 1 65 28 80 9 51 63 72 16 73 75 78 27 3 53 70 50 95 90 46 100 83 2 17 68 41 8 12 76 15 93 55 91 49 60 54 84 58 69 34 10 42 32 98 7 71 48 96 13 79 77 56 23 19 40 24 18 25 64 30 61 44 6 5 81 86 88 26 29 
59 12 49 70 68 90 28 60 73 2 20 52 38 55 21 47 16 80 33 17 95 62 79 15 3 26 84 72 71 1 67 5 54 91 77 51 64 76 14 63 96 11 48 22 36 69 23 86 97 100 87 99 37 41 93 56 75 58 65 85 94 43 6 35 66 4 25 83 44 27 
25 74 96 49 12 86 87 52 1 84 71 93 80 61 24 30 17 76 43 5 3 40 70 8 42 63 21 27 95 100 36 88 78 29 28 65 67 22 57 37 9 50 23 81 59 72 26 62 60 39 51 48 31 97 18 98 7 83 38 10 53 19 99 2 16 32 47 
88 15 25 12 4 87 10 63 46 31 24 56 22 39 69 20 19 64 48 5 58 70 8 86 6 28 81 2 17 77 72 47 35 61 92 21 95 18 82 44 36 37 78 30 68 32 41 76 62 14 96 89 66 33 80 99 13 73 11 29 65 60 94 1 91 38 52 3 16 90 79 57 53 93 40 49 7 74 26 
87 78 72 13 20 64 9 6 1 15 3 83 99 80 58 86 47 49 98 68 10 55 89 93 44 59 90 61 38 32 94 67 53 30 24 34 43 21 65 17 62 45 52 2 60 8 25 70 91 36 22 66 79 27 57 7 100 82 4 16 35 51 96 75 29 88 97 14 12 26 48 31 23 41 69 11 81 63 76 
50 81 56 93 7 84 82 70 19 33 86 83 5 61 74 22 91 15 48 29 99 43 58 8 79 78 65 67 34 94 4 20 41 68 39 37 98 97 88 44 76 51 63 23 3 30 14 66 77 21 89 18 24 49 54 92 12 85 55 26 96 75 2 1 90 36 59 31 13 46 16 80 42 35 17 38 11 
57 78 73 9 21 53 11 45 19 95 37 87 2 55 68 41 15 24 61 84 22 91 3 98 39 89 12 51 96 10 50 49 36 67 72 26 30 71 83 70 76 46 75 5 90 88 16 43 32 80 31 20 69 56 100 8 86 52 29 1 94 38 25 59 28 48 64 35 81 7 
46 95 24 11 8 66 39 36 12 90 26 92 73 9 44 6 33 2 45 48 57 83 78 56 38 47 25 40 94 65 15 42 60 41 76 34 29 10 81 53 61 88 21 22 43 80 99 96 3 89 1 51 67 86 35 32 77 18 82 27 54 100 58 7 16 4 75 5 70 17 91 79 74 23 93 97 49 84 
67 86 74 56 11 95 92 45 46 2 100 52 85 68 15 6 51 63 97 76 17 55 70 83 47 80 30 34 7 77 62 36 81 3 53 23 54 5 27 78 64 22 72 42 71 43 10 1 90 94 88 82 37 9 65 66 59 50 93 91 12 19 87 26 69 40 18 98 75 8 96 73 31 29 13 16 41 
90 40 86 9 99 95 45 42 23 59 46 87 64 14 83 48 56 5 58 29 1 51 75 27 12 17 32 20 91 34 62 70 25 84 71 72 54 80 52 11 74 73 15 19 100 4 76 2 8 97 10 50 96 21 93 78 92 44 57 89 6 65 49 41 55 16 77 94 18 24 63 
1 87 89 36 12 76 73 15 41 65 31 55 19 75 25 78 99 92 54 90 26 93 21 4 49 24 88 39 14 38 100 60 98 66 79 2 74 29 8 53 84 16 67 81 72 47 43 51 10 95 17 33 37 83 96 61 85 22 48 94 70 71 80 56 86 69 34 6 45 11 
69 16 35 75 68 22 14 33 25 52 21 95 43 18 53 81 46 12 47 83 36 80 99 79 28 77 92 11 93 9 66 20 5 6 90 48 29 65 2 73 82 55 85 15 38 23 57 78 72 39 44 76 100 30 26 40 91 88 60 7 84 41 56 45 42 74 31 61 54 89 19 
31 93 9 56 60 2 90 84 91 92 23 75 14 76 87 98 44 49 6 21 55 53 1 96 88 47 79 52 30 42 41 58 94 12 32 80 99 69 40 17 27 36 97 8 29 77 34 39 61 71 3 45 35 5 89 33 16 51 28 11 67 38 10 13 20 18 74 26 37 7 70 86 68 22 
83 72 13 5 14 63 60 86 47 71 27 74 53 81 66 79 46 85 90 55 84 96 43 52 75 77 98 41 30 26 93 1 48 23 8 62 89 25 36 28 76 95 56 69 32 97 50 70 68 73 3 44 49 16 45 82 4 59 94 67 91 61 17 40 12 87 11 35 54 21 88 57 42 9 19 22 37 
42 10 36 86 76 87 17 80 12 4 15 22 50 49 67 25 35 71 39 73 65 6 99 20 23 95 90 27 78 79 8 59 70 3 98 41 43 5 11 91 28 100 68 63 53 93 85 32 62 16 29 56 69 34 55 77 7 60 51 75 83 57 37 33 94 18 45 38 96 82 81 14 48 44 84 
79 49 32 34 31 100 22 24 18 2 95 12 47 80 41 84 96 92 58 50 42 77 98 66 57 13 56 33 94 62 83 9 59 85 28 81 97 89 7 64 29 51 4 20 35 91 25 44 46 54 93 60 5 78 45 40 68 43 76 23 36 72 21 53 38 26 10 65 71 27 87 
31 17 32 12 10 95 51 55 18 30 97 19 43 15 20 16 88 8 2 49 92 41 64 36 58 66 86 26 76 85 89 45 74 14 78 77 34 100 11 79 38 28 96 56 80 63 84 4 60 40 81 65 23 57 67 52 82 37 72 6 22 87 7 93 27 53 90 24 
13 55 43 53 34 86 44 77 64 1 92 41 96 63 65 36 71 5 14 35 48 17 100 23 37 18 79 70 62 16 58 21 31 93 11 91 49 78 56 9 74 25 27 47 52 83 33 45 46 8 94 60 87 6 30 32 38 42 66 40 76 89 95 98 19 73 90 
76 28 96 60 53 45 61 57 85 87 22 71 37 35 16 72 93 86 65 59 44 66 62 11 23 7 100 30 9 41 79 52 74 89 84 19 6 10 54 34 40 56 77 92 48 5 80 75 73 29 2 26 32 91 27 94 12 83 55 39 14 50 36 78 69 51 64 82 8 58 33 81 
10 14 19 28 97 32 62 99 66 18 2 5 37 46 42 30 11 77 40 4 95 13 69 94 73 3 61 88 80 29 15 7 1 54 44 70 38 81 82 52 24 41 20 47 93 9 58 87 6 50 36 72 8 23 64 53 90 22 76 34 84 49 89 26 65 92 67 48 60 
67 18 93 71 38 29 65 11 68 32 2 99 44 1 43 42 36 8 28 3 97 95 80 62 88 84 4 25 23 52 73 61 13 47 48 82 20 81 37 58 54 35 17 26 46 56 27 33 51 5 96 77 60 6 70 19 85 74 89 31 16 55 34 9 12 45 63 94 87 30 78 53 
14 71 26 91 77 58 15 84 34 98 27 94 47 41 46 24 45 99 93 89 29 55 43 78 1 40 18 9 2 75 86 28 37 35 10 83 48 85 21 95 36 74 70 32 60 38 69 100 42 66 6 19 30 81 96 61 87 8 72 97 65 20 52 53 44 17 31 11 23 62 25 51 59 5 63 16 4 
42 27 88 44 35 46 91 69 54 34 61 6 81 51 50 65 38 59 39 94 15 79 64 22 47 62 33 14 45 26 63 16 60 28 82 3 7 85 43 29 55 8 57 36 75 17 100 21 13 68 92 41 96 37 32 4 9 78 73 31 70 23 20 86 90 72 24 99 48 40 77 83 80 
53 94 34 78 56 86 81 76 91 13 96 4 37 97 80 70 18 15 57 73 19 77 63 58 21 41 46 82 87 9 47 39 26 23 48 65 17 61 62 6 93 2 36 88 45 92 24 22 50 12 27 59 89 8 5 64 52 20 38 30 1 10 7 49 84 44 66 95 60 42 74 31 25 
7 40 71 42 87 38 48 32 30 23 55 79 45 49 70 53 97 81 41 93 14 19 33 89 18 10 61 59 54 85 27 29 50 43 99 65 51 63 57 25 56 66 58 67 82 68 64 11 52 46 39 36 88 8 95 100 91 26 5 4 20 83 69 3 6 60 12 13 2 24 22 75 28 78 62 
80 10 81 15 33 89 87 25 96 72 63 74 52 82 6 48 71 98 34 43 92 91 86 83 24 41 49 13 37 59 94 1 22 28 40 68 57 84 20 9 11 90 3 36 14 18 53 26 23 66 27 31 67 44 51 42 29 85 65 50 64 95 75 5 21 46 32 7 30 12 16 47 35 69 55 60 70 97 61 73 
21 11 55 87 6 56 59 39 22 45 92 70 43 42 60 75 73 37 63 52 61 54 99 3 97 49 66 40 19 44 69 85 98 24 50 28 35 84 8 62 33 48 25 18 1 86 76 82 47 38 14 2 100 20 26 41 57 72 89 58 68 34 67 93 23 27 17 10 94 74 88 4 9 
9 14 8 99 69 36 56 7 5 34 66 59 13 53 50 23 93 37 18 24 46 25 2 27 63 89 40 41 3 48 39 26 28 16 90 19 33 38 47 1 67 43 20 76 44 30 65 68 35 51 70 49 12 91 85 95 86 98 42 32 17 21 62 52 74 87 57 82 55 64 15 
50 35 26 17 12 92 32 24 75 93 40 37 74 77 8 62 53 84 87 97 48 81 41 66 1 2 64 34 52 3 85 15 36 89 7 98 70 82 59 51 25 95 57 43 72 11 23 49 68 27 58 14 71 21 55 54 46 60 61 56 4 94 63 28 30 33 67 9 
94 59 32 24 11 43 63 12 55 77 46 96 36 66 52 91 37 54 62 71 31 74 22 73 15 4 6 60 95 39 56 67 26 23 34 92 100 76 27 88 28 50 89 72 93 14 2 3 68 9 17 19 98 1 65 21 41 29 75 47 97 7 58 70 33 13 48 45 84 80 83 57 87 
47 71 32 100 65 14 98 59 88 7 46 74 34 45 4 55 29 13 51 56 66 37 24 72 87 92 35 11 86 28 96 80 10 27 94 83 78 48 70 8 3 85 39 22 57 1 50 63 89 49 41 33 76 68 19 16 90 17 91 12 23 2 93 18 75 77 21 42 95 15 79 97 60 9 
57 7 63 4 32 17 100 93 82 12 74 21 61 88 70 18 1 14 54 81 96 30 19 3 76 60 91 23 20 50 13 49 15 33 77 39 25 40 62 84 47 51 31 95 67 29 34 89 10 65 44 38 37 24 99 42 59 69 85 98 9 92 56 94 52 22 41 53 73 86 90 58 66 
36 12 1 9 27 43 11 66 92 72 14 32 21 28 42 85 52 100 81 41 54 44 45 18 5 19 63 10 73 67 53 13 65 47 77 57 93 86 49 24 30 50 22 71 4 20 31 68 59 8 75 87 7 90 37 51 78 64 26 62 80 35 96 48 95 94 61 25 83 70 16 58 29 40 
13 66 73 3 62 83 29 16 88 37 11 87 18 82 43 46 20 92 86 77 28 68 95 26 33 53 14 60 12 9 91 6 65 24 15 21 38 17 80 7 27 63 39 70 8 76 30 41 79 40 97 74 57 23 96 2 67 78 47 94 72 84 32 36 42 34 5 
78 39 94 61 97 82 23 88 49 73 4 59 89 65 83 42 22 91 77 13 55 12 19 15 32 93 90 28 58 98 29 50 95 68 62 6 38 18 79 53 75 60 69 3 64 46 74 1 70 92 24 36 51 96 20 25 16 26 9 33 31 57 2 84 52 56 37 85 27 100 54 99 87 11 48 10 66 40 34 43 
24 68 66 56 76 42 96 22 81 97 44 6 65 61 72 80 18 60 90 92 19 73 43 38 58 31 13 54 5 16 46 79 32 71 26 69 47 91 85 100 86 4 20 48 12 49 89 9 55 21 15 70 78 10 94 35 23 98 1 77 84 75 28 88 67 50 8 34 11 33 64 53 17 39 82 62 14 
75 62 71 72 22 89 85 56 11 41 21 33 43 52 9 95 57 63 4 83 8 68 78 3 92 19 55 39 96 23 97 46 81 28 44 59 48 26 16 37 93 87 45 65 50 40 34 54 82 32 35 25 2 24 99 17 10 94 98 74 60 86 51 20 76 64 58 7 
67 57 19 58 24 51 95 25 1 45 75 92 55 56 77 88 23 32 10 44 94 9 82 34 86 31 35 18 97 38 20 96 33 63 73 13 70 59 29 48 78 91 42 83 40 68 69 14 12 37 16 87 81 47 49 30 65 64 62 100 21 79 28 99 41 8 90 80 93 71 7 26 50 61 72 76 27 2 
79 93 86 4 10 16 43 35 99 87 48 30 89 32 56 21 52 64 9 63 74 25 40 42 71 50 84 2 37 98 28 83 57 59 55 38 31 65 61 11 97 62 66 58 44 53 49 77 41 23 6 27 8 12 3 94 34 24 39 82 45 60 7 69 46 14 51 92 5 91 68 13 
29 9 34 95 4 15 57 86 96 49 53 63 16 3 67 1 64 43 56 50 41 58 59 26 27 97 69 77 17 37 7 32 39 18 25 42 66 47 12 31 83 45 65 89 44 36 35 14 73 70 90 79 23 55 52 22 30 5 13 6 11 92 75 100 93 48 82 74 51 20 61 28 76 2 87 94 85 81 60 
95 4 75 19 18 90 21 85 63 55 48 30 26 9 100 96 99 60 78 64 49 81 67 27 2 71 83 41 57 46 59 91 80 62 11 87 38 28 74 89 6 36 34 16 29 42 69 8 43 35 50 88 82 24 97 94 84 14 15 77 86 3 45 5 10 47 70 37 61 68 
14 56 60 54 63 76 98 97 78 10 89 65 55 82 39 91 28 9 24 59 61 57 73 30 99 71 15 38 17 62 80 23 72 31 8 7 20 100 94 68 35 37 51 49 88 79 34 3 27 81 50 86 64 83 90 21 70 46 36 2 69 52 33 32 43 48 22 29 16 66 19 67 84 47 44 75 12 53 26 
69 13 98 51 59 90 55 85 81 37 62 19 36 73 82 14 40 60 66 86 31 87 58 28 38 3 99 80 9 56 1 44 96 32 91 24 84 65 27 70 16 15 43 78 42 35 2 8 41 22 92 74 17 25 77 23 11 61 6 20 95 64 75 67 26 93 83 97 7 49 18 89 88 47 30 71 72 57 33 10 53 
85 67 68 89 60 97 73 13 2 99 39 3 48 69 22 9 6 37 45 29 81 59 100 79 43 82 61 44 94 35 58 72 55 1 38 41 47 11 84 80 32 76 21 63 7 77 86 15 36 33 49 31 92 25 62 83 71 75 10 26 40 19 52 96 20 53 54 66 65 27 91 28 17 8 88 34 98 
19 50 59 72 20 11 56 95 68 51 24 3 18 8 38 17 7 84 67 99 92 21 1 9 46 10 57 28 45 89 97 58 91 48 54 100 74 94 22 69 82 86 83 81 62 75 64 36 70 23 12 73 42 77 87 52 60 49 16 15 61 53 55 6 32 85 88 14 4 39 66 31 5 37 30 65 
2 35 1 31 7 11 77 9 88 76 81 23 99 87 17 68 21 47 95 96 59 53 29 93 30 38 80 78 86 10 12 42 65 90 54 89 48 91 57 56 13 92 50 44 61 28 73 14 75 72 51 64 82 32 71 85 41 67 15 22 98 6 60 33 94 37 25 43 5 
1 52 19 58 67 4 46 94 11 56 69 97 65 20 43 57 79 3 95 15 26 30 16 45 77 5 44 90 41 34 28 27 93 80 78 100 24 49 87 8 83 62 7 25 9 81 60 13 38 6 50 22 64 39 14 66 54 21 73 35 17 82 86 88 29 18 
56 90 15 71 38 64 22 23 54 55 73 9 100 95 26 1 27 2 92 34 57 16 51 72 33 29 17 88 94 12 48 44 83 97 20 93 36 53 45 61 49 47 62 5 78 59 79 41 14 42 28 8 39 31 74 7 50 63 21 24 86 96 43 46 66 13 89 6 37 19 25 76 
89 67 86 7 19 35 18 11 93 68 46 16 78 22 99 3 45 31 66 27 20 50 60 70 61 87 33 59 29 28 36 2 21 42 84 10 39 58 44 83 12 82 48 53 74 96 63 69 92 30 26 25 91 51 62 17 6 54 52 49 73 56 76 95 24 81 5 32 98 8 43 41 15 1 
