100
92 29 12 99 20 100 3 45 27 84 34 31 54 83 46 88 75 33 91 57 17 35 79 6 61 85 65 50 73 19 38 11 16 13 94 15 25 51 82 5 68 71 66 56 77 95 58 81 21 89 8 26 53 18 90 67 49 40 93 97 47 78 96 14 60 32 76 2 22 37 24 39 44 55 41 43 59 7 74 87 48 98 69 70 62 28 10 80 9 52 64 23 4 72 36 63 86 30 42 
37 1 15 65 30 92 85 54 90 60 22 44 83 12 48 79 59 77 46 67 7 75 25 53 47 9 42 36 98 72 91 70 57 8 41 19 20 32 76 94 13 64 56 5 50 17 71 95 78 35 21 6 28 43 63 45 3 66 49 100 73 31 39 10 58 87 55 52 74 23 68 24 81 29 27 61 4 33 88 99 26 38 89 93 34 40 69 86 97 82 18 16 84 96 11 62 51 14 80 
64 96 49 18 15 7 21 40 32 62 13 28 47 22 42 94 87 67 43 79 39 53 68 48 37 14 51 71 90 26 33 9 74 61 29 89 97 82 23 25 44 98 59 24 91 36 30 86 50 78 6 20 99 17 93 69 54 19 5 100 92 46 55 75 85 80 73 84 81 60 11 52 1 72 70 76 38 66 77 56 65 16 45 83 31 41 12 10 34 27 63 95 88 2 57 8 35 4 58 
27 62 13 32 8 84 37 14 100 77 9 93 88 78 34 16 2 1 30 45 66 72 94 19 31 23 76 35 47 65 11 85 36 90 10 51 98 70 54 67 6 60 92 53 41 69 48 56 44 15 38 33 73 74 58 71 96 75 99 40 25 82 12 5 81 59 57 28 79 21 68 24 89 17 42 91 29 43 49 50 26 18 97 55 63 87 20 86 52 64 61 83 95 22 7 39 80 3 46 
9 38 71 94 40 65 14 56 82 78 61 25 35 11 76 8 84 98 85 75 60 48 86 19 7 54 28 6 89 26 30 16 64 17 69 3 41 21 20 96 59 12 36 62 39 70 52 51 47 23 34 63 32 10 57 49 31 87 95 68 99 93 91 37 77 44 29 92 18 27 90 67 46 80 43 4 83 100 79 22 2 42 15 58 24 73 66 45 13 53 97 72 81 74 88 50 55 33 1 
74 26 66 36 73 47 44 76 19 67 40 75 95 63 60 100 71 10 7 4 70 37 57 35 65 89 42 39 16 25 33 9 99 72 84 82 32 98 45 21 38 59 87 22 43 1 94 69 58 81 41 46 92 79 55 2 54 3 80 15 88 78 24 56 28 49 91 13 30 11 86 5 48 34 68 18 62 97 96 50 20 93 64 90 8 52 61 53 77 23 27 14 29 31 83 51 85 12 17 
52 4 86 31 91 76 60 67 24 54 55 44 92 72 100 34 3 41 56 30 64 13 88 23 61 19 29 79 48 80 9 89 70 12 22 5 99 32 21 40 93 85 20 25 94 10 6 84 46 53 57 45 27 33 42 39 17 82 81 2 62 71 43 26 50 63 77 11 51 97 37 66 16 1 28 74 8 36 78 14 59 68 96 47 83 58 35 95 73 90 98 65 38 18 69 15 75 87 49 
32 68 63 88 4 85 58 81 66 96 29 16 28 18 95 39 60 62 59 20 12 75 55 5 92 69 56 34 67 1 49 78 11 9 86 38 23 61 44 37 76 27 93 84 26 97 35 99 71 73 64 25 47 46 2 74 42 79 90 98 14 13 6 41 24 43 70 94 30 17 10 52 65 91 36 22 87 57 31 51 21 40 53 100 77 3 83 45 80 7 89 48 82 19 33 50 72 15 54 
80 11 29 60 61 45 56 26 48 88 52 76 36 8 13 83 5 55 42 46 23 38 25 16 99 10 33 90 35 50 24 64 66 74 4 96 81 27 89 15 28 20 18 86 51 41 7 22 44 54 2 40 49 57 73 63 78 67 98 62 1 32 75 70 94 69 34 58 95 19 65 72 12 37 39 53 77 82 84 91 43 6 85 92 31 17 68 14 100 93 87 71 79 97 30 3 21 47 59 
44 96 4 1 28 72 67 47 32 33 53 17 6 22 65 11 40 99 95 46 25 77 93 51 23 68 89 70 2 97 16 8 66 41 83 62 84 50 73 49 79 87 61 24 20 31 90 80 75 3 86 59 88 45 7 29 12 21 18 85 69 92 52 30 82 63 58 48 94 14 42 74 13 9 76 39 38 55 5 36 91 98 100 34 19 60 15 54 57 37 43 35 56 81 78 64 26 27 71 
83 17 91 40 21 52 32 14 12 71 15 80 54 7 28 85 69 22 26 81 77 100 43 87 72 58 94 25 24 98 89 53 64 18 27 6 1 82 36 51 90 42 45 76 92 33 88 2 38 73 99 5 29 13 55 56 61 60 3 8 34 96 95 44 78 68 23 62 37 93 41 30 16 35 66 46 9 70 19 10 47 57 75 31 79 65 49 20 86 97 59 63 48 84 67 50 39 4 74 
32 53 41 23 88 90 21 54 34 19 80 64 49 40 93 2 84 78 59 76 10 13 9 97 20 47 89 30 17 75 74 65 91 43 52 7 11 22 26 55 62 5 29 72 63 28 56 14 95 46 77 79 8 61 44 51 60 67 27 66 1 42 15 98 24 6 39 81 18 68 83 69 25 100 99 58 96 70 38 31 50 45 94 33 73 4 36 82 92 57 85 71 3 37 87 86 48 35 16 
84 64 27 11 9 35 29 31 43 97 45 70 25 55 52 62 76 71 91 10 39 51 28 53 33 3 57 85 4 41 92 38 63 68 81 61 90 12 74 17 96 34 65 50 66 24 19 40 48 82 54 32 72 75 5 47 95 69 37 99 14 93 88 77 2 98 80 21 15 20 42 30 44 79 23 58 59 100 46 56 16 8 94 87 83 18 86 1 22 49 7 67 26 89 60 6 36 73 78 
61 67 25 92 94 16 32 73 34 57 27 31 97 62 82 33 36 30 83 8 79 98 54 68 74 42 20 12 71 91 37 60 77 88 6 15 64 11 4 100 13 28 63 90 10 76 87 21 56 50 59 53 29 93 9 58 96 99 80 35 45 49 48 69 1 66 84 65 24 7 75 38 95 81 85 18 46 86 39 52 3 2 26 55 17 40 51 43 70 72 19 89 23 44 47 78 5 22 41 
36 66 82 45 81 71 92 64 96 70 28 1 86 50 38 3 53 7 76 4 100 35 39 91 99 23 8 57 79 80 9 2 19 5 46 11 20 31 27 34 49 73 84 22 32 14 60 13 63 41 30 87 16 37 6 85 83 88 42 56 69 97 47 21 59 62 90 48 98 67 24 17 72 26 10 51 43 61 89 55 68 78 52 58 94 54 29 95 40 75 77 25 74 65 93 33 44 12 18 
29 8 67 45 21 10 35 26 72 87 58 25 31 73 61 37 88 17 19 91 34 52 42 38 64 32 23 82 7 100 41 11 75 50 99 84 44 81 6 92 36 27 86 78 69 59 30 56 2 96 89 9 54 48 70 53 57 63 98 39 46 4 76 47 65 18 95 40 14 97 94 5 90 33 77 79 51 43 20 22 71 68 60 15 28 13 12 49 66 55 62 85 83 80 1 24 74 3 93 
98 77 76 97 20 16 39 84 42 2 29 14 68 38 30 1 24 48 43 3 45 53 67 26 41 92 59 33 51 95 49 100 52 94 89 13 82 71 28 73 40 72 60 66 83 91 22 70 10 6 87 79 37 27 61 21 85 7 11 19 90 99 93 31 65 32 56 64 78 35 75 4 12 46 23 34 74 86 8 81 80 18 57 55 62 54 25 9 5 63 15 36 58 88 50 69 44 47 96 
63 28 58 77 54 17 38 36 19 64 99 34 31 92 79 7 2 96 61 44 48 94 55 76 4 62 95 26 15 97 84 51 30 45 52 73 37 60 83 40 85 43 39 46 24 89 35 74 82 80 27 3 69 42 41 13 50 59 88 20 78 49 14 53 91 10 100 25 1 47 70 68 72 12 21 67 90 16 98 23 86 6 33 5 11 65 32 87 57 9 56 93 75 29 81 66 71 22 8 
54 36 83 55 38 23 3 91 28 77 24 18 15 67 5 94 45 53 39 84 58 48 92 1 95 14 29 66 71 79 60 13 78 46 33 17 74 42 64 52 82 44 2 22 62 98 12 25 86 90 75 50 49 89 30 41 32 56 7 100 35 76 65 69 88 63 96 8 40 43 93 16 21 73 81 61 9 68 6 59 97 72 20 70 4 99 26 87 37 10 85 47 51 27 57 34 31 80 11 
34 13 76 8 3 18 58 9 60 83 28 86 73 31 45 62 68 80 99 41 22 61 50 7 12 11 55 37 5 81 82 75 97 85 40 91 32 84 53 19 88 49 74 70 46 67 39 44 100 89 54 42 95 63 14 65 2 25 96 27 56 69 66 92 4 90 16 93 59 71 52 1 29 26 6 10 30 47 17 38 23 87 57 24 64 72 51 94 33 79 98 35 77 15 36 78 43 48 21 
44 77 61 4 56 9 10 57 66 7 59 54 92 48 22 70 45 40 25 60 87 91 24 73 78 98 76 37 42 71 86 82 2 96 5 64 43 33 3 72 51 23 20 94 36 11 79 84 39 41 46 93 12 16 18 35 65 30 27 6 34 31 90 32 1 53 15 52 29 83 97 19 49 89 14 17 95 58 69 88 81 28 13 99 68 100 75 26 50 63 55 47 85 8 80 62 38 74 67 
94 61 9 38 70 42 36 25 53 50 44 39 11 84 13 21 29 68 35 100 83 30 99 43 15 66 90 81 97 96 7 4 72 28 80 14 60 20 34 31 69 3 73 48 33 91 26 92 62 65 40 98 52 17 46 64 79 10 67 82 12 49 87 74 18 32 76 47 8 27 54 75 85 1 57 23 88 78 6 24 86 77 55 2 63 93 45 56 89 51 41 59 16 37 95 5 71 58 19 
68 61 26 37 72 2 92 84 95 13 3 82 21 39 100 43 62 9 11 19 96 45 76 60 88 85 70 52 51 90 14 53 8 34 57 54 77 29 67 46 40 4 22 58 6 59 17 48 31 16 75 5 41 83 25 38 99 79 1 73 74 10 66 63 94 30 47 28 7 55 44 98 80 20 15 81 24 32 50 49 18 27 36 12 65 33 69 78 93 56 97 42 35 91 87 86 71 89 64 
57 34 68 63 33 65 82 20 83 95 77 9 64 25 86 7 99 2 72 17 41 26 56 49 23 54 37 67 96 100 52 73 35 78 4 51 47 15 32 39 28 18 55 38 45 74 60 8 27 76 89 93 71 70 48 30 44 5 58 92 13 3 75 19 43 97 98 79 62 81 80 1 36 87 61 88 21 59 10 90 40 22 94 12 69 53 42 84 50 16 46 6 14 11 85 91 66 29 31 
67 81 21 98 57 36 70 83 37 29 68 61 39 76 79 94 34 100 17 32 8 85 43 51 99 66 20 28 64 60 24 87 49 47 16 71 22 53 10 46 15 56 90 11 30 5 38 86 62 2 14 84 91 35 80 19 58 31 65 88 77 97 74 40 55 63 96 95 78 73 7 44 59 42 69 54 6 12 41 50 89 52 27 72 23 4 48 92 3 1 93 9 33 82 18 26 45 13 75 
33 83 23 15 16 13 9 24 30 36 28 97 1 50 98 76 6 53 38 71 62 7 74 56 17 91 45 39 85 57 99 21 69 63 47 68 20 75 43 51 81 60 59 19 52 27 95 46 100 42 31 80 94 64 90 29 25 82 11 32 22 87 66 61 3 4 78 44 8 58 54 79 12 88 55 2 96 92 86 77 67 18 72 37 70 73 65 35 40 10 34 93 48 5 84 14 49 89 41 
99 20 82 94 80 11 98 73 47 76 35 75 65 60 34 21 97 37 30 15 6 57 53 28 18 10 39 74 38 23 44 96 42 91 63 86 36 85 29 50 70 92 32 43 26 2 49 25 71 1 89 54 13 12 45 93 40 55 4 62 9 24 7 14 90 31 59 19 79 78 84 83 81 56 17 33 5 51 72 66 48 77 58 61 95 87 100 69 88 46 41 22 64 52 67 3 16 68 8 
35 53 65 11 94 27 10 85 70 51 75 6 39 31 56 17 92 99 43 40 1 46 48 16 12 55 8 72 58 21 83 69 87 19 88 14 52 18 49 32 50 77 57 61 23 41 98 2 42 3 80 30 62 64 59 33 91 93 76 38 67 84 24 4 81 5 79 45 15 60 71 20 100 37 73 86 66 90 74 29 63 7 82 95 78 54 13 36 26 68 47 22 89 9 34 96 25 97 44 
37 40 48 22 89 100 61 68 8 42 54 20 12 95 88 90 18 15 23 38 86 51 49 74 57 21 1 53 65 47 59 46 31 52 33 72 36 13 25 56 84 69 30 26 78 43 24 62 64 4 92 66 67 39 16 70 28 63 93 32 6 73 87 76 75 27 11 91 80 81 19 60 77 71 97 94 98 82 79 9 45 34 99 55 50 2 10 58 17 44 41 14 35 3 7 5 85 96 83 
41 65 80 15 98 96 68 84 25 56 16 92 17 51 3 86 38 48 44 45 31 76 20 39 99 100 34 53 43 36 46 59 22 83 61 8 32 73 55 5 29 94 81 58 40 4 64 37 89 9 54 28 47 52 63 57 14 97 60 26 82 2 1 6 49 70 12 85 66 91 33 10 42 77 88 35 24 87 19 69 79 75 21 74 67 71 18 95 7 23 11 13 78 93 62 27 72 90 50 
4 52 46 91 10 49 26 98 92 100 99 1 33 56 68 7 21 14 65 72 12 53 64 40 36 60 50 70 17 51 69 90 94 13 73 19 11 25 37 87 85 76 41 28 75 89 63 88 58 23 96 22 3 9 43 66 67 42 24 62 27 45 48 61 16 82 2 15 71 59 38 6 97 84 20 79 35 78 32 77 34 18 81 95 80 86 55 8 47 83 93 39 44 54 74 57 30 29 5 
44 37 49 30 19 2 36 100 83 29 52 70 35 31 96 55 59 34 64 63 17 28 82 7 48 39 81 77 12 92 90 71 26 25 41 16 53 6 50 80 1 15 66 9 20 76 38 10 11 3 8 57 84 21 13 24 95 33 4 78 45 89 98 86 72 54 14 46 74 75 65 22 93 42 60 27 23 88 56 18 69 87 94 91 79 62 47 58 67 99 97 68 73 51 85 43 5 61 40 
12 52 38 90 54 27 76 19 3 78 34 47 13 35 46 14 28 61 43 94 20 69 98 49 22 79 70 75 9 5 16 97 99 15 45 48 4 6 91 86 23 62 37 82 71 57 39 87 17 60 10 25 92 42 21 66 67 18 36 100 88 11 53 26 84 83 89 72 1 64 50 31 58 2 95 77 24 59 55 73 8 29 80 68 44 85 30 32 56 65 63 74 51 81 7 41 40 93 96 
54 8 11 21 5 14 58 49 57 39 97 100 51 74 73 91 33 1 20 10 96 24 48 6 43 59 53 61 32 15 19 27 41 50 37 84 70 72 86 4 25 13 76 71 52 30 89 81 56 87 31 78 83 2 44 18 88 55 3 80 29 35 68 40 63 65 17 26 98 90 38 28 85 23 45 82 95 60 16 36 93 64 77 67 79 22 42 47 7 69 94 66 92 62 46 12 99 9 75 
96 34 7 87 94 75 93 59 27 15 60 32 51 88 62 85 86 81 72 83 97 44 90 2 66 79 69 23 54 42 47 13 33 74 25 28 99 1 29 5 46 18 26 68 71 100 41 12 49 65 10 21 38 36 76 24 30 16 95 64 6 52 14 70 67 31 17 45 78 53 37 43 63 40 73 89 91 92 39 9 57 80 4 3 56 82 8 58 19 61 20 98 84 77 50 55 11 22 48 
88 25 19 58 11 33 68 62 13 57 77 6 15 94 75 95 12 55 42 29 85 28 32 63 7 56 87 43 92 69 71 17 89 67 59 30 48 3 90 23 52 53 61 60 10 9 21 38 54 20 70 34 66 72 22 98 4 2 74 40 51 27 35 81 50 46 18 80 16 96 39 73 86 100 37 65 93 76 44 14 31 91 78 79 83 45 84 41 5 82 26 8 49 1 47 64 24 99 97 
60 14 85 87 55 10 58 77 19 56 83 88 23 61 74 64 52 57 21 50 54 84 32 93 97 78 71 31 44 94 47 30 76 70 59 49 66 3 46 27 86 81 29 4 80 51 42 53 17 89 98 34 65 7 25 91 18 11 13 99 24 6 26 68 73 20 40 2 72 90 39 38 43 79 36 22 69 12 67 48 95 15 45 8 100 16 35 1 63 92 62 41 5 9 33 96 75 82 28 
78 82 20 89 44 14 28 5 47 17 77 62 72 88 98 97 96 71 59 50 64 55 40 2 19 43 4 92 79 81 12 57 32 23 68 84 22 67 10 48 65 60 11 29 95 73 70 42 99 66 46 49 58 52 18 91 33 15 36 87 24 75 16 25 9 85 93 8 1 61 39 74 7 69 41 13 35 21 90 26 30 63 53 80 31 34 86 54 51 56 94 100 27 76 37 83 45 6 3 
23 58 70 30 12 76 83 42 50 35 4 44 7 14 31 52 91 84 22 49 26 28 63 61 71 99 92 90 29 46 93 40 18 62 24 1 53 54 59 65 67 73 47 15 5 19 51 32 94 41 6 80 78 33 17 88 55 87 2 20 97 82 27 3 85 98 43 16 77 86 96 25 8 69 56 21 38 89 13 100 37 48 81 75 9 68 64 60 36 79 10 11 66 34 95 57 72 45 74 
16 18 83 63 55 8 71 73 92 43 48 39 15 93 91 25 82 75 96 28 46 4 14 42 59 9 3 36 62 67 37 88 53 5 74 51 7 38 29 49 11 90 10 100 99 78 79 27 35 52 69 45 89 19 21 13 50 84 97 66 20 31 72 26 64 76 24 77 23 61 95 65 2 58 32 56 80 54 98 85 34 41 87 17 33 68 1 94 6 47 57 12 81 70 22 86 60 30 44 
32 23 65 76 46 71 100 25 12 28 1 29 34 70 6 35 94 91 44 56 42 10 73 61 18 50 19 57 86 11 14 17 37 24 58 90 26 82 55 63 2 60 78 64 72 5 47 31 43 96 99 36 45 9 8 53 95 7 59 98 33 97 40 89 87 80 67 81 30 15 62 88 4 48 66 79 3 84 38 20 22 92 83 69 77 93 85 51 49 27 21 39 13 68 75 74 16 54 52 
49 63 34 12 84 24 20 37 58 39 33 72 74 85 50 52 54 41 45 44 48 47 56 73 18 53 95 3 38 66 16 86 99 21 59 60 23 51 64 40 71 6 97 90 31 82 9 62 76 17 79 13 25 5 30 75 35 94 61 70 28 77 65 4 7 69 96 78 80 100 87 29 92 68 19 27 10 15 98 8 2 36 26 91 81 14 88 22 11 89 46 67 43 93 83 57 55 32 1 
32 7 87 24 3 68 40 71 12 81 4 8 29 66 10 16 34 60 78 22 76 65 36 98 100 57 25 67 27 48 46 9 72 69 11 49 37 62 86 33 82 84 83 99 61 80 91 85 13 21 19 93 58 96 89 94 39 20 55 59 14 77 90 2 18 38 53 17 28 79 54 70 42 35 26 73 63 15 44 52 5 64 45 41 30 50 47 51 6 95 88 31 1 23 97 92 56 74 75 
45 94 26 78 17 24 20 53 70 89 31 73 18 51 65 10 32 83 88 5 80 23 57 7 77 42 90 13 55 71 41 86 93 52 6 91 61 76 11 97 64 59 74 100 72 1 75 28 60 33 81 49 43 82 12 29 66 15 16 50 22 68 62 58 38 19 87 79 95 46 54 40 27 92 85 3 63 35 30 98 21 96 69 14 37 48 39 34 47 56 9 8 4 67 36 2 25 84 99 
6 23 18 7 10 4 99 96 39 12 26 77 80 9 8 92 49 40 54 43 59 25 85 75 87 47 17 79 36 13 2 64 93 81 15 52 82 35 32 98 73 3 16 95 70 22 71 58 46 42 27 5 55 57 100 48 90 68 69 74 60 31 84 11 65 38 37 51 30 1 14 21 29 91 94 66 56 63 89 78 33 97 20 53 83 24 28 86 88 50 61 19 72 34 76 67 41 62 44 
9 20 58 84 41 63 94 6 23 10 24 68 43 21 25 54 65 48 8 62 79 69 74 80 57 32 17 90 66 47 12 50 42 39 59 16 97 35 3 67 56 30 55 61 64 33 19 2 98 76 36 60 44 27 53 70 75 99 29 14 49 83 71 88 28 40 72 13 78 100 73 18 89 92 82 22 7 11 85 1 86 5 95 45 34 52 77 15 96 38 37 26 81 91 87 31 4 51 93 
25 10 65 1 4 95 85 43 98 100 93 19 27 90 89 13 74 75 26 60 32 54 48 38 34 6 76 91 68 29 28 92 70 44 45 36 2 37 31 51 87 71 12 22 20 17 59 79 50 94 97 41 57 99 80 67 3 30 49 58 86 62 9 14 53 78 11 84 8 21 55 69 24 33 7 16 82 63 35 96 39 5 15 42 83 46 81 64 77 18 66 56 52 40 73 88 23 72 61 
14 79 87 82 54 37 57 91 47 56 95 53 99 5 68 7 97 35 63 45 93 77 15 10 62 1 36 89 60 38 4 31 51 61 17 88 27 6 92 46 16 44 100 59 3 33 34 12 75 30 78 86 28 21 42 67 90 9 49 29 58 26 73 55 94 24 43 74 83 23 69 85 76 84 71 80 66 98 22 81 64 11 40 41 8 65 52 50 13 32 2 72 20 25 70 18 39 19 96 
97 14 52 6 63 87 40 65 28 22 23 79 73 12 27 86 56 10 83 21 70 2 85 78 35 26 9 96 89 20 51 33 7 94 37 25 68 31 39 100 58 88 62 80 1 17 44 50 4 95 91 69 24 8 61 84 11 99 41 60 42 67 74 36 93 47 34 77 19 72 5 53 30 13 76 66 98 43 48 54 92 18 82 55 75 57 3 45 16 59 15 64 46 90 81 32 71 29 38 
85 3 91 89 32 26 29 22 99 95 4 8 12 69 24 2 65 56 93 82 25 71 98 49 76 17 36 68 18 31 66 47 48 34 5 78 74 46 75 100 54 61 70 23 51 87 58 96 73 40 44 35 57 20 64 7 11 37 72 30 42 43 94 63 9 67 27 15 10 84 79 38 45 60 28 92 41 1 59 77 55 52 14 83 6 90 80 13 62 39 53 88 97 16 19 33 21 81 86 
39 98 80 47 93 75 46 90 100 11 49 41 58 86 22 88 19 65 34 23 68 26 27 59 14 91 44 9 33 73 56 20 84 76 52 54 13 74 67 5 94 71 15 70 82 6 81 18 3 97 24 63 1 37 66 10 55 85 31 38 25 64 45 42 53 50 87 21 72 35 60 77 92 69 28 32 89 57 62 29 36 30 96 16 83 43 78 95 61 48 99 8 7 79 40 17 4 12 2 
92 26 50 100 69 80 81 40 41 47 58 34 88 64 86 95 20 98 94 27 17 14 68 66 45 61 75 79 29 18 13 72 22 83 24 1 33 51 11 78 42 91 93 6 49 99 97 84 63 2 3 74 28 89 71 39 37 21 56 4 70 48 55 65 82 36 54 57 16 30 12 60 59 43 31 19 15 96 73 44 38 53 35 67 10 85 62 23 90 5 46 77 8 9 25 76 32 87 7 
92 89 37 83 38 2 95 9 82 73 76 52 74 43 14 41 61 28 98 18 99 47 21 20 63 36 62 97 49 40 81 5 78 30 88 93 10 23 72 12 29 100 79 80 87 24 56 33 25 59 6 22 19 54 70 86 45 68 77 64 48 1 32 84 66 34 85 90 69 27 96 94 11 15 4 58 46 16 60 71 67 75 7 65 8 35 3 17 50 26 42 51 13 91 31 55 57 44 39 
84 10 45 100 29 93 49 2 59 28 27 55 39 56 12 81 48 11 57 50 91 43 69 6 85 30 73 76 86 3 51 70 40 36 96 82 4 14 61 88 20 5 31 72 18 95 24 13 1 41 63 47 46 94 17 90 71 68 52 99 98 79 32 26 42 8 38 58 15 80 66 34 74 22 65 60 35 83 44 25 92 77 67 75 89 78 21 23 62 19 97 87 64 16 37 33 9 7 53 
37 98 80 47 51 56 31 14 2 17 1 27 76 41 21 54 53 67 45 15 10 4 85 62 82 66 69 78 88 46 74 50 57 52 33 65 87 72 61 24 75 28 39 84 23 40 83 58 5 13 34 99 49 71 26 93 38 63 9 48 30 96 16 29 19 18 6 36 94 90 77 43 79 20 70 42 100 32 89 97 12 73 81 25 68 35 95 64 92 86 59 91 44 7 3 11 22 60 8 
25 63 93 80 65 28 84 42 23 49 11 47 29 27 26 64 14 90 44 66 68 100 95 36 33 22 85 1 76 94 89 30 18 4 8 20 86 77 40 83 43 55 5 21 34 3 91 39 53 50 73 35 67 52 59 46 2 16 32 75 74 62 69 58 98 41 81 17 7 72 6 96 38 54 51 99 82 24 97 19 48 87 78 61 60 45 10 31 79 88 92 37 57 15 9 70 12 71 13 
64 3 14 65 54 67 79 44 77 26 47 72 30 82 36 12 1 7 63 28 90 69 81 10 4 29 33 35 55 43 68 78 53 42 97 40 27 60 88 32 15 80 84 56 85 41 18 48 51 6 45 2 58 59 23 21 93 91 19 37 87 25 61 50 11 83 5 39 73 16 34 20 75 8 62 94 49 17 22 13 92 98 74 86 9 38 46 89 24 100 99 95 70 31 76 66 96 52 71 
66 40 12 14 42 50 76 6 68 28 91 11 67 38 96 52 29 64 13 26 9 23 8 70 51 47 32 71 79 75 39 36 78 72 82 49 2 4 21 80 62 61 94 81 100 17 57 3 22 25 89 87 65 5 19 54 92 63 69 35 60 85 56 53 99 77 88 7 90 41 74 18 93 31 34 97 95 48 37 45 46 1 24 10 33 20 15 44 16 59 30 84 43 86 83 73 98 27 55 
14 92 38 36 18 79 63 90 8 52 77 1 39 58 76 88 86 94 71 43 66 61 87 28 93 41 31 16 9 81 97 21 48 78 50 47 95 57 73 40 70 4 2 75 55 15 60 98 34 42 19 65 49 62 6 30 33 100 7 20 74 46 37 51 96 69 10 24 68 83 99 84 22 13 12 11 91 32 53 45 3 82 56 64 5 29 67 54 17 89 35 26 25 85 72 44 80 27 23 
44 7 84 61 82 25 27 20 41 54 24 46 12 31 58 50 2 21 81 89 63 52 55 3 1 29 65 47 43 37 42 51 16 95 64 72 8 22 14 78 6 91 98 53 13 93 23 38 90 39 17 33 34 68 94 18 36 30 45 11 35 96 75 28 9 69 15 74 85 32 83 57 76 77 99 80 48 79 49 62 4 73 87 67 10 97 70 88 40 5 71 59 92 66 100 86 19 56 26 
45 3 32 13 27 7 19 52 64 34 20 58 60 50 40 1 23 25 39 10 41 29 76 84 37 80 81 67 86 8 85 54 87 97 42 36 48 26 73 22 65 100 4 68 62 31 2 78 89 74 12 18 49 71 92 30 57 83 44 99 43 14 35 91 38 63 55 95 93 79 94 47 70 33 15 96 72 21 53 77 28 66 16 82 90 46 17 5 24 56 69 88 11 75 51 59 98 6 9 
17 4 74 95 19 50 73 51 52 81 84 68 64 82 35 49 66 34 40 1 11 21 9 96 100 71 32 92 30 77 47 44 24 3 89 79 87 48 12 18 25 10 63 20 38 14 85 61 57 16 83 94 86 60 29 26 97 70 39 6 28 58 43 56 46 93 13 99 91 45 54 2 41 80 75 88 59 65 15 23 55 7 33 37 36 42 78 31 8 27 67 98 69 22 53 5 72 90 76 
66 61 50 2 38 89 76 45 10 53 88 80 35 23 87 51 58 19 74 75 42 25 39 93 79 21 92 98 13 81 65 59 67 22 48 64 29 6 68 36 32 78 33 55 90 26 83 97 5 73 44 43 11 77 95 52 30 60 54 84 47 57 100 71 41 49 34 1 85 91 20 28 82 40 15 56 94 3 37 4 27 46 14 9 18 70 8 62 12 24 86 99 96 16 69 31 7 17 72 
86 97 3 48 7 74 60 76 61 94 32 63 23 17 77 70 30 57 34 62 39 87 85 22 41 52 20 18 43 28 40 46 93 16 82 88 29 92 15 72 33 91 49 95 54 100 6 56 31 36 55 24 10 1 44 25 12 42 75 83 69 27 2 11 45 13 73 58 96 80 47 21 71 14 66 9 81 79 84 4 53 98 99 78 19 50 5 90 59 68 65 89 37 35 8 38 51 67 26 
31 85 74 61 14 44 56 66 81 35 53 47 84 100 19 46 99 91 40 58 82 60 38 67 54 86 27 80 90 17 25 72 70 96 94 18 23 8 88 42 95 26 16 36 10 13 2 52 9 69 55 71 37 20 33 98 63 3 64 15 43 28 78 7 92 4 57 1 30 75 48 77 51 76 87 39 5 59 50 34 68 62 12 11 93 97 6 79 24 83 41 29 45 22 32 73 49 21 89 
5 35 11 21 94 32 90 63 55 68 37 6 95 30 44 23 78 28 33 24 100 62 48 86 20 51 92 60 64 83 8 27 46 1 87 84 88 10 97 79 58 36 75 93 54 26 49 73 91 50 9 76 14 53 77 89 18 52 42 40 98 29 69 56 57 61 34 81 80 31 59 65 72 85 67 25 47 41 15 99 12 2 70 45 7 71 38 3 19 82 4 16 43 39 74 96 22 13 17 
100 83 30 58 10 84 46 21 81 40 22 32 73 33 50 25 23 2 80 7 94 24 4 52 36 11 9 65 90 15 13 60 99 56 19 72 45 74 8 77 59 98 91 3 37 47 42 43 78 1 26 75 31 38 93 69 16 28 27 5 64 53 79 41 82 89 57 48 97 35 55 18 71 96 92 14 66 39 17 87 29 88 44 86 61 20 70 85 51 6 95 63 54 62 34 68 12 49 76 
54 67 84 89 92 81 97 11 53 95 93 50 100 74 60 45 55 63 26 20 88 66 9 24 65 57 49 98 69 17 36 62 21 22 19 25 91 31 99 32 75 80 27 76 59 41 29 39 13 96 86 44 7 72 51 71 5 46 40 78 23 28 10 34 47 3 73 33 18 58 12 4 14 15 8 37 35 85 90 1 43 52 87 42 83 61 2 64 30 77 16 94 38 82 6 79 48 56 70 
31 5 61 23 18 3 26 81 92 98 47 59 21 60 96 14 74 50 49 75 68 62 8 56 94 12 90 22 78 89 34 37 36 4 32 83 82 28 72 30 79 71 51 88 33 1 17 20 2 19 10 45 46 27 40 70 100 43 16 24 67 15 6 95 97 86 42 85 25 52 80 13 53 73 35 41 57 44 39 93 9 55 91 77 64 99 84 11 29 76 54 65 38 66 63 7 48 58 87 
88 12 75 76 54 74 79 45 84 40 67 63 30 9 47 73 89 25 35 8 27 98 44 81 14 33 60 64 2 28 1 34 95 68 62 61 90 100 39 3 41 52 69 82 11 42 48 38 86 59 31 91 5 92 24 53 22 32 80 56 58 94 29 55 17 65 6 23 97 7 49 85 93 72 71 26 37 96 78 46 4 50 99 15 66 51 10 19 21 43 13 83 87 18 77 20 16 57 36 
91 45 33 26 12 95 82 85 47 93 11 37 97 6 96 54 35 24 84 27 75 100 28 21 46 44 49 7 89 42 9 74 60 76 81 34 29 92 39 40 43 32 99 48 80 78 59 98 69 13 66 67 90 31 30 14 79 22 51 70 23 8 58 3 10 63 77 15 1 38 55 50 36 86 17 65 16 94 61 5 41 19 73 2 18 88 64 53 20 52 4 72 62 68 25 83 57 56 87 
68 36 94 78 21 41 100 83 18 16 76 59 86 93 96 39 84 82 91 42 51 1 5 30 64 66 54 67 35 7 19 31 90 80 8 46 4 43 62 24 3 14 99 57 2 10 34 9 95 58 45 15 47 87 48 92 29 20 12 74 88 50 79 77 6 49 32 13 56 40 52 89 38 69 37 81 85 75 70 23 44 27 65 17 33 98 63 55 60 25 61 71 53 73 11 26 28 97 22 
35 54 2 72 44 3 28 31 27 87 62 64 88 36 77 90 21 71 67 38 76 83 60 70 100 11 6 41 61 85 80 69 47 15 94 81 63 82 25 16 91 12 89 9 95 55 17 32 65 57 92 39 43 75 33 20 4 46 68 78 8 56 40 98 42 37 99 23 7 24 93 19 53 84 14 1 22 5 48 59 66 52 86 18 96 51 50 34 10 30 26 74 79 13 97 45 58 29 49 
15 6 96 4 42 36 34 12 54 43 75 79 13 64 29 50 62 59 22 65 3 35 77 2 60 90 85 89 7 41 1 92 67 17 39 66 95 87 84 81 11 68 76 58 27 63 55 14 51 100 71 53 18 99 30 94 86 47 69 45 16 44 26 21 38 49 57 97 83 80 82 61 5 91 10 20 28 40 73 32 56 24 19 78 46 9 98 48 88 33 93 25 8 72 37 52 23 31 70 
38 65 21 45 47 70 81 13 58 46 1 71 44 24 28 93 52 84 79 74 35 76 20 66 42 15 30 50 17 48 14 6 2 100 27 49 67 3 55 43 11 19 40 63 61 82 94 16 95 73 53 60 41 86 29 64 91 34 4 23 96 25 7 90 87 18 12 54 57 9 78 80 10 39 37 51 77 56 89 33 72 97 5 62 36 83 68 92 88 32 98 8 31 99 59 22 69 85 26 
36 11 1 26 50 100 73 51 54 83 42 72 21 41 5 82 55 96 6 95 84 91 9 56 98 69 61 25 39 70 38 90 74 22 10 89 8 40 62 57 85 77 48 19 16 75 30 37 43 47 87 13 7 49 71 29 92 97 86 14 17 20 23 3 53 46 67 33 64 65 80 88 27 79 31 4 32 81 34 52 94 63 45 93 58 15 12 99 60 24 28 59 44 18 2 66 68 78 35 
38 19 83 25 15 39 61 66 2 22 72 80 3 51 9 69 56 58 47 11 8 36 21 6 55 49 73 4 52 7 17 86 59 33 98 46 76 31 93 100 5 96 91 34 42 44 94 48 65 89 85 67 62 71 24 16 20 30 37 99 27 32 95 10 78 79 1 81 12 29 88 43 26 28 41 90 50 57 64 97 63 60 54 84 35 53 13 92 70 82 87 45 40 75 68 18 74 14 23 
80 9 46 36 13 70 25 64 93 33 66 17 86 77 90 28 92 54 31 29 8 99 41 71 11 62 4 63 18 58 83 20 16 65 61 53 73 30 51 23 34 60 94 5 69 48 95 76 97 81 32 49 35 42 50 56 10 37 96 44 14 21 52 24 91 68 2 84 40 74 87 100 45 67 72 88 47 85 22 75 98 39 89 3 27 57 12 6 19 43 15 55 82 1 79 26 59 38 7 
22 96 61 90 76 82 67 70 89 20 88 52 16 2 44 29 68 98 31 40 77 30 37 51 9 91 63 71 69 85 25 35 84 99 49 74 59 23 12 4 81 80 86 94 50 72 41 45 19 28 42 73 34 54 38 32 62 15 75 83 14 26 60 10 65 46 27 39 43 7 17 93 97 21 1 3 6 11 100 36 33 13 55 56 47 18 57 8 58 78 48 24 53 92 5 64 95 66 87 
96 64 75 67 23 33 6 100 7 82 65 62 49 39 11 78 68 95 93 61 63 92 60 85 25 44 89 47 31 58 41 17 77 38 56 46 42 43 9 53 94 14 18 81 97 26 16 35 90 54 57 52 69 37 91 88 19 36 98 20 5 27 29 84 71 1 40 87 32 72 30 8 2 15 45 51 22 4 28 10 34 24 79 21 76 13 48 70 59 99 55 50 83 74 66 3 86 73 12 
15 74 32 23 36 86 62 71 84 100 20 88 70 25 60 12 87 72 38 51 9 14 69 94 92 77 10 49 18 55 91 65 67 61 41 54 80 17 13 96 4 46 99 28 95 52 90 85 6 76 30 66 22 19 93 7 58 24 11 34 79 83 68 3 43 8 33 27 35 16 2 47 98 37 63 75 50 42 56 59 1 78 48 40 31 97 29 21 57 82 39 64 26 5 44 53 89 45 73 
36 97 8 71 34 10 77 89 94 5 46 87 74 63 78 83 39 64 25 26 11 98 2 57 7 17 40 4 37 12 79 30 56 27 68 85 66 70 51 96 90 65 42 35 72 23 59 44 14 18 67 22 1 54 13 95 92 43 76 32 29 81 58 84 15 55 16 60 86 62 61 53 52 9 91 19 41 80 99 28 31 24 93 69 20 50 6 21 88 45 48 73 49 33 100 38 75 3 47 
81 93 59 51 12 39 80 11 92 48 79 97 10 53 84 20 55 72 3 50 2 64 34 100 78 74 96 89 33 30 13 44 87 63 91 70 43 36 54 5 85 22 28 62 26 37 29 66 46 45 16 42 21 71 4 75 86 32 73 60 88 82 27 94 49 61 99 18 7 57 98 6 23 15 68 19 90 17 24 35 41 95 9 77 31 1 67 25 58 52 40 8 38 47 56 76 65 14 69 
42 44 6 72 31 75 22 50 65 51 81 91 80 88 38 49 40 27 23 73 34 52 21 64 32 58 7 29 67 30 83 8 13 79 69 4 54 2 78 66 87 85 35 24 1 82 56 60 43 25 71 26 89 90 100 62 77 55 97 33 61 9 76 14 28 37 68 17 53 95 96 11 63 10 46 3 19 74 93 59 48 94 99 5 16 57 47 15 98 86 70 45 12 39 20 92 36 41 18 
9 18 14 38 21 28 51 19 11 76 75 61 60 55 73 46 35 65 32 10 100 3 5 50 70 81 40 82 56 8 41 80 99 6 68 30 45 91 16 58 96 89 36 43 83 13 47 15 57 59 62 87 31 74 93 49 67 53 97 7 71 77 37 78 64 69 4 12 17 95 34 63 26 27 79 33 22 72 25 54 52 66 88 23 39 2 90 86 92 20 24 48 29 42 84 94 98 44 1 
63 30 71 85 64 93 13 35 12 2 62 28 37 89 83 20 14 42 11 23 29 57 82 8 66 67 69 94 97 43 19 52 48 40 73 79 25 36 88 75 17 3 70 41 47 77 76 22 92 9 5 51 4 45 7 27 81 24 53 10 6 74 55 49 50 95 65 33 78 80 99 100 26 56 98 46 21 59 34 91 54 84 58 39 90 96 18 68 44 32 72 87 1 15 60 16 38 61 31 
52 11 78 5 85 77 31 27 80 14 63 21 91 89 28 6 61 82 51 70 18 53 73 38 15 76 71 49 30 59 24 7 100 12 16 25 4 94 58 54 57 67 66 97 88 8 93 96 99 92 13 22 86 3 60 47 44 84 50 32 64 74 48 26 69 9 17 46 81 75 29 36 20 2 62 72 90 65 23 95 56 39 79 10 41 43 42 68 55 35 40 37 98 34 1 19 33 45 83 
99 22 23 16 93 72 66 92 98 64 67 28 2 73 45 81 46 52 69 33 61 50 62 77 21 94 83 35 79 90 27 24 34 25 4 76 59 63 65 31 40 12 87 53 58 57 18 86 29 1 42 55 3 44 95 41 97 17 13 43 32 68 10 91 19 11 60 30 75 96 89 36 54 49 47 26 6 70 74 100 14 15 9 8 85 39 5 20 71 82 7 80 51 78 56 48 37 38 84 
72 17 25 9 32 5 68 54 6 1 80 73 7 84 59 71 36 85 8 77 45 40 38 2 66 19 28 98 64 82 88 48 4 94 75 35 51 49 18 70 57 93 56 29 34 62 21 41 90 20 12 87 11 76 22 14 3 26 46 61 42 55 27 31 97 37 58 96 39 92 99 100 86 16 33 52 53 79 10 63 67 13 50 78 69 24 47 43 74 65 60 30 83 95 15 91 81 23 44 
12 8 5 59 95 7 70 33 36 27 24 57 28 64 73 76 18 91 40 45 17 93 25 78 72 22 86 10 29 2 37 4 39 75 53 47 83 67 52 69 32 21 56 84 96 80 41 97 60 42 49 81 79 74 13 11 77 88 94 92 89 85 1 26 34 46 3 35 82 9 66 19 61 23 38 62 30 31 6 50 71 65 16 14 100 44 98 68 63 15 54 58 87 43 20 55 48 99 51 
5 22 58 30 80 54 45 62 95 52 73 82 10 15 59 44 75 74 96 81 94 16 48 43 64 38 29 86 20 92 72 55 18 39 24 12 7 69 11 23 60 100 77 13 87 57 99 19 88 67 37 4 27 90 3 85 79 49 31 71 14 40 56 68 61 36 42 6 89 17 53 28 63 65 41 26 83 21 34 50 2 84 25 76 1 93 70 33 8 97 66 78 47 9 98 35 51 46 32 
31 83 44 41 49 67 100 89 36 65 24 55 88 40 12 17 33 15 63 71 20 54 64 51 9 46 78 47 73 8 96 82 11 79 58 76 77 42 53 1 75 4 23 87 57 81 56 50 22 3 6 27 2 60 72 80 66 28 32 7 62 93 68 52 86 19 90 16 26 94 10 25 37 45 59 14 21 84 74 95 38 13 99 43 85 48 29 34 70 39 30 61 98 97 35 69 5 91 18 
26 31 36 90 15 4 17 64 52 69 8 98 41 66 46 14 87 73 24 95 88 48 67 1 12 13 7 61 20 51 6 49 60 81 58 92 99 55 5 50 37 38 82 79 35 75 97 78 18 40 83 94 68 11 84 76 34 21 43 63 25 30 22 42 59 47 74 29 53 10 89 9 27 32 23 56 62 72 71 16 86 100 28 96 44 65 45 80 33 54 91 39 70 2 85 77 57 19 3 
95 30 85 60 44 32 18 55 27 4 65 50 31 70 5 98 82 63 42 87 2 99 68 25 67 28 12 75 62 96 54 6 33 66 15 43 59 34 86 56 11 73 48 46 19 14 51 76 57 74 92 58 47 83 53 3 13 29 52 91 100 20 78 17 93 22 36 49 37 71 79 24 80 16 10 8 61 26 1 38 84 64 69 21 39 35 23 45 81 97 41 40 77 88 89 9 72 7 90 
42 8 27 99 50 91 25 58 100 14 66 6 97 32 55 61 54 1 83 40 2 4 3 24 12 79 80 70 49 9 51 48 90 78 33 43 69 41 67 38 68 72 35 84 10 7 82 63 23 21 28 29 65 76 30 85 71 13 75 26 60 93 77 81 89 20 18 15 53 16 92 57 31 94 62 47 64 56 5 45 17 22 98 37 52 96 46 87 88 34 39 74 86 44 59 36 73 19 11 
11 58 1 20 34 41 93 29 81 45 18 27 72 15 69 92 51 67 62 3 95 25 2 97 16 26 59 91 28 68 71 43 33 78 77 48 65 79 82 94 13 32 38 9 56 14 83 90 99 66 37 75 7 52 23 40 89 17 100 73 46 8 35 49 12 80 5 74 88 85 53 24 54 22 63 87 30 55 98 86 6 57 60 21 44 10 64 31 42 19 84 61 36 50 47 4 76 39 70 
92 90 70 42 20 8 16 79 46 49 18 14 23 34 67 66 98 2 52 73 17 94 55 7 3 21 86 36 91 59 57 65 45 38 64 22 51 4 1 35 28 85 69 44 58 6 53 11 39 77 76 63 74 33 72 24 82 71 61 29 40 48 54 88 50 99 15 31 10 43 100 80 87 32 89 96 84 68 5 25 81 12 9 13 75 56 78 30 37 95 62 27 41 60 83 47 26 19 93 
67 24 79 45 4 37 95 78 53 82 49 13 17 75 50 69 71 93 97 20 58 31 7 100 65 76 61 3 63 64 46 38 5 85 70 26 72 19 12 99 54 16 11 55 81 57 88 32 94 2 86 56 87 39 8 59 35 36 84 34 18 89 52 14 92 40 1 23 33 42 91 73 9 44 15 48 80 29 6 10 30 51 41 22 28 21 96 68 74 77 60 47 83 27 66 62 43 25 90 
45 40 64 23 35 2 21 92 51 43 36 30 15 66 76 90 98 87 5 12 1 95 83 4 54 20 28 58 53 65 39 81 88 27 71 26 63 18 42 47 52 48 41 84 68 56 93 94 85 33 24 8 50 49 75 73 62 74 72 86 6 25 17 34 57 11 77 37 100 44 13 67 70 97 61 69 78 10 60 89 29 80 22 3 79 59 96 14 38 46 55 82 19 31 91 7 16 32 9 
54 73 76 6 32 98 10 40 86 45 13 44 24 41 3 8 18 90 67 60 49 71 81 96 53 43 72 35 87 66 83 62 92 34 39 99 2 33 5 21 48 61 64 11 69 51 46 9 78 94 17 57 20 37 30 52 19 12 15 79 70 28 80 97 84 26 58 91 14 23 42 25 59 65 75 50 93 36 1 95 74 77 27 4 63 31 89 85 68 88 7 38 56 29 22 82 47 16 55 
