100
42 48 18 64 56 13 49 67 45 11 35 44 36 61 88 87 63 34 10 74 75 31 23 77 71 3 93 16 100 8 72 78 43 57 65 38 97 25 9 89 54 58 68 60 92 27 14 79 53 6 37 86 84 12 62 39 73 46 29 98 4 55 82 20 
19 47 4 85 91 17 3 36 25 9 100 87 61 89 78 31 37 33 59 97 18 24 77 83 34 43 50 29 16 6 46 86 99 67 39 55 28 80 56 70 68 73 53 22 95 48 45 14 35 62 71 93 41 51 21 44 76 13 15 69 74 8 64 58 57 54 92 96 75 88 72 63 38 
18 6 26 91 37 17 47 61 56 46 42 11 73 2 95 82 76 85 88 64 75 68 23 51 77 78 90 41 43 29 7 22 16 58 97 14 24 70 100 93 94 72 55 4 36 45 80 52 84 19 87 12 48 60 9 69 34 15 31 35 49 38 98 86 59 63 81 25 20 39 99 1 96 32 53 
100 14 74 91 63 2 97 36 89 98 35 58 52 86 10 50 92 96 8 22 45 25 57 51 78 95 76 34 69 16 38 40 87 18 12 75 33 15 5 62 73 44 49 9 37 48 6 77 23 42 39 29 11 55 94 32 67 54 56 59 46 65 27 31 61 3 41 1 47 13 24 93 
44 70 38 9 45 100 73 87 61 82 56 80 17 14 93 46 33 4 81 69 40 72 57 58 65 25 28 59 78 36 7 21 32 79 27 39 41 16 37 90 99 55 86 29 66 49 11 22 26 19 23 84 60 96 51 53 52 95 77 31 15 88 62 35 34 89 18 97 10 85 20 8 
10 86 89 91 42 23 3 28 22 96 8 63 21 39 81 27 88 78 52 35 99 15 16 61 45 92 37 11 43 73 54 59 32 90 75 7 80 14 12 55 56 34 71 4 9 18 68 97 1 70 84 50 20 83 40 93 30 31 65 36 69 17 57 53 47 58 13 24 100 95 87 26 46 19 25 62 33 67 2 44 72 94 
71 35 48 55 26 76 8 65 27 100 13 37 68 51 31 45 34 29 90 18 89 93 20 81 94 85 16 61 58 5 53 79 24 17 64 32 6 19 21 23 33 63 39 3 30 12 59 80 28 47 72 11 84 14 52 66 83 54 41 56 10 98 57 49 62 9 97 46 36 40 50 67 
49 92 77 63 41 25 86 76 61 100 16 64 26 68 34 66 85 2 47 43 48 98 27 58 81 31 30 62 52 5 15 59 1 42 75 53 94 12 29 51 33 97 99 91 89 74 37 93 9 84 36 19 72 23 7 55 80 13 96 18 11 24 78 46 70 6 88 69 4 38 21 65 39 44 82 45 67 14 
18 46 64 27 82 65 3 69 31 38 86 44 52 73 36 19 88 93 60 95 57 22 62 49 7 16 5 79 8 41 78 13 98 11 99 74 12 87 81 66 26 48 32 90 35 17 76 40 55 72 47 2 75 33 85 51 70 24 77 45 96 28 6 56 4 29 30 100 92 37 1 42 14 34 25 10 67 
36 100 28 73 88 81 5 59 39 69 77 11 42 30 50 41 4 96 12 65 62 24 55 54 6 13 72 7 90 1 21 98 66 27 68 74 86 14 29 58 26 43 71 38 60 76 34 35 51 23 97 95 15 46 48 9 25 67 75 92 78 85 19 47 64 31 40 87 18 93 53 84 16 91 49 32 94 37 82 
4 29 63 14 21 16 90 43 65 45 23 70 8 13 1 32 72 58 56 51 75 48 7 28 10 15 44 76 19 47 86 85 78 33 97 26 9 41 36 62 100 88 92 84 69 81 37 31 6 25 34 52 24 64 18 42 35 99 73 68 59 91 55 53 66 5 40 82 3 80 79 46 17 77 27 87 96 95 
63 23 49 66 7 18 71 99 74 62 24 64 95 45 4 40 25 33 56 29 91 39 79 19 32 20 77 68 93 92 38 97 6 87 78 69 51 88 58 16 9 96 85 84 73 70 89 60 47 1 48 50 27 44 90 75 81 17 35 22 21 34 98 15 13 8 10 59 72 54 42 55 3 82 86 37 28 36 
60 77 99 49 10 12 93 16 98 45 34 96 32 26 31 67 51 81 86 40 23 30 97 95 92 48 24 71 65 37 72 47 80 57 42 35 25 100 63 52 59 27 1 43 88 6 79 55 53 84 9 41 29 50 7 4 94 85 64 8 39 89 33 14 15 11 87 46 90 20 2 
71 42 28 26 85 62 77 60 52 48 19 16 31 50 94 86 58 24 81 96 89 72 2 78 83 27 7 100 3 97 17 8 23 6 74 88 73 4 36 57 44 84 41 75 13 99 37 92 80 29 59 79 38 61 98 87 55 95 35 82 90 40 53 70 91 47 39 51 33 5 46 9 11 10 63 18 25 45 66 1 15 
35 89 37 12 21 56 52 85 64 20 34 51 41 36 84 32 79 93 13 96 4 2 91 99 14 71 82 10 44 94 30 68 22 98 25 16 18 57 33 29 28 90 75 62 40 58 6 66 83 92 67 31 95 11 53 73 39 63 65 5 60 54 3 8 50 97 81 17 77 
60 46 56 7 66 29 23 47 97 59 67 45 87 91 76 77 57 20 53 6 8 12 49 40 9 63 38 94 1 100 43 35 64 81 99 85 11 10 65 3 5 68 2 36 25 72 96 51 92 37 88 62 14 39 27 31 32 4 13 89 98 48 17 24 41 28 58 80 18 15 22 70 26 52 33 
91 81 96 37 5 74 23 26 16 36 84 93 85 87 48 67 27 7 30 71 64 77 11 49 97 94 41 72 28 2 53 47 98 61 44 62 33 19 46 99 55 29 9 56 15 35 6 69 50 3 14 25 68 21 12 32 70 63 100 31 82 57 73 42 34 59 20 
30 76 86 54 98 70 19 56 89 88 73 100 57 61 80 97 22 32 41 50 33 10 12 4 53 69 27 49 62 60 21 92 91 31 43 3 45 14 9 95 25 65 2 63 58 82 99 74 51 79 35 6 68 87 15 11 38 20 28 59 90 77 93 34 78 71 96 1 64 48 7 52 24 46 16 8 75 47 83 5 55 26 
12 43 36 8 47 94 61 65 11 46 80 3 40 82 86 29 57 21 7 30 34 95 39 90 74 92 70 14 93 48 96 67 88 64 38 83 49 78 76 73 2 51 5 41 18 56 89 37 10 42 23 27 6 53 84 69 60 17 62 59 31 20 28 100 75 68 52 45 9 99 33 
65 26 93 43 88 12 46 37 18 67 87 97 60 100 58 40 21 39 7 63 35 50 6 17 1 36 23 59 61 85 33 29 89 44 73 19 72 75 16 22 81 53 5 80 64 48 66 77 34 15 28 62 32 82 38 30 69 47 31 41 13 94 92 95 25 76 3 57 
93 100 12 40 41 98 80 25 44 94 23 66 2 87 22 37 56 83 57 6 60 20 77 39 49 69 15 95 46 45 89 55 7 96 82 5 91 63 19 34 67 86 76 68 30 84 48 92 75 65 11 58 8 24 72 79 54 90 81 42 33 43 74 26 18 85 62 10 53 59 99 47 29 17 
93 78 62 80 97 50 9 2 95 41 15 87 84 81 39 49 96 51 59 32 63 12 42 40 55 98 36 45 43 21 72 4 66 18 54 6 89 86 25 77 69 57 92 61 79 90 88 3 44 53 76 56 30 58 71 70 94 85 34 60 37 65 29 91 5 47 16 35 33 20 
82 20 11 48 17 75 92 36 25 21 7 5 4 35 99 53 41 89 27 10 76 96 52 1 24 70 55 79 51 81 40 88 67 60 97 85 83 31 16 100 42 61 68 64 12 50 93 72 59 29 38 32 45 37 3 73 91 80 14 57 30 6 13 34 87 62 46 19 33 65 8 69 
76 64 61 60 52 99 84 14 36 93 82 18 80 38 57 9 74 53 8 49 33 50 47 92 70 43 55 83 45 65 91 30 59 75 40 11 96 88 21 48 86 10 29 77 2 41 37 26 46 71 51 79 98 94 6 3 7 4 73 16 67 72 13 69 23 66 35 100 68 12 32 25 97 78 
51 77 21 55 47 42 10 53 2 70 64 20 11 31 18 83 67 23 56 79 5 26 87 33 6 1 85 37 52 71 89 12 14 3 34 30 100 39 46 50 66 35 63 68 88 28 61 92 13 29 44 43 38 16 40 49 4 69 97 8 65 9 73 22 76 95 94 15 17 81 24 99 86 36 
91 57 99 8 3 90 95 54 92 9 35 38 7 24 6 79 21 37 60 14 13 66 85 77 10 59 36 51 39 76 25 44 45 93 17 67 87 69 80 18 20 16 28 62 89 71 64 27 30 56 75 96 94 52 42 70 49 31 83 68 53 33 74 72 5 32 84 48 55 11 
6 49 30 66 16 57 88 69 10 63 78 72 11 13 58 44 71 46 90 19 77 9 5 29 91 17 4 52 83 54 51 70 14 43 7 40 82 89 18 36 35 47 1 23 12 79 100 65 86 84 62 95 28 33 61 26 8 37 92 98 32 55 
18 86 10 61 12 2 52 62 37 15 16 20 75 74 25 45 19 5 9 93 100 71 65 97 36 66 81 68 43 11 14 85 33 47 82 26 58 44 48 80 59 70 94 35 89 60 99 98 96 64 17 7 40 39 72 54 56 55 49 27 53 50 57 42 30 29 88 92 6 91 
37 15 27 56 4 8 94 25 84 33 50 3 53 16 98 28 42 89 63 48 91 85 7 69 93 49 77 60 2 75 34 31 32 38 79 12 65 62 74 45 17 1 39 5 44 20 100 43 57 66 14 71 9 61 80 35 97 76 13 21 96 83 19 87 95 10 11 41 73 70 59 30 24 22 82 52 99 64 23 
75 60 15 25 39 17 61 44 26 100 29 96 59 65 28 92 53 41 21 70 79 49 68 18 36 43 98 76 91 80 32 58 31 88 73 71 42 77 78 24 52 27 82 23 94 64 90 35 37 50 10 33 84 13 62 7 20 56 54 87 9 99 89 8 19 47 22 46 6 83 
92 82 49 53 17 29 70 11 62 79 41 44 43 48 16 20 1 7 94 72 42 34 75 6 61 33 87 3 64 89 91 66 10 8 55 74 5 19 30 23 95 73 99 65 25 93 68 69 45 4 84 36 80 98 35 58 50 90 46 54 9 85 15 14 57 26 13 52 51 2 67 39 18 40 86 
3 76 90 86 47 66 59 45 48 22 65 16 75 78 82 40 97 96 89 91 34 18 55 49 15 51 37 5 46 98 10 87 20 27 56 62 41 54 17 12 24 58 7 71 72 23 63 100 26 52 33 29 60 30 11 61 64 79 74 73 93 77 38 69 42 44 35 80 13 94 88 50 85 9 6 4 
19 99 17 94 82 95 52 50 78 5 51 62 80 61 70 39 67 23 40 55 76 13 8 44 43 54 27 83 84 69 30 18 100 41 4 16 6 11 71 14 97 81 45 87 89 85 47 38 74 66 59 22 37 25 12 49 73 93 77 31 60 20 24 7 28 21 2 75 29 15 92 98 26 57 9 32 
89 19 52 67 49 6 43 8 65 7 95 50 15 51 70 91 11 71 58 62 61 68 4 38 60 88 3 75 96 48 22 5 17 53 80 78 87 18 12 36 83 45 57 25 86 13 90 77 98 41 69 85 46 20 31 35 81 39 100 32 84 79 99 9 93 21 23 47 94 42 55 29 1 10 2 
69 61 89 63 60 96 18 11 4 81 57 90 34 26 22 2 15 6 76 97 85 75 84 79 50 71 23 5 3 47 78 52 44 87 64 43 31 40 25 92 13 36 32 98 42 20 38 9 54 93 17 30 29 27 28 16 51 65 46 68 1 70 66 58 59 12 94 72 62 41 53 7 24 83 10 14 
76 5 57 46 60 55 77 62 17 53 39 20 84 68 26 1 16 96 72 79 6 56 14 100 65 54 22 30 45 35 98 9 4 34 88 51 23 61 15 78 70 95 19 7 41 42 8 80 85 99 40 90 81 71 83 12 66 24 28 43 75 89 27 63 47 91 10 38 11 48 3 64 2 50 87 25 69 31 
66 92 40 19 22 6 90 100 26 99 67 28 94 29 95 12 83 78 27 23 47 48 2 45 17 59 10 16 46 11 20 52 42 89 32 49 25 9 21 97 7 75 50 68 43 98 96 61 41 72 63 80 15 57 13 44 74 77 56 53 5 14 84 54 33 76 30 8 93 3 87 24 1 86 65 4 73 71 60 38 
71 57 64 10 94 86 92 69 79 14 73 87 18 23 85 29 98 19 83 75 46 68 26 72 49 25 40 39 66 1 34 93 63 54 4 32 91 88 5 36 55 2 33 35 95 62 80 16 43 65 47 3 24 84 20 9 52 70 12 78 8 90 76 97 51 59 37 53 
86 6 67 38 15 19 87 100 12 69 22 28 91 77 97 14 20 36 89 52 79 76 72 56 55 8 7 1 92 21 66 33 16 46 61 31 2 13 5 94 82 57 85 58 90 53 51 50 10 73 41 26 40 4 44 63 48 30 78 81 49 29 98 3 25 34 60 
15 63 21 6 11 56 73 86 43 55 19 53 96 4 35 20 61 52 28 33 31 12 98 85 79 27 13 5 25 83 65 77 78 81 99 71 22 42 91 39 24 94 7 46 44 51 57 59 49 64 67 54 74 10 62 84 76 32 47 68 9 37 16 87 23 58 48 41 75 36 14 70 66 89 38 92 
20 57 4 37 94 62 36 67 2 31 40 65 54 80 75 91 82 14 56 97 95 5 3 96 33 34 85 68 18 87 79 32 88 23 13 10 64 7 70 47 19 86 11 39 17 59 22 48 35 81 78 9 100 60 89 93 15 76 24 43 42 77 16 46 53 74 21 45 55 99 51 61 71 30 29 8 44 98 52 72 
80 36 10 23 70 99 71 73 86 54 48 9 82 29 75 35 61 25 26 58 34 78 49 92 72 97 11 59 76 81 90 51 41 50 40 30 63 88 47 21 53 22 68 57 89 66 14 55 37 87 43 28 85 95 6 31 1 77 32 64 69 45 83 12 52 3 91 93 8 44 62 13 19 17 94 4 
6 77 64 27 18 84 19 45 97 90 16 70 29 83 65 93 52 34 21 10 22 2 33 41 61 31 25 95 48 20 40 59 36 44 67 28 37 35 47 72 96 55 30 60 91 98 46 100 49 24 88 57 56 38 74 13 42 85 99 79 78 1 63 3 89 8 53 11 62 
1 60 53 4 73 97 46 25 22 39 55 91 83 92 48 59 29 42 45 37 63 6 72 82 65 79 26 90 8 56 71 2 40 78 99 70 9 61 21 86 75 76 31 100 57 87 20 17 15 80 28 35 62 30 41 77 93 5 27 84 89 11 85 54 64 14 33 12 74 94 98 47 32 43 58 96 
50 12 54 32 74 48 36 64 84 26 86 44 4 29 52 49 71 79 34 97 6 56 9 91 55 18 76 14 21 68 51 67 73 90 61 63 33 60 66 65 59 22 62 13 3 42 92 1 77 28 23 19 72 57 89 96 43 94 2 82 47 69 24 85 8 41 16 11 58 81 37 99 46 31 83 75 5 7 
23 17 83 43 86 81 66 34 87 2 19 36 40 20 55 32 44 16 9 74 65 48 73 11 100 1 79 96 72 82 88 47 70 13 6 75 99 39 14 31 98 4 7 89 94 27 76 93 90 58 84 38 80 35 67 51 3 18 77 45 69 64 85 56 24 59 37 52 54 8 5 25 97 91 63 21 41 10 30 78 
95 97 4 20 54 76 38 45 56 91 57 27 8 82 10 18 28 80 74 2 93 42 81 41 64 12 85 87 67 61 62 7 72 69 100 22 36 90 16 84 77 49 17 44 96 35 52 11 43 6 99 88 30 19 63 3 86 25 40 33 78 59 34 21 51 71 13 46 32 55 24 37 9 14 66 70 
3 17 70 64 51 10 93 97 11 49 66 88 91 36 52 67 21 89 46 40 81 1 24 28 44 12 37 43 20 26 45 79 86 72 41 60 76 16 19 7 18 94 92 84 53 62 56 77 14 96 2 31 39 100 71 29 32 74 63 8 34 61 75 42 87 83 59 13 85 69 99 54 65 68 55 9 98 4 23 
76 87 38 9 29 12 39 24 51 47 34 92 22 43 82 48 25 53 74 16 21 63 73 60 31 100 96 50 27 10 4 68 26 98 57 93 8 28 88 90 42 81 69 84 37 32 67 1 45 5 66 19 33 94 86 7 80 40 62 13 59 85 79 3 17 54 18 72 30 
66 45 82 42 75 52 25 6 74 53 31 83 49 67 58 71 14 2 33 68 92 62 51 76 57 12 70 56 24 15 55 84 96 10 22 63 94 34 81 35 4 13 78 17 32 95 54 29 7 88 37 72 93 36 61 18 60 97 28 39 79 98 65 20 87 90 86 64 23 30 
7 93 3 13 79 91 99 86 45 39 88 24 54 16 10 68 71 84 61 35 49 38 62 34 33 63 19 15 47 98 72 11 23 18 50 70 52 36 41 87 42 57 27 76 96 94 67 40 90 9 12 85 65 56 25 100 22 14 77 74 83 4 48 32 64 5 46 82 2 66 8 31 59 26 97 89 92 55 
45 57 66 87 25 55 38 60 46 42 100 53 65 98 30 24 54 73 15 13 90 41 95 82 34 29 5 39 18 14 76 78 68 84 70 4 28 40 8 51 85 83 6 86 43 94 37 19 88 56 35 7 27 23 32 26 71 91 50 9 16 31 47 48 92 33 93 61 11 58 3 97 
20 16 87 2 37 58 41 52 77 84 15 13 36 44 3 21 74 91 75 69 42 19 85 38 14 8 49 81 80 55 50 29 1 48 98 34 40 72 10 96 28 97 64 95 11 66 25 89 78 31 5 18 35 56 73 71 61 54 83 57 23 17 24 62 88 30 86 22 94 70 26 6 7 59 43 100 65 90 39 
27 99 76 48 100 7 44 80 47 64 81 60 6 78 91 55 18 57 77 96 2 67 70 88 40 89 35 4 28 31 12 38 42 50 98 82 92 95 32 51 59 97 36 26 33 73 49 86 46 69 22 83 10 1 21 66 37 71 52 53 65 45 62 15 90 75 72 41 30 
12 44 18 68 82 54 4 71 40 28 76 83 8 36 27 100 13 32 47 96 2 53 70 51 23 66 92 31 84 48 60 7 45 67 63 17 21 50 24 38 41 97 42 33 95 72 5 34 26 58 90 3 6 89 57 25 80 43 91 62 1 14 75 52 81 10 9 11 74 77 98 22 73 79 87 88 56 39 59 46 99 65 
9 53 15 80 11 19 1 26 72 45 92 96 52 78 85 71 64 46 43 2 5 61 77 25 50 57 41 16 51 74 48 55 39 81 62 21 94 98 28 32 93 63 7 95 4 70 18 29 83 75 60 17 90 12 89 58 99 30 66 44 76 86 22 79 6 47 40 82 3 36 37 65 
78 31 23 97 29 45 68 7 1 5 2 70 39 20 33 71 49 24 43 84 53 85 80 100 28 63 34 60 93 13 75 69 94 36 14 27 21 26 22 91 4 62 17 58 89 44 37 87 83 51 61 54 41 56 55 6 59 66 42 52 96 67 90 47 38 9 19 74 15 98 18 73 64 35 16 50 40 
100 64 20 67 34 11 31 65 79 27 88 55 28 80 63 57 96 39 15 6 45 75 21 70 84 91 46 1 18 86 32 3 16 35 30 22 89 76 50 4 10 72 52 2 12 93 82 42 8 69 61 98 40 14 99 56 5 94 90 53 83 7 44 77 60 
88 64 53 66 78 23 17 65 20 98 77 55 21 33 7 24 57 41 43 35 82 79 4 16 84 75 99 83 47 3 5 76 42 40 22 69 26 85 73 46 14 96 29 30 10 44 6 49 93 67 28 63 80 74 89 8 13 54 45 95 12 19 18 86 51 97 61 48 32 87 62 94 2 37 11 38 
99 56 9 14 64 55 43 22 30 79 52 45 29 69 26 85 71 80 48 28 63 57 62 32 10 84 95 58 41 44 73 83 5 68 67 3 33 34 77 19 66 96 97 1 24 70 13 39 18 15 82 12 23 16 49 89 98 92 50 37 78 86 20 72 61 36 76 87 21 54 35 94 
14 19 45 51 24 43 98 52 25 94 22 36 31 60 58 90 5 18 7 57 28 89 3 74 48 42 56 95 20 72 59 17 66 92 81 35 93 64 47 85 27 91 6 1 99 88 80 50 83 67 33 62 71 39 32 2 4 34 96 75 41 68 79 70 29 82 23 44 8 53 40 30 37 78 100 84 
61 2 60 94 16 30 18 19 100 97 50 75 72 86 4 63 42 40 17 65 70 5 22 79 10 67 15 28 93 49 54 36 35 41 57 21 59 23 88 1 26 91 98 8 69 11 89 9 87 83 43 32 64 6 55 12 71 27 33 80 14 45 7 56 78 48 38 81 68 51 96 66 47 34 20 53 31 29 44 95 84 
4 18 99 38 17 22 49 85 21 36 16 98 92 79 89 15 88 43 100 25 74 71 44 56 51 14 87 60 75 65 11 72 47 20 77 37 80 45 94 69 55 1 48 29 50 35 97 2 39 58 84 3 95 57 40 12 42 46 64 6 59 76 78 91 7 27 13 62 8 32 
45 74 90 98 18 48 69 97 1 46 31 47 10 35 87 63 9 3 24 96 36 95 89 13 15 30 23 61 99 78 66 86 59 40 19 100 2 53 68 26 28 32 72 80 73 44 7 70 42 81 84 94 12 58 93 43 25 83 20 41 62 56 60 82 29 50 67 77 16 85 91 57 8 11 54 38 76 75 51 17 
19 41 13 15 70 75 28 25 38 11 4 86 16 24 56 94 55 35 77 6 78 23 69 18 76 66 67 10 52 5 29 58 73 1 45 36 71 100 31 82 62 32 89 99 53 27 9 43 50 22 84 98 46 96 51 20 30 92 83 40 63 54 59 7 95 37 48 21 34 80 44 8 
78 16 40 80 100 98 97 39 46 52 32 22 48 76 93 68 83 9 12 21 72 79 67 56 28 59 50 53 8 51 95 54 55 69 5 11 35 90 37 24 85 26 42 65 25 45 14 86 82 10 60 33 77 27 62 7 38 64 96 57 61 94 20 49 36 75 15 47 31 29 74 
46 48 74 49 40 39 76 60 69 31 13 8 62 34 100 87 88 98 33 81 91 47 51 6 19 10 64 43 93 66 9 7 1 24 25 95 16 50 15 89 94 90 78 45 2 61 59 17 54 77 57 97 37 71 86 21 82 58 73 55 92 26 23 72 96 4 41 65 20 79 
81 60 37 61 38 48 52 97 7 31 3 24 18 78 36 91 74 70 16 12 64 21 34 42 19 50 95 80 90 8 94 73 55 11 82 30 6 25 35 45 66 100 75 10 40 49 17 28 72 26 57 15 62 87 71 88 41 84 2 1 83 51 77 23 
86 39 100 47 48 29 72 71 33 20 73 94 64 19 58 90 17 23 10 34 26 42 31 8 11 12 49 38 5 81 32 82 80 88 9 45 27 59 78 91 36 46 35 24 66 96 57 84 54 53 95 25 3 60 22 2 4 18 89 75 6 92 63 62 67 76 65 21 99 
50 30 41 33 35 27 84 62 40 60 3 92 48 17 18 26 34 29 73 64 46 61 56 36 76 9 53 8 22 75 12 31 90 95 28 44 14 57 58 68 71 65 16 38 79 96 88 83 51 47 98 55 23 25 72 80 89 19 2 100 43 54 24 52 91 6 11 81 42 97 5 93 
1 82 94 78 65 17 61 73 13 92 14 10 53 96 37 7 47 89 68 62 42 2 63 18 48 60 25 93 74 45 24 77 88 44 69 22 95 36 33 54 26 6 97 35 67 84 38 98 52 12 27 51 28 29 81 86 79 34 90 30 70 50 72 40 57 15 41 56 55 32 91 
20 28 27 50 16 92 45 17 39 23 8 3 22 24 41 69 44 42 88 66 14 71 63 82 37 38 85 12 64 84 31 67 97 79 11 78 49 94 53 21 75 73 35 56 74 83 70 51 93 91 13 58 47 87 6 81 61 90 26 36 80 1 100 43 68 99 98 7 54 46 48 76 32 10 60 9 62 77 5 2 55 
99 37 45 85 80 72 77 64 55 25 65 52 81 4 93 39 1 29 54 40 31 49 38 68 30 6 10 75 82 84 94 9 90 42 14 96 33 19 20 79 60 2 71 69 15 67 3 5 23 59 53 86 92 95 46 74 57 12 70 32 18 11 89 24 88 17 44 
37 2 100 84 40 53 63 79 10 71 80 64 56 48 78 68 86 90 85 95 61 57 31 92 43 12 46 88 41 75 26 1 19 99 82 72 55 89 98 49 44 73 67 77 50 47 18 51 21 33 81 93 17 14 4 32 28 24 29 66 45 91 59 8 9 
79 21 57 4 46 72 78 38 84 11 12 29 1 34 89 82 14 58 28 74 69 20 53 90 10 3 45 54 40 98 48 76 23 59 42 2 9 63 15 65 41 33 31 62 95 73 77 68 70 61 86 94 36 83 24 50 44 35 99 19 8 85 97 56 92 66 37 18 30 6 64 55 32 81 26 
90 18 46 42 65 33 48 54 44 81 91 84 64 85 51 29 50 45 35 3 8 47 55 70 66 39 100 94 56 32 2 20 88 4 30 97 37 82 67 40 38 16 72 41 60 75 9 22 21 96 25 89 77 11 52 10 93 87 80 49 26 36 59 7 92 63 78 19 69 23 24 58 86 
33 55 24 5 10 34 74 68 32 53 83 92 8 40 72 75 95 82 20 45 58 43 59 30 89 46 15 56 67 39 25 100 60 90 71 11 13 14 64 21 66 17 87 4 97 29 26 73 41 27 12 76 63 54 16 22 65 1 36 3 79 51 18 2 99 37 9 48 42 96 80 85 44 47 
75 33 38 30 40 72 81 66 57 34 83 61 95 71 96 11 46 86 94 1 54 39 41 18 50 4 9 59 27 67 22 60 44 47 97 36 92 87 14 68 74 24 98 42 35 53 5 90 52 32 79 56 65 89 8 10 2 37 6 91 63 64 3 12 76 69 62 100 84 43 99 19 
5 94 30 43 48 73 49 12 23 1 7 22 74 93 26 75 84 9 82 11 100 40 45 67 72 15 55 27 78 70 44 95 61 46 56 83 71 13 39 29 86 21 91 60 85 59 41 36 88 25 77 58 50 87 63 32 81 31 35 24 62 51 38 66 99 14 18 34 
70 61 87 81 53 90 32 86 54 14 24 65 76 57 68 23 2 95 74 29 66 82 20 8 31 59 6 38 46 37 22 44 13 63 56 62 47 64 18 89 5 100 21 97 72 34 26 36 91 16 42 58 30 98 19 73 77 28 55 69 11 41 3 7 33 60 93 49 
17 23 99 49 93 88 42 80 79 69 78 11 62 47 28 16 5 74 40 10 98 14 12 41 8 7 46 73 33 100 20 92 34 21 13 25 53 9 22 90 71 75 39 95 72 85 48 94 45 56 64 67 15 3 61 70 36 6 50 54 76 97 35 55 68 
18 99 20 8 3 61 41 21 52 95 31 90 92 44 1 59 85 77 79 15 30 32 49 55 10 100 74 73 80 69 60 39 58 33 23 64 71 11 42 29 66 27 46 24 5 93 84 67 51 12 68 98 75 86 76 72 91 54 88 14 45 87 56 28 17 83 47 50 65 9 19 
54 51 52 15 57 97 19 85 79 87 96 26 78 24 27 99 55 43 60 94 44 58 59 14 64 36 86 45 37 68 7 25 66 70 84 46 56 90 40 34 65 2 95 93 72 33 42 53 89 50 38 6 82 92 48 77 61 75 23 100 35 18 98 21 30 29 62 
31 75 63 48 17 61 19 51 70 35 45 11 64 36 98 55 95 47 1 52 65 6 68 82 89 8 88 58 60 24 26 69 72 87 13 92 79 5 46 44 33 49 38 91 85 10 73 21 53 43 27 86 76 93 57 22 3 78 94 100 59 29 34 30 14 40 50 7 37 83 15 74 96 71 12 62 
22 28 25 15 13 23 81 12 47 82 100 45 16 26 53 79 60 29 73 44 86 42 43 57 63 21 35 52 40 93 91 39 31 89 48 59 38 11 72 9 74 87 49 20 99 96 5 56 64 92 41 83 7 17 66 84 10 94 14 76 51 33 97 3 90 36 75 88 8 61 77 2 32 46 34 
45 65 50 93 91 94 90 66 13 82 48 27 67 64 32 51 39 76 84 40 2 19 95 79 74 6 100 71 5 49 54 4 34 80 99 21 59 8 14 62 56 75 69 37 3 85 53 78 52 22 96 41 31 42 24 60 46 1 28 58 9 11 97 83 18 12 10 38 25 47 87 88 73 44 98 
9 4 39 48 94 88 11 42 31 89 72 62 63 64 36 99 100 37 80 77 57 16 23 26 83 95 14 44 98 22 67 96 68 52 50 40 86 20 93 46 85 41 13 6 60 59 76 2 33 12 29 82 21 35 25 32 5 10 49 97 78 79 84 92 34 51 47 90 1 18 38 30 3 53 55 17 
55 11 95 59 70 28 24 87 13 89 23 74 67 62 58 63 94 1 34 18 90 30 82 61 71 41 38 51 3 32 6 98 49 79 42 12 8 14 85 76 97 93 50 36 2 52 20 96 48 53 10 81 9 73 16 5 27 25 69 54 47 68 46 19 22 72 43 86 84 
40 70 95 99 14 26 64 73 80 43 96 19 51 21 20 85 53 55 29 84 44 69 23 6 61 8 12 13 15 41 2 59 36 31 30 22 65 32 7 54 18 63 92 60 16 78 98 46 28 88 57 34 83 62 56 71 58 76 1 45 4 39 74 97 5 42 33 90 25 37 75 67 35 77 93 87 27 48 
45 18 69 64 38 56 67 95 72 78 36 89 51 27 15 44 52 22 55 75 37 19 99 82 21 81 100 74 70 76 46 80 49 13 32 26 53 61 68 7 30 77 3 91 57 11 50 47 6 35 54 31 58 34 12 43 71 83 92 73 14 97 5 86 39 87 88 42 94 9 85 10 66 
85 48 8 72 22 16 97 64 61 96 40 53 57 45 11 3 90 4 80 84 68 79 31 63 43 18 67 71 69 82 15 26 29 70 38 36 86 14 32 23 28 99 27 74 41 52 42 94 98 46 34 17 39 21 92 12 6 47 78 24 54 62 76 58 55 51 10 30 44 2 
44 39 14 91 38 40 55 67 75 37 33 18 6 89 82 49 72 4 90 65 8 71 50 61 96 12 97 21 56 20 19 42 31 63 51 35 13 76 93 84 26 24 60 70 25 73 81 23 52 27 16 22 77 45 54 9 74 15 11 1 99 98 2 28 83 78 85 30 69 10 87 48 
64 88 72 9 76 26 32 2 99 58 7 71 52 67 62 15 34 57 31 44 49 86 50 28 24 74 17 20 43 8 21 3 6 92 22 38 59 56 83 98 61 97 13 10 23 33 79 18 94 47 12 5 35 73 66 4 46 85 41 19 84 29 81 51 82 80 42 87 70 89 100 37 1 48 96 
45 64 28 50 4 34 33 37 16 7 29 57 84 38 24 26 100 53 72 40 41 71 61 48 49 44 6 32 56 85 69 25 17 42 14 73 21 63 88 79 15 81 87 51 96 60 58 83 59 90 76 65 95 97 10 3 78 67 30 62 68 86 8 99 13 35 20 91 66 31 19 39 22 75 52 93 46 
84 83 6 11 3 38 19 87 2 55 9 56 26 63 69 86 37 77 70 5 94 10 64 60 65 75 61 43 73 21 62 81 4 82 42 31 59 96 36 12 78 74 88 20 53 97 68 66 41 100 67 29 79 71 80 14 52 13 47 25 22 90 34 89 54 15 33 50 27 18 
49 46 13 6 24 22 98 51 86 78 4 87 50 15 36 47 88 84 19 60 66 94 95 21 83 64 5 55 57 18 85 61 73 43 32 3 97 23 8 9 91 89 28 16 29 41 14 26 12 99 65 40 35 45 48 59 54 76 100 62 56 34 67 10 37 69 70 93 11 58 92 71 77 30 17 2 44 53 
7 28 12 23 13 86 81 48 10 92 35 55 38 83 63 47 100 20 93 71 75 62 25 24 32 60 6 64 77 96 89 37 14 1 39 90 76 54 53 45 4 46 16 2 11 44 52 17 68 8 5 51 99 18 80 50 43 22 88 85 70 29 41 15 42 87 3 95 78 72 57 33 94 59 67 91 66 
70 30 37 56 88 55 16 44 39 35 91 15 13 84 40 66 53 8 58 67 72 27 71 96 7 50 92 33 100 21 61 22 38 54 18 31 29 93 48 12 75 78 1 41 65 86 36 14 59 60 46 63 64 34 89 43 28 52 83 4 17 49 62 82 32 87 51 9 3 80 81 10 57 74 24 
72 40 55 45 13 60 75 16 77 93 21 51 54 36 56 2 28 5 89 26 47 91 97 100 3 44 30 65 73 63 11 24 87 69 78 61 41 86 8 58 92 37 79 9 43 42 83 15 96 23 90 31 19 25 81 34 64 74 18 85 17 6 59 94 33 46 29 82 14 48 12 
63 43 24 27 74 10 51 53 65 36 6 58 33 37 66 46 82 81 54 44 83 84 41 61 69 97 80 95 4 98 29 32 87 21 1 13 55 62 3 17 34 47 23 72 39 8 11 57 99 14 52 16 30 9 85 90 5 7 49 68 67 93 64 20 2 96 25 70 28 77 94 78 19 79 86 18 76 48 
