100
48 87 8 42 70 24 45 23 29 38 55 83 15 76 62 32 78 60 33 65 67 41 18 46 79 
74 92 53 34 71 14 60 49 31 4 80 85 18 41 75 96 91 95 64 17 57 9 52 56 10 55 50 38 23 
87 72 40 75 83 80 21 24 44 66 34 95 92 100 57 50 23 38 58 55 51 91 77 16 30 
31 12 25 27 37 46 45 87 33 58 7 44 21 96 54 72 2 26 74 11 93 38 
46 43 64 73 32 17 95 68 45 29 75 48 8 53 74 56 86 23 50 89 83 77 19 14 67 13 20 
96 80 21 82 75 62 55 12 43 99 31 37 56 9 94 48 30 54 59 32 78 34 63 100 
13 100 64 4 59 82 87 55 75 37 46 12 56 89 14 25 11 93 9 94 30 51 77 61 99 50 20 26 72 68 88 
92 17 69 99 78 62 47 50 71 1 44 68 96 24 75 32 52 45 9 5 97 15 66 89 76 61 25 54 98 58 77 93 48 31 86 38 
97 7 80 42 84 32 23 90 98 51 17 85 66 74 76 88 81 30 60 96 46 14 41 16 2 45 25 34 69 38 8 6 52 58 
99 94 23 44 64 97 49 33 95 98 25 2 34 83 88 90 65 16 12 85 84 48 21 78 96 66 
25 4 52 50 91 71 47 56 88 80 93 23 84 7 73 44 63 24 12 26 
41 16 39 96 72 6 47 55 98 22 7 26 70 48 10 11 88 60 66 4 30 
89 79 16 67 5 55 7 41 48 23 82 72 83 37 15 22 46 56 70 100 
7 97 83 19 26 92 30 23 29 38 84 76 39 53 75 80 9 59 72 44 64 5 18 90 2 20 68 34 86 51 66 42 
82 34 8 89 28 99 21 1 58 47 46 93 55 97 53 79 61 80 13 40 75 62 68 22 
12 99 75 76 35 36 10 28 89 13 3 9 80 62 93 94 63 19 88 97 84 96 66 25 71 51 
72 97 82 81 92 23 8 19 25 58 86 9 28 33 87 29 37 63 2 76 5 73 
83 90 89 76 24 75 55 38 62 68 57 86 82 61 95 48 33 14 54 1 60 29 94 87 2 45 
96 72 94 5 31 29 39 81 71 78 36 74 27 16 48 21 86 33 32 51 59 17 50 100 56 14 58 66 
7 69 24 32 56 40 44 60 49 14 58 79 27 93 5 67 65 94 63 35 96 48 53 26 
76 55 82 44 37 4 42 75 35 86 3 39 43 30 10 19 6 15 27 73 69 94 38 87 47 
43 40 71 44 30 98 12 13 100 62 26 95 70 52 15 29 75 31 37 73 86 83 48 
33 65 59 71 58 11 73 14 17 94 42 82 34 96 5 39 38 56 66 27 3 13 1 77 49 54 10 47 9 83 2 
75 62 30 51 11 84 98 47 54 32 37 1 49 8 3 66 89 88 90 26 18 56 77 36 29 20 41 
71 38 55 48 64 9 59 61 70 67 8 4 10 86 54 17 74 36 16 98 73 7 42 33 40 91 58 39 46 29 84 83 11 
14 90 62 74 37 22 54 60 7 24 30 11 33 53 83 47 84 20 12 50 4 59 88 95 
94 65 19 86 39 47 48 97 4 23 35 54 52 58 41 64 38 99 36 83 21 20 29 31 66 
85 84 72 69 31 15 47 38 96 16 29 34 67 86 17 62 77 55 41 79 
74 19 25 79 34 37 55 18 71 33 61 43 17 1 27 36 41 14 100 54 24 5 28 35 93 22 70 
3 80 61 59 37 46 45 86 74 12 79 43 52 22 6 88 71 24 81 41 14 78 93 21 26 9 7 38 57 
22 90 28 45 19 58 52 77 100 56 27 97 4 82 98 48 96 80 92 36 38 71 6 60 2 8 33 85 
8 77 87 38 24 5 9 19 1 49 42 60 86 96 45 67 20 6 71 39 36 91 90 79 64 70 73 62 
40 51 4 78 61 17 39 18 29 1 62 10 34 66 19 82 99 25 26 38 47 31 88 23 93 77 
6 10 83 59 61 82 76 33 38 29 15 51 91 37 28 47 3 9 2 40 93 39 77 50 23 14 79 
56 21 55 42 60 46 29 41 37 36 68 66 75 52 71 94 90 49 20 62 88 67 43 50 40 59 16 27 
27 64 55 74 49 58 46 79 35 93 19 32 88 29 53 16 31 92 71 47 24 59 84 97 72 40 68 25 95 
84 42 54 91 13 65 88 60 24 68 63 69 35 55 71 29 34 4 73 90 92 64 22 78 26 30 17 76 6 21 59 45 79 94 7 
2 3 30 9 79 27 23 8 66 60 39 89 33 4 21 31 55 96 44 25 18 28 69 1 34 73 14 63 57 70 93 81 32 
55 94 67 76 41 99 85 12 78 91 25 14 81 21 32 27 34 53 88 33 69 54 38 77 61 48 23 19 
44 87 15 51 69 22 66 56 33 20 70 97 36 91 25 59 3 34 35 57 71 64 
65 27 90 24 12 29 35 28 43 82 85 2 100 92 76 39 68 30 13 48 95 9 86 96 70 1 
23 50 96 52 91 43 37 62 76 25 74 21 79 32 1 57 61 9 70 14 82 89 35 
86 35 97 56 64 88 82 41 58 99 76 21 95 51 53 29 91 5 94 48 79 22 6 42 30 
49 40 4 65 50 90 11 85 8 78 82 56 48 22 3 77 20 10 94 38 14 21 47 
30 93 4 72 100 91 94 68 32 37 31 52 58 5 87 9 69 90 85 1 89 8 18 79 
1 47 5 15 73 7 63 35 36 55 71 4 52 13 62 80 25 72 74 9 78 64 30 96 61 91 
95 70 8 33 80 44 46 28 84 94 65 11 36 96 55 24 68 100 15 97 34 27 21 23 71 26 12 
41 13 52 8 25 22 27 80 56 6 39 82 62 5 95 86 12 50 44 71 1 20 43 99 18 31 58 10 63 73 19 69 51 
44 35 36 92 99 53 68 32 89 23 10 20 54 2 24 64 91 
70 61 80 79 42 44 63 7 19 48 94 34 55 35 2 8 5 77 87 3 56 11 71 26 
9 34 16 40 67 79 48 74 64 14 53 72 99 19 3 55 94 80 97 24 33 88 65 57 43 70 7 
53 9 97 35 99 46 22 54 2 30 48 64 88 63 45 27 8 94 98 69 67 84 93 79 31 73 87 11 42 
89 26 59 14 49 15 51 91 58 39 5 52 75 90 57 2 43 85 84 80 36 69 20 
71 6 23 88 24 4 27 98 29 52 65 49 85 18 26 25 68 37 92 39 56 58 8 66 55 
54 37 13 36 3 38 12 61 39 90 15 35 47 7 91 46 18 59 50 60 2 51 56 84 29 6 25 21 28 58 1 94 
61 94 54 24 13 40 35 64 20 6 5 11 55 44 78 48 86 19 7 91 23 63 31 88 100 59 50 43 90 2 
30 90 99 51 81 80 53 96 85 38 93 88 42 86 40 69 18 62 92 3 91 97 2 
71 36 99 20 59 8 64 27 55 19 94 43 45 23 72 82 3 9 31 80 69 4 76 84 53 77 15 54 98 48 17 25 66 
100 53 30 98 19 58 69 84 23 89 70 81 86 26 34 73 99 14 56 66 40 6 36 55 68 25 7 97 61 91 35 76 80 37 
77 81 20 35 63 12 55 68 76 9 26 2 83 96 65 61 1 32 18 99 31 97 75 37 38 
7 97 8 50 73 42 34 33 39 25 18 96 15 80 59 74 30 60 29 46 78 56 90 55 81 
42 95 74 70 57 83 92 68 18 46 87 1 75 15 76 22 91 67 35 79 16 6 24 26 98 8 86 32 33 48 28 
11 76 93 71 46 94 6 60 83 38 50 52 48 20 85 74 64 17 37 56 81 91 16 
5 36 14 37 40 7 51 73 66 58 32 63 89 70 68 52 56 2 25 27 65 97 43 79 86 98 75 46 10 85 49 
64 60 84 27 37 82 68 1 54 95 51 47 70 77 10 23 41 91 44 20 81 69 
59 3 64 99 9 89 12 92 38 54 58 16 14 68 74 71 40 19 24 85 69 93 33 35 8 23 27 10 
98 97 13 93 25 28 92 1 80 100 20 35 62 72 87 75 39 32 51 5 52 
37 45 84 65 5 97 47 62 60 49 41 15 54 80 98 8 64 7 88 36 66 14 18 72 79 70 35 59 77 
57 66 39 45 20 58 8 37 40 79 71 38 48 52 65 28 53 9 21 59 83 77 
77 87 1 98 51 25 50 83 62 64 47 91 93 13 29 100 22 65 68 79 12 59 38 32 42 41 40 
95 32 63 36 69 22 30 23 8 50 54 74 25 89 93 19 47 58 16 11 98 35 2 40 31 76 46 66 37 48 84 29 
91 14 51 45 96 36 67 85 17 19 79 12 58 3 28 87 68 4 95 92 13 46 7 
25 83 88 48 46 17 22 99 92 59 64 32 90 79 11 97 21 75 23 61 5 38 37 52 93 
51 85 5 61 63 9 26 36 42 84 87 89 71 66 19 25 29 4 2 96 30 62 46 
22 5 94 2 76 21 62 64 8 35 7 87 14 97 60 3 24 6 99 67 100 18 15 16 73 53 
39 16 98 8 43 9 71 42 34 75 93 18 21 14 59 92 58 37 1 41 60 62 17 63 
92 69 32 70 5 68 80 87 7 100 8 44 33 39 83 58 31 50 23 82 24 96 60 28 65 34 3 
61 33 10 56 37 1 8 97 87 46 30 89 19 6 39 84 83 44 
52 68 37 34 69 20 13 87 62 73 1 28 70 51 43 97 15 86 38 42 72 50 32 64 29 30 45 36 
94 83 11 51 67 88 31 77 95 50 46 96 9 59 47 85 57 61 68 53 2 58 6 15 3 30 16 48 14 
100 60 9 19 90 65 82 39 94 57 61 88 63 87 17 38 59 30 
41 21 34 58 77 44 18 31 48 81 15 7 65 95 23 86 13 43 17 42 6 33 
13 88 62 80 10 69 27 26 22 63 77 60 1 25 95 70 78 94 14 34 23 97 18 3 73 92 5 
58 14 100 59 26 16 11 52 92 65 85 78 25 93 9 47 28 74 53 37 87 91 55 24 10 71 36 68 
10 66 31 72 63 80 28 41 53 39 92 84 54 64 96 2 57 9 74 44 87 45 
28 43 48 41 8 57 19 5 25 18 82 32 14 17 21 59 30 62 22 98 99 79 64 27 56 
4 1 74 97 92 72 18 100 7 77 45 78 50 96 52 75 85 84 79 3 32 21 81 17 40 67 70 62 
16 96 10 35 30 52 26 9 33 81 7 57 51 24 68 43 80 37 73 36 56 39 12 11 54 83 
92 59 42 24 45 38 5 53 15 95 7 78 66 64 16 13 71 49 18 8 74 
53 73 56 57 31 45 61 26 81 24 35 41 14 55 32 10 37 9 44 18 
92 70 45 3 2 65 59 53 49 55 84 63 62 34 42 72 37 11 32 57 39 46 25 43 56 99 40 
17 91 73 54 84 14 41 3 77 31 87 85 8 49 66 67 36 89 37 2 76 83 57 72 62 
98 63 73 7 15 36 30 70 4 67 16 95 97 20 38 29 52 33 11 8 34 57 66 71 45 76 84 
35 18 95 50 81 27 44 55 75 19 39 83 52 63 20 37 43 21 97 10 56 23 51 80 16 58 7 47 45 6 
5 2 18 3 41 93 83 10 65 43 80 48 89 36 72 62 26 82 94 71 47 22 
87 61 4 12 10 74 47 46 57 38 72 60 23 32 6 80 100 85 2 88 42 9 28 20 16 31 77 19 8 41 
87 8 9 47 79 52 15 73 27 94 64 14 40 93 36 51 43 67 59 17 61 68 83 10 16 31 57 60 78 75 
22 8 52 71 58 25 12 54 31 68 67 70 64 59 9 86 62 93 76 24 10 
58 60 43 39 66 10 73 75 16 86 51 48 6 59 49 7 8 91 15 57 27 33 52 
3 59 70 13 7 77 31 6 47 75 19 29 84 87 56 45 41 81 22 67 96 