100
14 21 65 46 40 32 57 9 83 50 87 42 79 84 66 19 92 38 80 36 44 72 90 85 10 43 91 54 48 41 77 30 13 98 11 52 20 35 28 8 15 60 37 64 22 4 53 7 
9 66 47 46 26 6 95 5 52 92 3 24 35 76 77 62 27 10 36 14 13 55 34 98 58 82 84 23 81 99 29 79 8 60 4 89 38 73 90 71 45 20 
15 100 56 35 76 17 28 50 55 57 5 61 85 36 29 97 94 67 60 69 24 75 37 44 38 87 92 58 95 32 10 39 25 93 59 68 89 54 18 88 73 13 53 14 4 71 66 2 23 84 
97 81 71 27 78 93 56 3 64 59 58 95 11 31 57 35 83 14 60 100 75 6 30 2 65 15 62 79 1 26 51 13 29 8 70 44 7 96 21 74 90 99 19 88 48 69 9 39 
6 97 52 77 3 26 53 31 85 42 45 44 74 86 49 30 59 18 72 34 84 11 67 94 12 25 64 54 47 2 91 37 68 21 79 66 75 16 82 56 88 100 71 27 32 95 
43 91 27 12 92 65 57 23 97 45 4 26 89 22 62 77 5 74 61 76 49 33 13 32 71 54 30 36 83 2 7 38 72 46 93 11 99 24 90 88 34 82 37 87 17 59 
88 79 35 73 66 37 95 46 65 10 29 47 38 82 18 4 34 42 69 74 56 12 1 21 30 78 75 97 62 13 94 63 84 6 14 98 36 90 83 57 91 59 76 
37 62 68 97 94 63 14 95 72 70 90 53 1 91 99 96 18 34 81 19 29 69 61 26 4 2 71 50 57 20 46 86 88 59 55 
4 13 24 36 71 39 2 100 74 98 93 67 1 45 27 79 12 95 97 21 59 81 61 91 96 48 33 51 44 10 49 83 84 89 14 18 69 32 70 73 86 75 72 43 40 28 47 37 20 
16 91 18 2 3 49 94 44 37 1 82 70 15 35 74 45 79 96 59 83 87 28 90 61 24 93 67 19 65 31 99 14 52 75 46 32 50 23 39 36 29 86 33 13 47 88 9 7 
47 33 94 99 60 61 4 83 71 1 41 5 54 68 48 37 38 21 49 85 92 22 19 18 17 97 50 16 98 25 51 24 26 86 40 20 6 88 65 
22 97 18 63 56 37 24 5 83 46 45 84 72 9 94 30 90 23 80 42 54 93 7 64 34 13 87 28 29 99 75 25 6 89 98 66 51 82 71 48 73 35 50 57 
37 24 14 66 84 28 18 7 95 56 10 62 26 41 58 75 64 69 80 22 4 53 60 3 1 92 49 2 38 87 89 39 70 93 88 27 21 35 12 16 79 6 31 68 97 9 44 96 55 32 74 83 
40 41 57 51 87 98 56 17 9 100 19 8 26 92 91 13 54 46 58 70 1 89 81 73 59 85 95 10 94 72 65 67 4 42 36 75 68 15 64 47 22 2 79 18 52 7 3 
25 34 94 96 65 67 24 51 60 19 45 52 92 56 82 40 70 95 28 54 97 29 33 85 69 14 39 76 10 3 78 35 44 22 4 93 80 75 59 74 1 36 48 61 18 
57 22 47 54 11 76 5 94 36 10 93 84 77 81 28 79 99 56 53 13 18 39 63 46 37 38 43 97 61 96 66 67 95 65 23 88 
6 49 48 35 75 80 38 27 89 90 81 92 87 11 14 25 82 69 62 66 31 3 34 61 52 21 18 56 95 86 30 29 74 46 24 88 96 40 41 33 64 28 
34 19 24 52 9 81 23 51 96 29 10 12 55 8 47 13 94 40 76 36 58 30 98 65 87 57 56 69 60 16 7 64 33 5 49 63 3 78 14 20 59 39 80 92 15 11 71 75 35 17 91 88 38 
77 61 68 51 76 95 80 88 98 89 60 11 82 81 70 49 35 27 8 29 84 43 97 39 18 92 45 91 96 94 20 53 23 58 48 40 10 65 4 38 37 64 86 85 36 66 59 47 93 72 79 1 74 78 14 15 62 46 
91 48 11 40 41 18 96 81 56 61 44 50 1 9 71 26 36 86 84 34 83 65 72 28 2 70 95 55 49 89 78 37 85 69 38 59 35 31 64 93 19 33 90 39 8 76 
61 93 47 60 91 100 34 4 68 73 97 71 94 52 69 72 45 25 65 40 39 99 35 57 64 17 7 37 62 88 28 1 89 90 33 58 85 53 98 9 5 78 24 29 67 41 46 38 31 82 11 26 13 22 32 
93 92 1 74 89 65 42 73 33 97 34 60 68 11 16 87 48 76 75 41 35 72 69 91 29 12 59 82 94 21 25 50 90 15 62 13 14 78 63 30 66 46 24 6 88 81 54 49 57 53 
29 84 12 2 96 36 94 25 53 70 67 88 92 59 45 32 16 86 24 51 27 99 33 18 48 87 6 3 98 78 19 44 38 95 72 82 50 76 80 62 58 52 89 55 10 43 31 79 54 91 
59 23 21 77 10 63 82 57 61 29 6 64 44 83 91 47 80 95 22 13 9 58 11 54 18 30 68 92 74 50 28 85 45 15 12 39 2 17 3 66 36 89 46 73 26 31 52 
12 38 85 71 54 60 62 28 58 15 94 34 5 3 64 56 72 35 68 88 21 11 51 55 80 59 70 17 92 23 22 49 39 50 30 
100 51 41 89 80 34 6 46 63 42 33 14 79 11 83 36 64 43 5 2 13 35 95 54 61 98 20 68 55 40 48 21 4 8 71 78 84 31 69 59 44 24 73 76 85 53 97 
2 53 5 59 35 4 50 13 61 94 77 82 17 67 19 45 23 83 85 39 98 95 57 96 36 56 70 33 42 52 49 75 9 87 90 54 6 44 78 28 
24 99 47 71 9 21 58 52 88 97 35 53 33 93 72 91 96 27 34 39 43 17 70 85 15 32 84 49 67 75 38 25 78 80 1 13 87 41 60 81 10 16 12 74 40 68 20 55 3 
70 12 52 47 75 15 24 60 79 30 67 18 76 69 80 55 3 68 91 58 65 64 23 8 72 89 84 7 77 2 22 59 42 94 53 21 17 10 33 4 50 19 99 43 66 
59 73 33 76 75 58 64 54 36 18 4 90 31 47 78 56 79 44 7 86 1 29 6 50 93 97 68 51 48 85 55 99 17 40 83 53 45 35 12 82 5 57 49 81 61 25 43 24 77 37 22 
23 50 24 73 91 84 74 62 60 32 65 63 47 40 30 21 79 5 78 71 20 88 54 10 69 75 4 17 99 52 26 98 55 67 13 37 72 90 48 41 97 100 33 
84 77 59 9 5 28 70 56 10 53 94 3 52 21 62 42 88 33 64 23 51 99 39 6 79 89 65 1 74 48 58 63 95 54 40 31 91 76 55 46 67 13 87 50 69 
56 51 88 81 36 34 31 60 45 64 29 6 73 55 93 28 46 82 11 61 43 39 95 26 91 96 9 32 78 17 71 21 23 80 37 10 72 30 20 59 66 67 54 27 15 53 52 18 22 41 90 
80 99 63 81 17 6 26 39 15 69 57 74 54 50 68 28 79 51 20 33 82 18 97 40 53 2 61 21 65 8 62 84 78 49 91 90 25 48 12 7 22 5 64 92 42 46 56 
53 67 17 20 50 1 91 28 19 26 83 44 69 84 75 51 96 97 68 55 21 61 71 36 10 95 76 86 49 13 27 30 82 90 85 22 4 7 25 70 2 54 3 15 18 12 
15 76 19 56 94 60 72 65 86 71 43 35 92 26 52 95 67 93 90 3 68 14 23 85 2 77 82 1 6 44 84 100 54 18 38 16 24 33 20 73 39 61 9 7 37 40 98 74 75 10 30 81 59 41 27 
39 40 51 31 82 3 53 10 1 20 93 55 68 16 50 33 13 64 49 21 81 6 67 96 30 98 70 73 9 63 7 79 83 19 71 12 44 57 11 84 89 65 72 5 36 45 88 97 8 
36 59 71 17 94 25 45 7 81 11 19 90 74 20 49 16 62 57 85 66 21 2 63 1 83 55 23 6 75 47 3 54 44 100 13 28 98 48 18 80 51 43 78 82 96 
75 40 79 73 25 3 18 34 16 19 77 32 33 24 90 36 37 4 42 66 81 74 58 99 27 44 68 21 53 10 9 15 82 13 78 54 94 20 83 60 41 92 55 28 
98 86 46 83 20 9 45 85 87 74 21 34 17 69 30 14 60 53 73 67 63 32 51 92 96 91 26 88 39 65 42 95 77 37 18 11 68 52 28 1 15 36 44 31 19 76 62 54 
62 17 77 72 1 92 96 80 86 70 20 63 78 56 84 22 74 68 14 85 39 66 36 81 89 90 76 60 33 43 11 71 26 31 53 95 93 13 47 59 48 61 50 21 28 83 
91 47 85 46 54 26 77 66 5 67 78 71 92 81 7 59 39 34 72 93 40 45 22 84 89 52 14 27 29 12 98 55 43 88 95 32 1 80 79 74 
66 29 23 97 53 28 94 63 26 41 74 33 1 42 73 99 46 64 36 30 49 81 83 9 87 16 61 75 100 76 60 57 71 90 54 95 47 19 45 82 6 68 91 92 38 
49 71 61 91 35 39 96 4 37 81 87 76 15 62 38 59 5 60 93 95 10 97 69 27 9 77 82 90 86 53 30 66 3 23 45 40 24 80 50 84 26 1 36 13 51 75 20 
96 44 43 12 73 82 52 19 30 49 77 10 83 15 38 98 6 56 9 85 57 72 58 90 2 40 42 94 93 48 37 60 53 5 21 71 27 33 50 99 55 59 100 23 81 24 97 
19 100 33 8 21 32 55 43 57 93 14 1 34 12 88 91 71 77 42 10 62 92 17 69 87 94 24 22 6 40 89 7 90 67 82 54 58 80 78 16 51 26 60 49 95 79 2 73 86 
5 73 2 49 57 98 29 41 7 51 52 79 67 50 66 62 48 80 64 16 14 38 10 24 19 74 77 43 99 21 11 89 42 75 9 87 63 18 97 69 30 100 76 31 28 94 54 
58 100 92 74 23 34 56 87 19 65 26 32 11 95 77 70 94 41 61 76 80 4 99 93 69 66 49 1 86 17 73 47 98 15 30 50 62 12 83 45 82 9 81 84 38 22 64 75 63 20 31 
13 79 63 38 11 60 28 35 100 22 55 59 17 53 67 94 61 18 84 90 48 44 10 27 88 58 9 19 37 43 20 34 6 75 46 56 92 30 47 69 74 96 98 45 86 87 82 25 5 68 
89 94 35 79 12 91 45 100 24 69 8 72 37 47 11 44 22 63 10 30 32 3 92 20 64 81 34 80 41 27 70 90 25 96 85 48 62 31 77 51 99 23 58 53 82 1 73 76 61 29 
12 14 79 37 15 9 69 32 65 92 33 58 30 4 47 50 53 19 40 23 26 73 18 71 64 11 63 66 78 81 89 90 44 25 88 85 83 93 46 75 87 34 100 82 55 77 38 76 35 
31 87 71 93 5 70 78 24 85 23 80 56 95 45 90 17 1 18 14 74 33 96 68 100 63 10 64 58 32 59 91 79 40 28 53 61 36 29 54 27 72 99 42 60 2 83 15 21 82 98 81 92 47 65 
37 28 68 89 40 39 84 56 45 94 74 41 70 50 34 59 51 67 44 21 77 91 43 69 65 57 5 30 83 26 32 8 23 73 16 13 58 52 75 88 33 66 22 1 92 29 27 82 80 64 19 98 62 97 54 96 61 35 49 79 86 3 
38 40 85 82 33 42 63 68 56 5 86 24 12 6 30 75 11 26 72 80 66 65 14 76 25 53 36 22 16 62 35 27 34 39 31 43 46 71 73 52 47 32 1 92 3 70 96 15 23 
35 28 38 67 23 92 61 90 62 71 31 3 2 8 85 65 77 32 29 13 72 73 76 81 79 25 30 51 26 49 42 82 45 33 60 93 46 37 97 20 68 94 96 39 18 
93 16 4 100 20 30 12 70 74 48 86 36 49 54 78 25 13 80 14 5 53 7 64 45 33 60 59 92 15 63 71 34 18 3 73 75 52 66 87 17 94 58 82 41 27 32 
38 81 22 89 98 6 4 95 1 12 37 8 100 3 14 88 97 96 21 90 62 24 53 94 46 30 18 75 43 68 83 27 45 7 65 34 71 63 76 66 47 16 61 
30 92 86 46 64 84 80 56 14 32 59 19 93 100 4 91 24 79 52 3 25 70 18 49 51 21 13 81 78 75 74 23 53 99 62 72 68 39 66 89 29 50 67 2 28 45 48 
30 18 19 26 53 99 42 67 77 32 89 78 71 70 20 52 83 56 24 36 66 84 15 38 33 29 68 8 41 45 81 6 58 7 4 14 63 97 23 80 87 5 44 49 22 98 60 27 25 90 9 10 3 
19 62 44 87 61 52 63 84 28 49 29 36 96 45 86 65 13 22 91 81 3 46 2 31 41 69 90 76 56 59 40 25 1 11 39 55 89 99 15 93 64 18 4 72 43 33 21 85 77 66 
49 71 75 21 98 35 60 11 100 30 57 48 91 27 6 50 84 33 17 43 52 16 67 55 26 74 44 72 89 10 36 3 96 88 53 20 8 19 90 41 15 24 9 69 34 73 
32 38 58 57 94 22 82 34 53 81 31 69 2 47 40 71 85 21 100 7 95 23 4 19 88 55 54 25 74 78 60 77 17 97 96 80 63 6 50 44 79 41 13 68 48 91 46 84 70 8 
26 59 32 8 24 37 56 43 77 72 88 18 70 68 51 16 91 73 86 60 94 100 22 48 83 40 50 38 41 89 12 97 54 62 87 66 57 49 31 52 98 7 47 34 
24 99 53 4 26 73 47 19 81 87 48 94 74 85 67 89 25 88 21 56 17 12 20 29 51 93 1 50 30 52 60 79 33 91 72 13 34 5 37 43 32 18 14 58 
51 73 1 22 19 89 67 95 54 71 18 97 85 68 66 57 6 93 52 29 20 14 48 60 100 32 81 4 40 7 16 36 21 15 98 53 11 80 31 92 34 55 91 10 86 37 
19 42 33 41 48 78 44 7 87 80 16 22 39 56 38 12 76 5 96 92 60 3 17 57 1 97 72 63 93 47 51 81 59 65 2 71 95 54 24 53 58 43 68 98 69 29 86 13 
55 14 89 33 64 72 36 49 71 59 37 3 61 35 5 42 21 31 86 95 58 46 85 82 53 93 69 23 75 84 9 83 28 79 99 40 47 29 77 76 32 10 27 65 16 15 68 97 92 
40 98 28 65 76 58 55 25 53 14 41 26 62 73 81 13 63 66 57 5 59 35 37 84 21 30 22 49 79 3 85 67 88 52 29 72 24 34 74 36 92 43 69 8 11 95 19 82 39 54 80 
40 48 32 85 89 44 94 66 18 96 35 83 62 29 4 8 13 76 86 82 68 79 49 51 53 60 46 80 34 22 47 26 31 20 93 84 50 15 70 75 21 3 67 9 17 61 74 7 
98 52 59 53 23 28 63 37 19 78 86 96 14 76 8 89 54 13 97 27 71 32 20 82 41 87 93 88 58 69 80 50 84 15 74 94 29 48 62 73 10 91 25 75 9 83 4 35 56 
86 61 44 100 65 66 45 91 95 76 83 11 59 99 78 54 2 84 31 6 25 28 38 36 12 26 42 51 35 57 5 55 33 67 21 97 4 20 46 94 70 9 52 18 41 8 43 56 37 96 3 62 88 77 
1 64 97 37 28 52 54 92 61 45 89 42 93 88 23 82 84 22 79 76 55 9 29 94 33 50 12 66 75 58 36 31 19 99 91 21 20 41 6 14 87 25 8 68 67 63 95 5 60 
45 92 24 88 74 14 65 54 7 43 85 63 61 31 2 81 89 48 64 12 100 50 51 78 84 22 46 47 40 33 9 30 83 26 3 76 37 77 53 68 36 70 39 94 55 80 21 56 
97 85 42 19 39 40 89 80 64 86 36 52 75 34 58 56 41 13 6 68 32 47 76 4 53 48 73 49 10 5 28 69 61 96 9 95 22 31 43 17 15 7 38 70 87 94 100 90 24 62 
43 22 3 13 57 54 70 56 14 51 94 35 30 49 77 91 18 29 36 61 27 90 96 5 4 12 9 38 31 48 10 58 53 69 76 15 93 17 7 39 47 44 67 72 74 28 
51 41 26 85 73 99 60 72 19 32 67 81 48 43 16 22 50 30 91 29 6 57 70 84 3 96 23 47 40 20 54 68 55 35 18 2 97 74 75 69 71 66 82 44 80 15 95 98 7 36 
27 59 90 94 29 36 16 99 30 39 62 32 41 19 40 83 97 50 71 81 67 75 1 48 6 88 63 42 47 91 60 44 53 93 73 5 51 24 100 2 46 80 45 55 
58 41 92 90 28 23 87 20 93 33 66 31 84 70 51 22 96 52 30 18 15 26 38 27 91 59 19 62 56 71 42 99 7 39 46 34 94 4 73 21 
97 2 37 98 80 88 51 7 26 99 14 31 13 62 55 64 5 32 39 30 93 23 58 10 46 68 19 67 9 72 69 84 94 16 85 4 100 50 53 1 52 34 42 29 49 47 
66 76 38 29 79 33 84 12 47 13 42 34 18 95 81 83 28 90 94 26 93 69 41 68 53 92 59 56 44 19 74 52 73 50 48 58 98 70 77 99 46 17 15 54 62 65 82 1 24 23 25 
30 41 64 45 44 33 18 94 59 93 98 66 91 76 20 38 88 52 99 2 28 22 36 60 97 9 100 77 62 4 65 16 42 96 37 73 80 68 50 8 95 43 39 17 55 57 51 90 14 48 34 19 58 
68 76 6 35 5 12 69 48 36 33 44 88 43 23 85 52 45 22 38 7 19 21 99 51 80 49 10 27 70 2 37 39 93 72 46 67 53 15 62 97 55 54 17 34 24 96 100 50 30 56 
26 9 27 91 88 1 12 92 41 94 57 86 71 99 10 48 63 20 85 45 11 89 30 77 40 80 59 52 39 95 6 13 4 7 43 67 70 24 73 69 97 38 53 35 51 37 
7 12 41 97 28 79 9 26 49 68 19 73 88 37 23 5 34 35 2 62 93 29 32 36 58 48 80 86 42 31 44 70 20 78 98 71 95 89 76 1 16 60 53 91 99 61 67 59 72 3 13 69 
3 87 88 65 52 90 94 67 64 98 1 60 36 42 91 26 35 83 24 38 68 40 62 19 20 50 99 5 82 54 79 55 74 69 27 41 11 21 28 96 25 45 14 15 100 76 73 95 30 51 
89 69 56 46 19 41 44 67 94 93 30 36 98 48 40 88 49 23 97 53 74 5 8 11 35 60 10 58 84 70 95 20 66 63 65 17 100 71 83 54 9 
59 85 60 88 96 89 99 98 12 70 66 90 74 92 48 18 47 22 64 78 93 1 13 6 94 100 43 97 49 17 44 51 72 52 28 27 10 91 63 56 3 23 14 40 32 46 
91 57 53 63 98 46 6 85 97 49 13 7 77 28 18 4 21 17 62 94 11 68 99 64 84 61 83 16 51 25 71 72 3 33 79 40 32 10 82 23 31 5 42 8 90 37 81 22 87 70 73 86 19 
84 91 6 94 86 21 53 23 47 13 41 69 46 98 73 67 83 26 74 37 95 58 59 9 93 57 87 12 24 17 60 70 51 72 19 99 22 3 64 20 61 42 65 32 14 29 63 50 2 
41 61 95 22 44 99 80 12 2 20 1 49 33 6 75 31 74 59 60 87 35 97 98 10 30 100 7 36 50 85 81 46 77 27 43 38 57 8 88 39 91 78 34 55 96 45 21 52 4 51 17 
81 22 95 6 53 1 34 50 90 33 5 10 63 42 23 43 40 8 77 28 32 83 94 9 62 76 97 21 19 60 70 24 72 65 64 35 52 85 29 58 88 7 75 71 87 20 31 61 89 92 14 100 78 18 46 44 84 
6 24 73 66 40 99 65 50 18 98 78 43 91 3 23 36 25 80 39 2 34 54 19 17 93 68 11 67 48 53 14 83 51 95 52 87 22 96 41 56 13 42 49 58 1 46 15 72 55 
84 33 51 41 75 16 60 46 30 56 78 37 20 9 66 3 80 72 77 48 28 64 22 52 55 4 13 81 69 89 19 70 65 45 67 79 44 15 94 97 82 42 87 58 36 98 10 95 21 6 12 96 86 92 
38 56 81 47 46 70 32 89 78 25 5 72 14 10 29 86 19 45 99 18 73 11 57 87 71 85 53 39 100 74 7 98 80 27 93 88 62 16 22 69 15 50 95 43 55 8 77 12 23 64 63 21 75 3 83 97 49 36 48 91 79 
100 15 16 65 19 23 33 94 96 42 62 71 43 91 80 68 67 14 35 8 85 81 2 13 20 17 32 40 41 9 57 46 24 66 72 26 44 83 89 3 7 86 92 84 48 4 36 27 5 90 76 93 74 52 
95 98 62 54 50 49 17 44 23 40 16 69 92 28 52 4 81 87 20 53 8 66 9 35 15 55 76 70 90 10 78 93 57 45 18 13 27 19 82 75 38 85 71 41 33 74 60 61 37 
35 93 11 57 22 28 94 7 37 84 62 71 86 65 5 8 9 6 63 87 43 66 47 16 12 13 15 76 45 67 21 53 26 91 19 59 44 77 83 3 88 55 98 82 81 72 70 34 30 4 31 79 90 74 
89 85 53 93 19 88 86 90 42 18 12 23 31 21 7 49 94 96 70 38 40 80 63 45 36 84 48 14 2 57 27 59 97 65 87 11 99 100 9 26 52 61 76 66 47 81 37 79 68 1 92 
34 52 60 31 89 47 10 32 92 78 98 85 2 30 82 11 50 6 59 64 83 72 67 80 39 12 94 29 88 4 90 16 71 87 58 23 21 8 81 79 28 84 43 48 45 76 77 
79 95 58 63 50 31 36 14 85 45 77 61 56 98 87 5 38 52 43 94 26 82 46 74 81 62 49 3 9 47 51 91 21 90 48 71 57 86 65 4 73 