100
55 96 48 99 30 10 46 42 86 57 70 76 54 39 83 18 27 56 33 28 75 93 89 65 31 25 52 78 35 17 69 9 63 47 68 80 24 90 92 97 71 67 91 59 64 82 20 62 72 40 26 12 50 23 32 53 8 34 7 38 19 95 29 73 94 60 21 11 6 36 51 100 15 85 
25 93 53 44 62 24 69 29 8 83 49 52 37 92 4 73 40 77 26 41 33 74 87 54 61 39 14 65 79 3 6 38 85 82 96 32 28 27 63 18 95 67 34 50 90 23 15 84 78 46 31 55 80 30 89 10 99 86 20 5 97 94 9 64 7 47 76 19 17 60 68 51 43 21 71 16 
47 88 24 26 13 49 7 28 31 35 17 100 29 9 97 60 15 19 61 44 32 96 23 86 95 63 91 62 41 27 46 25 2 77 43 59 67 42 12 52 53 82 74 72 51 20 75 87 18 66 6 37 30 57 38 76 54 64 56 80 69 4 94 83 16 89 8 58 50 33 79 90 71 92 68 10 22 78 93 
57 71 14 9 16 76 87 50 20 34 67 77 84 93 41 73 2 81 53 96 52 42 17 72 43 82 54 56 37 91 12 98 69 28 88 92 89 90 44 75 30 10 15 11 95 58 78 48 68 35 60 25 100 46 18 3 51 22 83 32 33 70 99 7 94 47 24 59 8 
45 89 77 72 18 39 41 57 30 98 67 53 35 26 75 70 96 48 43 32 79 17 62 24 37 71 6 88 52 11 36 59 90 16 95 38 15 93 63 94 58 13 34 60 33 76 27 25 56 12 14 42 83 31 81 2 66 64 47 61 20 49 73 100 85 10 9 91 80 84 23 92 74 65 99 28 44 
8 88 53 50 37 28 43 95 79 97 32 78 84 1 16 12 18 89 60 54 85 40 5 33 91 77 47 67 36 38 15 90 11 75 63 80 86 41 20 65 23 29 61 93 94 27 68 76 22 56 99 25 96 74 2 30 59 21 92 10 66 70 7 69 24 73 17 26 82 14 51 72 3 57 13 98 
85 22 50 66 9 89 74 86 30 71 25 8 20 32 81 73 49 98 52 28 57 77 47 1 58 13 11 82 31 6 33 35 69 100 62 2 16 12 90 36 24 41 54 42 60 14 80 3 55 70 64 45 97 68 19 51 26 46 38 75 72 78 95 23 59 94 88 10 79 18 4 67 56 
31 58 59 13 43 81 10 93 23 87 63 17 37 62 39 89 16 48 73 57 11 71 34 26 49 44 28 24 77 50 75 4 92 7 27 12 86 100 67 78 61 19 83 38 53 3 1 88 70 33 66 2 85 55 14 56 42 90 35 54 41 80 97 68 45 64 32 94 99 52 47 91 95 30 74 98 72 79 69 15 29 6 
78 31 45 43 33 99 81 19 3 100 17 50 26 21 46 49 83 56 54 32 24 69 96 7 97 23 71 66 2 85 5 52 61 41 90 1 72 93 47 84 51 64 4 89 73 18 15 55 29 42 76 57 74 68 38 13 60 62 92 27 58 59 63 28 77 53 14 30 94 44 98 48 
42 86 49 84 1 56 73 35 53 55 88 29 38 75 74 78 24 41 99 16 8 87 3 4 33 68 20 90 39 6 83 91 48 54 47 36 82 25 93 12 28 7 77 2 19 26 43 15 21 57 70 67 60 32 13 45 98 79 72 65 34 52 100 96 66 22 18 30 27 71 69 5 89 64 14 76 95 
73 61 43 78 42 21 56 76 4 18 32 84 27 87 91 83 45 48 31 62 16 74 30 6 39 19 57 26 20 94 99 54 93 1 7 100 35 58 79 28 40 50 47 8 68 67 60 95 82 80 98 23 37 66 5 90 89 17 77 88 96 71 33 36 63 81 29 72 86 12 25 92 52 55 41 65 
91 39 4 59 81 48 50 82 62 36 65 43 72 95 1 78 54 71 32 68 11 56 88 84 21 63 90 47 97 29 87 41 80 5 14 99 92 8 24 76 10 7 25 31 17 57 18 66 53 35 34 96 52 61 79 46 6 83 27 33 60 51 70 89 69 93 13 74 58 16 15 3 
41 8 48 46 81 84 68 62 12 37 54 53 58 24 20 38 97 27 36 95 43 56 5 66 23 57 69 19 32 70 26 94 76 96 91 3 39 15 50 16 55 51 99 88 6 79 59 100 85 33 60 82 52 75 28 14 74 30 71 89 22 10 25 63 7 77 17 29 73 34 9 64 83 92 18 21 
4 47 71 17 31 41 25 91 100 7 87 45 26 42 39 48 32 12 2 60 36 63 94 10 22 53 51 65 77 38 35 73 49 43 69 13 9 37 98 75 20 28 70 33 6 5 76 95 24 66 64 29 40 44 61 90 86 80 83 88 99 15 59 8 58 96 46 21 93 62 68 18 79 50 52 16 82 
71 77 99 85 13 84 26 58 33 24 5 96 16 48 76 50 91 69 28 95 32 57 34 47 87 75 70 25 63 53 94 6 64 67 82 8 52 4 9 1 54 35 19 12 93 21 66 2 74 59 98 14 3 10 62 36 68 40 83 81 80 73 22 30 72 60 90 45 46 17 
75 5 10 34 80 96 22 93 23 28 74 11 48 43 62 19 52 31 81 15 33 78 55 46 4 39 86 51 84 59 25 32 72 8 45 36 29 38 60 41 88 40 57 50 3 13 97 20 6 92 73 79 56 99 65 71 89 54 67 7 2 12 21 18 27 49 17 66 53 14 42 
83 29 79 64 75 56 93 2 98 65 26 71 42 62 68 6 92 44 5 85 12 40 76 30 34 43 51 8 25 81 90 18 23 4 91 32 99 33 87 67 84 14 41 96 24 100 95 16 1 22 46 13 53 86 19 45 31 82 11 94 27 97 66 61 54 74 20 80 15 9 59 36 3 47 58 21 28 
89 98 99 61 72 54 6 86 17 5 1 7 19 50 21 62 45 28 16 83 11 10 4 40 58 53 66 37 73 31 42 97 63 12 47 34 30 90 76 13 81 84 20 26 51 65 35 74 95 49 57 60 2 82 100 93 75 94 14 80 44 64 39 48 3 71 43 23 32 9 41 68 78 87 67 55 88 59 92 36 
91 33 82 86 78 3 89 60 30 22 64 56 9 93 79 25 71 51 70 74 66 16 58 13 94 29 67 99 90 54 36 55 96 95 73 31 97 35 21 8 69 45 50 53 85 37 92 32 98 62 10 2 26 75 17 11 48 81 27 49 40 46 20 15 1 44 47 18 28 7 65 
1 73 21 55 11 64 59 41 79 93 28 46 80 62 70 54 34 7 88 99 78 75 43 2 96 5 45 18 27 10 30 91 50 95 13 56 83 85 57 92 68 24 67 100 17 3 32 74 58 6 90 26 16 25 14 31 37 47 33 98 60 86 42 22 29 52 89 87 4 19 44 84 
65 19 93 82 55 20 77 66 85 45 50 89 1 13 51 42 24 75 59 71 78 92 31 11 96 17 100 38 86 22 46 76 37 97 14 30 64 28 54 94 15 9 2 34 29 57 98 40 16 12 52 6 63 47 95 44 84 73 33 99 90 39 10 43 61 83 70 80 25 69 81 18 67 48 
71 86 30 66 84 17 56 23 51 78 14 70 6 65 38 55 49 60 28 20 27 39 31 95 59 40 45 42 32 81 10 41 36 43 35 98 15 19 94 82 89 34 91 33 80 63 7 47 97 96 100 76 68 52 44 16 74 62 64 46 29 4 88 87 21 3 73 13 61 
91 98 9 48 2 93 31 88 42 8 32 36 71 79 39 92 73 28 66 13 30 34 94 86 55 62 95 7 76 35 80 100 60 16 90 64 99 17 96 68 3 18 22 11 47 27 45 29 69 74 85 1 44 43 63 24 83 50 49 84 51 87 81 57 56 61 77 5 82 6 25 
1 30 79 14 28 88 27 77 69 40 3 38 53 7 26 33 25 83 92 84 23 8 49 13 55 68 17 62 12 85 34 47 4 73 99 80 67 64 98 42 15 2 59 78 58 93 81 100 39 71 87 44 9 10 65 46 31 61 21 86 51 56 89 91 60 5 45 20 75 6 
31 38 70 67 56 5 6 17 95 57 98 52 30 47 83 64 13 92 68 85 35 29 32 69 7 49 23 86 46 82 51 80 45 28 12 24 27 3 87 11 91 53 78 1 21 88 81 42 77 4 61 20 2 50 76 39 36 19 15 94 34 100 97 93 65 79 71 62 40 26 16 99 44 59 14 74 58 10 
89 84 55 73 60 76 3 93 63 19 43 17 40 14 37 61 20 90 88 38 8 10 44 9 50 31 71 1 75 39 81 59 49 5 15 92 24 48 67 11 32 70 6 54 7 25 64 65 18 28 42 30 96 13 69 95 62 41 56 27 97 47 2 82 51 52 33 53 86 98 79 99 29 74 57 58 100 
3 37 56 69 36 9 82 64 91 65 80 51 1 17 74 16 78 6 77 12 13 11 25 24 31 100 86 92 20 81 29 54 22 23 85 38 26 83 30 62 2 19 43 76 71 95 33 45 40 66 58 39 67 5 63 32 34 53 35 10 59 79 89 8 42 75 57 98 68 73 47 
34 10 38 8 15 88 72 18 17 11 98 53 91 4 66 9 13 63 71 2 57 81 6 85 3 96 5 23 95 59 32 61 83 76 58 1 100 41 45 47 42 43 16 19 22 68 80 46 26 40 56 49 29 70 86 93 48 54 20 75 62 77 55 31 64 78 97 30 92 14 39 25 24 36 89 21 82 84 7 33 65 
88 78 21 16 14 69 56 45 43 94 48 53 81 27 2 66 26 13 71 36 62 74 28 99 37 100 33 17 70 39 42 46 95 3 10 84 79 19 90 23 40 50 12 60 6 93 1 49 25 52 57 41 34 9 65 8 89 47 61 31 32 83 20 80 96 22 54 72 35 73 11 
2 18 35 19 39 37 34 48 59 58 61 91 84 22 63 1 92 50 79 17 5 3 8 83 9 77 10 27 13 24 56 90 47 67 66 20 23 62 26 85 33 73 54 52 40 65 4 72 71 60 21 82 93 94 88 7 87 96 75 44 69 86 45 15 11 28 57 36 74 78 68 53 80 6 43 41 42 25 100 
88 80 16 92 62 61 32 35 79 71 48 86 93 91 9 78 7 27 85 47 60 77 12 19 100 90 25 11 14 67 8 22 81 72 98 33 99 39 55 42 5 73 74 26 59 83 23 3 46 1 49 64 38 20 44 70 29 84 56 52 24 57 76 18 40 28 2 21 58 17 37 
23 74 76 16 54 15 65 51 8 90 10 78 33 45 62 25 4 87 39 97 73 31 63 83 93 41 36 14 67 6 48 80 98 1 84 9 34 100 13 27 35 26 2 5 81 42 68 64 12 82 3 19 20 72 28 47 11 18 66 56 37 89 17 7 53 29 38 99 55 43 50 96 22 94 60 
84 55 30 2 91 93 61 34 90 45 83 86 27 20 67 68 98 8 81 63 15 58 41 43 100 49 26 65 19 7 38 75 5 50 21 6 79 57 36 29 3 10 16 11 54 28 99 85 80 56 1 31 72 97 32 96 53 78 4 13 39 69 66 14 88 9 70 87 24 82 64 73 62 94 95 12 71 22 17 35 37 
13 86 96 1 93 37 71 28 68 60 20 23 56 16 92 66 18 43 40 52 32 29 49 82 41 36 4 80 44 98 55 2 97 42 88 62 67 58 48 24 25 22 54 38 21 47 5 100 35 78 10 87 65 12 69 77 73 27 33 15 8 17 59 30 51 45 
23 95 15 5 37 38 61 55 60 92 54 91 36 69 75 82 31 43 29 74 90 42 88 64 100 48 97 93 27 1 56 76 49 3 7 14 79 50 84 66 65 44 89 45 85 10 98 22 12 96 34 80 53 73 63 25 87 32 19 52 40 11 41 81 4 58 8 99 33 47 77 83 18 67 86 72 94 30 
78 14 1 62 95 56 16 66 67 59 44 82 47 97 42 74 100 81 99 54 76 32 73 72 58 93 89 46 29 86 48 98 27 84 88 6 23 40 17 38 90 18 96 50 25 75 87 85 5 71 69 49 63 28 30 11 22 79 33 65 13 19 91 92 52 34 7 45 55 15 70 94 10 41 12 35 
5 67 84 8 75 65 14 70 68 99 43 11 27 52 77 69 87 35 78 19 21 60 47 59 100 72 30 20 55 80 71 86 48 96 76 2 42 64 79 63 81 83 85 6 91 94 54 82 4 62 89 93 53 40 90 18 95 3 26 98 34 88 13 29 73 66 45 33 31 56 32 61 
60 21 85 55 76 64 1 46 61 5 80 25 86 34 31 94 72 14 95 63 98 33 73 47 91 78 32 28 100 35 70 24 83 27 77 54 6 65 81 75 71 90 66 7 36 79 8 10 13 67 22 49 2 16 59 53 26 3 84 82 97 52 43 58 62 45 40 87 9 42 44 57 
64 50 70 71 98 22 73 44 90 33 2 21 97 69 14 85 60 74 91 16 94 84 100 61 45 86 42 10 51 80 30 62 96 75 48 18 43 92 29 81 32 76 99 13 5 8 77 26 59 57 63 89 28 47 78 25 40 52 12 1 88 79 93 31 11 72 95 58 23 27 55 87 24 
95 92 77 51 34 67 71 100 47 38 31 57 60 52 45 1 70 25 81 44 24 11 36 61 22 41 68 90 46 53 74 16 37 62 69 56 35 64 84 30 48 59 80 85 91 82 28 26 76 14 58 94 2 15 83 49 6 93 27 65 21 78 29 89 39 17 19 18 87 42 43 73 
66 49 10 6 62 5 3 26 71 34 20 33 46 12 97 99 70 80 18 16 87 69 98 76 32 57 81 8 93 4 13 96 44 17 50 77 7 40 53 30 36 35 100 43 74 54 88 9 22 14 60 61 63 45 84 95 86 11 2 78 52 85 55 28 83 73 65 56 42 90 68 29 82 51 
60 46 44 26 85 70 41 4 97 28 31 18 83 16 49 9 62 92 37 91 78 52 3 32 35 25 55 7 65 27 89 14 69 29 17 20 86 80 5 24 1 90 87 81 68 11 50 84 100 48 58 54 10 36 82 96 79 39 75 22 34 53 8 40 72 59 66 30 94 43 77 38 88 21 74 56 23 45 
87 20 50 69 64 32 56 27 92 12 71 83 29 22 89 38 59 97 96 34 9 3 23 8 2 95 60 21 4 44 26 86 72 65 70 39 35 73 81 16 17 74 14 77 94 63 58 40 53 82 30 90 88 6 18 84 54 51 10 42 66 47 91 37 62 11 80 78 76 41 5 33 99 28 100 13 
38 66 24 8 35 51 77 64 93 22 5 18 50 89 46 58 90 20 39 80 62 63 45 34 75 91 43 2 85 87 61 60 40 19 86 71 56 23 100 26 76 81 17 83 73 3 99 41 36 31 98 53 42 70 9 55 78 65 82 97 30 14 4 57 95 52 25 21 68 
54 46 39 68 40 29 77 78 57 71 42 53 35 94 20 97 88 95 33 64 69 65 15 58 10 19 21 5 17 73 82 27 55 22 36 23 70 91 7 100 90 14 52 18 28 87 96 11 41 34 61 9 63 79 16 83 75 93 24 38 44 89 59 62 37 92 72 51 48 30 32 8 49 56 50 25 
2 69 3 20 21 68 96 60 13 12 50 87 67 84 78 79 86 44 7 24 57 97 15 25 53 73 70 76 75 65 55 17 77 45 71 1 72 36 40 22 9 14 42 63 29 19 58 41 51 52 94 95 54 56 90 38 64 31 47 88 16 28 4 
93 94 31 49 51 5 18 20 21 9 63 14 89 88 97 19 29 83 79 39 17 95 82 61 78 74 81 57 100 38 30 67 73 40 8 34 3 36 77 98 1 2 96 75 87 76 64 91 72 25 32 58 71 68 22 52 70 46 90 27 37 10 23 28 7 50 65 24 4 12 53 43 26 55 15 92 35 6 11 85 
54 83 18 75 56 92 59 32 70 84 45 76 52 4 95 73 36 93 13 67 66 34 61 37 100 10 81 16 86 12 96 14 35 55 50 72 53 1 15 98 64 88 26 69 30 40 85 19 9 74 29 5 79 97 65 23 62 49 94 78 60 31 42 28 39 82 71 11 57 51 8 90 21 80 
16 8 45 75 80 87 33 72 61 77 71 26 74 90 50 96 28 70 19 56 81 82 22 100 64 93 94 7 34 55 25 2 91 83 48 35 52 31 14 95 79 36 18 41 99 65 62 73 10 47 23 69 38 42 53 24 58 89 98 54 9 66 63 5 40 3 60 57 29 
57 25 87 75 48 92 65 58 88 60 70 19 100 13 80 96 90 29 63 45 89 36 67 68 99 6 62 53 55 72 1 77 8 69 4 43 94 7 93 41 49 86 47 18 2 16 95 32 98 30 15 26 39 3 42 12 59 23 35 64 21 91 46 71 11 14 83 97 44 84 33 20 51 56 54 66 9 
60 76 12 100 48 78 84 32 40 73 56 26 94 52 59 39 46 21 16 19 18 47 80 79 71 89 3 27 44 1 82 72 13 68 55 96 85 23 70 9 99 2 7 87 17 25 50 54 91 43 34 45 41 4 61 64 6 69 83 22 24 92 90 58 66 74 14 
54 2 62 58 44 82 9 94 95 87 53 40 49 93 11 7 31 12 60 14 38 39 37 20 30 59 92 80 26 22 72 76 61 88 67 75 42 57 46 25 83 64 66 51 47 99 15 69 84 3 48 1 35 55 63 5 100 89 77 8 68 71 36 29 4 81 21 45 34 13 16 85 10 98 41 
70 10 65 28 46 91 75 87 33 100 73 24 8 96 1 30 76 56 52 6 38 48 32 79 35 69 43 97 14 81 18 92 19 88 17 71 12 13 67 98 37 16 72 58 3 63 59 83 25 45 4 2 5 9 27 93 55 15 64 86 40 78 99 62 80 49 82 26 57 54 66 89 29 44 47 60 74 42 50 84 85 41 
8 92 73 1 48 95 29 97 13 75 49 53 82 42 32 4 36 51 93 45 46 52 98 68 34 38 83 66 2 43 11 35 61 28 91 69 12 17 79 58 76 26 7 15 56 3 18 41 89 16 50 60 10 33 30 70 9 19 88 85 62 87 55 72 37 96 78 20 59 21 71 90 6 27 
49 80 34 61 10 100 78 94 46 26 89 35 60 76 24 68 42 85 31 19 73 70 72 41 32 37 57 65 33 21 51 52 48 82 8 7 67 53 28 11 77 96 36 18 64 63 97 56 20 47 99 39 9 75 59 13 50 74 90 91 1 45 23 92 22 71 54 69 83 16 2 38 44 95 58 
62 22 43 58 71 73 92 40 93 64 46 11 85 61 55 59 70 80 4 3 34 29 53 36 16 25 86 10 48 1 50 7 77 13 87 44 33 72 97 42 74 24 57 6 79 49 31 54 51 27 66 45 37 32 5 9 19 35 63 99 88 83 82 17 98 26 30 28 94 60 65 78 8 20 96 12 81 90 23 84 89 41 
93 52 44 65 4 61 5 46 95 89 7 58 3 72 84 81 30 79 56 80 8 75 33 83 50 73 88 71 77 27 53 15 66 85 38 74 92 41 25 1 12 26 59 13 29 9 100 55 45 67 47 6 39 78 48 40 68 62 86 21 10 16 69 23 70 49 11 94 28 18 31 97 20 96 60 
44 12 57 64 34 7 72 82 19 15 38 79 88 69 36 75 71 33 90 66 13 54 5 9 67 99 8 24 45 51 17 26 3 47 73 52 4 18 42 30 94 89 39 11 86 27 53 14 20 98 61 100 95 35 50 78 63 25 60 49 65 55 56 97 28 74 87 31 85 40 46 43 
50 97 90 4 77 51 85 17 12 18 22 89 37 63 21 54 42 86 83 60 7 15 53 16 66 87 30 9 99 26 6 55 84 3 8 95 65 93 76 56 45 25 39 28 43 71 81 1 31 13 48 80 40 36 38 64 98 52 5 34 27 73 92 14 20 24 78 62 75 57 
52 86 66 50 94 40 42 55 92 5 93 9 2 6 38 100 15 10 20 44 76 1 97 70 80 3 62 85 57 13 14 64 63 23 19 98 88 31 43 96 53 4 54 56 46 95 37 26 58 91 73 22 7 39 34 87 32 59 18 29 71 12 79 41 49 81 16 35 78 72 90 84 61 51 82 48 24 74 11 30 
86 75 80 78 25 48 63 93 56 96 62 94 23 76 84 66 64 95 5 58 81 29 2 55 17 14 99 100 35 97 33 28 89 3 30 82 45 26 9 11 57 39 60 38 73 47 90 54 12 49 72 85 71 51 87 22 65 92 69 8 31 6 91 83 24 52 44 21 41 40 68 74 18 37 98 
60 3 17 5 23 49 16 1 12 100 80 2 95 65 96 39 37 24 19 59 25 15 34 97 98 9 22 93 42 27 79 87 71 13 89 45 40 73 7 8 14 43 44 54 50 31 67 90 84 18 94 20 57 70 56 36 53 30 72 76 68 26 64 11 38 61 29 33 28 48 86 32 52 41 88 83 63 
91 70 58 80 76 69 81 26 82 99 39 72 9 1 37 62 59 8 15 50 47 60 41 33 3 13 38 55 35 36 64 23 53 68 65 92 30 2 88 28 85 86 52 89 56 87 66 32 22 94 98 21 90 83 67 45 93 14 6 27 43 46 11 74 61 12 5 71 44 49 100 18 
63 81 96 43 23 47 22 58 56 77 2 66 50 94 70 10 24 25 8 52 3 20 91 49 80 32 19 26 31 37 33 18 73 53 15 17 40 38 14 85 60 39 21 44 7 28 100 46 48 5 69 93 89 45 51 13 62 59 84 55 27 97 61 98 92 90 88 1 76 35 68 9 
89 93 36 21 6 50 47 44 80 76 55 59 58 78 22 25 10 92 19 24 17 70 11 38 82 86 57 61 40 75 74 41 48 83 77 71 28 26 98 91 94 14 63 5 27 56 16 73 87 32 33 37 43 53 79 46 85 30 34 62 72 49 84 18 2 35 97 1 29 45 12 42 
14 12 94 61 21 33 88 17 3 32 77 35 60 16 5 37 91 68 19 93 71 49 67 78 34 28 58 54 27 74 81 72 18 87 8 38 57 82 36 41 79 23 42 30 22 80 51 48 53 52 90 73 83 75 15 59 29 63 13 56 84 43 6 96 10 9 70 7 11 85 50 100 64 44 
80 82 8 16 52 46 37 10 40 27 62 96 18 19 93 11 15 5 95 34 99 3 7 21 31 90 75 6 24 73 72 66 4 63 74 71 35 20 77 97 30 69 76 25 26 87 17 88 53 32 1 68 86 83 33 91 36 57 94 92 55 78 2 47 38 58 50 84 85 48 100 
66 33 62 50 12 23 88 34 18 100 30 8 90 64 52 37 22 69 40 51 42 14 11 25 73 45 9 92 47 78 6 84 1 32 57 94 13 24 99 17 91 82 54 89 15 93 2 10 76 61 77 20 85 81 79 86 44 95 4 63 67 28 71 72 87 7 80 46 27 3 55 98 97 41 
41 13 54 50 29 33 35 24 42 100 30 4 52 68 88 98 2 84 48 79 10 27 72 74 76 78 45 85 97 71 39 36 9 14 26 87 64 94 1 25 49 70 67 80 19 15 23 63 12 34 75 58 61 96 43 6 8 21 93 37 51 46 82 40 7 86 57 53 55 99 3 
36 88 31 12 49 8 81 1 99 62 93 47 10 79 90 74 46 39 53 38 71 26 69 43 51 100 82 85 4 89 57 37 5 77 72 42 14 55 40 29 75 63 60 13 45 56 15 20 97 50 28 65 76 22 95 19 84 80 25 54 86 94 87 6 21 66 64 41 44 33 7 48 
48 18 34 51 47 84 70 100 43 67 29 88 23 87 40 24 16 2 45 77 31 55 4 91 98 36 44 38 62 50 82 26 28 9 54 1 39 12 97 79 83 61 86 76 66 52 92 95 33 13 53 78 60 15 27 68 22 57 5 21 59 41 69 25 3 49 58 94 10 65 11 96 63 56 19 8 7 37 14 30 17 81 46 
54 61 97 53 3 49 83 51 4 52 88 55 99 32 46 36 58 60 85 6 95 37 56 69 92 96 1 75 94 15 8 16 47 90 11 48 28 31 100 86 43 12 42 70 62 68 38 67 57 63 82 7 93 89 35 30 78 29 9 10 33 65 50 45 80 66 77 39 5 18 
23 99 60 47 77 27 53 61 10 98 40 31 13 2 4 5 33 26 55 66 8 41 36 65 24 32 83 46 43 14 11 89 59 94 78 68 84 15 19 96 97 30 75 18 16 38 92 51 1 34 44 48 87 22 58 39 74 57 20 56 90 29 35 86 49 67 64 9 85 81 21 62 37 7 79 80 6 45 54 
63 49 96 79 73 76 70 12 85 55 36 6 58 19 7 39 43 87 20 66 32 84 78 67 60 15 89 93 47 69 2 40 25 41 77 95 48 90 13 86 29 42 17 97 9 92 8 57 22 99 80 81 53 11 23 75 35 56 30 61 5 27 65 88 10 31 18 98 26 3 100 83 51 16 
38 70 90 67 99 77 17 80 37 66 91 85 4 19 30 28 83 21 26 81 96 100 53 35 50 61 94 72 74 8 42 36 93 7 58 73 24 5 57 48 95 45 69 16 86 55 92 10 27 1 6 89 47 3 49 20 52 13 39 18 46 33 65 78 44 59 15 84 14 54 
59 54 70 14 74 52 98 80 97 83 18 96 43 40 65 2 99 3 48 85 6 79 10 51 41 86 71 21 38 81 47 31 94 46 35 55 25 64 36 87 5 84 1 9 22 27 39 15 93 62 11 67 61 91 53 95 92 37 23 32 63 4 28 89 68 26 13 44 17 12 60 78 69 
59 74 2 8 64 30 38 72 67 52 21 65 89 47 75 70 91 11 87 28 10 94 71 57 25 85 35 90 27 44 34 46 42 81 6 68 56 14 40 37 84 66 49 92 82 31 15 50 88 43 5 100 78 83 24 97 55 96 93 3 9 41 4 45 7 39 13 73 23 
22 10 73 79 67 75 98 21 28 16 68 43 100 2 61 38 6 58 30 1 31 4 87 48 9 18 85 57 77 56 34 65 66 8 60 47 3 44 25 51 54 84 95 41 69 7 88 83 89 72 29 92 74 39 24 36 55 42 76 97 12 86 81 71 37 20 46 32 11 59 27 40 90 33 80 94 91 45 53 19 99 93 
31 99 48 82 57 12 39 94 23 3 68 27 38 86 65 84 100 7 29 47 13 92 74 35 96 58 25 2 98 70 69 14 10 71 17 16 95 53 45 30 56 51 90 36 91 80 73 46 20 93 42 76 19 11 88 62 60 54 37 97 33 24 49 66 78 5 6 8 26 
24 70 43 48 7 97 16 65 79 73 99 91 62 29 95 75 23 37 81 94 18 8 21 69 86 74 82 3 42 6 61 63 72 25 2 66 27 12 55 59 40 38 88 64 1 15 28 20 11 35 89 57 5 67 31 30 53 49 41 52 83 22 32 34 68 44 100 56 76 39 60 50 14 51 17 78 33 90 87 
23 52 11 49 37 27 96 44 59 66 93 26 38 18 42 77 24 84 25 21 4 8 13 47 61 29 98 22 95 57 40 53 80 90 76 73 35 92 78 5 56 87 43 99 64 82 15 91 41 9 68 32 63 12 33 86 19 75 17 74 83 71 28 70 60 36 39 97 88 7 16 48 31 
40 19 32 65 18 79 33 81 34 91 58 63 1 69 15 61 87 85 93 42 53 56 84 13 80 51 4 14 54 98 72 37 6 95 41 17 47 67 86 89 71 35 60 100 2 22 7 48 66 52 23 70 94 30 10 21 38 49 43 68 26 36 25 11 27 3 28 55 99 45 44 97 12 77 
93 65 88 9 27 54 77 99 52 43 56 18 78 12 87 3 5 53 63 30 38 90 23 48 4 21 42 14 41 2 74 32 37 80 55 29 40 11 1 72 50 25 61 76 13 20 15 28 92 35 71 47 59 17 75 94 51 86 67 33 31 95 57 45 49 66 10 62 24 84 97 96 44 8 73 85 81 
21 67 36 43 41 10 28 9 16 98 79 93 78 76 23 94 57 59 15 70 51 32 31 4 61 77 87 6 12 18 92 33 69 75 89 37 81 48 99 13 91 90 83 66 46 52 26 64 40 73 42 100 5 35 29 65 68 11 56 88 17 60 22 82 71 50 30 53 39 20 86 24 38 62 74 2 
87 76 1 41 74 31 57 6 36 42 92 61 47 69 40 97 17 27 30 52 93 60 23 73 66 38 15 35 24 58 95 91 67 33 54 82 78 83 75 2 65 39 68 72 56 98 13 63 44 21 55 64 99 70 25 59 19 37 88 9 5 20 53 90 7 28 51 77 48 8 
100 36 58 98 18 10 68 41 21 44 6 78 67 28 81 75 33 30 83 31 73 2 91 70 69 11 3 82 20 61 92 34 62 22 65 23 84 53 59 50 74 17 88 79 35 63 24 99 14 26 48 16 19 56 89 60 38 93 39 27 87 71 46 42 97 43 1 57 8 72 7 80 37 76 25 
24 36 8 22 77 33 81 73 78 86 56 94 99 76 84 12 51 59 89 23 82 43 60 45 41 49 37 38 11 4 25 97 50 58 61 47 85 53 35 68 20 69 92 10 88 90 3 46 93 30 74 42 67 2 39 65 83 40 32 62 14 54 34 63 96 17 91 52 15 66 70 18 80 44 71 
78 58 12 30 52 33 94 90 56 69 53 63 57 98 74 31 23 50 85 4 47 70 91 22 3 11 48 36 87 35 28 26 13 86 10 41 8 25 6 43 62 46 66 42 45 95 54 83 81 64 79 96 93 68 71 18 37 60 80 7 16 34 24 77 67 72 39 5 14 29 20 84 
75 42 44 62 92 94 52 32 13 5 59 6 45 26 57 12 9 78 74 39 70 86 99 4 63 40 82 49 21 93 73 47 95 80 61 8 7 68 16 37 100 84 98 87 64 28 43 72 27 10 11 22 56 36 97 1 55 76 3 29 20 91 90 65 77 24 58 54 51 2 35 53 18 50 19 
66 36 92 91 29 15 12 74 17 10 79 97 32 70 50 78 6 3 51 64 5 77 85 73 47 63 40 58 49 83 37 41 20 9 80 38 75 93 59 46 89 88 98 62 31 8 42 26 7 11 1 60 2 4 33 54 43 23 35 84 67 39 61 14 30 81 56 87 95 99 68 18 55 48 21 19 45 72 44 
44 31 36 67 15 71 90 38 19 92 11 66 23 65 98 64 78 13 85 81 61 27 96 93 79 28 43 25 39 24 88 60 30 68 37 47 40 89 63 3 94 86 50 35 10 95 49 75 12 87 42 22 14 5 54 45 55 53 82 51 6 100 20 80 1 8 17 77 4 84 33 76 
13 81 71 4 61 24 54 48 76 56 21 94 95 1 43 16 64 74 8 83 20 11 68 57 27 97 40 31 79 12 6 93 5 25 47 63 52 51 18 65 60 34 77 53 2 42 78 45 89 19 26 67 84 30 91 87 96 50 98 72 35 73 3 23 85 55 9 17 86 36 39 75 99 59 90 28 
77 19 12 92 67 33 95 40 23 76 74 45 59 61 47 75 4 66 32 44 64 82 65 84 25 81 69 88 97 39 79 85 3 24 5 18 91 89 56 10 2 48 29 6 8 20 1 99 31 34 54 53 86 36 100 16 37 17 94 87 63 98 68 9 52 96 83 41 60 49 28 90 14 62 26 57 30 11 70 35 15 72 21 50 78 
69 47 83 2 7 14 9 60 61 84 49 51 56 1 98 40 13 99 77 92 93 65 45 58 22 8 6 50 15 57 82 5 66 19 62 52 33 32 75 76 91 29 80 4 55 100 3 17 39 23 43 68 30 25 73 78 95 48 11 36 21 89 71 67 64 79 88 37 72 42 46 18 35 63 87 70 38 
41 18 79 4 90 50 47 57 1 21 2 59 27 33 44 74 72 58 10 8 12 71 25 20 39 70 3 60 96 43 99 52 29 85 48 67 23 19 5 61 75 97 45 76 46 22 80 94 6 49 81 62 78 54 38 55 37 14 26 28 68 7 91 17 92 82 13 40 93 11 36 89 35 98 88 15 83 
57 71 54 19 50 75 67 55 32 64 13 35 16 36 51 79 1 28 48 3 41 6 12 4 15 87 88 39 37 62 99 5 53 60 74 72 77 26 97 56 2 92 14 29 95 100 83 93 21 69 42 10 91 47 11 49 17 45 61 46 81 22 73 66 20 30 43 76 23 33 34 9 
62 16 61 92 35 44 87 50 46 76 68 71 25 80 53 54 6 12 67 90 2 60 33 56 77 95 58 18 41 1 93 22 32 21 86 96 48 19 74 38 81 89 65 34 17 64 9 13 57 79 7 26 78 39 98 72 43 73 55 99 70 83 47 28 59 69 42 82 8 85 3 36 45 
7 52 31 32 69 82 33 38 88 20 100 44 47 71 54 74 28 56 36 73 68 26 5 97 62 35 19 24 14 91 6 49 17 4 18 22 23 63 76 78 89 93 92 39 53 64 34 15 85 8 10 27 9 60 65 94 50 61 25 41 58 90 21 48 59 95 81 79 37 84 99 11 86 
4 18 15 25 9 73 86 61 16 97 84 24 36 72 92 26 58 41 35 93 59 87 75 56 83 5 6 69 44 19 12 32 11 20 96 37 70 8 78 63 10 50 80 51 81 82 23 55 2 76 85 98 14 39 94 52 21 74 67 79 95 43 1 31 68 33 49 17 53 89 90 29 13 
82 98 50 58 55 5 34 27 29 44 8 39 71 84 7 62 79 70 86 26 69 64 30 3 28 48 72 61 68 14 36 51 10 40 24 43 53 96 32 94 13 35 4 75 25 23 33 74 52 67 17 11 42 18 60 20 9 45 78 63 21 57 89 1 41 77 93 31 66 22 47 91 38 37 49 80 
