100
15 51 29 16 41 26 18 14 48 64 7 6 60 63 69 50 76 32 87 88 58 79 44 68 4 96 38 
95 80 46 3 99 27 82 48 19 13 90 26 36 30 45 59 44 71 5 69 38 4 86 54 
69 2 81 47 66 44 91 28 33 15 62 26 23 70 93 18 12 38 80 39 36 84 25 20 21 53 77 46 45 85 43 99 90 63 96 72 
97 63 88 58 77 22 21 2 57 5 90 33 81 73 26 96 61 71 31 54 53 18 7 12 92 1 42 29 47 
10 91 34 32 95 43 84 64 51 55 52 40 2 4 41 33 58 11 83 69 82 29 26 14 7 
1 87 10 42 12 96 16 92 76 20 69 32 55 78 7 60 44 83 15 98 25 47 17 
6 46 92 71 37 95 5 75 56 1 98 50 59 94 4 22 41 79 76 91 11 35 70 51 67 30 81 
70 23 79 78 13 18 86 31 63 91 11 43 28 55 85 75 62 17 36 76 16 57 48 33 45 56 10 94 93 35 87 44 
54 99 79 29 86 41 40 90 36 18 85 48 55 83 32 71 44 30 76 19 63 45 92 43 88 58 91 33 
94 33 37 99 6 84 31 22 76 16 8 77 88 61 26 45 98 54 90 80 46 68 48 51 50 42 5 11 95 
55 5 25 83 79 65 7 18 16 90 87 68 75 56 70 10 8 35 71 85 
37 42 6 38 33 48 28 22 4 88 65 97 100 61 31 53 57 40 3 72 51 43 39 14 69 
70 57 8 84 83 2 53 32 98 94 71 76 85 95 63 68 89 96 54 99 
63 69 24 47 77 1 50 53 12 36 65 86 92 68 25 39 43 5 15 19 79 83 98 48 51 67 71 
46 99 6 49 74 20 16 3 25 56 75 60 94 52 34 53 35 17 14 84 72 51 44 42 45 18 1 61 95 21 32 39 
53 96 1 93 89 65 8 25 50 6 38 45 51 90 97 80 26 11 68 87 79 19 15 49 98 32 36 10 43 
8 71 44 54 39 45 96 66 89 63 53 22 33 30 92 95 6 25 32 15 21 78 74 38 88 69 27 100 29 
3 23 11 61 67 41 68 36 53 60 69 79 82 24 54 4 15 9 72 64 44 1 34 85 71 88 8 58 42 80 22 21 
93 14 82 27 30 74 97 45 42 70 9 16 66 85 2 29 69 98 33 22 75 52 36 72 
95 80 69 30 40 79 47 28 85 44 52 15 6 73 58 3 46 96 54 83 100 90 94 50 64 45 
91 51 15 49 60 70 74 89 17 38 87 82 3 46 35 54 4 18 57 94 85 88 22 
66 40 18 75 44 24 92 86 12 26 7 46 73 10 19 62 89 23 25 17 61 21 39 49 4 98 90 31 
94 50 18 31 66 62 39 89 84 3 88 34 79 80 86 22 8 81 56 67 27 65 72 36 
59 67 89 93 91 38 63 14 31 18 42 26 22 100 75 58 72 43 92 73 
39 67 28 63 52 62 69 74 32 6 46 22 66 49 15 3 14 84 97 17 56 16 11 93 34 43 65 75 
52 28 69 62 67 3 75 79 43 2 4 22 59 24 80 37 76 1 71 10 5 94 16 46 
55 19 38 98 49 92 69 80 67 2 36 60 95 39 23 63 17 99 
74 41 3 85 42 88 75 76 57 73 55 82 12 25 26 58 99 56 94 36 20 62 84 8 93 
68 53 52 72 44 35 46 9 34 88 19 48 76 4 67 47 32 87 100 1 37 71 85 75 5 17 83 
87 85 17 2 54 7 20 93 73 19 88 36 39 82 66 9 74 
77 57 51 34 78 8 95 24 61 60 50 58 4 23 41 48 12 79 87 72 54 81 47 94 45 22 10 
96 69 13 15 43 9 1 40 90 74 84 52 39 70 17 57 29 25 63 50 35 45 71 73 5 16 6 61 
83 70 17 9 3 75 10 35 71 5 89 38 60 81 74 55 97 85 37 96 4 12 63 8 93 84 77 67 19 52 43 78 
51 70 89 31 41 43 47 15 29 72 68 56 23 40 57 55 95 42 50 74 25 5 18 
58 37 21 96 83 63 15 93 97 99 29 32 76 56 53 72 85 91 54 71 65 86 49 11 8 70 33 61 7 
56 14 23 40 50 28 95 51 85 8 18 19 30 73 27 9 52 46 2 58 87 45 16 39 54 3 60 
35 87 82 42 29 76 58 7 53 61 73 10 45 65 62 93 75 84 26 74 55 91 39 69 89 33 12 52 
50 33 3 63 40 79 16 39 17 97 24 1 68 61 2 42 12 21 41 64 92 27 57 
17 36 25 51 14 32 23 22 81 53 12 3 62 74 71 76 40 15 27 37 67 30 38 79 65 96 
75 5 93 79 63 38 70 55 22 43 96 9 34 41 12 61 92 71 39 86 100 36 53 58 84 20 32 50 54 
50 28 7 82 60 47 63 5 45 48 89 31 1 34 90 49 18 40 38 85 9 71 
63 4 37 19 76 6 18 34 12 90 77 49 55 67 99 69 10 24 88 15 38 28 46 50 82 
86 46 24 34 5 72 16 25 85 71 87 51 84 66 3 40 12 80 14 8 79 63 44 9 26 78 32 33 
57 85 22 78 9 83 70 89 68 46 74 43 29 60 2 1 66 61 52 45 97 8 6 18 3 65 15 20 17 
20 15 19 85 82 68 63 8 3 97 65 75 10 53 55 2 80 17 37 93 44 51 32 89 41 16 31 83 9 77 36 
82 87 10 80 42 25 78 22 3 97 21 15 72 43 20 36 56 54 44 85 2 57 29 7 67 52 26 
4 69 41 20 52 61 80 51 98 14 96 75 6 62 31 68 3 34 50 67 79 29 
41 72 9 90 83 8 63 2 89 12 10 92 31 55 14 49 86 73 53 65 71 29 69 67 1 81 
55 25 15 87 80 21 16 22 75 67 35 81 42 62 93 41 71 27 48 100 83 
97 99 96 38 82 47 42 55 95 32 10 91 75 40 73 16 41 7 79 54 31 83 66 20 78 90 1 93 100 34 14 36 23 
7 16 34 63 31 43 15 5 87 10 96 72 36 55 54 14 95 78 39 12 21 47 1 45 
69 33 46 89 36 20 26 58 61 59 94 19 82 91 37 15 32 25 75 5 44 87 29 70 79 47 85 62 57 
91 82 18 3 45 29 39 77 12 40 98 55 48 64 35 74 86 14 93 16 15 4 13 37 17 84 100 89 
31 20 13 10 60 36 46 97 35 21 68 58 30 87 40 69 18 63 50 4 2 51 74 9 17 62 
48 34 65 11 75 37 6 9 8 63 5 72 40 53 50 45 42 51 33 28 27 49 78 
80 35 87 71 61 34 82 63 85 84 79 94 83 8 25 7 36 70 88 15 11 23 28 100 76 46 
4 92 70 13 62 34 72 96 52 21 75 46 44 38 12 85 77 31 100 97 58 8 28 60 32 
60 35 18 91 70 40 20 65 52 1 36 28 99 75 9 54 5 24 4 57 83 88 37 69 31 82 
7 2 52 24 97 96 67 80 87 78 26 70 75 69 
70 58 21 90 71 41 36 57 15 82 74 73 1 85 33 18 86 69 79 6 61 44 96 72 27 66 31 97 67 54 
85 56 87 99 83 81 31 37 47 32 88 4 38 44 15 60 40 84 35 10 12 62 76 18 22 52 69 89 
28 47 22 25 52 69 3 88 8 81 87 49 70 78 61 54 57 23 76 26 39 79 37 
88 25 4 13 83 55 56 38 14 9 41 71 27 74 77 33 80 3 1 54 40 93 81 69 51 45 48 76 32 89 17 8 24 35 42 95 43 
94 38 87 97 82 89 84 98 93 18 72 70 20 5 81 53 1 
48 90 14 80 73 23 45 25 35 100 67 16 93 69 84 39 37 82 55 76 11 44 12 89 58 70 
76 43 99 25 60 98 3 22 30 23 92 75 19 17 73 50 44 86 
14 100 18 29 48 87 72 76 65 49 46 7 97 90 27 60 26 79 42 33 98 23 25 59 47 24 39 86 
89 72 80 71 47 98 13 1 11 29 54 99 16 45 10 74 91 38 18 82 44 34 14 
1 97 83 42 12 2 14 54 20 37 71 52 79 25 73 32 3 61 70 63 26 48 59 62 5 17 6 60 47 18 99 19 58 27 65 
32 44 60 40 35 59 69 90 64 33 13 92 57 77 3 89 56 73 34 7 52 65 11 8 58 19 62 21 93 
60 56 49 18 35 7 2 13 41 32 73 93 43 26 33 72 40 48 97 69 81 39 29 99 11 14 63 17 9 4 68 
67 55 43 57 19 31 60 23 51 29 48 24 75 64 3 79 15 93 18 34 12 88 68 94 85 71 98 46 35 78 
91 65 20 92 24 22 69 66 100 50 37 93 71 83 97 36 85 32 28 70 30 60 4 48 
39 15 90 87 21 78 30 34 63 53 32 93 68 19 25 37 44 99 17 60 28 97 33 54 
26 40 78 47 19 81 24 58 50 11 45 88 57 15 86 59 55 37 25 7 49 28 8 22 29 72 89 66 33 91 52 82 
6 67 62 65 9 29 66 79 88 7 35 26 37 8 42 10 81 1 56 90 39 13 63 61 28 
92 42 31 45 3 4 14 63 10 33 53 70 57 
17 51 55 6 62 87 8 44 33 43 80 95 72 31 75 59 74 46 50 84 
95 1 96 94 23 16 72 60 91 84 56 8 11 76 18 52 39 9 47 14 85 31 67 80 62 7 43 50 87 69 40 38 26 20 
20 59 79 43 87 27 10 56 96 78 63 18 23 26 68 16 45 47 49 3 65 95 2 46 
64 76 4 39 75 48 99 91 63 7 23 33 71 3 61 31 62 49 100 
60 28 37 64 42 65 5 30 19 2 84 56 100 21 53 45 52 68 41 50 18 75 93 46 89 58 
89 86 50 5 48 69 14 20 58 44 49 11 33 84 61 45 13 9 29 35 85 73 63 56 6 94 
3 83 56 40 88 5 53 85 89 61 32 33 65 25 37 79 13 86 82 28 10 64 43 78 15 23 
60 56 61 73 36 41 92 21 35 79 18 11 57 3 94 46 30 72 52 95 43 28 33 84 44 29 83 20 9 8 91 19 99 86 45 13 
84 22 35 97 83 66 40 14 23 85 2 43 100 8 75 95 48 53 9 67 60 
51 46 37 8 78 21 74 30 31 79 64 36 56 54 43 67 6 61 49 11 52 16 80 62 29 59 1 93 
9 95 56 61 84 30 4 75 29 58 18 72 98 76 12 63 10 42 17 62 1 21 28 99 23 
75 34 61 37 23 33 83 52 53 44 70 84 93 21 99 64 82 17 24 41 97 68 92 48 16 65 45 13 22 63 
32 16 41 42 97 20 65 4 76 3 74 2 60 10 9 48 11 70 67 22 50 
73 24 81 75 37 68 5 85 7 50 98 53 96 97 79 58 3 52 21 8 35 9 
9 22 27 57 24 73 89 38 96 40 17 95 7 6 85 66 77 70 4 48 14 
72 49 16 63 87 24 8 19 30 100 65 25 28 37 82 45 3 53 89 35 40 73 33 64 74 71 70 97 50 
20 13 26 7 21 52 83 98 8 85 28 15 10 56 64 72 31 79 23 
7 13 78 36 50 15 88 97 51 34 17 2 85 20 10 79 27 63 92 31 5 86 80 
57 47 6 4 99 20 17 50 80 91 79 3 35 1 32 16 13 39 40 51 60 59 92 33 
44 38 46 12 45 54 93 59 4 71 69 25 74 95 86 19 100 67 33 50 89 60 16 90 91 57 64 35 73 
6 64 14 72 22 99 19 13 68 94 53 16 7 88 91 47 66 10 27 67 
74 13 35 3 81 71 68 2 58 10 42 96 88 50 15 28 61 69 9 66 27 98 89 85 
97 67 50 73 86 29 57 49 40 12 65 81 24 93 82 20 56 17 53 