100
62 84 6 76 90 95 25 3 13 85 17 97 21 78 27 47 88 83 30 19 77 42 35 63 69 53 26 98 11 68 18 32 54 29 48 39 41 100 87 36 94 12 10 59 51 8 93 46 33 4 
3 5 14 85 46 58 89 34 12 100 41 96 86 29 9 50 39 42 51 67 66 11 17 19 4 49 60 78 56 69 70 68 91 21 64 16 74 48 82 31 26 65 73 36 15 7 32 53 
1 60 35 85 28 67 23 49 90 65 31 18 100 95 51 69 34 99 44 36 84 74 30 14 62 89 38 57 40 20 10 45 42 83 41 43 26 61 64 12 2 55 79 58 75 81 7 92 52 91 53 82 16 71 25 15 
7 75 68 59 72 79 80 98 49 90 74 8 45 11 40 96 63 57 25 17 77 10 64 1 6 53 89 34 13 24 21 56 69 31 62 2 94 86 54 29 83 66 78 71 82 43 44 
77 45 29 54 28 34 99 71 95 31 15 74 44 53 52 40 92 73 24 62 49 76 10 63 89 96 27 67 70 80 98 18 11 79 9 91 22 2 90 39 51 64 37 56 75 65 46 43 81 78 
41 60 19 34 63 90 94 82 30 28 64 93 88 57 33 89 1 96 97 38 58 73 100 65 7 52 80 23 24 17 40 61 31 27 16 39 47 13 92 81 14 4 55 44 
33 85 35 8 84 23 55 24 11 10 57 47 42 3 4 90 32 66 56 26 74 19 36 2 88 77 20 22 98 30 52 49 60 61 17 18 28 93 69 97 92 89 45 37 86 6 68 76 51 59 44 
19 59 44 60 50 69 58 34 26 65 99 73 83 96 87 91 67 35 72 18 86 36 85 22 15 13 31 29 78 4 52 21 7 24 1 98 88 16 49 12 
15 61 28 58 62 56 2 84 52 68 83 47 64 80 30 81 34 86 20 24 51 21 67 40 29 92 100 63 87 16 25 46 39 76 53 45 17 98 5 14 19 65 66 
67 65 57 75 92 61 54 81 94 99 28 58 73 3 17 70 1 16 33 40 63 62 15 5 69 85 37 23 82 74 39 90 13 19 95 71 4 7 46 45 25 48 32 50 91 98 96 76 89 55 52 83 66 72 
46 60 45 55 44 36 35 72 37 31 58 67 59 52 19 13 33 73 64 26 76 99 88 75 57 30 51 93 7 97 42 79 21 15 100 39 49 94 25 1 84 92 18 41 2 5 86 74 53 4 89 
16 13 25 47 90 44 1 8 79 74 50 56 3 48 84 65 66 23 91 63 75 24 36 61 55 87 81 100 27 41 93 39 53 68 96 88 37 43 89 14 99 58 64 60 85 54 76 78 2 97 70 22 
89 84 4 68 67 40 6 16 100 54 73 95 86 83 19 57 29 64 10 8 62 46 33 91 23 14 1 79 22 97 27 15 58 98 28 38 93 77 72 42 49 85 12 17 24 61 99 44 11 31 43 20 45 32 
21 73 99 78 13 44 6 15 88 54 32 67 25 59 18 91 24 100 12 3 60 2 96 62 46 37 47 87 38 86 71 55 79 64 70 27 68 90 77 61 50 9 72 42 
13 36 57 14 8 95 32 3 48 84 68 5 34 72 16 96 49 63 71 93 21 2 28 91 66 29 47 85 64 78 44 92 69 94 40 79 89 70 83 86 9 20 10 51 76 77 52 11 80 23 
92 47 99 42 79 77 63 33 94 12 88 72 32 35 6 71 40 96 13 52 85 45 54 29 19 17 3 24 67 86 10 56 80 39 15 59 100 51 2 22 69 53 21 38 9 64 27 30 8 78 
1 10 35 52 25 83 69 40 75 46 45 87 98 68 73 47 53 6 72 44 62 92 88 39 64 54 70 59 74 97 49 71 90 93 7 57 9 13 95 29 55 30 67 16 82 2 76 96 23 50 61 4 
53 54 7 56 36 52 25 1 77 49 59 30 95 83 45 93 8 33 39 86 71 28 85 47 38 78 57 11 66 14 69 3 75 50 22 68 60 44 24 92 61 26 87 5 80 55 81 
39 75 62 46 63 71 54 2 13 26 11 61 41 97 50 22 80 10 16 32 66 24 42 47 21 52 6 1 96 27 49 68 72 43 85 81 9 99 7 76 29 98 35 56 87 86 8 
57 56 22 63 28 62 82 69 47 39 87 53 3 80 81 86 54 96 13 78 77 67 94 97 79 74 44 33 38 41 26 23 34 93 9 15 51 21 89 25 73 7 66 72 45 64 76 92 48 
96 20 19 66 34 33 63 60 98 95 47 11 37 30 50 65 16 97 92 73 43 61 72 42 4 26 15 8 53 22 85 75 100 35 9 39 1 91 74 77 68 55 2 29 64 14 23 49 
7 25 98 64 16 13 52 82 70 80 32 78 94 18 92 38 68 66 47 39 24 45 21 27 89 99 59 19 37 50 26 53 86 69 12 28 8 42 60 20 29 83 43 84 5 23 65 93 90 
13 38 6 20 15 51 57 50 43 59 42 22 93 82 25 81 24 63 21 72 7 65 39 49 54 67 17 10 28 64 99 84 100 30 3 26 56 36 53 12 73 70 45 83 75 60 35 
54 31 28 7 45 26 73 60 58 85 70 63 8 99 83 38 55 23 18 46 19 14 48 13 56 81 12 4 80 9 71 34 33 84 43 89 95 5 36 77 16 29 96 32 86 6 64 44 87 53 41 30 68 22 98 40 52 92 57 66 
99 22 1 32 76 12 85 30 61 89 41 10 62 59 45 31 20 46 17 43 98 14 82 88 23 18 36 49 42 28 55 92 34 53 4 29 84 44 52 3 87 72 9 96 11 80 
40 60 23 22 2 55 27 3 61 37 52 34 90 18 11 70 83 78 64 92 71 56 62 41 49 20 35 38 8 29 57 58 75 54 93 91 30 47 7 1 66 81 21 79 53 19 24 
41 100 14 37 62 60 98 13 16 74 47 12 26 88 19 1 5 49 44 72 85 73 90 35 82 78 66 67 68 30 95 86 91 29 51 34 84 6 63 83 89 40 57 22 97 75 52 58 32 
81 29 31 47 61 72 96 73 41 38 64 76 68 98 25 5 10 36 3 23 6 65 20 15 34 80 46 94 7 45 84 60 79 51 56 39 44 30 43 89 67 70 18 13 22 24 9 42 40 
87 81 41 92 25 88 49 54 59 95 38 24 15 16 44 19 53 27 82 2 73 67 43 5 39 48 93 22 17 26 31 74 61 65 89 1 51 8 99 62 28 45 13 60 40 4 85 21 72 42 47 66 9 
39 64 53 38 18 33 3 98 11 16 93 84 77 23 87 28 83 6 45 52 21 42 75 88 24 1 80 27 79 70 26 7 61 62 78 37 95 100 47 9 50 48 55 54 25 17 90 
83 54 64 57 11 68 55 67 42 38 44 93 29 69 82 79 4 49 36 8 85 41 39 3 72 92 58 84 37 33 51 59 13 6 61 86 35 80 40 25 2 52 24 5 66 70 43 28 
83 38 19 65 27 55 82 71 25 62 61 41 22 24 10 14 91 51 7 72 92 34 100 42 59 52 60 67 64 47 57 13 78 2 79 49 16 1 94 15 80 85 46 81 50 58 
37 34 96 86 87 67 11 10 42 82 30 7 20 48 35 65 83 45 24 1 6 73 72 13 89 39 56 59 21 18 31 52 43 16 58 50 95 90 54 68 
80 25 4 24 55 48 79 99 70 2 73 51 21 62 32 27 89 38 84 5 33 66 90 15 40 9 28 47 3 20 39 56 94 78 6 36 53 72 42 8 41 71 60 97 26 57 86 100 46 
89 70 97 62 26 100 63 91 68 74 38 43 75 19 16 39 51 44 48 8 60 88 72 61 80 7 11 94 96 52 92 79 31 95 3 87 27 59 17 1 64 21 33 66 93 85 23 90 
34 40 60 100 81 7 63 47 42 37 57 93 2 79 62 28 43 58 92 11 52 87 66 76 72 98 15 48 99 96 83 59 24 39 31 3 12 84 77 51 18 75 23 64 80 50 1 8 71 25 49 94 
5 40 82 72 68 10 78 52 33 36 39 66 44 30 93 7 21 12 75 41 14 46 58 63 71 97 98 79 54 85 51 11 43 31 49 89 65 26 61 22 99 74 53 27 88 
24 62 91 55 34 81 90 26 23 73 67 89 30 3 40 45 61 77 20 47 86 13 51 32 46 94 31 14 18 16 44 50 60 56 54 28 6 83 76 39 99 29 41 59 100 82 35 22 
18 6 37 95 81 50 54 67 11 33 66 30 29 69 60 23 17 28 35 16 82 86 41 19 34 36 76 22 85 89 57 21 73 10 51 77 5 38 72 9 43 59 75 20 12 92 1 31 84 63 2 100 80 
10 71 38 16 95 15 78 24 81 4 44 56 93 58 3 60 9 42 47 97 37 91 29 79 31 57 90 34 17 26 6 28 49 65 70 77 36 86 87 59 13 69 68 85 27 5 74 
92 91 63 88 82 26 93 60 81 1 84 11 50 2 25 34 80 90 19 32 53 27 61 57 97 24 12 37 55 68 20 6 64 54 28 89 31 87 29 73 94 39 46 78 66 71 70 3 38 
69 78 2 100 96 14 73 11 29 61 16 21 67 19 44 48 31 94 13 88 80 30 3 71 47 33 22 56 40 1 68 84 23 7 72 34 25 51 97 28 36 92 60 87 32 52 
61 72 59 66 24 56 50 71 45 47 60 39 84 62 80 100 33 95 81 29 4 67 85 49 79 53 64 12 57 46 22 69 54 44 28 52 19 21 51 82 5 75 37 25 35 68 36 58 91 70 31 98 13 3 96 23 
20 4 70 28 37 86 3 7 31 69 5 54 51 11 38 18 66 25 29 58 63 6 14 24 82 12 8 93 43 65 99 81 83 85 42 17 48 50 78 72 40 100 35 27 13 96 84 56 45 90 87 15 
68 61 30 13 64 29 44 78 38 67 18 16 62 79 98 24 17 25 88 77 53 55 74 69 84 20 28 43 23 60 75 46 72 83 5 11 10 50 9 22 94 7 87 3 85 4 33 99 91 100 
10 11 32 90 57 96 55 43 45 13 66 63 56 91 81 14 64 97 37 50 28 49 2 95 65 19 52 48 17 75 24 82 76 67 5 72 89 58 84 41 73 38 87 25 53 9 62 1 34 80 
17 68 9 40 62 83 34 21 77 64 97 1 96 69 20 30 28 79 73 38 16 91 100 85 88 89 74 51 6 80 18 95 43 86 26 7 55 22 12 81 60 84 94 27 36 82 56 19 32 52 75 92 42 71 14 29 15 78 
100 84 67 12 79 95 89 74 34 97 65 83 10 35 59 63 76 81 64 33 66 42 75 69 29 54 56 2 52 30 44 80 71 1 92 24 20 72 77 55 49 73 15 46 36 60 82 
13 95 94 17 53 3 81 26 67 43 2 64 15 85 57 18 7 31 36 66 56 11 23 58 89 27 92 70 71 4 19 25 73 29 86 72 88 80 5 48 79 59 63 87 32 93 8 77 21 90 40 100 37 46 
30 66 75 83 2 64 8 79 12 32 94 82 90 19 39 44 36 71 67 54 72 18 14 88 38 10 84 91 21 22 77 76 68 51 43 56 46 33 92 85 99 45 23 60 17 41 97 
99 76 47 28 97 3 34 5 27 44 16 32 35 37 43 70 38 31 56 9 89 1 39 50 29 54 11 73 15 58 52 42 85 78 69 23 2 7 61 20 36 91 
96 77 22 47 78 6 36 15 35 5 16 33 76 24 98 8 30 64 17 10 9 46 48 72 60 63 32 42 75 83 25 3 88 18 79 7 68 31 86 43 54 70 11 73 37 92 65 26 82 61 67 27 100 51 19 90 
46 89 76 9 61 66 100 79 88 63 29 24 22 95 92 26 2 55 16 23 70 21 74 68 4 93 54 99 34 49 37 69 58 30 82 20 98 87 56 18 17 12 25 43 11 5 3 45 59 1 41 
29 39 13 80 73 57 75 52 1 51 37 65 17 86 98 48 92 23 16 30 58 44 61 79 10 55 20 62 97 81 95 89 31 50 19 84 53 60 82 33 26 18 63 38 5 24 76 14 12 4 87 74 41 83 43 
32 71 6 62 34 24 58 41 11 77 70 73 45 87 30 96 74 72 10 90 54 97 7 48 65 56 59 60 38 26 17 98 53 47 18 63 14 31 76 46 85 64 3 21 12 25 75 
50 49 100 7 60 62 44 33 99 72 12 24 34 96 47 28 89 18 77 83 85 98 2 43 93 75 76 38 94 46 97 20 51 61 19 84 69 87 40 73 80 26 53 16 70 48 55 92 5 4 42 90 95 57 23 78 9 91 
96 3 34 27 58 79 46 60 7 86 36 49 23 54 81 64 11 18 82 6 10 78 39 67 40 20 17 88 31 56 13 71 41 80 26 15 43 91 100 4 62 68 24 72 87 74 89 32 
54 44 75 53 57 31 3 12 55 76 78 37 86 8 84 6 11 10 99 33 2 9 91 40 72 24 88 49 73 46 79 92 32 13 51 81 66 90 82 36 27 43 26 
16 25 48 97 18 1 100 88 40 29 35 49 80 82 77 4 8 11 53 63 55 70 7 39 31 36 32 14 60 61 66 86 68 98 99 38 92 33 22 71 43 23 17 67 
26 29 61 28 38 36 22 57 56 74 27 32 86 84 41 80 88 82 18 75 39 14 12 52 68 35 21 81 62 50 40 8 24 23 6 77 45 3 76 85 7 94 93 11 54 42 59 2 34 87 47 55 83 48 43 
19 45 21 18 54 10 6 29 7 9 35 92 75 31 52 30 53 14 56 81 100 25 80 59 88 73 43 26 3 96 12 42 85 98 69 13 89 91 87 38 60 64 37 32 28 94 41 17 65 68 51 74 
54 66 100 27 77 87 45 74 9 47 80 90 25 17 63 95 13 30 10 60 5 57 97 3 93 75 34 43 35 91 20 19 65 73 55 46 29 67 32 26 14 36 82 88 4 83 76 56 1 38 
89 59 44 23 49 79 52 48 20 74 9 99 39 100 24 41 4 54 6 5 66 55 84 46 37 21 86 10 53 36 15 27 35 98 1 88 12 19 16 65 96 78 69 62 95 72 
12 50 78 82 61 88 55 22 46 81 13 4 21 52 32 31 96 28 100 90 23 26 14 75 9 20 49 6 47 74 70 77 35 5 48 2 30 24 80 3 36 15 11 16 17 71 87 57 83 41 43 45 
46 87 2 52 85 28 10 33 9 37 44 99 63 95 73 21 71 40 48 89 29 6 82 62 77 75 5 61 55 8 12 23 93 32 54 22 74 66 68 3 
62 21 53 94 92 77 15 37 12 89 80 35 48 24 82 63 58 65 22 43 34 50 97 72 46 59 27 85 18 100 2 26 76 88 49 83 67 10 68 78 19 79 7 71 91 87 39 90 20 31 44 4 9 29 36 73 41 
27 45 8 13 79 59 3 42 31 46 62 50 95 71 5 83 33 9 98 96 84 93 57 89 38 17 2 39 11 20 76 66 82 16 43 49 28 14 87 97 91 23 48 10 52 29 32 
94 35 60 88 92 74 77 1 87 95 33 65 66 19 59 24 86 100 2 99 41 43 73 7 47 42 84 78 21 31 14 40 17 22 57 27 98 4 37 83 50 53 15 72 13 70 18 9 28 12 52 45 61 
79 98 2 61 17 40 84 1 22 100 16 93 7 31 51 10 63 20 15 8 3 94 43 89 86 75 39 42 44 48 88 47 18 90 45 82 96 56 85 53 83 74 4 
31 95 56 94 10 35 14 2 98 17 53 59 12 93 49 72 28 79 84 40 71 44 5 83 96 43 99 92 73 23 78 51 64 24 41 26 55 80 22 100 15 68 88 34 77 90 87 30 52 
26 95 17 42 70 91 64 41 19 15 3 5 96 55 16 65 67 73 75 92 94 59 36 84 4 34 66 47 57 77 49 14 50 24 40 78 37 93 97 74 32 10 18 43 98 48 
45 75 19 23 16 56 31 14 63 70 33 35 55 10 29 85 52 57 44 87 42 34 37 98 4 13 100 58 39 96 20 82 49 15 99 32 21 43 66 36 25 48 8 11 50 89 46 27 97 74 68 17 79 28 80 
55 21 58 51 41 42 39 78 27 48 20 33 14 24 11 28 75 52 65 70 100 49 76 17 34 84 62 47 23 13 81 10 56 94 46 5 61 71 29 54 2 80 6 92 38 79 66 8 68 77 99 
48 63 45 85 60 64 84 21 83 86 71 62 4 10 17 37 3 2 61 47 96 5 7 57 55 69 75 76 80 11 93 35 54 29 72 65 98 40 92 27 68 20 53 100 12 
26 52 87 3 5 80 54 73 4 62 94 17 81 19 74 37 55 61 48 76 86 82 92 97 27 30 36 60 65 45 21 18 39 50 43 47 64 35 12 69 99 85 71 90 100 23 77 10 56 89 46 72 58 11 
77 85 93 54 58 36 99 46 51 53 1 25 56 12 81 82 17 9 62 50 38 10 7 88 94 48 73 66 5 11 96 28 19 75 39 74 83 52 55 60 20 67 91 15 95 
65 47 62 59 15 97 38 52 76 84 75 56 99 40 66 36 18 4 5 83 14 30 7 73 24 21 93 60 48 13 45 64 91 49 39 16 85 70 20 87 92 96 94 100 55 68 86 50 80 78 71 1 
42 20 4 27 5 56 2 80 45 22 32 47 41 57 15 82 73 70 79 40 18 64 51 37 1 30 58 63 77 93 12 71 52 86 68 34 96 98 8 66 14 16 26 44 
81 99 100 34 58 20 3 57 72 93 69 87 26 13 31 14 52 40 53 49 84 67 63 97 11 45 30 73 96 66 86 70 12 4 28 35 48 15 95 88 16 5 47 54 36 50 43 37 78 32 
25 22 28 84 15 61 34 42 57 75 16 87 20 30 32 5 46 49 43 35 54 94 9 4 19 88 56 81 82 91 66 47 73 59 74 72 70 6 48 41 92 62 60 24 64 18 31 78 77 39 85 36 
49 80 76 88 86 5 91 29 10 26 46 73 39 60 64 3 38 9 90 40 93 87 44 95 47 32 48 94 98 18 83 61 75 19 6 57 24 23 20 28 79 36 58 41 54 12 43 
48 65 39 37 86 44 69 38 66 50 52 97 57 43 25 20 85 98 10 96 32 53 87 75 76 58 62 72 29 27 4 17 54 78 23 6 59 41 80 2 46 95 99 3 67 33 64 89 60 100 22 31 47 
26 4 81 68 64 52 66 31 94 33 86 13 60 67 3 22 98 32 62 10 36 70 54 9 8 74 56 38 100 17 44 50 87 76 30 93 23 1 18 15 47 77 48 69 24 27 45 
28 46 44 11 36 31 1 90 27 22 25 30 39 48 54 45 23 93 58 85 15 68 56 24 60 41 63 3 74 13 67 12 98 9 69 77 99 47 71 86 7 79 42 34 50 80 43 96 73 88 70 
16 19 75 2 45 43 35 25 55 74 47 87 77 82 91 27 98 90 50 21 76 29 56 84 13 15 32 3 24 69 39 60 8 44 61 49 37 18 10 66 72 7 89 80 88 12 65 1 40 51 94 31 
19 94 13 78 16 59 74 68 33 8 24 47 75 34 69 63 44 83 40 52 20 60 14 58 38 99 9 57 82 81 18 11 39 7 84 31 22 77 49 79 27 98 15 2 4 87 96 54 
35 68 98 20 1 40 55 77 94 70 64 83 45 97 9 54 41 61 46 86 30 95 92 36 12 90 19 65 72 79 75 33 8 24 85 82 53 81 42 60 66 93 67 29 17 57 44 89 14 25 56 49 18 88 62 80 
58 17 76 81 11 41 70 29 85 27 79 52 94 53 98 8 30 68 7 61 60 57 80 96 95 99 37 49 69 12 1 47 6 50 66 92 14 87 84 16 64 62 45 25 42 35 63 90 59 
92 38 33 3 2 41 46 28 11 47 25 29 61 37 15 82 7 100 49 66 4 34 51 96 35 48 99 98 39 10 27 5 69 85 13 22 75 57 90 63 6 12 24 65 54 87 53 67 56 72 20 
12 49 33 22 10 64 41 70 1 87 17 3 88 58 7 84 38 4 69 44 81 96 40 27 62 14 55 46 34 35 52 5 89 6 85 50 26 66 30 100 56 75 
35 14 58 92 80 13 12 56 2 62 43 57 41 85 15 66 67 45 21 46 38 3 99 50 10 61 51 95 8 71 81 5 77 40 76 26 32 27 96 47 
68 21 77 10 9 48 80 32 66 36 75 61 96 56 99 89 73 58 35 17 11 20 74 87 16 25 31 71 59 54 49 94 39 18 91 50 88 42 52 70 53 6 7 95 3 29 22 41 47 5 24 98 26 15 
17 12 41 94 22 84 95 79 76 31 87 11 29 35 78 44 96 62 40 69 65 15 53 70 7 99 74 1 67 37 26 56 36 71 60 13 20 49 30 6 77 81 23 83 18 
32 49 34 11 98 1 80 87 77 73 69 75 22 35 56 36 76 96 66 70 10 42 88 92 28 4 60 38 86 16 6 45 61 15 81 68 41 47 50 71 93 95 20 85 99 83 
33 46 62 63 70 35 49 92 91 48 87 68 43 71 10 27 29 30 81 47 40 13 100 17 1 21 54 24 88 5 79 18 39 82 15 56 53 97 99 94 93 67 65 76 3 
44 89 4 86 36 71 93 69 88 12 67 82 74 10 76 78 33 94 91 77 17 35 90 21 24 25 61 43 47 56 15 14 28 8 64 2 55 79 42 52 16 57 92 6 70 72 19 5 46 20 84 63 
37 54 48 50 47 34 66 46 21 13 67 12 55 20 51 82 6 75 17 72 41 87 19 95 98 62 40 1 59 77 11 99 35 27 79 42 7 71 56 
8 61 52 70 24 92 4 13 87 94 85 84 5 28 69 97 59 67 63 45 27 36 83 74 1 17 89 72 82 81 21 7 25 68 22 10 56 9 30 37 71 88 43 86 53 55 54 19 78 
19 94 95 12 75 36 11 63 76 53 68 13 82 73 84 97 70 34 86 91 22 10 59 89 50 5 44 23 88 14 25 65 92 3 24 79 58 51 45 93 8 38 37 77 29 56 16 72 
34 61 32 1 62 73 3 14 13 16 11 75 21 30 95 66 64 6 74 38 90 89 56 59 12 82 36 45 27 47 53 57 39 48 35 9 63 77 83 23 49 52 43 68 70 79 2 44 72 42 69 