100
32 28 13 7 18 90 46 91 56 82 94 34 52 41 83 64 25 51 17 11 33 86 20 89 62 53 68 16 5 67 15 27 2 55 24 77 8 84 12 85 14 58 59 31 49 22 70 57 35 79 39 73 37 4 36 40 92 93 43 96 72 30 50 38 66 42 45 71 9 54 44 65 10 74 63 80 23 69 48 87 
11 66 39 37 14 54 30 75 12 32 98 10 28 38 35 47 72 40 49 58 64 84 65 1 78 100 95 93 96 51 69 77 46 52 60 17 63 68 74 3 59 53 91 99 9 19 44 89 15 94 24 61 85 42 21 57 81 67 83 6 90 31 88 4 48 27 79 25 70 29 5 8 56 26 
61 45 8 27 54 22 14 33 25 69 90 63 44 6 58 100 78 81 52 62 80 31 13 43 72 32 23 47 74 65 66 75 97 42 37 26 30 4 91 9 5 15 92 10 50 39 7 57 98 2 41 59 11 87 85 76 68 77 93 17 19 56 60 20 34 48 18 51 21 67 49 73 40 55 82 53 94 70 
86 11 14 72 15 48 54 70 37 79 33 62 26 50 25 19 12 21 88 23 99 17 60 84 6 39 81 7 34 49 94 38 1 35 53 47 56 41 51 59 52 16 91 28 98 24 10 67 89 55 27 46 66 2 65 43 63 58 44 3 69 57 96 5 87 80 78 83 73 75 36 32 71 45 31 20 93 85 
4 58 60 28 77 86 82 25 44 51 84 92 67 18 83 1 80 62 66 40 22 49 21 2 17 36 12 50 63 98 59 13 94 93 79 57 34 70 48 99 27 9 76 38 96 87 29 53 30 42 100 3 41 45 15 68 52 11 16 71 32 89 7 61 37 35 85 47 6 14 78 46 88 31 
26 17 91 93 88 42 77 85 8 83 66 16 100 97 96 65 28 81 9 56 5 34 89 76 38 62 84 48 69 57 64 27 59 13 46 45 4 54 51 99 23 94 82 78 12 22 20 15 58 53 90 71 55 33 86 2 11 61 80 47 63 7 98 60 73 29 31 19 43 75 40 3 41 
84 56 57 52 26 63 20 50 30 15 98 39 11 32 34 79 40 43 46 64 54 16 51 48 73 58 33 77 36 85 65 100 91 44 6 19 59 95 71 29 8 35 81 88 25 83 97 92 9 67 1 80 37 3 66 10 60 49 41 87 89 14 38 53 69 68 12 42 61 99 90 21 4 27 82 22 5 
48 35 64 93 98 77 6 65 33 45 72 53 94 92 13 47 41 29 24 2 55 83 96 75 11 51 81 30 19 22 76 50 66 31 1 95 68 15 57 36 7 89 26 14 54 84 99 32 9 60 88 85 10 80 59 87 52 23 56 74 16 73 34 49 17 63 39 25 70 67 12 28 78 3 
40 17 46 36 84 100 41 59 10 61 76 27 37 70 22 3 28 51 35 74 8 5 16 72 71 31 32 24 77 91 42 2 98 92 26 13 44 52 90 99 29 14 73 95 60 18 1 88 38 7 93 55 30 96 34 15 48 79 68 63 50 6 45 23 11 75 67 58 97 12 83 94 21 53 33 43 65 56 89 
43 63 14 79 19 15 99 38 9 37 86 33 78 58 61 2 64 74 23 85 89 46 92 28 73 41 82 87 8 12 70 3 7 62 21 49 69 29 90 47 20 31 56 50 51 16 53 93 4 55 1 81 84 80 60 72 67 96 18 95 27 45 17 13 34 36 66 44 77 91 40 30 97 32 
93 55 51 100 1 82 68 25 94 5 16 98 77 2 69 20 40 59 7 86 38 79 96 12 67 60 53 95 80 90 13 18 35 32 61 21 29 58 63 97 41 42 91 66 45 36 27 73 43 14 6 52 26 17 33 46 8 44 30 39 75 72 76 88 9 4 84 54 50 24 22 3 
82 74 100 38 63 94 96 33 35 65 9 75 21 18 31 42 13 28 14 52 23 92 22 24 17 98 8 99 97 53 54 81 56 85 5 55 15 2 58 30 44 89 66 4 61 60 10 64 45 57 40 6 80 41 26 93 50 11 86 1 59 79 47 7 51 83 88 70 34 76 67 77 78 37 20 48 62 
43 56 37 18 99 50 75 83 87 27 65 85 22 8 23 19 55 17 21 77 48 12 72 3 70 36 60 6 59 47 38 11 58 51 63 34 29 46 9 68 35 10 89 96 93 61 26 71 64 41 67 32 53 92 44 69 78 95 31 74 28 81 66 1 76 91 98 14 5 30 45 33 97 82 100 42 
76 59 54 47 74 84 1 32 37 22 75 86 26 79 44 30 35 27 52 36 49 83 73 11 18 77 33 48 65 66 99 58 4 17 64 62 81 3 29 51 87 98 90 63 43 16 24 45 69 68 2 13 92 40 25 78 31 95 5 97 85 93 60 39 10 20 41 19 96 42 34 8 12 56 7 100 57 9 
100 92 59 81 29 55 96 83 50 89 54 34 87 6 80 8 17 69 41 90 73 19 84 91 99 64 77 27 37 3 5 1 49 72 58 7 86 53 75 31 2 20 26 93 18 57 74 12 9 35 45 67 63 82 4 38 43 95 61 78 52 88 47 48 10 68 71 32 21 85 
72 99 41 60 76 30 23 66 19 94 43 37 40 83 91 42 38 90 14 81 51 8 84 62 92 63 79 98 10 100 5 7 65 53 70 80 55 28 11 18 64 49 6 24 78 73 4 77 45 39 85 50 36 29 44 56 52 9 1 87 21 27 46 74 69 31 93 
42 6 26 11 59 61 65 25 67 95 84 13 79 4 45 70 41 20 18 2 94 90 88 51 72 39 10 57 28 46 58 97 31 55 87 44 69 5 85 3 91 53 19 62 37 52 8 83 81 60 27 12 14 1 80 50 82 74 92 35 30 36 22 38 21 76 9 48 96 40 15 56 49 77 24 63 33 66 64 100 75 23 
66 88 44 39 78 17 10 89 82 25 47 29 22 1 30 98 57 37 5 72 48 31 84 49 92 32 24 21 86 11 36 40 59 87 20 69 81 14 79 70 33 23 60 73 94 41 42 96 34 77 28 12 74 100 43 65 9 46 45 16 62 15 13 53 71 55 26 67 3 68 97 51 99 76 54 90 63 
2 54 38 7 21 3 37 23 53 31 85 60 88 79 43 80 17 94 93 22 36 15 47 29 16 82 33 26 84 4 63 56 97 50 68 71 65 39 98 76 95 40 55 72 59 34 58 10 92 32 20 70 27 52 14 13 49 75 8 44 48 30 46 91 66 81 6 100 62 61 
48 95 72 4 7 90 57 88 74 42 51 26 61 21 50 3 34 37 99 70 77 49 55 30 71 45 73 44 11 31 17 92 39 18 6 91 46 94 68 100 12 22 41 52 15 81 56 79 87 25 69 66 60 58 1 76 85 40 89 33 63 83 14 82 24 97 10 19 67 53 28 35 
94 43 20 18 79 45 51 95 12 98 26 15 68 57 76 46 88 39 62 67 97 58 87 47 34 73 25 9 50 65 27 16 13 24 100 41 4 63 29 60 42 11 49 90 2 91 72 61 35 66 78 19 71 84 53 40 30 80 7 54 44 22 85 5 55 17 38 92 3 36 23 10 37 93 99 64 
98 23 83 56 58 7 92 94 6 89 44 20 66 35 51 8 84 47 13 5 75 28 77 43 26 39 82 80 3 54 76 85 68 64 53 45 29 32 91 96 63 99 97 74 73 67 72 1 21 31 37 33 78 93 62 46 42 38 52 65 55 48 71 25 14 19 24 9 11 18 61 40 12 30 34 90 86 88 79 17 
87 81 83 79 42 50 38 74 72 91 71 56 13 35 68 53 16 58 6 52 66 62 97 18 96 21 17 24 94 67 41 4 12 32 93 80 89 70 51 10 22 8 54 33 27 1 84 59 31 57 40 85 43 9 92 61 63 45 75 82 76 25 44 60 65 69 3 36 19 
87 2 47 37 83 20 66 72 26 95 92 81 99 98 23 28 17 27 61 75 50 33 52 79 100 34 18 89 97 85 29 70 69 44 68 88 14 65 96 11 8 54 9 21 56 46 64 22 90 48 62 4 80 77 16 49 25 12 74 39 60 94 45 86 32 36 43 67 1 55 73 
62 58 77 65 31 89 97 18 63 71 83 44 52 17 67 45 64 22 51 74 7 34 73 75 1 60 5 79 2 86 93 81 59 11 90 26 4 14 78 23 50 20 94 54 42 49 46 27 21 88 98 8 3 99 100 80 33 96 36 87 29 24 41 92 82 43 76 
93 97 35 99 84 3 6 20 47 38 57 72 15 11 77 71 58 31 34 66 94 85 14 60 88 53 4 18 52 25 46 17 50 61 65 13 87 39 78 28 41 80 30 69 92 90 64 56 24 89 37 12 76 63 79 98 42 59 68 70 9 96 86 62 48 81 75 73 2 82 83 21 7 44 100 19 40 22 8 55 45 67 51 
21 79 19 9 92 91 64 63 77 39 51 70 72 47 84 44 41 23 36 31 3 61 62 68 56 100 93 1 90 88 97 45 6 75 69 7 25 4 46 11 80 83 59 13 67 76 17 33 48 53 42 35 99 2 5 14 24 78 74 73 87 86 85 58 52 30 65 60 10 95 54 81 16 15 55 
60 38 98 12 42 64 49 54 34 78 37 30 61 33 17 47 93 8 69 36 58 2 70 79 45 53 94 20 100 81 50 96 77 55 16 68 88 65 91 87 31 66 76 63 13 6 72 83 9 26 22 5 10 86 62 24 82 97 51 84 18 4 48 59 46 80 1 
36 62 76 47 8 35 99 73 22 70 91 2 97 41 18 92 85 13 100 81 57 69 11 6 40 14 63 94 7 30 89 65 79 96 42 50 48 10 88 24 44 84 95 52 86 39 66 43 74 51 67 59 75 31 5 37 55 61 15 19 16 80 33 78 68 87 56 49 32 25 34 71 46 45 21 90 82 54 98 9 
98 57 13 47 20 19 10 21 52 84 67 14 1 18 3 49 61 62 86 27 2 50 8 99 89 79 46 17 65 88 96 11 16 42 81 70 45 35 54 82 29 63 39 53 34 94 75 40 78 77 5 92 66 74 43 97 28 71 32 83 26 38 76 55 90 59 9 56 64 22 93 33 12 73 7 
81 63 12 2 85 100 10 58 36 66 84 89 5 52 76 9 1 42 60 37 49 96 95 14 45 54 53 38 3 71 26 82 19 88 27 22 40 90 67 16 73 59 18 23 46 77 83 35 39 25 43 15 62 61 33 92 93 34 41 13 91 68 20 78 86 56 17 99 4 32 80 55 97 8 44 29 28 74 51 6 
87 94 64 99 18 65 63 44 33 19 79 97 2 42 54 23 24 77 15 67 83 10 82 96 80 9 71 95 47 53 86 34 92 78 8 51 14 52 88 55 89 91 1 31 7 43 30 62 5 59 13 81 29 56 36 69 41 4 45 93 22 50 38 48 11 3 57 73 39 
99 89 98 25 71 59 44 11 31 52 87 28 10 17 4 1 57 37 62 14 67 82 49 97 69 30 95 81 18 8 48 20 50 40 79 3 92 88 55 7 65 27 38 93 72 13 64 61 35 96 60 84 80 51 70 34 22 42 24 66 29 39 43 45 9 6 78 46 12 91 83 73 23 90 77 100 86 32 75 56 19 85 
3 9 96 68 66 7 47 90 33 71 4 49 24 35 21 28 63 1 32 80 62 73 98 78 10 86 87 75 18 95 5 25 41 13 84 14 43 52 15 42 30 31 55 89 22 37 8 93 26 50 56 39 20 100 46 67 65 53 58 85 6 81 64 54 92 94 61 69 12 48 19 59 83 88 29 36 45 44 91 82 70 
11 85 53 68 98 4 12 78 33 100 13 44 31 45 1 72 7 17 96 55 2 75 74 49 73 79 88 76 51 94 95 64 60 14 41 57 83 86 52 21 34 80 20 70 99 81 39 89 30 8 65 58 62 59 91 23 40 69 97 92 9 5 38 22 90 29 15 61 46 84 27 67 56 48 26 71 
98 59 55 11 25 82 94 17 72 23 39 90 52 63 84 89 14 9 56 5 86 74 96 93 32 76 51 73 49 42 83 1 57 4 80 29 68 58 7 31 95 99 44 81 62 10 24 47 8 18 27 19 65 77 100 34 67 46 48 79 69 21 13 28 40 16 92 71 97 75 38 
24 77 18 90 28 81 66 51 7 74 17 56 26 78 79 33 41 61 19 76 57 88 44 9 38 13 70 100 84 73 14 83 80 40 64 3 92 2 59 49 85 54 5 62 34 29 15 21 91 94 48 20 22 65 10 31 4 98 72 50 63 1 71 58 42 60 99 96 46 97 12 52 16 53 55 
68 12 22 36 58 74 7 97 46 37 41 1 55 15 75 35 44 32 81 62 6 13 66 69 73 33 43 98 9 86 23 16 60 47 51 83 52 11 45 4 50 79 96 89 53 30 40 5 39 82 70 80 17 64 54 65 31 95 2 28 59 57 78 42 77 19 72 10 94 88 76 61 49 21 26 84 
96 34 68 2 55 61 42 7 71 27 99 41 21 16 19 56 64 70 58 26 31 44 52 95 35 38 4 57 45 30 90 79 20 83 62 98 72 51 49 89 36 87 3 43 77 11 81 92 18 29 97 22 93 75 100 86 54 73 53 32 82 14 8 24 88 63 46 48 66 33 17 1 94 
19 16 67 66 91 42 76 1 41 65 14 97 30 60 21 51 68 55 98 11 23 94 77 61 26 31 70 12 75 81 85 47 78 35 5 83 84 20 7 99 100 62 10 73 59 90 43 48 18 29 44 9 3 22 50 37 92 2 33 49 80 54 38 45 53 63 71 36 74 17 6 57 64 
12 66 69 23 37 20 53 57 50 80 65 75 55 84 87 72 91 21 90 62 63 25 46 95 73 92 100 99 54 27 85 52 68 40 38 44 42 18 3 89 13 9 58 10 26 11 32 8 60 83 5 56 4 7 51 43 31 34 29 14 39 6 15 86 79 70 71 94 17 1 16 76 81 49 74 35 88 
80 34 25 20 3 21 98 9 100 50 75 73 95 81 71 56 59 70 90 88 31 17 33 39 82 65 62 38 78 49 23 86 41 67 63 1 13 45 74 43 66 27 94 87 83 69 2 29 52 11 44 37 91 97 22 7 18 26 58 32 36 5 99 89 61 12 64 76 14 6 60 40 28 57 16 30 79 72 96 
9 54 93 25 49 32 4 18 79 88 22 29 48 83 10 50 69 60 46 91 13 85 80 52 6 3 41 62 63 86 67 14 78 30 23 92 24 34 89 95 38 81 84 87 70 64 99 100 45 57 42 39 21 55 16 58 94 19 59 15 97 82 11 7 90 33 1 65 77 47 40 31 
9 37 46 84 64 32 36 62 81 14 67 34 52 59 2 1 50 76 20 4 38 82 86 74 68 89 85 35 41 27 48 11 58 7 40 23 22 25 17 83 73 16 53 39 97 79 77 42 69 29 63 95 10 12 100 24 21 96 91 70 3 33 26 18 75 13 92 66 45 56 31 5 47 99 19 55 
64 26 40 95 56 1 54 58 43 89 79 60 55 83 32 66 67 4 70 44 18 68 35 42 53 77 27 57 15 12 72 59 39 6 21 30 33 50 48 92 65 61 10 3 52 69 13 28 23 98 80 38 16 46 11 96 29 14 82 17 99 8 86 81 5 25 34 22 90 9 24 63 47 88 73 94 87 31 93 85 20 
77 35 16 68 71 17 63 72 37 70 48 2 85 11 76 1 39 81 6 7 27 33 94 96 84 86 73 29 54 5 91 99 69 51 43 25 36 74 56 19 62 75 90 41 10 50 98 79 80 9 4 44 83 92 30 82 78 38 53 22 52 93 61 20 59 89 88 26 55 95 21 24 65 34 28 67 13 60 18 31 57 45 
59 71 66 4 95 67 34 94 28 19 21 32 26 86 38 29 12 56 80 69 58 36 96 89 85 40 75 15 18 98 91 6 77 43 72 90 3 10 30 76 44 27 99 97 55 62 74 100 54 84 88 24 73 82 2 63 79 5 13 45 81 22 8 14 60 68 70 52 93 78 50 87 
95 69 17 8 33 86 75 58 36 2 68 65 28 35 29 43 88 85 26 46 19 79 39 77 13 15 3 4 22 55 44 18 78 100 37 83 52 70 5 1 80 51 7 34 60 97 66 32 14 59 64 6 71 62 90 20 50 87 24 27 63 89 94 61 45 9 96 91 40 49 56 81 12 84 67 
88 83 5 95 8 48 81 31 42 75 90 14 29 30 73 64 74 65 18 91 62 96 15 34 97 86 55 87 76 67 4 19 80 40 21 82 17 33 7 28 72 58 100 37 16 24 93 78 59 57 94 53 2 63 54 20 41 85 60 84 3 35 98 66 89 61 36 43 1 38 25 10 39 51 70 
83 91 55 69 96 15 61 16 46 81 99 19 80 33 5 28 7 82 93 30 45 94 43 24 86 34 10 90 72 11 70 95 1 54 77 9 3 67 68 63 64 41 78 12 57 40 4 56 32 71 84 38 74 21 98 97 48 25 62 8 26 87 47 58 53 20 92 42 100 66 23 29 17 13 44 37 
17 11 29 48 86 31 10 25 64 88 41 21 68 1 36 93 70 22 98 55 27 60 92 9 83 5 67 71 89 37 14 3 75 97 87 96 35 85 16 80 62 28 49 58 39 56 65 95 40 82 46 18 38 6 94 79 53 13 8 69 84 33 26 4 32 77 57 52 59 20 12 99 91 72 23 63 73 81 74 7 2 
85 46 96 57 38 17 22 59 20 67 98 77 66 83 100 14 95 39 12 51 74 61 71 11 75 78 32 58 16 90 73 99 36 37 80 65 29 15 68 60 30 41 3 81 9 33 48 23 2 45 26 70 27 62 69 93 31 25 5 7 79 91 92 47 4 1 34 24 89 35 43 19 44 42 63 76 82 8 97 
37 51 96 75 82 60 17 34 41 76 99 50 4 1 30 21 88 81 95 7 8 89 11 28 13 45 56 23 70 66 71 78 22 80 93 92 58 55 91 68 39 54 26 16 38 65 2 10 61 73 87 49 15 64 44 40 27 5 83 31 84 35 6 97 67 62 3 20 9 32 98 19 57 86 12 46 77 18 74 
82 12 8 3 30 90 84 78 27 21 29 11 15 31 38 95 94 97 63 58 47 50 6 40 34 19 59 46 7 66 71 68 39 81 23 2 25 18 79 88 86 75 43 28 24 73 80 57 49 60 53 22 56 1 65 67 32 74 55 72 77 14 70 96 4 45 37 41 61 83 
59 9 13 19 82 41 61 6 50 29 43 66 65 83 99 100 85 44 68 21 47 63 28 54 33 86 20 49 35 78 74 1 31 79 46 84 26 80 98 71 34 18 51 32 39 96 92 88 36 67 77 69 15 91 10 87 22 53 48 40 4 62 30 27 38 3 11 60 72 45 8 57 64 89 17 16 37 90 75 24 12 
99 6 30 1 58 67 91 53 78 90 44 24 83 4 42 60 39 100 54 32 2 88 12 98 76 61 29 27 17 9 89 19 93 45 73 26 48 10 77 41 34 20 65 23 33 35 97 37 74 95 36 63 72 7 85 3 59 8 87 71 47 16 51 14 57 50 13 68 96 31 64 46 22 69 
95 49 75 8 88 5 89 4 37 20 82 85 96 12 97 73 59 54 64 79 35 60 99 45 43 56 74 55 51 40 90 69 1 39 38 77 42 6 30 41 21 3 81 36 53 14 52 86 18 61 29 92 46 87 67 26 15 94 32 66 23 17 7 33 2 50 63 78 91 68 76 98 
89 78 79 63 17 9 81 28 92 35 37 12 96 94 80 52 22 27 72 49 13 2 31 19 11 67 50 66 7 47 44 14 20 6 39 56 48 42 25 4 10 84 1 51 69 88 53 91 74 77 23 59 73 45 41 34 71 61 62 38 36 87 97 15 90 54 43 99 100 3 93 26 86 21 82 68 5 76 
68 32 65 17 43 57 62 90 79 88 86 27 56 60 58 36 4 6 76 47 1 52 95 73 98 9 46 83 61 66 81 30 70 91 96 37 29 33 100 93 7 49 89 92 40 28 85 44 97 25 69 42 2 19 48 71 54 3 99 23 75 31 55 8 11 14 34 77 15 5 38 35 78 72 64 45 12 51 26 18 13 
6 26 55 94 11 89 41 76 51 63 7 16 13 73 38 79 90 8 14 49 28 10 24 100 75 21 19 40 77 20 9 27 86 31 25 53 72 46 70 12 4 37 48 95 35 57 17 56 54 33 80 74 87 47 61 52 85 43 2 45 59 67 81 18 5 66 3 62 23 78 64 42 
11 5 29 38 67 71 84 83 50 96 55 23 15 20 46 31 75 42 49 78 21 85 97 89 63 19 40 69 27 73 12 64 9 2 59 6 62 13 7 17 34 30 28 39 68 53 33 56 98 54 35 26 24 81 37 80 86 22 58 88 45 48 60 3 57 100 66 99 91 52 92 10 
76 58 50 87 41 1 49 52 70 48 67 26 29 74 75 4 95 55 18 68 53 38 37 97 12 66 33 44 46 6 43 16 91 83 42 71 35 19 34 23 3 61 79 31 89 5 10 36 72 92 32 94 27 28 96 22 81 98 14 65 30 63 47 25 90 60 39 99 21 88 73 59 51 40 24 84 17 82 
23 34 39 76 48 100 27 32 7 71 73 8 44 57 74 4 9 30 52 81 26 95 82 3 67 70 40 18 79 1 62 51 54 87 85 93 88 64 58 6 47 68 83 5 13 60 43 16 84 77 36 2 72 45 46 96 90 42 61 65 17 37 56 41 86 29 15 94 78 25 31 14 89 19 12 21 22 98 11 55 10 99 92 20 28 49 50 
86 49 38 65 74 88 92 22 76 53 45 17 83 67 26 33 16 43 56 91 78 25 50 96 44 42 37 90 57 13 1 15 2 94 70 27 59 81 21 79 24 12 72 10 30 55 95 99 61 48 34 100 6 28 7 73 60 75 8 40 89 98 87 71 97 39 14 63 85 69 82 32 35 93 66 51 
63 75 97 36 93 95 24 7 68 99 71 30 35 2 23 62 80 88 74 25 59 41 86 18 66 26 52 87 85 55 3 34 46 43 42 91 17 81 82 79 12 13 9 32 6 96 45 16 64 4 83 49 73 14 19 8 27 33 51 56 53 48 72 21 94 90 40 54 1 29 89 22 100 28 38 37 
82 100 18 39 45 40 19 24 84 64 74 91 30 77 55 94 52 14 26 78 49 65 44 12 1 41 96 3 89 33 85 7 2 88 5 59 75 99 8 34 47 23 90 37 16 31 22 83 58 92 79 97 29 50 38 72 10 60 48 62 53 13 54 42 28 68 6 17 11 93 81 61 73 20 21 4 57 
85 2 21 31 70 36 82 9 76 42 83 58 5 71 30 11 78 1 61 90 33 26 80 48 91 15 13 44 77 17 45 55 64 25 35 4 32 49 97 84 24 43 10 40 54 100 62 29 22 63 3 57 86 88 53 20 18 52 12 27 47 87 89 7 23 8 74 50 46 81 75 72 96 60 34 51 56 92 
9 62 57 72 93 26 48 88 11 34 20 51 100 5 47 13 89 76 69 94 35 81 63 14 24 53 8 28 55 41 92 2 97 98 58 91 50 29 22 19 44 3 40 31 39 90 78 66 52 54 96 84 1 56 38 59 83 15 36 7 79 65 18 27 70 45 73 23 21 75 80 61 46 
2 46 100 33 82 23 26 93 36 7 86 81 16 24 4 45 89 71 35 32 3 92 1 41 70 47 15 11 43 6 85 18 34 10 56 14 44 52 17 61 76 59 57 55 48 38 13 58 84 80 20 42 28 75 64 27 50 51 72 29 83 98 68 
72 5 10 1 44 77 37 45 89 63 26 46 60 42 79 16 47 38 3 86 99 67 82 12 59 34 49 88 92 8 53 90 30 95 50 29 83 4 94 13 76 62 33 9 35 28 93 2 19 51 81 96 73 97 69 54 84 24 100 78 18 75 40 52 68 39 87 64 20 43 27 17 23 74 48 85 41 
77 21 82 98 100 1 34 96 93 72 56 80 9 64 18 86 85 30 22 90 15 6 33 31 41 95 39 65 51 7 4 48 69 55 63 61 19 20 37 47 79 88 84 23 46 40 58 97 5 54 59 50 25 67 62 76 26 29 53 92 32 42 35 99 13 89 52 36 78 
74 56 19 88 50 55 58 85 49 36 21 66 80 45 84 47 13 97 62 94 1 81 79 11 42 38 82 64 91 96 60 20 73 71 70 93 87 63 41 98 15 77 22 27 18 68 67 75 65 90 8 16 92 24 39 33 9 26 95 17 89 54 46 4 51 28 3 59 10 2 83 100 37 86 23 35 69 
63 96 24 21 1 11 81 83 62 29 10 100 16 59 47 54 38 14 4 91 42 7 84 78 37 61 25 82 20 40 79 26 85 31 32 45 99 90 46 3 76 53 9 33 68 56 8 70 86 36 22 92 35 89 77 44 34 88 66 65 58 18 97 51 95 15 27 64 39 30 75 49 72 52 57 6 93 41 60 
20 15 22 44 38 40 79 18 3 63 70 55 83 30 65 24 64 50 82 14 67 72 31 99 62 96 80 97 27 9 53 37 16 29 17 23 46 51 60 84 12 13 100 25 91 47 56 1 8 49 94 92 52 87 41 86 88 66 36 42 95 57 2 54 77 10 35 58 
80 73 2 62 66 39 60 53 93 48 46 19 67 4 41 6 89 97 57 54 11 59 42 91 3 79 27 47 94 98 14 23 22 61 35 24 38 51 36 68 85 52 34 70 25 72 9 30 65 26 29 33 100 87 44 49 78 8 90 55 77 81 64 15 12 88 13 69 40 17 
69 21 18 47 67 56 53 17 83 38 73 16 3 78 77 44 20 99 97 100 42 52 5 28 64 22 26 70 68 13 11 62 35 40 6 58 71 91 96 12 79 98 80 92 95 60 90 49 93 46 25 30 23 27 41 88 8 59 9 19 81 31 36 86 57 14 37 63 29 
46 90 73 60 36 37 63 75 20 88 89 16 58 31 14 2 70 67 32 44 25 30 71 3 12 81 6 82 94 85 87 53 22 59 72 74 93 52 80 7 18 27 9 38 1 78 76 43 10 56 96 86 40 24 33 45 8 92 11 50 17 28 47 26 51 48 5 39 100 15 66 57 54 91 13 55 
42 56 13 31 92 18 90 52 26 88 49 57 10 75 58 15 2 32 12 25 84 34 53 95 93 79 43 77 4 97 54 85 55 100 64 96 83 86 91 67 71 60 22 76 68 16 73 38 89 46 80 27 21 30 61 66 28 47 50 33 63 35 70 14 3 29 37 6 8 5 82 48 40 59 98 
46 65 91 11 78 51 76 48 100 52 86 39 95 96 30 7 2 26 22 45 43 23 4 63 58 19 66 21 24 93 59 12 28 9 44 94 37 71 42 64 81 47 14 29 36 57 74 38 73 20 62 32 27 98 92 54 68 17 60 70 1 35 84 75 83 41 87 55 33 25 72 10 18 5 16 
87 78 55 58 50 68 5 51 97 48 7 85 17 47 77 26 34 21 11 82 22 69 42 24 3 89 98 35 94 43 1 37 45 72 10 8 61 41 65 67 95 88 54 46 53 75 38 15 19 81 12 60 92 40 91 25 4 49 29 100 71 84 90 36 83 27 28 74 6 76 32 52 16 23 33 31 
52 86 91 16 44 53 79 18 75 42 24 37 64 12 92 65 34 31 90 43 47 13 49 87 51 46 61 15 66 25 28 83 35 2 33 76 84 4 58 99 54 23 3 85 69 14 19 98 10 36 68 67 29 80 70 57 50 30 73 7 32 62 26 41 77 45 6 20 17 72 100 39 40 95 48 8 63 38 97 60 59 27 94 
62 29 78 6 44 98 20 71 45 90 10 25 64 23 31 55 63 30 97 42 11 92 74 53 3 50 70 99 66 96 5 95 49 84 52 65 17 88 13 73 38 77 93 36 34 91 47 57 12 54 46 18 28 67 19 22 80 32 58 7 15 72 33 26 39 100 51 94 69 43 1 85 
62 80 33 73 84 70 13 49 25 24 54 59 88 38 94 52 81 41 31 90 66 5 30 14 72 46 6 99 55 43 86 65 35 67 7 50 95 40 51 8 87 63 53 44 69 26 34 91 17 79 32 96 23 100 93 20 4 22 16 1 78 28 74 42 9 45 97 12 56 64 61 27 39 89 2 76 68 15 92 36 48 37 98 
99 80 31 37 8 44 71 16 58 38 48 68 34 21 30 23 46 63 74 19 93 69 22 41 18 4 81 67 100 66 29 40 51 89 79 27 90 2 70 35 85 98 53 28 82 14 9 5 26 17 11 61 15 73 87 54 72 96 50 10 78 62 55 43 6 88 36 1 83 33 49 7 95 47 97 
94 21 13 26 57 98 64 51 49 1 89 56 93 35 59 41 6 81 14 67 52 87 12 82 24 48 37 95 34 15 47 75 55 77 90 29 73 46 4 84 27 19 99 17 97 43 65 5 69 71 66 40 61 10 8 33 60 20 2 63 45 80 72 92 23 96 16 100 70 44 78 22 3 7 31 
12 47 74 70 48 18 57 22 91 95 4 34 88 59 31 78 89 83 28 53 32 79 15 5 61 46 24 54 98 60 38 100 65 33 45 55 76 51 71 90 39 97 50 43 6 63 41 94 93 96 44 36 27 14 49 1 26 25 69 67 10 73 72 30 42 29 35 77 64 92 11 58 81 
8 13 21 34 70 90 85 14 62 75 27 17 64 47 49 72 39 53 60 33 89 29 67 20 84 4 57 83 65 42 80 1 7 15 93 55 50 41 23 97 88 43 51 56 45 26 74 32 16 99 48 24 3 77 5 63 10 96 28 79 18 25 58 92 81 
87 15 83 73 30 55 63 58 80 68 21 11 18 48 4 38 97 34 84 33 20 54 46 22 77 78 66 89 43 96 61 72 93 49 35 67 56 64 65 94 37 8 17 27 31 57 19 53 82 71 42 70 76 32 86 6 7 41 24 9 5 100 2 28 51 12 98 26 59 45 39 47 25 74 75 29 62 
48 78 30 18 44 15 84 35 42 59 33 73 71 43 56 51 9 26 67 63 75 95 70 86 100 68 20 32 69 65 38 83 57 41 45 92 31 36 5 25 2 55 7 96 47 85 29 61 62 23 39 80 52 99 58 77 97 24 6 13 88 1 22 8 64 4 60 34 87 49 46 10 53 66 94 72 12 98 
82 86 17 56 87 2 75 98 73 57 29 25 60 63 39 81 33 97 48 14 95 36 16 55 77 58 83 68 49 37 30 20 67 11 31 72 43 66 1 9 84 22 10 45 15 62 47 27 3 80 46 76 6 64 18 59 35 34 26 7 21 85 94 91 40 71 50 54 24 100 65 52 41 70 42 99 78 
35 16 7 57 27 48 37 40 33 55 82 59 68 28 44 92 4 78 42 74 75 11 19 52 62 43 76 15 46 93 3 61 97 99 20 66 17 10 83 6 72 1 22 51 86 23 77 9 2 31 67 49 90 41 80 73 65 56 34 79 13 50 58 53 47 29 21 95 81 64 100 94 32 98 
16 5 78 44 23 68 58 59 83 81 53 37 69 91 13 74 30 41 71 99 39 3 86 51 72 17 46 55 31 20 64 52 61 33 93 63 15 14 96 76 89 97 18 87 62 70 34 9 32 36 21 82 26 12 27 22 7 94 66 85 67 45 50 77 1 95 57 79 19 29 80 24 43 98 40 73 10 8 35 25 
72 2 25 6 9 45 49 58 71 36 31 5 50 1 65 97 8 73 84 30 39 53 100 3 11 96 79 91 43 32 82 98 76 34 46 26 14 21 28 13 85 68 88 69 51 64 95 10 70 92 4 66 15 33 12 77 99 27 59 78 87 56 63 23 83 52 16 75 86 47 22 19 
23 24 12 40 39 19 41 29 37 68 70 17 91 82 51 80 34 50 3 20 43 98 47 2 18 42 60 72 36 38 62 54 100 63 88 32 49 22 5 85 1 74 9 92 58 46 83 25 86 79 8 75 65 57 6 64 35 99 66 90 26 81 4 28 21 48 95 30 45 77 11 89 16 97 
60 56 70 83 82 50 86 57 42 21 89 51 11 93 20 52 92 27 41 48 2 33 71 81 47 14 45 59 72 54 53 79 24 8 62 38 7 32 9 36 46 63 15 74 13 96 80 100 44 76 91 39 85 90 65 64 78 35 29 31 34 73 17 43 94 98 10 49 84 19 
88 28 48 10 23 95 29 79 67 12 1 13 62 72 55 9 70 93 65 38 59 30 47 84 92 33 58 89 99 53 45 31 61 44 87 22 14 52 15 64 18 66 85 83 86 54 34 77 78 37 35 68 50 39 51 56 98 49 6 24 57 74 36 42 11 5 17 71 46 100 4 25 76 2 73 97 26 32 82 8 63 
70 94 85 37 7 49 3 17 39 92 64 43 9 90 23 76 80 21 38 10 12 81 27 20 59 74 54 30 84 82 68 24 91 47 98 88 71 51 52 33 44 72 36 100 53 50 40 67 14 26 22 65 57 61 18 62 31 58 32 56 73 93 29 19 96 48 75 78 35 89 25 11 86 87 66 13 28 42 6 83 
26 36 29 93 45 85 47 11 3 34 86 97 9 52 89 71 7 84 96 62 42 28 88 78 4 100 22 55 53 12 13 33 83 30 5 6 40 69 38 92 19 63 14 79 35 24 37 21 94 56 8 80 72 18 64 95 46 39 76 75 81 57 82 2 50 25 91 16 49 68 90 59 51 61 
70 89 58 52 61 25 27 13 41 63 45 32 5 8 30 42 93 74 50 64 2 83 40 44 6 46 73 66 4 51 33 65 53 10 16 76 36 21 15 84 20 81 37 9 59 71 26 43 47 35 91 90 24 57 18 100 56 62 7 55 94 96 85 29 12 22 31 92 39 87 14 82 
77 70 7 48 24 81 14 50 90 86 82 17 3 75 37 69 56 44 74 25 67 6 29 98 97 94 65 52 5 71 31 60 36 88 27 83 26 40 43 91 72 42 41 19 21 35 84 96 47 89 61 20 55 93 49 11 73 63 79 15 12 95 33 16 66 2 34 58 80 76 85 99 59 28 39 68 18 78 13 9 64 
