100
86 63 12 66 73 67 6 88 59 15 57 64 20 7 3 78 89 26 74 93 32 46 62 68 2 29 95 
69 56 1 99 10 24 57 59 89 31 98 15 42 7 72 52 74 26 91 46 88 41 8 
53 11 88 87 45 32 1 61 55 60 100 67 10 74 98 56 12 23 76 29 26 86 27 52 
57 72 76 55 81 11 79 85 56 92 59 14 62 89 42 5 19 15 9 51 63 78 43 64 
63 91 11 66 13 48 7 36 53 55 18 77 6 62 74 69 54 78 4 45 87 61 10 70 95 65 
64 82 83 30 26 12 16 5 74 1 88 55 91 80 66 75 100 54 40 18 
5 21 89 60 75 13 97 100 58 95 71 46 10 2 11 42 61 49 27 1 51 38 86 
76 70 80 10 13 44 87 25 48 77 60 34 50 46 67 96 19 53 95 65 81 36 98 90 24 78 30 2 37 66 20 83 33 12 64 
60 85 92 34 47 15 39 42 57 4 45 22 20 44 63 70 98 88 84 
7 19 85 59 2 80 21 75 100 93 27 45 67 12 86 42 72 70 18 5 3 65 8 
7 5 73 95 27 64 52 59 46 45 3 4 89 97 13 90 53 79 65 75 32 34 25 60 87 91 71 28 29 
94 80 6 76 61 3 70 91 8 51 20 79 87 98 73 1 83 97 60 10 66 36 64 21 
31 27 26 7 87 78 77 20 22 72 5 83 41 44 52 8 80 11 43 58 46 81 71 23 17 37 63 85 62 
69 23 100 46 31 96 81 20 54 64 92 47 40 59 18 24 36 4 65 48 38 37 98 88 
9 90 79 35 99 4 49 22 40 38 91 59 25 2 84 83 80 82 100 23 19 85 1 47 43 54 24 
37 63 50 64 29 97 47 6 66 70 53 71 61 78 69 34 84 99 60 79 100 88 44 
93 13 59 87 61 92 63 88 39 66 73 90 79 51 36 48 29 31 50 62 
63 10 99 5 40 46 53 14 93 90 74 36 54 65 91 6 98 78 60 58 37 23 43 
66 10 22 77 55 31 78 50 98 52 27 8 70 73 23 20 56 51 30 29 15 57 83 54 58 4 
57 95 25 8 14 22 19 81 99 28 9 55 44 13 30 12 66 1 27 100 88 
10 71 56 52 26 91 7 40 90 36 89 61 47 23 46 39 12 76 79 93 95 59 53 55 96 99 
34 13 19 31 61 77 69 15 32 20 57 84 9 94 66 24 58 64 45 95 93 50 98 100 56 23 43 96 26 85 81 
22 21 24 18 13 15 65 14 3 19 27 34 64 37 93 92 39 54 95 55 53 75 74 79 
27 57 55 61 15 97 59 37 72 93 78 25 44 23 40 8 76 14 47 2 22 
20 93 49 94 11 91 69 24 76 47 37 36 15 39 38 51 54 45 63 97 46 41 8 
66 34 100 1 6 59 36 94 87 2 74 54 95 56 13 91 42 85 60 29 21 3 38 22 61 53 77 50 35 
76 7 65 13 64 98 68 24 82 62 20 50 31 3 66 77 36 46 94 63 34 35 91 23 79 78 75 73 56 28 93 19 10 96 11 
31 44 52 46 84 39 83 33 54 73 59 88 20 35 96 27 67 37 51 11 94 
74 87 56 55 72 59 3 17 19 1 26 11 60 34 83 45 69 30 16 96 78 38 70 99 
68 19 40 33 90 6 95 20 80 29 57 75 92 100 42 50 52 98 8 36 
71 43 80 13 28 37 17 2 61 14 49 19 90 39 46 87 36 79 92 27 84 22 44 82 93 
1 96 70 61 45 3 22 64 80 92 99 73 63 100 44 11 42 82 93 91 90 94 65 66 
90 46 47 55 51 88 42 39 64 28 86 8 97 74 75 89 30 
94 37 57 16 35 70 92 66 83 93 23 29 55 63 11 97 86 69 27 75 45 54 22 96 53 91 26 42 8 9 59 
28 34 27 38 95 65 55 58 44 81 39 36 89 26 15 88 79 91 52 69 80 
73 27 54 12 25 75 96 14 5 77 26 100 82 57 98 95 70 97 68 35 21 17 99 76 8 88 80 43 92 30 31 18 
65 16 39 77 44 13 25 31 24 75 45 8 100 97 87 82 28 34 14 18 23 54 
56 39 62 14 7 95 40 35 59 26 15 25 41 48 81 74 55 29 
17 68 33 38 64 9 49 28 25 31 37 56 72 23 35 84 62 21 51 66 82 74 79 58 91 
18 46 62 6 55 85 70 97 14 93 69 45 51 52 30 65 80 21 24 15 87 38 99 56 
13 25 56 86 80 54 38 87 74 75 92 99 2 42 
47 26 87 93 9 84 53 33 74 85 43 4 51 98 34 83 67 10 71 30 7 41 65 2 32 
4 88 31 48 13 92 56 90 85 72 80 46 22 42 66 36 95 100 15 18 86 75 97 60 74 81 76 69 
99 32 28 58 67 24 63 13 31 20 56 88 37 35 78 84 9 16 8 
3 95 90 34 80 40 9 11 5 60 22 64 37 77 93 70 87 10 63 61 32 67 25 51 29 
61 51 8 74 31 21 11 75 25 1 2 95 96 7 82 55 86 87 47 56 18 43 40 98 70 14 28 13 85 54 33 91 27 
73 15 33 67 82 14 25 21 88 97 16 85 42 9 46 72 57 24 92 
57 68 99 80 85 52 65 54 5 50 14 8 43 72 63 51 73 17 87 90 38 
15 63 31 96 65 90 77 25 68 78 92 39 61 55 87 7 58 
51 54 60 8 55 71 48 30 16 27 57 90 26 75 78 99 86 22 81 65 19 17 84 63 
100 84 67 94 40 39 48 19 12 79 81 45 88 90 97 4 33 62 89 50 63 42 46 52 61 7 28 25 17 
2 72 35 54 87 84 62 81 19 51 3 40 57 21 28 76 13 11 85 30 61 48 96 82 
75 18 3 87 94 16 93 68 21 26 91 5 96 34 11 8 86 90 74 77 61 73 23 42 
15 59 28 50 34 46 93 87 6 41 19 76 52 65 14 23 18 36 79 97 25 86 5 26 48 72 62 37 99 
38 35 50 46 23 19 20 49 68 21 29 24 78 33 3 4 40 57 99 59 34 67 73 5 6 
26 39 27 21 4 3 2 83 65 43 19 79 41 76 72 44 66 38 22 90 95 29 46 40 
34 98 66 20 19 1 9 94 79 52 65 89 4 22 30 36 2 55 69 48 24 50 47 
49 81 75 68 44 98 69 19 18 35 22 39 82 99 80 7 90 94 13 
89 11 61 55 77 26 34 38 97 28 80 87 54 29 24 15 94 73 2 4 62 10 14 17 82 21 1 78 
8 18 91 45 11 67 64 70 29 7 12 3 68 9 16 50 26 43 
90 83 49 52 89 53 97 7 12 95 63 93 26 80 5 32 85 17 59 21 31 45 51 46 24 16 3 82 22 
88 40 1 13 4 27 90 65 17 5 38 54 52 63 74 94 71 39 59 69 51 
27 17 45 90 18 44 51 16 83 78 5 1 9 25 49 92 88 34 32 48 99 91 4 62 50 61 13 
77 12 6 16 27 96 33 22 70 8 32 14 76 11 1 23 39 89 4 60 97 45 
56 8 80 23 18 40 11 57 27 54 48 10 70 5 92 98 35 96 97 49 14 32 62 50 99 37 42 
16 98 5 99 22 57 32 20 1 39 69 56 43 89 94 26 68 6 95 8 19 87 34 27 75 17 86 12 
10 28 55 42 8 88 94 47 44 60 92 45 81 1 87 51 74 78 70 3 
55 1 87 27 58 75 66 36 49 60 53 80 94 48 30 82 100 98 39 
73 98 5 62 25 22 14 95 78 96 66 29 94 58 84 82 83 100 40 89 43 34 16 35 2 88 57 
89 95 76 9 88 45 32 67 60 34 75 64 40 8 96 19 16 29 65 12 87 74 36 91 10 90 92 46 5 98 
31 16 7 21 90 77 83 73 92 13 62 11 72 50 97 42 98 
2 47 48 10 39 56 24 71 43 90 80 96 92 29 52 91 95 13 79 54 4 84 
48 94 47 32 19 84 28 71 100 55 93 27 36 12 59 17 1 69 11 74 88 53 
87 23 1 73 100 2 5 26 78 42 43 62 93 67 53 38 84 18 98 6 33 29 95 3 41 46 70 39 
93 23 83 7 6 99 53 36 33 34 30 46 50 27 37 81 41 10 98 79 58 68 11 66 77 86 43 70 
21 4 8 78 81 36 54 43 77 84 27 70 24 52 25 85 88 64 3 12 56 
37 100 27 94 75 86 53 45 64 93 85 49 22 71 76 83 8 87 19 36 13 5 59 26 
89 63 95 19 29 59 67 18 50 76 27 74 44 24 55 90 5 79 69 8 16 13 49 1 4 98 
78 31 51 11 72 75 27 39 15 94 86 93 12 16 23 56 35 54 17 4 57 21 
61 32 30 35 31 100 6 58 91 10 15 59 13 43 48 88 40 45 68 12 72 65 36 8 41 81 
96 94 51 13 14 52 80 75 4 87 22 35 8 76 43 20 50 38 58 86 67 
37 68 32 6 58 92 31 69 39 52 59 96 61 27 86 15 36 47 46 99 
63 15 8 61 75 69 34 13 29 28 6 12 42 56 19 77 71 
44 15 22 72 99 42 73 51 76 52 50 39 96 69 16 31 74 28 98 9 95 
4 100 15 61 77 9 86 87 48 13 47 93 40 26 43 91 46 42 52 10 76 22 
50 79 53 7 75 77 66 43 85 33 54 88 41 10 46 82 81 95 97 1 3 34 93 96 
81 92 29 46 68 98 40 52 67 66 59 41 12 11 48 91 53 77 42 13 8 74 26 70 3 54 5 37 45 31 85 49 17 
76 36 3 14 28 16 2 91 51 86 69 63 6 35 67 70 1 20 17 33 44 73 62 47 43 80 99 9 
59 64 7 11 66 70 51 69 33 1 4 61 21 57 78 35 2 
17 50 58 48 32 33 71 98 49 62 15 63 51 31 30 56 21 78 11 61 70 8 92 53 72 43 18 45 
60 70 2 12 6 87 18 15 35 53 27 21 63 5 32 46 11 26 85 72 39 25 80 34 88 
67 41 17 14 63 31 82 71 34 47 49 4 9 30 65 93 90 36 23 32 43 95 87 70 72 
85 98 45 77 1 92 27 25 24 61 42 34 23 10 40 31 74 99 17 22 54 75 86 32 53 79 21 18 73 
73 67 57 77 66 58 32 69 59 53 81 62 26 97 68 34 22 100 95 28 51 27 25 79 12 
78 84 11 74 30 1 70 66 8 97 69 43 46 5 56 21 45 61 22 94 38 86 72 36 92 7 26 35 23 20 
69 65 84 34 70 86 49 8 36 53 14 64 46 32 52 81 28 72 22 98 21 82 29 27 
7 94 54 16 25 47 86 95 61 59 33 24 37 65 11 51 43 36 34 12 71 64 40 
66 84 90 3 46 68 14 8 2 30 75 78 70 65 22 58 9 71 18 69 57 74 27 93 12 87 19 96 36 42 
16 2 82 18 44 50 32 63 36 29 21 40 93 65 55 66 41 54 88 84 20 58 15 75 48 
51 6 30 7 15 26 85 16 68 36 69 3 10 94 73 43 74 14 32 37 22 80 77 20 