100
62 56 24 85 13 12 14 95 93 5 92 52 68 19 48 82 81 66 49 57 76 33 31 39 51 35 74 61 41 70 15 37 45 10 67 23 73 50 90 3 16 97 8 47 26 30 87 59 78 27 79 80 63 83 96 86 38 17 88 99 29 20 22 21 71 77 32 69 75 34 46 42 40 98 
82 70 15 13 7 61 66 23 100 24 54 79 18 62 39 33 36 25 9 21 90 55 51 98 76 12 5 10 48 31 88 43 14 96 65 87 38 52 97 34 3 29 27 84 80 85 69 26 6 50 99 47 22 73 8 57 44 72 75 32 95 37 17 67 35 91 92 46 71 19 
39 52 95 31 43 1 13 54 86 12 60 38 16 64 44 96 23 93 82 4 32 24 34 83 22 58 73 2 18 41 94 45 81 46 100 91 90 50 99 66 35 88 42 70 78 72 27 20 59 36 26 30 55 25 76 17 6 48 19 14 53 10 56 89 40 98 28 68 92 69 33 57 74 63 62 21 79 9 75 71 85 29 11 
24 15 82 97 64 31 70 44 91 58 100 88 34 38 96 74 79 49 69 7 27 78 43 8 83 50 53 46 57 86 30 90 99 75 68 28 63 52 80 42 32 3 39 93 72 55 61 95 20 29 56 89 14 51 62 36 47 73 10 84 66 98 22 92 33 26 40 37 54 76 77 60 18 67 12 
74 9 56 91 11 33 12 25 41 85 99 42 63 78 39 49 66 87 51 44 65 37 22 88 32 46 45 52 86 1 50 59 81 72 76 48 2 94 82 13 62 89 80 34 43 90 83 93 26 68 92 97 70 54 69 71 24 98 27 20 60 84 8 64 40 30 23 6 75 18 31 21 77 
82 77 22 56 13 25 89 54 57 18 64 46 72 41 49 3 30 80 9 75 94 8 69 15 24 78 11 63 16 97 91 86 62 47 70 60 81 55 44 37 38 26 87 32 31 83 27 76 39 10 61 96 35 33 20 53 5 88 21 28 84 45 2 74 52 73 67 51 85 12 68 
81 83 27 36 54 32 71 34 67 10 64 53 16 52 86 28 47 84 9 72 25 12 75 98 41 8 55 78 22 51 38 94 80 50 31 48 85 29 2 70 4 89 99 40 95 91 35 62 76 24 33 69 18 23 77 60 21 20 58 44 96 74 68 73 30 88 65 66 14 59 
94 12 91 14 60 49 47 24 41 81 31 65 84 98 18 23 30 42 82 33 22 62 74 59 7 99 93 40 92 19 13 66 63 39 100 61 46 97 48 55 37 68 56 21 35 5 26 69 43 70 6 28 72 27 67 64 71 2 89 87 1 96 15 38 51 17 9 85 4 11 10 54 86 32 90 52 83 
55 86 93 98 45 90 62 52 43 89 38 59 15 8 20 80 3 40 36 37 48 54 58 77 97 47 87 29 75 32 34 19 70 71 16 76 12 7 25 24 69 84 31 79 50 67 49 65 63 5 17 23 21 85 81 94 42 6 95 88 18 14 30 13 26 39 82 22 2 35 66 73 100 64 83 41 72 46 
75 26 74 43 61 87 45 44 69 46 48 7 80 38 3 66 11 94 97 47 18 100 55 85 27 77 53 83 78 70 25 22 68 8 76 63 12 79 67 31 35 1 34 56 20 73 88 59 86 90 32 23 2 60 39 89 92 91 21 62 6 4 72 64 15 19 95 37 13 99 
16 89 44 38 67 98 41 26 14 3 42 79 43 78 35 20 90 83 49 15 47 62 8 65 30 51 5 66 13 86 53 71 69 29 81 31 73 97 95 17 56 93 70 99 46 74 59 12 22 57 50 61 82 6 23 37 10 96 92 24 33 25 45 60 52 100 68 58 80 48 88 84 21 91 77 40 64 
81 77 17 6 59 32 27 51 95 74 54 99 45 96 23 38 24 86 19 15 28 39 1 75 10 3 47 72 4 18 50 65 49 92 76 8 2 5 46 25 91 90 83 71 61 97 56 80 82 40 9 57 88 34 63 85 20 43 21 7 44 100 22 78 14 87 16 60 11 30 70 41 53 
39 16 48 2 90 82 44 38 22 20 100 62 8 91 76 32 63 43 9 97 80 15 74 27 3 23 40 11 19 79 10 56 50 49 70 93 17 71 84 94 59 42 61 21 57 75 69 86 35 28 68 1 6 77 47 37 87 25 34 96 72 30 66 64 60 89 58 5 83 81 54 26 73 31 53 52 
87 55 62 52 26 21 31 51 35 8 2 28 25 83 71 99 11 90 66 53 16 85 19 59 96 95 58 73 84 44 41 45 89 86 77 24 88 38 12 94 18 91 63 92 33 68 30 56 60 20 67 7 78 70 9 65 75 1 23 40 74 54 4 97 50 64 72 69 3 
83 40 23 67 94 31 71 89 88 4 86 85 51 32 34 27 65 24 69 20 92 87 77 6 37 28 61 84 42 100 33 95 82 17 1 13 43 58 38 74 64 66 44 12 26 48 45 29 8 21 46 49 75 93 11 19 68 81 10 60 62 9 36 56 90 41 99 70 50 52 2 59 54 80 91 30 39 35 97 57 98 73 
49 31 55 66 59 43 98 99 44 56 96 91 76 18 54 70 78 40 39 32 23 58 63 95 87 46 65 7 64 42 11 69 60 92 94 50 12 53 20 47 71 85 48 77 84 45 19 9 14 80 97 27 28 75 30 93 57 82 6 62 33 1 3 88 72 83 90 21 52 68 35 25 13 26 86 
67 84 12 58 96 79 90 2 69 75 44 42 21 51 31 85 19 71 8 100 40 24 3 22 82 29 62 99 87 89 20 34 9 41 92 65 37 45 18 33 1 60 91 23 70 11 97 81 36 39 55 15 13 78 94 86 59 25 30 54 43 73 26 93 80 77 38 66 76 57 95 35 72 98 
10 36 83 63 93 60 20 90 65 19 71 47 9 100 21 97 92 78 24 67 17 7 86 79 26 73 39 88 57 34 46 4 40 8 81 12 80 6 75 14 95 89 5 54 94 91 64 98 31 72 42 16 70 49 55 45 52 53 33 2 51 29 43 62 22 77 76 58 25 96 3 59 
48 97 81 16 1 82 74 100 9 63 77 24 27 47 29 91 64 99 76 62 70 88 35 18 15 83 98 44 37 39 14 49 94 61 13 12 72 32 31 30 17 42 3 90 52 87 65 38 80 89 54 58 78 26 10 66 67 28 8 33 55 23 73 96 93 25 21 2 36 57 22 56 79 34 60 
46 45 6 59 93 97 11 72 17 32 78 43 13 16 36 75 51 4 25 74 31 92 70 69 82 52 56 15 64 85 99 58 33 9 12 26 38 18 42 88 7 79 21 14 98 65 41 73 50 27 28 5 71 89 44 54 29 3 40 37 66 95 1 10 91 61 68 39 60 47 96 49 30 86 23 
61 24 23 16 20 1 5 55 49 53 68 11 60 46 64 87 52 10 26 70 81 80 42 30 44 29 59 86 82 45 15 62 69 9 25 78 19 2 66 63 32 41 7 17 91 12 88 28 74 43 50 79 83 14 89 56 71 34 18 84 3 65 94 8 13 100 95 51 6 96 48 58 22 38 
26 83 36 48 84 92 12 1 56 69 91 49 8 86 34 33 94 71 9 88 76 6 61 87 98 80 5 42 35 11 70 44 54 57 24 7 3 2 64 40 19 55 46 41 47 43 21 62 95 31 96 28 4 81 29 38 67 18 59 68 27 97 100 17 73 30 37 66 13 39 23 10 63 65 45 
97 64 62 86 90 37 65 2 89 46 76 27 94 68 52 38 77 43 25 24 26 32 84 16 72 9 66 8 96 54 58 50 93 91 7 80 78 71 95 13 17 82 12 81 41 29 56 19 1 70 30 83 63 59 33 67 20 55 69 61 75 45 15 21 60 92 28 85 42 11 31 22 51 79 99 39 5 10 73 14 3 
51 33 97 9 100 19 27 8 57 15 68 22 94 50 65 86 54 58 85 87 3 55 1 23 67 44 88 79 71 52 7 45 21 37 91 64 6 42 59 76 95 34 2 66 29 80 4 17 62 61 74 49 31 12 90 96 14 89 83 53 11 26 18 48 75 56 70 5 40 
49 88 11 90 35 10 89 19 18 36 58 46 14 23 55 70 13 85 69 77 32 81 31 62 82 96 21 26 73 42 56 75 59 66 33 71 65 2 9 99 12 48 17 6 43 57 41 34 98 16 51 3 7 93 78 63 52 68 5 87 45 84 83 44 27 20 92 
31 9 13 30 23 43 16 44 20 2 39 98 51 21 36 49 59 15 40 33 29 45 97 95 92 71 99 83 37 50 14 63 55 27 80 65 47 3 24 90 77 86 35 70 6 66 4 73 42 22 88 11 32 87 78 57 28 61 19 96 76 79 46 10 17 81 85 1 25 54 64 56 82 100 75 5 8 34 67 91 18 
36 85 5 54 97 8 76 70 77 22 92 12 74 25 60 96 6 2 13 66 1 71 69 50 62 52 48 23 87 61 79 73 3 31 56 59 32 47 57 95 91 99 83 80 67 58 34 10 81 28 64 26 24 65 84 68 42 7 19 4 100 33 94 35 49 16 30 51 72 39 20 82 29 89 15 41 
22 90 69 77 55 12 76 27 71 98 62 47 75 79 20 31 50 23 3 30 53 78 13 89 61 14 60 87 100 66 97 21 16 83 48 39 91 81 73 56 59 63 57 38 15 94 40 29 7 6 64 74 42 92 46 34 99 8 93 52 4 33 84 67 80 41 26 19 
53 39 37 17 46 79 82 3 78 50 56 84 67 7 24 41 70 60 90 59 74 21 73 87 42 100 89 58 9 66 97 75 49 63 27 69 88 20 31 61 76 15 51 98 99 36 64 26 4 77 34 11 33 28 52 43 93 40 2 83 47 80 35 45 94 22 19 30 48 1 38 86 55 62 18 23 44 
1 8 60 20 87 88 81 19 93 63 15 3 52 4 57 100 92 48 43 96 75 26 41 13 90 16 98 29 40 21 74 64 28 80 78 36 5 72 68 17 22 9 97 6 83 89 58 38 71 54 61 65 44 79 82 94 77 12 23 53 7 14 91 11 56 85 67 27 59 49 76 99 42 
100 78 29 42 72 80 49 13 64 36 5 53 52 63 4 55 87 23 7 16 2 22 92 43 99 45 90 75 19 8 14 20 24 81 9 67 91 11 76 54 84 98 26 6 69 50 40 18 96 65 48 1 71 25 32 89 70 44 3 38 28 58 10 51 79 83 59 46 15 93 57 94 27 82 86 73 17 77 62 
46 42 49 7 44 60 38 5 99 92 23 53 98 16 20 51 37 19 9 90 59 4 77 25 3 8 13 43 93 63 97 2 10 64 95 34 1 15 82 68 81 50 21 65 12 27 72 54 39 100 91 62 71 36 94 40 88 58 76 48 85 67 75 74 55 41 31 6 79 87 26 84 
91 71 6 50 92 28 64 58 65 37 99 39 59 68 49 7 62 89 1 48 52 25 8 83 86 57 15 14 76 80 70 16 96 18 20 90 45 84 40 61 60 46 41 36 95 24 82 19 69 11 23 43 75 51 81 2 72 44 5 47 67 66 29 3 17 54 79 22 38 26 27 4 
96 28 24 43 10 94 50 60 52 39 29 64 45 73 37 3 74 47 7 97 78 17 32 99 61 91 44 100 75 63 53 70 87 83 18 4 92 89 71 15 59 1 65 12 40 51 9 26 42 22 80 90 72 81 19 84 48 25 21 2 5 62 93 98 27 67 88 57 54 13 
15 72 88 98 8 84 7 14 89 10 29 13 48 11 96 69 56 80 46 85 83 16 100 65 43 6 17 53 73 37 41 42 91 19 77 52 68 86 94 63 59 27 26 92 36 1 51 81 58 22 67 9 3 78 93 25 76 95 2 47 99 57 38 54 
93 35 9 43 58 62 26 67 81 63 75 57 47 41 22 97 17 90 71 37 56 61 89 51 2 31 19 20 4 44 91 33 18 46 85 95 92 82 25 66 99 87 76 69 79 3 65 96 30 86 50 40 64 42 83 32 55 52 100 15 70 49 77 45 7 29 27 54 
4 79 20 69 39 47 36 10 100 78 49 6 94 35 22 85 41 13 45 23 1 29 98 38 40 43 54 24 9 65 96 77 52 56 32 61 72 2 34 82 93 48 80 53 57 81 74 60 86 33 26 55 97 95 50 8 66 5 17 42 71 92 75 90 19 59 15 83 44 89 51 11 63 87 
93 6 2 91 56 68 15 3 12 97 31 13 30 83 48 54 61 88 58 50 64 46 71 87 90 40 69 35 21 23 77 33 86 14 4 11 20 1 63 29 42 10 96 7 32 28 84 65 60 95 9 19 81 55 85 72 79 37 89 57 75 76 17 8 100 41 44 94 80 67 22 
77 47 33 37 78 16 49 50 22 64 6 69 3 65 80 91 20 5 63 12 67 85 17 1 10 98 45 56 90 62 54 55 93 9 70 61 68 87 28 13 94 52 8 59 51 81 46 34 29 19 2 88 23 73 15 57 4 86 44 99 27 58 66 100 32 53 48 26 18 92 75 60 43 42 
58 87 22 54 67 16 55 57 52 18 65 46 7 70 30 50 79 99 59 36 41 13 17 76 12 4 44 88 33 24 14 26 61 100 71 74 9 63 60 77 64 89 38 97 73 85 94 68 29 15 62 20 8 28 75 90 32 3 34 31 11 49 1 84 5 86 66 72 37 98 93 82 
70 64 15 49 7 91 100 37 6 33 74 20 50 9 78 25 5 90 68 96 56 27 82 89 80 44 84 40 8 29 3 45 85 21 22 60 14 54 38 43 51 36 62 99 47 57 92 86 88 72 12 11 35 17 69 66 58 32 30 23 98 65 61 28 67 1 77 
60 71 79 49 93 69 30 37 26 28 17 65 43 5 21 66 67 76 23 75 4 95 29 13 1 64 16 8 96 11 100 34 22 19 68 45 89 52 77 80 36 58 92 47 32 46 27 38 18 25 53 39 20 3 9 73 48 86 57 91 35 31 55 24 94 87 15 99 63 70 
34 60 3 11 69 52 17 79 65 45 9 73 35 100 41 83 15 37 59 90 29 23 48 31 95 26 8 42 93 18 39 86 91 12 16 25 50 13 58 51 30 47 20 68 77 71 49 32 2 33 64 99 22 10 54 85 74 92 57 36 63 82 53 44 88 80 5 61 98 70 89 21 75 66 4 
3 22 65 47 83 11 17 71 93 14 68 15 99 70 75 57 88 31 16 94 74 19 80 58 32 59 81 98 12 69 4 49 36 29 10 2 62 39 97 52 41 77 72 66 20 46 90 84 55 13 50 38 30 95 26 40 76 79 25 48 85 100 92 7 63 6 24 21 89 91 33 43 64 53 37 34 78 54 5 87 
41 12 22 10 89 46 94 14 31 21 53 79 84 64 96 65 17 87 37 33 3 48 100 25 58 82 71 51 16 55 1 68 9 69 66 81 70 60 73 95 80 92 23 77 26 11 49 36 42 74 5 34 86 62 88 15 39 91 97 50 90 43 29 6 20 24 18 93 72 
48 35 85 22 55 81 79 100 76 78 40 26 16 45 10 12 1 90 23 9 68 44 92 91 8 47 2 42 96 21 49 25 4 31 33 69 36 70 38 51 66 97 82 3 67 87 5 18 29 95 59 99 39 11 58 62 64 74 71 6 83 32 60 28 56 20 72 50 80 57 15 86 63 
81 44 93 69 11 78 84 12 33 55 51 22 79 67 10 70 35 16 9 26 13 39 41 87 4 85 19 28 58 34 64 74 77 65 92 76 36 18 59 63 6 42 97 88 49 20 86 2 98 61 83 46 7 37 56 53 27 80 1 8 29 71 43 72 60 48 57 50 
59 74 55 21 27 75 11 45 78 100 53 90 82 89 98 9 49 79 85 25 69 28 1 15 97 52 77 39 66 30 92 29 73 10 19 5 46 62 3 61 34 65 72 70 13 24 88 42 31 44 68 86 32 33 83 54 99 2 63 51 95 67 38 58 16 43 35 22 7 37 80 8 47 60 
45 100 62 18 1 63 98 39 19 12 24 50 92 5 72 73 6 75 55 86 47 16 88 59 9 31 76 61 64 36 83 15 93 89 33 71 41 99 29 77 26 81 43 25 8 67 4 27 20 11 40 65 44 51 46 32 69 78 22 84 82 60 42 95 21 48 94 96 68 85 79 56 37 70 66 13 30 
56 86 1 99 37 24 4 93 71 87 49 92 39 34 43 38 90 88 44 33 100 63 82 84 94 45 21 32 46 36 23 5 83 97 12 95 70 59 29 41 77 61 11 14 65 31 26 13 57 73 72 69 9 64 20 52 2 28 47 62 27 7 85 15 75 79 16 67 3 74 78 91 96 40 
48 31 58 92 26 39 75 14 90 25 97 55 52 37 73 27 23 12 64 80 72 2 94 88 91 59 78 18 33 49 6 86 45 32 74 17 24 11 63 77 41 85 7 15 36 99 53 98 93 95 62 79 54 60 69 35 57 34 21 70 87 66 65 61 20 82 8 5 89 43 83 67 1 29 47 96 4 100 68 46 
28 65 33 6 31 88 36 55 56 82 69 13 64 7 50 70 3 61 71 24 42 89 37 53 15 48 14 68 58 39 40 84 23 2 76 90 62 79 8 81 4 25 96 27 75 29 5 74 97 21 93 66 80 30 18 9 44 92 34 78 16 35 99 94 95 51 11 72 43 20 57 67 1 19 77 86 63 
28 69 72 60 44 42 7 48 87 21 92 75 93 10 90 34 55 18 31 35 13 30 81 29 94 95 43 68 52 59 11 70 56 51 12 76 47 74 6 91 45 83 57 3 80 4 61 100 78 86 77 88 37 62 14 63 54 16 85 32 65 24 73 39 66 67 82 
97 12 79 34 53 72 39 63 26 36 17 66 22 62 76 58 37 92 9 19 85 14 15 35 57 3 98 31 5 78 7 99 44 87 4 64 69 96 8 82 24 59 43 30 81 75 48 13 16 90 89 38 94 74 27 91 33 18 23 40 32 41 73 95 93 68 56 20 51 61 2 100 6 
14 28 40 59 49 26 83 61 31 42 89 4 66 71 6 81 45 78 8 76 92 22 32 24 38 99 10 29 84 75 37 68 39 3 67 77 25 19 18 44 52 36 60 87 9 2 7 93 56 91 48 58 74 65 72 53 51 64 16 23 79 21 47 17 98 63 95 46 88 82 
94 73 46 38 91 70 72 50 13 24 52 82 25 15 60 53 23 1 6 3 55 35 67 28 76 20 41 59 26 4 64 99 14 21 27 85 80 74 10 71 79 97 92 22 84 8 75 49 39 19 81 29 88 69 93 30 47 66 11 5 54 36 12 68 65 98 62 87 16 90 37 83 
1 43 28 64 17 87 25 98 33 2 50 46 100 61 73 89 36 69 68 24 16 11 31 83 51 41 44 76 95 81 42 92 78 3 58 84 52 37 66 27 70 74 97 47 18 75 19 86 38 85 79 54 34 39 59 30 94 22 53 40 67 12 65 13 15 26 4 6 35 63 72 60 
15 72 16 75 73 27 17 35 74 44 71 42 36 96 70 84 47 21 86 32 39 33 19 13 40 38 51 25 79 30 89 29 59 57 91 83 88 41 14 7 68 23 9 95 64 43 11 99 45 48 52 54 20 18 66 78 85 46 76 55 98 60 93 3 24 4 63 31 94 92 61 
49 87 86 3 15 14 27 25 50 95 55 76 79 39 98 53 22 58 34 9 29 26 12 51 31 46 73 18 57 64 20 30 5 75 10 40 33 74 85 16 70 23 78 47 1 92 7 99 48 65 69 88 44 24 84 28 43 90 17 66 8 61 54 35 81 32 72 80 94 21 13 93 37 89 63 56 11 
46 42 74 57 58 37 76 99 93 8 4 27 14 61 12 16 64 11 49 39 69 71 6 56 28 55 53 85 81 95 15 65 20 100 18 10 3 21 19 48 91 23 45 80 30 13 92 34 41 90 75 47 43 88 7 40 83 68 73 29 33 51 63 32 17 5 98 78 87 38 70 
27 51 6 29 86 43 66 34 8 13 47 91 85 88 53 49 38 98 99 55 79 73 65 58 2 23 39 4 100 30 87 19 11 48 70 50 21 62 24 97 89 1 41 57 52 69 63 71 22 60 82 93 15 10 68 36 33 67 77 40 20 54 83 92 28 12 26 59 74 37 90 75 
81 18 39 14 8 99 86 52 40 54 68 22 90 46 28 27 56 31 92 16 75 48 96 51 97 15 34 61 83 63 45 6 70 36 21 76 3 64 95 19 80 53 11 72 24 7 23 25 79 1 4 9 17 50 44 2 33 78 82 89 10 93 88 84 77 73 41 65 5 13 29 49 32 71 
46 81 90 14 21 18 64 51 22 89 50 70 92 40 61 37 13 31 69 77 10 28 86 30 34 29 59 12 25 38 74 52 53 80 85 35 32 55 6 3 43 54 5 58 87 1 8 39 42 72 23 71 93 57 62 48 60 4 79 9 47 88 44 65 19 26 94 68 36 66 91 16 96 49 
58 54 74 9 87 20 45 76 41 33 34 38 40 90 23 46 68 3 28 62 67 79 72 88 19 49 24 55 56 16 10 47 11 80 52 8 6 32 50 93 57 15 75 82 60 29 30 71 92 66 26 31 44 51 77 84 43 21 5 70 98 96 18 22 27 78 7 99 39 94 59 13 42 14 63 36 4 
75 60 96 26 2 49 44 21 72 77 100 82 19 30 25 27 5 40 31 42 61 45 86 85 79 43 51 55 59 16 15 9 91 63 78 88 57 87 35 12 48 33 50 68 8 24 38 89 84 17 62 32 20 18 98 81 37 7 92 97 47 76 99 56 73 23 53 93 36 52 34 41 22 94 39 14 74 11 
33 14 79 55 71 73 97 99 63 1 40 21 7 84 52 43 46 16 53 4 5 68 8 19 54 81 26 82 42 11 64 93 56 69 95 83 98 78 94 76 48 77 25 22 59 86 20 91 72 23 85 41 80 24 27 58 61 44 13 28 39 15 10 2 87 17 36 9 45 49 75 37 29 3 57 51 89 
79 1 7 68 85 32 26 89 36 39 40 57 22 38 50 4 76 73 99 29 46 23 74 19 95 6 31 33 69 42 2 56 30 88 94 18 47 34 9 93 51 11 100 92 27 96 55 14 48 28 24 10 86 49 97 15 8 53 64 61 84 41 70 72 82 17 71 52 35 
48 71 63 40 58 84 92 94 80 65 16 49 44 86 41 21 53 4 67 75 23 14 73 27 32 99 52 46 61 56 20 74 22 66 77 15 100 57 1 90 62 38 30 91 87 11 81 70 6 60 82 55 76 64 8 93 97 25 39 24 85 51 78 33 7 83 13 5 96 79 10 45 43 35 42 54 3 
13 5 22 89 1 14 29 4 37 38 39 10 81 17 85 9 2 94 84 90 3 92 70 71 57 48 72 6 35 44 67 25 54 31 33 16 98 59 21 51 66 61 53 27 100 36 96 95 20 77 46 73 56 76 42 15 23 75 7 50 45 86 41 47 60 49 11 8 28 52 82 43 83 63 88 99 
69 50 5 12 59 94 74 4 41 1 29 92 16 46 43 7 63 51 89 45 75 20 79 82 42 83 68 11 6 85 99 76 56 40 58 71 15 60 26 17 78 22 19 9 61 34 52 2 44 67 86 36 49 90 8 3 47 18 62 96 10 98 53 21 23 25 24 13 87 39 48 84 64 31 57 14 27 33 95 
64 93 34 90 47 72 46 21 1 97 2 37 31 58 18 36 78 66 95 40 42 44 3 11 5 25 33 83 20 16 22 14 9 12 61 8 26 15 91 89 80 52 62 43 87 50 96 27 49 63 92 84 23 69 45 38 79 76 28 75 70 32 86 30 73 82 7 24 99 77 60 67 13 85 68 17 56 55 
40 20 62 33 6 46 80 16 18 56 9 75 66 51 64 19 100 86 67 92 38 69 99 4 97 31 10 27 78 83 94 34 30 74 91 65 44 82 96 23 90 14 58 93 8 12 3 37 52 63 45 55 13 17 35 84 77 79 32 57 71 47 2 81 59 49 53 48 50 41 54 5 7 
68 49 71 45 78 23 77 50 88 26 53 74 11 15 19 60 40 99 20 35 75 57 29 1 69 2 22 59 87 13 34 97 58 17 43 28 27 90 91 31 79 25 14 76 66 6 83 10 18 80 67 4 89 92 3 54 61 56 96 62 48 42 7 65 81 84 94 9 100 86 51 39 
1 10 20 11 6 80 56 52 78 27 92 100 19 85 37 75 95 68 84 14 41 72 88 29 48 3 5 63 73 7 46 44 51 94 28 40 59 13 87 8 77 54 32 93 70 15 47 55 43 24 61 98 65 30 60 53 12 81 21 58 90 99 45 67 50 83 57 34 4 91 89 64 
85 48 80 49 30 53 12 86 71 100 17 7 36 25 78 13 24 76 23 62 59 69 52 28 54 37 50 91 6 95 65 16 34 5 3 98 58 42 68 40 18 89 14 82 79 90 26 74 43 70 55 15 32 87 38 4 83 61 88 64 72 39 51 94 66 81 44 96 31 60 73 10 9 33 93 2 97 56 20 57 29 99 1 
84 90 77 87 91 73 35 26 3 4 99 53 75 70 78 89 81 47 13 55 71 18 29 27 10 33 93 56 28 52 46 40 5 96 44 57 86 67 85 7 32 88 19 64 65 54 38 59 31 69 17 9 94 1 22 66 16 58 49 36 60 42 6 30 24 23 100 62 12 2 80 68 
26 99 50 29 61 41 45 62 28 6 9 27 83 97 87 44 15 72 64 51 63 90 25 69 40 68 18 4 17 79 47 16 43 11 84 55 19 71 7 96 32 5 35 85 12 48 38 30 13 36 31 49 1 80 74 53 14 73 76 23 66 42 10 65 86 81 37 52 39 94 95 
4 71 39 44 7 6 100 89 80 68 35 64 28 19 51 86 21 26 48 3 84 29 17 31 10 95 66 50 72 57 52 83 74 18 58 75 25 81 11 62 65 53 5 99 47 60 12 90 73 59 49 41 91 55 30 23 87 34 94 98 1 76 14 46 79 20 16 37 70 54 
92 58 84 20 77 33 11 49 75 26 17 1 87 91 78 80 24 68 66 95 48 42 23 52 37 81 85 59 73 21 67 100 36 40 19 9 46 65 32 55 89 2 38 44 70 56 72 97 43 71 3 4 57 10 94 13 50 61 47 31 45 30 64 54 29 83 98 99 62 63 90 28 18 51 27 
66 31 29 21 27 72 56 6 9 81 62 46 100 2 75 52 30 84 82 71 12 33 18 51 41 59 17 98 88 86 90 22 53 39 24 63 68 23 35 93 7 77 74 4 34 26 5 79 13 48 37 85 99 15 16 73 42 28 44 64 10 38 1 45 11 89 78 19 91 47 76 43 87 97 60 
77 45 54 66 22 32 26 28 62 87 21 84 46 85 9 1 74 86 17 8 99 12 100 76 55 82 19 73 68 91 49 93 36 52 79 23 80 15 30 78 37 56 94 89 69 35 27 6 25 53 95 59 34 3 7 33 72 88 60 92 31 63 38 18 5 75 65 47 13 39 44 57 11 96 
12 95 55 93 15 50 45 71 27 30 41 62 70 33 80 65 98 25 32 13 69 56 19 75 46 52 66 53 4 3 31 6 8 91 21 89 85 54 87 40 26 72 84 83 2 36 20 17 43 81 5 51 1 67 29 16 61 11 64 23 48 9 49 68 99 37 97 
50 98 62 72 78 8 48 4 37 9 1 55 68 71 3 23 99 16 74 96 25 69 15 66 73 21 31 75 49 77 93 79 89 10 27 13 82 92 26 58 70 35 19 14 7 33 18 29 47 51 28 5 12 46 6 22 43 53 57 24 84 36 87 38 60 56 30 44 61 90 86 11 34 
23 92 89 94 95 66 82 22 97 2 35 38 14 11 57 29 40 56 99 87 72 71 74 80 67 65 70 44 73 15 49 69 45 25 31 83 7 85 34 8 4 5 13 52 98 79 9 21 6 58 16 68 32 77 78 27 41 90 47 81 59 50 93 17 55 62 33 28 86 64 76 
84 5 68 82 36 92 40 8 80 10 69 35 75 49 44 61 2 1 24 6 25 95 57 39 59 74 3 53 17 81 23 66 50 100 16 27 30 93 96 20 43 70 79 7 32 47 54 71 56 51 58 48 14 26 38 65 46 77 94 89 41 76 67 63 15 12 9 37 60 
65 90 96 98 18 38 61 16 43 63 73 37 50 14 46 70 80 99 7 20 26 36 24 23 71 95 84 12 1 8 69 77 67 58 10 91 40 75 41 51 97 93 42 22 5 9 68 21 35 66 49 39 3 78 62 52 59 15 6 57 11 76 17 31 72 89 13 83 53 33 81 29 48 4 45 47 
28 70 32 42 68 81 37 56 65 30 46 19 12 60 53 79 16 24 36 99 61 27 97 5 44 54 57 98 55 25 9 91 100 29 88 51 17 82 59 63 76 95 77 14 83 2 34 15 75 22 74 71 38 73 10 26 64 80 47 66 31 89 96 50 84 39 13 21 8 6 1 45 78 40 
93 45 59 11 81 21 41 65 53 3 49 10 12 76 44 38 50 24 61 18 9 91 64 62 14 6 52 95 30 25 73 32 58 26 97 51 74 5 15 43 80 47 7 19 22 92 69 75 96 94 1 29 60 99 100 67 48 34 98 87 55 39 16 20 35 40 4 63 56 2 
73 59 54 67 36 6 69 98 92 57 52 37 40 5 8 21 42 55 82 45 80 48 96 100 76 91 90 20 38 11 35 49 3 51 87 7 9 24 86 34 61 27 23 19 10 43 13 25 4 71 66 62 85 84 17 74 99 44 33 14 78 75 83 81 70 28 63 15 29 97 18 30 31 65 58 41 95 79 
38 97 68 86 75 84 23 48 76 25 52 30 18 46 15 14 4 63 74 11 26 36 78 91 29 100 37 28 24 45 13 9 34 56 1 51 50 71 33 60 77 80 16 83 99 53 72 8 64 32 44 41 12 40 59 17 19 43 31 39 89 61 2 94 69 73 79 70 3 5 10 62 54 
88 80 13 55 41 63 87 95 23 18 73 35 76 66 54 98 45 34 50 4 75 61 38 36 42 22 15 24 92 30 31 16 43 90 56 11 60 7 86 79 3 78 72 71 20 33 14 2 46 28 44 27 8 89 93 51 12 58 82 53 32 39 19 81 5 6 74 26 96 10 97 68 17 21 65 
18 61 50 34 47 70 37 23 72 71 31 56 98 16 99 36 39 58 4 44 41 67 68 20 53 33 32 2 30 46 17 100 35 73 95 8 96 64 85 43 63 65 28 79 60 88 89 45 3 69 25 10 1 42 57 83 59 62 52 26 49 91 54 22 74 93 11 5 12 84 48 97 27 15 14 55 51 81 
59 100 19 29 30 71 64 85 32 17 8 36 49 84 54 44 99 5 94 45 83 47 51 20 62 66 80 50 11 40 25 38 23 53 60 61 16 88 63 55 58 91 1 18 67 92 42 75 82 28 68 96 65 4 13 76 72 52 74 56 35 81 37 43 98 9 3 39 86 34 31 15 
51 23 22 58 90 9 24 17 7 19 100 73 66 93 18 78 96 59 42 32 38 77 44 63 57 95 27 16 79 15 50 10 8 72 88 5 67 68 98 97 34 35 28 75 3 65 13 99 81 56 69 29 40 76 39 37 21 52 70 45 30 54 84 53 64 49 85 31 6 74 14 
79 81 99 24 92 35 59 58 20 49 89 86 2 96 98 4 33 55 22 44 11 85 15 78 14 97 54 43 84 37 75 70 21 77 51 67 18 71 69 100 36 82 60 57 53 52 27 94 26 50 23 3 1 45 42 66 32 88 16 46 38 74 48 17 10 62 91 9 87 7 12 
91 69 34 93 54 38 19 63 36 70 94 95 37 8 22 17 76 72 49 30 31 1 21 99 46 75 71 33 89 62 64 42 16 52 83 98 18 85 6 24 23 41 25 77 11 87 68 26 67 65 51 12 81 88 92 86 27 100 35 13 73 4 14 7 50 2 20 58 45 3 
32 94 87 56 46 71 100 57 95 6 38 28 13 92 2 47 84 4 79 15 24 11 89 68 5 12 14 27 62 18 98 20 91 80 73 8 37 88 40 51 44 90 17 52 77 19 26 1 72 10 54 66 65 50 67 34 86 22 36 82 75 45 9 61 30 23 48 29 16 
15 2 37 69 70 41 18 86 83 56 39 11 20 88 4 7 99 96 78 61 17 3 95 66 51 32 91 35 60 97 19 79 92 28 5 16 59 29 47 57 31 74 40 49 100 30 9 84 64 58 82 65 54 34 8 44 22 1 26 48 94 89 80 93 25 43 55 87 75 
16 90 49 66 69 28 67 87 51 19 68 84 12 89 61 60 62 56 23 77 31 70 59 40 88 20 39 78 80 58 86 55 4 11 95 64 17 3 98 46 94 83 41 29 34 92 1 30 52 44 35 48 100 73 32 8 65 50 81 33 71 75 54 27 14 10 42 26 36 96 74 43 72 2 79 5 15 82 25 7 93 76 
72 44 79 10 54 69 68 17 31 39 89 92 2 50 76 57 42 48 78 53 29 45 15 60 93 67 24 98 40 97 37 9 61 11 13 19 35 87 81 34 32 30 18 36 95 65 85 80 96 41 94 73 88 21 99 74 38 22 46 28 8 4 26 27 3 75 49 43 12 90 51 
