100
3 100 9 44 54 87 93 2 81 42 43 64 36 23 88 53 60 21 82 92 65 38 59 27 35 16 55 56 34 37 17 46 78 32 14 84 75 52 79 4 62 99 91 61 72 83 15 13 8 7 25 
17 1 5 38 34 40 48 82 60 44 91 39 75 57 46 31 94 70 54 64 53 10 79 52 58 14 27 12 11 80 95 41 32 92 37 6 74 29 90 50 45 21 43 100 30 63 3 19 66 71 77 36 4 97 7 78 
100 92 2 95 50 67 82 55 61 29 49 81 69 25 51 97 59 19 30 44 16 87 22 10 65 88 17 28 38 26 98 70 9 73 80 46 27 18 14 53 36 45 83 68 71 64 99 93 42 57 5 1 79 
78 57 20 2 94 83 36 66 98 76 52 39 7 70 6 62 99 79 56 37 77 96 86 25 29 63 24 68 43 71 19 74 17 33 55 1 95 26 41 31 46 65 48 58 100 61 13 84 5 80 
77 59 85 69 36 57 32 22 10 30 62 80 82 60 100 73 75 3 41 2 13 8 44 86 76 39 98 49 58 50 90 11 15 4 66 43 99 55 28 91 63 79 95 96 53 
46 55 77 16 13 84 82 94 43 28 85 23 65 36 44 88 19 60 29 42 93 87 9 18 50 22 98 74 80 34 56 51 76 71 100 2 45 96 38 30 10 26 61 81 62 25 12 4 58 64 97 21 
72 42 4 47 29 86 97 38 94 80 78 35 59 14 45 92 63 67 36 53 27 74 52 49 1 39 56 98 96 2 95 16 85 62 83 18 91 58 9 60 75 34 64 70 48 17 12 21 61 33 82 87 
94 99 59 51 81 29 50 23 33 1 74 20 32 82 35 87 91 93 41 15 26 45 21 68 30 24 5 13 80 34 14 42 53 52 79 56 89 9 84 48 90 71 100 66 40 
28 29 48 94 33 87 61 70 11 97 39 89 1 6 32 46 65 7 54 90 80 72 62 52 24 67 20 41 30 59 92 83 96 81 42 27 12 47 86 100 8 3 55 98 35 15 
6 20 37 16 22 44 78 100 65 34 18 19 48 51 42 94 33 79 54 13 21 66 53 3 91 83 29 35 31 26 71 67 45 24 68 99 74 41 89 30 80 2 98 57 93 17 5 
45 61 89 86 53 2 78 59 94 32 60 39 48 87 29 55 65 92 34 33 66 50 26 20 5 52 63 56 77 68 97 9 46 84 58 79 80 74 30 98 82 47 27 73 85 38 23 
73 2 31 32 94 66 44 7 90 82 78 56 60 55 23 6 89 97 63 54 74 59 99 84 22 38 45 96 70 91 77 65 80 25 68 53 36 95 9 100 83 86 17 50 81 67 62 72 
69 39 74 98 50 70 34 52 26 10 90 46 81 1 59 8 85 65 41 28 19 97 21 32 5 16 61 89 64 40 25 6 62 57 71 15 4 87 58 29 100 79 56 93 31 53 96 33 45 
96 18 66 63 26 25 92 90 88 80 31 54 19 91 17 42 22 27 34 48 87 61 71 40 36 46 93 7 99 76 73 81 16 1 70 64 55 3 8 86 30 65 2 33 53 38 43 85 
89 60 43 96 73 42 93 91 53 54 78 76 50 90 1 57 83 17 8 71 51 34 66 64 81 77 13 75 23 9 33 26 5 40 87 37 69 19 46 62 22 27 39 86 36 65 58 
28 27 56 41 85 76 91 83 79 30 88 18 66 75 13 87 71 98 33 39 96 58 59 1 92 17 3 61 48 22 57 14 29 72 89 50 82 6 7 52 95 24 46 35 34 77 60 10 
12 63 40 83 28 16 56 23 51 34 14 24 69 41 65 3 66 37 7 79 1 25 19 48 44 43 10 53 2 92 18 27 82 55 21 38 15 87 97 93 94 67 99 36 4 
94 97 77 50 76 52 92 100 41 85 51 34 87 19 79 21 89 91 86 62 56 25 14 46 88 95 74 71 83 67 80 17 10 27 36 16 43 84 63 48 7 69 6 22 58 81 61 96 45 3 93 68 
73 83 13 2 60 64 57 84 59 71 100 98 23 63 70 14 29 51 72 17 27 58 52 34 96 54 44 82 18 74 38 69 79 33 4 99 3 49 15 40 88 93 92 32 10 94 81 62 86 6 45 
36 98 46 8 83 9 11 25 41 53 30 35 59 67 26 29 82 4 85 49 47 22 92 64 37 48 68 43 88 27 63 31 72 94 50 10 96 78 66 24 90 34 40 81 99 87 57 33 56 62 
71 72 39 60 31 28 17 69 6 86 23 94 50 7 80 18 91 48 1 81 10 74 27 40 85 49 44 65 84 76 26 13 24 83 63 90 54 8 88 2 82 68 33 41 51 34 100 43 75 35 
20 5 87 76 3 45 81 86 68 6 43 28 62 100 75 25 48 36 90 77 53 55 52 40 14 39 41 96 56 60 10 24 49 26 79 12 16 69 27 85 15 89 84 34 54 93 88 71 78 58 30 65 99 18 35 
82 49 89 79 64 61 78 72 43 15 100 71 28 17 86 53 70 41 84 60 88 24 51 1 77 55 19 99 96 6 52 8 21 90 47 40 37 48 75 11 12 
22 51 21 43 28 96 60 74 71 87 86 9 73 16 48 70 50 17 92 59 62 67 8 79 98 29 90 72 58 84 55 49 39 57 20 46 88 66 44 52 23 4 10 26 94 
14 94 53 49 26 12 78 89 4 1 54 81 37 86 71 51 100 20 57 39 27 97 79 56 85 93 43 22 92 95 41 88 18 50 17 62 6 72 3 64 30 46 13 69 67 87 28 32 29 
97 47 78 54 60 33 77 82 75 20 50 93 10 43 70 72 4 81 90 32 94 58 63 14 24 68 15 96 8 21 84 83 28 11 91 6 52 37 66 71 3 13 69 25 31 80 99 30 22 88 46 64 
20 28 35 15 51 43 19 1 96 31 63 42 3 25 81 38 7 94 2 97 11 54 84 93 100 58 77 21 22 73 79 88 9 14 80 17 98 67 16 83 32 87 41 75 18 37 76 69 55 53 46 59 72 62 
16 92 65 23 42 90 97 75 52 37 41 58 44 56 6 80 24 91 57 51 38 84 74 29 17 60 87 33 13 93 94 77 9 89 35 72 68 98 32 27 55 73 69 5 59 3 25 22 31 21 26 85 
42 51 37 13 70 24 41 49 100 10 20 76 80 25 45 93 87 16 44 55 3 98 83 94 52 60 69 32 7 8 9 50 11 67 65 85 62 28 6 4 56 19 63 2 35 53 33 82 99 78 81 36 
14 98 39 10 38 83 26 76 49 91 31 86 20 53 46 59 82 45 92 3 25 16 47 79 63 51 5 80 35 37 96 11 48 42 66 40 6 8 64 34 2 55 67 50 44 89 95 57 9 93 22 
38 30 52 40 98 32 93 34 20 83 94 81 14 74 28 61 21 62 65 4 27 96 73 33 45 76 77 13 12 70 42 90 66 87 43 51 53 92 89 63 37 80 2 86 48 10 26 
27 39 50 42 63 26 2 29 68 35 67 31 70 19 97 56 5 37 25 81 84 71 9 64 76 77 87 13 51 78 28 73 80 33 52 60 38 62 12 40 53 96 85 8 47 54 69 1 11 
14 67 78 43 19 94 58 9 11 48 66 29 15 21 89 40 59 63 93 50 83 16 7 62 99 72 80 87 8 75 96 39 13 4 90 34 86 47 32 37 55 65 44 20 60 53 82 79 57 97 56 10 26 46 31 38 28 69 
69 16 75 52 84 56 17 40 2 65 30 20 71 55 77 1 72 90 96 59 68 33 100 60 94 10 70 61 8 62 7 58 31 80 41 43 19 54 13 22 97 93 18 67 6 48 21 11 14 15 74 64 
51 92 88 29 93 21 71 41 52 89 69 82 64 40 59 38 39 32 75 54 87 1 16 53 27 50 98 37 20 63 10 47 57 9 99 62 7 68 30 22 28 77 76 8 55 42 96 44 61 
53 12 17 100 39 70 14 64 15 62 4 45 50 66 74 71 37 86 3 5 44 99 47 1 85 20 18 6 92 7 90 83 55 2 29 69 94 60 52 81 22 
80 100 20 75 38 41 99 71 17 68 27 94 28 45 15 66 29 48 69 10 88 39 30 64 84 78 63 4 72 49 90 35 26 79 44 25 23 56 36 2 91 89 92 1 95 67 73 98 81 58 87 54 40 33 46 31 96 32 
28 53 95 44 51 85 62 55 94 99 81 98 71 75 93 97 14 1 31 50 12 77 37 90 45 11 56 17 32 35 87 33 30 7 19 2 84 3 100 6 91 27 82 64 
4 22 78 47 77 9 65 56 5 70 11 33 16 93 79 25 68 83 50 90 24 36 84 82 30 32 61 85 21 69 7 100 54 15 37 88 94 45 52 87 89 66 92 48 91 13 2 35 96 76 44 
84 33 69 80 13 83 63 48 77 22 34 70 14 86 47 64 15 37 2 20 32 35 23 30 31 61 17 49 93 43 51 95 74 55 76 19 87 57 21 82 75 8 42 72 53 45 
34 29 100 22 85 61 44 51 43 47 23 69 82 21 95 17 20 76 72 57 49 27 66 13 62 91 77 81 84 88 10 97 59 2 71 94 58 54 99 37 16 70 83 28 9 5 35 79 90 56 18 25 4 89 8 
49 28 40 14 57 95 8 6 81 89 1 65 83 52 15 35 29 27 100 68 84 76 7 87 71 64 31 3 32 55 30 44 82 10 79 99 74 90 85 67 54 72 9 61 48 75 
58 97 18 95 85 98 23 90 70 86 15 47 34 50 5 25 4 73 69 46 53 84 2 64 31 67 60 40 51 14 1 55 81 33 44 45 41 83 82 27 77 93 17 6 22 21 26 87 24 78 20 
28 63 53 89 2 94 38 1 62 57 78 29 37 24 5 68 17 79 47 67 72 96 66 6 42 93 19 46 41 10 39 70 82 52 95 91 36 3 12 60 51 30 35 21 80 58 56 43 71 33 98 99 
10 43 72 12 11 36 22 18 13 3 57 31 92 37 66 77 97 89 19 54 64 76 60 85 51 53 75 91 6 96 93 65 29 47 50 38 46 98 56 81 39 88 90 55 40 52 30 2 7 8 
85 13 43 93 3 50 9 18 27 4 54 26 81 55 78 16 87 72 25 44 30 61 15 47 11 71 14 95 63 59 77 100 20 86 90 99 37 45 2 1 98 68 33 69 62 24 53 6 
67 81 36 77 33 9 87 86 32 23 20 89 54 70 61 90 46 39 44 66 78 7 73 74 41 88 97 91 68 30 26 40 43 52 98 11 92 45 35 55 99 95 57 76 
34 9 42 17 16 58 21 30 24 33 53 54 86 49 20 31 72 84 8 37 50 7 4 10 100 11 94 75 91 71 39 63 22 18 68 65 55 85 60 40 23 2 98 14 70 97 
54 41 78 22 21 48 85 58 25 5 75 70 91 93 60 73 72 40 23 50 24 69 19 53 88 30 52 7 67 51 76 42 56 3 29 20 92 95 100 37 68 
45 56 36 54 57 77 8 76 13 32 78 18 35 60 6 26 33 16 59 98 53 62 11 3 21 69 43 29 89 2 24 68 5 85 46 25 39 61 20 91 88 49 48 30 38 15 12 90 
23 32 65 79 59 31 18 49 58 35 73 40 43 88 81 99 68 6 3 97 27 53 44 72 30 83 78 67 19 93 77 25 54 76 38 95 57 8 45 24 28 70 21 15 89 10 29 17 41 
1 60 56 61 65 29 45 26 99 49 11 32 66 19 68 34 62 23 28 73 94 7 91 97 70 36 24 35 64 4 47 95 39 9 16 42 22 18 31 80 74 13 58 8 44 2 69 81 
69 13 70 48 3 86 17 95 29 83 12 38 80 23 49 68 31 71 22 82 33 8 15 44 32 99 25 35 78 7 61 2 43 5 60 27 1 40 50 81 89 90 46 30 85 45 11 14 36 20 10 51 76 
77 85 64 39 41 59 84 19 9 21 34 22 26 55 32 46 25 50 56 49 12 1 42 81 37 90 27 51 96 47 67 2 79 86 69 14 58 60 91 10 35 78 15 48 61 45 
27 45 97 36 74 94 14 28 29 9 33 5 48 57 30 67 24 62 84 58 6 11 4 40 81 23 85 47 54 35 82 3 17 22 46 43 95 87 42 38 96 89 76 75 72 34 12 86 66 1 
13 52 25 77 67 99 6 63 20 75 54 96 50 44 92 89 86 7 70 8 34 22 61 59 60 1 37 45 12 76 28 97 49 16 32 74 17 93 39 87 41 33 38 82 88 11 68 29 4 18 
93 86 44 88 42 87 5 13 41 83 99 92 16 65 71 20 33 95 80 55 61 91 25 3 2 50 35 30 84 24 28 100 73 68 4 51 59 19 97 15 47 45 40 10 
15 92 52 16 54 49 22 24 95 51 5 27 26 28 37 76 75 67 97 2 82 87 4 43 7 41 77 55 99 71 33 90 74 44 65 6 34 18 19 11 48 13 83 94 
30 5 35 57 66 12 67 84 65 75 63 86 41 81 98 88 64 1 100 50 56 9 33 7 3 24 97 46 83 69 54 82 19 13 8 62 16 11 20 92 34 27 51 28 
22 81 68 90 98 36 15 5 23 24 34 45 2 53 72 88 33 32 11 65 21 7 29 6 66 62 12 28 95 44 63 19 50 48 43 54 71 96 26 52 49 16 84 67 56 1 
39 97 75 67 87 69 11 47 50 41 4 34 31 3 6 56 7 96 89 63 14 1 86 13 94 16 71 42 40 64 18 23 93 9 46 57 83 66 62 35 78 52 54 53 
5 85 25 69 63 13 61 31 90 86 19 88 72 44 50 9 74 32 38 4 64 27 20 55 95 15 6 36 98 34 77 76 100 80 66 78 87 18 97 29 22 41 52 24 7 35 1 75 46 12 33 59 60 79 92 99 
4 62 91 14 18 73 35 32 31 2 40 17 94 64 11 5 68 59 27 26 71 19 90 29 60 20 100 74 66 69 56 46 12 67 76 65 30 44 78 21 33 75 81 88 37 61 7 85 48 
20 94 37 6 83 7 84 73 89 38 77 23 72 34 14 98 35 1 100 26 86 36 62 15 93 45 91 59 19 13 30 80 87 54 61 40 88 52 42 3 71 25 2 75 81 32 63 74 76 99 43 
42 80 79 11 51 33 3 59 13 69 10 34 22 72 28 4 17 76 60 94 66 31 75 52 100 57 39 21 63 9 15 1 14 29 78 45 84 48 6 86 58 92 12 98 88 99 
10 72 8 67 91 61 24 85 59 30 17 98 33 70 90 100 4 81 84 99 20 39 65 11 60 79 14 94 15 77 83 44 41 80 52 47 16 45 55 5 12 2 31 86 36 26 88 87 37 62 63 
27 72 76 56 29 20 59 18 24 12 54 89 99 77 43 51 42 74 61 73 49 47 58 97 3 17 83 55 66 94 71 34 32 78 33 81 84 92 25 63 60 7 30 87 44 88 90 37 10 9 98 96 
44 48 80 37 63 32 26 51 39 18 53 69 71 94 75 92 10 46 88 79 91 20 96 11 22 34 56 70 3 60 50 21 95 57 8 49 35 4 47 100 52 42 12 28 
26 68 49 63 98 59 54 3 34 22 93 33 46 74 36 52 40 28 41 61 25 50 53 95 89 62 96 21 32 18 100 97 39 72 85 37 29 65 19 43 35 15 91 90 17 5 13 27 
41 53 44 84 89 71 81 26 36 87 31 9 19 77 56 66 78 32 49 43 13 12 72 39 4 34 2 99 88 3 51 75 52 24 48 98 90 7 68 80 83 29 23 40 14 100 93 94 47 97 79 
36 86 89 57 35 76 92 23 84 79 83 90 42 48 98 67 37 97 46 58 75 4 15 41 18 44 64 22 16 19 68 91 13 70 14 2 78 72 10 38 53 63 61 3 77 32 8 26 6 25 96 95 60 24 34 21 
65 37 24 41 93 67 25 55 70 64 19 42 33 82 48 40 51 94 60 20 62 1 49 23 12 21 75 69 28 88 9 83 34 100 77 16 7 44 26 27 73 46 66 45 71 
83 32 5 84 15 63 87 82 52 19 64 78 90 100 24 28 57 79 72 92 11 97 37 49 89 67 27 91 47 14 74 80 3 51 12 31 43 
11 100 52 63 6 93 82 81 85 55 95 2 42 36 64 90 47 73 13 18 12 19 21 40 58 87 4 98 69 8 7 28 34 31 56 10 84 89 24 67 62 
100 16 5 68 88 27 28 48 71 91 42 89 62 35 56 64 34 7 33 38 76 21 99 72 45 61 83 37 78 1 97 59 23 96 94 15 49 55 77 22 80 90 86 79 2 26 40 58 65 84 63 70 
47 75 30 15 6 55 85 4 18 79 65 14 32 45 51 21 83 89 87 39 22 98 42 53 67 84 29 5 80 49 40 56 78 96 41 58 88 62 27 71 31 82 64 63 16 50 35 
47 87 4 12 40 71 23 31 51 86 70 26 80 84 67 11 27 32 22 90 34 46 100 82 88 45 41 62 5 66 92 38 54 50 16 18 64 6 75 58 2 15 56 72 81 35 79 28 98 39 91 43 
70 7 47 53 20 76 54 63 23 32 11 62 67 10 73 39 75 12 50 51 86 71 80 93 43 1 91 88 65 83 44 37 29 15 33 97 25 49 46 26 89 22 61 4 96 2 79 94 
3 39 1 71 68 2 25 37 73 86 23 70 4 18 27 83 62 17 19 13 99 95 42 93 33 75 78 65 30 22 77 54 66 51 91 44 24 88 41 16 76 5 89 94 11 8 10 
37 33 70 12 28 9 30 97 78 53 73 66 92 2 4 83 90 7 76 64 87 95 26 31 62 52 77 34 44 93 14 98 68 10 57 27 21 91 75 3 18 40 94 85 8 11 5 100 6 86 32 65 29 
87 6 13 3 37 74 9 51 29 26 47 41 95 67 27 45 1 20 52 98 91 8 43 86 77 53 19 54 59 12 64 32 31 63 70 66 42 84 14 89 60 92 38 55 22 21 15 25 18 46 36 
96 40 33 39 6 86 16 2 35 55 21 20 43 17 7 90 58 97 44 53 8 56 73 38 19 41 100 85 42 3 95 74 87 23 11 89 26 5 1 77 93 76 30 72 29 92 59 12 
1 27 76 90 19 39 9 40 10 92 17 71 41 66 42 59 100 70 51 21 58 18 3 15 95 75 61 4 86 91 53 64 57 26 43 97 98 7 30 73 85 80 31 67 20 12 94 29 79 96 33 72 36 16 87 78 
28 55 65 32 4 89 26 59 64 100 71 70 60 81 40 18 8 24 22 34 11 94 41 93 23 38 91 42 48 1 98 43 75 19 57 74 76 37 73 21 27 66 92 54 67 12 77 39 6 
21 82 25 5 53 43 29 80 16 20 36 66 18 55 76 50 39 91 13 86 48 14 28 32 97 83 7 42 11 41 45 94 63 62 46 6 38 49 22 74 95 98 99 88 69 54 
77 66 48 23 93 47 83 18 14 43 90 24 64 53 57 56 36 62 4 40 19 98 78 55 33 5 71 11 7 85 87 65 75 61 59 31 79 15 12 22 80 46 82 100 81 9 21 25 97 54 30 
89 7 73 82 57 8 58 33 93 16 25 15 1 64 97 92 74 100 42 62 17 37 61 31 46 77 76 39 47 6 38 9 28 43 24 80 18 35 29 67 86 13 40 55 20 83 56 81 66 11 3 32 14 22 27 70 
14 19 23 16 60 100 78 3 41 57 18 27 65 97 45 51 26 68 75 79 49 25 50 22 77 72 95 1 56 90 93 24 67 63 21 62 35 66 20 47 64 89 59 6 76 91 37 70 85 39 98 
35 67 25 41 81 23 28 55 47 96 30 33 18 11 44 73 78 37 71 45 42 74 87 15 56 9 98 39 22 61 12 84 76 82 64 88 79 51 50 53 69 70 91 13 8 10 31 16 75 
38 82 28 31 20 47 14 37 9 22 86 36 39 96 58 24 69 91 2 46 88 43 67 60 12 80 95 63 41 75 42 21 34 83 54 15 70 66 26 45 8 100 50 23 94 62 71 5 77 73 13 33 74 98 53 
98 92 83 39 57 80 90 88 94 52 37 5 85 75 73 69 28 15 21 47 89 66 1 81 16 8 12 48 26 38 93 7 45 77 68 63 10 41 44 84 100 49 18 2 50 79 14 30 78 99 54 71 64 
35 94 9 68 47 17 73 3 80 45 31 20 18 16 37 58 71 19 97 62 7 30 11 83 56 14 67 28 95 98 24 84 65 82 25 39 59 99 1 36 91 2 81 49 87 57 77 
94 84 13 18 29 96 44 17 74 100 61 35 28 1 88 82 78 31 10 30 6 70 27 40 39 43 22 8 3 86 80 57 98 49 46 34 91 15 45 14 56 99 72 26 64 95 79 69 25 33 51 19 38 87 
12 84 67 36 27 100 48 61 79 72 28 31 38 20 8 68 64 39 41 17 91 98 2 80 29 93 10 85 26 11 65 55 52 9 25 95 44 66 7 92 58 34 21 33 18 78 24 37 75 6 83 19 70 63 90 4 
60 90 79 52 99 46 30 7 85 94 88 25 47 49 62 2 71 83 82 80 40 18 74 57 81 38 98 3 93 68 51 12 44 53 92 42 41 55 5 69 16 43 58 37 4 
4 30 19 55 89 34 99 32 18 31 26 16 93 23 61 71 33 44 6 90 22 54 56 14 69 12 9 39 35 15 7 100 76 27 45 78 75 13 37 5 98 20 60 68 67 24 82 83 
18 17 34 71 32 6 86 80 27 13 26 59 47 43 58 7 9 88 85 45 73 67 52 11 78 92 82 62 70 38 33 51 28 83 3 56 2 12 41 48 25 57 99 55 69 61 87 75 
7 50 43 71 96 99 65 60 80 19 48 77 11 76 24 45 59 81 69 92 38 37 3 47 93 29 28 100 86 27 31 30 84 94 66 64 90 95 20 62 4 10 16 9 70 83 91 5 13 74 88 46 44 85 35 67 89 6 
10 12 53 8 46 79 57 44 5 91 66 62 41 4 67 98 47 75 65 96 52 95 35 64 93 3 20 33 37 92 51 17 85 26 97 42 1 38 58 19 29 22 23 56 14 70 36 
75 38 25 66 84 46 21 62 98 90 9 86 10 68 18 19 6 82 70 22 39 12 65 27 48 23 37 5 88 96 8 41 2 49 3 93 13 94 80 83 42 87 63 73 36 1 91 29 57 34 72 64 59 4 69 77 74 