100
63 46 91 42 56 40 9 80 68 41 7 50 38 53 17 3 25 94 89 35 58 8 29 47 70 100 13 33 92 19 26 18 24 28 65 77 88 48 10 93 32 75 49 37 99 73 82 30 21 54 45 6 34 67 74 71 69 57 83 39 51 76 85 79 14 96 15 11 62 95 86 22 12 55 81 61 36 87 23 90 98 44 5 84 60 4 52 20 64 27 43 97 66 78 31 72 16 59 2 
22 29 81 90 9 39 37 26 96 8 35 83 44 75 11 70 78 79 4 41 64 40 28 95 63 43 74 51 77 38 5 87 66 76 25 80 36 98 71 94 60 21 42 23 97 17 7 6 18 14 59 49 24 55 86 54 84 82 46 61 62 53 16 48 45 58 65 1 13 20 85 19 73 31 3 89 57 12 52 34 92 93 56 47 15 27 68 91 32 69 10 88 30 100 72 50 99 67 33 
34 13 72 84 6 66 38 7 78 23 51 9 14 35 58 55 89 41 71 70 36 54 77 37 45 93 74 97 16 52 69 59 24 50 11 26 65 12 4 32 17 94 29 76 43 63 27 18 15 60 57 83 99 42 85 1 68 49 75 28 46 47 56 62 92 33 73 8 61 31 25 88 44 90 48 96 19 87 53 2 40 39 91 100 64 10 80 86 21 22 81 20 5 82 95 67 79 30 98 
93 1 74 83 95 49 15 91 18 21 71 61 72 13 55 27 17 6 84 43 46 79 30 44 14 7 33 100 90 32 59 25 22 26 98 48 66 35 56 11 28 78 37 19 41 5 9 45 12 23 53 87 34 39 8 20 68 89 63 96 81 38 73 69 94 86 76 36 62 64 58 80 65 85 16 54 10 2 29 51 75 99 77 42 47 67 70 57 82 40 60 52 50 97 88 92 3 31 24 
81 60 95 83 22 36 39 41 78 45 6 86 54 82 61 19 67 89 84 9 1 44 94 49 58 48 16 98 34 91 27 85 77 64 2 59 71 52 10 21 4 20 17 3 46 55 93 92 43 29 26 30 31 87 99 37 100 90 88 63 18 97 74 53 38 72 80 56 8 35 42 73 13 62 23 33 28 24 69 96 32 25 15 50 70 12 47 57 68 66 65 76 14 7 79 51 40 11 75 
75 32 30 19 86 11 63 8 74 62 98 14 54 82 65 49 70 92 55 83 79 69 73 58 16 28 96 13 95 31 100 41 53 99 90 18 37 66 24 57 45 25 46 36 72 12 17 9 61 27 76 51 39 52 85 3 34 42 38 81 64 1 22 7 59 91 23 33 21 10 60 93 35 77 4 94 78 56 40 50 20 15 48 2 44 43 29 87 5 26 80 71 67 84 47 68 88 97 89 
30 5 97 89 84 15 83 17 40 6 81 66 38 90 58 35 41 49 95 75 2 50 36 72 13 34 37 53 91 12 70 44 64 51 28 27 76 25 68 32 98 31 52 43 57 9 78 71 3 88 46 55 60 42 26 59 92 4 18 99 87 20 16 100 79 74 21 86 93 77 85 10 45 39 22 67 96 14 48 24 80 29 61 11 47 56 8 1 19 62 33 69 23 94 54 65 82 63 73 
75 81 9 59 89 96 77 52 61 83 84 78 67 65 16 35 42 58 15 19 62 36 25 26 49 60 10 41 56 2 45 28 54 94 38 63 55 74 88 7 90 66 76 33 39 4 69 97 37 1 86 13 27 93 44 23 21 87 18 57 3 85 34 17 46 100 95 51 43 80 31 47 53 91 50 68 20 11 72 24 82 6 32 92 70 30 73 79 12 40 14 29 98 5 71 99 48 22 64 
61 46 62 56 13 35 41 1 49 25 6 17 34 73 82 15 65 95 43 55 18 48 92 83 4 45 50 69 37 24 42 44 87 53 7 66 89 10 84 14 22 59 88 94 20 70 98 67 85 96 100 23 12 58 28 36 63 21 57 19 97 51 39 8 3 47 71 81 64 86 33 90 5 80 68 91 2 26 76 78 27 40 75 72 16 79 54 99 77 11 93 30 38 52 74 32 31 60 29 
62 39 36 99 71 46 38 4 45 31 80 43 87 30 66 90 11 41 63 95 82 52 17 53 48 51 49 88 94 74 13 68 8 60 77 37 73 28 83 70 92 2 19 100 33 76 79 26 67 44 20 65 40 72 54 59 93 64 98 3 58 97 47 25 29 1 50 42 89 61 27 6 24 85 78 7 96 75 84 22 12 9 35 91 34 55 23 86 21 56 57 32 14 15 69 18 16 81 5 
19 28 34 83 64 58 38 37 62 36 71 7 63 99 39 20 57 27 74 66 55 85 98 44 14 73 30 72 13 46 95 91 42 16 21 82 93 84 8 4 52 12 80 5 51 26 49 33 6 3 96 70 65 2 32 88 77 15 23 69 10 89 24 47 81 41 45 50 86 75 22 25 92 61 43 17 87 1 29 67 56 60 18 100 31 9 54 76 94 90 68 40 48 97 35 53 79 78 59 
64 21 46 99 82 87 75 45 92 80 68 1 84 76 5 38 14 57 44 20 23 59 74 67 73 7 96 91 66 36 69 22 15 30 55 89 78 94 53 48 56 61 100 41 34 54 35 90 62 33 18 47 29 8 4 40 25 31 71 6 19 39 11 72 79 88 63 27 81 2 98 65 83 93 3 10 13 85 26 49 17 58 86 42 77 37 51 43 50 70 28 97 95 9 24 60 16 52 32 
67 10 61 90 3 44 46 84 81 98 75 66 41 6 11 16 21 22 88 60 56 12 69 25 78 40 52 17 99 97 47 91 2 92 62 79 50 35 30 36 29 96 19 63 86 94 72 8 54 74 65 18 70 71 15 42 7 64 37 27 33 59 95 45 48 51 43 93 83 89 85 77 100 58 82 9 4 38 68 49 39 73 55 26 31 34 14 32 1 28 23 57 20 5 53 76 80 87 24 
5 79 36 98 45 10 99 42 44 84 76 24 29 18 8 95 43 90 78 73 13 59 41 40 23 65 71 57 77 83 64 46 11 34 75 94 80 86 30 68 74 35 7 69 15 58 17 60 28 54 56 27 3 63 82 31 2 100 16 49 70 37 88 51 19 66 81 25 12 62 89 38 39 91 1 26 22 96 72 9 97 47 48 55 4 50 93 20 61 53 6 52 33 87 92 32 85 21 67 
75 55 19 18 37 26 23 62 76 34 12 4 83 74 53 28 51 77 13 59 100 60 11 98 48 95 87 46 96 91 93 72 65 30 2 17 3 61 92 29 9 31 38 5 82 36 81 10 45 27 89 35 1 71 90 24 25 68 85 69 78 79 99 42 16 63 8 47 86 44 66 39 40 67 73 32 58 54 64 6 52 22 50 7 49 84 88 14 21 97 56 80 94 20 43 57 33 70 41 
82 6 8 12 33 65 59 39 37 96 21 84 90 57 18 30 4 28 61 89 9 27 53 48 11 42 46 50 63 75 43 76 38 29 20 44 40 81 55 47 62 64 74 51 3 98 71 83 14 41 1 66 17 99 36 87 85 100 2 72 68 10 49 93 94 73 25 54 22 92 35 91 97 70 95 19 78 45 23 79 13 5 32 26 88 60 52 58 31 69 56 86 24 34 7 67 80 15 77 
13 58 68 59 87 21 45 39 64 36 84 70 38 30 19 85 2 16 91 20 69 95 7 82 12 60 72 27 9 83 97 50 10 14 81 15 33 22 41 28 99 35 96 63 44 47 62 86 49 71 6 26 79 51 29 78 93 80 77 90 11 67 4 100 92 75 66 40 48 46 94 74 88 32 37 55 98 76 3 25 23 89 24 8 61 1 52 56 42 57 31 34 53 5 65 54 18 43 73 
9 83 45 99 96 8 92 60 38 100 82 32 97 59 37 48 28 35 74 44 58 81 71 22 56 11 4 10 43 42 3 6 31 65 77 50 68 12 63 62 53 29 17 15 69 51 34 5 7 75 25 78 72 98 55 23 88 27 21 64 89 95 24 80 16 70 36 30 26 79 1 33 84 93 66 52 94 67 54 73 91 39 47 85 90 87 13 49 2 61 46 14 20 41 19 76 40 57 86 
91 92 45 39 82 73 74 78 59 58 56 31 71 28 35 15 72 63 38 79 62 11 70 41 55 65 5 93 68 94 96 6 61 7 51 88 67 37 44 64 26 66 84 60 89 3 49 95 1 13 14 9 30 25 21 4 48 90 83 32 18 80 43 27 34 98 23 24 46 86 29 69 42 12 17 97 16 40 20 2 36 52 77 53 50 10 85 47 8 33 75 22 81 100 57 54 87 99 76 
98 68 59 17 65 12 81 27 64 74 93 62 13 40 10 73 92 56 99 24 35 49 29 70 31 1 53 14 52 100 83 21 5 47 36 61 6 90 89 4 9 85 69 79 48 51 84 78 72 2 42 32 41 19 45 33 86 80 63 43 54 50 26 60 30 97 25 77 88 34 15 82 58 95 94 39 96 28 18 91 87 16 55 8 11 76 7 66 3 46 22 23 67 37 44 38 71 57 75 
24 94 90 34 89 39 20 65 41 16 15 70 29 30 85 1 92 66 48 6 64 42 67 37 40 44 72 46 8 17 60 97 53 99 36 56 86 96 11 59 87 55 18 78 100 50 52 3 26 84 14 58 27 9 28 71 54 57 43 5 93 49 25 73 88 47 77 62 23 32 2 22 10 45 31 82 33 35 75 61 98 76 95 4 63 38 13 83 68 51 79 81 19 7 91 12 80 69 74 
17 5 3 19 11 90 64 46 73 96 36 78 98 4 94 28 93 24 50 55 70 34 63 33 87 74 51 71 89 39 10 47 66 8 77 85 80 25 67 37 41 75 92 16 88 82 15 52 65 53 31 6 95 23 86 14 35 38 44 21 27 48 26 9 30 62 43 84 32 81 76 68 12 83 59 2 57 20 97 42 54 99 69 56 45 49 79 40 72 29 7 13 58 91 61 18 1 100 60 
9 83 64 62 5 92 66 88 51 55 38 53 30 7 57 95 16 89 87 41 63 2 44 96 75 85 84 25 32 97 35 13 36 81 56 10 52 80 40 39 15 50 42 70 37 31 91 65 29 74 86 99 98 93 60 69 27 45 6 59 24 61 46 34 18 77 82 54 11 78 58 72 33 79 90 17 22 1 19 76 20 67 47 3 21 100 12 43 73 71 8 14 28 4 48 68 26 49 94 
35 71 99 23 46 78 83 73 21 58 20 12 6 43 32 69 14 77 48 53 4 40 62 90 64 33 74 30 38 76 8 3 45 5 15 96 97 65 80 41 50 56 52 7 93 59 18 100 57 34 88 39 66 19 29 47 51 67 72 84 54 37 89 61 11 98 2 27 87 25 92 1 26 16 44 81 31 95 70 63 82 79 49 28 68 86 9 91 55 94 85 36 60 42 10 17 75 13 22 
55 28 6 14 37 44 21 27 16 81 50 65 15 38 22 94 52 40 57 85 61 74 62 48 87 98 92 83 7 64 3 5 72 46 71 34 20 13 35 51 80 68 43 66 42 29 49 91 18 67 33 84 53 75 60 23 31 95 99 89 70 30 41 63 69 10 77 59 4 56 100 36 58 79 32 8 1 45 9 17 2 76 12 39 88 78 11 47 90 97 86 24 26 73 54 19 96 82 93 
15 20 34 73 77 47 8 21 78 11 54 70 49 95 13 97 27 96 99 40 68 30 93 16 69 51 31 56 94 18 64 10 38 36 37 48 91 85 5 7 3 44 4 6 23 84 71 82 52 53 45 86 32 90 43 72 35 83 1 79 22 59 62 98 75 2 74 19 12 63 92 66 29 60 33 39 14 25 57 55 58 67 50 88 41 42 100 17 28 87 76 46 61 65 24 89 81 9 80 
23 8 40 63 94 80 28 76 12 35 100 60 18 45 15 98 14 48 93 89 2 42 26 69 34 9 33 43 90 37 91 75 36 73 92 78 44 81 79 84 10 65 61 1 55 24 47 86 96 66 46 70 21 83 39 64 88 87 6 19 17 85 4 57 53 16 13 50 56 41 5 20 99 51 22 71 11 32 30 31 77 52 67 29 59 74 3 49 58 54 62 7 82 97 72 95 38 25 68 
72 20 76 75 88 99 86 39 97 94 35 6 70 56 53 81 46 59 78 1 10 4 66 5 67 90 26 8 22 89 63 85 98 25 64 9 30 41 100 17 87 55 95 7 62 92 23 19 38 3 16 49 33 21 12 36 93 96 51 37 61 32 77 91 43 45 31 48 27 18 74 13 15 69 68 79 82 40 52 54 24 57 50 80 73 65 44 11 84 34 2 29 14 83 58 42 47 60 71 
24 36 23 8 95 18 78 27 48 37 83 55 35 7 17 16 72 12 89 86 70 42 15 4 13 64 39 20 65 67 33 96 21 51 69 77 53 99 85 54 41 94 50 81 62 25 1 58 49 44 3 76 10 47 97 45 68 9 40 91 63 82 14 34 6 73 80 57 71 19 43 5 32 56 66 52 46 88 22 79 2 90 28 100 93 30 87 74 75 59 92 84 98 11 26 61 60 31 38 
1 33 17 31 94 51 12 16 91 43 44 92 8 40 75 56 24 61 27 28 42 59 83 99 48 82 55 58 84 2 93 4 95 45 38 29 3 13 72 52 5 46 89 26 96 87 71 25 49 68 79 37 78 57 35 53 54 34 22 14 64 63 66 9 19 88 21 77 76 6 73 32 74 15 67 80 23 11 18 98 50 90 7 69 10 97 36 65 39 47 41 81 62 60 86 70 20 85 100 
91 6 90 42 25 4 23 3 94 53 13 79 61 77 54 85 28 26 36 62 18 5 69 100 22 55 40 43 17 66 44 70 81 76 9 59 50 89 57 12 39 75 46 73 74 1 41 20 92 58 10 67 68 63 60 93 97 32 19 78 33 99 52 7 86 51 34 82 95 47 35 72 80 37 30 98 83 29 11 16 27 8 15 48 38 49 84 24 45 21 65 87 64 71 14 88 96 2 56 
58 65 80 76 39 21 35 2 49 43 93 36 22 66 41 70 3 61 89 72 13 16 98 79 83 45 15 25 48 100 40 1 94 6 5 33 95 69 63 97 54 99 47 87 34 60 62 12 19 73 86 46 57 77 92 29 27 44 30 38 84 26 50 17 74 88 71 52 28 59 37 7 23 67 9 11 85 53 75 56 31 96 81 91 10 4 68 20 90 64 78 14 8 24 42 18 55 82 51 
28 79 93 9 21 67 84 74 58 34 7 95 87 54 75 23 8 14 92 16 70 89 1 24 90 17 40 50 66 42 49 68 26 46 51 62 11 43 57 22 15 81 76 83 82 98 18 47 71 63 52 53 3 13 29 38 30 94 97 45 64 36 100 65 55 35 31 41 72 56 32 25 44 80 39 48 19 99 12 27 61 10 88 20 37 96 69 60 77 73 86 91 2 85 5 4 6 78 59 
84 76 44 100 33 95 18 28 89 58 50 53 77 63 62 8 68 75 92 14 93 6 51 36 19 72 25 94 73 30 59 17 71 32 80 83 3 29 24 46 41 56 99 79 69 70 78 49 23 40 42 15 67 39 96 21 61 5 64 4 9 98 87 1 54 37 20 27 45 31 13 43 57 38 65 90 11 81 10 35 66 48 52 7 12 86 91 55 26 82 2 16 22 88 97 60 85 74 47 
52 11 91 54 49 77 58 92 43 18 83 93 25 67 21 89 80 38 81 15 46 61 42 12 75 32 56 22 65 78 59 9 44 85 62 3 87 45 74 7 69 5 57 97 17 98 76 90 48 4 68 70 47 23 16 95 14 13 40 71 99 30 34 51 66 2 79 60 64 63 82 19 96 72 86 6 1 31 84 36 20 27 37 55 88 28 8 73 29 33 53 26 94 39 100 24 41 50 10 
76 25 8 46 50 97 26 1 49 14 32 35 66 12 63 77 62 69 47 38 11 9 55 84 58 86 71 60 17 44 45 7 43 94 5 70 96 13 61 3 88 39 95 83 37 15 19 68 64 18 16 2 30 54 34 78 22 6 59 31 57 10 4 72 75 23 27 90 65 91 79 93 40 48 42 100 98 33 99 28 82 41 74 53 52 20 87 51 81 24 21 56 80 89 29 92 73 85 67 
78 99 66 76 60 12 51 42 31 23 65 46 85 72 94 24 14 70 33 9 67 1 11 40 95 30 86 80 53 50 91 34 35 29 63 89 58 41 32 71 61 68 7 38 77 16 88 84 8 44 4 19 15 62 13 59 56 79 36 22 21 93 10 100 26 49 82 83 3 74 98 39 18 5 2 25 75 92 87 48 69 54 73 28 20 43 55 52 96 57 97 45 27 17 90 47 81 6 64 
22 51 96 27 33 100 12 50 80 34 78 41 4 26 95 60 5 73 90 67 29 63 65 97 19 28 84 53 55 30 16 42 72 77 61 88 93 6 20 8 75 25 68 57 21 1 15 2 66 45 58 35 89 92 18 24 39 76 69 49 64 82 85 81 11 9 56 13 48 36 32 87 3 94 54 43 23 91 52 7 83 79 44 71 17 70 31 59 47 62 86 46 40 74 98 14 37 10 99 
70 69 42 77 74 50 57 93 86 55 7 100 97 5 95 75 59 96 72 61 14 4 56 58 88 90 68 89 8 43 62 29 28 11 46 87 84 63 36 52 16 37 41 60 24 3 78 12 38 48 32 34 45 64 79 49 53 18 65 20 80 40 44 76 21 81 22 9 25 33 73 83 26 71 54 98 67 13 51 94 2 27 47 66 23 6 91 10 35 31 30 19 92 82 17 85 15 99 1 
54 1 18 39 81 89 49 83 76 99 77 4 62 79 97 43 74 6 3 94 2 67 53 35 36 87 95 24 23 68 86 42 14 29 26 57 10 73 45 88 19 17 85 44 20 48 8 84 16 31 60 59 32 56 9 15 96 61 25 7 30 75 13 64 11 71 63 27 21 80 33 47 46 34 69 5 38 51 78 41 82 90 91 55 72 58 93 22 12 66 70 65 52 28 98 92 37 50 100 
50 86 48 58 32 2 29 83 34 61 25 44 16 70 53 90 6 23 9 78 28 54 12 94 99 3 42 59 52 67 51 66 47 85 93 72 30 21 65 11 55 20 63 22 95 91 81 26 8 77 98 10 5 100 68 46 56 38 71 39 97 80 15 69 88 7 36 14 84 18 17 31 19 24 73 43 33 4 74 64 76 57 13 35 62 89 79 82 96 87 45 27 40 49 75 60 37 92 1 
1 46 74 72 79 43 5 98 59 24 84 26 41 2 8 11 57 93 81 65 97 20 67 73 19 25 55 58 29 48 76 49 91 6 18 36 63 56 32 95 64 22 44 23 96 60 78 28 54 51 86 77 47 21 62 87 15 92 33 9 82 3 12 89 16 10 94 13 100 7 30 99 85 53 40 80 66 38 27 35 14 88 34 31 50 37 17 83 68 52 90 4 71 45 69 61 39 75 70 
14 36 33 1 88 95 68 92 52 8 83 75 80 86 39 32 61 50 91 21 5 7 42 13 51 100 3 90 12 35 46 30 41 19 22 18 64 40 89 55 63 76 2 93 37 97 44 72 9 87 77 65 20 57 74 78 38 27 85 48 96 17 16 23 58 29 70 66 82 28 59 84 69 11 60 94 24 49 31 98 73 56 62 10 81 71 45 47 67 54 99 34 25 15 79 26 4 6 53 
33 48 92 10 11 91 47 67 27 96 18 78 83 3 74 88 97 7 55 2 29 59 77 64 41 35 36 79 24 70 87 73 30 16 38 40 98 25 26 5 95 14 93 100 54 23 85 75 56 68 34 60 46 49 53 72 13 31 43 22 19 82 57 4 86 51 94 45 8 1 71 28 37 63 80 39 76 66 9 6 50 89 58 21 62 52 81 69 61 99 12 17 20 42 15 65 32 84 90 
79 20 19 94 48 73 80 83 74 58 39 92 29 22 27 65 67 63 71 2 34 60 75 55 91 7 23 16 31 42 37 11 64 76 32 56 5 52 50 4 33 61 41 90 57 96 14 78 95 44 68 12 93 99 100 72 49 3 98 47 69 59 43 10 77 87 82 13 66 62 21 40 54 81 51 1 17 97 25 18 84 9 15 85 70 28 36 89 8 38 46 24 30 53 35 26 86 88 6 
49 55 66 39 2 89 92 24 79 8 43 80 94 72 32 74 35 15 50 62 87 25 16 9 18 56 64 36 60 99 91 37 38 54 10 27 88 76 83 40 20 82 97 26 47 23 5 68 77 70 4 100 93 57 78 81 22 61 73 95 42 30 1 21 59 19 3 28 98 31 12 52 29 53 33 86 51 6 11 17 7 90 44 71 69 75 41 45 65 58 48 34 67 13 96 14 85 63 84 
24 77 68 39 32 51 43 55 60 72 52 35 89 80 75 50 69 90 18 98 83 48 63 78 57 3 12 15 25 61 97 85 41 49 74 56 21 79 36 58 29 45 27 71 19 94 4 22 28 1 14 92 5 7 95 96 44 46 53 62 91 73 65 54 76 9 37 10 93 40 88 30 34 17 16 33 38 26 87 8 99 100 81 23 20 84 2 86 67 59 66 70 42 13 82 11 6 31 64 
47 58 96 92 61 4 32 72 9 82 81 63 15 38 33 45 57 80 84 20 17 16 93 52 55 5 98 24 51 1 91 35 68 87 6 79 14 41 19 3 42 34 29 70 77 99 95 67 100 46 65 64 89 40 25 27 83 44 78 86 22 85 53 13 73 54 69 30 74 2 56 10 66 36 28 26 7 76 37 31 59 39 12 49 90 88 11 8 62 97 50 23 60 71 21 18 43 94 75 
28 29 20 74 59 21 19 4 16 71 23 89 66 48 27 90 63 46 76 44 94 24 56 58 83 96 78 80 67 100 85 55 99 5 57 84 98 9 52 45 1 40 32 30 35 64 7 15 62 26 91 38 72 68 77 22 86 41 61 34 93 33 31 12 75 25 37 2 92 39 8 60 11 36 10 13 50 81 79 54 14 47 69 17 51 97 73 43 6 42 82 3 87 95 70 18 88 53 65 
40 51 15 71 1 23 65 79 46 3 6 91 99 47 62 2 54 83 34 61 58 81 80 13 42 31 59 21 37 82 10 17 45 89 97 35 22 96 9 100 18 56 87 86 25 24 95 92 36 68 72 28 57 64 77 27 44 29 53 76 14 73 12 66 7 39 33 41 69 30 75 38 60 98 70 63 90 19 55 49 26 74 43 32 93 85 84 11 88 8 67 48 16 94 4 5 20 52 78 
98 57 2 23 53 96 70 45 20 44 82 42 18 62 68 81 5 66 32 99 10 73 17 76 9 92 87 80 19 77 59 79 27 93 83 64 11 3 41 86 37 21 91 60 33 13 47 35 15 12 95 31 26 85 25 75 39 58 90 40 100 74 55 30 50 16 78 22 94 67 54 88 36 97 6 43 61 24 65 8 46 38 4 63 84 69 29 89 1 49 71 7 34 48 14 28 52 72 56 
51 67 6 4 53 40 75 82 77 48 97 25 46 70 56 11 23 89 85 68 21 8 19 80 100 44 3 28 96 45 84 10 99 83 62 35 90 76 39 1 33 81 12 37 27 13 16 79 66 98 38 26 61 94 9 58 22 41 59 24 69 60 36 72 87 49 31 57 50 29 92 65 30 93 55 18 14 32 42 73 2 47 34 15 78 63 17 7 64 74 91 20 95 43 71 54 86 88 5 
62 4 7 45 77 32 58 64 39 91 43 31 3 82 30 61 98 72 46 95 92 10 27 16 40 63 17 99 20 36 14 22 80 54 2 71 79 11 12 55 5 23 21 52 59 38 90 56 83 42 57 34 60 13 65 25 29 1 50 89 47 28 97 66 75 69 93 88 26 33 70 96 8 81 49 44 84 24 94 73 86 87 48 67 19 6 85 76 18 35 74 41 51 9 78 37 68 100 15 
26 55 91 62 34 82 25 44 39 27 11 98 94 61 21 87 30 28 80 72 53 15 66 43 57 93 56 96 19 2 38 50 3 77 22 4 18 88 20 36 60 41 71 84 58 85 95 65 8 7 13 59 6 45 5 73 16 68 35 42 51 14 23 97 92 47 83 63 76 90 29 37 79 81 46 67 64 12 100 78 52 32 24 33 40 69 74 9 70 31 10 48 1 17 86 49 75 99 89 
93 76 19 38 27 81 35 96 80 61 1 13 6 34 85 32 33 26 51 69 15 30 97 4 86 48 2 95 52 37 17 9 73 57 44 59 39 23 18 64 84 89 41 49 63 22 68 91 71 53 54 31 66 94 43 77 75 10 14 45 74 98 67 82 11 12 79 78 36 65 83 60 62 8 5 99 88 42 46 16 28 70 21 92 56 20 7 87 25 50 24 100 3 40 47 58 29 90 72 
96 19 100 45 36 4 2 12 51 75 28 43 61 60 10 63 57 55 88 92 97 34 58 66 53 74 78 80 27 48 15 6 17 84 47 20 40 26 77 9 38 32 25 49 52 11 23 31 1 16 33 98 8 72 62 68 41 29 85 37 81 18 65 71 13 39 94 90 82 30 3 70 44 64 67 93 69 83 76 7 87 91 46 99 24 50 73 54 86 79 89 21 95 22 14 35 42 59 5 
38 62 76 93 44 11 67 89 75 4 52 53 28 25 18 70 87 83 47 84 23 20 58 85 78 7 3 31 36 19 5 1 73 41 35 56 98 10 69 29 95 39 68 45 34 81 94 97 54 46 90 66 88 63 48 32 50 79 15 99 65 71 91 80 12 64 43 59 37 2 49 30 92 9 22 16 82 33 55 51 14 60 74 72 96 77 40 61 13 6 24 26 100 86 17 21 8 42 27 
44 13 38 24 73 41 51 3 4 19 98 57 91 9 8 93 56 65 88 20 25 94 89 46 72 71 53 14 50 87 12 11 29 40 21 74 17 62 75 80 83 42 79 67 76 97 15 23 22 2 95 34 47 99 48 5 33 96 45 68 85 60 100 26 1 32 16 39 63 92 78 54 37 55 52 30 70 64 77 59 86 43 82 69 6 49 61 35 7 10 84 27 90 31 28 36 81 18 66 
12 11 23 40 37 30 99 97 32 65 29 90 17 68 53 54 38 45 87 8 41 46 5 91 36 77 16 67 31 92 78 4 95 24 21 25 96 73 13 42 57 39 47 76 1 55 71 60 86 58 2 79 98 80 49 88 69 3 85 100 35 7 64 34 10 18 51 52 74 82 75 72 48 9 44 43 63 70 22 61 81 20 94 28 50 15 27 66 84 93 83 62 89 14 26 6 33 56 19 
52 99 90 16 50 1 57 10 26 96 25 51 71 17 36 65 18 77 12 5 87 9 38 24 19 74 76 30 42 84 29 75 83 15 86 79 46 59 81 85 43 100 31 95 93 4 70 68 34 27 33 14 41 13 3 37 47 35 91 58 28 62 55 56 78 49 11 8 67 64 89 97 69 73 48 63 88 54 6 32 44 80 21 53 7 20 92 39 22 45 40 98 66 82 61 23 72 2 94 
76 1 4 100 77 52 37 92 96 20 39 62 63 73 57 95 67 8 7 83 45 59 21 42 3 46 24 30 75 12 64 43 32 65 38 40 44 36 31 33 86 5 48 29 74 19 58 35 90 55 18 56 13 97 94 34 47 9 60 85 78 69 2 17 79 10 98 6 22 81 89 88 27 50 93 26 14 51 71 28 23 66 16 49 53 70 68 54 84 11 25 41 72 15 82 87 80 99 91 
79 94 19 29 82 91 7 72 49 44 54 4 38 27 63 39 17 48 74 93 87 98 1 53 42 18 99 26 56 28 71 61 81 35 77 10 80 50 36 58 92 6 76 22 11 41 51 57 83 73 16 100 14 40 5 3 90 52 34 9 46 30 37 15 25 97 86 88 21 31 96 20 95 69 47 67 33 60 55 45 75 64 13 89 70 24 2 66 65 59 23 68 84 8 12 78 85 43 32 
85 13 39 93 21 20 69 56 72 46 25 22 35 77 11 60 52 99 55 70 96 86 1 100 58 40 73 24 26 87 41 31 5 88 6 16 34 45 97 91 23 75 61 27 95 9 71 12 51 28 29 74 7 80 64 19 50 54 48 53 15 81 65 79 66 17 37 44 82 92 18 67 68 43 10 8 38 84 2 32 98 4 78 3 62 47 94 76 49 90 36 30 33 59 57 14 89 42 83 
25 46 34 50 83 96 97 44 7 86 94 42 79 63 1 10 45 48 99 84 41 12 87 13 43 70 71 89 33 2 9 19 77 88 100 65 51 67 56 54 60 35 90 26 32 27 91 40 53 93 74 29 76 62 21 95 28 82 38 49 11 20 68 58 6 16 47 59 85 75 73 31 30 8 4 57 17 80 78 22 24 69 52 98 3 14 23 39 81 37 15 5 18 92 72 36 61 55 66 
6 95 39 47 11 66 57 56 100 87 93 30 44 8 38 12 33 97 88 28 62 54 77 40 67 19 91 24 26 45 27 96 71 81 10 80 42 46 70 23 84 4 79 15 75 41 36 86 29 17 72 50 3 69 82 52 76 43 25 9 63 22 60 7 48 59 18 34 1 89 35 58 73 51 14 90 5 85 21 64 74 37 2 94 32 16 92 31 49 68 61 99 13 98 83 20 53 55 78 
21 30 23 85 54 67 24 99 65 11 80 28 4 45 72 83 38 58 96 61 78 90 94 69 70 42 88 22 89 50 64 26 100 81 32 7 74 12 52 44 3 75 13 48 33 6 19 35 2 1 29 17 31 68 53 10 49 5 92 63 41 97 51 18 86 77 36 59 15 60 93 16 40 87 20 91 46 14 43 27 71 8 47 84 57 98 39 34 73 76 95 56 82 55 37 62 25 9 79 
85 36 10 4 74 52 6 97 15 61 43 56 9 50 30 84 34 75 72 3 64 100 53 57 94 27 40 86 28 35 58 5 78 92 11 73 42 18 47 37 39 55 87 93 49 62 79 71 76 88 91 99 65 66 8 82 44 77 14 68 32 90 33 89 95 29 13 54 63 38 17 2 7 51 21 48 23 41 20 60 25 24 81 45 98 80 1 19 12 16 70 83 59 46 22 26 69 31 96 
25 92 6 52 53 80 75 21 8 30 94 71 84 33 61 77 3 72 55 10 16 46 1 74 82 90 47 42 2 78 43 88 86 60 58 59 65 35 13 14 26 18 45 64 4 29 99 66 81 19 44 95 38 23 22 11 97 48 63 24 98 9 57 15 62 50 20 91 34 51 70 27 31 67 76 40 89 54 5 79 37 49 56 93 39 36 85 32 73 87 12 7 83 96 28 17 41 100 69 
84 64 18 98 41 52 17 23 94 8 59 31 78 54 80 100 28 4 40 79 92 82 50 63 95 33 46 91 81 14 44 11 19 86 48 83 45 70 29 60 99 9 89 32 13 97 75 22 87 56 43 76 27 58 5 53 96 38 51 37 24 65 62 35 15 49 42 47 39 6 55 71 10 12 16 93 90 3 72 57 77 85 68 61 34 67 21 7 2 30 73 25 66 20 36 1 88 26 74 
47 29 33 9 28 31 41 37 24 1 49 90 94 67 75 21 18 23 34 88 17 74 76 82 6 84 97 58 40 50 10 64 89 22 12 36 5 78 3 54 63 98 80 46 55 61 83 43 25 13 39 68 2 35 86 27 15 26 85 92 62 42 51 79 30 45 14 56 100 38 19 66 57 87 32 69 81 52 72 53 59 8 48 16 99 11 65 77 4 95 60 91 71 96 73 20 44 7 93 
1 46 8 73 2 72 37 63 74 14 44 58 64 4 88 54 80 9 19 32 77 69 68 47 31 94 13 66 65 30 89 83 15 25 50 59 75 43 7 82 12 27 17 48 56 57 51 23 11 81 76 29 92 55 16 79 40 21 26 28 39 70 99 22 38 35 49 90 36 61 10 18 87 86 52 96 41 62 24 33 97 78 98 85 91 6 67 3 45 93 34 60 20 42 100 95 53 5 84 
32 57 12 49 42 36 45 19 85 14 66 55 37 98 78 53 60 70 82 33 71 99 80 13 46 6 79 88 64 93 11 27 92 26 51 75 39 8 15 4 81 43 40 63 22 9 18 58 47 67 69 76 62 61 65 73 68 77 95 44 94 16 1 86 30 100 50 3 35 7 29 89 56 23 25 74 54 84 83 21 91 31 90 24 28 2 97 41 5 96 38 52 10 20 34 59 48 87 17 
37 58 45 90 69 31 75 89 46 66 34 81 52 98 83 15 48 16 76 27 50 72 29 100 70 51 40 60 78 7 86 2 68 53 93 17 62 54 84 38 22 64 41 33 32 96 57 80 47 20 11 67 13 92 65 24 5 55 1 18 61 74 3 26 77 97 21 95 14 30 9 44 87 88 49 19 6 23 10 91 94 25 99 56 43 35 85 8 59 4 28 71 36 42 39 63 79 82 12 
55 72 7 21 4 3 34 38 26 13 89 85 87 14 53 56 8 43 10 61 70 51 93 77 68 22 44 1 5 15 63 62 48 46 66 11 54 83 30 33 90 35 95 71 45 65 28 96 94 58 78 47 31 100 59 50 84 80 27 17 82 40 37 73 97 99 76 36 41 91 75 52 49 29 57 39 88 9 32 16 60 19 25 67 86 23 64 69 92 42 2 20 81 24 98 12 79 18 6 
83 13 31 86 77 20 46 69 88 32 6 89 55 39 40 60 70 91 34 64 35 19 33 48 63 84 36 4 43 52 97 53 22 73 78 56 66 29 82 12 38 10 16 25 100 23 2 17 14 61 76 24 95 21 71 41 80 90 87 74 44 15 30 18 9 65 45 50 81 57 28 99 68 42 7 96 37 58 79 93 47 59 11 3 5 54 49 98 62 67 26 1 94 27 85 8 92 72 51 
57 25 61 74 12 65 14 32 77 8 47 35 73 69 7 13 31 60 59 45 30 86 88 38 70 62 94 92 19 79 15 89 2 22 26 46 28 11 100 1 85 64 10 41 75 63 18 43 3 34 27 51 24 4 90 9 83 66 93 56 81 72 55 36 50 53 37 98 40 58 71 16 80 39 6 20 42 91 52 97 5 96 54 99 84 44 82 29 78 17 21 49 33 48 67 95 23 87 68 
10 56 50 37 12 18 87 53 29 48 71 15 88 91 45 31 73 55 84 43 22 9 72 99 65 23 33 100 57 34 82 6 79 85 17 36 69 24 7 76 93 5 4 98 80 97 14 41 1 3 20 62 52 47 63 16 8 60 19 68 32 11 38 27 28 67 42 58 51 75 81 2 61 39 30 95 54 26 59 21 70 46 13 90 92 78 86 44 74 96 66 35 94 64 83 25 89 49 40 
57 88 52 35 65 64 14 99 42 53 45 95 94 20 3 69 84 40 54 9 23 63 55 77 93 97 16 49 90 79 89 100 1 32 50 82 12 72 28 85 68 46 22 87 86 30 74 26 80 81 61 17 31 47 18 25 2 24 36 83 34 56 44 33 41 6 43 27 73 39 19 76 29 71 70 48 10 8 98 75 91 13 66 4 92 15 59 21 58 62 11 5 96 38 7 60 37 67 51 
92 32 55 53 66 73 6 85 58 10 61 57 39 40 98 15 16 20 59 7 95 84 96 94 70 65 14 38 9 46 71 30 37 3 44 35 47 41 42 25 93 91 52 78 54 90 43 86 29 17 22 76 74 48 89 97 27 99 77 13 68 26 50 12 51 56 19 75 88 1 8 21 72 24 82 18 5 4 23 33 36 28 60 63 81 87 67 100 49 45 83 31 80 2 34 64 11 62 69 
15 18 2 36 44 95 99 20 70 61 65 100 16 17 78 88 64 25 3 75 67 46 27 11 74 10 33 89 50 81 48 60 93 26 43 62 39 59 23 6 73 45 51 34 76 82 91 56 79 4 35 92 5 42 29 63 94 53 85 84 13 32 58 7 28 47 31 66 96 68 1 41 71 30 72 55 40 38 8 37 21 77 9 57 69 86 87 19 12 90 24 54 98 97 49 52 83 14 22 
51 15 10 13 20 98 3 43 34 60 16 85 18 53 92 87 30 48 2 7 33 41 47 86 68 57 31 96 46 59 35 24 80 19 65 88 25 58 26 50 49 55 63 62 23 82 5 93 27 45 29 78 44 76 95 14 91 79 61 75 100 1 4 67 66 72 32 6 11 42 12 84 77 9 99 90 37 89 94 97 56 83 38 21 22 39 71 17 28 52 74 8 40 64 69 70 73 54 36 
6 40 67 55 53 77 80 62 58 12 9 19 76 41 24 51 8 63 92 59 39 60 71 50 11 56 95 78 27 99 81 35 38 100 61 84 75 44 22 54 66 69 34 30 48 42 37 15 88 20 68 72 49 36 5 25 87 43 57 83 98 79 94 23 31 21 1 86 46 97 26 7 96 90 29 85 70 4 13 52 73 16 10 33 74 45 89 64 47 32 65 14 93 17 3 2 18 91 28 
44 81 16 84 39 57 96 43 100 56 65 30 91 79 68 26 78 13 8 76 74 62 31 34 85 86 53 60 29 95 15 1 33 94 38 66 10 92 20 72 99 58 93 40 73 14 7 80 24 89 88 23 59 11 77 48 61 37 36 50 98 52 71 54 67 87 97 19 4 9 70 5 46 47 2 69 82 27 90 6 45 51 49 28 63 25 42 18 41 55 75 12 64 21 32 22 35 17 3 
73 49 9 91 11 51 85 94 47 62 3 80 7 45 69 96 2 32 27 52 35 37 75 22 38 97 17 56 43 90 25 78 8 36 5 1 53 76 87 77 83 18 20 23 79 66 31 70 61 14 50 72 15 92 13 59 60 24 65 55 30 54 46 64 34 6 88 33 74 21 40 41 42 99 28 81 12 26 19 93 89 100 57 67 48 39 4 29 98 95 16 71 63 68 44 86 58 82 10 
88 83 96 36 100 53 41 5 81 14 64 49 27 60 56 57 61 69 54 92 67 71 47 4 66 7 75 42 13 87 82 45 3 77 98 58 35 40 11 32 72 22 62 89 38 76 25 44 8 97 24 59 99 79 37 9 63 84 31 28 43 70 23 19 46 33 86 39 51 34 50 12 68 73 18 91 10 90 6 48 21 20 55 93 94 80 2 95 15 30 29 52 16 17 1 74 26 65 78 
97 36 44 81 20 31 21 5 7 50 47 24 32 87 34 52 100 85 78 8 82 1 12 49 19 55 15 18 35 84 95 13 92 73 10 39 68 43 75 94 91 9 42 67 76 23 27 57 89 53 40 2 33 51 90 96 62 4 56 6 66 14 61 74 29 88 63 77 26 64 28 71 69 99 41 16 79 65 3 70 45 93 58 25 83 30 72 38 48 22 46 37 60 59 11 54 98 17 80 
59 6 57 53 10 58 30 56 17 85 35 42 80 78 34 69 41 82 96 47 73 21 52 39 92 12 18 25 20 7 91 51 84 32 2 97 67 1 5 89 70 71 62 45 100 76 60 65 22 19 14 27 9 48 29 13 61 49 74 40 44 46 33 31 81 90 66 50 55 11 75 24 64 26 95 98 83 54 3 36 37 68 79 4 72 77 93 86 15 23 94 63 99 38 16 8 88 43 28 
81 48 76 22 49 93 1 98 37 100 56 11 96 16 95 9 52 72 94 23 43 30 54 21 69 57 6 80 77 87 97 31 51 55 45 86 61 91 58 38 10 42 70 40 41 7 53 4 2 26 13 27 73 85 63 99 12 24 20 19 90 47 66 71 5 34 67 64 46 78 44 79 82 33 84 17 60 15 29 18 14 8 75 89 83 35 39 68 50 28 36 65 59 25 62 92 74 32 3 
31 54 48 53 71 66 26 76 65 41 7 49 2 25 13 67 11 61 40 39 95 47 64 4 51 88 90 15 68 98 84 29 43 87 12 72 70 30 16 9 62 92 74 21 75 19 8 37 96 63 6 34 86 45 22 42 46 94 17 28 10 81 23 5 59 35 14 33 85 58 38 77 69 57 83 50 99 1 56 91 55 18 27 80 97 60 100 52 93 20 79 44 73 3 24 32 78 36 82 
47 78 81 23 27 82 50 58 22 10 64 53 4 77 49 21 29 42 8 100 71 9 51 63 83 18 56 46 25 41 3 93 1 69 91 79 74 60 70 33 5 57 15 20 80 76 85 72 28 65 87 2 48 17 66 55 54 68 31 36 95 7 84 39 26 38 52 61 30 88 99 59 94 24 62 45 43 37 92 12 44 67 19 75 32 73 6 98 14 89 11 97 13 96 35 16 40 34 86 
13 98 48 60 44 2 95 1 83 36 35 22 47 11 79 5 78 53 90 93 28 69 81 51 15 70 40 92 87 23 31 89 9 96 74 75 64 73 66 62 56 85 72 27 100 43 41 34 25 86 8 63 18 16 52 84 94 10 21 88 71 99 33 29 19 45 77 57 32 39 3 20 97 65 38 17 4 80 14 58 7 37 59 6 49 54 61 46 55 30 42 76 24 82 26 68 67 12 50 
55 36 9 2 79 52 27 65 96 28 49 8 31 80 60 87 67 56 40 45 98 25 33 93 64 69 75 94 99 20 43 15 24 68 39 90 1 3 16 70 72 74 19 89 29 53 32 34 61 50 44 77 51 54 13 46 84 58 91 35 30 12 41 11 88 18 26 73 82 17 7 62 95 4 57 38 76 81 85 100 78 22 23 5 10 6 86 21 97 14 37 47 66 71 48 83 42 63 59 
10 77 70 80 37 27 90 59 56 2 1 20 9 26 95 29 11 41 75 6 48 49 69 33 92 99 34 18 12 35 38 32 85 24 68 13 82 71 31 3 21 94 58 55 8 53 87 23 44 19 79 22 62 63 28 47 91 61 5 67 57 45 14 43 54 98 4 97 16 50 51 42 96 40 25 52 84 39 89 86 66 65 74 73 64 7 83 76 15 81 78 88 17 36 30 60 46 72 100 
64 45 37 90 50 77 92 19 27 88 46 28 60 67 55 2 66 83 12 58 69 95 29 76 13 35 9 71 40 34 41 72 4 8 52 49 73 31 53 22 70 32 26 20 24 30 59 23 63 5 17 39 80 6 57 78 91 10 48 43 15 11 44 36 96 87 18 42 68 75 33 7 56 54 1 79 21 85 65 61 86 47 25 3 51 38 81 93 84 98 16 74 14 99 100 89 82 62 97 
52 40 7 36 65 58 63 8 67 92 51 33 4 90 17 10 61 78 76 44 59 85 28 62 79 5 43 57 97 56 91 47 54 69 46 53 73 99 18 83 14 89 29 80 87 48 12 13 68 20 22 49 96 77 41 23 3 19 88 16 70 32 37 35 21 100 26 15 50 1 38 55 81 86 9 24 25 60 93 75 71 74 30 6 31 82 64 2 72 45 84 34 66 39 27 11 98 94 42 
95 30 57 71 81 68 31 2 65 75 77 48 46 59 61 16 42 14 92 32 43 80 88 4 54 37 45 1 100 83 18 41 93 79 24 9 20 52 15 23 91 63 98 3 29 64 51 76 5 10 50 13 11 19 39 12 97 74 38 33 6 84 26 44 8 70 34 25 66 21 72 73 87 36 99 62 40 56 53 17 55 58 35 78 67 86 90 47 28 85 82 89 49 60 94 7 27 22 69 
25 63 42 23 93 24 57 20 67 84 8 5 27 60 36 56 52 32 29 46 58 90 96 2 76 100 50 40 10 17 92 6 66 64 51 68 19 33 82 77 28 81 41 11 65 34 43 39 88 75 45 87 53 55 71 15 62 61 79 48 49 37 85 12 78 1 14 74 9 22 44 98 18 38 13 73 89 26 47 72 4 7 16 35 59 91 80 31 30 99 21 94 86 3 70 69 95 54 83 
74 55 45 2 6 77 15 40 3 96 10 32 80 27 60 81 87 73 61 64 9 51 12 42 83 79 14 58 94 46 75 62 53 34 41 20 95 89 78 82 59 7 16 8 39 47 85 48 76 69 67 23 90 99 68 92 37 93 1 19 21 52 29 33 56 65 25 36 31 22 18 5 70 49 72 63 91 66 26 11 84 71 30 24 13 50 4 97 88 43 44 86 38 17 100 57 54 35 28 
52 7 21 27 82 96 16 3 66 57 1 42 95 17 72 9 22 54 41 39 20 24 92 32 97 5 94 69 14 15 74 58 44 36 90 86 79 65 70 35 73 80 19 81 76 60 49 59 88 25 56 18 2 91 40 55 68 28 31 84 43 63 10 85 71 6 46 48 100 29 12 38 37 53 64 34 23 8 83 26 93 62 13 67 89 77 75 33 61 30 98 51 4 87 47 45 50 78 11 
78 67 94 84 59 74 30 16 66 64 68 2 26 92 69 61 45 36 27 9 32 80 77 3 1 83 85 18 52 76 93 48 28 91 13 53 7 98 71 10 79 11 42 58 50 21 25 38 6 29 20 82 96 73 81 4 44 56 41 62 39 46 8 5 65 15 14 60 54 86 22 12 37 51 95 55 87 23 72 33 57 31 34 70 89 63 75 40 97 88 35 17 43 90 47 19 49 99 24 
