100
23 19 80 10 75 77 86 7 41 98 60 53 31 27 52 69 33 74 42 17 6 37 18 59 96 50 35 44 29 88 92 87 38 97 63 58 84 62 51 93 99 54 26 81 12 43 9 22 39 3 66 68 24 72 46 70 83 45 21 61 56 5 89 11 14 28 16 91 85 36 95 100 64 20 65 73 2 34 13 40 57 55 25 67 49 71 79 94 47 8 32 48 15 78 30 90 4 82 76 
72 21 88 83 27 15 90 10 11 61 43 92 20 80 62 45 52 48 33 47 36 59 50 91 65 55 93 46 98 41 42 74 57 69 89 64 1 68 63 56 32 81 3 54 44 34 78 18 39 26 37 79 96 60 94 4 40 67 82 9 5 13 28 77 73 66 14 53 95 38 75 97 25 51 17 16 85 22 31 71 24 86 8 29 84 70 58 30 6 87 76 23 100 35 99 12 7 19 49 
94 17 99 11 47 5 63 36 35 74 75 33 71 8 13 30 100 43 81 10 56 51 1 25 89 69 90 93 95 14 48 54 53 38 34 45 6 77 67 86 98 55 41 70 58 68 83 4 84 39 50 23 97 73 12 9 62 91 7 15 32 87 21 85 26 72 29 20 49 96 80 66 52 82 60 37 42 92 57 31 28 24 18 79 78 59 16 27 44 40 22 65 2 64 88 76 19 61 46 
86 13 66 73 19 95 54 62 7 63 60 5 8 30 20 16 17 21 45 84 64 25 53 26 22 59 58 100 65 6 41 78 31 56 2 39 38 55 99 23 88 76 94 32 27 85 28 82 71 18 12 74 90 96 72 15 34 11 70 57 83 44 50 1 33 91 49 89 67 79 87 46 61 93 9 48 3 98 40 97 10 69 42 75 14 52 37 77 29 51 36 35 24 92 43 80 68 47 81 
26 9 15 60 40 41 8 61 34 95 12 86 48 10 85 79 77 46 21 96 50 97 82 65 18 55 92 69 29 54 31 57 67 72 99 47 16 100 25 44 13 76 24 22 53 6 90 43 39 17 23 78 2 49 56 64 89 32 73 59 38 84 42 11 87 88 28 62 81 14 19 71 83 7 98 63 75 80 74 52 27 1 20 4 70 91 30 94 68 35 33 51 93 36 45 37 58 3 66 
2 90 94 96 14 69 55 9 12 59 17 45 84 33 83 4 99 50 67 13 18 88 64 82 95 23 35 79 100 56 70 27 16 32 11 52 46 77 68 38 63 86 75 81 74 89 66 60 39 91 8 71 85 30 97 48 40 92 20 51 54 1 78 44 87 26 42 47 41 29 93 15 65 5 24 76 34 7 62 98 43 3 73 21 53 25 58 37 57 36 19 31 49 61 28 22 72 80 10 
62 66 72 100 60 33 11 82 56 38 21 28 92 3 30 67 40 68 23 19 65 25 59 46 70 42 91 54 37 41 53 81 35 1 71 79 84 87 32 76 73 13 99 55 96 94 45 44 31 9 75 74 18 77 93 4 58 5 34 64 43 27 86 24 26 83 39 47 20 78 97 14 12 69 22 48 8 52 51 85 10 29 57 89 15 16 88 17 90 6 61 80 98 50 2 36 63 95 49 
4 100 97 38 46 91 74 82 39 37 96 10 69 40 32 55 79 81 66 98 31 76 14 49 78 23 92 29 99 47 17 42 72 62 28 58 9 87 33 95 53 50 56 67 5 64 35 54 6 41 7 21 75 90 34 85 88 61 26 27 15 13 12 84 60 73 20 80 25 36 83 48 2 24 57 68 16 71 86 19 94 3 59 70 18 51 77 89 22 1 65 45 30 93 63 11 52 43 44 
47 70 3 25 78 28 38 8 12 37 72 86 20 58 97 27 4 31 29 19 23 53 11 17 89 100 60 75 61 69 51 66 65 56 93 90 2 82 16 10 84 55 79 96 74 21 88 50 13 67 24 73 71 36 87 77 45 26 22 68 14 94 18 81 85 46 99 40 59 49 42 7 57 91 48 44 92 30 98 64 32 35 41 76 80 34 43 95 52 63 33 1 39 54 83 5 62 15 6 
4 42 26 2 85 89 39 25 69 61 50 96 70 72 76 63 86 43 92 83 13 38 41 37 90 16 14 46 97 34 95 35 79 82 6 3 78 59 36 58 68 66 32 64 22 45 84 17 28 19 48 21 56 7 15 60 52 23 81 94 77 54 27 91 100 99 73 57 49 18 74 71 67 55 12 31 88 65 20 40 5 29 80 24 51 9 47 98 62 75 33 11 53 87 44 1 30 8 93 
59 37 89 36 83 54 1 97 100 87 63 14 99 49 84 57 45 75 47 39 65 73 91 3 29 38 68 31 40 64 7 71 43 67 42 17 98 94 85 18 5 82 23 8 78 79 62 50 2 16 12 21 86 95 90 80 13 60 9 20 51 77 66 32 48 92 6 4 69 88 56 55 76 61 74 26 46 10 53 41 44 19 35 58 30 93 27 70 24 33 34 72 81 52 22 15 28 96 25 
41 76 59 23 16 9 50 15 5 86 28 57 52 75 92 63 56 20 60 81 70 74 90 54 39 30 10 72 17 94 87 85 93 45 79 36 42 64 53 91 62 47 25 32 66 58 98 11 24 4 29 43 38 69 96 40 35 27 1 46 37 22 49 6 84 2 83 8 71 80 26 3 97 78 13 34 99 14 100 95 18 65 33 82 44 77 61 88 89 51 73 7 31 55 19 21 68 48 67 
19 72 96 2 4 48 31 10 26 53 61 97 100 95 64 55 25 58 52 17 70 3 32 30 34 24 29 33 81 36 63 67 37 42 16 98 82 39 20 8 75 80 38 11 5 18 56 47 27 66 93 45 65 59 44 87 7 12 60 14 91 15 57 69 40 77 99 1 9 92 41 85 68 88 86 46 83 78 89 49 54 74 62 51 43 84 23 50 73 35 79 76 28 21 90 71 22 94 6 
98 35 10 15 74 29 61 4 100 90 70 41 79 47 24 39 18 6 16 52 67 37 66 21 73 94 80 7 58 68 11 99 95 22 81 53 69 65 19 64 3 55 44 50 92 89 93 51 87 71 96 17 88 9 77 12 23 2 57 30 8 86 78 43 85 40 13 45 62 27 54 36 60 25 42 72 5 48 75 97 33 59 63 34 1 76 20 56 83 46 28 38 26 84 32 82 91 49 31 
50 47 80 13 37 44 61 27 39 51 85 3 62 45 2 24 6 60 96 34 95 77 72 7 32 1 9 99 4 52 82 31 84 22 68 54 38 16 59 75 86 41 12 69 57 65 14 53 46 17 19 5 26 87 94 11 97 66 64 33 74 35 93 92 29 63 48 90 55 83 98 40 89 71 43 42 81 73 25 20 88 10 21 100 49 76 28 79 30 67 36 8 58 23 78 70 91 56 18 
12 21 36 46 20 24 85 28 19 65 18 97 1 10 89 13 88 8 60 92 49 48 37 35 29 59 25 56 63 79 91 53 81 77 83 69 64 47 14 5 96 32 22 82 80 42 44 70 67 9 74 30 76 27 86 90 84 62 55 15 99 41 40 66 38 100 6 43 87 71 95 54 93 72 17 2 75 51 98 11 94 34 58 7 23 45 33 26 52 31 68 61 4 50 78 73 57 39 3 
59 71 51 91 28 50 89 11 87 46 33 16 41 44 27 60 90 98 92 36 40 61 30 6 26 22 97 15 66 83 53 2 96 37 74 14 78 79 25 3 8 64 32 21 85 80 57 93 13 100 24 82 38 1 65 63 84 86 43 29 77 19 12 20 55 52 54 73 99 39 75 34 10 9 31 68 81 23 76 56 58 42 94 72 69 18 48 62 70 5 49 7 67 88 95 45 35 4 47 
96 93 20 64 58 92 6 31 14 12 10 61 32 97 9 77 56 49 100 63 85 16 84 38 65 24 62 25 21 70 57 54 29 79 53 89 68 30 22 8 82 90 35 39 94 27 71 34 91 1 5 73 59 52 41 19 95 98 2 51 46 15 76 55 47 45 7 37 3 13 36 26 40 11 17 42 28 81 78 4 74 48 23 88 99 60 66 69 67 33 86 72 75 83 87 43 50 44 80 
96 92 15 91 70 54 2 95 81 6 85 37 50 20 80 84 8 55 31 26 38 25 28 61 30 22 34 13 47 86 93 33 5 77 67 68 27 62 41 24 7 12 75 11 43 49 60 63 82 53 3 78 46 9 69 98 65 36 17 64 44 72 45 73 58 76 57 40 87 10 42 89 59 21 39 100 52 99 83 79 97 66 29 48 90 74 56 1 23 18 32 71 51 88 14 35 4 16 94 
88 55 64 23 39 43 77 35 57 66 5 90 56 11 9 38 30 54 14 81 1 10 89 29 94 75 61 4 76 47 32 62 40 45 36 78 18 48 70 83 21 91 98 72 50 26 73 8 31 15 100 84 85 58 87 86 41 34 79 24 12 71 80 42 27 25 6 19 7 33 74 37 96 65 51 28 92 93 2 59 95 69 13 44 17 46 52 22 16 99 53 82 67 68 97 3 63 49 60 
88 4 15 46 13 7 97 48 27 55 37 77 14 63 64 26 40 12 85 47 80 82 25 74 33 1 8 9 87 65 42 75 100 57 92 19 78 69 45 24 35 22 18 11 2 52 93 81 94 83 67 51 66 58 49 41 32 61 62 54 68 99 29 53 72 60 73 20 10 34 71 17 90 96 28 30 50 16 3 98 95 44 70 79 89 59 38 6 91 31 39 5 23 56 43 86 36 76 84 
16 44 45 86 72 96 9 55 30 99 66 75 46 27 60 59 89 38 50 98 92 7 76 57 36 17 49 77 95 29 65 73 53 82 8 10 56 14 19 62 83 24 78 48 41 74 81 71 97 42 52 54 32 94 100 31 40 90 5 69 91 51 11 2 15 13 3 87 80 88 18 58 47 1 79 21 61 34 84 67 23 33 43 25 68 28 37 20 26 4 85 63 39 64 35 12 93 6 70 
47 81 73 6 15 13 95 98 11 42 76 38 87 60 10 56 70 18 32 48 75 1 41 9 64 27 67 3 69 99 83 26 97 49 7 96 100 46 28 88 19 34 92 8 63 40 55 78 36 31 79 62 71 84 35 80 24 89 72 51 39 21 4 33 14 44 43 61 53 20 45 25 29 90 93 65 50 91 2 74 54 52 17 94 58 30 86 82 22 37 68 12 16 85 57 5 66 59 77 
64 4 10 33 32 19 66 56 2 25 36 9 98 71 96 12 79 26 44 38 55 93 27 31 30 95 6 91 89 90 73 13 82 53 85 50 45 47 48 16 20 23 84 74 69 75 1 58 28 81 5 97 83 65 68 7 18 57 76 42 49 72 14 61 15 86 54 37 80 52 29 60 51 8 43 59 11 88 67 78 3 62 77 35 21 46 41 100 39 34 87 92 22 94 40 17 70 99 63 
24 63 79 65 45 28 58 71 48 91 4 39 54 13 44 87 19 47 10 99 90 73 2 30 88 61 8 26 86 16 27 41 9 82 6 74 3 36 56 76 53 70 12 46 42 60 35 20 50 84 17 43 67 93 85 32 33 75 95 23 96 62 77 81 55 40 18 92 89 57 68 22 59 97 80 5 38 15 11 64 100 94 37 72 52 34 98 29 21 31 1 78 14 51 83 7 49 66 69 
97 16 21 42 93 84 59 94 11 7 78 72 96 8 54 23 71 74 13 52 15 89 88 76 29 28 66 60 30 77 83 56 64 50 81 73 40 62 3 14 55 51 85 31 100 63 48 4 49 17 53 75 99 68 95 47 5 20 80 6 41 1 24 25 69 57 98 34 19 61 36 39 12 27 10 65 37 38 35 43 44 70 82 86 90 58 87 22 9 33 46 91 18 67 32 45 2 79 92 
71 85 24 33 87 28 57 53 20 7 56 61 34 90 96 42 30 60 95 76 40 89 4 70 44 69 67 75 14 98 78 88 79 10 74 50 82 94 8 36 15 54 84 66 48 16 17 55 46 92 38 2 9 64 12 68 58 13 77 11 21 63 45 62 39 91 31 23 19 99 37 72 41 1 73 93 43 81 65 25 59 47 80 22 6 86 97 32 35 3 18 83 29 52 26 5 100 51 49 
93 52 26 92 35 58 78 18 53 56 8 4 38 10 21 87 30 73 99 80 27 59 64 65 41 15 89 9 6 69 81 55 77 34 90 50 51 66 91 43 44 47 11 37 1 19 83 63 74 100 7 95 79 86 88 84 39 29 23 97 17 24 96 49 72 32 54 16 70 85 36 20 5 62 68 22 57 94 76 33 67 45 46 40 12 3 14 42 98 13 61 2 71 31 60 75 48 25 82 
73 88 2 28 32 52 90 1 34 44 66 14 8 51 81 16 22 26 84 99 4 20 67 71 87 18 79 35 69 72 13 30 42 15 56 23 40 24 100 6 60 36 21 80 3 31 77 76 49 68 61 82 33 93 12 92 91 96 57 37 83 59 62 38 9 50 45 78 11 63 46 65 98 47 10 17 95 19 43 64 7 74 70 97 25 39 89 54 48 5 55 27 58 53 85 41 86 75 94 
89 35 84 75 73 29 44 56 55 28 26 96 5 32 39 4 31 11 25 41 99 69 53 17 85 10 2 71 98 51 57 47 9 20 23 36 45 95 50 3 33 49 62 15 92 60 59 64 52 63 42 37 93 100 16 78 21 70 86 6 27 43 97 82 61 54 19 46 12 90 80 24 48 76 74 88 8 87 83 72 38 1 68 13 91 81 65 14 79 94 67 58 22 34 66 77 18 7 40 
78 41 12 21 98 62 79 48 50 99 67 37 71 45 83 89 96 74 14 5 19 58 10 88 100 92 25 24 60 61 94 87 16 11 18 2 56 40 69 90 32 54 55 49 82 29 68 52 27 43 75 93 23 38 73 9 7 8 77 15 13 28 4 3 91 57 80 65 17 97 81 39 53 64 30 22 26 47 63 85 42 36 86 72 35 46 95 6 44 34 1 33 76 59 20 84 70 51 66 
81 90 77 7 6 48 74 39 53 21 96 37 28 59 60 23 63 94 70 40 31 44 55 58 57 71 79 41 88 76 78 18 22 2 61 92 34 62 4 30 3 13 52 15 33 54 65 51 27 89 91 16 66 50 99 24 85 11 68 67 36 10 9 97 93 8 14 100 72 87 86 80 75 17 26 35 69 12 25 82 64 47 1 56 38 83 46 73 98 43 19 20 5 49 45 84 42 29 95 
56 25 36 40 38 77 71 81 74 2 64 88 86 83 67 98 8 76 26 34 46 3 32 97 5 45 10 23 42 62 80 19 100 27 13 24 12 95 52 65 57 63 90 72 69 60 73 15 6 4 37 53 49 31 78 44 91 75 21 92 11 99 68 16 35 55 66 89 14 28 82 96 48 50 58 43 18 22 79 30 51 85 47 7 61 54 20 84 1 59 29 93 9 94 87 39 41 17 70 
95 28 8 50 82 24 15 43 22 33 64 72 27 42 89 1 17 84 36 88 91 51 77 81 56 16 78 2 62 59 67 19 11 83 29 25 79 26 63 49 35 54 61 76 60 73 5 90 23 7 10 53 6 31 87 97 98 39 13 100 20 74 21 80 94 41 44 48 93 58 40 75 66 4 32 38 14 12 99 55 52 9 30 70 18 3 96 57 85 47 45 69 46 65 37 68 86 92 71 
39 79 46 66 58 63 84 37 25 77 11 50 4 76 14 73 53 42 100 21 3 99 34 43 68 82 44 80 83 78 57 86 31 65 71 67 28 90 20 91 18 61 62 41 9 16 22 36 48 33 38 13 75 88 19 69 70 45 32 93 64 29 60 5 8 59 27 92 6 54 2 17 96 10 97 89 81 1 47 23 74 72 30 87 85 15 24 56 7 12 40 49 55 95 94 51 52 98 26 
18 10 34 87 81 77 68 94 9 63 44 24 58 73 93 47 97 80 17 2 48 31 66 33 50 16 75 46 52 98 1 64 30 41 32 67 42 20 56 6 62 21 19 26 40 89 55 57 35 15 70 96 88 29 92 43 13 37 7 22 8 61 38 83 28 60 76 51 74 3 5 25 86 95 82 49 27 12 45 14 84 23 79 85 39 69 90 4 99 100 11 54 91 65 53 59 71 72 78 
91 52 1 78 45 3 66 33 65 88 70 62 43 92 56 64 44 16 31 40 41 94 39 36 90 6 14 54 4 8 9 15 13 57 24 2 81 79 12 72 19 59 30 77 80 100 93 55 7 47 50 87 86 26 5 10 98 38 32 18 63 67 96 28 60 20 71 61 46 48 69 89 83 74 51 68 42 53 76 29 34 17 22 85 73 95 49 82 99 11 97 58 23 75 84 27 35 21 25 
60 19 37 24 88 91 22 29 92 78 36 49 10 94 47 75 33 59 16 12 51 2 100 20 69 13 42 79 61 72 8 26 45 58 97 53 30 66 31 25 89 86 28 5 82 55 6 1 98 73 48 27 17 35 90 52 46 15 87 23 68 21 77 95 99 7 40 56 67 57 9 54 83 65 14 84 43 4 32 50 34 76 3 81 85 64 11 18 93 74 62 63 80 70 39 41 44 71 96 
49 45 3 92 33 98 24 48 100 47 61 50 76 44 86 46 2 65 29 53 90 43 16 11 35 7 32 25 60 55 88 85 74 26 69 21 8 31 87 27 18 6 5 52 59 14 28 83 4 17 99 56 63 15 22 77 89 57 67 1 80 51 68 40 9 82 97 37 81 96 91 66 93 72 34 41 75 36 19 38 23 78 73 13 64 42 20 84 12 62 70 95 54 30 94 79 71 10 58 
4 62 35 50 29 80 91 15 57 13 77 32 3 27 56 72 23 7 89 24 51 97 39 18 79 17 74 48 42 11 53 60 78 34 36 87 94 98 93 16 71 99 25 9 95 37 54 22 45 75 86 6 14 59 8 10 2 20 30 81 82 46 68 70 84 61 26 31 52 38 49 90 44 5 65 100 21 69 41 19 55 1 64 92 58 12 43 83 66 28 47 88 76 73 33 96 67 63 85 
79 56 26 54 12 89 98 33 61 2 94 73 65 49 80 90 44 9 69 20 60 62 93 29 36 46 38 16 17 18 40 7 66 86 67 99 81 100 96 59 3 92 5 52 14 8 84 53 1 35 42 71 85 72 21 95 83 30 22 51 70 27 48 15 11 37 32 25 6 4 19 10 74 24 57 76 34 88 82 39 45 55 68 43 13 50 63 78 91 31 77 64 75 23 47 97 28 87 58 
88 50 43 2 62 11 4 46 47 60 9 29 24 67 54 49 52 81 76 7 61 21 23 35 39 1 84 36 33 86 65 14 72 19 94 3 32 80 66 73 6 38 64 90 74 31 58 85 51 18 99 56 34 48 44 25 95 55 15 70 78 20 26 37 13 53 41 98 92 71 10 79 97 8 100 63 5 30 75 28 77 17 69 12 83 45 82 16 68 96 87 27 91 57 40 59 89 22 93 
70 100 45 5 46 9 68 41 66 38 54 80 57 18 95 19 99 65 94 89 61 93 85 82 55 23 50 74 3 75 20 40 60 34 51 76 24 59 73 33 35 29 37 36 31 11 90 77 64 13 58 81 17 91 67 32 10 8 52 39 72 97 16 69 2 63 48 12 27 49 98 47 71 78 84 92 15 56 83 53 62 4 79 26 88 22 42 87 86 6 44 25 96 1 14 30 7 21 28 
16 41 61 95 84 42 18 79 78 97 48 50 52 24 88 6 22 11 14 94 47 4 2 72 5 56 21 60 10 12 80 64 54 91 8 77 32 31 23 70 38 57 25 29 39 46 68 76 92 13 93 83 63 45 90 81 17 37 85 51 89 100 43 71 28 59 49 96 35 1 40 82 98 69 87 33 65 53 55 20 66 74 34 15 58 3 36 62 86 75 73 7 30 9 99 27 19 26 67 
99 20 66 69 34 18 84 93 31 32 14 10 38 8 92 79 97 83 98 28 12 48 42 36 19 35 6 4 52 22 53 82 3 2 11 81 91 70 58 51 59 74 9 7 90 89 16 1 100 57 40 29 43 78 25 27 63 56 23 94 50 13 75 65 44 41 64 76 37 46 77 87 55 73 67 88 71 17 61 54 49 68 21 60 86 72 96 30 80 33 24 15 62 5 85 26 47 39 95 
67 18 29 26 22 66 77 69 35 31 79 54 5 45 98 62 82 80 74 30 32 53 13 48 55 40 84 1 72 75 61 73 4 21 64 17 15 50 16 8 49 68 97 28 83 24 6 2 44 23 85 47 43 39 86 34 27 99 11 41 65 25 89 12 58 52 81 95 78 20 14 76 60 36 70 9 87 19 7 59 33 88 91 71 10 38 93 92 96 42 90 3 37 51 100 63 57 56 94 
72 14 34 86 64 68 10 31 57 19 66 16 15 36 70 44 54 13 5 7 69 61 67 71 55 85 40 3 91 96 76 18 8 59 77 42 50 82 58 43 21 22 37 38 48 80 92 39 28 63 65 79 73 78 25 2 74 94 6 97 90 51 93 99 81 49 30 52 24 23 20 89 83 4 41 98 11 100 1 45 60 9 17 35 12 88 87 27 84 75 95 32 26 29 33 53 62 46 56 
31 79 62 41 19 37 71 73 100 29 36 80 94 69 90 89 43 39 64 9 98 7 68 5 44 77 46 40 75 83 58 95 26 88 2 52 14 10 96 56 72 25 82 3 54 35 60 23 91 34 59 18 8 93 87 16 63 49 15 85 67 92 81 76 99 65 20 11 4 1 12 42 86 22 50 57 53 32 13 55 24 27 38 47 6 61 97 33 78 30 28 45 21 84 66 17 51 74 70 
35 4 26 90 12 6 55 3 60 99 41 7 11 73 61 70 46 83 23 87 47 10 14 15 76 57 9 29 19 72 82 64 95 88 93 28 40 78 13 89 16 66 25 86 96 5 68 32 91 59 33 42 8 20 27 51 50 53 94 69 63 31 2 81 74 52 37 44 85 43 1 71 56 98 62 92 65 54 80 30 100 45 48 18 24 17 39 36 84 58 21 34 79 75 67 22 77 38 97 
59 83 63 22 100 70 32 56 10 33 19 28 61 13 4 44 52 40 53 18 3 48 24 20 98 86 23 82 67 60 27 16 99 51 15 39 96 94 45 49 62 72 90 1 9 14 87 73 31 80 66 17 89 76 92 37 55 54 58 71 21 95 77 26 36 43 47 41 5 12 68 78 93 30 65 79 38 88 6 64 57 69 97 46 7 35 29 74 85 42 8 34 25 11 2 91 84 81 75 
99 88 20 75 58 7 10 29 43 34 41 12 82 50 60 19 9 35 93 67 37 25 44 86 40 30 56 33 24 1 36 4 8 3 78 74 71 5 95 68 100 76 48 84 17 2 59 57 38 61 23 22 85 11 70 91 92 73 6 49 62 31 90 27 16 69 52 18 65 53 15 64 66 80 39 77 14 46 81 45 83 79 87 97 94 21 72 98 32 47 55 28 89 13 54 42 26 96 63 
53 22 10 41 61 44 5 27 16 40 45 70 68 42 21 38 88 71 72 81 78 75 90 97 8 50 3 25 39 2 1 99 4 87 96 59 26 49 64 43 74 7 20 6 89 11 84 60 79 66 83 24 57 30 82 47 36 35 12 58 63 37 29 32 69 85 15 77 65 28 19 48 91 31 73 54 46 14 18 9 13 67 94 95 92 62 86 100 76 98 55 17 80 33 23 51 56 34 93 
30 54 84 77 1 21 7 25 8 23 65 37 2 89 31 95 26 62 80 75 36 97 43 76 35 78 74 16 57 18 93 86 49 81 39 60 3 44 70 5 100 47 34 33 12 14 15 82 87 73 45 46 38 50 10 63 11 68 55 59 61 91 42 72 98 83 71 69 99 20 79 66 56 29 6 4 96 48 40 67 22 17 19 24 52 85 51 58 90 92 64 41 32 88 13 94 28 27 9 
40 11 75 30 66 64 2 1 23 14 36 100 17 7 87 72 79 19 73 46 41 62 20 65 68 48 69 42 10 99 70 21 13 84 44 12 96 98 22 34 90 67 31 94 47 78 6 33 97 45 8 83 56 88 28 52 82 77 26 39 43 76 15 53 9 61 58 91 93 4 3 89 95 25 49 27 5 80 55 92 63 32 37 16 18 57 29 24 59 74 85 50 38 35 86 81 71 51 60 
15 43 78 23 13 20 28 25 81 93 85 100 50 80 34 83 57 49 66 53 84 1 76 8 7 70 26 16 24 77 89 40 59 5 98 18 94 92 82 47 35 14 75 42 22 68 71 73 19 48 88 38 96 95 33 27 74 72 30 12 62 61 46 29 58 54 97 60 11 41 69 37 67 65 44 32 90 6 39 79 4 64 2 86 91 3 52 99 31 51 21 45 36 9 56 87 17 10 63 
29 44 43 67 33 78 46 96 50 92 34 41 24 22 21 54 61 9 59 69 86 64 83 42 25 19 12 36 52 30 20 87 49 89 10 48 39 60 13 62 53 51 47 97 55 26 79 88 84 77 81 11 71 37 4 85 65 75 98 16 6 57 31 80 32 91 40 68 93 70 2 27 66 99 82 1 3 58 8 74 14 28 95 35 17 45 18 90 73 72 76 15 100 5 7 38 94 23 63 
92 20 6 45 21 90 58 91 22 67 50 35 71 49 93 23 68 73 42 94 19 4 80 77 15 40 24 64 55 53 88 60 16 62 51 48 98 5 25 17 69 84 87 43 36 31 47 83 34 75 95 38 1 72 26 14 30 37 32 13 9 82 2 81 99 59 86 85 41 66 96 18 78 79 7 33 10 29 12 27 65 46 74 44 39 3 52 76 100 11 70 28 61 8 56 89 63 54 97 
11 74 18 95 62 23 61 2 99 91 93 55 79 87 49 12 8 33 69 89 25 84 46 48 22 39 72 29 41 38 56 100 64 4 35 70 94 34 81 77 88 54 53 9 96 66 75 98 36 97 76 27 71 73 50 67 43 37 90 16 5 51 24 40 85 7 52 13 26 3 63 6 17 83 57 14 15 28 42 86 44 1 82 60 45 19 78 59 80 92 31 30 65 47 21 20 10 32 68 
36 64 62 13 97 18 26 87 57 54 63 25 46 42 92 5 51 33 15 39 8 6 31 73 30 81 90 3 7 32 98 11 20 43 34 1 86 28 23 84 100 16 53 9 69 12 52 14 47 79 17 75 72 74 21 2 19 77 48 65 96 27 22 68 99 82 24 41 89 95 94 38 37 4 93 40 49 58 85 50 80 10 83 67 66 56 76 70 29 55 45 88 91 35 60 44 61 78 71 
21 43 58 16 100 51 2 75 38 46 99 6 56 91 3 71 33 27 40 92 66 14 39 18 52 42 23 88 97 11 80 54 4 7 76 72 37 74 17 8 31 32 12 84 98 47 29 63 93 69 26 28 9 15 82 77 19 10 25 85 5 22 83 20 96 95 90 61 24 86 35 45 59 87 48 79 44 1 57 68 94 65 36 55 70 34 41 81 89 53 67 73 49 62 64 30 13 78 50 
41 54 7 63 65 59 71 80 3 4 84 64 97 1 50 23 62 78 40 35 48 85 13 42 98 94 17 77 37 58 89 93 5 81 47 75 49 16 67 31 52 26 9 74 18 68 88 92 30 39 8 99 76 12 22 51 55 56 14 21 28 27 95 24 83 70 96 100 36 15 57 91 82 87 86 25 53 43 44 69 6 66 90 32 45 19 34 73 10 38 60 79 72 20 2 46 29 33 11 
13 60 80 4 85 17 11 52 74 3 57 64 66 59 19 44 75 1 63 43 77 69 91 50 99 42 98 10 34 55 2 48 73 82 41 89 47 51 16 65 83 12 72 93 90 97 20 8 18 67 71 95 76 29 38 6 40 61 79 32 49 26 5 70 28 24 39 30 46 84 15 25 53 35 9 96 33 68 94 100 56 31 21 7 78 86 23 92 45 54 14 88 36 27 81 37 58 22 87 
3 39 1 49 81 71 46 87 29 72 19 80 95 4 8 42 33 41 83 48 70 53 45 88 74 67 40 13 90 79 36 25 52 35 57 97 55 34 37 9 14 54 21 58 76 66 82 11 18 26 65 51 73 43 56 23 100 22 5 16 84 7 50 10 28 31 24 30 91 94 44 77 12 17 68 27 62 89 59 64 15 47 98 96 32 92 6 86 78 99 60 38 61 2 75 69 85 20 93 
92 67 11 12 14 83 29 57 65 96 58 93 43 1 52 8 22 73 69 18 47 63 38 82 94 26 27 90 13 51 39 23 7 74 24 17 15 44 86 55 50 56 25 98 77 84 19 31 100 91 54 66 72 45 87 42 5 79 32 9 28 95 68 97 99 35 4 41 78 59 21 61 46 85 75 34 81 40 33 20 30 70 2 16 10 89 49 71 6 88 60 80 62 76 37 3 53 48 36 
20 72 25 22 85 73 51 86 19 97 4 96 29 58 45 1 80 71 34 41 56 78 9 43 33 99 64 11 14 47 3 21 69 74 6 40 37 52 23 54 61 75 10 2 12 57 77 46 100 39 60 26 48 62 68 55 76 50 32 95 24 70 28 7 93 98 16 31 63 92 44 38 53 87 18 79 8 42 94 90 83 5 59 89 35 67 13 88 82 91 84 66 30 49 27 81 36 15 17 
96 11 69 59 29 67 46 6 57 76 38 47 71 21 28 2 42 40 7 78 97 79 94 63 39 51 62 34 35 84 45 27 82 15 4 36 8 37 88 98 75 12 26 65 80 83 5 33 19 48 100 93 50 73 20 41 55 53 49 86 22 9 90 70 24 58 99 31 16 25 56 81 54 64 91 1 95 60 68 74 87 13 77 92 61 43 30 23 44 3 85 14 72 89 17 52 32 10 18 
63 1 20 98 86 93 41 40 3 52 73 48 62 94 88 24 80 2 50 42 75 85 100 7 38 35 90 76 27 34 97 15 17 37 79 95 91 45 65 23 58 89 82 43 60 46 16 53 61 87 8 26 72 32 74 21 9 10 19 59 39 71 54 78 49 83 44 64 69 18 77 57 36 6 11 84 33 30 68 29 56 66 25 47 55 31 51 13 92 22 4 99 5 28 96 14 12 81 70 
37 3 39 16 63 45 90 67 28 99 58 100 7 79 38 49 33 1 87 15 19 84 97 27 31 12 86 69 10 24 26 92 75 71 44 43 23 29 89 57 30 76 59 41 22 14 70 81 53 42 17 34 95 50 88 36 8 61 54 64 55 66 2 13 85 91 47 82 48 98 80 25 21 77 18 93 83 56 60 78 74 94 6 20 35 62 46 65 52 96 11 72 51 5 4 40 9 73 32 
86 37 74 26 88 54 23 52 5 19 42 78 41 55 64 96 100 32 33 21 67 13 63 30 82 62 77 65 85 38 84 50 71 11 48 6 1 46 57 49 4 68 8 17 20 16 60 73 81 3 45 18 47 94 31 76 39 87 98 80 93 10 59 34 92 99 25 83 24 35 89 51 58 61 12 36 7 28 29 27 70 53 15 79 40 14 95 44 97 90 56 22 2 9 43 66 75 72 91 
99 81 17 94 97 52 96 48 64 87 72 3 13 31 62 24 6 29 45 1 16 84 18 41 37 55 23 69 71 25 67 32 56 15 34 78 63 74 42 68 43 10 100 11 51 9 86 8 14 89 98 59 27 47 85 22 83 79 26 44 77 19 33 80 93 92 28 90 65 95 40 73 91 21 76 53 50 30 60 7 61 4 57 46 5 66 20 49 39 36 12 82 38 75 88 58 35 2 54 
75 72 83 12 6 42 89 67 62 34 32 61 16 22 58 76 87 35 63 70 36 39 56 11 5 45 38 41 8 100 46 20 49 21 10 17 86 74 1 51 96 2 65 90 73 28 77 13 50 30 91 92 14 60 27 78 66 48 80 64 84 15 99 85 4 40 29 18 82 52 68 44 23 54 25 98 26 3 95 37 81 47 79 93 7 53 94 55 31 24 69 19 43 57 88 9 97 33 59 
27 41 29 61 45 51 99 31 86 25 100 67 10 42 39 7 17 28 55 98 20 77 96 63 57 90 35 85 53 56 37 5 75 62 13 12 69 43 38 2 70 60 87 59 18 58 9 30 65 33 54 84 6 93 74 81 24 26 66 76 34 79 78 80 52 11 15 68 97 94 1 46 88 16 71 83 89 49 92 91 8 36 95 82 4 14 40 48 32 19 22 64 50 47 44 21 3 73 23 
1 57 93 65 9 6 25 97 59 63 48 54 98 23 38 19 30 50 67 16 43 95 21 92 28 64 80 27 17 42 39 74 4 68 76 15 32 10 69 62 44 100 90 46 49 55 82 29 75 41 26 66 3 94 56 77 20 24 79 11 84 13 14 5 60 52 36 35 87 37 51 83 86 45 85 58 22 2 81 47 18 33 40 8 99 70 34 71 53 31 12 78 7 88 89 72 91 61 96 
77 99 14 46 7 2 57 5 27 43 61 19 90 1 39 37 6 73 53 23 32 83 85 63 98 93 91 26 21 87 29 44 76 24 64 88 12 69 72 30 28 16 96 70 94 15 86 79 36 33 65 55 84 18 13 68 42 100 66 59 97 11 31 58 38 47 95 81 34 9 48 22 20 54 52 56 80 82 67 49 40 45 50 41 62 3 10 35 8 51 71 4 92 75 25 78 89 60 17 
55 14 99 53 17 18 64 36 30 62 76 38 42 100 24 29 83 37 96 4 22 45 27 98 87 11 44 2 70 71 77 59 12 78 63 58 52 20 34 23 82 9 31 47 50 7 97 19 16 74 15 40 94 28 26 1 57 6 92 33 39 81 51 35 48 66 25 91 84 5 95 90 88 67 85 89 10 65 21 61 68 49 8 13 3 60 72 69 86 79 46 41 54 73 56 93 32 80 43 
79 70 94 68 92 10 3 93 35 22 39 25 84 27 43 53 49 18 21 74 24 89 34 90 26 65 55 32 80 78 28 100 63 98 86 96 69 54 41 62 33 47 48 8 5 77 38 85 9 67 19 40 12 17 42 15 82 11 30 45 95 7 56 36 75 83 29 13 1 61 44 52 97 4 23 81 50 57 14 73 72 60 20 71 46 2 91 59 88 99 51 6 87 66 16 64 37 31 58 
2 68 38 75 91 54 84 11 97 36 80 72 57 52 74 92 49 98 86 87 96 46 56 94 43 3 81 50 90 64 5 89 62 61 58 25 88 27 45 29 69 44 1 37 8 79 39 47 63 60 93 34 95 20 4 99 32 7 17 76 23 21 59 78 26 9 31 100 40 83 33 18 71 73 42 12 65 51 41 24 28 30 67 10 19 14 66 53 48 82 16 35 13 15 55 85 22 70 6 
63 31 11 77 56 75 68 47 54 5 95 35 44 13 28 81 73 98 72 100 62 93 17 65 26 6 59 99 55 84 22 4 91 76 67 36 42 53 83 49 7 3 1 97 25 92 64 52 87 58 85 82 37 29 40 21 80 46 86 61 38 96 90 94 39 71 70 69 32 24 16 33 2 18 30 43 41 23 50 51 20 12 89 60 66 74 48 9 45 15 8 57 79 27 34 10 88 19 14 
81 50 41 43 60 100 5 83 66 39 17 53 30 90 16 65 45 91 86 55 77 10 99 7 38 37 63 31 36 42 28 72 22 34 35 78 29 47 89 62 18 3 21 26 71 73 1 76 6 14 88 85 25 56 98 32 12 92 69 84 68 70 49 23 20 64 74 87 24 8 44 27 96 95 52 9 82 4 46 15 48 80 93 75 97 2 94 58 61 19 51 33 59 11 54 67 40 57 13 
18 92 20 9 57 95 64 8 59 49 6 19 66 10 33 48 40 61 36 81 2 15 79 37 32 39 5 62 72 73 47 65 3 27 4 26 89 69 90 43 38 53 76 98 87 24 68 12 74 1 23 46 21 75 99 31 25 16 82 35 55 63 14 56 78 97 30 22 100 7 28 34 45 52 88 91 86 44 54 29 13 77 83 94 96 50 41 67 85 17 58 60 42 93 84 71 51 11 70 
74 51 67 70 25 40 47 26 19 8 75 7 95 80 5 90 46 98 78 33 68 87 38 16 92 23 31 27 58 50 99 14 62 39 21 24 71 89 20 17 94 54 88 48 73 2 45 86 85 53 44 77 37 3 79 64 41 56 13 30 65 60 93 61 22 18 42 57 82 9 34 63 29 69 52 100 32 83 10 84 43 72 55 28 1 6 76 36 4 11 15 12 97 49 66 35 59 91 96 
31 72 70 78 83 86 56 53 20 16 35 46 51 22 71 99 9 42 29 21 96 77 65 43 30 15 100 58 7 81 47 75 61 24 12 50 79 4 34 92 67 40 57 14 95 11 1 89 68 10 74 5 85 41 44 66 60 38 73 94 91 64 19 93 87 23 63 45 49 17 90 98 36 48 80 39 25 84 54 8 28 69 52 6 62 13 88 26 32 33 97 2 55 59 37 27 76 3 18 
8 76 57 17 37 89 32 73 19 72 86 80 54 31 74 1 42 60 12 27 7 36 6 49 15 45 77 96 55 58 59 84 48 63 30 40 28 23 78 82 5 92 53 81 97 94 39 93 91 3 21 61 90 79 87 14 98 67 52 50 68 66 10 95 88 33 41 85 47 9 75 25 71 29 11 18 44 99 69 56 62 13 100 43 24 34 70 4 46 26 35 38 2 20 65 22 64 16 51 
88 56 97 12 21 100 78 70 91 25 80 51 38 75 89 34 36 48 55 83 54 59 95 27 45 30 98 67 29 13 99 32 92 65 87 9 40 11 57 50 81 41 4 15 44 94 7 37 77 22 61 6 3 52 10 2 85 86 17 49 93 82 1 69 60 71 35 62 64 66 46 24 39 33 28 19 16 63 31 90 76 26 14 68 47 5 8 18 79 43 74 58 42 20 73 72 23 53 96 
71 35 48 38 13 97 93 44 15 53 24 68 6 52 30 5 14 84 49 72 54 100 99 4 89 67 74 21 61 90 95 60 32 50 45 94 26 11 46 64 16 88 82 3 17 59 18 79 78 1 8 70 81 19 51 40 83 36 56 65 33 69 80 12 62 22 7 2 66 41 57 98 9 39 34 63 91 77 31 25 42 75 23 10 20 76 28 58 87 47 27 29 37 73 55 86 96 92 43 
44 78 89 42 28 91 60 9 76 50 61 96 66 82 77 1 39 81 97 48 41 62 3 33 93 68 99 29 38 52 5 47 26 53 83 22 18 14 37 72 98 43 16 74 57 40 32 85 19 71 12 46 15 4 45 30 24 31 55 51 21 100 20 65 34 70 10 67 54 56 63 23 17 64 59 8 13 49 6 11 80 88 35 36 84 94 73 69 27 75 79 95 87 7 90 2 25 92 58 
60 71 74 46 42 8 84 12 24 31 75 92 36 30 90 54 2 34 18 59 28 13 53 16 61 1 39 50 76 81 44 73 94 65 93 63 88 49 68 80 85 51 35 7 98 21 22 25 69 78 11 33 37 55 99 32 48 67 72 52 89 97 100 15 62 43 82 57 40 4 3 6 79 10 5 56 83 26 91 27 38 41 29 70 86 19 17 45 95 20 77 47 96 66 9 14 64 58 23 
40 26 52 42 59 57 86 94 63 28 61 65 15 77 21 36 1 51 18 74 91 17 62 27 71 85 72 64 90 96 99 76 23 79 93 100 44 83 7 84 5 81 55 13 19 87 2 53 33 47 3 60 30 67 48 97 69 45 56 35 98 11 75 9 20 78 46 54 89 8 6 34 31 82 12 49 22 38 50 43 25 29 70 16 37 41 58 80 92 39 14 68 95 24 73 32 10 4 66 
92 31 42 71 21 54 67 14 13 74 69 34 27 6 24 76 12 8 43 47 1 49 23 41 57 15 56 66 63 88 73 44 59 20 83 85 18 58 25 96 68 33 32 93 86 94 28 10 3 11 98 5 82 19 37 79 4 35 75 95 50 80 70 46 100 99 97 52 78 84 17 65 51 39 77 7 48 81 61 62 60 45 30 72 2 9 90 29 53 36 55 87 16 22 64 91 26 38 40 
40 93 52 63 59 74 36 84 41 23 69 94 2 61 58 3 17 96 85 5 77 29 55 88 81 33 26 62 76 79 28 47 92 98 51 53 15 49 56 44 78 32 97 38 73 89 43 46 45 35 12 86 19 4 9 60 39 100 82 64 75 54 65 8 72 14 57 16 48 10 87 13 37 11 80 99 34 42 1 66 18 67 95 83 20 68 71 50 25 30 27 7 6 24 70 21 22 31 91 
79 20 90 24 53 71 68 45 58 56 49 97 5 44 23 93 1 46 74 75 88 32 14 13 12 25 89 61 41 85 50 10 94 96 60 83 65 37 99 86 67 22 43 26 47 3 27 2 33 28 8 35 21 64 31 62 92 70 78 69 6 72 81 19 73 52 30 15 39 48 38 63 76 40 54 11 80 100 87 55 82 16 17 95 84 42 59 7 98 66 29 34 18 51 36 9 77 4 57 
14 97 5 42 7 59 45 85 29 94 100 87 95 77 66 51 3 88 75 17 64 53 69 72 79 13 50 65 57 91 84 89 30 81 82 19 35 4 10 63 27 26 99 62 36 67 31 55 41 61 90 74 68 44 39 47 96 43 60 15 86 23 83 22 93 98 33 12 70 16 34 25 37 52 78 40 32 20 1 54 58 80 73 9 38 2 21 18 8 28 46 49 24 11 48 71 76 6 56 
66 81 97 9 38 26 50 2 60 14 47 85 5 74 100 1 42 87 19 86 32 94 37 84 78 51 67 25 34 49 77 28 16 55 82 71 80 70 79 56 89 40 69 4 45 10 72 33 12 29 92 41 22 64 36 61 73 99 75 54 44 65 30 95 11 76 57 7 98 53 21 83 31 58 48 20 24 88 90 62 46 96 23 15 27 43 13 35 39 59 17 8 18 6 3 91 52 68 63 
14 81 60 3 78 47 89 79 97 36 51 77 64 82 7 44 80 76 70 4 98 50 67 15 75 45 28 65 38 73 41 100 9 96 91 40 23 35 63 25 95 74 30 84 22 20 27 92 58 29 6 93 72 83 55 56 48 99 2 13 8 52 71 85 39 32 46 31 17 86 5 42 1 54 33 12 19 88 68 66 69 34 43 10 16 37 18 53 87 24 61 21 57 90 49 26 62 59 11 
85 3 26 9 49 43 77 24 30 13 56 21 63 6 66 88 55 64 89 23 37 33 50 1 15 86 98 81 39 44 80 70 74 94 57 65 54 72 27 32 87 58 41 35 71 53 91 29 59 45 2 79 25 48 69 62 31 68 18 10 5 99 42 84 17 93 76 52 47 90 28 78 22 7 51 34 92 83 8 60 40 12 46 100 96 11 82 36 73 61 67 19 38 97 75 20 14 4 16 
91 53 60 90 42 51 76 86 11 46 72 14 61 32 99 38 9 56 48 85 36 52 18 57 21 70 66 55 15 98 41 7 71 17 49 79 19 75 10 94 23 78 62 39 68 22 47 29 2 43 83 92 13 95 31 88 80 59 33 87 5 30 37 12 77 25 97 73 28 82 65 50 27 89 35 3 26 84 1 6 45 64 24 69 58 67 34 93 74 16 4 81 44 8 54 40 20 100 63 
46 60 21 80 7 82 84 34 11 28 85 88 15 35 31 39 64 9 86 22 76 8 63 74 25 43 10 44 42 75 5 49 1 73 53 93 40 50 51 100 45 67 65 92 83 79 16 55 94 3 13 58 95 4 56 47 27 20 6 87 19 38 48 23 54 71 89 14 29 70 72 2 62 99 24 41 81 18 91 52 61 12 90 26 98 59 77 57 78 69 33 32 96 66 30 17 68 37 36 
66 91 48 60 34 68 20 26 54 23 31 15 75 30 35 22 85 74 92 45 86 49 1 4 2 32 89 97 79 78 80 61 38 40 100 36 63 67 52 42 53 12 83 59 11 84 29 96 76 18 51 7 27 57 47 9 94 43 14 8 41 88 28 37 39 87 72 55 44 19 90 64 73 33 25 10 77 65 95 58 93 21 24 13 16 71 3 70 46 5 62 82 69 17 81 56 50 99 6 
88 56 12 6 90 11 38 4 76 82 71 2 98 74 30 8 48 59 80 62 95 61 34 45 40 35 16 5 24 37 33 21 22 97 94 73 28 1 9 79 78 27 51 26 39 20 100 19 44 17 93 77 52 3 54 57 96 50 36 42 68 46 47 63 75 58 70 15 87 10 7 72 49 13 81 55 84 64 23 29 89 92 91 67 60 43 18 85 25 41 14 66 83 69 65 32 31 86 53 
7 20 13 32 8 67 24 21 38 85 47 62 78 1 10 76 65 57 27 39 63 52 90 35 59 3 26 46 53 49 99 33 36 23 86 19 68 80 12 61 16 9 56 95 91 66 34 96 2 22 74 58 92 50 82 98 15 88 30 79 5 43 75 51 55 71 97 45 48 83 31 81 4 84 72 17 93 42 73 70 87 64 14 44 54 6 69 60 77 40 29 41 37 89 11 28 94 25 18 
