100
5 45 56 69 95 44 62 51 42 53 17 54 22 32 100 12 59 91 67 39 57 70 18 8 92 33 87 35 78 64 86 79 73 31 6 48 99 66 37 82 60 3 15 20 68 72 4 23 50 11 75 96 81 74 93 49 41 34 30 29 98 19 55 83 14 24 63 16 61 58 77 80 52 7 84 2 38 26 47 46 97 88 21 40 25 71 94 36 76 90 13 28 85 65 10 43 27 89 9 
97 80 44 84 76 61 7 37 73 68 70 19 42 45 14 16 91 11 15 77 75 8 3 22 26 32 5 62 20 9 64 78 95 53 89 54 30 38 99 12 31 85 55 24 33 83 40 49 29 63 65 13 1 94 93 98 86 25 27 21 18 50 52 28 6 47 39 82 60 46 36 81 69 90 35 59 51 56 92 67 58 57 48 100 72 74 71 4 43 66 34 17 88 87 41 79 23 10 96 
99 33 80 12 43 63 21 67 88 19 32 75 50 57 72 62 15 92 65 68 70 41 17 79 59 95 89 42 13 69 35 10 46 1 38 39 49 29 34 2 7 11 16 90 66 8 24 76 14 18 87 26 4 82 54 28 40 81 83 47 85 91 48 45 44 64 84 5 94 6 60 93 56 61 78 100 96 86 30 58 73 9 97 22 36 20 53 74 55 52 98 71 23 27 31 37 77 51 25 
30 27 50 8 12 95 83 82 33 19 74 1 43 55 17 21 20 24 98 26 77 94 88 72 5 81 25 61 15 31 56 44 68 3 70 89 58 78 45 37 60 93 57 2 46 85 13 36 53 99 79 91 86 23 59 47 90 84 100 65 64 42 18 10 66 51 87 76 9 38 28 14 34 52 67 54 97 71 41 69 49 7 96 11 75 6 62 48 35 73 92 63 22 16 80 39 29 40 32 
77 73 27 54 84 65 31 55 76 51 39 50 88 43 38 4 86 22 64 80 78 35 23 74 46 96 11 85 75 67 41 100 56 6 63 18 60 97 13 94 37 9 25 49 83 45 14 87 15 26 61 3 89 72 17 53 90 20 2 42 58 19 92 8 21 98 44 36 24 7 91 40 10 82 34 66 99 30 47 48 29 69 70 59 62 93 32 1 16 95 12 28 33 57 71 79 81 52 68 
50 31 78 66 79 4 91 96 93 29 76 14 21 35 57 25 26 11 49 47 63 89 36 70 22 24 77 15 74 42 73 64 67 88 55 80 9 43 90 32 75 13 69 98 16 41 84 7 85 5 20 44 39 17 45 3 38 2 82 95 53 33 10 62 19 65 23 54 92 51 94 1 83 97 52 86 59 71 68 12 87 58 99 100 72 27 30 60 37 8 56 48 18 46 28 34 61 81 40 
57 31 52 12 22 2 10 68 72 41 32 34 28 60 46 19 51 82 9 20 74 21 45 44 90 73 49 75 36 5 100 94 27 98 58 38 85 24 77 97 23 95 16 4 39 89 11 17 25 80 92 6 3 96 50 33 76 66 62 42 1 48 81 13 83 30 14 15 71 18 37 8 79 88 70 67 87 55 61 69 63 26 93 86 84 65 59 40 56 29 35 91 78 64 53 54 43 99 47 
16 68 92 57 23 29 75 34 31 35 15 9 3 69 26 36 66 91 84 95 93 82 42 98 4 80 76 20 58 56 12 71 28 27 19 85 47 77 86 74 90 51 65 73 83 59 37 17 40 49 96 89 30 63 25 38 14 46 61 10 52 43 11 21 87 2 1 79 53 100 88 22 13 55 6 44 24 32 48 50 54 5 41 45 78 97 94 81 18 39 72 62 64 67 7 70 60 99 33 
17 55 45 27 39 15 28 49 90 65 52 29 64 10 42 19 80 2 92 32 11 100 75 47 20 40 88 93 89 44 69 16 73 46 34 87 72 3 12 83 91 78 77 76 54 4 25 59 26 35 18 41 60 13 71 74 36 31 70 99 57 21 94 7 6 67 84 5 95 97 85 33 63 30 79 86 23 22 96 81 68 62 56 48 14 1 98 43 61 66 51 24 50 37 38 58 8 53 82 
64 74 12 80 60 98 52 4 50 7 39 11 1 45 34 25 2 79 8 36 91 38 30 14 76 43 88 83 17 46 73 78 32 42 20 58 97 16 41 29 89 69 94 55 9 44 77 48 49 72 99 5 54 53 70 6 68 63 85 61 19 56 47 90 66 92 95 59 93 57 62 13 28 81 75 22 37 33 40 21 31 26 23 82 65 86 3 100 84 71 96 51 18 67 15 87 27 24 35 
83 66 1 18 96 87 30 31 97 33 41 39 82 24 7 93 50 53 70 5 61 89 67 2 72 63 77 37 51 12 62 90 69 21 8 80 54 17 86 35 13 98 68 75 36 94 29 32 23 91 48 49 47 71 27 73 20 4 58 56 85 28 99 78 88 57 14 38 16 19 9 42 22 46 44 25 10 3 100 65 59 55 26 84 76 43 81 45 15 6 34 74 52 92 95 40 64 60 79 
57 42 55 67 71 32 8 35 90 26 5 27 6 61 96 52 30 62 86 46 1 2 29 79 18 48 100 89 44 81 47 77 40 93 34 28 70 56 54 3 15 74 4 76 91 17 49 21 99 95 25 73 50 84 16 19 59 9 33 37 66 85 58 65 31 10 69 88 87 11 60 83 43 98 53 75 97 78 38 68 24 45 14 51 41 63 94 82 80 36 72 92 20 13 23 64 7 22 39 
72 97 67 19 3 12 77 34 99 41 47 60 94 90 54 87 39 48 65 21 36 38 30 46 32 91 57 33 51 5 78 66 1 45 42 82 18 70 15 62 81 25 11 61 98 8 59 43 24 10 93 31 29 71 16 73 55 37 100 68 40 20 22 50 86 7 74 28 53 4 85 84 56 92 35 95 75 80 44 17 6 27 52 49 14 69 96 9 26 58 2 76 79 88 64 89 63 23 83 
39 99 93 68 58 81 54 29 75 72 48 22 90 7 71 85 44 21 51 79 37 60 12 94 63 78 52 8 97 61 20 23 5 36 88 25 9 59 73 43 6 27 3 30 89 33 17 70 82 19 50 47 92 98 64 18 100 13 67 31 10 83 40 41 76 86 42 16 32 26 2 49 91 62 15 56 96 57 55 80 11 74 53 66 77 35 4 28 24 87 1 46 65 69 34 38 45 95 84 
99 55 65 29 33 37 3 93 53 54 8 81 95 16 47 76 17 1 84 62 19 49 26 91 90 39 68 77 25 42 10 43 73 72 44 60 82 35 20 18 100 71 70 83 50 12 75 56 9 23 87 58 80 48 22 52 64 51 31 24 32 13 96 7 4 40 45 38 30 66 79 34 86 57 14 74 97 36 59 27 11 5 94 89 88 21 41 63 92 6 85 28 2 61 46 78 69 67 98 
26 15 74 100 82 38 59 69 61 98 83 18 77 23 30 57 31 84 21 5 75 52 20 76 89 53 46 44 12 93 1 85 80 9 19 7 81 88 4 68 27 42 65 71 2 62 13 67 92 96 58 11 34 54 41 10 66 91 56 3 32 33 17 95 28 29 72 22 43 35 70 48 37 36 25 94 40 47 79 50 14 73 78 60 45 6 90 8 39 55 51 64 49 86 63 87 99 24 97 
65 34 53 68 100 78 52 27 70 88 41 9 49 40 10 37 44 51 48 83 1 8 26 79 15 67 96 7 21 31 3 55 73 5 98 32 46 50 94 4 13 74 22 85 45 58 82 23 54 92 6 71 90 18 66 87 69 59 47 91 60 36 77 30 35 72 33 95 61 25 80 89 20 14 81 24 56 62 16 43 29 99 38 12 28 76 2 42 86 19 97 57 93 64 39 84 11 63 75 
69 78 14 67 87 34 45 76 16 50 15 85 48 41 93 72 20 37 74 70 5 46 51 83 1 43 7 47 36 26 84 13 90 49 25 88 54 29 56 57 94 62 22 21 35 92 98 12 38 86 75 95 99 64 31 58 66 8 6 28 82 100 52 4 30 80 24 32 89 55 3 60 40 61 65 9 11 17 79 73 68 81 2 77 63 59 53 23 27 39 33 97 19 42 10 71 44 91 96 
49 21 94 41 63 16 30 69 37 42 95 29 58 76 4 12 6 51 75 89 72 91 39 17 100 65 80 73 34 74 33 2 47 18 27 26 92 11 32 61 9 43 52 83 88 44 93 40 46 8 71 90 36 64 14 35 56 78 24 50 54 20 85 28 48 68 67 60 7 98 10 53 84 3 79 1 5 15 38 96 25 23 70 57 66 86 87 62 99 31 55 13 97 45 82 59 22 77 81 
7 69 98 41 91 85 71 68 67 37 54 59 43 97 15 55 73 77 74 95 3 70 62 19 42 39 61 79 22 32 31 48 50 52 29 27 56 75 66 34 96 100 26 17 86 6 60 46 40 78 80 13 94 81 82 38 53 49 45 64 8 90 44 65 18 87 35 2 16 51 1 84 76 25 23 11 92 89 58 93 36 30 21 47 57 28 63 72 33 4 83 14 10 12 88 9 5 99 24 
29 90 74 76 52 63 12 23 96 38 55 47 30 58 37 56 85 28 84 27 69 72 82 7 14 67 42 11 53 1 50 40 61 66 32 75 92 17 39 9 86 48 73 62 97 43 18 88 2 99 77 3 87 25 15 24 57 13 68 6 10 8 71 91 20 95 19 98 54 36 83 78 59 16 35 100 26 4 80 93 94 33 45 65 60 89 79 31 22 46 41 34 70 51 5 81 49 64 44 
50 90 31 87 42 44 54 32 60 13 2 27 53 55 3 23 88 96 83 28 9 70 64 76 24 51 41 67 81 19 59 43 14 93 15 25 61 57 49 33 36 66 26 11 35 4 29 37 74 1 47 75 73 6 80 94 16 92 72 38 62 12 85 99 7 84 79 98 20 21 86 100 48 39 91 68 45 34 46 18 58 78 71 10 89 63 77 17 97 8 56 5 69 82 65 40 95 52 30 
28 24 67 74 81 17 32 85 14 29 86 42 39 92 49 93 26 10 73 60 41 48 64 56 34 31 91 78 99 98 20 8 69 36 76 95 35 6 30 44 62 84 71 54 57 65 97 94 79 59 51 21 50 22 66 37 13 75 16 46 27 11 90 7 87 43 68 33 70 72 89 38 15 19 52 5 63 47 2 77 3 1 58 100 18 88 9 53 61 80 82 55 45 25 83 96 12 4 40 
83 84 90 34 2 59 3 45 12 86 51 49 79 1 71 11 19 58 56 33 6 60 18 82 70 99 55 73 100 7 30 76 21 68 16 47 78 35 46 81 43 50 87 26 95 88 39 27 13 62 36 48 69 23 37 40 97 72 10 41 92 80 28 54 53 4 20 17 32 42 67 9 93 15 52 61 74 5 65 85 75 31 29 66 89 38 25 14 94 91 96 8 77 63 44 64 98 57 22 
21 100 8 47 78 30 3 46 52 12 96 38 31 5 69 41 51 88 45 61 64 92 2 15 40 63 79 35 73 17 23 76 85 9 54 36 95 60 13 32 94 91 89 42 86 58 4 18 65 87 24 82 56 71 97 62 37 70 53 6 44 75 83 48 20 22 49 11 81 77 72 74 39 43 50 68 55 98 34 67 10 16 66 59 7 28 84 57 90 80 33 1 29 27 93 26 14 19 99 
92 82 12 84 8 43 14 28 16 96 50 17 73 64 10 58 76 32 19 20 77 95 100 93 98 99 88 52 31 29 39 79 67 61 30 5 65 72 2 59 89 23 37 66 4 22 81 46 42 1 21 56 25 87 13 41 44 85 35 71 40 68 36 63 62 47 97 33 48 80 78 11 69 49 53 38 86 3 27 70 57 91 45 15 90 55 6 54 34 74 94 51 60 9 83 24 18 7 75 
88 28 5 14 7 51 20 47 25 97 54 15 32 59 94 74 73 68 61 86 18 80 60 6 56 24 45 19 64 26 87 85 66 1 12 30 72 65 77 33 35 41 52 43 34 23 9 83 37 90 67 96 76 44 2 17 79 38 89 13 99 46 21 8 81 91 49 71 42 53 75 48 82 63 50 39 16 95 29 98 31 22 3 84 11 57 4 70 40 55 69 10 92 58 62 36 78 100 93 
42 59 58 22 7 5 63 79 9 24 70 91 6 49 78 37 88 54 16 23 43 36 47 82 90 39 12 32 41 11 30 21 97 69 45 38 18 51 84 83 4 85 76 99 93 26 13 50 72 35 34 44 55 10 61 20 2 73 56 40 15 77 29 8 65 66 98 53 64 75 60 81 67 3 80 86 14 74 62 27 48 95 17 94 25 100 52 96 87 68 92 57 1 46 31 33 71 89 19 
71 18 83 5 54 45 96 81 41 14 94 10 64 39 42 80 37 4 40 84 91 72 93 70 3 59 95 48 89 98 30 28 73 50 60 21 7 13 19 86 32 100 26 22 68 58 65 46 11 53 97 79 52 69 56 88 61 92 20 8 9 35 67 99 82 87 33 44 31 34 15 25 76 77 63 74 43 57 75 49 51 90 27 1 24 55 12 38 36 23 6 66 47 17 16 62 78 2 85 
16 90 56 28 27 76 52 36 40 41 2 37 80 49 68 29 97 33 44 48 100 6 8 91 15 55 7 96 94 57 31 79 43 17 65 53 39 72 89 23 9 81 84 92 82 59 13 26 95 21 46 86 42 3 98 45 11 22 50 71 58 69 10 4 74 25 18 54 62 14 35 70 93 12 34 51 66 24 63 1 99 47 61 88 85 83 20 60 73 75 67 5 77 78 19 64 32 87 38 
97 50 43 92 53 4 91 42 96 26 62 69 18 11 61 12 7 55 45 84 60 47 81 32 29 70 13 34 66 54 94 93 68 82 74 37 20 19 38 16 46 83 87 28 23 24 71 72 75 76 51 63 21 44 15 99 86 6 8 1 78 14 22 95 41 52 58 10 30 2 48 33 77 73 49 56 40 5 80 36 89 79 100 57 64 25 39 9 59 88 3 98 17 65 90 85 35 67 27 
50 82 59 97 60 47 33 15 52 16 61 76 70 79 26 94 55 58 67 56 34 96 74 8 44 36 84 19 69 53 90 28 18 20 42 54 57 22 46 35 1 88 75 99 5 25 49 6 17 43 21 77 27 30 37 100 72 81 86 62 38 73 80 89 95 41 64 78 2 23 13 45 39 29 9 7 12 68 51 14 11 48 87 66 63 65 85 91 31 3 71 4 98 40 83 93 10 24 92 
71 15 100 7 22 21 52 62 84 35 3 13 63 6 30 46 66 4 59 36 2 40 19 28 69 96 70 61 55 67 92 9 93 45 72 76 65 26 43 10 87 38 53 27 18 51 85 58 48 11 79 39 34 97 82 16 31 1 90 14 78 60 86 89 47 57 73 24 74 37 29 64 94 91 56 25 8 98 5 12 77 68 81 54 23 42 75 41 83 17 32 95 99 49 80 88 44 20 50 
46 18 99 76 86 100 9 42 97 12 27 44 75 98 71 49 37 25 61 40 81 19 36 83 48 74 67 5 59 53 35 78 16 24 1 43 7 22 20 84 51 29 90 14 60 93 57 68 70 2 47 6 79 3 96 50 55 82 80 28 31 38 4 10 77 64 91 41 45 39 32 69 11 23 66 30 89 62 54 13 15 92 63 65 88 85 17 56 58 94 33 87 26 72 21 73 52 8 95 
11 42 5 75 50 55 82 48 45 4 51 53 37 74 8 9 25 59 43 60 15 10 83 7 34 12 98 32 88 41 18 89 99 100 19 70 91 66 23 40 3 86 78 13 68 58 54 52 80 29 33 20 46 81 62 1 93 31 65 22 17 90 77 63 2 97 44 87 92 14 95 27 26 6 61 64 84 38 28 56 49 94 21 73 24 71 36 96 76 67 57 39 72 16 69 85 30 47 79 
83 20 43 61 96 7 10 16 58 78 66 63 31 55 8 18 15 69 38 52 59 53 79 11 65 40 64 84 5 47 71 86 39 1 17 14 81 92 3 76 27 89 98 72 77 26 99 45 48 94 4 70 37 9 42 25 56 12 34 91 32 75 88 100 68 67 57 22 97 13 73 93 50 21 54 62 41 19 49 24 28 44 29 23 87 74 2 82 60 90 30 80 51 95 85 35 33 6 46 
22 90 64 31 16 17 20 95 39 68 9 50 32 80 67 83 3 91 65 58 78 12 13 27 42 87 33 52 51 86 25 30 36 75 61 66 85 7 34 100 19 89 26 94 38 77 5 81 23 62 98 70 11 72 97 35 45 74 48 56 55 76 99 84 82 54 2 69 60 21 79 40 4 57 44 96 88 10 49 53 18 92 28 43 46 29 24 8 41 6 73 93 47 15 1 14 63 59 71 
1 5 59 55 98 10 15 86 60 73 28 27 57 65 26 100 32 17 71 92 20 95 51 41 53 72 12 47 46 58 87 2 94 48 93 13 70 75 37 21 74 22 33 31 66 85 63 90 24 39 83 84 67 64 82 69 77 43 89 3 25 88 19 14 18 36 54 78 79 52 97 29 35 96 9 44 62 6 23 34 16 61 7 42 8 68 45 40 80 56 91 11 76 49 99 30 81 50 4 
3 58 81 6 28 5 13 50 90 95 52 85 19 62 49 40 48 91 92 35 55 38 71 14 98 46 16 70 44 1 99 76 10 23 45 11 80 61 8 75 83 86 100 47 66 36 87 42 24 77 21 89 56 51 29 63 20 37 17 12 72 31 25 68 7 69 74 4 57 82 33 32 64 53 30 79 96 2 54 43 59 65 22 73 67 88 78 26 41 60 94 34 27 9 84 15 97 18 93 
88 54 69 35 51 72 46 32 95 60 91 56 42 9 45 8 5 21 55 98 31 20 16 64 100 2 92 84 49 7 41 28 48 34 79 83 96 15 62 78 29 19 24 53 87 61 57 99 97 63 66 38 4 67 11 80 12 73 18 94 14 6 90 70 22 82 89 43 85 44 47 75 23 27 10 17 50 93 81 86 52 30 68 39 65 26 3 71 1 37 36 13 25 58 74 33 76 77 59 
50 32 40 18 35 44 38 59 70 91 95 65 73 1 17 43 19 82 75 88 62 22 84 93 10 26 63 58 23 66 76 56 80 97 14 60 33 30 15 21 9 92 4 20 79 6 68 54 55 46 77 39 74 94 61 98 37 28 7 5 11 57 47 96 8 87 81 71 29 90 13 67 86 49 2 51 34 36 45 16 72 100 3 12 99 69 52 42 48 85 83 31 53 27 78 64 89 24 25 
49 71 12 54 60 41 8 58 35 4 74 66 57 3 23 6 19 22 83 85 82 26 9 13 72 18 68 89 70 78 79 56 95 39 48 88 59 65 51 67 33 32 98 28 17 43 29 99 40 91 36 50 87 62 73 100 21 97 61 69 64 14 2 16 1 80 11 84 10 93 47 55 77 46 94 92 24 20 63 86 44 76 52 5 53 45 15 75 7 25 96 27 38 90 31 37 30 81 34 
61 6 5 45 79 19 17 66 100 28 25 83 11 18 63 72 8 87 50 22 60 38 14 29 67 44 70 81 15 4 74 76 41 97 7 9 10 57 56 3 37 68 62 93 77 99 21 86 73 30 13 98 51 65 40 34 58 85 92 24 35 64 39 42 88 20 1 52 95 16 84 27 78 12 96 46 90 91 23 54 33 71 49 32 89 48 31 69 80 36 75 59 94 47 53 82 55 26 2 
53 42 67 29 35 68 91 25 92 2 23 31 57 94 99 87 46 61 100 97 5 4 83 65 60 9 89 64 16 76 18 41 69 49 71 24 62 1 73 75 3 19 39 79 47 27 45 51 33 54 88 22 95 6 82 30 40 28 43 63 56 52 84 26 38 7 59 32 58 37 66 80 14 17 98 12 34 50 21 55 74 86 81 90 11 15 77 70 96 20 13 36 8 85 93 72 48 10 78 
67 97 33 83 81 94 7 69 38 54 3 10 90 92 16 13 8 47 17 52 27 76 56 12 41 19 26 96 99 50 60 89 20 100 51 93 4 18 36 40 15 75 6 82 35 65 29 22 88 57 2 91 37 70 62 5 71 30 79 49 84 64 44 11 77 24 74 98 31 80 39 43 53 87 78 25 86 1 32 42 63 9 34 46 61 59 72 55 85 23 48 68 28 73 95 66 14 58 21 
35 11 66 9 63 42 36 28 37 25 19 73 8 53 16 10 22 38 15 45 75 67 70 100 96 20 91 95 55 97 43 85 31 4 47 76 33 24 54 23 68 7 80 92 71 6 27 14 59 88 49 94 64 50 26 21 83 69 3 29 58 32 65 48 60 52 62 44 93 5 40 81 99 90 72 86 2 39 87 13 1 57 82 56 30 78 61 12 98 84 51 18 89 17 41 77 34 79 74 
89 23 20 7 55 91 28 29 6 22 44 92 68 46 99 16 83 65 97 39 35 33 25 79 57 36 43 13 75 87 85 5 9 27 37 26 12 24 67 66 52 50 90 76 70 100 4 34 95 3 42 56 94 80 61 74 69 88 11 51 15 8 31 59 58 30 82 93 53 48 62 40 1 60 77 96 10 81 38 64 72 2 17 19 84 14 98 32 71 18 86 45 63 49 78 41 54 73 21 
56 58 47 92 51 68 72 62 57 80 88 39 44 53 61 20 79 77 12 17 73 43 28 13 42 52 64 97 94 46 16 55 40 84 90 27 45 11 71 67 69 33 74 76 36 1 22 6 63 98 81 66 37 23 3 8 65 95 18 24 54 82 89 75 85 96 41 15 5 50 83 91 93 14 35 87 78 4 10 21 59 60 34 86 38 2 9 31 100 70 7 25 49 30 32 19 26 99 29 
4 16 11 13 34 20 43 79 15 82 22 35 90 45 5 85 47 96 58 2 7 93 48 80 8 33 77 23 84 1 91 68 64 69 73 75 21 29 39 28 40 89 38 56 27 78 55 52 59 74 25 9 41 70 30 18 63 17 60 67 19 10 54 61 72 3 76 88 36 66 100 92 50 14 94 37 26 65 53 71 83 51 62 99 86 44 46 95 12 24 57 6 81 97 31 42 32 98 87 
95 52 51 31 20 78 60 84 6 61 74 41 82 54 62 3 34 85 32 70 25 4 43 56 94 100 49 93 2 29 65 64 58 1 57 9 18 55 87 96 80 11 67 39 36 30 68 97 42 33 17 86 28 46 89 79 66 92 22 15 76 35 7 71 47 26 44 10 27 45 48 12 63 21 77 19 88 91 38 81 90 24 14 8 73 23 53 37 75 83 16 59 5 98 69 99 13 40 72 
93 24 44 15 19 37 11 42 68 2 79 18 96 43 78 62 22 5 45 7 55 3 64 97 41 56 66 48 38 25 14 76 57 67 34 82 92 40 86 16 31 75 89 9 4 87 36 54 65 30 26 27 17 74 81 71 88 60 12 21 29 98 72 84 59 77 61 85 50 94 63 6 90 32 39 10 99 1 80 83 69 23 28 46 53 47 73 13 70 35 58 95 100 8 20 91 52 33 49 
3 46 12 43 8 42 20 60 48 49 11 54 26 36 50 87 38 19 65 30 91 85 23 15 76 100 27 89 51 74 16 14 10 53 81 62 59 1 63 9 5 77 72 21 39 40 84 95 58 37 28 86 4 66 7 31 88 83 45 79 90 55 68 69 6 64 93 71 35 2 32 82 41 24 57 67 18 98 75 96 56 22 94 13 44 34 80 29 97 73 47 61 25 78 99 70 17 92 33 
23 71 17 85 7 36 56 50 59 22 33 52 92 63 11 47 46 69 13 32 90 99 38 21 65 39 67 57 42 14 58 28 24 40 9 82 95 73 2 19 25 54 49 35 31 26 87 3 15 89 100 55 1 70 75 44 45 43 98 37 83 4 77 74 88 6 20 86 64 79 93 41 94 78 76 12 91 96 61 80 10 97 34 18 16 51 81 27 48 62 29 66 8 72 5 30 84 60 68 
88 69 18 91 43 86 23 38 37 53 48 24 58 82 77 5 67 94 14 89 1 98 72 22 19 31 30 21 61 25 73 35 92 65 4 55 75 9 7 10 62 71 6 11 17 29 87 56 64 99 84 60 85 47 33 46 13 42 59 49 79 74 63 81 90 80 45 51 97 78 95 66 100 8 32 83 76 16 68 41 34 27 44 50 36 40 26 39 70 52 93 3 20 12 96 28 57 2 15 
87 43 19 39 65 66 98 12 89 91 45 6 8 37 51 11 23 36 28 100 62 16 31 52 73 70 71 34 60 13 24 56 79 22 92 47 48 76 80 53 59 5 58 95 33 54 61 69 99 18 40 88 93 44 74 77 84 57 7 20 21 27 41 63 29 2 9 30 46 68 26 4 75 83 78 97 72 10 35 85 90 49 32 25 1 67 81 86 64 96 82 42 3 15 38 17 14 94 50 
92 28 1 78 85 67 24 63 76 81 61 86 65 50 7 25 59 87 93 79 31 18 82 43 47 83 14 21 71 35 39 32 3 5 96 11 42 27 46 62 9 100 33 91 60 23 17 88 16 97 49 45 89 37 57 36 74 19 52 40 26 34 72 10 55 70 77 2 84 13 8 12 95 22 48 98 29 44 41 4 69 75 64 15 80 68 30 90 99 53 73 38 94 66 51 20 54 6 58 
87 39 65 48 97 34 83 23 41 81 95 26 76 85 21 71 22 32 37 77 9 7 51 11 54 79 30 53 49 91 5 20 44 96 59 15 33 31 56 73 47 42 61 19 62 35 55 100 25 58 88 46 8 82 36 43 67 24 93 84 13 12 92 86 1 40 74 68 3 60 16 14 64 90 45 78 6 66 2 94 38 89 17 99 28 29 80 72 4 52 63 69 75 70 50 10 98 18 27 
46 28 14 88 19 34 51 82 96 31 55 79 77 64 54 26 17 59 37 69 3 84 25 92 33 56 24 57 60 7 40 38 23 75 91 72 29 16 9 41 2 8 36 5 61 30 32 43 27 73 87 39 10 12 22 80 74 99 66 97 65 83 42 20 67 62 13 93 44 18 45 47 78 53 85 68 81 76 48 6 15 49 52 4 1 86 21 98 11 63 95 100 50 94 70 35 71 90 89 
21 52 90 3 79 33 9 70 17 51 32 71 72 61 50 63 78 55 54 99 20 13 84 1 24 77 68 56 85 4 22 95 60 93 89 100 57 47 42 14 8 10 96 39 58 26 98 36 44 86 27 49 67 30 80 76 7 6 73 45 87 83 40 18 16 75 25 37 35 34 69 31 88 66 11 92 29 62 74 94 53 91 81 19 43 82 48 41 97 12 38 28 46 15 5 23 65 64 2 
91 72 65 12 82 92 85 93 31 63 26 30 10 69 74 47 97 6 44 13 49 56 40 68 76 48 15 94 4 90 20 96 51 64 2 29 7 1 37 43 45 66 52 87 24 73 67 55 83 89 27 79 32 16 70 80 84 35 34 36 88 28 57 41 17 95 5 25 39 54 42 86 100 75 50 19 78 21 61 99 33 3 77 53 58 11 38 14 8 98 81 23 59 62 9 18 71 46 22 
22 90 77 16 57 72 15 55 71 66 2 17 62 31 38 49 3 82 32 5 67 51 10 41 14 23 64 70 91 59 34 11 46 30 21 54 12 27 69 20 87 29 93 24 58 19 40 37 44 86 75 74 50 89 84 68 36 95 39 65 78 79 28 99 6 94 83 45 33 73 7 80 88 1 47 13 97 26 96 85 76 9 81 53 92 43 60 25 4 98 56 63 18 52 100 35 8 42 48 
34 72 76 51 1 60 64 5 2 10 13 98 94 65 96 79 82 22 78 48 86 55 91 93 18 25 45 4 36 19 63 35 20 66 89 53 87 70 84 3 92 43 77 74 9 14 33 40 32 42 100 41 97 50 57 27 15 39 75 17 56 73 46 37 58 68 85 81 47 16 21 90 24 30 67 26 80 38 54 23 29 49 44 52 69 88 12 31 59 61 7 11 99 95 6 71 8 83 28 
13 81 44 23 91 75 6 68 48 88 54 3 35 85 60 90 78 92 21 100 58 28 77 37 39 33 15 26 2 87 27 49 36 43 40 25 42 31 76 67 64 94 24 16 51 98 17 45 9 55 46 61 74 84 83 1 47 70 34 57 73 50 32 18 22 80 8 56 82 14 96 41 52 53 71 5 65 59 99 95 72 20 93 62 97 86 11 10 7 12 38 66 29 4 30 79 69 19 89 
43 47 21 16 65 39 30 81 1 100 97 29 4 41 93 62 28 79 58 85 77 92 33 55 38 3 91 68 86 40 54 57 89 7 88 94 87 42 8 69 11 59 36 46 6 5 9 66 84 90 32 18 13 15 82 75 31 67 51 95 23 50 60 44 2 70 83 37 20 14 26 80 96 98 61 19 53 73 45 27 10 48 17 56 12 99 22 24 76 52 63 78 25 72 71 49 74 34 35 
5 8 93 15 32 78 90 85 58 60 1 11 25 67 22 73 79 83 68 97 30 9 100 38 95 86 56 23 51 47 53 76 66 54 48 16 75 37 34 17 50 88 46 42 31 94 71 87 43 6 80 14 10 40 99 7 96 2 92 13 44 84 20 36 39 74 49 81 69 89 19 63 70 26 55 28 52 41 91 64 33 24 18 77 12 59 62 27 57 82 4 29 45 21 3 72 35 98 61 
15 100 92 1 22 35 68 72 74 58 80 24 33 96 79 86 59 55 7 64 70 11 76 37 85 57 56 36 75 52 38 44 48 27 6 95 45 3 63 29 50 16 62 21 13 5 98 89 10 60 91 42 9 46 8 31 30 87 41 73 97 65 99 71 88 18 77 20 4 83 26 54 69 43 90 82 67 28 39 14 94 81 84 53 23 34 19 12 51 32 47 61 49 25 17 93 2 40 78 
68 8 54 56 49 98 64 48 36 18 1 60 45 80 96 72 83 10 77 62 35 91 53 13 87 58 4 47 26 63 7 71 38 31 40 39 89 74 95 33 82 9 61 22 100 2 86 69 30 76 32 75 65 59 20 84 15 23 51 19 46 24 70 44 41 55 50 93 52 6 14 79 17 42 85 92 29 57 21 11 3 81 28 99 16 97 43 12 34 27 37 90 25 66 73 5 88 94 78 
95 6 76 56 18 20 30 87 63 69 58 7 38 50 79 3 22 57 48 10 90 53 31 67 23 45 34 66 93 41 21 65 75 84 97 2 36 92 39 82 9 99 64 35 40 88 91 73 37 59 77 16 60 4 52 86 54 17 94 74 55 5 11 81 44 96 46 25 12 47 100 8 78 32 51 62 49 42 80 72 89 98 24 83 1 15 13 19 85 28 29 70 27 43 61 26 71 14 33 
59 84 24 13 35 71 53 94 10 81 45 1 25 12 99 92 60 91 96 83 8 58 21 87 57 26 86 63 20 47 49 98 44 15 46 100 34 31 2 97 23 5 93 32 7 65 76 67 51 18 72 80 41 95 38 28 61 22 50 39 29 48 43 6 52 16 73 79 64 3 37 54 36 27 42 40 82 11 78 14 70 74 55 56 88 62 89 17 90 9 4 85 30 68 77 75 66 19 33 
46 84 65 93 80 32 47 13 69 22 61 2 34 23 48 57 28 20 96 27 58 95 43 67 55 11 81 79 83 66 88 14 75 16 51 50 24 77 72 9 89 6 59 49 92 74 3 5 71 53 8 21 33 26 87 99 97 63 94 39 98 42 76 91 17 36 62 100 38 60 10 85 86 15 19 52 40 73 54 56 90 68 37 18 31 41 25 78 7 82 1 12 29 44 35 45 30 4 64 
76 30 79 53 51 28 38 41 63 55 80 23 46 81 43 35 95 84 57 82 90 52 87 6 74 92 40 100 14 27 78 31 33 59 44 96 77 12 93 67 54 72 29 70 26 8 88 13 10 19 65 50 64 73 85 11 3 17 47 37 83 68 25 60 9 20 39 7 32 22 69 48 62 1 91 16 89 42 45 86 49 56 5 75 15 97 18 24 34 4 66 2 94 98 99 61 36 58 21 
17 62 69 77 6 84 42 92 34 75 52 22 20 61 8 45 13 68 48 37 98 32 83 43 87 21 1 4 94 33 35 51 82 39 11 78 57 65 53 29 60 25 3 16 7 99 19 55 71 56 23 86 58 15 14 10 50 54 64 49 80 91 95 47 100 79 38 96 90 89 36 67 76 93 30 27 74 9 46 44 18 59 70 85 2 26 88 73 66 24 41 31 28 12 40 81 63 97 5 
53 37 25 54 67 32 51 40 100 22 20 70 93 30 62 99 58 76 1 4 91 13 63 46 92 49 11 90 23 31 36 35 82 97 98 79 12 24 60 9 55 71 41 28 18 48 47 6 57 34 42 39 95 45 17 19 59 83 72 7 26 27 87 86 10 74 29 65 88 56 43 68 96 94 52 81 33 75 89 8 2 84 78 14 21 3 5 16 64 80 85 15 69 77 44 38 66 50 61 
93 44 33 26 29 23 53 27 60 69 5 72 25 65 31 99 96 3 63 87 18 79 85 36 71 51 68 12 43 57 73 59 89 70 11 7 56 55 24 83 30 46 47 45 8 42 52 1 48 91 19 17 100 58 76 67 82 90 95 66 84 37 35 75 64 88 62 6 39 54 34 20 4 14 41 2 9 28 22 81 50 32 80 10 77 98 78 61 94 86 13 49 40 38 21 97 16 15 92 
99 17 83 70 89 46 3 23 42 10 87 76 91 8 61 94 79 58 51 14 16 59 31 5 69 55 13 7 86 38 65 71 62 54 98 50 39 73 24 100 45 92 78 32 28 30 85 20 56 18 43 84 52 41 57 21 22 67 27 90 26 25 48 11 19 29 53 60 80 6 34 49 88 64 93 72 68 82 15 2 40 9 4 37 47 63 66 95 77 81 96 12 35 74 44 36 33 97 1 
36 59 74 56 77 45 54 17 79 26 98 13 97 14 63 52 44 35 41 22 31 73 19 25 84 42 18 23 28 81 78 20 94 70 66 38 5 57 80 51 10 16 65 88 83 9 99 37 15 21 32 90 39 3 82 24 75 61 96 43 48 92 1 47 95 46 11 29 64 85 6 91 60 87 58 8 62 89 40 71 2 49 86 12 33 30 55 27 93 4 67 53 72 34 100 68 50 7 69 
91 39 15 80 23 16 85 14 3 92 54 63 65 11 61 64 4 57 62 40 34 60 98 6 36 100 31 58 83 49 1 7 56 88 96 94 8 95 41 18 66 21 87 99 93 51 27 97 53 81 20 9 22 79 10 5 76 29 19 2 90 55 48 72 47 52 68 32 69 75 30 25 89 78 17 86 44 43 46 33 74 50 37 84 42 26 12 13 38 71 35 82 24 70 67 28 45 73 59 
5 63 70 67 15 9 87 65 30 29 31 24 22 34 3 90 14 84 68 83 98 56 2 48 23 91 36 47 38 61 58 41 77 20 71 32 97 51 12 85 17 49 39 89 54 72 79 86 19 21 82 73 46 11 80 93 37 6 10 96 26 40 45 1 95 100 64 60 4 52 35 25 53 8 66 99 69 94 28 50 55 18 76 42 88 7 59 44 27 13 75 43 33 74 16 62 92 57 81 
44 91 24 4 47 65 16 51 38 93 72 9 2 15 11 32 28 94 87 78 98 84 95 53 61 12 35 27 37 46 17 62 40 18 66 30 5 69 55 21 67 13 57 96 41 36 82 73 43 34 59 54 10 58 64 14 20 26 83 90 71 76 81 19 85 23 60 29 80 8 75 45 7 6 33 97 89 88 99 68 52 74 25 31 3 86 56 92 49 100 42 63 48 70 1 50 77 22 39 
6 87 94 29 7 56 1 3 21 40 41 97 84 35 62 73 60 63 39 71 64 8 65 86 78 92 74 98 67 9 55 22 79 76 70 53 50 10 45 44 99 18 14 72 88 54 27 90 31 66 11 30 69 33 49 4 52 58 34 36 38 37 25 57 68 46 59 77 12 89 93 28 61 83 48 51 24 75 17 15 42 96 82 100 95 47 85 20 16 23 32 26 13 43 2 81 19 5 91 
69 35 13 10 61 7 23 55 47 87 79 98 51 77 43 60 71 41 86 3 2 99 63 52 65 68 42 89 93 64 96 73 97 44 32 78 90 49 56 9 30 67 1 31 5 19 62 75 91 88 58 26 92 85 95 18 36 12 66 21 83 40 100 53 45 11 80 25 14 33 29 70 82 17 94 28 8 76 6 57 24 15 72 84 20 50 39 22 54 34 16 4 38 48 37 74 59 46 27 
36 40 54 14 23 66 13 10 7 80 75 57 2 27 45 85 67 16 29 25 74 52 51 31 59 15 78 30 8 84 48 81 1 35 37 12 22 56 63 33 96 20 97 47 18 93 72 90 53 92 71 86 61 50 42 26 38 46 41 95 64 73 77 49 58 99 98 6 76 11 87 19 89 4 68 83 24 62 100 60 55 5 91 34 32 79 3 28 70 43 21 88 9 94 17 39 65 69 44 
20 34 91 69 60 92 21 36 75 43 48 9 42 62 99 33 40 93 65 5 74 86 94 100 55 2 56 4 35 82 66 51 47 96 87 95 85 38 50 11 72 17 67 24 29 23 63 10 61 32 79 53 88 6 3 26 57 16 77 54 98 44 18 97 39 90 31 46 28 52 12 81 27 15 41 58 80 71 25 37 49 70 13 84 68 76 7 8 19 59 73 14 22 30 89 78 1 45 64 
49 25 93 41 33 24 29 60 7 16 77 69 82 12 31 100 35 87 68 75 37 56 38 61 90 43 1 48 3 63 85 14 79 9 73 66 52 71 83 51 67 26 70 18 21 4 2 53 20 19 65 58 39 86 59 11 30 91 74 72 13 44 62 15 8 40 78 46 96 54 88 99 10 98 32 5 92 27 95 17 45 23 6 81 89 94 28 80 34 97 47 76 50 55 42 36 57 22 64 
90 21 59 48 83 54 88 28 93 32 40 33 34 23 24 73 19 37 95 51 17 50 99 76 38 3 81 44 10 86 56 5 52 46 62 11 78 75 67 69 22 64 13 9 63 94 80 7 55 53 96 100 41 71 43 39 91 47 77 25 66 79 58 49 2 36 70 87 6 12 14 29 65 72 98 30 60 42 68 92 82 35 16 27 26 8 18 15 74 45 4 89 1 20 84 97 57 61 31 
59 67 15 21 93 36 14 65 77 83 52 4 95 3 80 41 94 78 35 79 22 76 97 60 96 74 48 53 64 10 81 2 49 37 42 26 87 7 13 44 16 32 88 91 99 28 84 25 24 9 72 40 6 85 38 31 45 23 73 98 39 47 92 51 50 8 62 43 1 30 63 27 66 18 17 75 46 90 29 5 82 89 71 20 70 69 68 12 56 33 55 19 54 11 57 58 34 100 61 
56 68 58 86 25 7 19 8 17 36 90 71 47 2 69 24 55 42 53 54 57 33 5 72 23 21 70 89 16 84 64 77 1 82 44 46 39 73 31 92 75 99 29 51 94 28 85 43 10 22 34 88 20 66 65 80 52 12 83 32 93 40 62 61 38 96 81 76 95 48 59 37 13 50 27 4 74 41 30 35 79 67 9 78 60 18 97 15 14 63 91 6 11 100 49 3 45 98 26 
5 8 23 14 58 42 25 82 46 21 7 47 36 49 27 79 67 16 40 51 97 41 62 90 100 69 84 96 64 28 15 94 99 34 72 43 39 45 65 71 18 26 29 81 68 63 3 17 93 52 55 30 6 22 76 92 73 74 89 50 24 78 31 70 10 56 66 91 37 57 33 54 98 48 61 13 59 75 4 32 38 9 83 11 35 80 19 77 87 95 2 53 1 20 44 60 86 85 12 
25 86 26 13 56 92 45 19 17 3 46 55 54 51 99 59 95 49 100 33 53 48 20 8 82 74 61 23 15 5 87 2 58 10 22 27 34 31 76 66 69 21 60 97 28 35 38 65 50 98 72 39 40 41 44 78 16 64 4 93 12 47 6 83 81 52 80 14 62 1 71 85 9 73 29 75 88 94 63 11 79 68 96 36 7 43 84 24 77 30 37 91 42 67 18 32 70 57 90 
66 32 84 2 57 61 23 69 49 65 77 16 29 1 9 91 31 26 34 43 24 67 10 5 86 42 20 96 97 78 12 8 100 80 54 52 28 58 35 40 74 70 25 47 30 44 81 38 88 18 68 14 33 19 79 60 27 3 51 11 13 93 39 98 15 99 7 87 89 41 64 55 50 82 22 95 92 85 36 17 71 53 56 76 73 21 46 37 48 83 63 59 45 75 94 72 62 4 6 
3 72 9 33 58 94 61 93 71 31 62 1 51 95 79 59 74 4 16 37 11 7 54 28 75 89 77 12 57 82 35 66 26 36 81 67 20 46 8 60 34 27 2 18 17 97 25 39 99 55 100 49 90 44 53 38 10 40 41 32 98 92 14 69 15 87 47 68 88 96 76 45 52 30 85 22 23 5 73 83 6 80 19 64 29 78 42 21 63 43 86 50 84 70 56 13 24 65 48 
19 20 70 56 86 59 38 61 2 76 23 81 75 64 89 87 12 46 99 94 41 27 35 90 58 83 28 5 50 60 32 18 25 29 53 4 9 55 88 26 40 24 33 7 98 10 85 72 80 96 73 37 84 21 100 44 1 57 8 31 95 54 17 91 93 74 69 6 43 16 45 65 36 51 22 79 63 42 78 13 68 15 3 34 11 30 71 52 67 49 47 14 39 82 97 62 77 48 66 
89 10 63 37 58 9 51 46 27 24 98 6 40 86 85 32 4 12 64 35 38 48 21 20 79 81 91 43 67 39 90 59 56 55 22 47 49 62 73 70 88 77 100 65 11 28 14 72 52 34 19 16 61 1 69 68 53 41 80 13 29 2 71 99 95 74 23 3 18 26 96 45 60 76 44 66 25 87 5 84 92 75 15 54 36 83 31 8 42 50 97 57 17 30 78 33 7 82 94 
4 30 5 1 26 51 43 68 61 98 65 24 70 100 32 67 58 83 84 93 18 74 78 27 15 71 92 44 77 72 60 66 99 69 7 81 8 38 17 90 13 16 62 87 35 33 50 52 97 42 47 11 49 3 56 88 48 40 75 54 76 89 39 6 79 59 28 95 53 86 31 12 22 29 57 96 10 23 80 46 20 73 36 55 85 2 9 82 91 41 25 45 37 14 63 19 64 34 21 
14 57 44 37 82 38 50 84 70 11 5 99 58 73 49 7 86 4 98 63 45 23 35 77 6 26 78 64 60 79 10 72 31 47 66 33 100 59 51 16 12 29 74 13 19 48 27 83 28 85 94 3 32 20 8 25 75 43 93 17 1 87 90 30 96 18 89 55 56 9 36 40 80 34 65 67 41 91 81 68 15 21 22 52 92 97 62 2 39 69 42 88 71 61 76 46 54 53 24 
67 3 25 63 44 49 5 62 97 9 50 80 71 94 42 93 37 33 70 83 100 45 1 51 53 64 84 55 15 82 22 24 76 58 34 13 99 90 79 31 68 87 89 8 12 92 23 36 7 4 48 19 60 26 95 10 46 20 28 16 38 98 6 21 11 32 41 35 40 2 27 73 57 65 61 77 75 30 59 86 52 39 72 43 74 69 47 91 88 56 81 14 18 17 85 78 29 66 54 
81 52 38 25 57 14 89 59 32 68 40 73 92 83 96 39 48 60 46 72 77 50 80 93 56 49 42 99 9 22 66 54 88 26 35 36 98 10 6 5 43 11 75 67 64 15 90 19 45 63 21 53 30 55 44 94 3 18 20 62 17 70 4 8 76 2 33 23 69 100 13 47 51 86 74 95 12 87 28 7 27 71 37 24 1 84 82 61 91 58 16 34 78 29 65 31 41 85 79 
47 53 88 75 54 31 3 93 62 9 39 21 100 76 63 87 79 65 42 66 1 6 92 70 22 27 2 69 82 5 4 11 26 84 94 13 36 23 81 61 56 51 89 40 77 55 37 12 74 25 38 85 48 19 33 46 45 57 44 99 95 8 30 59 32 96 41 18 97 72 91 67 35 34 17 80 71 78 49 43 15 90 28 16 86 52 83 20 60 68 64 58 24 7 14 10 73 29 50 
68 22 91 51 58 10 66 3 16 2 23 13 43 17 28 59 50 7 48 71 76 56 61 11 64 1 46 34 18 97 62 5 72 75 49 31 19 63 39 78 86 38 32 69 21 90 65 52 67 27 15 35 47 55 80 88 41 96 9 36 40 60 73 81 25 57 44 42 83 29 8 77 12 93 84 100 85 87 92 82 89 54 30 6 74 95 98 4 53 20 24 14 33 26 94 45 79 37 70 
54 19 57 36 11 93 60 17 24 61 56 40 87 48 52 4 62 63 79 73 92 66 44 81 23 96 28 30 15 86 99 53 70 71 26 67 18 78 88 65 91 35 34 5 27 89 49 95 58 39 72 51 94 90 69 97 43 10 12 25 75 8 16 98 37 84 74 46 59 22 31 1 55 83 14 2 29 47 80 77 33 6 41 20 68 76 3 7 42 50 9 21 82 38 13 64 85 45 32 
