100
73 59 77 37 69 98 33 48 88 20 54 99 5 81 58 12 13 80 66 16 10 95 63 83 52 44 32 91 67 89 17 75 30 94 23 60 28 11 29 40 51 53 39 42 71 21 74 68 82 79 24 64 87 
57 97 54 73 4 79 67 6 58 70 82 20 68 17 14 85 44 77 48 35 94 23 81 71 49 55 8 74 66 98 91 87 99 93 95 
30 36 12 94 17 71 58 57 47 29 23 9 62 82 93 88 79 68 8 13 52 7 21 80 100 55 85 61 95 19 86 11 50 16 75 97 83 42 53 84 67 45 20 24 33 
54 56 64 93 13 72 11 38 23 24 25 66 26 69 46 49 51 40 99 32 2 96 6 95 83 53 5 70 67 22 94 63 65 68 44 33 84 89 39 90 81 20 85 19 18 15 88 79 100 
91 33 54 93 8 40 49 19 74 79 82 57 75 46 4 50 100 66 12 1 67 24 42 78 14 43 17 52 48 64 61 56 18 26 36 89 10 21 71 59 35 25 37 38 88 90 6 60 65 76 
60 79 41 10 92 34 18 100 2 80 8 5 25 84 99 4 22 40 31 47 93 49 90 11 91 97 48 42 83 9 50 88 74 85 43 87 65 35 14 12 51 73 19 70 54 38 62 26 
50 11 70 8 23 87 75 44 35 21 53 3 13 24 63 42 62 34 55 79 39 15 25 49 17 28 40 93 48 59 71 60 27 74 9 64 67 90 52 18 43 66 57 12 22 
6 22 74 5 99 78 92 93 63 71 3 13 52 35 15 14 95 7 60 42 24 27 96 25 56 84 57 26 94 33 59 85 87 39 2 76 100 31 69 38 20 97 45 50 86 75 21 
85 41 83 96 68 54 57 88 14 16 3 33 6 7 77 99 13 36 79 23 71 84 34 49 31 11 40 67 39 18 47 62 20 28 100 72 63 22 64 81 59 66 89 93 98 
6 69 26 14 66 77 67 27 89 84 32 48 99 51 63 31 57 79 40 53 30 94 86 18 13 85 58 36 98 11 29 5 72 50 75 59 60 12 28 1 93 
21 1 90 9 39 45 10 37 85 54 7 12 40 62 98 43 18 86 6 82 88 33 100 80 23 35 55 30 97 15 52 4 16 67 19 59 99 78 81 47 53 92 77 44 73 93 3 72 79 36 51 83 
49 24 6 27 36 45 88 38 81 85 31 97 67 78 23 39 3 76 95 7 44 13 20 5 1 66 64 98 65 10 41 92 59 52 63 55 99 56 48 60 70 72 68 82 11 83 33 18 22 43 74 17 46 51 75 47 90 
90 88 68 63 4 96 60 24 89 81 10 1 3 7 32 9 48 86 12 55 17 64 98 97 41 36 59 39 56 53 70 15 52 8 34 23 27 38 62 72 29 40 83 99 42 
93 63 5 79 52 53 62 31 98 30 28 58 96 73 25 23 60 65 10 6 94 48 85 78 42 68 66 29 40 2 21 15 41 76 9 8 84 43 54 36 44 95 70 24 35 82 38 99 64 
44 62 76 85 94 39 7 83 55 66 22 53 69 91 78 70 37 50 30 54 8 4 21 28 34 13 23 52 95 27 92 64 82 14 47 98 24 90 80 42 100 35 45 11 67 77 36 60 19 99 
38 75 55 51 92 41 28 84 88 46 3 9 33 83 79 65 21 45 52 77 78 59 47 76 81 71 56 43 60 17 32 58 100 73 53 74 91 1 96 44 31 36 19 42 85 11 94 
41 55 43 79 13 54 3 23 92 7 39 1 48 84 99 37 93 82 12 5 85 31 18 16 77 62 68 61 64 42 33 63 45 80 27 2 25 73 59 65 22 24 69 56 53 47 66 
9 45 55 75 32 11 42 47 7 72 67 54 62 59 81 19 22 53 6 46 93 30 99 17 37 79 50 97 34 5 86 12 26 69 70 98 78 95 100 56 92 82 63 10 89 40 94 49 4 51 
79 68 6 96 95 61 93 27 15 62 47 39 37 16 89 29 52 34 82 87 54 97 25 18 77 74 67 58 51 99 4 22 59 70 90 49 32 38 56 71 3 85 98 100 69 30 53 92 65 24 5 76 11 
38 90 92 58 94 88 76 4 37 60 8 12 33 1 30 25 65 3 68 73 93 39 52 96 9 34 56 27 50 75 46 2 87 24 72 99 49 57 41 35 74 32 79 54 
99 98 90 33 79 94 5 100 1 40 16 3 7 11 30 42 70 69 76 65 95 83 71 14 72 49 44 39 15 58 74 32 31 53 8 62 27 35 
17 39 30 40 84 95 23 85 34 79 44 60 15 62 66 7 78 6 31 49 69 12 26 64 86 70 61 8 46 43 87 50 18 4 72 73 97 9 55 89 54 24 32 19 
9 42 22 4 87 36 15 13 93 61 34 17 86 14 40 90 97 33 100 58 46 1 12 68 94 78 96 2 48 79 95 59 7 3 11 98 81 41 35 72 65 64 66 62 49 54 
64 90 40 36 57 92 31 89 5 17 86 60 43 28 47 53 20 19 93 4 33 37 35 79 1 100 63 88 74 25 7 70 13 65 29 94 8 75 98 84 3 12 27 52 54 41 91 15 96 30 71 76 14 51 22 
83 8 56 74 52 26 35 43 28 88 29 54 57 19 17 4 68 67 53 93 50 7 6 59 100 79 32 14 58 44 41 73 20 34 49 65 84 70 96 37 5 95 24 85 81 62 66 
61 63 57 18 22 60 86 25 95 58 45 5 47 4 35 89 84 39 50 10 48 92 82 90 53 100 31 8 64 6 40 28 75 36 42 34 51 49 30 44 32 78 29 
34 66 45 80 55 13 93 53 64 72 57 20 75 61 94 63 50 99 52 58 24 68 97 76 8 47 88 67 15 37 31 29 10 82 17 21 78 70 12 92 98 7 19 84 86 71 49 
84 36 16 33 99 74 81 88 10 61 100 73 24 47 9 26 69 25 53 57 58 89 40 32 67 80 29 50 15 1 41 60 97 7 45 35 98 82 79 54 42 56 65 37 38 43 14 49 86 76 
99 59 48 37 84 77 81 19 80 60 63 10 38 89 13 76 27 26 14 93 33 50 3 45 79 34 24 83 1 68 61 28 62 69 92 100 85 91 71 66 54 25 58 96 
34 54 18 93 86 83 51 66 53 74 39 37 55 32 19 14 61 46 10 20 68 1 49 40 48 15 67 3 65 57 89 92 100 24 81 91 56 41 80 26 87 31 88 22 79 21 84 11 45 43 
27 10 65 53 34 80 45 64 12 66 67 99 14 37 48 38 9 8 21 26 22 83 76 84 79 63 54 93 17 90 69 30 57 94 72 6 100 78 75 47 36 16 24 95 96 73 52 81 
91 83 65 34 73 87 74 79 66 85 94 19 39 26 58 20 69 72 22 30 86 18 1 89 92 77 10 33 54 25 13 62 40 21 41 88 57 71 50 76 47 28 42 4 78 100 16 
100 57 86 47 28 1 95 82 44 17 32 21 78 64 11 40 3 84 81 73 34 38 80 69 83 12 97 76 91 23 48 53 9 85 29 8 66 67 24 4 72 70 63 39 16 20 5 
13 63 42 81 85 6 25 30 32 97 61 9 52 66 44 50 27 43 38 69 26 19 96 47 75 23 99 37 93 31 15 20 41 73 84 49 94 64 83 33 51 18 29 7 79 45 55 98 78 70 59 22 86 82 71 
36 8 23 51 46 6 20 82 73 43 48 50 91 28 21 24 2 77 58 81 39 40 88 79 7 14 38 100 71 87 41 5 78 54 83 60 15 26 62 64 11 57 56 59 25 
47 78 55 46 99 56 98 12 26 24 90 31 61 11 5 100 89 60 10 68 96 3 14 28 50 64 35 77 15 13 94 49 9 67 16 73 58 57 85 84 72 23 44 
60 96 11 66 25 42 79 29 17 27 15 50 54 53 98 84 80 90 56 83 45 24 97 34 31 92 59 28 18 63 1 46 5 73 86 19 94 95 78 58 85 77 30 72 55 20 99 39 44 
16 65 4 52 83 97 31 55 28 87 80 73 13 90 44 94 93 70 99 29 57 42 100 84 96 34 60 91 53 33 98 20 51 50 19 5 58 35 72 39 14 85 95 8 71 76 82 6 77 64 12 
59 69 44 77 33 60 45 90 32 94 26 22 91 66 82 57 96 30 53 64 12 99 56 79 1 11 19 9 7 98 68 87 37 75 20 48 100 55 80 4 13 17 35 63 21 81 38 41 8 92 15 
73 51 99 13 88 11 63 47 24 69 10 21 74 76 86 48 5 18 22 66 52 98 81 6 1 50 92 4 90 91 97 35 78 28 9 23 33 96 72 14 67 79 100 26 84 77 70 30 64 32 7 
59 53 34 70 32 94 74 23 16 95 96 92 14 88 54 66 77 35 44 86 67 43 51 12 49 82 52 6 13 98 80 58 60 24 56 25 30 68 20 57 9 81 97 61 76 46 17 28 100 48 39 
28 14 23 5 38 100 83 66 13 1 96 64 6 18 75 46 77 49 88 62 68 90 15 99 34 21 16 91 85 51 26 17 47 37 7 61 32 55 3 8 53 97 71 60 73 
45 92 17 63 96 58 7 28 91 90 47 50 61 49 11 46 53 5 98 97 85 6 99 41 68 35 93 59 14 62 24 34 95 16 70 48 94 30 12 25 78 55 22 66 
41 80 38 77 48 97 14 64 89 69 22 7 96 16 53 45 51 100 95 99 15 39 58 4 82 49 12 11 21 67 1 26 57 33 47 78 2 46 36 25 55 34 92 37 93 
28 68 47 65 78 60 70 57 15 44 63 12 50 26 93 58 100 29 61 11 66 49 88 80 62 16 99 51 86 72 98 37 75 52 27 55 8 34 85 76 43 39 96 17 54 90 69 46 30 95 56 3 31 18 
37 78 4 85 45 42 47 88 90 84 83 70 67 91 72 35 22 86 95 23 44 79 36 30 89 63 54 41 69 96 18 71 43 75 16 60 20 51 48 76 87 56 5 12 80 
32 19 62 97 3 16 33 40 93 88 79 11 74 28 6 92 24 12 71 50 36 27 34 48 90 68 43 9 100 75 73 18 45 85 46 52 87 84 42 15 31 17 58 78 53 26 99 83 96 64 44 
43 61 50 64 30 72 6 75 31 40 91 44 78 63 57 13 23 95 49 41 99 39 82 79 53 5 10 12 51 73 1 2 17 47 29 54 14 76 87 93 70 94 86 26 46 35 7 33 
78 71 81 6 28 91 79 34 36 58 50 74 19 63 41 82 75 100 62 2 30 18 20 4 26 25 23 22 57 97 96 27 7 43 48 9 44 95 45 84 98 70 12 21 5 61 42 87 
69 20 79 59 55 48 22 58 49 3 73 57 75 8 76 60 94 43 34 45 54 32 64 5 63 91 18 27 35 86 36 74 10 29 53 66 47 28 26 37 80 25 7 40 89 38 88 84 6 15 98 96 
18 46 44 99 35 67 11 97 100 93 34 12 41 68 87 1 79 60 54 30 56 88 24 90 82 42 40 16 64 63 55 48 91 53 59 69 58 4 26 10 6 45 62 92 38 19 
15 40 27 85 45 54 13 77 11 70 99 12 61 78 88 79 5 41 90 55 65 38 81 1 82 97 64 16 25 14 20 71 8 34 31 91 47 67 3 7 19 24 62 60 76 
3 31 90 73 7 50 11 26 39 83 30 15 57 82 27 44 100 10 61 77 59 85 79 19 21 96 4 95 51 87 75 65 48 84 88 18 92 80 28 58 25 56 13 63 33 24 14 38 16 1 47 17 42 78 37 91 74 43 41 
22 5 74 45 82 20 52 67 80 4 18 61 86 30 56 87 98 2 35 28 88 14 70 99 79 46 96 65 95 37 31 6 59 23 24 19 73 11 51 78 66 41 9 29 93 60 50 1 48 17 25 90 85 32 75 83 15 
68 89 100 45 79 2 34 12 51 22 70 87 7 76 80 44 18 59 65 36 62 43 91 15 30 42 11 17 75 94 88 63 72 74 86 93 78 3 27 50 99 39 82 90 85 66 38 64 92 16 95 83 37 52 57 13 
57 5 97 45 79 75 36 41 72 98 35 74 80 87 82 25 12 89 88 68 63 8 46 81 64 96 30 39 20 28 54 16 58 78 61 4 37 70 66 19 17 77 69 51 67 18 13 100 53 
45 8 56 80 36 53 63 39 35 86 7 28 10 41 61 92 32 70 75 50 94 2 31 26 30 88 58 98 87 24 93 48 20 27 64 91 33 97 9 65 3 49 55 44 38 25 62 5 68 
57 35 51 74 21 91 71 3 99 82 65 47 38 43 66 94 86 61 23 84 56 49 14 88 25 73 89 92 62 72 53 29 79 27 16 44 32 95 64 1 36 45 26 98 19 97 20 28 41 77 10 2 37 78 67 60 50 
55 87 86 43 68 72 81 64 9 1 96 100 7 53 63 35 29 23 37 93 39 50 85 16 41 78 12 10 71 5 98 19 25 99 95 75 8 73 13 66 18 88 34 54 76 17 11 51 
20 7 24 82 1 35 8 13 72 54 93 36 75 62 50 58 38 15 66 96 70 41 84 83 51 22 10 29 77 73 14 46 78 16 67 28 5 39 42 12 37 6 26 45 52 
78 71 27 49 100 42 22 53 74 63 5 28 30 41 66 58 54 77 52 36 91 57 29 70 48 90 23 17 92 81 67 19 62 88 80 43 3 56 83 34 94 26 75 86 79 45 
52 63 98 19 57 67 55 3 18 14 47 17 92 49 81 21 11 51 45 87 90 58 22 84 88 82 13 6 69 25 60 75 61 86 85 7 42 74 29 97 35 32 15 71 99 79 9 91 43 64 93 23 76 
37 53 87 48 80 74 99 27 1 13 59 26 4 7 73 50 57 46 91 75 9 67 18 29 62 78 79 83 34 95 43 92 49 24 10 40 17 12 39 56 70 31 82 55 81 94 88 33 14 51 45 8 61 77 97 65 
77 12 72 85 92 4 17 1 67 35 38 83 56 62 90 14 40 47 24 66 87 48 58 44 86 31 26 36 55 97 74 57 39 50 13 59 7 22 88 34 42 9 81 5 33 23 100 95 52 80 27 93 51 15 89 69 
12 75 20 16 4 5 21 85 52 53 63 94 91 68 76 87 23 24 31 77 89 70 58 19 78 17 14 6 57 32 71 25 28 88 66 30 72 84 45 69 79 54 80 55 38 
2 78 37 89 96 68 17 12 87 59 65 40 80 39 92 30 25 43 72 23 1 7 32 91 4 54 29 27 41 45 99 93 5 55 9 64 22 33 34 61 15 10 60 14 31 85 100 58 56 50 42 
4 74 90 69 30 5 80 97 52 86 27 46 92 100 98 81 88 58 60 12 10 44 82 2 31 40 28 84 25 15 87 62 51 78 85 19 11 7 33 3 36 64 54 63 61 99 18 1 9 93 95 56 41 
2 51 39 88 70 55 90 100 82 65 77 42 14 29 36 13 41 12 9 23 25 99 17 75 66 59 95 83 91 19 74 72 3 73 94 4 30 56 86 43 96 71 57 27 84 47 20 45 1 
51 56 46 98 94 95 73 93 10 96 40 17 65 45 62 8 4 32 81 33 85 28 22 31 67 74 19 34 71 78 1 90 21 15 50 79 18 64 80 29 39 44 89 83 
54 74 24 7 2 97 41 34 45 15 25 6 60 21 19 22 33 72 18 38 86 49 14 27 4 83 61 57 80 68 40 77 56 12 63 84 82 78 52 46 65 48 43 55 91 13 
78 5 7 3 35 76 59 72 1 87 75 98 9 62 38 24 8 69 58 34 46 65 92 100 79 42 49 47 96 61 88 74 91 29 32 95 52 27 19 2 77 16 86 68 80 21 
75 55 31 71 60 27 98 48 33 86 9 64 18 70 36 66 85 20 58 65 23 80 76 94 46 37 88 12 22 95 4 56 100 45 10 38 59 32 83 81 21 11 13 68 40 79 
80 58 31 63 68 89 34 16 37 98 77 38 25 54 99 53 11 48 42 14 36 35 1 28 6 59 69 95 84 22 60 17 90 33 40 2 47 76 32 20 50 97 83 
6 63 69 58 32 5 78 41 71 98 28 55 21 64 62 7 25 40 61 91 92 100 20 8 56 82 80 86 1 50 90 16 68 89 12 70 2 24 49 79 54 67 19 30 94 88 95 53 81 84 97 87 99 47 
53 54 61 76 49 63 8 18 45 79 92 55 78 12 100 48 65 7 72 81 42 89 87 90 39 88 3 26 62 5 94 10 60 24 59 56 34 50 1 71 68 31 47 20 57 27 16 46 98 
20 75 19 97 73 71 32 78 15 38 87 40 92 99 24 14 31 83 41 62 21 28 8 80 5 72 33 59 52 29 48 27 50 46 16 55 45 65 84 12 
73 15 42 9 52 29 32 61 99 38 70 68 58 44 81 35 17 36 87 93 56 39 84 60 37 90 71 53 97 16 63 41 1 85 88 19 40 64 89 10 2 95 11 65 100 
59 66 90 18 81 14 37 52 16 55 15 75 74 5 47 69 70 12 54 34 91 8 98 87 44 60 76 11 35 97 65 56 43 45 99 71 85 32 58 53 31 27 61 40 23 95 93 49 26 46 36 82 48 22 63 83 67 86 33 
2 35 9 6 17 3 56 98 10 46 11 5 32 23 49 47 4 39 54 31 69 94 18 20 40 34 19 50 58 48 53 87 7 14 21 65 75 37 1 74 61 29 25 51 63 52 28 85 30 96 16 72 22 62 24 55 71 
94 50 65 1 33 70 15 29 76 30 17 37 31 67 71 72 89 99 55 85 69 27 44 86 6 45 53 54 57 63 91 56 61 84 28 11 66 92 3 81 64 73 96 97 87 46 90 38 74 41 39 
39 49 69 4 35 12 31 16 11 9 96 40 23 18 80 41 89 2 29 74 34 63 85 75 59 1 64 78 52 28 30 72 98 77 25 56 62 91 33 61 94 67 100 90 13 
83 28 35 5 44 26 74 48 68 15 12 92 60 18 58 54 55 17 97 63 52 93 39 3 49 34 96 56 41 2 1 19 53 27 90 70 95 38 33 51 14 78 67 84 62 11 
37 54 89 31 21 13 78 6 11 94 68 55 1 32 91 73 72 63 96 60 53 35 84 82 61 76 15 33 47 29 4 42 16 69 87 25 30 3 12 46 9 64 38 70 34 97 
50 14 8 28 4 22 83 16 91 3 25 74 24 49 10 90 70 29 97 92 40 88 62 100 80 68 36 82 58 93 73 17 38 77 46 27 65 95 26 60 53 6 67 33 76 31 9 34 37 30 96 47 
34 36 38 8 47 52 66 55 22 72 6 88 95 16 86 67 9 79 11 62 90 59 15 10 17 46 99 37 2 54 100 81 33 64 77 19 14 53 29 3 69 89 42 4 25 87 78 32 45 80 43 92 65 12 
58 88 26 45 64 67 72 10 40 18 59 46 85 93 48 89 28 78 32 55 70 37 57 41 92 94 100 97 61 30 54 80 33 50 71 27 8 11 22 3 34 24 23 98 62 13 74 68 
48 83 97 95 23 74 57 35 19 78 39 30 75 96 8 66 80 55 32 38 92 85 64 46 90 22 65 67 49 56 62 6 2 88 1 20 47 76 89 7 63 71 77 54 59 79 51 53 
54 75 85 11 25 62 68 64 4 84 35 6 67 50 58 13 95 40 27 1 86 28 20 72 59 91 61 16 65 87 56 63 30 71 24 45 90 47 53 98 74 42 32 57 41 77 12 55 51 5 46 9 52 3 
24 32 55 18 90 93 19 28 87 92 5 73 94 1 83 36 4 91 80 65 29 64 66 22 56 44 81 98 75 69 85 74 10 50 58 86 96 13 77 30 9 46 99 95 26 
11 88 47 93 55 81 39 87 62 45 74 64 84 82 4 96 75 40 85 91 12 31 20 21 23 53 42 51 80 43 24 69 7 54 36 5 38 46 61 68 13 73 19 37 67 94 52 98 6 89 26 15 95 77 78 
1 88 42 15 35 38 6 89 52 78 71 70 90 68 74 32 2 40 39 57 80 63 98 16 53 48 46 30 61 81 33 62 95 29 5 50 58 51 65 83 66 43 84 93 24 55 49 
57 100 26 39 85 67 63 86 29 71 76 61 53 12 82 30 98 11 51 8 44 20 58 16 24 75 62 6 37 40 47 74 99 27 89 32 43 15 80 66 84 95 18 19 17 55 41 64 87 
8 5 69 31 9 98 55 91 34 96 43 30 77 38 7 23 27 89 25 11 10 19 62 100 48 14 47 51 90 64 67 17 57 60 4 29 45 78 24 59 54 18 44 20 82 3 2 6 84 66 97 86 
3 90 58 14 97 34 10 43 2 1 86 50 83 39 65 38 16 55 21 61 32 4 8 24 23 81 80 69 89 36 75 79 57 15 95 20 48 18 72 41 63 74 31 37 68 27 
37 98 21 73 63 33 96 25 67 4 77 31 19 74 55 84 89 94 38 88 43 64 68 100 3 92 82 49 8 91 14 26 1 78 41 2 87 48 72 45 54 59 18 90 15 71 58 12 23 53 46 22 85 69 44 
95 79 16 49 84 47 80 31 60 20 56 82 97 53 54 68 87 37 24 93 36 45 43 25 99 39 46 38 90 14 98 59 71 44 83 34 13 50 29 8 89 69 19 9 41 42 100 81 66 40 23 4 
93 47 34 98 84 19 100 76 23 87 18 70 42 94 62 77 80 63 41 43 64 49 38 8 3 28 52 83 11 22 73 67 27 6 82 56 96 86 40 33 57 58 37 12 74 44 2 51 78 13 99 
90 11 10 19 99 62 27 13 72 23 36 86 15 92 95 24 39 28 69 54 9 41 96 89 56 91 58 93 97 38 88 1 45 81 57 67 40 2 75 71 49 73 43 74 78 50 59 34 18 21 37 14 79 12 
18 20 97 80 42 31 52 96 92 44 29 55 10 85 98 28 1 45 78 76 8 21 51 43 6 63 11 77 74 59 54 12 67 15 68 37 89 36 48 62 66 9 34 17 47 39 27 58 40 13 14 73 38 19 2 4 
44 75 53 23 51 19 93 39 9 11 29 77 45 84 95 47 71 31 72 33 66 61 86 4 21 28 15 3 6 26 35 49 40 56 18 97 81 8 41 64 68 36 96 24 32 59 30 74 85 16 5 25 55 92 67 42 38 