100
41 82 34 23 70 42 32 53 58 33 56 21 74 92 88 20 65 3 72 81 7 25 83 48 44 71 57 91 28 51 37 69 61 43 62 52 
60 13 35 100 53 75 50 61 51 79 7 37 66 14 78 19 57 29 41 32 85 55 96 83 71 27 5 
71 39 60 28 25 62 30 33 22 86 84 95 94 20 98 44 46 66 1 9 11 61 97 18 36 38 58 53 
87 36 95 64 77 25 65 57 82 69 66 12 72 34 22 26 53 76 7 15 
55 93 20 62 14 15 13 71 21 73 63 42 43 2 67 53 22 83 40 56 76 69 58 50 29 31 47 34 27 
86 44 41 37 83 62 23 64 45 66 28 77 15 50 16 93 81 90 30 80 39 78 73 51 11 96 35 91 
62 19 2 24 22 74 53 42 52 90 1 64 83 58 65 30 25 80 9 34 95 4 26 56 99 78 27 41 63 
46 98 86 99 42 47 53 94 52 97 66 32 56 64 67 70 59 25 91 92 29 49 23 73 34 87 93 36 90 55 69 83 79 17 68 
21 25 39 91 32 7 37 87 54 70 10 14 42 40 81 41 75 85 64 17 18 94 3 80 55 97 78 53 
53 95 21 67 54 24 62 76 63 9 19 68 27 87 79 46 74 
37 53 52 17 19 50 42 3 61 65 97 80 79 84 76 25 68 92 29 6 
29 18 50 62 37 13 99 20 66 67 26 84 15 46 61 38 24 19 80 4 58 51 
40 66 52 25 53 100 59 12 17 33 73 91 97 32 2 85 26 5 
56 91 2 64 75 59 68 5 40 28 70 17 90 78 88 86 9 76 98 36 46 49 29 44 
70 18 4 38 42 49 39 59 12 57 29 76 80 43 74 86 5 6 53 28 26 16 19 
24 75 45 79 91 95 63 66 93 6 70 22 41 49 20 15 37 76 89 97 33 58 87 96 46 17 19 47 
98 34 28 22 44 84 16 80 77 8 91 11 54 48 86 23 14 87 46 13 88 59 79 31 66 83 93 9 
28 38 52 70 9 63 42 75 41 99 73 12 32 3 87 95 26 15 84 48 
66 81 49 25 94 10 43 15 82 52 44 76 2 11 30 16 7 38 37 62 12 20 83 61 46 28 34 42 89 23 90 45 79 32 
83 92 5 32 19 47 1 12 26 3 22 56 73 66 70 33 21 94 16 71 
89 10 68 20 60 1 31 5 59 36 46 55 85 88 50 51 82 54 9 76 57 
52 16 4 61 40 58 46 34 71 62 77 39 5 60 38 7 17 95 20 23 85 3 25 28 24 91 
63 32 22 92 51 61 27 47 17 1 87 81 64 62 84 6 19 8 78 99 59 75 
48 25 35 22 16 34 90 91 88 96 64 85 75 41 12 94 7 72 43 60 81 62 45 83 29 49 55 44 10 
22 1 8 3 40 54 57 11 66 4 90 75 19 69 31 36 29 13 76 7 24 9 26 56 67 63 
34 81 44 18 32 91 46 7 88 82 76 30 12 38 25 86 74 60 65 66 41 20 48 85 62 15 58 4 13 95 37 96 70 99 63 45 
47 75 41 30 5 72 76 96 78 53 83 62 87 7 57 10 23 2 70 97 92 37 67 100 35 69 
70 1 18 19 14 88 3 48 57 41 66 17 6 33 37 22 15 42 95 65 94 67 44 78 40 36 64 68 77 
40 15 35 56 99 66 68 2 57 8 82 100 11 69 42 46 62 63 93 25 5 12 24 32 47 91 14 
85 7 95 91 49 27 60 31 76 62 19 43 75 74 6 26 77 42 56 55 34 3 32 52 
47 68 69 88 57 98 39 32 44 59 33 66 50 30 21 25 79 35 65 17 83 70 43 100 5 
45 57 52 29 35 34 30 20 48 9 58 8 61 1 59 19 33 18 26 50 91 2 13 55 76 51 23 31 
79 13 83 35 16 71 91 74 20 56 41 3 93 73 32 57 53 52 1 68 31 90 28 
77 7 22 88 17 36 67 57 89 38 94 54 39 93 58 4 8 50 99 1 61 32 19 70 30 26 5 86 24 42 
100 66 2 64 6 50 63 32 46 79 94 33 86 40 29 62 38 31 81 97 27 47 52 55 45 37 24 42 76 
71 80 82 64 4 28 14 48 47 34 53 57 85 91 3 90 49 8 61 84 39 25 21 
39 56 49 28 12 48 42 26 47 100 43 27 19 2 11 87 6 16 51 62 54 96 1 67 68 9 77 35 
69 68 3 70 19 64 99 22 34 18 95 50 88 42 26 93 90 15 40 12 61 98 35 
76 79 99 34 86 54 87 36 43 22 31 52 9 6 83 78 37 61 53 70 3 84 46 15 94 
29 86 13 56 28 53 22 77 73 88 14 51 85 5 25 38 50 57 97 35 9 61 
33 47 81 16 26 28 2 91 7 64 50 74 80 100 6 1 63 71 24 18 83 46 27 53 9 
9 68 15 56 37 77 75 28 7 91 92 34 69 18 50 30 19 64 5 1 63 38 35 29 58 52 74 57 8 62 96 11 44 
44 5 95 83 37 79 93 57 87 30 98 84 1 55 19 15 24 100 56 89 31 72 73 71 39 53 52 
97 75 90 59 73 26 6 3 85 98 53 63 42 86 28 24 1 14 17 43 31 19 62 
100 70 16 78 81 72 26 35 58 6 24 32 51 69 90 56 55 19 76 83 
3 26 16 51 59 96 8 64 58 47 72 29 95 67 41 69 35 39 99 19 65 22 61 89 10 17 12 66 21 14 
85 16 86 5 49 66 23 35 62 80 94 90 27 88 100 37 60 74 29 71 54 8 41 20 46 36 63 72 31 83 76 
51 18 52 17 28 37 64 68 36 58 24 1 83 32 81 26 91 55 99 76 86 
54 59 76 19 30 74 37 87 71 100 47 94 97 24 14 75 16 93 8 65 81 51 36 15 55 67 84 
6 5 31 11 2 68 86 32 21 71 79 41 61 34 40 78 42 12 94 93 75 35 38 80 96 
21 96 32 71 23 2 86 48 46 45 1 80 49 37 82 12 84 99 40 6 
7 39 88 78 30 18 43 8 35 70 66 71 48 83 90 42 13 77 1 32 22 11 80 19 33 
3 40 9 5 1 13 2 8 63 69 36 4 86 90 11 61 15 41 39 10 27 43 93 33 65 44 7 66 
39 49 97 34 58 74 73 71 25 10 93 61 9 63 82 47 21 17 37 83 78 
8 24 68 5 79 45 43 48 72 84 35 49 73 65 21 76 93 91 90 2 32 100 70 30 9 66 
40 93 91 8 42 20 80 60 62 97 94 7 45 29 43 37 30 25 76 33 96 5 73 77 14 99 67 1 
65 29 42 31 43 34 95 83 1 25 93 40 32 71 58 90 33 27 36 91 28 92 2 15 4 78 63 21 
69 32 26 64 71 22 16 81 7 94 48 42 5 54 1 74 46 45 100 12 3 67 57 72 34 63 
86 77 93 80 15 17 76 97 32 84 31 88 14 85 64 13 92 66 8 83 23 44 91 21 46 49 
22 30 68 3 74 77 64 83 67 24 70 21 78 26 97 2 47 56 81 
40 32 95 54 46 1 23 53 22 34 50 92 96 38 12 39 2 3 11 84 98 69 19 36 
19 12 27 47 1 3 10 37 26 7 63 79 44 42 6 97 30 24 35 23 5 56 98 29 22 71 88 
97 57 62 58 53 10 16 68 29 18 5 92 89 47 44 26 23 54 42 79 98 7 25 35 65 41 
23 86 46 24 59 83 85 38 79 36 42 8 89 76 69 9 41 14 78 60 58 65 7 4 6 28 48 84 35 93 
63 99 87 53 90 31 71 26 72 28 81 55 4 95 49 80 79 7 1 88 57 11 46 91 64 
20 31 86 25 96 70 26 28 94 3 17 19 59 16 90 46 80 99 53 52 6 47 71 12 55 83 35 2 69 29 98 4 13 8 
88 79 10 56 46 27 70 5 8 76 100 78 12 96 60 92 77 28 83 34 58 95 80 73 25 49 37 
14 71 38 55 63 48 29 21 99 60 77 31 8 11 50 33 42 37 28 70 75 10 84 
45 98 100 64 42 58 27 1 82 53 38 31 5 95 79 87 90 97 61 46 25 29 8 4 66 76 
18 45 66 34 68 9 31 20 38 15 1 16 77 67 52 55 39 8 60 26 14 27 89 82 28 
68 2 49 66 86 3 52 36 57 62 43 54 5 47 22 50 99 95 65 20 51 41 33 58 79 74 1 
100 46 65 99 79 55 24 45 1 92 91 4 27 81 47 80 58 43 77 
44 67 86 43 56 8 5 54 13 20 77 40 89 55 78 6 18 95 33 
49 41 47 71 26 90 33 1 30 54 92 60 93 7 81 96 42 15 91 58 10 100 
68 27 42 16 23 9 77 24 2 96 85 49 50 92 30 44 94 25 18 95 93 14 
88 25 5 27 84 67 45 97 55 64 48 47 59 32 4 30 39 15 94 10 90 56 99 14 95 19 26 11 81 69 35 21 16 49 82 
59 81 42 67 28 72 92 52 60 6 37 30 22 68 75 17 56 34 4 70 73 40 87 
80 7 94 67 9 45 27 14 88 28 89 64 73 99 6 57 23 60 2 92 85 52 54 39 50 
72 11 64 63 2 93 31 69 43 62 71 81 55 8 33 50 65 19 85 92 17 10 16 39 35 67 
91 66 78 90 51 59 9 56 17 6 15 36 47 65 50 7 41 67 12 11 72 52 
77 19 96 93 9 83 41 45 79 91 35 72 85 97 49 58 65 23 60 6 1 76 26 74 87 24 89 48 
95 69 26 70 54 29 19 1 51 21 76 4 36 88 
67 64 54 20 60 7 81 19 66 95 84 8 48 24 92 52 31 57 17 2 5 33 41 43 1 27 47 45 39 85 59 6 
55 68 17 11 12 43 59 18 51 23 49 3 61 64 93 83 39 76 94 36 
44 9 93 47 79 40 36 83 78 21 75 13 24 26 64 90 59 88 92 2 81 98 22 30 
44 15 71 51 35 47 59 40 53 39 73 50 6 94 48 34 17 64 8 66 3 26 14 
77 98 69 37 49 23 100 39 18 91 10 97 8 27 4 17 81 43 9 16 65 
65 38 62 99 40 78 14 26 17 93 82 28 76 31 67 59 85 34 1 24 90 52 21 47 
78 63 21 97 73 46 34 100 81 19 43 16 64 70 94 
24 45 25 74 76 19 80 47 8 85 14 91 98 53 88 57 66 52 38 44 55 36 69 6 33 65 7 
9 57 81 55 13 33 72 30 48 90 8 26 56 32 22 1 29 59 65 36 6 17 14 80 96 94 74 42 24 16 41 87 
11 67 72 20 1 27 75 42 61 59 85 83 8 77 78 63 100 93 23 79 97 57 74 
74 85 8 79 5 92 59 81 16 97 49 34 50 38 54 64 6 75 29 84 53 17 88 33 43 57 55 56 
20 84 78 50 9 75 35 89 86 8 49 3 96 76 56 24 95 47 91 28 34 66 39 58 19 
61 67 7 18 26 57 22 16 94 30 71 69 65 28 73 43 75 83 76 46 10 3 4 38 82 
74 24 61 91 50 81 75 2 56 99 67 6 37 26 27 42 46 51 94 66 16 
89 59 35 60 49 40 16 27 13 81 11 63 44 93 3 62 99 8 92 69 9 56 76 87 54 
66 43 14 61 90 62 17 85 87 38 69 44 31 8 63 3 
76 29 8 39 12 66 65 97 56 88 18 72 23 51 26 38 46 48 34 7 71 68 96 78 
49 89 29 43 67 35 47 2 69 87 41 37 58 72 74 27 92 13 45 55 31 