100
95 71 11 55 14 67 96 58 49 76 74 29 15 68 94 64 30 13 4 84 
89 10 50 30 72 42 37 46 20 98 70 76 58 28 15 55 22 93 83 52 41 11 19 63 84 56 27 
24 25 26 35 43 14 27 10 52 23 63 60 51 73 84 12 34 41 31 5 32 91 97 56 
68 59 44 61 12 80 46 85 23 86 13 8 75 20 49 71 42 54 1 35 60 78 18 39 6 83 9 79 37 21 
93 72 9 84 54 56 10 73 33 50 79 41 18 89 64 61 27 100 46 90 3 47 23 62 60 49 22 28 80 91 76 39 
76 81 53 60 19 52 90 37 56 74 88 50 55 4 80 36 62 38 33 71 84 22 63 
57 17 71 19 25 41 97 11 52 42 40 32 35 59 96 53 82 22 80 55 31 77 58 23 88 62 43 51 48 
72 36 35 75 19 73 81 14 90 22 77 31 79 4 94 16 96 78 69 76 88 93 87 
84 52 43 13 42 88 96 69 37 4 90 5 49 91 18 33 89 76 65 45 54 41 23 99 
99 38 34 76 22 61 36 66 69 100 3 90 14 89 40 39 60 71 52 93 70 5 35 85 2 
67 14 99 59 45 84 44 97 77 66 15 86 18 2 52 73 93 7 57 60 1 38 81 22 
46 53 66 88 69 52 15 14 95 82 43 54 28 20 57 75 51 86 73 3 44 4 
40 64 32 90 71 24 39 30 26 33 83 78 79 54 98 1 38 94 70 55 57 41 85 9 4 
97 68 60 85 41 11 12 30 1 95 67 10 99 3 43 21 92 81 8 26 39 57 53 58 36 
45 33 96 53 12 79 43 82 25 66 11 83 56 68 86 51 19 31 57 18 2 1 94 47 71 
97 94 70 38 47 56 8 42 86 53 50 18 81 49 73 83 93 28 57 32 
83 35 54 70 49 51 34 68 95 39 36 67 98 81 61 56 32 77 88 45 55 71 85 79 7 66 19 
35 57 68 41 16 29 15 30 63 47 5 42 53 26 9 21 95 97 84 51 11 91 54 4 83 
29 25 23 77 36 84 6 15 87 8 61 100 17 45 43 32 86 82 22 7 79 62 2 78 66 
25 12 21 75 59 62 81 4 48 67 39 61 98 30 31 66 92 65 2 76 94 52 
86 18 62 49 96 59 83 14 4 79 42 64 89 20 54 29 95 28 
65 74 86 11 55 95 19 42 7 45 6 8 63 94 49 10 69 34 5 23 66 88 77 31 2 25 84 47 
4 5 19 98 37 78 28 70 22 56 46 51 31 41 64 9 89 47 42 36 35 3 71 69 49 62 7 84 
43 31 98 30 68 62 41 64 13 55 75 76 40 90 57 100 72 99 3 82 58 92 
100 34 95 57 22 28 62 3 81 54 96 97 19 88 68 91 20 74 87 89 39 15 99 7 40 
49 84 18 80 68 70 29 14 38 86 78 3 50 59 75 66 13 72 95 42 79 85 53 82 30 
97 78 57 3 96 92 49 5 53 46 47 34 33 42 86 2 29 59 30 82 58 43 41 
50 44 5 81 96 83 16 69 21 35 2 25 33 51 37 23 12 62 72 95 84 42 48 56 31 
21 36 80 89 50 41 37 77 86 49 64 75 19 26 83 1 70 44 34 18 42 100 27 
34 59 67 39 64 50 60 20 24 37 27 61 78 69 18 53 44 94 95 70 1 36 14 52 88 62 26 2 47 41 13 97 
3 55 36 91 64 8 37 7 23 96 71 63 15 79 82 24 87 40 28 20 68 70 22 
50 81 66 92 51 7 47 19 65 54 61 17 13 91 100 16 52 60 75 73 82 3 94 
44 59 39 90 27 37 56 15 57 45 9 42 80 76 13 52 5 6 28 
46 27 99 10 29 38 58 3 22 36 40 82 93 69 66 17 44 86 43 30 42 25 96 
17 93 8 23 87 10 4 48 65 79 73 45 49 97 84 85 89 7 59 36 28 18 83 3 58 
81 49 97 37 87 98 90 64 63 50 56 30 34 100 6 14 47 78 60 88 17 62 59 71 29 10 23 75 35 19 43 31 8 
61 75 29 100 2 28 30 94 50 4 88 95 96 23 98 66 9 39 31 86 56 33 6 36 87 
96 6 50 34 13 47 26 79 10 91 56 45 11 40 16 97 73 99 64 
4 91 13 53 47 20 30 25 17 37 59 50 100 86 14 57 95 10 33 5 45 
60 58 63 70 50 13 25 78 71 100 80 34 82 56 38 88 72 10 97 7 49 31 24 
100 5 68 30 7 88 14 74 18 83 23 24 91 27 62 3 67 59 69 9 29 70 61 13 95 65 53 60 2 
71 93 27 18 92 76 67 63 23 21 83 9 22 33 26 34 52 78 29 62 16 4 28 7 2 45 
15 76 45 59 50 34 12 62 56 3 36 14 87 27 46 9 94 57 7 24 88 19 52 85 49 
66 49 65 29 4 97 30 12 50 47 91 28 33 69 87 81 11 34 
38 63 78 84 22 58 62 57 33 93 19 61 65 43 91 39 17 81 42 86 9 46 11 15 35 48 
57 45 34 23 4 2 67 49 86 50 72 74 59 70 12 43 82 77 55 54 47 97 5 80 27 100 90 84 53 
30 18 89 22 56 93 23 16 44 97 36 62 54 32 15 65 46 5 70 27 82 39 76 38 52 
68 45 69 90 86 59 87 20 91 100 95 35 7 28 80 76 55 
84 4 77 36 17 64 9 69 63 29 91 1 40 16 44 60 61 43 21 26 100 76 54 5 27 23 46 88 22 97 55 35 
44 32 5 53 67 29 36 30 38 37 46 16 39 40 2 26 78 86 77 28 43 63 80 61 6 74 75 
7 32 18 88 89 99 3 17 77 23 97 12 15 98 53 60 67 28 
9 42 61 30 75 64 43 99 20 32 2 65 55 11 3 33 93 77 73 84 12 98 100 47 10 67 6 7 
12 16 96 27 77 66 86 7 50 26 46 14 6 18 70 78 51 64 30 41 73 39 59 15 71 72 
95 17 12 25 9 4 5 80 46 49 32 47 76 55 59 18 21 13 
85 46 22 54 13 2 56 67 48 6 60 71 61 1 73 31 52 74 49 76 7 17 24 
38 5 88 43 76 15 72 84 36 16 99 40 74 28 37 2 55 95 3 87 89 6 100 86 65 47 17 23 33 
27 7 45 99 25 68 15 11 12 16 83 33 70 14 39 18 85 43 46 13 98 71 80 24 93 90 
90 2 100 91 72 1 95 34 73 24 70 35 68 14 83 7 96 27 45 82 65 40 99 84 
91 83 60 87 92 79 35 74 43 54 88 26 27 20 63 53 33 76 7 11 39 46 99 21 4 62 80 89 81 41 30 48 94 36 
69 3 77 32 40 36 51 79 89 30 49 91 41 76 55 66 6 4 5 11 14 59 62 80 10 
10 94 96 87 83 19 41 30 69 55 52 76 49 37 5 95 100 50 80 74 68 4 85 17 20 32 45 
6 68 91 21 70 47 36 20 42 45 60 41 59 98 92 30 19 7 43 5 23 28 25 24 82 74 
42 87 22 6 49 31 64 66 50 45 18 40 3 88 93 92 71 59 84 36 2 
52 49 87 63 91 67 36 53 1 13 21 82 30 23 81 70 31 93 79 95 29 38 5 24 69 99 
58 41 56 22 92 35 44 32 85 98 20 9 52 47 82 96 45 68 
94 89 10 32 92 44 20 95 26 83 60 99 11 34 53 79 63 19 77 37 15 22 12 17 
20 68 87 69 77 11 74 64 98 52 30 100 42 17 73 93 97 14 1 46 96 55 95 51 41 50 71 
4 86 17 14 84 62 99 93 18 1 88 41 25 94 48 61 100 87 15 24 65 31 26 90 81 67 57 58 
60 8 67 89 12 22 77 30 34 23 61 41 48 73 99 92 97 64 88 94 49 10 28 9 44 72 
90 62 2 98 72 41 17 16 57 80 23 64 83 30 75 82 13 58 10 29 53 46 26 47 40 81 31 
40 78 6 67 7 13 17 10 93 36 57 53 81 1 4 91 63 42 31 55 15 23 
8 70 26 28 5 2 56 93 98 69 24 58 46 40 53 
53 11 58 84 88 67 8 77 12 35 99 32 16 38 3 52 55 69 5 
86 79 85 50 41 97 91 1 98 94 46 22 56 83 93 25 67 61 6 99 62 55 92 59 
89 94 26 91 36 24 4 81 98 77 20 70 50 32 52 12 29 78 8 37 
49 80 33 5 59 56 54 47 98 48 20 10 8 24 1 9 84 6 2 55 78 60 61 97 43 42 
60 100 49 22 19 29 73 7 50 81 53 8 66 98 75 80 84 79 67 95 51 52 69 17 46 11 
45 13 85 71 93 53 4 94 75 97 27 36 82 26 30 19 42 8 76 84 40 23 96 50 
91 19 17 59 26 60 64 98 4 66 31 21 81 38 5 74 8 15 86 96 35 93 13 99 89 77 
33 46 6 77 76 7 54 26 89 98 60 70 5 48 4 83 57 59 61 29 50 40 
45 77 11 70 59 87 36 68 64 17 32 25 82 95 85 71 79 16 88 75 14 6 20 28 92 44 8 
15 93 7 47 81 12 34 65 70 27 19 46 58 84 62 31 24 92 78 26 64 96 83 32 40 
66 57 2 17 80 74 21 88 16 61 58 42 91 29 4 35 41 13 28 97 15 18 90 70 82 59 
9 86 76 92 6 49 45 1 23 77 35 5 93 82 26 73 68 22 52 94 78 88 28 56 18 63 19 11 3 46 58 2 
97 78 65 43 57 13 17 26 61 55 98 14 4 81 10 96 74 35 
21 74 16 22 45 99 97 27 56 68 12 15 39 29 50 46 26 87 11 48 84 19 4 34 53 37 79 96 94 
93 91 59 94 63 98 44 8 35 56 68 37 36 86 43 67 25 61 48 31 64 19 81 
30 22 37 9 93 84 36 43 51 41 73 63 69 40 17 7 49 25 81 8 6 12 59 83 56 68 
23 51 35 56 60 66 80 29 47 21 10 5 75 2 69 79 99 25 9 59 
13 68 95 70 10 97 46 36 33 24 83 6 5 93 57 48 8 9 58 100 
100 48 49 31 44 59 75 5 98 18 87 64 62 41 45 83 92 38 32 74 79 58 3 39 71 9 25 60 
20 32 91 84 24 94 27 62 66 82 69 59 74 14 81 63 42 65 
71 84 63 5 74 68 34 35 64 67 72 78 8 11 52 88 90 57 87 2 16 45 79 47 10 42 82 
22 92 98 37 78 30 68 59 75 1 15 96 8 61 16 95 13 20 74 66 99 86 32 69 87 43 84 
81 28 30 61 48 41 54 90 58 64 37 14 66 12 67 77 94 18 56 22 39 1 25 21 17 26 
28 8 85 82 86 31 27 100 94 37 25 15 9 67 65 58 78 38 61 7 79 34 53 1 21 
69 16 36 85 67 40 74 47 76 78 49 86 27 7 83 44 25 14 3 11 18 90 46 35 38 30 51 
76 17 24 91 51 80 85 77 94 23 74 57 36 79 13 2 65 52 37 87 20 70 75 72 62 67 
38 14 57 64 51 56 34 68 24 11 10 86 25 69 89 74 59 58 9 73 100 52 66 79 94 
5 49 46 19 36 24 58 48 77 37 91 56 39 10 40 32 90 67 52 68 41 25 99 96 61 29 