100
45 86 29 42 21 49 89 80 50 71 91 32 12 92 55 97 40 53 10 98 60 64 18 96 65 95 23 44 28 61 24 25 36 16 27 67 43 7 62 59 6 41 52 5 3 57 66 34 77 38 76 14 17 20 9 88 31 30 37 81 2 84 54 94 48 35 79 73 82 68 74 75 56 
15 39 90 63 33 50 100 42 78 98 11 71 73 9 30 99 6 51 8 84 13 4 49 88 83 44 62 1 37 25 21 85 53 55 70 47 94 74 29 12 91 66 16 59 18 54 92 76 26 23 67 22 81 65 97 95 20 40 10 34 86 27 69 56 77 96 3 24 45 41 58 87 80 7 19 57 61 14 60 75 43 17 
18 88 15 86 8 87 60 10 82 98 19 85 28 59 20 70 50 54 93 99 96 5 56 52 17 75 13 79 72 91 69 63 12 34 2 61 94 35 9 39 43 14 32 29 4 51 31 66 80 33 62 42 90 44 67 49 55 27 100 22 11 7 95 64 97 74 1 21 37 6 77 26 65 57 
56 64 82 93 44 51 17 2 75 30 14 57 68 99 48 41 28 23 98 84 61 63 73 22 90 50 59 24 8 32 95 65 54 10 3 69 100 46 86 49 18 38 55 33 35 79 80 47 78 92 72 77 11 89 19 21 71 31 26 13 15 27 39 67 36 62 88 96 87 81 5 45 6 43 34 29 52 40 74 58 7 
98 18 40 37 94 88 14 93 10 42 64 71 1 6 46 81 95 21 20 47 35 51 7 22 13 53 65 57 76 80 43 97 36 60 29 55 48 74 91 50 84 72 44 59 62 3 73 82 17 87 78 9 25 69 34 63 32 26 86 4 85 8 75 83 67 49 52 92 38 54 27 61 100 11 99 39 16 28 
12 36 71 55 63 34 95 18 30 73 25 26 54 23 27 11 97 16 32 38 59 20 53 56 93 1 14 21 69 47 42 3 66 88 65 15 5 41 67 48 76 35 4 61 39 82 96 77 85 74 51 22 86 60 8 81 13 50 24 46 62 29 84 87 49 45 79 43 7 2 80 89 92 40 10 
94 40 70 53 43 92 79 2 16 37 32 5 41 72 59 54 80 97 18 11 10 82 36 61 68 57 85 64 90 9 1 49 50 73 39 56 45 30 60 66 6 13 67 63 84 83 4 26 95 69 33 52 19 71 98 34 81 23 22 99 77 76 29 38 20 62 74 87 3 47 15 21 88 44 46 51 27 42 
78 77 21 67 79 43 14 92 25 96 66 18 24 12 85 2 11 93 86 31 95 13 68 81 23 4 76 49 3 88 63 69 19 94 28 33 39 44 30 65 22 52 35 71 9 36 83 62 51 75 48 6 58 27 5 45 72 99 50 37 56 84 55 61 97 16 100 74 82 32 91 40 29 
19 85 13 70 36 29 33 54 73 22 38 45 51 49 11 88 93 55 28 69 62 1 74 100 17 7 31 41 87 21 92 77 25 37 5 89 10 59 61 75 68 44 64 26 16 40 46 60 98 94 24 58 15 8 78 57 3 12 53 84 47 50 56 83 65 35 18 2 81 39 20 43 67 
2 32 63 95 97 31 94 5 36 4 88 67 74 35 72 44 77 56 66 34 33 24 30 27 47 25 15 62 58 69 61 38 45 86 57 17 26 85 82 29 21 65 23 53 49 12 70 1 81 9 43 13 96 80 89 75 51 18 11 52 93 78 14 22 3 55 84 54 50 7 39 6 71 19 59 
42 13 100 93 70 29 97 41 23 3 31 61 88 69 26 22 65 4 76 89 49 52 15 82 6 38 66 47 72 21 81 54 55 17 16 58 27 79 43 80 84 20 7 99 92 91 85 44 2 34 96 35 12 9 19 28 98 56 36 40 8 46 14 10 50 5 45 77 60 73 25 71 62 90 64 37 94 68 
17 46 36 82 25 38 90 51 89 74 75 20 1 44 72 94 64 10 88 62 6 19 16 41 70 3 39 32 84 79 14 50 87 95 86 97 66 67 52 34 42 40 27 78 53 69 92 47 59 73 33 98 9 15 26 28 91 21 63 45 68 8 57 22 35 85 11 77 54 2 99 83 80 49 23 37 
44 63 94 52 41 64 56 34 67 73 85 7 23 97 40 87 16 32 83 84 60 65 24 71 11 3 68 61 51 25 58 92 29 89 35 93 86 2 18 62 53 76 5 6 96 21 49 30 9 80 10 90 17 26 91 48 47 99 43 74 22 45 8 50 81 72 4 39 78 20 31 
8 100 51 74 6 30 49 59 29 3 72 83 98 69 81 11 90 95 56 25 65 48 97 44 99 4 15 12 35 31 53 86 26 63 1 45 55 5 39 50 94 82 42 73 24 64 46 78 96 52 70 68 62 60 58 41 71 20 34 10 75 76 43 21 91 18 2 19 88 33 92 61 16 80 27 37 93 89 38 79 
81 60 3 33 80 91 44 14 59 28 55 31 56 69 73 84 95 24 34 75 37 18 43 48 86 41 30 47 46 52 23 94 4 42 79 11 35 29 38 65 39 85 57 7 96 76 27 67 51 70 6 87 36 97 68 53 21 40 32 26 17 20 50 74 93 100 10 45 90 63 2 88 22 9 72 12 89 71 
34 13 48 97 38 6 29 44 20 47 25 64 8 9 96 50 23 49 68 92 26 36 56 70 39 77 53 87 45 22 99 12 1 55 94 42 24 28 60 52 14 95 88 17 81 67 19 30 43 69 32 31 91 2 27 7 73 59 11 65 78 100 58 84 41 35 83 72 40 5 80 46 51 
52 58 47 68 22 1 84 13 37 4 85 12 76 69 24 87 92 39 60 57 18 59 46 41 98 38 25 26 79 28 42 20 15 70 34 51 48 5 54 21 82 30 55 62 11 77 94 65 88 27 97 71 91 10 40 90 2 61 67 93 32 73 44 3 23 100 95 43 16 33 29 9 89 45 31 
28 1 99 14 49 45 61 25 90 10 15 58 96 78 56 83 43 38 5 57 82 35 66 50 26 71 55 93 4 39 46 63 69 88 20 62 94 54 92 98 75 53 32 30 60 59 3 17 42 74 52 7 36 51 9 6 100 86 67 85 37 8 70 68 2 95 77 73 89 48 87 13 
4 49 74 27 14 3 36 44 98 72 84 40 11 47 50 30 35 31 33 41 64 23 8 89 26 22 59 92 93 76 57 55 10 16 45 60 20 73 54 65 28 56 58 83 67 9 46 79 2 51 91 85 7 29 88 34 12 77 82 63 43 75 81 66 62 24 86 100 95 70 32 87 90 21 
28 72 67 26 76 30 95 84 64 53 18 11 48 49 79 100 88 33 93 12 5 44 63 15 57 66 2 60 78 68 23 58 55 89 59 91 40 42 19 99 54 85 6 50 22 69 41 34 94 90 16 14 3 65 51 27 70 21 35 9 73 17 81 46 24 29 96 7 13 1 32 75 43 98 45 36 77 
6 84 39 31 7 41 5 55 67 12 80 24 13 20 87 26 83 54 81 8 88 95 94 66 65 23 30 38 25 22 72 27 1 43 90 52 53 71 33 92 63 10 47 76 61 19 28 74 75 17 60 99 46 3 68 97 2 40 4 44 9 57 45 11 14 15 
83 96 34 57 61 42 31 64 79 99 92 3 53 88 6 100 19 65 2 70 73 54 91 58 68 7 12 71 43 89 8 86 59 41 17 26 94 23 66 48 60 33 10 82 69 40 20 5 62 77 87 97 37 25 63 81 4 50 9 52 13 93 98 56 11 74 38 29 35 84 75 24 67 21 80 16 51 85 15 36 
15 60 52 8 25 64 92 41 12 70 7 6 26 57 13 46 86 29 72 74 49 78 16 39 1 81 84 80 68 93 21 24 44 19 54 85 20 35 89 75 43 45 36 79 51 95 59 66 83 17 27 2 91 4 22 76 71 53 77 62 31 33 10 56 37 47 11 55 82 
13 56 100 39 40 25 77 74 96 80 22 19 94 14 82 28 32 79 88 50 92 49 85 61 45 4 97 84 57 42 21 78 72 20 47 51 33 37 27 89 63 67 66 9 64 75 52 15 76 69 34 43 29 54 6 10 48 8 2 86 16 41 99 44 95 35 58 62 68 17 91 23 31 30 1 
83 61 21 81 57 65 30 37 95 2 8 43 76 28 70 51 18 6 77 73 44 22 74 63 16 68 56 62 86 90 40 23 85 79 31 24 100 38 35 99 93 46 42 97 50 33 13 55 49 52 58 9 71 72 87 10 64 67 69 82 98 47 41 54 36 66 11 60 1 5 94 12 34 45 92 39 17 14 84 88 
63 71 6 100 68 20 5 7 38 77 53 16 48 50 67 52 90 74 15 79 33 18 3 83 72 23 10 34 80 45 58 4 2 89 47 88 81 97 82 46 9 12 32 84 54 22 36 76 86 21 85 42 43 19 91 78 29 41 11 13 17 14 
73 89 50 82 67 56 38 74 4 36 97 78 53 2 34 15 7 35 11 71 65 16 5 57 55 3 21 17 23 52 64 49 66 84 90 62 92 99 45 29 77 37 75 72 6 47 24 20 95 46 8 1 32 80 63 86 14 31 19 51 48 70 79 41 94 42 12 88 10 40 61 59 33 69 44 
60 47 16 43 42 98 63 73 82 41 67 57 75 80 61 78 51 76 94 64 90 12 72 31 49 8 5 74 24 20 36 100 29 96 93 48 70 33 3 32 89 66 65 15 71 4 62 54 99 68 1 52 35 9 92 40 58 84 59 37 25 21 19 97 17 46 44 88 11 18 
90 83 6 75 40 87 74 44 76 50 54 94 36 3 80 22 98 65 24 84 58 81 23 61 82 62 10 20 70 45 67 19 15 14 100 79 59 7 2 38 51 31 4 69 28 33 66 47 27 48 39 77 26 5 9 41 11 1 30 56 57 32 78 73 63 42 95 53 60 55 99 13 16 96 49 35 8 17 
13 52 73 62 100 19 35 83 99 91 65 54 21 57 85 56 38 86 10 94 20 40 29 46 18 55 1 66 32 59 58 42 15 95 16 77 81 87 51 75 14 48 6 4 8 79 7 80 84 44 17 34 2 31 90 37 67 24 70 97 25 61 72 45 92 89 
10 36 66 51 91 76 90 61 23 59 57 50 86 60 44 1 13 38 67 29 100 45 48 21 27 43 4 28 98 8 42 96 19 89 14 35 93 32 39 17 25 70 16 69 77 63 54 3 46 99 97 88 83 85 94 11 24 52 47 65 37 92 75 79 15 71 40 73 9 49 30 74 33 55 22 41 58 
38 49 74 20 24 96 94 63 31 10 7 4 56 77 41 39 88 66 51 68 65 99 72 28 84 75 67 79 16 100 6 12 45 44 19 3 15 81 1 27 87 76 59 13 60 30 73 57 40 97 17 55 52 48 71 26 29 92 64 78 8 70 18 5 43 53 47 80 93 85 86 
20 22 89 46 37 10 17 81 87 85 14 31 61 59 23 35 100 7 63 76 36 2 47 49 74 98 26 64 48 3 69 67 57 96 27 21 24 91 94 50 8 77 28 71 25 45 68 42 80 56 65 84 4 53 90 19 73 52 78 97 66 62 88 29 75 79 39 12 15 44 60 58 34 9 41 55 51 54 99 92 
30 1 3 60 61 6 63 92 17 27 36 24 93 50 79 62 57 78 52 77 68 83 19 48 99 10 12 38 97 22 82 11 55 44 46 25 14 54 73 16 7 47 39 86 66 88 20 33 13 89 2 59 75 64 74 71 58 5 91 49 96 35 4 67 98 94 45 26 84 15 87 90 
98 47 34 4 92 58 79 24 29 5 51 69 25 81 22 62 44 1 96 8 61 15 40 13 28 54 55 6 27 9 38 89 66 16 95 56 20 37 36 73 88 64 97 87 52 100 71 3 53 19 41 30 91 14 18 43 72 31 86 46 10 75 80 60 12 78 33 83 49 84 11 59 48 39 23 99 82 42 57 94 93 
72 48 56 84 74 6 9 34 18 11 1 87 53 64 59 83 85 4 5 91 33 44 79 12 55 81 58 71 39 7 8 54 67 26 82 42 65 35 98 23 97 10 50 15 16 100 28 45 31 93 89 25 62 78 19 99 38 88 20 47 22 73 68 49 69 37 94 77 60 76 86 29 41 90 96 27 
1 61 7 69 66 2 17 81 36 79 98 27 75 25 43 41 35 96 5 100 31 89 8 33 82 59 51 45 63 55 76 48 52 11 71 60 57 14 86 3 99 80 91 64 47 95 30 90 18 40 65 15 78 9 83 49 50 28 97 94 44 84 56 54 92 93 22 62 46 24 74 23 12 53 39 73 85 38 
1 70 77 88 48 31 74 65 14 26 61 25 68 66 32 9 4 10 100 83 72 37 82 44 90 18 6 80 21 60 17 84 29 22 42 57 58 76 54 71 35 49 27 99 36 46 30 64 7 97 94 16 93 34 40 87 15 47 55 43 73 12 75 67 62 52 92 63 5 53 96 11 
3 52 80 71 6 51 97 79 32 69 10 18 46 53 95 81 82 92 12 70 37 91 31 96 87 78 35 33 98 66 54 45 50 23 4 9 44 34 99 24 25 75 17 14 83 60 89 21 13 43 7 36 76 8 67 5 58 49 40 90 16 74 93 2 29 41 42 57 59 72 15 
11 22 88 67 7 5 90 92 98 71 68 2 21 32 69 85 30 31 87 28 16 35 6 83 73 13 27 75 39 49 93 76 86 70 24 37 63 57 91 78 97 44 100 47 38 25 81 1 62 65 61 9 45 77 94 84 72 12 54 60 46 29 56 99 4 20 58 43 8 64 53 19 52 17 15 89 48 59 
42 7 83 73 87 62 76 95 99 44 56 70 6 20 1 37 59 36 61 50 31 33 53 84 86 21 16 88 29 93 19 58 23 65 60 25 24 32 96 2 45 72 90 27 81 54 4 39 75 67 91 49 77 66 52 26 14 28 80 98 22 17 64 55 69 100 35 92 12 43 9 15 94 48 46 11 13 78 
1 97 79 20 47 39 12 28 55 29 80 16 49 98 96 65 25 74 22 11 60 41 87 72 2 35 68 7 90 56 88 85 94 18 73 30 77 100 75 3 58 76 26 38 17 66 36 14 93 81 54 31 61 6 33 5 24 15 89 51 67 83 27 48 
28 18 63 84 81 83 1 23 89 49 54 7 9 65 31 2 25 16 22 100 14 48 50 85 94 58 35 20 79 15 8 95 52 77 41 32 78 26 67 21 39 45 13 88 99 91 93 3 96 98 59 40 72 62 38 51 19 24 10 17 69 4 11 5 86 66 47 37 6 
99 66 30 34 3 97 100 52 67 15 88 91 58 27 74 31 57 4 51 54 87 98 73 10 48 46 71 72 49 62 89 24 53 84 61 21 38 40 7 23 35 32 12 94 14 16 68 93 17 56 86 60 39 70 45 95 8 41 85 25 82 13 77 1 36 37 11 80 9 33 47 65 5 75 28 2 29 81 63 76 20 19 
32 84 33 93 63 43 74 36 69 12 55 71 44 46 6 81 100 66 47 18 70 86 11 37 24 62 57 68 25 4 30 78 16 61 34 21 39 50 40 67 77 52 90 7 94 29 49 91 13 98 14 54 96 41 26 15 20 99 65 60 80 87 9 27 19 8 73 1 64 2 10 75 17 56 31 83 23 
40 64 79 20 6 92 25 66 75 91 5 59 44 100 58 11 85 71 89 96 16 35 34 78 33 70 88 68 30 83 69 21 67 72 48 12 26 99 38 65 31 61 7 17 50 76 18 81 84 41 37 54 57 4 97 28 93 98 45 23 63 14 9 56 15 62 47 73 27 80 55 19 39 86 
6 78 31 62 83 90 61 25 76 5 46 82 48 58 32 2 94 35 10 87 7 66 29 92 9 99 44 4 68 75 57 69 17 23 45 81 70 12 80 28 63 98 13 54 16 33 19 38 21 71 85 15 11 53 64 42 24 91 26 100 36 77 60 84 43 73 27 49 34 40 37 89 97 55 65 
66 58 61 90 42 51 46 71 81 83 78 91 74 33 68 6 87 92 64 31 60 55 76 47 77 89 40 69 27 56 52 44 26 82 17 8 97 16 24 57 84 20 59 98 34 43 95 41 32 36 15 13 22 37 28 18 72 4 80 35 30 75 1 14 5 86 49 38 29 85 
80 24 55 37 67 98 47 93 7 13 23 83 92 25 90 42 38 81 97 91 94 58 50 29 70 61 43 84 82 85 73 6 40 14 56 32 62 1 18 33 69 48 75 27 45 64 41 89 35 77 2 20 36 54 19 95 28 12 11 44 76 39 53 10 34 16 65 96 78 8 9 88 52 57 3 31 74 5 4 
4 72 82 16 92 19 54 26 37 80 64 8 53 88 31 73 89 51 2 1 46 34 55 94 61 68 14 63 67 12 33 78 36 39 81 10 75 18 22 96 5 52 57 9 79 65 49 60 29 74 25 27 91 20 6 13 71 43 99 24 56 59 3 7 41 45 11 98 15 
60 19 90 15 52 67 97 7 98 10 12 88 27 50 77 74 83 42 3 18 56 35 96 39 13 64 78 29 76 43 80 65 30 81 71 70 31 55 32 4 6 28 16 17 68 99 25 2 48 44 5 92 37 87 63 23 20 66 91 24 73 33 59 14 9 22 8 82 84 53 58 
44 94 26 16 11 30 79 74 51 82 1 78 91 62 72 10 60 31 8 65 17 27 64 99 3 18 37 68 35 92 83 55 58 90 34 43 5 77 45 56 97 85 49 84 32 69 40 38 13 22 66 67 89 7 50 80 33 96 73 57 24 25 41 21 23 88 95 59 28 14 12 48 39 70 15 76 4 63 75 
99 14 9 26 1 96 76 81 41 100 58 22 91 2 13 12 73 63 88 16 55 72 83 40 69 50 47 93 92 32 90 38 56 33 70 27 35 67 20 82 5 21 79 77 36 75 7 62 61 6 39 18 51 15 71 85 29 59 49 97 23 37 44 57 10 94 60 66 54 64 89 
43 76 92 35 2 9 4 25 93 95 3 31 64 19 63 97 71 44 18 62 98 45 49 90 84 37 68 80 77 42 40 20 30 41 99 70 17 5 81 100 29 88 1 82 21 26 34 56 46 55 78 22 28 67 47 50 7 24 33 11 23 39 38 12 61 74 75 65 10 36 53 66 94 6 87 59 
10 14 2 21 70 90 50 8 47 72 48 84 88 93 27 79 92 85 31 36 51 1 15 56 25 95 80 35 19 9 61 77 54 82 62 71 23 59 99 38 30 98 20 11 45 64 37 100 5 65 73 60 18 69 96 33 81 57 83 42 41 34 6 86 16 52 68 32 17 94 89 46 66 53 3 29 76 49 4 58 
100 87 77 68 1 97 18 29 86 42 6 65 60 81 27 80 37 51 96 58 25 41 82 50 11 7 44 23 9 75 13 8 36 24 52 66 99 49 61 4 10 14 70 54 71 55 48 78 2 45 73 3 74 16 33 30 15 40 59 91 79 53 35 92 32 19 22 46 
69 81 75 25 28 29 94 63 61 62 73 67 71 88 31 97 4 33 18 55 45 82 30 3 48 74 77 92 60 40 76 87 91 53 17 20 98 7 37 72 80 10 79 96 64 100 49 39 34 5 59 68 83 50 19 47 22 9 52 27 38 2 15 44 1 90 23 58 46 35 21 84 24 12 78 32 
35 97 90 49 92 85 52 94 51 43 44 87 84 4 62 42 56 31 83 2 18 63 69 80 100 55 33 16 53 74 73 68 19 71 39 82 78 9 98 14 28 20 17 29 26 77 24 8 93 57 86 96 38 59 10 67 40 76 30 25 22 64 48 11 99 88 47 46 66 34 61 89 13 36 70 41 
67 76 53 46 3 50 85 5 95 52 9 14 31 65 97 43 35 71 55 19 4 72 89 87 30 83 41 29 98 60 81 100 88 74 23 33 66 90 77 48 69 39 73 91 61 78 40 34 15 70 79 18 6 20 86 94 56 37 28 22 17 27 82 54 92 93 84 99 63 2 12 57 96 7 58 36 64 10 51 1 16 32 
100 75 41 48 74 52 6 34 11 83 15 72 61 42 23 73 22 56 88 16 31 51 38 47 18 55 2 28 7 98 95 53 62 36 14 57 87 21 77 71 3 44 69 29 82 66 68 32 67 25 13 1 5 90 76 37 85 19 39 89 40 99 81 50 20 91 33 94 17 9 93 45 59 35 80 
35 82 71 98 81 49 24 45 62 21 2 42 87 33 78 13 10 8 88 47 65 5 41 57 38 91 75 48 25 90 56 72 34 55 9 54 4 96 50 69 85 27 40 83 59 58 28 11 97 17 89 84 94 31 44 18 3 37 70 14 74 6 60 30 92 95 67 29 46 86 66 22 53 77 1 76 79 7 
11 71 27 40 55 78 24 34 37 69 45 57 12 89 33 36 46 65 7 83 6 66 58 23 43 76 64 86 2 74 9 44 79 67 1 97 28 30 70 60 87 22 3 75 93 85 95 29 49 90 82 13 96 19 25 38 4 92 98 5 18 52 100 99 10 8 14 94 53 61 35 17 54 47 41 88 
77 76 96 33 54 2 45 69 29 34 3 47 78 82 10 20 52 37 13 93 28 44 86 32 84 95 31 71 26 18 72 64 12 67 27 22 46 14 7 85 87 74 40 38 70 80 73 58 68 75 6 8 89 83 50 65 94 25 57 19 21 43 97 59 5 24 81 15 92 4 51 53 
99 63 4 97 28 38 83 36 41 54 92 12 90 3 70 13 47 27 57 50 55 5 51 93 45 34 58 81 23 1 94 22 88 96 68 76 62 71 40 11 59 95 7 25 19 100 33 32 48 46 52 9 24 77 16 73 89 20 35 14 75 86 91 49 37 53 
1 16 61 36 17 41 42 27 47 56 43 77 11 37 90 99 55 25 95 22 98 45 30 85 54 100 29 4 32 20 71 74 15 44 97 86 80 79 88 51 28 8 62 21 46 70 72 81 33 10 3 40 76 67 6 13 84 9 49 5 59 31 14 91 68 19 66 52 2 63 50 38 96 
12 21 45 100 71 98 47 23 84 19 53 61 28 93 90 77 70 92 1 62 76 56 10 74 31 89 91 75 37 96 97 65 95 35 18 29 46 20 11 87 69 48 55 8 44 22 51 3 78 27 58 54 6 67 59 94 52 2 39 24 7 33 99 30 43 41 42 80 34 79 25 88 38 60 81 32 86 
87 97 59 82 75 7 81 32 26 38 19 78 2 90 24 99 54 79 65 12 49 27 15 5 4 36 62 83 98 25 31 71 22 34 3 28 73 33 76 1 10 16 63 93 100 39 43 95 85 66 20 70 30 91 17 6 44 9 84 57 42 52 29 74 8 61 41 96 13 45 60 89 92 58 50 80 53 40 21 18 88 72 46 51 86 
40 71 94 18 65 77 57 24 17 81 83 100 89 92 25 87 99 33 38 48 42 4 82 32 51 52 96 50 8 47 90 93 26 45 76 22 46 74 56 70 34 16 69 58 15 80 95 13 36 7 14 91 55 63 64 72 44 75 88 20 28 12 21 11 1 84 60 54 9 97 23 
3 6 81 41 94 68 73 27 11 76 59 31 17 49 48 92 37 16 20 8 61 99 40 75 22 2 25 58 63 86 36 87 18 47 84 45 46 10 4 71 24 43 15 33 52 66 29 98 53 12 89 55 9 5 77 39 57 60 14 7 80 62 83 35 
86 83 79 84 2 39 93 20 100 76 62 25 14 54 47 88 80 40 75 59 10 18 66 27 19 94 96 67 78 68 72 63 52 73 30 89 41 11 3 49 91 7 64 9 51 45 17 65 44 92 97 74 32 29 95 58 15 87 53 22 56 55 16 28 46 38 12 61 23 31 
6 22 57 34 88 25 38 27 59 55 39 64 65 15 8 53 58 33 85 21 100 66 98 45 44 7 46 1 99 95 87 75 96 83 51 35 40 17 32 2 48 4 76 67 79 68 81 31 77 26 28 69 90 86 50 63 94 84 5 72 61 23 93 36 10 60 13 11 47 14 18 89 54 37 56 62 
14 61 43 3 76 13 93 65 100 71 92 83 30 73 89 60 99 74 36 88 44 41 80 48 42 63 11 16 39 38 24 81 52 87 53 40 77 21 57 8 4 96 70 68 19 59 15 75 23 67 10 98 55 12 97 86 26 95 20 35 7 27 28 50 32 25 46 5 78 94 
97 34 99 51 53 95 18 91 6 70 31 42 4 60 98 2 37 92 85 15 80 36 75 44 33 25 90 55 11 19 59 22 7 41 78 82 84 30 17 96 67 83 87 50 12 32 46 94 56 20 38 1 45 81 63 47 52 64 27 40 16 13 14 35 72 28 69 100 76 29 49 5 58 57 93 9 
93 62 68 22 32 83 49 52 97 50 61 37 9 1 91 66 4 26 78 56 18 38 29 60 48 42 8 36 19 12 75 96 28 100 58 65 25 90 92 99 88 59 13 15 70 24 72 89 44 39 67 54 63 82 7 57 85 3 27 33 31 6 45 81 79 23 51 77 14 34 76 5 10 2 21 
8 72 9 76 86 23 37 78 61 18 19 69 35 98 67 29 87 74 31 46 12 4 85 57 64 32 40 49 52 33 48 54 42 88 10 63 47 68 38 71 14 70 94 41 91 34 82 45 99 22 60 84 44 28 93 97 2 56 100 21 24 39 20 30 80 95 15 73 27 66 1 53 5 50 3 62 
69 79 54 28 73 51 94 47 19 65 2 26 90 41 58 42 8 91 13 75 84 96 1 23 46 25 29 44 17 70 72 55 61 20 71 83 62 49 89 5 7 14 57 99 68 53 31 32 37 67 60 93 24 92 98 63 66 77 100 48 97 52 40 36 15 59 95 33 39 21 11 80 6 74 82 38 64 
10 63 40 86 24 49 66 4 48 8 33 12 16 44 71 52 9 45 90 58 42 30 3 1 89 26 69 6 100 23 88 27 32 53 36 7 61 51 38 74 11 57 91 78 17 20 68 65 59 87 41 72 95 96 25 22 80 92 54 56 83 55 34 93 64 19 60 47 76 31 29 18 43 2 
33 39 82 29 45 23 48 80 37 47 12 77 92 79 50 52 28 93 46 43 4 72 94 83 9 35 75 74 20 56 8 2 67 54 34 88 66 100 40 96 36 98 61 99 86 58 14 90 62 70 26 57 41 73 18 49 10 27 84 51 13 59 91 95 32 87 16 63 24 89 5 
92 62 4 100 65 30 61 22 46 36 29 11 31 71 84 55 94 43 37 19 32 7 57 81 23 88 1 17 39 74 99 66 85 14 33 27 90 56 78 89 50 3 59 70 25 34 95 26 24 67 52 6 76 96 8 86 53 12 91 42 15 35 20 
42 92 85 87 35 3 12 10 5 21 63 88 44 55 96 69 51 72 49 83 93 76 37 84 47 91 1 73 38 41 75 30 4 81 86 7 66 100 32 46 56 97 39 29 70 11 67 13 82 14 22 77 58 15 2 54 27 60 33 16 68 57 23 65 95 48 52 78 28 50 26 90 45 6 24 
37 46 45 54 91 74 65 49 35 30 40 15 1 98 25 21 92 90 84 6 63 44 13 73 99 71 68 39 95 88 67 4 29 10 60 64 42 23 47 9 55 57 69 80 19 8 100 26 72 94 20 7 87 85 79 93 59 50 53 33 11 36 32 16 83 56 48 97 22 61 14 5 41 51 2 43 66 
80 36 44 58 76 54 7 23 52 26 92 59 56 14 74 28 90 48 5 25 86 8 47 99 39 17 22 55 60 3 6 98 61 62 94 68 73 87 67 11 57 1 78 38 53 10 49 83 37 84 24 29 4 75 85 27 35 34 50 12 51 96 18 63 19 
30 31 29 82 52 98 58 37 93 41 35 88 71 19 49 51 34 76 40 23 53 42 25 14 7 60 100 5 87 2 61 72 22 26 99 62 9 81 57 73 36 78 64 38 55 74 12 45 68 97 67 91 16 63 84 77 59 39 8 43 47 18 69 48 89 21 70 13 80 46 92 
47 82 45 8 59 33 5 13 22 83 19 63 12 4 70 87 16 25 92 88 36 49 58 93 94 26 61 37 9 69 78 65 35 15 30 51 20 73 21 32 80 100 40 55 79 66 68 7 52 34 43 29 71 2 17 75 6 48 46 54 1 81 24 11 89 44 38 41 28 91 76 67 85 10 57 23 27 
79 84 13 40 11 89 33 47 52 94 2 26 5 74 12 31 8 49 6 58 42 44 97 82 24 60 37 30 95 53 75 99 73 63 61 19 90 81 15 86 67 43 32 25 17 62 36 20 46 9 59 80 18 48 7 10 100 23 22 65 71 55 3 
27 8 71 26 98 72 46 91 67 43 56 31 96 92 79 61 55 95 30 75 4 59 44 80 13 14 36 23 35 89 41 85 40 1 48 32 63 94 19 18 88 45 10 58 78 34 100 12 65 2 77 3 69 37 22 6 93 62 15 24 5 64 25 82 66 70 
51 63 45 80 75 16 88 13 32 69 58 82 100 67 40 41 35 71 81 36 38 3 77 54 99 73 7 91 15 96 18 39 83 12 98 9 5 70 61 95 25 78 57 56 17 30 72 48 29 6 42 60 92 44 2 34 47 4 59 68 62 19 21 66 33 84 94 93 22 
31 11 92 26 46 25 78 52 10 77 40 17 43 20 67 24 98 61 100 60 79 27 84 32 22 87 62 19 35 41 4 94 74 36 28 50 75 8 99 71 80 83 90 59 21 15 58 42 93 54 34 65 81 12 66 3 2 72 44 86 89 49 18 7 6 16 96 64 5 38 57 55 1 33 68 51 14 70 53 9 
46 36 62 48 13 83 18 37 6 97 96 34 61 95 26 22 9 77 31 94 10 64 93 71 42 63 55 14 76 84 79 49 24 15 40 60 86 33 92 70 74 17 12 90 53 98 50 67 23 44 28 68 1 85 59 52 30 78 27 58 35 11 91 43 19 69 39 47 4 20 66 88 72 
13 17 3 48 54 85 15 89 59 19 60 42 41 78 29 20 39 38 62 2 94 26 97 67 47 80 81 30 57 18 4 58 91 27 96 33 66 98 40 36 74 61 99 100 31 34 88 21 95 49 65 28 68 12 76 11 14 71 55 53 93 77 79 37 51 82 7 25 45 64 52 73 
50 64 77 66 40 48 56 20 2 51 8 73 67 53 3 89 87 57 30 16 59 41 78 90 36 39 5 14 68 15 52 81 80 12 79 24 100 60 93 33 70 45 65 43 11 26 31 83 75 22 34 44 37 92 74 35 84 1 96 86 17 99 23 47 46 76 19 13 61 49 
56 17 95 49 5 80 77 58 96 68 46 37 59 50 51 14 2 22 31 19 55 6 16 89 11 63 54 72 9 4 74 18 23 78 97 1 39 57 79 86 25 13 64 73 24 82 76 53 84 47 87 67 48 66 33 30 28 27 35 32 99 61 21 83 81 88 8 40 34 38 41 70 100 52 62 7 91 12 69 
96 74 14 45 80 54 35 22 83 91 3 95 46 59 86 68 42 63 60 53 49 28 18 23 11 19 5 62 87 84 36 88 98 39 40 31 77 97 78 25 100 90 8 4 20 58 73 13 32 10 6 89 55 34 76 75 71 15 64 43 81 9 44 67 72 41 17 66 37 38 70 
38 61 69 53 96 13 78 7 52 36 87 71 40 17 29 57 62 66 98 1 11 50 18 63 84 86 81 22 64 45 37 32 33 44 72 35 47 28 25 12 70 9 24 3 85 42 34 15 97 27 59 2 75 16 43 89 8 30 60 5 20 49 54 73 41 55 68 82 10 58 14 31 21 76 100 88 79 90 95 
86 4 3 12 35 78 94 10 73 30 5 81 89 63 54 24 62 70 72 19 29 65 7 39 92 52 41 16 18 8 79 66 6 25 96 48 87 2 93 99 43 44 76 68 67 71 21 17 64 15 20 27 49 14 55 80 61 59 60 85 77 90 23 37 1 75 
70 33 24 87 37 71 72 67 49 78 32 57 100 34 36 61 3 93 56 76 77 41 90 43 45 1 73 38 31 20 42 8 50 11 92 53 82 14 89 46 86 2 63 15 16 88 68 59 66 22 65 94 18 55 13 39 74 64 62 51 29 58 28 91 52 97 6 79 80 4 95 10 35 
67 83 22 46 62 6 53 94 2 72 35 81 85 51 1 64 33 99 65 93 63 66 42 39 8 37 48 26 25 56 54 5 75 34 10 52 73 16 36 68 70 61 89 17 28 58 90 47 96 30 80 11 38 12 24 49 57 40 15 7 100 21 13 76 32 3 27 59 31 92 74 44 14 
42 14 44 29 43 66 37 5 41 34 99 89 57 4 73 33 17 55 54 82 65 93 36 18 22 51 100 19 59 1 58 62 47 39 67 40 31 45 48 81 35 71 7 2 3 60 76 87 9 88 61 20 78 46 86 49 90 50 72 75 69 12 83 25 94 28 11 
22 35 44 88 30 56 16 58 76 5 37 73 90 4 46 38 75 8 28 60 98 3 53 62 81 64 29 55 20 97 31 52 41 69 66 36 45 40 24 85 39 83 95 25 18 32 74 14 71 51 27 72 100 59 79 92 47 11 43 65 34 50 68 78 21 2 54 12 91 82 33 87 13 7 67 
60 65 91 43 77 30 73 46 45 20 94 41 68 26 81 62 32 14 56 16 78 58 24 90 8 86 64 74 3 85 92 28 97 4 19 79 67 37 57 33 87 55 54 40 47 70 99 38 9 29 66 72 18 35 11 84 44 53 15 88 83 75 36 98 5 96 22 59 93 76 42 25 71 17 2 31 80 
