100
36 91 89 90 41 19 60 29 74 98 54 25 21 23 32 86 53 99 94 48 75 72 95 3 93 78 22 100 51 67 10 46 80 8 96 27 20 64 34 52 5 35 65 42 33 14 38 39 18 81 97 47 2 44 55 40 92 43 56 9 16 37 62 73 77 50 85 12 7 17 30 28 45 69 49 82 58 66 26 31 6 76 24 4 63 87 11 68 57 61 83 13 70 79 84 71 59 88 15 
25 31 75 4 33 3 11 60 71 62 80 24 89 74 29 69 18 52 82 9 43 42 93 92 88 94 61 77 48 68 67 20 21 28 40 12 66 54 7 49 44 83 15 27 35 65 32 73 95 1 16 63 50 39 96 38 30 79 26 59 45 13 64 78 70 87 100 90 5 36 47 17 56 58 55 41 72 57 34 22 37 91 99 8 19 53 97 85 84 51 10 86 14 23 6 98 46 81 76 
20 89 70 28 92 61 4 53 31 50 22 10 88 17 41 80 57 79 82 42 52 7 90 63 87 29 51 56 100 97 9 14 46 1 27 25 34 16 65 39 6 94 99 62 98 13 60 21 11 33 69 71 96 19 68 12 75 44 93 77 73 81 86 95 59 91 55 78 72 2 58 40 76 47 38 74 35 49 8 43 15 85 18 45 32 67 30 83 23 24 36 48 26 5 66 84 37 54 64 
21 87 51 5 81 58 56 47 72 40 20 92 65 12 54 52 62 35 64 39 88 98 68 100 76 66 82 17 57 63 85 78 7 46 86 95 18 53 34 31 27 45 43 77 99 2 36 69 79 61 26 49 73 48 16 25 74 32 91 94 23 1 10 59 41 42 15 84 8 44 6 67 33 38 55 71 93 14 80 96 19 30 97 11 89 60 29 28 13 83 22 9 24 37 70 90 3 50 75 
48 81 80 14 94 90 34 60 41 26 47 31 12 21 30 9 69 20 98 64 78 11 84 27 73 97 44 15 99 86 88 19 24 66 89 35 32 77 56 25 37 39 38 45 52 33 4 68 65 92 18 50 63 42 40 72 36 54 51 100 29 22 1 6 95 93 79 53 59 57 43 96 85 74 2 28 83 23 75 7 17 58 10 49 8 67 61 87 91 71 76 62 3 16 82 46 70 55 13 
80 26 9 50 97 28 36 57 90 87 64 16 45 91 3 25 86 71 88 85 83 96 84 27 42 4 52 78 53 72 32 5 63 34 92 43 11 95 65 59 89 74 31 55 54 70 99 47 82 66 20 19 77 44 56 1 68 23 67 7 69 51 8 93 18 2 46 48 79 81 73 21 62 12 33 60 76 30 35 61 39 14 13 22 15 38 98 75 29 94 24 41 49 100 10 58 37 17 40 
18 49 55 56 30 25 31 2 87 72 99 16 73 74 40 70 9 54 47 81 66 61 63 46 41 17 51 42 26 29 91 82 68 38 60 76 13 15 77 86 67 10 59 69 20 85 5 44 93 34 79 52 28 22 88 78 11 37 98 57 100 33 95 43 83 32 36 27 21 23 6 64 35 3 39 97 89 71 65 1 58 8 4 19 90 94 75 96 53 92 14 48 45 84 24 80 62 50 12 
78 3 97 43 59 65 49 98 9 42 27 40 63 55 77 60 47 25 85 99 94 84 54 17 76 72 19 96 11 32 14 33 90 24 5 93 58 86 66 91 34 48 82 44 69 2 95 61 67 74 56 80 88 21 12 38 6 50 79 92 64 15 70 46 7 28 51 75 71 52 1 45 30 68 26 41 4 39 23 20 100 89 36 57 37 53 35 81 87 29 62 73 10 83 22 13 16 18 31 
55 100 98 22 66 19 31 35 50 86 23 76 88 77 38 16 5 51 83 8 46 25 90 59 85 61 93 27 91 32 63 3 49 11 94 36 65 53 95 17 48 64 70 41 2 81 33 79 60 96 74 12 82 68 26 43 30 58 52 67 20 80 44 34 99 14 28 10 87 1 71 24 57 78 7 54 29 42 73 84 40 89 45 18 4 97 47 69 72 6 75 13 92 62 39 37 15 56 21 
22 95 28 71 58 92 57 15 4 99 31 51 19 98 62 74 5 86 87 56 26 39 94 76 65 16 55 81 24 88 30 12 80 52 9 17 11 6 35 50 37 89 53 100 8 54 82 23 3 63 25 90 33 60 46 75 97 41 66 78 61 45 42 64 32 40 83 70 14 27 20 47 36 48 38 7 59 77 1 67 2 93 18 43 79 84 49 72 68 96 69 34 44 29 73 91 21 85 13 
44 47 66 96 46 14 68 99 97 88 80 90 84 33 20 83 65 56 35 34 51 32 72 29 15 23 17 3 75 98 12 85 91 40 43 70 31 77 58 59 95 86 42 21 54 19 81 26 5 94 62 64 25 36 89 60 18 48 7 63 93 2 41 6 100 69 53 49 82 39 16 45 8 78 28 92 55 24 67 27 4 30 61 52 13 87 76 22 57 79 50 37 1 10 71 38 74 9 73 
61 11 20 82 31 77 33 91 98 29 14 47 43 48 8 68 63 78 97 99 57 25 37 76 95 10 73 80 26 87 86 59 3 79 58 32 17 89 50 66 16 19 88 52 56 42 24 34 18 9 53 67 13 96 100 75 28 38 69 51 40 55 60 94 41 21 83 2 35 6 45 93 30 15 36 62 23 7 92 71 90 1 81 85 27 44 39 72 4 5 54 65 70 49 84 74 64 46 22 
48 10 96 19 69 56 40 17 43 58 7 5 12 34 81 45 2 71 55 73 18 30 84 78 49 66 57 59 53 51 21 95 54 62 44 24 72 82 50 1 94 47 3 88 85 52 79 22 97 42 33 20 35 14 46 87 6 89 74 77 76 23 8 4 9 67 65 92 99 39 75 27 93 25 68 70 91 80 16 26 38 15 11 90 60 28 37 31 29 61 63 36 100 98 41 64 32 86 83 
84 81 65 88 55 1 78 92 60 72 56 38 51 42 10 74 22 28 76 58 52 80 79 64 99 12 35 24 89 18 68 34 26 83 33 59 30 61 27 41 29 15 62 87 23 17 44 50 45 75 3 85 95 6 9 49 98 46 73 90 67 94 36 91 63 53 19 97 96 11 37 2 25 21 5 40 66 71 16 77 86 48 47 57 4 54 32 70 69 20 39 100 31 93 82 43 7 8 13 
8 61 23 72 1 81 83 27 14 28 92 21 80 60 100 95 65 66 3 98 75 49 74 85 9 37 84 99 16 39 94 67 76 70 64 68 97 35 12 89 87 59 24 50 6 53 42 34 46 19 71 29 86 4 77 5 43 25 44 62 56 48 33 78 38 11 52 31 57 63 17 51 54 18 82 47 2 22 10 13 36 93 88 79 90 96 58 40 20 45 26 30 73 69 41 55 91 32 7 
64 29 48 22 81 98 79 11 36 25 28 17 86 69 95 56 4 91 67 82 31 23 89 49 43 76 90 6 41 5 12 74 52 50 68 60 78 55 37 1 3 39 57 21 24 14 58 73 8 42 71 87 72 99 65 92 59 26 38 15 80 63 2 18 96 19 51 93 53 40 35 20 45 34 97 88 7 47 62 100 85 44 83 75 27 94 84 13 10 66 77 32 54 70 61 33 46 9 30 
71 10 38 45 41 43 76 51 69 9 84 32 89 91 60 36 85 25 46 29 22 82 44 73 31 12 64 37 23 14 26 56 4 68 55 33 74 58 66 99 18 86 15 80 67 1 30 100 11 57 49 24 97 35 94 54 93 3 8 96 59 63 65 88 28 61 39 19 21 77 48 34 50 27 98 70 5 6 2 79 7 52 53 20 83 47 40 16 87 95 42 90 72 81 62 13 78 75 92 
94 24 80 29 15 13 60 99 42 10 38 26 78 11 4 71 87 7 54 59 1 39 22 89 91 100 67 12 35 27 85 73 51 70 64 62 6 96 5 79 31 77 63 25 19 76 43 86 3 14 2 41 68 81 97 56 28 45 65 49 69 37 50 72 40 32 92 46 61 66 95 52 98 83 17 58 36 44 53 30 88 23 75 16 20 8 57 47 74 33 93 9 84 82 48 34 21 90 55 
92 6 1 64 44 46 100 91 39 77 84 57 68 99 70 53 26 41 42 12 24 85 29 89 18 20 66 47 98 81 79 93 16 31 61 40 22 56 94 2 82 35 5 72 78 54 4 10 37 45 60 67 7 3 63 17 9 73 90 51 65 83 75 58 38 48 36 59 88 28 43 69 15 86 27 14 8 80 32 49 96 76 23 55 62 34 25 11 50 97 95 21 87 13 71 74 33 30 52 
90 19 96 69 70 94 88 80 46 14 99 68 62 60 91 77 1 89 83 85 72 51 56 7 97 78 47 67 17 13 81 28 39 38 73 63 93 43 61 79 2 37 86 34 48 76 41 64 75 45 22 26 100 36 53 30 35 98 3 27 31 44 8 25 87 21 55 50 49 59 32 24 16 82 42 10 66 33 71 9 74 5 65 57 29 84 58 18 95 15 23 4 92 52 12 40 11 54 6 
16 60 37 38 35 93 90 64 3 82 8 81 87 59 54 13 69 32 15 65 88 80 10 70 63 85 6 40 48 100 74 49 47 78 62 95 27 68 58 36 18 52 61 29 41 66 19 73 92 43 17 86 5 7 79 22 42 25 34 55 28 89 75 67 4 12 23 20 1 14 44 76 2 91 98 9 84 96 51 50 57 11 71 53 83 77 26 45 97 72 99 24 94 39 31 30 46 56 33 
69 12 68 49 57 4 10 62 82 25 84 6 60 73 52 24 43 11 89 94 85 20 35 2 28 83 65 92 8 5 71 33 19 32 29 80 54 64 51 41 75 37 78 74 26 90 76 97 50 63 36 9 47 95 7 38 39 3 87 55 34 98 66 61 23 59 14 79 91 16 70 45 44 86 56 15 67 46 21 58 48 72 27 13 77 40 81 100 31 42 53 96 18 88 17 99 93 1 30 
7 30 20 58 60 10 9 27 77 75 70 54 72 81 59 21 11 42 73 76 29 36 100 44 49 50 89 86 90 31 85 13 52 61 83 64 2 1 6 78 88 53 33 69 41 34 94 17 4 65 80 57 51 97 99 35 96 43 74 87 98 12 46 3 91 25 67 37 93 40 79 55 39 68 24 19 18 28 63 14 16 45 15 66 84 22 38 8 95 62 26 82 32 5 71 47 48 92 56 
14 95 58 94 47 59 72 19 85 51 8 41 33 80 35 9 12 68 5 92 99 3 49 43 23 66 44 93 64 13 28 37 31 26 52 53 1 2 62 75 22 27 29 34 6 39 57 100 55 87 81 4 91 88 16 40 20 98 15 65 60 70 73 77 97 86 90 38 76 71 32 25 30 18 74 78 89 96 36 11 69 67 84 42 48 56 79 7 45 21 10 83 63 46 82 61 17 54 50 
98 27 78 82 55 57 22 90 49 10 4 99 16 11 97 33 2 70 96 92 36 9 23 75 26 63 94 89 15 72 8 88 86 38 13 84 73 93 91 81 37 95 65 42 14 34 41 48 40 85 71 35 58 12 43 100 32 28 80 47 54 39 3 50 45 21 69 76 79 83 44 29 17 68 59 87 1 31 77 64 56 62 19 6 18 74 7 20 46 61 66 51 53 52 67 24 60 5 30 
66 84 77 87 43 58 1 24 34 37 68 44 47 70 93 71 74 45 78 27 32 88 29 39 13 95 86 19 50 31 90 23 85 46 75 82 2 83 64 14 38 48 15 100 7 9 60 20 72 65 51 12 11 97 79 76 89 55 25 10 69 52 81 63 3 22 18 53 96 5 42 30 4 62 91 59 40 6 57 36 21 98 16 49 8 35 99 17 73 41 67 33 80 92 54 28 61 94 56 
18 10 16 49 86 8 35 47 33 85 89 13 75 42 36 94 58 67 60 3 74 7 37 38 5 12 95 76 70 77 41 32 9 55 53 73 84 72 23 30 31 29 93 48 15 14 4 34 78 61 25 40 65 68 2 80 88 96 97 56 21 91 45 26 28 1 59 17 20 52 63 24 98 66 82 22 62 69 64 81 83 46 100 6 87 43 71 99 51 39 90 54 11 92 57 79 50 19 44 
29 16 71 12 38 19 100 46 21 36 94 9 68 91 56 61 3 88 82 24 67 93 8 92 89 55 66 44 5 63 34 79 80 1 84 45 35 64 51 58 39 75 18 32 15 62 27 99 96 4 43 97 6 30 76 49 48 69 95 98 59 90 42 41 72 73 14 74 33 86 70 22 65 26 23 47 83 31 77 10 57 2 81 85 60 25 50 78 40 87 37 20 53 52 7 17 13 54 11 
38 26 65 9 1 71 17 34 74 43 77 44 15 64 13 60 66 87 22 70 100 83 59 37 12 23 72 25 10 6 11 81 75 36 46 91 47 51 55 5 19 92 54 28 50 98 49 96 20 14 8 45 53 76 69 35 31 79 58 41 99 57 86 18 2 42 32 80 30 52 39 97 90 7 89 3 56 48 93 84 88 16 73 21 95 78 27 63 24 33 67 85 40 68 94 61 4 62 82 
34 70 33 76 53 37 62 11 59 78 39 67 77 10 6 73 63 69 19 92 26 54 56 71 57 90 36 15 47 27 81 93 2 32 28 100 52 12 99 23 72 75 4 61 9 85 51 42 49 89 41 17 20 96 21 74 95 55 31 80 68 86 66 46 25 45 65 16 94 44 18 1 64 97 24 58 43 87 82 22 3 79 60 35 7 84 29 13 40 8 50 98 38 14 83 91 5 88 48 
67 57 35 75 9 19 66 30 4 97 89 22 6 84 40 8 65 34 58 73 95 36 24 50 14 45 18 49 96 20 17 59 74 5 71 62 92 32 1 12 78 41 79 29 42 68 56 76 77 87 25 82 11 48 80 81 47 55 69 2 72 51 7 28 38 16 70 93 54 61 85 83 44 90 53 43 15 23 60 98 63 94 26 91 86 13 27 37 64 33 88 99 3 39 52 10 46 100 21 
38 80 66 11 73 22 40 68 58 70 87 96 76 92 35 59 65 83 29 39 47 88 14 55 36 52 12 93 60 84 74 57 48 15 30 1 9 37 62 23 45 54 85 61 77 46 95 89 51 26 50 25 44 49 19 81 67 5 69 10 53 78 27 64 99 8 6 86 71 21 41 90 17 7 33 63 20 3 24 43 16 34 79 18 42 94 98 100 31 13 4 56 91 75 82 28 2 72 97 
100 40 5 71 90 17 95 65 36 69 58 96 78 93 99 52 21 14 53 94 88 31 45 7 57 68 70 10 2 29 15 76 66 60 85 24 79 35 19 50 16 64 55 81 23 6 92 59 27 77 47 4 62 56 91 72 34 75 8 49 74 22 1 83 3 86 44 39 32 42 82 63 61 38 89 51 13 67 28 54 26 80 41 48 97 9 12 98 25 18 73 43 46 20 37 84 87 30 11 
62 40 43 55 22 8 100 31 11 76 93 90 27 9 32 12 73 89 26 88 21 3 45 16 58 47 24 87 85 53 19 17 72 99 71 10 79 44 50 29 14 80 95 6 7 30 51 25 2 54 49 74 15 18 75 23 36 82 28 38 66 4 64 39 83 78 67 97 92 86 52 33 94 13 42 96 81 59 84 1 20 5 98 65 61 68 69 37 46 41 91 63 60 56 35 48 77 57 70 
82 16 95 6 17 57 1 45 89 94 19 62 26 7 51 30 68 65 54 83 67 66 3 53 55 90 38 98 37 46 75 100 14 8 40 18 34 25 88 29 63 81 70 10 73 71 23 50 97 36 32 92 74 31 80 9 44 87 60 58 86 39 20 47 43 78 11 96 91 99 13 27 72 49 42 69 22 59 33 48 64 85 12 15 4 21 2 84 79 41 56 24 93 61 5 28 52 77 76 
91 11 45 65 16 24 5 37 23 86 97 19 53 54 83 99 71 82 50 81 64 22 9 48 76 1 20 13 4 34 67 2 49 17 6 100 32 41 88 72 26 15 77 70 56 8 98 85 33 63 44 96 31 68 80 40 42 89 10 87 94 28 39 84 18 7 25 74 92 27 29 21 75 35 57 93 55 95 62 30 46 60 51 43 52 14 38 3 61 79 58 78 12 59 47 73 90 66 69 
18 3 9 84 81 21 50 23 34 57 96 79 100 58 76 8 88 78 49 43 73 30 12 59 48 94 95 22 87 17 86 29 72 93 83 89 77 70 52 25 63 6 28 2 5 62 27 54 61 24 68 16 85 55 40 69 36 75 26 14 31 92 71 35 46 4 65 19 56 47 80 98 7 44 82 45 38 42 67 66 60 15 51 91 64 90 74 99 53 39 97 41 32 33 20 1 11 10 13 
47 81 82 49 75 50 53 66 62 25 70 77 95 58 22 84 92 11 71 19 93 39 56 1 57 100 20 17 3 59 28 26 94 41 30 68 29 6 83 78 64 7 98 13 63 51 33 91 10 54 40 14 76 73 9 8 42 16 24 18 85 97 72 67 99 55 79 45 61 96 15 69 46 88 87 48 65 31 86 37 23 27 5 12 21 44 89 60 2 90 32 43 4 52 34 80 35 36 74 
100 48 11 91 7 20 37 59 4 87 78 86 77 81 49 69 42 25 53 1 41 76 62 19 66 3 51 93 97 21 74 27 12 17 32 98 13 34 6 14 84 54 9 2 8 29 31 23 88 80 95 82 60 47 46 99 72 92 10 22 18 79 57 85 90 15 40 24 89 61 50 73 52 45 96 26 5 55 36 16 44 67 28 63 38 30 65 75 68 56 43 70 33 64 58 35 94 83 71 
4 8 92 55 59 2 88 5 6 1 74 33 65 100 9 23 73 94 39 35 60 11 31 70 83 13 41 91 68 72 25 62 71 7 37 64 77 15 24 82 34 26 95 21 38 99 87 86 30 43 90 97 27 67 47 63 16 44 12 20 66 89 49 84 18 42 32 19 78 81 56 61 52 57 58 54 29 10 50 98 51 75 28 22 48 76 46 45 53 36 3 85 96 79 69 17 80 14 93 
92 53 20 100 8 54 94 82 45 4 15 59 88 85 29 31 21 83 28 38 66 79 24 42 89 26 52 17 90 81 23 51 44 2 60 39 22 46 77 64 25 12 27 49 43 62 33 10 56 67 58 19 50 6 98 96 14 84 65 71 55 9 63 80 1 97 61 16 76 36 35 34 3 47 57 78 69 40 32 91 7 99 5 18 11 73 93 95 48 75 87 37 74 72 13 30 68 86 70 
98 1 12 59 30 87 60 91 53 74 16 57 24 84 49 4 22 52 6 25 94 61 40 73 85 93 10 26 37 7 79 65 19 90 63 92 62 75 11 95 96 39 55 29 88 70 48 58 8 66 83 46 69 33 82 76 72 17 14 20 23 44 89 34 9 54 13 51 99 77 21 45 18 97 38 28 71 50 67 78 31 35 47 3 5 64 100 81 56 27 36 86 80 32 68 41 43 2 15 
81 98 71 92 73 86 82 36 31 45 63 6 30 55 41 5 13 11 69 10 44 84 47 15 54 29 28 50 21 16 88 51 25 72 56 60 26 95 74 97 39 75 27 40 17 1 14 59 8 96 24 48 34 87 20 32 52 7 12 79 2 58 3 91 9 99 46 78 18 4 53 62 19 100 66 23 94 37 61 80 38 57 68 49 65 89 83 64 22 93 70 76 90 67 85 42 77 33 35 
28 96 93 34 50 84 22 74 61 60 16 77 85 45 55 52 42 14 57 76 39 10 33 30 59 12 20 41 89 69 70 75 2 23 35 17 25 65 40 80 1 67 15 97 82 92 62 7 9 49 56 98 95 32 38 83 37 46 19 73 87 26 64 66 6 21 53 58 13 94 86 48 63 3 90 88 47 11 24 31 81 54 36 27 18 8 43 72 68 91 100 99 4 79 5 71 78 29 51 
75 90 39 74 85 58 76 78 9 53 55 65 96 51 36 60 34 70 10 32 87 72 47 52 59 44 35 89 91 30 98 27 66 64 63 93 3 42 33 28 88 6 54 84 61 17 15 77 99 11 79 16 1 81 86 62 31 48 22 43 2 13 95 12 41 14 24 69 46 29 100 92 49 23 7 5 26 40 57 82 37 20 56 19 21 97 38 18 68 67 73 50 71 94 4 25 8 83 80 
18 51 45 99 88 35 97 5 6 22 2 95 15 17 100 79 78 39 36 3 25 37 21 32 42 58 8 55 82 7 91 73 56 50 69 93 74 20 64 1 33 92 85 63 87 76 67 24 72 49 61 34 23 12 81 28 59 30 60 57 11 40 53 75 94 14 90 89 77 19 54 80 44 10 70 65 68 29 84 62 13 98 38 47 43 86 52 83 4 71 27 48 66 31 9 41 26 96 16 
70 83 52 40 42 68 18 51 22 1 9 23 82 69 98 6 35 63 65 59 32 64 92 29 97 93 58 85 31 61 17 67 50 76 14 80 62 88 56 90 12 54 74 24 27 11 20 57 15 28 91 30 84 41 86 99 16 5 72 55 60 36 89 3 45 25 73 43 7 79 49 87 75 38 34 44 19 78 81 8 46 21 53 96 13 66 77 2 4 39 48 26 94 33 37 10 71 95 100 
42 6 58 92 73 61 14 60 64 7 50 33 12 49 82 32 23 2 37 46 91 34 87 97 21 28 8 29 17 80 72 86 25 20 98 40 83 15 47 90 99 68 9 30 75 55 53 31 81 35 76 89 69 51 22 4 26 67 70 95 59 27 88 11 79 10 57 16 77 5 84 1 63 52 65 44 100 18 94 19 56 78 41 74 93 71 24 43 66 85 45 36 38 62 96 54 39 13 3 
97 39 90 14 12 78 25 56 98 62 81 72 84 44 64 67 3 7 10 24 19 6 36 38 80 59 18 32 85 33 58 28 2 57 5 51 11 9 8 13 87 52 86 31 30 63 50 20 40 26 79 29 42 35 94 93 15 88 73 83 68 37 54 82 60 43 21 76 48 16 77 74 96 22 65 71 47 69 46 61 91 99 100 4 53 27 17 95 23 55 92 89 75 34 41 45 1 70 66 
73 23 49 59 95 25 94 6 54 84 26 20 31 98 33 82 7 15 1 86 9 19 80 5 32 10 2 4 67 83 13 51 45 27 35 81 43 40 72 39 99 71 16 93 21 65 28 79 47 8 97 30 66 52 76 92 57 46 24 69 61 29 55 78 75 62 36 85 14 37 77 22 91 17 34 48 12 53 70 74 64 18 38 56 41 96 3 63 68 58 44 87 88 42 90 100 60 89 11 
30 23 10 74 13 71 52 87 12 98 84 79 83 88 73 77 5 24 11 32 95 14 28 97 36 6 67 89 42 46 45 33 15 54 92 91 57 63 43 47 100 38 2 39 64 78 8 40 50 65 58 90 35 3 94 81 48 37 82 60 41 18 1 26 56 29 61 75 62 55 80 59 85 31 22 25 68 9 7 27 76 66 49 21 19 53 70 16 86 93 20 34 99 96 4 44 72 69 17 
97 51 48 62 81 99 7 38 64 1 87 92 6 29 27 21 34 89 46 49 24 30 14 4 80 74 47 57 65 61 41 8 20 69 84 72 31 77 39 86 26 68 5 59 18 98 19 45 93 91 58 88 85 54 13 66 9 12 71 40 56 60 15 73 76 90 79 3 95 35 32 17 83 43 2 50 42 53 25 37 82 55 75 67 70 78 11 96 44 16 94 63 33 28 23 10 36 22 100 
57 90 24 36 32 26 82 97 63 56 69 95 94 78 98 3 77 9 6 17 42 49 11 4 30 66 35 93 38 48 59 86 91 37 44 81 29 87 85 61 43 65 72 22 62 55 54 99 40 1 96 89 73 84 79 27 16 45 51 41 2 71 34 52 19 31 20 50 100 12 68 75 15 70 67 5 58 14 39 10 21 47 88 76 18 46 60 23 8 80 25 33 83 28 13 64 74 92 7 
12 71 36 95 72 53 68 86 44 63 10 74 22 87 28 19 100 43 9 75 61 58 23 1 82 73 69 18 20 48 29 13 64 67 79 92 94 26 24 45 81 66 98 96 99 4 34 52 76 42 2 32 70 83 38 15 25 33 90 65 55 11 16 8 31 97 62 3 17 5 40 27 47 59 41 30 93 21 7 57 6 85 56 77 46 84 91 37 60 35 14 39 80 51 78 50 88 89 49 
53 75 77 90 64 38 82 51 100 19 27 24 40 62 26 85 93 67 98 76 11 57 80 34 52 30 72 54 46 25 87 49 74 33 45 92 70 31 13 65 73 12 2 79 95 21 81 66 3 1 68 20 91 63 59 96 37 22 94 78 47 44 41 39 61 9 10 17 15 71 5 28 50 83 7 56 58 89 18 86 99 6 88 16 32 60 97 36 29 84 23 69 35 43 4 48 8 42 14 
68 65 37 69 40 4 64 75 73 58 35 57 95 39 27 25 33 12 46 77 61 89 62 81 5 99 36 74 45 44 96 84 53 70 20 80 8 63 13 78 51 88 94 14 32 29 42 31 54 2 100 18 16 26 92 7 85 79 38 86 10 30 93 15 19 91 72 43 98 55 23 60 1 66 6 87 50 49 28 97 41 47 11 71 67 59 90 82 48 21 83 52 17 22 3 9 76 34 24 
40 79 15 65 60 48 20 99 10 72 89 88 56 29 58 78 45 90 75 25 86 71 21 28 98 36 64 44 93 47 4 9 30 92 35 62 55 59 81 67 51 27 68 76 16 11 80 53 54 50 2 61 41 14 22 66 94 13 97 83 91 70 3 46 31 19 87 82 7 77 52 37 17 18 24 85 32 23 95 34 8 73 84 33 38 43 49 5 26 39 6 12 63 96 42 69 100 74 1 
27 78 65 7 19 20 67 97 90 38 100 77 42 98 61 32 21 37 48 73 92 60 9 44 1 43 95 75 88 74 85 30 36 18 13 56 68 11 4 89 3 26 55 51 34 93 50 76 22 64 10 47 57 70 63 79 6 23 59 24 99 80 29 69 84 40 62 33 87 94 66 86 2 83 25 28 8 53 31 17 52 46 96 15 35 71 72 41 81 16 14 5 45 91 54 82 39 49 12 
53 49 21 44 29 46 73 30 42 75 51 2 31 52 71 10 8 57 76 56 79 26 12 33 28 36 58 69 98 45 100 70 1 38 13 16 7 92 23 4 3 72 25 64 5 74 39 84 78 15 65 67 99 37 34 9 35 63 68 41 91 81 20 97 40 43 19 61 82 50 24 11 88 95 22 6 85 96 94 89 90 66 14 47 32 80 55 77 18 27 60 93 62 54 87 83 48 86 17 
34 70 90 9 21 43 13 73 31 33 47 42 76 91 96 92 93 36 41 35 27 40 50 65 14 26 82 49 46 94 58 3 8 39 80 53 89 22 17 63 61 79 2 71 66 74 10 44 32 19 12 7 67 51 18 99 38 64 55 95 4 59 77 84 88 24 69 56 1 54 86 75 16 5 48 98 72 81 11 45 62 25 57 37 97 68 30 85 52 29 83 28 23 15 6 20 100 78 87 
23 22 70 47 14 72 13 5 75 36 89 49 37 80 4 58 44 92 1 2 40 16 52 46 63 82 54 38 77 69 25 27 94 64 79 10 57 83 53 19 65 34 81 42 88 55 51 17 85 26 99 12 8 60 7 84 39 62 43 30 95 41 24 71 66 6 29 87 31 74 15 73 56 3 18 45 11 93 90 35 76 59 50 32 33 78 28 97 20 48 96 91 68 100 86 9 67 21 98 
1 76 72 89 92 15 43 17 7 2 5 51 63 58 33 38 96 30 24 29 85 90 48 73 47 70 49 22 95 21 20 53 100 11 91 60 82 79 40 9 74 65 39 13 10 56 87 27 88 8 75 57 44 69 59 16 54 14 42 6 66 4 71 46 3 35 84 52 83 64 23 99 31 45 80 77 32 26 98 34 97 93 67 36 94 50 18 81 61 12 19 25 41 68 28 86 55 37 78 
98 86 67 50 81 70 64 95 21 25 71 74 39 49 18 28 45 22 100 24 73 9 97 55 41 36 38 10 80 91 84 88 58 61 43 82 16 48 59 3 60 33 47 4 30 15 11 92 89 77 53 6 31 34 35 29 54 23 79 65 83 42 68 69 57 56 32 17 5 72 90 78 14 46 96 52 85 66 62 7 13 20 40 75 8 19 76 2 12 99 94 37 1 51 87 93 27 44 26 
2 45 30 36 5 75 44 70 3 96 84 1 80 6 31 60 77 51 16 43 27 10 54 74 68 23 53 18 62 81 88 14 11 32 40 65 76 39 19 86 72 89 69 66 46 71 93 90 100 94 55 12 58 73 9 50 67 8 98 26 57 91 48 87 47 37 59 29 35 17 61 49 79 24 97 34 25 13 56 42 7 92 15 83 85 20 82 4 33 22 52 78 99 28 21 95 38 63 41 
58 93 96 72 73 67 90 44 34 14 77 19 82 29 99 98 47 3 20 49 94 36 31 52 53 25 68 60 11 37 59 70 69 45 27 51 75 83 55 24 95 61 26 39 13 100 5 38 88 41 66 7 30 9 92 32 89 2 56 10 18 62 33 42 76 71 40 8 84 22 23 64 17 54 50 28 57 85 15 87 74 16 97 81 78 43 6 4 91 12 86 1 21 35 63 80 79 46 48 
79 4 97 77 95 70 47 40 10 68 7 92 98 54 17 29 99 88 28 89 49 43 21 96 2 85 73 58 90 83 31 93 14 50 62 39 94 30 60 86 76 20 18 26 65 56 87 69 64 27 61 37 19 5 74 1 16 3 44 59 67 35 78 72 11 36 25 32 42 41 46 100 6 84 8 48 63 9 13 53 33 23 71 82 38 22 80 12 34 81 24 57 75 51 45 55 52 15 91 
38 79 94 65 70 13 74 40 82 18 5 93 39 64 57 76 63 22 2 77 43 58 89 44 28 16 66 3 20 10 32 90 83 75 55 96 35 6 62 47 12 34 56 49 36 26 80 69 92 91 30 53 37 42 51 50 71 25 54 61 85 46 21 98 23 41 100 88 87 52 45 97 72 27 99 60 19 4 48 29 9 7 24 17 15 14 59 33 68 11 86 95 73 84 78 81 8 1 31 
2 85 20 37 79 99 63 76 67 1 65 98 61 45 82 54 91 94 47 29 74 88 51 21 15 3 97 46 39 93 52 80 27 14 13 87 77 73 71 38 41 58 4 42 30 32 72 78 18 69 83 25 48 17 70 7 53 90 92 34 59 10 6 23 24 84 44 36 86 64 26 22 62 49 9 56 8 66 100 35 11 75 31 60 96 5 28 40 55 43 57 33 12 81 50 95 16 89 19 
3 37 85 38 71 80 48 74 56 53 47 28 94 59 15 87 46 35 93 52 88 65 76 57 13 96 90 70 23 45 86 7 91 84 50 34 43 33 19 39 81 14 98 62 67 97 58 25 31 24 92 63 68 5 30 32 95 75 26 82 72 49 77 1 64 44 61 79 41 2 36 9 29 18 60 16 83 12 78 6 42 10 8 99 73 89 54 17 51 4 21 20 55 22 40 27 11 66 100 
68 30 63 100 94 76 8 51 67 77 86 74 99 15 3 64 83 87 89 1 72 10 58 17 81 45 73 85 16 2 29 57 62 50 44 7 96 19 69 79 36 34 37 56 28 54 41 35 24 75 43 61 88 18 27 11 26 66 12 91 84 52 98 93 40 5 46 71 59 31 92 49 95 78 14 55 21 39 47 13 60 22 32 42 9 53 20 65 48 4 23 38 80 6 97 82 33 90 25 
15 40 13 90 42 93 61 79 35 37 28 73 7 44 97 25 38 47 63 86 80 21 78 34 27 32 98 87 100 17 95 77 54 57 81 2 99 16 59 84 8 83 75 14 43 58 53 24 70 48 22 72 23 52 20 76 45 55 64 46 89 29 62 56 74 33 51 39 49 91 68 3 10 6 41 96 1 30 50 4 26 9 19 67 82 31 11 85 66 94 65 60 12 36 69 92 5 18 88 
44 100 53 88 6 12 79 43 76 29 95 45 11 74 67 41 20 51 71 36 42 86 58 34 89 94 62 90 77 99 7 69 48 87 49 83 68 25 73 59 26 4 13 85 47 35 3 19 75 18 63 1 92 57 9 61 65 78 52 32 33 39 17 60 66 56 23 24 28 93 31 5 38 81 37 30 21 84 2 55 14 46 54 16 97 22 96 27 8 64 70 50 40 80 10 98 15 91 82 
69 83 19 96 9 30 49 60 56 31 79 80 67 17 78 91 48 10 82 16 21 28 20 7 87 38 39 14 2 8 26 52 86 89 98 59 72 100 29 93 24 35 90 75 51 12 36 37 57 88 3 61 25 95 50 94 77 34 62 97 43 74 13 44 11 18 41 54 92 85 46 40 71 47 76 58 22 32 5 53 64 42 84 1 55 23 68 45 66 81 63 33 99 27 6 65 15 4 70 
57 48 26 16 6 45 50 72 9 42 5 28 29 31 92 8 52 55 62 25 61 35 30 12 22 97 36 58 1 21 85 24 63 41 2 96 64 65 60 82 75 83 73 34 68 91 23 39 76 93 14 87 78 67 43 59 77 51 15 89 98 20 80 7 11 88 66 4 90 70 37 69 94 40 38 79 99 84 19 56 71 46 100 54 10 27 81 86 18 33 49 3 47 95 17 53 44 13 32 
30 47 21 10 27 85 62 25 56 67 37 6 78 84 50 11 97 73 4 42 93 76 5 1 36 44 80 95 39 83 94 58 55 35 51 34 8 81 29 98 9 20 72 69 24 46 14 59 32 26 40 70 61 41 17 22 28 79 77 71 49 57 100 3 33 15 68 53 74 43 87 2 48 99 89 88 96 66 38 45 54 23 92 91 63 13 65 19 18 90 64 82 86 60 16 52 12 7 31 
70 39 86 92 16 83 26 11 41 59 63 48 27 29 87 5 99 4 19 23 35 72 54 2 6 89 40 43 91 50 93 77 32 82 75 3 80 30 51 94 88 95 69 47 97 42 79 74 17 56 14 71 62 66 100 68 22 1 98 67 24 73 55 81 96 46 78 28 64 18 15 58 57 45 44 13 90 61 33 36 21 25 34 85 53 12 37 31 49 38 10 65 60 20 52 7 84 9 8 
89 55 66 1 58 41 56 31 93 16 72 68 9 25 57 10 13 17 60 35 34 82 43 63 87 62 32 42 70 83 95 19 53 2 76 21 51 3 36 91 81 29 61 86 6 94 7 39 79 37 92 26 50 99 80 11 18 71 23 8 97 84 64 28 4 47 52 45 12 74 44 78 30 98 38 48 15 22 5 85 20 27 40 65 59 67 75 14 90 24 69 100 49 96 88 46 54 33 73 
21 23 79 8 59 12 92 70 24 42 90 94 9 67 39 64 98 91 48 54 19 1 4 41 30 36 44 80 50 45 55 62 85 52 49 53 65 86 74 14 58 28 56 89 27 31 97 6 84 88 87 17 100 33 95 68 13 73 72 34 16 51 32 76 7 29 81 25 69 11 99 18 83 10 5 93 66 40 75 15 43 26 82 37 46 96 71 35 61 77 2 63 47 20 38 60 3 57 22 
6 87 89 90 99 45 66 18 57 73 52 93 71 62 27 21 48 1 46 69 39 70 43 72 3 12 11 81 65 37 8 25 53 38 22 23 50 4 91 7 96 64 86 100 54 32 34 78 80 47 10 77 68 26 41 97 92 30 42 28 17 49 36 75 76 33 61 59 84 95 2 85 5 58 16 29 31 88 9 40 82 19 44 51 35 24 74 98 63 13 60 15 20 94 56 55 67 83 14 
94 76 52 69 73 51 53 84 60 38 40 8 62 17 78 86 14 85 28 42 29 30 15 98 82 66 99 3 63 56 4 39 79 13 90 100 81 2 58 88 93 19 77 67 25 61 24 45 33 16 91 41 92 27 49 89 75 57 83 68 43 36 44 65 48 34 10 9 32 31 22 59 6 7 47 37 21 95 11 87 96 35 5 64 97 18 12 20 72 74 55 54 46 71 70 50 1 23 26 
45 47 13 90 85 95 14 46 2 68 43 65 96 25 28 67 99 5 31 63 86 49 50 59 88 53 32 80 41 84 3 77 36 73 17 61 48 10 83 91 93 100 97 4 20 15 1 87 23 71 78 75 76 98 51 24 64 57 30 62 34 54 35 69 16 26 27 21 89 72 92 18 8 40 74 7 29 22 58 19 9 37 52 79 42 33 66 12 60 55 39 82 38 94 56 70 6 11 44 
51 66 87 80 39 44 27 76 25 40 69 20 90 78 34 72 21 83 7 36 86 53 11 63 100 98 33 91 79 43 31 1 38 95 8 46 58 52 23 48 94 18 88 32 81 6 93 15 57 12 61 77 75 56 85 55 24 22 54 97 92 13 45 19 42 96 26 5 68 37 59 50 14 47 84 10 74 9 3 89 99 29 71 16 41 2 35 62 28 67 17 60 73 4 70 49 64 65 30 
82 20 86 40 57 68 1 80 5 61 14 66 12 3 7 56 58 33 45 32 100 22 79 27 84 38 35 50 24 75 96 36 54 62 17 88 49 81 52 63 41 30 74 21 26 9 78 29 39 85 42 51 94 99 98 2 73 43 19 59 67 70 65 71 77 23 72 18 44 4 93 11 55 34 89 37 90 60 25 76 10 46 53 64 48 91 6 15 47 16 69 13 31 28 8 95 87 92 97 
12 27 44 30 35 63 45 83 48 2 9 31 68 22 43 62 88 58 60 46 72 25 61 59 79 81 98 69 29 100 73 97 32 52 7 21 8 77 94 67 90 40 47 20 28 5 51 80 89 78 3 13 57 74 26 91 14 65 16 11 71 15 36 37 70 41 56 19 18 39 82 87 23 75 66 92 4 34 86 1 54 85 6 33 76 53 50 95 17 55 99 93 24 49 38 96 42 64 10 
36 29 90 6 27 20 83 33 95 74 66 23 13 21 30 11 37 31 64 9 7 38 18 72 12 17 60 39 94 69 48 28 19 99 57 75 92 54 5 87 65 67 40 98 97 76 63 89 32 70 59 14 34 41 62 47 77 46 61 78 91 80 3 25 73 4 71 56 100 1 52 2 93 15 96 50 10 16 26 49 81 24 68 8 35 82 22 88 53 79 58 45 51 42 44 55 84 86 43 
17 28 11 12 77 22 62 80 37 7 27 32 43 71 58 20 19 33 78 65 90 91 67 47 2 1 57 74 51 84 75 4 61 59 44 5 73 29 50 53 70 55 83 87 98 45 41 9 85 94 79 96 14 69 66 54 49 100 97 95 3 89 46 60 18 36 25 76 6 40 48 52 16 42 31 68 24 21 92 81 82 10 64 8 34 30 26 93 13 15 35 63 88 38 56 99 72 23 39 
73 48 21 60 17 81 15 28 86 76 32 78 79 83 57 14 90 92 80 49 98 23 63 34 51 25 31 77 55 39 35 42 12 52 29 56 54 24 16 88 33 38 94 1 53 89 64 41 50 84 71 40 5 43 27 30 58 46 67 95 11 70 9 100 66 59 74 4 75 10 72 36 3 13 19 7 18 20 47 61 82 26 6 99 2 69 8 96 45 91 93 97 37 85 22 65 44 68 62 
6 90 67 31 69 16 77 60 73 66 63 97 82 95 5 99 21 22 85 92 35 25 51 1 7 17 50 65 23 45 2 96 76 15 84 18 52 19 20 28 30 89 59 33 81 41 44 46 43 48 29 37 72 40 94 10 68 32 62 74 61 49 4 93 34 83 8 27 86 3 55 57 98 36 79 54 12 100 38 42 53 11 26 75 70 47 56 39 64 71 58 14 13 24 78 87 91 9 80 
60 44 24 21 39 37 49 48 2 69 91 41 88 20 54 84 100 32 78 29 77 43 40 62 92 94 6 8 7 58 11 59 65 61 3 90 10 46 73 31 45 64 76 68 86 85 30 57 51 67 87 47 66 96 83 5 50 1 74 17 35 99 12 34 53 98 93 13 82 25 75 72 4 36 70 97 95 81 52 71 38 18 14 23 28 22 27 19 56 42 80 55 15 79 9 63 33 16 26 
39 20 63 40 55 4 56 99 10 24 51 67 95 98 36 26 72 53 89 96 57 52 42 74 2 43 48 1 12 15 18 28 27 64 14 45 6 50 61 94 41 71 33 30 76 100 31 29 88 47 54 80 35 58 16 81 37 21 91 34 38 11 84 59 70 87 46 23 62 5 85 77 44 82 78 9 7 75 13 79 25 93 49 92 73 66 3 68 60 83 32 8 19 69 65 97 22 17 86 
24 43 31 32 1 35 74 90 59 92 53 63 71 7 57 97 64 14 10 45 67 100 29 51 84 60 4 48 83 93 62 5 81 65 89 82 47 77 55 87 20 42 38 68 28 50 56 9 39 37 8 41 52 46 36 70 30 86 98 16 54 94 11 2 27 85 3 6 17 22 66 78 80 95 44 75 79 76 49 33 13 18 26 58 15 72 21 69 19 73 12 61 34 23 25 99 88 40 96 
74 8 36 14 60 70 31 45 100 48 57 12 80 62 90 56 77 89 50 95 65 85 96 27 23 75 67 29 99 54 64 53 28 69 58 2 72 98 91 84 16 79 38 52 17 88 61 25 10 22 82 39 68 24 86 73 43 30 81 94 32 83 44 21 18 55 19 5 4 13 7 71 47 34 1 6 3 40 78 59 63 66 76 97 15 33 37 26 41 11 93 9 42 20 46 87 35 51 49 
99 78 19 34 47 57 63 72 100 1 50 54 44 38 68 20 6 89 11 22 56 64 88 36 75 70 13 33 90 66 27 73 39 14 74 96 81 61 16 31 43 46 69 59 53 84 94 10 37 28 26 12 3 71 52 17 77 41 21 58 91 87 97 8 2 30 35 65 48 4 25 51 67 9 18 62 5 29 15 32 49 83 76 95 55 92 7 42 40 82 45 79 23 24 80 98 60 86 85 
95 20 86 45 29 1 84 54 60 51 21 31 59 62 70 13 47 2 79 99 88 10 98 58 85 30 57 93 16 14 36 83 76 68 75 17 56 74 39 65 63 49 35 19 78 38 11 22 41 23 72 46 4 96 73 5 50 42 34 66 12 89 6 71 80 26 52 92 9 87 100 82 90 7 28 8 67 77 55 25 97 48 24 81 27 33 53 37 43 69 61 32 15 64 91 40 3 18 44 
26 25 31 15 88 61 65 57 58 68 99 42 97 89 40 93 67 98 82 49 43 20 44 85 91 70 33 35 81 90 14 38 3 51 13 19 37 24 23 59 47 50 76 5 28 84 32 54 27 83 4 53 18 39 12 17 64 6 73 77 7 45 1 56 71 100 55 74 78 60 36 22 9 48 46 86 10 96 16 80 30 63 21 11 8 72 75 69 29 94 34 52 2 79 62 41 87 92 66 
88 10 32 63 28 66 79 40 49 36 9 67 43 11 71 44 3 29 38 60 93 57 54 87 53 6 15 82 33 50 92 56 47 91 7 31 73 4 25 81 51 42 16 30 17 20 74 34 65 2 12 18 52 94 99 22 48 86 58 8 95 37 70 69 100 24 80 23 68 45 41 19 76 46 78 59 55 98 75 64 72 89 85 35 13 27 90 14 97 77 5 26 61 1 39 83 62 21 84 
94 49 71 3 13 27 52 73 72 14 23 47 31 75 17 2 95 20 74 70 88 86 93 32 40 37 58 79 83 90 91 78 30 16 6 81 85 54 55 29 51 67 18 84 38 33 26 39 100 96 48 98 99 69 15 65 76 1 21 77 28 9 62 10 7 61 63 68 45 87 25 44 80 4 66 42 50 35 57 89 64 92 43 34 46 24 82 59 56 22 5 19 12 8 41 60 11 53 36 
72 47 2 74 99 75 51 27 20 36 81 58 43 17 97 95 52 71 29 13 89 12 83 61 93 78 67 25 30 4 31 1 62 65 11 50 76 77 79 37 55 90 9 82 32 35 21 15 100 5 86 54 80 42 24 34 85 33 57 92 26 87 63 48 7 3 41 16 60 70 45 56 14 69 10 18 38 59 23 28 84 19 88 39 6 8 91 53 40 46 44 73 64 49 66 22 94 96 68 
47 26 59 55 83 66 12 32 74 27 60 96 80 13 49 7 41 84 58 20 68 9 90 42 2 75 19 8 43 40 14 23 31 85 29 65 35 64 22 5 95 89 25 54 52 11 69 88 79 82 61 36 78 51 30 77 1 93 67 86 39 28 17 15 91 4 62 100 71 50 24 38 45 70 94 53 18 37 33 21 97 16 81 34 73 10 98 44 56 76 6 3 63 48 87 57 92 72 46 
87 36 9 49 28 99 71 10 21 56 80 75 85 20 97 1 57 60 35 59 74 66 17 50 23 95 96 61 63 65 89 3 86 32 67 18 70 41 43 62 4 83 39 13 52 51 45 64 27 46 79 55 14 31 54 11 73 90 33 12 98 69 94 84 77 5 88 19 72 37 93 2 76 15 78 25 22 30 34 16 68 40 47 24 58 82 81 42 53 92 8 6 38 44 91 29 7 26 48 
