100
64 29 83 27 40 9 16 50 82 39 19 36 81 79 55 85 43 69 89 97 51 100 77 54 65 6 72 2 66 94 78 67 17 80 13 62 91 59 37 42 25 68 12 75 70 47 52 28 93 49 35 41 90 32 44 3 53 14 73 5 96 15 63 4 33 20 56 71 60 38 23 87 58 46 8 95 24 92 11 45 86 22 31 74 7 76 57 34 26 99 21 10 30 88 98 18 48 61 84 
49 24 82 27 45 54 75 14 53 35 57 56 33 16 94 31 43 20 22 5 11 44 65 12 88 32 79 46 15 83 68 51 41 89 10 60 37 4 47 55 13 1 17 40 90 64 66 91 34 100 21 6 78 76 87 77 28 74 36 62 7 92 50 8 80 72 58 70 84 98 52 23 93 63 59 71 29 3 61 69 73 99 96 48 97 85 86 42 18 26 9 95 30 81 39 38 67 25 19 
78 33 69 81 79 6 26 85 76 14 88 30 59 91 15 25 34 55 74 11 68 24 95 73 96 31 77 38 51 23 87 61 39 2 93 97 17 53 19 56 28 37 1 72 42 44 60 18 82 36 80 64 48 5 83 49 67 65 63 27 70 32 58 12 57 84 94 47 98 35 10 41 89 100 13 4 45 22 52 16 99 71 29 9 20 40 7 46 92 62 90 54 43 50 21 86 75 66 8 
83 86 38 49 12 48 60 43 69 92 75 18 61 97 57 51 62 27 91 100 20 63 76 50 93 87 26 84 82 68 29 33 34 85 70 31 10 96 67 71 47 73 72 28 54 44 45 1 5 58 42 2 98 95 53 36 24 74 11 88 52 66 21 46 7 81 17 39 99 23 90 64 59 78 19 65 35 6 22 55 3 56 13 14 32 80 15 89 94 8 77 37 79 9 40 16 30 41 25 
12 18 48 27 79 58 61 84 89 81 82 95 8 26 43 69 71 29 80 2 28 41 96 39 31 54 53 25 7 42 17 9 45 72 3 33 90 91 78 21 4 63 59 22 55 57 20 94 24 15 52 13 44 60 11 10 76 56 70 65 51 92 98 74 46 83 100 36 75 40 19 88 23 66 99 34 86 67 49 97 93 1 64 14 47 37 50 38 35 85 77 32 62 87 73 68 30 6 16 
92 12 26 89 23 35 16 30 50 8 96 42 48 14 44 86 90 82 99 20 33 93 39 11 68 77 66 37 29 43 71 79 74 9 94 32 55 88 73 63 38 98 84 75 54 28 69 36 34 85 1 57 22 60 87 95 21 62 83 17 53 100 72 49 51 40 41 81 15 18 52 5 10 97 91 61 31 13 27 25 45 3 4 19 59 78 76 67 24 80 70 47 56 65 64 46 58 7 2 
39 2 11 35 30 29 81 59 67 87 90 4 84 64 18 41 36 38 33 62 68 3 86 10 22 57 77 42 71 43 47 1 23 76 55 51 93 5 13 9 49 70 26 50 72 82 58 53 69 52 17 28 15 91 73 44 95 16 78 21 46 6 8 75 27 79 80 25 12 89 48 37 97 94 63 96 32 54 85 98 31 24 19 61 88 92 74 34 65 100 99 14 40 20 66 56 83 45 60 
58 56 7 73 35 51 22 40 36 31 61 94 39 66 84 11 19 21 82 49 76 15 95 79 24 100 65 57 91 3 97 33 75 28 63 83 48 87 37 90 38 67 27 42 23 17 72 20 59 60 62 16 70 46 50 25 98 12 88 2 77 9 71 78 32 89 1 10 18 96 47 6 86 92 45 5 4 26 74 54 55 13 81 64 14 44 93 99 41 43 80 85 68 69 52 29 53 34 30 
93 47 89 97 65 40 53 8 71 34 55 38 11 14 56 23 59 50 4 99 84 73 91 30 21 5 87 78 76 51 13 49 82 67 74 35 79 72 63 45 95 61 24 7 12 57 15 100 2 3 31 44 6 66 29 96 48 77 90 81 64 80 26 83 92 46 54 85 60 86 19 58 10 33 20 88 62 94 16 28 43 36 17 18 69 41 98 1 27 25 22 70 37 52 68 75 32 42 39 
31 84 53 87 58 32 47 36 12 25 92 33 24 51 81 7 27 73 62 96 99 2 65 49 91 13 61 28 76 85 57 94 29 52 26 74 78 67 1 43 38 59 44 79 11 80 5 37 3 60 14 82 8 46 90 16 15 39 55 63 48 56 66 54 34 30 45 68 4 42 23 72 50 70 86 93 97 100 20 6 75 71 18 95 64 9 19 77 40 98 22 41 69 89 83 17 88 35 21 
85 40 42 95 65 13 70 37 62 2 22 31 58 93 86 47 4 20 76 88 29 82 53 12 1 78 63 64 25 54 51 28 27 80 16 74 60 14 92 41 23 44 71 67 89 35 72 48 73 21 49 91 59 90 94 50 9 98 96 99 33 83 30 56 43 39 81 46 57 77 34 19 87 75 26 68 17 55 3 97 6 18 36 24 61 100 79 15 10 66 8 52 32 84 38 69 5 7 45 
57 74 83 69 8 65 40 13 95 82 53 60 99 81 29 16 50 4 35 98 59 2 34 21 46 66 26 75 5 31 68 54 78 28 73 63 85 37 27 71 96 23 6 22 72 15 25 41 84 88 89 42 19 9 70 86 43 97 80 36 17 48 92 90 61 100 11 32 33 1 77 39 7 64 18 30 56 49 44 58 87 45 20 14 3 62 10 67 38 24 55 76 52 47 93 91 94 51 79 
45 86 99 4 3 12 82 57 54 10 33 21 83 95 66 56 51 90 93 35 77 81 63 85 55 78 88 7 47 15 52 80 58 96 91 14 40 43 44 50 32 6 71 87 20 27 1 72 69 94 11 41 76 74 29 100 28 61 23 5 92 39 38 34 62 65 49 73 79 89 98 36 48 42 16 8 2 31 53 17 30 59 97 68 18 60 46 22 26 24 19 67 84 37 70 75 64 25 9 
42 26 50 82 20 83 89 81 99 67 70 61 44 1 80 7 34 91 18 58 95 55 35 3 28 60 76 69 49 75 45 68 8 9 33 48 24 10 5 54 63 62 87 86 25 16 22 78 94 46 79 47 11 71 13 15 92 90 21 96 52 97 65 85 30 40 17 72 56 100 74 37 31 19 73 84 12 23 38 27 93 43 29 88 57 39 77 2 36 41 66 32 59 53 64 4 98 6 51 
63 68 26 5 66 54 90 27 45 97 80 85 48 44 78 88 17 30 96 87 40 32 20 73 57 31 82 95 60 35 94 2 41 13 49 12 50 6 8 36 7 84 28 9 3 81 14 65 93 89 52 16 18 43 98 91 59 38 58 67 69 76 92 37 62 34 100 4 72 24 74 42 70 46 47 75 83 61 21 53 19 77 33 1 10 23 39 79 51 29 99 56 71 22 55 64 86 11 25 
85 52 6 61 93 49 47 24 7 37 99 96 26 60 39 80 66 14 18 65 70 55 34 25 72 28 43 46 76 9 22 56 5 8 57 31 87 11 90 98 67 40 23 94 35 12 91 45 81 75 71 100 54 62 1 3 78 83 50 42 79 53 32 64 89 63 92 2 48 21 41 13 68 82 95 69 51 77 97 59 88 44 10 19 4 38 58 27 86 30 36 29 73 84 74 17 15 20 33 
15 58 35 32 85 29 6 11 34 66 56 44 64 38 46 57 9 75 40 49 62 84 36 59 27 78 1 48 21 41 79 20 55 5 22 65 50 98 45 82 68 77 94 37 14 24 28 10 25 81 54 71 51 97 18 2 87 60 26 91 88 30 3 8 19 72 86 69 16 95 63 4 53 33 7 73 99 67 76 74 43 23 100 47 52 93 89 39 83 31 90 13 80 61 12 70 92 96 42 
4 44 78 92 79 43 51 38 54 36 34 15 58 19 76 40 75 69 84 74 39 42 46 6 22 17 65 67 33 61 25 80 29 13 90 66 16 91 98 97 68 63 11 12 37 53 93 81 28 83 72 9 95 49 32 41 57 96 1 45 73 82 47 64 62 100 14 30 2 26 23 86 94 60 55 10 50 8 52 27 24 88 85 35 21 71 20 77 70 56 3 7 87 89 59 5 48 31 99 
29 32 96 58 61 4 15 21 59 64 17 54 12 52 44 91 25 87 39 80 11 90 43 98 2 56 93 66 77 62 76 84 22 16 99 63 83 81 53 41 8 55 50 42 94 57 95 47 78 86 34 68 1 92 38 89 48 75 33 23 7 26 35 71 13 31 24 51 30 73 46 100 14 5 27 9 72 79 85 45 36 3 60 67 20 70 97 88 69 18 65 6 82 28 37 10 40 74 49 
65 26 24 17 91 27 77 7 16 88 51 45 28 2 23 94 25 38 57 90 63 40 87 79 70 81 37 96 36 18 95 5 8 86 10 71 4 19 50 62 31 55 43 41 83 100 12 53 73 76 82 64 72 89 97 68 92 56 35 11 58 34 14 21 67 84 3 48 59 29 46 74 1 75 85 32 15 93 44 6 99 66 52 39 78 60 42 30 13 22 54 49 9 33 61 47 98 80 69 
44 24 79 47 85 66 35 72 52 46 30 94 57 93 89 29 75 20 43 80 59 77 28 83 42 62 98 53 92 86 13 88 99 91 31 61 36 39 71 60 82 81 100 45 26 27 64 12 5 17 54 68 34 19 37 84 9 7 25 78 11 32 55 14 49 33 97 67 16 73 40 18 63 6 10 23 65 56 2 95 50 70 58 22 96 15 41 8 51 76 48 1 69 3 4 38 74 90 87 
87 14 10 19 15 12 63 11 73 88 65 96 23 97 100 3 31 17 27 90 66 2 57 28 20 42 33 91 93 47 81 61 41 53 84 74 75 52 83 16 43 59 37 99 30 94 39 92 71 50 24 38 55 32 5 54 34 36 45 82 69 44 77 67 79 95 64 4 78 29 1 72 40 18 70 76 80 85 68 89 8 56 9 13 35 49 21 7 86 25 98 60 51 26 62 58 48 46 6 
72 83 1 43 90 10 57 30 71 14 64 51 2 6 12 61 76 4 32 62 9 78 38 50 7 48 54 79 26 98 20 91 15 82 95 3 66 27 11 89 55 53 5 59 21 42 100 40 84 96 81 16 97 36 37 65 63 88 74 44 77 28 8 17 94 24 80 39 41 86 47 35 92 45 73 87 19 18 56 52 31 22 99 60 69 13 34 58 29 85 75 46 68 49 25 93 33 67 70 
16 72 15 26 73 47 8 56 48 19 12 87 55 69 29 99 94 97 95 36 76 80 34 43 38 61 81 20 3 40 30 35 45 51 54 57 50 79 96 86 65 58 100 28 83 62 4 7 98 25 63 93 33 17 89 68 64 70 6 67 90 23 78 44 27 42 11 39 31 21 14 85 66 92 41 77 5 32 13 9 10 75 59 60 2 88 52 53 74 37 82 91 22 18 46 84 1 71 49 
79 15 22 2 5 65 35 94 27 11 9 8 48 53 63 38 71 7 91 62 74 43 55 80 64 81 97 56 10 67 86 83 89 29 42 46 92 98 20 82 54 72 17 61 100 88 37 87 99 14 34 57 59 30 41 6 13 84 16 39 3 1 40 50 21 69 95 58 73 70 68 23 66 85 76 75 93 45 78 36 49 44 28 52 60 47 51 4 12 90 18 96 33 31 19 24 32 77 26 
99 49 21 54 73 59 4 20 27 46 48 37 62 79 23 66 12 95 24 13 40 96 67 83 14 29 1 57 87 89 50 75 15 28 45 42 8 71 94 19 5 85 65 61 36 72 90 32 10 56 63 92 31 78 88 9 84 77 18 51 58 97 76 39 30 47 2 35 80 3 82 52 68 64 17 69 93 33 100 16 6 43 41 98 22 55 44 81 7 70 38 53 91 34 60 74 25 86 11 
44 2 65 99 72 94 23 38 98 51 57 52 5 89 42 78 29 11 79 64 10 18 33 35 70 81 37 48 97 76 56 87 3 14 95 86 71 50 61 16 6 7 4 41 82 24 73 91 66 12 17 20 47 55 13 58 25 83 40 80 8 84 1 63 31 59 22 49 43 53 75 100 28 15 74 96 62 36 93 9 69 46 60 68 88 39 45 67 92 85 19 77 54 26 34 30 32 21 90 
5 50 82 66 91 40 36 74 64 79 92 73 34 38 87 18 56 54 23 85 32 86 1 78 43 48 24 89 96 37 26 47 84 97 63 35 93 58 72 29 4 13 45 88 75 57 90 17 68 6 80 16 60 52 59 71 77 12 61 81 98 49 46 22 10 8 25 9 51 19 95 30 2 11 70 53 3 15 67 20 83 76 62 69 21 27 33 39 65 55 100 44 94 42 41 14 31 7 99 
48 76 100 30 56 96 95 83 99 72 78 46 6 4 81 26 62 14 3 31 80 41 28 70 85 97 23 39 98 84 79 68 90 43 88 36 47 18 45 59 20 15 74 75 55 77 93 50 65 8 61 71 22 82 60 53 44 25 19 35 54 37 52 86 49 64 9 89 34 91 63 17 69 87 94 21 40 92 11 10 32 7 57 66 16 73 2 12 33 51 58 13 27 67 38 24 5 42 1 
73 61 28 24 26 5 96 7 88 4 8 77 3 33 48 9 98 79 84 90 22 89 63 6 20 99 11 83 76 37 50 93 17 100 43 78 55 95 35 14 86 21 16 40 57 39 60 54 1 70 34 72 45 19 49 23 59 67 31 87 74 80 2 42 64 29 27 51 81 91 36 38 47 71 15 58 85 13 69 62 44 75 65 97 46 12 10 52 66 56 25 41 82 53 94 92 18 68 32 
80 2 86 89 44 99 16 88 45 79 32 56 18 84 72 94 77 38 35 54 85 96 91 12 95 20 68 90 39 65 58 11 55 97 19 47 78 7 52 37 1 67 23 48 8 9 87 61 13 98 49 14 59 25 6 63 82 36 4 92 22 5 53 83 17 64 57 81 74 71 43 75 60 51 41 33 21 100 62 93 70 28 27 46 76 73 40 69 50 30 15 26 10 66 42 24 29 34 3 
18 71 44 86 54 56 80 22 8 42 6 94 52 66 53 49 5 67 100 10 57 12 74 35 41 29 46 50 4 78 81 40 33 51 45 88 7 68 15 89 95 82 13 77 73 2 28 34 19 58 3 91 61 39 76 16 20 27 24 99 48 37 25 69 43 70 93 1 98 23 36 60 87 64 47 31 38 55 84 97 96 9 11 72 14 63 17 79 59 30 92 21 90 75 65 62 85 83 26 
17 53 18 52 94 63 25 41 69 80 4 11 22 16 78 5 82 8 38 90 7 93 47 50 91 98 65 68 56 62 96 31 28 83 29 26 88 30 79 3 48 36 23 21 44 19 75 32 100 71 84 70 99 39 57 15 77 45 6 64 34 46 35 89 76 67 10 85 14 51 74 61 58 60 54 20 59 43 97 81 55 66 86 12 40 9 73 72 24 42 1 49 87 92 2 27 13 95 37 
37 2 48 63 23 13 88 29 24 79 65 42 96 98 4 44 53 1 22 70 12 15 38 71 6 9 85 87 89 47 45 83 36 58 73 92 16 26 30 57 69 60 100 76 59 3 86 54 46 61 7 82 68 39 51 67 21 81 80 11 14 32 66 55 91 52 8 99 20 93 19 25 43 27 72 10 94 28 50 18 74 77 5 41 35 84 31 97 64 75 33 40 49 95 56 78 62 17 90 
3 48 59 55 6 82 81 14 15 24 9 58 47 25 68 44 19 11 4 31 29 28 88 56 40 2 89 8 53 21 26 22 95 18 76 32 27 33 79 62 49 87 36 10 71 34 67 63 72 69 91 64 84 66 80 65 61 97 17 75 39 54 5 41 42 38 37 23 99 70 78 90 92 73 52 85 12 16 94 74 57 77 98 83 50 60 46 7 30 1 20 13 96 43 100 86 51 93 45 
17 93 51 37 18 100 80 32 97 53 75 52 2 79 12 71 89 95 63 92 6 8 88 21 57 58 16 31 22 38 67 3 68 70 62 50 98 96 45 56 94 14 29 15 73 9 76 4 78 86 54 40 20 28 77 47 87 64 10 34 42 23 90 69 30 59 7 91 66 99 27 81 55 84 46 74 43 5 35 39 13 85 25 82 61 19 72 44 60 24 49 11 65 33 41 48 83 1 26 
53 9 85 99 30 25 96 87 42 51 92 4 93 90 80 83 74 95 8 75 66 98 69 70 94 21 31 58 23 91 18 13 26 49 100 41 64 71 45 11 65 60 15 19 81 63 24 46 43 33 50 2 61 86 73 44 47 48 67 72 40 35 57 55 77 79 82 88 68 39 1 52 16 36 76 12 20 54 7 22 56 29 6 34 10 62 38 89 32 27 84 3 5 14 28 59 17 97 78 
74 34 61 78 17 46 54 95 67 15 42 92 10 50 40 36 100 82 52 84 96 3 81 8 93 89 99 83 76 59 70 37 12 2 48 9 51 98 85 31 24 25 64 14 90 39 20 55 23 86 29 88 68 26 16 11 5 66 94 80 65 60 32 45 44 75 91 30 28 72 69 7 47 19 57 77 22 79 63 87 35 73 43 56 21 53 49 1 58 33 4 41 6 27 97 13 18 71 62 
24 6 46 80 47 2 56 19 99 83 94 84 98 95 64 31 53 5 26 59 75 33 22 37 8 57 100 43 16 76 87 71 45 27 91 81 12 17 3 51 9 78 44 13 97 66 88 74 73 58 92 29 32 86 90 93 61 69 4 35 68 54 67 15 49 18 21 34 72 14 70 82 38 23 62 30 60 1 11 96 7 28 85 36 10 41 77 89 50 63 65 42 55 79 25 20 52 48 40 
74 60 81 8 84 41 13 93 83 21 46 91 45 35 72 63 47 69 11 54 1 79 58 94 38 97 18 42 100 50 14 28 32 86 76 15 88 85 29 9 78 22 39 33 65 87 52 98 70 89 24 20 49 19 92 2 68 73 56 25 43 48 4 44 6 66 55 75 7 77 12 37 34 27 62 53 10 59 82 51 16 30 64 31 26 96 90 61 67 99 5 36 57 23 95 71 80 17 3 
98 14 42 89 24 66 83 53 21 71 91 17 55 96 86 90 10 74 67 46 88 45 69 82 34 87 2 57 92 38 33 6 76 9 36 39 62 32 58 47 63 84 31 70 72 95 19 75 52 29 81 97 16 20 59 49 99 40 51 22 12 4 28 61 30 5 94 15 85 26 1 44 93 27 48 50 54 35 11 68 64 8 13 37 56 80 43 77 23 18 65 60 79 100 78 73 25 7 3 
25 16 46 35 97 91 74 44 9 41 76 50 83 11 49 70 54 1 73 89 88 32 4 64 100 39 61 99 36 47 2 77 23 13 14 19 24 31 30 43 58 69 62 53 45 10 28 63 93 17 38 59 55 80 65 20 87 48 82 37 6 60 18 7 96 3 78 86 92 40 57 34 94 51 95 84 8 15 29 12 72 68 98 21 5 52 27 67 85 79 26 56 22 81 33 75 71 90 66 
77 88 31 9 64 29 35 44 93 36 87 91 33 65 18 37 5 99 70 49 17 94 71 84 2 63 67 20 26 30 52 53 40 61 8 42 80 27 85 98 47 13 19 96 58 75 3 79 16 21 7 12 6 62 24 15 54 14 11 90 51 69 89 74 1 28 25 100 32 55 97 59 82 72 66 57 45 78 46 39 41 83 50 38 68 73 22 76 86 92 95 34 48 10 60 4 81 23 56 
54 77 29 75 14 87 41 32 90 26 88 92 67 79 48 84 82 33 69 27 38 61 53 55 19 89 3 85 34 96 28 80 40 37 73 30 72 9 51 56 31 58 24 81 59 93 35 98 17 6 46 50 23 99 97 25 76 70 63 95 7 18 12 49 83 13 94 64 11 65 36 4 8 21 10 52 91 15 42 62 20 57 39 16 45 60 100 5 66 1 47 43 74 71 86 78 22 2 68 
67 4 46 23 100 35 13 12 14 93 43 6 72 11 34 56 57 54 2 9 27 40 32 71 48 83 1 99 70 50 7 3 60 87 82 37 98 94 61 86 38 39 53 73 24 5 77 28 96 75 33 80 8 74 88 20 47 41 78 76 63 69 81 19 84 59 97 65 79 25 92 15 30 26 36 66 55 49 85 29 10 89 91 58 62 17 64 21 52 42 51 18 16 68 22 31 44 95 90 
32 45 42 81 85 100 63 88 26 96 52 35 10 94 39 20 91 19 48 49 8 5 70 76 67 62 34 93 73 90 17 64 28 84 4 69 83 13 79 89 9 61 99 50 74 71 21 33 98 68 24 95 59 57 54 53 87 82 29 31 65 75 40 30 6 2 38 56 72 47 78 86 14 22 27 12 80 60 44 15 55 92 25 23 11 41 51 66 1 36 43 58 37 97 77 16 18 7 3 
99 71 75 11 53 85 65 6 5 26 31 87 77 24 81 36 92 97 74 67 8 88 82 37 3 57 28 54 93 49 10 33 76 29 1 35 64 13 27 86 78 17 70 50 38 56 72 44 69 68 14 30 58 32 90 83 2 19 21 55 94 98 41 12 96 89 52 18 60 16 48 7 91 15 100 79 62 25 9 40 84 20 22 73 39 66 42 43 23 45 80 61 59 46 51 63 34 95 4 
35 95 15 42 8 70 85 98 47 99 83 84 16 40 49 11 88 7 75 45 53 18 39 26 28 4 63 86 14 58 20 96 9 93 87 82 59 55 10 57 73 31 46 44 51 100 90 29 22 13 60 94 24 56 41 21 64 1 62 43 89 78 27 37 17 79 25 36 6 52 77 65 68 38 54 66 50 12 30 3 81 33 19 32 76 23 34 74 2 61 72 69 80 67 92 91 71 97 5 
72 62 27 86 65 54 94 36 28 33 20 3 7 96 32 74 64 38 9 19 67 97 26 24 89 40 55 10 92 57 47 82 21 77 6 79 42 69 25 14 53 13 52 66 50 8 1 12 17 39 91 99 5 63 18 23 37 93 41 76 48 80 60 51 15 81 46 56 87 95 31 45 68 44 34 78 83 22 11 35 4 58 70 100 61 85 73 84 30 2 75 71 90 59 16 29 98 43 88 
21 30 20 71 53 4 35 93 82 9 85 43 92 96 23 84 33 26 94 7 18 45 25 36 3 8 69 14 24 68 64 88 83 87 99 12 47 46 91 73 74 58 29 19 39 6 72 60 13 22 86 89 79 5 75 57 67 100 59 77 70 56 98 16 41 37 95 90 66 44 28 10 55 2 34 78 81 52 51 40 49 15 27 63 62 38 54 1 80 32 76 61 48 97 42 17 65 31 11 
25 7 60 11 78 93 71 15 40 18 81 35 94 21 9 74 100 50 44 13 52 23 84 63 86 36 12 14 16 95 68 31 34 64 85 45 10 96 48 87 41 49 38 3 20 26 24 80 43 91 8 2 57 17 97 98 4 59 29 79 77 76 90 6 28 30 92 66 61 58 5 47 33 42 19 39 37 99 62 82 88 75 55 89 22 69 56 46 53 72 67 1 73 65 70 32 27 54 83 
30 38 68 5 28 82 41 57 19 72 67 64 7 11 29 32 96 50 37 18 75 55 95 81 46 89 8 4 70 31 9 44 86 45 17 12 71 84 76 83 48 80 63 42 53 88 27 65 97 94 2 6 22 59 77 61 15 34 66 62 100 3 26 58 25 98 1 10 13 35 24 49 78 23 73 51 39 54 20 79 21 36 47 91 43 56 69 16 33 92 99 60 87 74 40 85 93 14 90 
59 27 42 95 14 94 87 9 45 24 86 19 77 28 89 68 63 18 60 97 37 75 70 36 57 41 49 30 10 61 7 99 80 71 33 96 56 79 82 17 32 92 22 1 3 81 13 16 55 85 39 8 100 98 29 47 76 40 93 11 83 48 67 46 74 91 54 50 34 38 31 66 12 5 84 4 20 62 21 78 58 25 72 52 64 6 2 51 43 35 15 26 73 44 23 65 88 69 90 
59 55 14 19 13 96 91 60 81 97 16 41 58 72 94 76 33 64 17 45 89 53 48 100 65 63 84 83 30 71 93 40 38 82 66 78 92 2 5 52 7 37 79 42 36 22 86 44 25 77 20 6 49 70 62 27 51 98 24 69 87 73 18 50 11 32 10 23 26 29 47 21 31 67 12 9 39 61 56 8 75 15 99 68 74 34 88 85 28 43 80 35 1 3 4 57 95 90 46 
43 81 79 63 5 75 80 28 25 34 47 33 84 60 30 56 70 50 15 64 40 14 21 19 95 41 73 91 4 100 57 83 87 62 48 96 23 18 74 11 89 59 45 8 76 97 36 10 17 52 6 86 90 77 12 35 65 32 2 69 94 39 99 78 54 3 29 22 27 82 13 31 58 7 42 44 66 9 68 1 53 67 85 88 49 61 93 24 38 20 16 46 71 51 98 92 37 26 72 
83 79 80 23 95 44 74 49 47 94 87 42 75 31 30 65 60 14 40 57 53 37 90 64 7 82 86 85 63 36 89 41 46 68 9 27 81 19 55 58 21 39 34 16 33 10 2 5 4 48 91 6 22 71 1 26 97 11 73 93 99 100 69 51 59 24 52 61 45 12 84 43 17 3 78 28 38 98 76 50 8 20 66 72 96 18 88 25 32 67 29 54 62 13 35 77 15 92 70 
87 95 21 44 61 35 3 63 12 59 90 25 28 74 81 88 8 6 42 34 70 67 27 23 43 9 56 96 30 86 65 100 14 45 4 50 38 46 13 98 2 78 73 79 37 91 66 22 64 72 99 48 55 54 52 29 69 16 33 19 31 18 77 39 93 20 51 97 53 32 40 62 83 49 58 36 10 60 5 85 84 76 82 89 80 71 1 15 41 75 92 7 47 26 17 11 24 94 68 
2 28 43 54 56 61 51 81 8 33 86 45 31 39 93 16 96 18 77 100 69 27 7 94 74 4 11 9 59 55 42 38 89 22 95 90 1 12 70 47 52 10 50 21 80 6 87 46 23 26 78 68 14 49 75 91 73 72 36 76 60 98 64 85 65 66 37 44 57 30 82 88 99 40 25 3 62 83 97 5 48 32 84 20 41 79 17 35 15 67 92 34 13 71 19 29 24 63 53 
10 67 96 5 14 76 64 95 58 45 27 37 62 40 24 85 30 26 84 93 77 83 11 19 35 15 22 25 74 34 42 69 100 82 28 3 16 97 4 86 65 41 49 75 99 88 6 60 81 73 17 8 9 33 71 44 90 78 50 12 21 92 72 52 18 80 79 7 1 91 20 23 63 56 89 54 38 47 46 61 39 51 94 48 29 98 87 2 53 66 68 43 36 55 13 57 70 31 32 
74 8 66 2 35 19 58 94 91 48 14 43 25 52 83 99 97 95 54 81 98 39 46 69 22 26 55 78 47 13 3 53 41 9 23 4 32 20 28 51 45 33 86 1 6 30 15 24 18 49 87 36 84 38 71 31 89 92 10 76 12 79 100 68 37 93 27 40 75 59 29 77 82 44 72 63 57 67 88 56 42 96 21 61 80 5 62 7 90 34 70 85 64 16 50 73 11 65 17 
73 43 13 72 97 53 56 24 6 90 99 3 74 5 63 64 62 78 18 11 14 48 57 27 85 38 42 45 71 93 83 76 94 51 58 60 59 54 10 46 66 20 91 96 31 87 98 4 36 12 28 88 75 35 33 44 22 65 69 100 47 70 49 21 89 29 40 80 50 77 16 79 1 26 34 95 17 30 19 86 2 55 8 7 37 9 15 52 39 67 41 81 84 68 82 25 32 92 23 
72 38 42 55 39 95 15 60 36 53 2 64 69 92 48 81 25 37 47 91 13 33 22 46 8 96 6 16 5 74 41 71 29 65 82 1 98 59 97 83 99 11 21 54 66 58 63 84 20 28 9 40 26 57 68 90 76 87 12 56 88 100 27 67 94 85 86 61 45 43 30 80 79 78 7 14 31 10 23 4 93 18 32 49 17 77 70 73 52 44 3 51 34 24 75 19 89 50 35 
11 99 58 90 47 56 38 94 54 97 73 68 31 81 9 50 83 89 10 91 14 15 24 62 34 40 80 72 77 96 57 20 84 2 32 100 74 79 92 53 6 69 65 64 23 19 55 13 67 48 5 93 12 35 29 98 8 45 26 86 27 37 16 95 25 70 7 43 46 22 36 61 76 42 59 39 41 78 88 28 17 33 30 82 85 49 3 51 75 66 71 21 87 1 60 44 4 52 18 
34 66 9 77 21 18 11 80 85 10 96 67 12 97 23 91 92 7 60 63 38 62 48 40 27 55 58 76 74 45 44 79 26 39 8 17 57 50 14 73 6 81 4 22 49 1 99 65 5 83 42 41 28 33 54 69 98 30 47 88 35 53 3 56 20 13 31 29 19 16 32 78 59 75 43 15 68 90 86 84 24 70 87 95 93 46 36 52 100 89 71 25 51 61 82 94 37 72 2 
24 56 28 71 41 79 100 74 35 52 92 59 66 16 67 69 42 21 98 88 47 14 81 22 73 11 93 2 29 85 48 77 72 34 53 68 61 76 25 49 32 40 20 94 96 33 45 13 15 18 70 37 5 64 39 6 84 62 1 4 99 58 8 75 97 7 23 17 27 57 3 46 86 51 63 26 95 50 19 82 80 43 89 12 38 87 31 83 10 44 78 90 30 55 36 60 91 9 54 
64 81 90 57 4 93 85 83 16 1 42 67 91 68 49 94 37 71 61 5 63 12 56 8 65 95 89 99 39 30 62 58 9 40 14 45 31 36 88 76 3 22 74 86 78 24 21 23 60 38 87 97 55 28 13 47 27 53 72 54 2 77 52 69 15 35 29 98 34 32 50 20 6 59 26 43 73 84 19 75 96 25 33 44 11 80 51 41 18 79 82 70 10 17 100 7 92 48 46 
26 15 10 59 31 78 6 75 51 97 23 65 63 21 46 40 24 28 56 94 69 44 55 53 47 66 79 88 11 89 25 50 29 98 42 17 35 73 27 90 3 54 48 95 99 64 39 32 76 43 9 4 100 57 82 81 37 87 62 2 61 68 34 49 93 70 20 14 60 96 7 33 86 5 8 80 52 36 72 58 71 91 22 13 77 41 38 85 92 16 19 84 30 12 83 18 45 74 1 
29 48 47 43 10 56 31 70 18 36 80 99 100 26 13 11 54 78 63 55 35 57 5 67 89 60 72 2 9 90 65 88 25 6 87 41 61 33 94 28 96 59 23 24 1 45 44 37 52 81 64 62 39 82 86 83 19 98 91 95 58 75 49 21 38 85 12 79 73 66 7 71 4 69 22 76 51 16 84 46 3 15 74 14 97 32 20 93 50 34 40 92 27 30 8 53 42 17 77 
18 62 39 74 93 27 12 94 29 91 63 73 34 80 32 49 58 90 71 55 9 65 3 10 24 46 41 33 2 50 87 86 30 76 52 64 100 95 21 70 78 84 99 54 85 11 92 8 7 37 48 6 1 47 4 53 23 59 88 17 35 89 15 61 43 26 44 14 5 77 66 68 83 96 38 57 42 82 19 36 13 25 28 31 56 40 79 22 81 98 67 60 16 20 45 75 51 97 72 
95 88 93 51 80 14 50 3 39 32 82 55 27 75 2 19 92 46 35 22 54 60 71 52 97 16 9 69 43 21 87 49 28 63 38 5 83 36 8 26 48 10 100 78 64 18 42 30 98 66 44 79 41 81 13 11 34 85 68 53 17 84 74 29 65 89 23 76 4 72 25 62 31 33 1 94 15 57 73 7 47 20 24 59 56 90 58 86 67 37 45 91 12 40 99 61 77 96 6 
43 2 91 100 7 38 58 83 63 70 89 97 53 28 19 56 77 18 34 73 66 92 41 11 4 67 8 16 79 32 21 10 59 54 36 65 80 20 33 26 3 72 23 48 35 50 15 22 37 44 17 13 9 6 52 84 99 24 64 45 68 5 76 75 14 57 69 51 55 12 1 78 25 39 31 29 81 88 87 30 93 62 86 74 49 85 42 27 96 82 95 98 47 60 46 90 94 61 40 
88 19 76 8 74 28 53 13 27 60 31 81 32 93 34 65 91 20 17 45 78 100 18 59 22 97 90 86 73 57 96 49 25 84 29 14 89 43 12 68 1 41 71 58 42 92 16 67 21 36 77 95 99 62 82 24 85 79 23 51 64 10 98 94 38 9 87 2 70 44 4 47 11 46 52 56 54 33 63 37 75 48 5 7 40 66 26 50 3 6 61 30 83 69 80 39 15 35 55 
71 39 12 25 61 2 52 8 97 96 53 93 57 75 72 40 59 83 46 17 78 50 87 91 24 43 66 77 82 70 89 45 20 4 68 16 51 64 30 80 65 79 36 56 62 42 100 54 22 3 69 21 41 98 74 99 5 38 15 10 76 48 35 88 33 86 37 58 29 9 23 7 95 81 6 60 34 14 26 27 44 19 67 18 94 11 92 13 1 55 28 85 47 31 84 90 49 32 63 
94 18 80 36 92 24 42 23 39 45 6 22 76 96 84 16 90 95 73 54 93 4 3 2 88 85 49 87 62 8 53 82 50 30 20 91 99 78 41 64 71 61 98 66 40 17 9 60 32 75 79 59 86 28 29 38 69 35 1 27 13 10 25 37 58 68 21 5 33 48 63 56 55 47 70 52 51 26 46 97 67 100 57 11 43 34 72 7 19 15 77 81 89 83 31 44 14 12 65 
21 100 77 10 38 9 23 64 37 69 34 33 1 6 95 87 22 2 80 89 18 96 79 90 24 16 54 26 4 58 99 62 43 25 78 53 65 52 67 30 92 61 76 41 82 31 83 51 66 17 32 50 85 46 73 15 13 7 94 27 11 81 74 55 63 86 91 36 14 72 59 20 3 88 98 40 28 71 39 45 93 49 29 47 68 84 8 42 48 44 56 97 57 5 60 70 35 19 12 
70 35 24 38 10 59 67 32 75 14 90 26 8 55 57 83 56 4 47 94 79 53 85 68 15 63 1 88 77 17 93 92 52 87 60 99 62 9 100 96 82 27 64 74 43 42 54 72 80 78 58 81 69 21 89 41 12 13 49 11 66 22 7 95 39 50 46 18 34 37 20 51 5 97 40 6 65 33 29 36 31 71 98 19 25 86 44 84 3 30 61 73 28 23 16 91 2 45 48 
56 20 39 38 22 52 79 12 40 45 31 68 13 81 32 60 76 16 74 27 44 8 58 50 48 49 83 55 92 43 24 2 34 71 14 53 78 46 89 72 5 10 59 63 23 19 15 7 75 87 37 69 70 47 9 97 29 82 30 6 28 67 64 62 11 100 73 51 84 94 54 17 42 66 3 65 98 57 90 26 80 99 1 25 88 36 18 35 21 41 96 91 4 85 61 95 86 33 93 
7 16 65 43 70 45 93 51 42 91 83 22 61 50 84 58 33 14 95 21 15 48 71 1 39 28 18 59 37 32 12 63 5 81 80 82 30 57 99 72 76 10 41 79 100 74 89 47 27 13 97 29 8 34 17 64 68 11 25 90 24 67 19 66 6 36 40 60 52 4 86 38 87 26 75 20 92 69 2 53 62 73 54 9 55 96 46 77 35 88 31 94 23 98 85 49 3 44 56 
75 73 76 30 28 44 47 94 12 23 18 66 82 59 14 27 62 39 45 71 40 5 26 8 84 86 25 9 31 96 20 24 56 87 70 11 22 52 55 91 53 54 89 60 77 63 81 78 15 61 100 36 37 42 32 49 93 80 19 3 6 72 92 7 10 46 41 1 48 85 35 16 95 33 34 57 69 83 65 58 67 50 51 17 97 2 64 68 99 98 13 38 21 74 90 4 29 43 88 
98 37 63 13 31 59 24 7 81 86 25 28 19 75 34 22 20 4 90 64 97 88 5 78 96 33 82 60 10 2 16 73 35 57 99 23 49 77 15 85 6 29 83 12 95 70 14 52 94 38 76 43 26 92 30 42 100 1 53 87 72 54 39 79 40 61 84 36 9 51 93 62 74 46 47 48 65 18 67 41 44 21 17 71 68 32 58 11 3 55 45 27 50 69 66 56 8 89 91 
20 10 100 36 91 46 57 96 94 85 23 25 83 21 40 33 42 13 68 26 87 49 8 27 17 35 82 50 64 7 9 56 86 88 39 44 67 37 60 2 28 63 62 76 47 51 55 71 18 5 38 53 3 4 75 70 99 59 80 72 98 41 34 74 73 48 14 54 12 43 24 6 22 69 89 30 1 15 16 84 78 77 19 31 58 52 29 32 93 66 45 61 65 97 92 90 79 11 95 
7 22 21 62 2 77 39 45 52 51 79 37 46 47 84 54 53 78 25 6 30 9 92 18 40 1 36 86 75 98 76 80 10 16 60 41 94 57 74 12 68 85 24 81 14 89 11 61 63 23 67 96 97 49 91 72 50 26 27 3 88 5 70 58 15 29 28 56 34 73 93 66 8 44 69 59 99 71 4 38 65 42 33 100 19 83 64 95 31 90 55 43 35 32 13 48 20 17 87 
55 62 10 42 54 64 96 78 82 89 37 28 52 11 49 19 9 3 50 99 4 27 75 68 25 20 66 80 35 58 16 41 32 30 5 79 81 77 15 92 23 56 46 61 74 1 31 36 100 51 69 85 97 21 94 6 26 53 8 24 90 73 17 65 2 71 14 67 34 45 87 70 93 43 86 88 84 18 98 22 59 44 76 95 39 48 12 29 91 40 72 57 63 13 47 60 33 7 38 
1 35 7 50 55 49 78 58 4 18 68 85 40 75 25 82 79 72 23 21 73 100 39 65 89 96 60 45 33 2 83 71 99 36 98 13 10 8 29 91 57 70 93 17 80 81 31 59 30 88 67 47 62 51 74 56 53 87 27 28 42 52 6 44 19 38 63 46 15 5 12 54 41 61 16 24 94 95 69 64 20 43 11 97 14 26 66 90 37 48 9 3 92 32 76 34 22 77 86 
30 79 24 74 34 68 55 13 69 97 38 49 2 57 44 61 56 48 45 7 72 91 41 59 83 98 31 92 52 6 58 88 33 3 80 32 87 5 71 54 10 35 8 93 23 76 47 16 95 64 77 51 65 14 60 18 40 70 12 20 63 21 11 36 82 84 66 9 19 22 39 17 89 1 67 4 37 43 75 86 81 26 78 50 90 27 25 73 53 42 94 96 29 15 99 28 62 100 46 
64 31 82 26 5 71 65 79 99 58 59 51 55 75 48 3 7 16 97 4 73 39 53 89 10 47 52 83 38 27 2 34 13 40 6 98 94 25 20 15 77 36 42 63 17 8 78 9 95 21 62 18 69 66 96 87 22 49 91 12 92 57 90 93 37 23 14 45 74 30 88 81 50 84 72 32 24 76 33 28 67 43 1 41 85 61 44 29 56 11 60 35 68 100 80 46 70 19 54 
83 9 51 40 4 84 8 41 94 44 32 58 29 74 3 25 60 73 96 63 20 27 88 45 71 35 26 90 64 80 65 69 36 98 24 38 1 53 19 46 37 67 72 79 34 76 13 16 97 99 86 81 55 66 57 15 68 39 54 62 12 52 17 14 10 6 95 77 43 33 30 93 50 47 49 75 18 100 61 5 23 48 92 89 85 78 11 56 21 70 2 28 22 31 42 59 82 91 7 
57 3 55 93 70 16 87 18 86 14 59 62 100 9 60 46 58 13 67 38 92 83 42 37 82 72 54 5 74 8 17 11 63 48 94 33 43 95 89 64 69 91 99 84 85 34 2 53 21 22 77 65 32 12 79 50 40 52 15 76 30 51 49 23 28 81 4 97 35 41 19 36 7 29 90 56 25 31 10 47 45 6 1 78 27 39 75 71 20 26 68 61 44 24 66 73 80 96 98 
29 36 6 16 92 11 39 84 66 72 40 33 13 47 46 60 5 38 61 24 86 79 43 4 1 52 53 37 77 7 75 65 32 26 9 62 31 42 3 35 80 20 76 73 95 100 2 98 10 81 18 99 50 48 17 87 69 45 28 67 23 55 85 27 96 19 44 97 70 57 30 59 22 34 58 82 63 90 94 78 64 54 88 12 93 91 15 74 49 14 8 83 51 21 71 56 25 68 41 
14 26 75 65 36 52 99 57 3 58 17 32 88 56 66 91 24 85 93 6 49 73 7 80 8 11 72 9 74 12 35 95 31 16 10 41 69 77 97 33 98 22 55 40 89 15 59 30 19 42 54 45 62 13 44 84 37 82 47 96 34 38 29 28 53 60 51 18 25 81 20 92 67 46 68 5 78 70 83 64 61 87 1 63 76 2 50 43 94 86 21 27 71 23 39 79 4 48 100 
58 50 35 12 97 75 29 25 18 46 3 48 38 65 52 74 95 11 66 39 69 6 28 23 15 81 32 59 31 99 53 60 63 2 14 83 73 54 9 71 47 10 24 44 80 42 85 67 36 72 96 79 16 93 34 89 19 49 61 5 82 77 88 70 76 1 87 41 45 90 8 100 4 92 56 21 62 17 57 40 43 37 33 64 13 20 94 26 84 98 68 27 55 30 78 86 7 51 22 
38 47 58 12 97 75 43 99 17 39 36 90 66 82 96 55 93 25 57 74 52 23 89 85 77 54 71 65 31 72 8 5 7 30 28 79 2 94 26 87 1 35 98 69 78 41 88 64 51 45 15 10 91 19 73 50 60 29 49 33 9 100 42 14 76 56 20 44 62 95 70 68 53 48 32 3 67 63 6 11 13 37 59 86 21 81 83 46 40 22 80 61 84 34 4 18 24 16 27 
22 87 19 43 79 89 99 8 70 35 55 95 18 38 84 100 33 28 73 60 34 56 41 24 50 37 47 78 3 6 90 64 65 14 75 59 10 44 91 27 21 25 83 97 9 11 13 36 54 98 5 80 48 15 76 1 77 29 61 4 68 45 72 96 32 58 12 42 86 81 71 62 40 74 46 92 88 85 20 31 7 69 39 2 94 49 67 23 53 52 66 26 82 51 30 57 17 63 16 
58 75 20 73 50 47 39 82 96 7 91 54 46 97 21 77 23 62 90 78 76 26 89 95 36 55 99 43 93 88 69 38 18 61 51 25 40 67 22 9 6 84 11 14 15 45 10 34 92 87 85 52 70 28 59 31 72 66 71 53 74 65 41 17 29 57 64 98 33 81 83 60 32 4 30 56 79 86 5 44 42 19 35 8 68 3 16 2 80 24 13 1 12 100 63 37 49 48 27 
63 4 69 54 100 82 48 25 41 16 52 14 7 77 70 15 24 84 2 11 73 31 83 78 88 58 86 72 91 51 87 9 23 59 19 76 3 49 21 33 30 71 92 18 90 40 97 35 55 32 60 96 50 64 62 43 46 13 74 12 57 67 37 29 65 39 80 68 20 17 66 1 42 81 27 93 45 28 34 44 79 75 47 6 5 98 99 22 10 36 8 26 53 38 94 61 56 85 89 
22 29 82 93 12 67 48 31 71 46 20 90 97 16 36 59 8 62 4 65 79 91 3 73 19 34 13 42 6 80 92 21 81 85 98 87 47 84 10 15 100 24 75 86 7 51 66 63 88 32 45 69 57 50 5 54 70 94 55 76 68 27 26 33 78 1 61 52 53 56 58 37 2 77 9 40 25 18 99 30 44 43 14 28 17 95 11 41 39 60 35 49 72 38 83 74 64 23 89 
5 44 92 47 18 1 76 86 72 9 50 29 41 20 31 68 82 93 95 85 90 48 2 54 74 3 59 43 98 52 36 26 15 62 81 77 23 58 84 66 6 25 78 63 11 73 53 4 21 27 55 42 67 38 80 40 75 28 24 87 19 100 83 88 17 35 89 99 57 79 8 96 70 56 16 30 94 14 13 51 34 69 65 32 61 49 45 71 10 64 91 37 60 33 39 7 22 46 12 
6 32 76 24 21 36 26 55 84 80 4 72 47 90 93 60 9 96 48 67 62 42 58 2 54 41 17 45 13 94 71 16 12 87 100 49 81 65 46 23 20 99 92 79 77 29 3 18 89 50 28 73 86 34 43 97 57 14 68 44 30 39 85 74 1 38 7 19 56 15 78 64 52 51 95 33 11 82 25 69 27 53 31 75 10 91 5 8 83 35 40 37 63 66 59 22 61 70 88 
13 82 51 92 61 18 55 91 40 87 53 49 26 96 67 100 36 90 45 14 22 17 2 3 86 52 56 42 16 76 15 74 62 44 72 27 39 81 4 58 7 38 73 50 34 78 46 93 69 19 60 65 84 54 12 21 59 5 97 11 8 30 48 37 71 35 31 80 95 47 25 94 41 23 33 98 9 43 29 88 28 32 77 1 64 63 66 20 57 24 83 6 75 68 10 89 85 79 70 
5 15 68 82 83 21 51 66 76 79 27 48 10 91 86 97 22 45 44 37 73 59 28 88 31 34 54 3 55 62 77 35 57 75 9 49 71 6 7 36 12 60 53 2 50 56 25 30 85 99 84 42 19 63 52 81 4 69 17 47 98 23 78 90 74 38 29 39 20 8 46 16 87 18 1 65 80 24 43 93 89 13 70 40 96 95 64 58 72 41 33 26 32 11 94 92 67 14 61 
