100
69 45 49 93 68 16 23 22 96 26 76 77 55 46 85 51 73 74 71 21 34 52 19 30 40 54 58 11 3 35 64 60 9 36 32 33 43 87 86 5 57 2 100 81 59 29 44 48 83 27 12 63 84 24 80 15 89 47 10 88 95 6 56 8 65 25 92 18 79 20 78 41 62 
23 35 91 41 60 82 59 87 24 3 49 48 65 37 100 6 33 45 95 88 26 19 92 8 94 83 72 93 78 27 52 34 25 54 5 64 85 39 62 86 38 51 42 57 81 14 75 1 63 55 58 31 17 44 21 7 20 66 30 12 11 90 15 50 28 56 4 76 47 16 
36 2 6 92 52 48 55 9 85 87 89 72 39 12 8 17 4 41 59 15 26 96 95 18 14 82 60 62 34 76 23 81 25 88 42 66 40 50 30 7 35 97 91 57 22 1 10 71 16 100 98 70 65 69 53 5 77 33 27 56 45 75 24 93 64 46 21 99 79 28 73 11 43 67 49 29 47 20 32 
23 90 81 50 66 80 85 46 87 97 41 17 51 95 82 35 56 60 92 72 79 69 57 2 48 49 45 70 40 15 22 84 14 58 65 77 18 20 38 74 21 89 62 64 83 44 71 24 33 11 75 3 54 93 36 55 43 61 10 32 96 63 27 52 91 100 8 37 67 88 42 94 34 31 6 7 99 16 
69 85 19 38 30 60 44 94 82 23 9 93 84 75 100 41 71 77 58 8 25 6 11 61 54 98 37 15 10 31 12 33 72 56 35 67 53 91 68 55 3 62 27 70 14 83 39 13 50 89 95 49 92 78 40 76 96 43 46 17 42 59 86 45 2 80 88 73 20 87 97 57 1 79 81 63 
90 60 48 68 78 2 16 65 10 55 85 92 35 51 53 98 67 56 20 27 40 37 57 80 15 42 63 59 84 46 12 97 38 33 45 23 95 71 69 50 3 72 25 39 24 5 30 28 49 26 41 29 87 9 62 77 4 7 13 82 31 47 99 76 1 19 89 43 83 81 96 64 86 
24 51 95 97 2 82 52 59 36 33 43 100 83 85 13 67 12 90 73 4 77 40 57 80 30 65 79 3 15 68 96 66 20 25 42 78 56 88 32 81 72 10 93 54 21 14 64 61 94 44 16 53 34 76 19 6 92 58 46 47 35 84 31 70 22 89 60 74 41 69 
73 56 47 70 85 71 16 32 53 100 50 40 76 25 12 59 65 92 58 20 68 35 31 54 84 87 96 98 45 33 69 89 27 66 5 3 39 15 37 90 79 62 48 99 44 38 22 26 49 51 23 88 42 4 55 82 91 9 24 97 11 81 41 95 61 10 2 83 93 60 1 17 64 
69 89 16 53 47 34 75 72 19 20 67 37 24 27 29 95 55 5 48 35 90 11 8 94 42 38 6 79 52 26 76 15 46 36 56 99 73 60 1 28 91 70 97 18 88 59 100 41 80 68 43 12 83 50 31 61 65 71 64 10 40 22 58 13 74 3 96 84 17 54 77 30 23 
22 6 72 3 33 40 85 25 55 89 68 11 71 91 51 87 84 52 54 47 9 16 75 27 62 82 41 1 67 38 36 49 15 78 57 31 93 13 48 26 95 7 5 99 20 64 79 19 74 37 21 46 60 4 58 56 42 18 100 12 43 81 30 53 34 45 17 88 86 69 90 24 96 61 39 8 98 70 35 59 
85 3 30 39 88 94 37 57 56 54 5 82 12 98 43 18 49 92 60 52 45 77 55 33 100 65 10 16 89 79 9 4 42 95 80 35 29 67 51 90 26 81 27 8 59 46 28 87 78 69 93 22 74 2 58 1 68 14 75 97 86 84 66 36 38 34 73 31 71 70 50 47 
86 51 7 15 16 10 55 75 26 61 72 45 64 21 46 100 77 24 83 27 6 53 2 57 11 42 62 81 80 69 13 59 35 44 48 39 66 85 88 31 93 14 47 33 9 97 8 29 90 87 23 34 20 30 36 1 37 28 96 32 89 84 56 54 73 78 60 82 38 5 40 65 3 58 
87 73 21 79 65 94 98 90 83 48 12 74 22 35 46 55 24 43 6 29 92 37 27 44 82 96 45 63 100 20 71 62 41 58 99 77 5 36 23 80 70 97 91 32 85 7 95 25 9 15 38 72 64 49 59 84 19 53 54 93 40 89 68 86 10 28 50 14 52 75 47 69 66 26 
57 58 85 76 59 78 37 3 29 45 64 12 36 40 91 67 4 18 13 43 28 62 63 52 31 95 42 27 94 56 92 39 17 87 44 77 47 48 79 86 61 93 2 32 81 68 98 7 83 96 20 21 90 70 60 65 50 54 80 49 33 100 22 16 73 25 99 34 35 74 71 5 51 66 46 11 82 19 69 
59 23 92 87 97 42 75 5 90 36 81 99 95 74 80 68 89 63 65 21 12 93 20 53 85 86 91 35 2 98 7 4 73 76 60 28 43 70 34 10 16 82 79 62 1 3 38 41 6 13 77 22 30 71 40 31 51 8 9 64 57 45 17 100 24 37 96 61 84 55 54 58 29 56 
68 40 2 8 20 19 49 24 27 95 29 35 99 7 3 94 18 83 96 93 64 15 37 47 34 61 1 85 6 11 52 48 67 71 39 55 30 4 97 45 9 91 31 59 44 70 21 82 32 72 79 10 74 76 86 14 63 43 73 98 53 54 12 89 66 51 88 23 60 22 25 57 
39 64 85 98 91 15 81 31 40 80 75 45 83 44 9 22 4 59 49 28 14 48 19 87 46 69 8 84 77 52 58 79 73 72 74 51 92 20 3 53 23 97 66 55 67 5 21 27 54 82 30 56 57 70 43 68 94 99 50 60 63 32 34 78 25 76 100 61 71 41 95 65 10 89 36 38 88 2 62 24 29 
75 96 34 94 32 90 92 49 45 38 82 23 11 61 54 9 68 86 3 31 58 59 65 4 16 44 84 79 72 66 39 78 87 41 10 47 25 20 80 48 64 29 57 70 24 51 81 28 37 46 88 50 14 98 30 42 52 99 1 93 67 53 71 40 60 100 83 73 76 77 74 
97 49 73 5 79 70 83 40 75 87 26 74 86 80 16 22 14 24 43 59 10 66 51 69 77 76 34 46 65 13 30 63 6 92 50 53 96 17 2 25 95 94 33 72 60 41 37 27 48 42 71 82 89 52 38 21 9 28 54 78 36 85 68 1 29 91 100 7 62 35 61 
34 4 83 26 69 42 43 57 96 14 81 80 91 21 79 64 59 100 67 62 7 24 65 47 51 8 92 58 70 94 22 88 76 48 5 86 95 84 53 44 93 78 63 82 6 17 9 87 15 73 2 46 10 38 55 52 74 39 3 12 36 60 25 31 18 29 54 16 71 72 13 1 41 56 
17 22 86 27 44 14 15 79 40 75 12 50 31 58 32 1 20 100 72 29 97 96 68 37 88 56 48 69 83 4 35 61 3 23 24 84 16 13 46 38 39 34 26 57 99 95 55 94 7 2 90 19 67 85 53 33 36 73 66 10 81 59 77 30 45 51 60 42 71 91 76 
76 71 7 23 59 44 25 78 10 97 9 54 46 62 79 15 87 33 89 19 40 81 80 11 32 29 30 35 85 96 38 49 20 60 66 26 36 31 77 14 3 92 4 39 75 41 27 88 13 55 64 70 73 16 43 86 8 56 67 21 91 68 34 1 58 63 69 50 83 61 45 84 17 53 98 47 37 65 72 93 
30 58 87 83 3 89 45 8 44 96 47 41 92 21 49 81 65 97 50 71 60 62 51 31 13 54 61 5 100 53 18 24 9 78 52 77 37 55 12 39 75 86 4 17 79 72 84 74 93 32 70 26 2 91 36 95 28 57 76 22 82 34 16 27 56 90 6 35 73 59 38 64 1 15 40 
2 19 60 12 8 99 67 39 40 41 18 9 64 62 76 95 1 49 21 87 66 75 13 83 80 61 3 16 20 45 88 23 33 17 94 52 73 34 78 86 25 32 51 79 72 89 29 6 50 74 55 4 30 26 70 98 10 56 36 92 82 47 65 54 69 84 46 42 15 35 7 85 38 43 100 97 
78 91 84 28 26 37 97 63 10 64 18 48 73 72 95 46 90 85 61 65 3 17 51 33 57 75 94 35 30 89 22 87 7 44 14 79 32 60 49 54 45 82 1 39 83 19 56 6 24 41 68 8 43 47 38 70 98 5 88 55 2 34 74 77 92 81 42 100 66 71 13 50 20 16 
56 79 92 93 11 30 58 46 52 33 44 31 57 96 32 82 75 91 80 71 9 61 54 2 63 88 59 23 50 99 36 98 1 55 6 19 27 21 95 29 100 83 64 48 90 10 40 60 37 3 24 62 38 45 67 65 34 51 47 73 12 13 69 35 87 76 8 85 41 49 22 20 84 25 
66 78 32 17 38 21 65 3 52 93 70 30 39 89 85 31 62 29 46 84 12 55 91 9 86 58 34 37 77 19 71 74 53 81 45 80 92 23 95 16 79 22 88 1 68 97 10 36 75 54 4 11 14 96 49 40 72 98 2 8 99 83 13 26 69 47 64 94 63 90 35 100 73 42 82 50 44 41 5 6 33 57 
35 69 14 23 73 75 19 83 53 77 60 81 54 48 72 90 17 84 32 44 66 43 87 82 51 33 76 94 89 12 34 79 65 3 39 70 97 71 18 88 96 56 30 55 68 78 93 49 38 64 2 13 59 25 85 42 100 92 74 6 36 31 47 98 52 63 11 9 86 15 57 80 
50 41 37 13 45 12 16 88 92 63 1 82 6 3 47 72 76 80 34 86 26 84 19 62 49 22 18 66 36 9 33 14 83 91 44 64 61 30 17 40 51 24 21 48 20 94 71 56 99 42 89 11 27 95 55 52 69 90 77 100 98 73 53 54 58 75 93 74 96 15 
22 74 75 11 81 23 84 68 76 98 19 43 55 21 31 15 38 39 10 27 72 66 1 51 42 29 25 77 56 17 2 58 47 60 7 50 73 52 93 89 53 3 5 88 41 94 45 36 24 33 78 91 12 61 59 54 100 35 57 83 80 44 87 6 99 28 82 9 86 71 96 34 16 92 26 18 
17 87 92 65 83 54 99 55 27 41 48 28 74 75 97 67 6 45 14 69 78 51 2 94 98 16 81 64 57 66 77 26 20 32 30 35 40 59 10 44 63 15 56 18 58 84 90 61 89 80 100 76 33 11 42 39 60 52 7 46 9 21 5 8 22 23 34 4 43 50 71 86 12 85 82 79 72 93 36 
42 82 64 8 45 7 91 68 72 44 81 58 16 63 1 54 3 22 79 26 25 78 83 97 57 53 40 85 95 35 74 99 28 24 38 23 77 39 18 37 41 98 36 69 92 55 17 70 33 84 13 65 4 60 46 56 48 47 49 31 52 51 88 12 59 14 21 89 27 
60 81 46 32 88 49 24 19 93 3 55 68 80 71 7 26 75 76 45 27 73 51 31 96 59 65 25 5 63 4 22 99 47 78 56 2 57 98 21 64 39 30 14 66 1 91 28 50 10 86 70 97 87 48 41 85 37 11 12 74 36 8 54 84 95 61 90 6 29 77 53 35 44 34 79 100 58 
38 43 82 70 17 87 51 18 1 25 94 27 57 86 72 81 89 68 100 64 19 15 62 55 65 66 33 10 30 59 85 75 67 26 7 21 88 16 93 50 24 14 12 22 58 49 73 48 37 2 39 78 97 28 42 71 98 91 60 53 69 46 44 54 63 47 31 84 92 29 41 3 20 74 83 9 23 80 4 45 11 
93 38 23 84 65 37 12 40 54 55 97 43 68 90 91 8 64 98 13 56 75 36 46 83 76 99 15 78 49 71 11 32 48 31 85 4 72 21 89 3 86 9 22 94 39 81 24 61 79 50 2 53 59 80 66 51 87 1 57 73 88 30 5 10 27 7 14 28 25 26 95 41 92 42 96 33 6 82 16 74 19 
10 14 1 28 53 45 59 49 26 40 55 35 29 84 70 92 68 54 71 31 17 23 65 9 12 21 63 24 50 38 64 78 94 20 58 37 83 74 87 3 60 90 48 7 77 100 30 96 33 39 75 11 27 73 76 98 81 15 13 61 46 32 86 95 4 62 19 44 22 80 97 72 
35 85 96 46 86 94 58 81 59 68 12 25 33 88 62 18 92 4 99 41 6 71 80 95 78 8 26 22 49 91 19 54 75 63 79 23 72 84 10 97 29 100 2 16 93 34 40 56 60 32 44 13 65 47 15 5 87 67 57 50 52 82 77 36 21 70 61 27 11 14 74 9 76 38 64 45 73 90 
66 85 60 27 30 18 84 94 20 28 48 63 12 21 99 95 47 59 100 41 25 67 93 58 71 81 22 40 98 53 8 68 54 96 34 13 35 9 82 79 45 24 49 73 57 64 91 86 2 36 26 43 32 92 37 72 69 97 19 77 80 17 83 5 15 46 23 10 88 61 62 55 6 11 4 51 50 
54 27 66 21 77 44 8 85 87 22 67 23 55 25 81 82 46 18 75 53 88 5 74 70 28 35 59 79 91 65 92 16 90 52 31 20 33 10 17 48 2 93 99 56 78 68 94 63 80 14 34 32 12 30 76 45 60 6 58 98 36 11 97 72 47 95 3 83 24 
10 67 92 84 75 15 35 7 45 50 29 26 96 32 91 55 47 38 5 95 1 68 71 37 66 62 59 81 69 70 86 82 27 13 87 44 22 16 49 6 21 23 56 99 52 31 8 98 14 85 18 79 93 41 17 54 77 63 3 72 9 36 83 46 58 43 19 4 12 24 51 48 
1 51 80 13 48 67 4 44 84 10 77 66 87 42 55 43 56 64 3 40 26 98 27 38 23 35 90 75 73 31 97 8 68 88 7 96 25 91 15 54 20 78 29 79 24 63 9 57 62 100 81 37 70 86 30 32 5 34 2 33 59 6 89 72 92 17 74 22 76 19 45 60 18 93 
44 72 71 21 24 73 75 54 2 88 32 95 100 83 53 79 5 43 76 74 96 69 31 29 19 50 45 14 9 46 59 66 28 64 15 4 6 27 85 57 3 97 98 8 30 7 78 41 20 91 55 94 49 63 81 18 10 90 12 25 87 47 11 70 48 82 56 93 35 34 68 
72 14 80 9 34 22 7 25 66 4 57 61 95 85 42 40 24 31 78 28 50 49 30 83 46 97 91 5 35 68 56 96 82 6 98 1 11 45 15 69 55 41 3 48 19 75 84 59 58 93 92 86 10 67 73 77 76 94 13 53 16 100 60 17 71 99 90 20 62 38 
8 94 50 51 86 12 98 55 28 96 20 1 58 65 54 22 4 16 25 57 21 17 88 46 2 31 99 92 5 48 75 33 70 49 34 30 83 45 85 68 91 42 87 32 7 100 18 14 26 69 27 36 37 56 77 40 71 76 29 78 41 23 39 79 89 74 64 63 72 13 90 
34 15 32 73 43 10 87 64 99 69 38 13 68 37 25 1 16 30 11 84 33 31 67 76 44 79 83 58 90 41 85 29 23 75 5 89 81 40 62 82 70 71 80 27 46 78 57 17 96 24 18 39 26 22 8 86 92 3 66 74 12 91 2 93 98 95 49 97 50 21 72 54 52 61 59 94 6 51 56 14 88 53 48 42 36 4 
13 34 7 6 69 36 51 58 86 66 50 18 3 90 61 33 43 56 100 9 78 42 40 57 31 4 98 53 60 19 45 68 74 88 20 85 37 89 81 82 84 76 32 10 5 55 67 93 95 1 25 47 17 35 59 27 14 96 80 21 38 62 48 94 75 77 91 49 99 87 92 26 24 71 70 65 73 22 11 39 12 44 
12 54 96 25 70 40 71 92 1 7 97 51 2 37 57 81 94 26 33 14 62 95 39 82 48 28 30 80 64 63 32 60 77 38 3 23 10 73 46 42 90 16 74 55 29 8 18 11 13 49 87 52 27 22 98 93 20 34 59 68 9 100 24 72 91 67 6 
38 100 56 28 63 75 41 90 19 26 74 55 47 16 79 54 86 14 80 39 98 8 32 99 36 33 89 45 35 34 44 69 20 6 46 2 17 72 49 97 87 51 64 81 82 52 92 25 77 10 40 73 57 31 1 93 3 59 88 53 18 83 9 29 12 21 4 13 71 43 91 42 
25 54 44 34 45 13 75 37 57 77 18 6 1 50 14 29 64 79 4 71 47 85 40 3 100 97 59 17 53 68 23 99 92 66 70 90 8 2 94 38 82 55 27 95 58 67 32 36 10 61 91 73 42 5 87 16 63 89 93 81 84 26 28 11 22 62 80 24 52 96 76 46 72 48 33 19 43 83 88 86 74 35 
69 75 21 85 89 26 34 37 14 95 71 46 38 67 18 62 100 88 53 2 74 76 30 57 86 33 40 23 4 42 92 63 6 22 66 96 64 36 49 13 78 68 59 8 3 44 9 19 31 17 84 43 24 65 72 27 35 58 73 45 25 80 56 11 29 90 5 70 97 
18 52 95 71 31 99 30 93 45 87 64 98 40 88 56 8 96 54 16 91 89 25 66 59 55 97 63 65 29 48 38 79 6 11 20 69 32 46 84 82 7 76 90 1 10 28 19 67 34 83 26 44 4 57 14 41 70 2 24 74 12 94 61 15 21 86 33 53 35 47 23 17 78 75 
67 74 69 84 95 62 48 47 16 83 11 13 93 19 61 28 37 18 45 80 10 23 40 53 100 51 65 54 87 75 82 49 26 56 4 32 29 57 86 70 88 91 2 77 90 27 66 3 99 85 97 59 30 39 7 17 81 20 14 9 60 31 24 96 89 1 
3 75 51 43 33 23 29 78 38 93 18 77 89 60 72 7 86 45 32 17 48 42 82 67 97 39 5 62 22 63 12 98 84 61 15 55 91 19 52 36 13 20 88 99 57 56 50 27 30 94 69 8 35 66 21 95 34 59 74 70 96 49 80 100 10 9 16 28 79 6 54 87 71 92 46 
41 27 64 53 48 34 8 72 30 91 79 37 69 7 75 68 32 74 71 65 44 45 87 12 82 63 20 22 88 85 61 17 90 16 18 81 33 83 13 92 58 1 29 70 66 10 77 73 9 42 31 39 2 100 38 96 28 35 40 57 24 5 84 51 89 52 19 49 36 26 47 15 99 11 56 97 4 14 23 93 78 25 
92 95 38 44 83 41 48 99 25 34 27 33 56 97 42 85 11 59 8 43 17 23 32 87 5 39 86 29 22 26 28 36 91 20 82 15 94 61 47 13 73 93 6 46 60 88 51 58 31 90 84 12 63 53 62 79 80 69 2 3 77 4 1 24 67 30 16 21 100 81 66 74 49 72 35 40 71 9 89 57 70 98 10 
98 15 52 72 43 90 55 22 28 14 74 69 75 40 11 66 77 21 99 31 5 39 10 65 93 25 37 42 68 63 41 53 67 91 23 100 17 4 57 73 20 48 64 54 96 51 9 24 97 1 45 33 35 60 70 86 94 89 26 76 79 32 7 46 6 80 12 85 30 2 44 50 3 87 58 59 29 83 8 
2 54 11 35 77 16 84 64 20 37 46 6 68 17 78 26 76 62 42 97 82 60 70 5 98 31 85 47 88 53 74 89 83 73 71 51 10 41 32 50 1 4 95 43 45 59 81 30 52 90 21 61 48 23 25 18 86 94 12 63 7 27 79 14 80 55 3 38 28 33 49 34 44 92 15 100 75 65 58 56 87 
90 37 71 56 50 79 75 17 15 26 84 10 7 95 27 66 91 2 93 86 32 98 60 89 62 20 31 77 76 34 4 54 14 8 44 9 78 22 97 23 55 64 39 59 21 83 99 67 88 29 11 73 18 63 36 43 5 33 38 12 1 100 69 82 74 45 68 40 49 57 13 30 46 92 
70 42 94 51 61 90 33 80 18 100 16 98 79 75 2 82 47 28 15 77 6 58 62 86 14 37 87 7 66 9 92 22 64 23 97 36 30 57 45 56 10 71 8 20 5 96 52 74 83 34 49 38 21 55 89 3 41 39 48 85 78 26 17 72 13 73 11 46 19 50 35 43 31 12 40 53 68 32 95 1 
12 78 73 100 90 56 43 77 10 33 34 37 69 99 31 21 39 26 25 97 57 19 14 80 32 72 36 5 52 55 18 61 24 30 53 9 4 79 2 7 95 47 20 98 64 66 94 74 17 41 92 87 71 15 38 84 3 67 11 68 85 62 8 65 16 81 46 23 6 1 22 28 58 91 82 
79 69 59 8 57 88 100 4 5 53 9 26 37 78 14 99 54 19 15 10 83 98 89 7 55 29 12 16 76 72 62 71 36 64 46 81 52 25 43 96 65 77 91 31 24 38 33 17 63 95 60 75 18 93 30 90 67 35 94 21 87 45 86 22 23 51 92 49 
75 82 47 87 85 12 19 52 57 83 73 64 81 53 89 8 10 38 50 29 91 15 72 37 41 68 88 55 67 26 45 59 20 58 2 43 95 61 80 27 96 60 94 22 97 92 5 90 3 63 49 36 17 46 99 14 79 23 76 40 77 24 6 34 66 13 1 98 4 
14 32 96 26 97 94 77 67 81 75 78 56 58 29 48 36 61 80 28 55 15 41 39 79 40 83 13 33 34 73 68 53 47 70 31 91 5 76 49 84 2 71 95 19 98 57 6 50 22 62 17 88 16 64 51 20 93 1 4 44 85 27 54 66 100 42 65 25 37 38 
83 14 26 80 85 78 12 36 28 72 4 60 91 2 89 16 25 38 48 10 57 87 76 73 51 62 22 17 79 68 82 37 29 58 7 15 35 74 13 3 63 33 34 67 56 50 31 47 66 100 8 98 42 61 20 41 45 92 77 49 32 1 6 18 9 44 81 27 69 95 70 84 24 54 59 23 90 94 99 
94 3 14 91 86 90 88 57 25 46 97 18 67 4 6 32 44 92 15 12 17 23 81 70 50 36 83 22 31 85 76 51 7 35 93 37 20 71 11 39 72 26 80 66 99 13 63 74 75 9 89 54 82 52 2 98 28 19 56 60 1 33 8 24 73 34 100 68 61 27 95 87 78 96 
65 38 16 69 25 99 78 27 96 76 24 2 91 74 45 21 34 46 19 79 50 86 58 17 12 63 67 72 52 56 53 97 59 4 85 41 54 89 40 18 93 7 43 39 51 22 8 35 73 88 83 84 60 31 14 3 13 75 29 90 11 30 82 42 94 28 55 100 64 49 33 68 62 
62 71 86 95 11 52 39 51 47 91 24 96 10 7 38 40 43 6 76 85 46 94 50 87 14 64 99 49 17 88 4 69 16 26 79 20 77 75 37 97 31 66 78 9 82 58 84 34 60 3 56 61 63 74 72 5 22 21 53 90 70 55 83 45 73 41 100 81 18 65 
49 15 45 38 54 39 34 28 27 58 35 70 99 30 87 60 22 98 42 11 8 46 50 75 44 71 19 18 56 62 83 21 7 77 57 6 13 66 95 90 97 40 93 17 14 63 74 33 80 16 25 36 94 86 10 89 82 37 85 84 41 59 73 88 91 65 96 69 47 100 78 43 64 32 9 1 5 
89 27 77 26 73 43 92 93 70 17 48 98 46 58 55 7 83 87 90 24 82 42 50 8 11 68 4 19 74 14 95 29 20 38 21 45 66 84 94 76 97 67 72 54 31 6 60 64 51 85 52 10 34 75 3 22 56 71 61 9 13 40 28 12 81 78 99 91 96 44 5 1 53 32 79 86 
27 97 57 54 83 39 34 45 49 77 87 25 10 50 89 33 93 78 96 59 13 51 19 95 36 23 46 16 92 15 17 72 85 74 41 98 79 5 99 55 8 37 24 14 64 69 22 63 11 73 18 86 94 56 32 4 76 42 40 9 67 52 3 100 53 68 28 47 7 44 65 20 84 
78 26 46 96 11 100 28 9 67 63 93 34 81 10 44 65 77 1 30 91 74 79 49 97 72 89 58 92 19 98 43 22 31 16 33 99 6 5 94 60 47 61 68 54 42 23 37 20 27 69 38 40 88 14 8 76 75 36 29 95 17 51 48 73 4 21 35 45 59 50 18 15 53 57 25 13 3 83 55 
17 21 29 31 42 50 4 16 71 18 24 80 36 98 40 69 27 85 48 23 3 44 66 60 25 28 94 56 91 13 62 86 7 38 79 81 41 35 59 47 2 10 73 97 74 65 34 22 19 55 93 53 83 76 37 12 45 39 82 9 75 64 70 92 6 30 96 49 87 5 67 43 32 54 78 61 20 
41 45 21 55 95 19 90 86 42 37 75 100 3 85 60 36 89 97 8 34 69 84 43 63 48 66 65 56 54 25 47 9 58 46 13 70 98 20 5 28 64 92 7 17 67 57 82 83 93 12 27 72 50 78 29 24 35 81 15 74 96 62 30 38 11 16 71 68 33 18 26 59 99 76 80 1 14 49 23 22 
33 81 39 97 96 41 44 29 28 65 4 56 52 64 27 78 45 23 53 72 68 79 70 9 99 47 71 25 92 35 7 100 31 82 42 10 54 94 24 76 46 55 14 17 19 13 75 48 59 80 34 36 50 15 58 18 1 89 95 57 20 11 87 51 86 60 73 67 66 32 49 69 37 30 16 
92 11 2 24 28 66 62 98 58 99 10 76 5 42 44 67 49 85 43 31 3 83 86 37 22 45 36 73 52 68 54 46 21 65 56 53 50 63 18 71 69 13 33 26 51 94 48 88 96 72 19 40 23 15 93 61 27 30 9 35 57 41 17 79 84 59 29 25 90 74 4 34 39 12 
8 43 66 14 46 62 49 100 97 50 17 21 65 86 42 3 96 30 67 28 31 6 5 84 56 51 23 29 71 99 93 7 98 69 74 70 58 20 26 89 19 82 94 83 79 37 36 2 44 9 64 22 73 41 35 45 78 57 81 72 33 90 80 61 39 16 85 92 15 18 75 95 24 1 63 87 
37 19 44 58 61 86 59 89 48 17 99 79 29 97 32 25 30 18 1 12 6 69 67 33 5 70 57 7 43 96 31 62 84 15 83 13 40 46 21 64 63 49 68 47 93 56 39 14 22 81 27 54 38 60 100 23 9 90 71 52 3 28 88 53 36 80 4 11 87 41 55 
76 96 54 92 81 58 5 35 86 25 87 7 12 68 28 67 100 61 89 23 32 6 82 79 84 85 18 65 69 2 59 10 50 94 90 99 73 39 24 63 60 74 57 70 27 17 64 36 19 46 20 30 41 44 42 71 22 43 33 83 14 53 72 51 31 11 1 45 97 37 34 66 
90 25 16 80 59 98 57 94 15 99 97 22 32 17 8 28 31 20 9 7 55 60 41 39 24 88 92 11 95 96 10 42 4 66 1 19 77 75 83 54 45 38 13 18 67 21 48 76 61 69 62 44 56 70 78 26 64 71 91 58 72 37 53 86 84 5 33 23 14 35 3 40 49 63 27 74 89 51 
73 64 7 47 35 28 13 26 48 93 83 57 89 24 20 62 86 29 77 15 27 82 14 55 18 68 74 34 36 1 41 92 12 98 59 65 52 9 72 17 22 45 60 50 38 39 37 31 84 90 94 4 63 76 33 88 96 6 30 53 49 11 19 5 46 91 79 56 43 
55 90 49 36 67 23 18 93 77 92 10 21 78 76 33 37 28 1 22 63 71 61 30 96 46 62 95 5 47 7 82 57 14 45 31 40 54 89 64 97 74 4 34 20 35 15 39 52 11 27 12 83 17 38 73 32 72 86 69 2 98 85 6 3 25 65 94 8 48 100 41 60 42 88 
2 26 5 54 87 53 84 20 32 78 25 15 93 60 68 34 62 85 28 92 40 8 67 89 23 16 69 19 30 38 57 3 81 35 59 43 14 24 11 97 76 94 58 74 12 46 49 17 83 7 4 6 73 72 31 65 39 10 29 27 66 91 90 13 18 48 47 64 42 45 80 55 88 52 37 51 
34 4 6 21 95 65 78 28 35 61 18 56 55 32 68 7 16 20 84 71 70 77 42 63 44 23 91 5 66 54 2 76 12 82 36 1 64 22 67 9 100 25 13 81 27 14 99 31 30 43 62 88 51 92 26 38 19 58 48 52 85 89 8 49 57 94 72 45 69 79 90 80 17 75 86 40 29 24 98 39 73 59 
27 83 23 78 80 17 7 93 12 58 99 91 1 5 63 64 100 50 35 21 45 25 55 28 49 96 34 18 37 66 24 40 11 57 51 54 43 90 87 22 32 8 9 29 79 77 86 53 30 4 85 38 82 69 95 73 75 52 6 76 68 89 46 94 60 26 41 67 10 33 31 15 70 13 36 20 92 
59 52 38 31 25 72 44 27 92 49 97 26 62 91 98 22 60 73 50 6 83 81 82 43 57 39 94 21 33 1 84 4 19 3 78 66 56 88 17 75 100 13 5 65 34 76 8 96 42 70 12 2 68 54 32 46 11 16 15 40 99 37 7 64 87 35 93 90 24 55 28 63 10 69 14 45 67 
27 20 43 22 12 76 75 77 1 88 65 40 53 95 81 90 10 21 69 83 67 2 84 35 97 70 44 50 11 57 66 74 99 55 100 31 52 79 33 15 18 56 5 96 72 73 23 38 19 6 14 16 49 24 80 46 37 13 58 29 68 59 28 87 34 78 61 45 93 36 30 51 41 48 
34 98 20 46 88 85 5 64 65 1 40 86 93 55 74 14 52 2 41 4 42 35 99 3 8 33 60 68 57 78 13 48 44 15 94 59 36 91 26 45 53 6 17 49 70 67 51 11 10 76 54 47 39 61 84 22 31 56 89 82 62 30 92 24 69 23 19 28 18 77 37 12 72 25 
1 2 79 32 82 35 46 9 26 85 75 97 52 33 42 83 87 11 18 96 90 80 10 45 8 92 34 12 25 93 48 30 65 4 16 39 17 21 24 20 54 63 38 7 5 77 37 57 29 81 91 28 27 94 62 51 58 89 41 61 86 66 22 50 49 44 68 3 95 53 71 55 67 
58 77 16 69 82 44 79 50 1 88 17 13 48 3 34 78 25 80 56 10 59 94 76 5 35 64 41 57 96 87 62 61 15 12 74 51 8 83 68 71 49 32 4 84 6 92 91 73 81 45 70 9 22 53 65 99 29 31 27 30 46 7 66 19 52 23 28 55 54 24 11 93 
11 48 43 62 7 26 25 99 58 21 93 13 8 2 42 77 31 45 81 12 29 73 64 52 86 97 49 83 88 96 46 41 68 37 14 76 35 65 50 36 57 47 9 78 55 69 28 79 94 27 23 51 67 60 85 75 80 6 56 61 82 39 4 66 44 18 33 84 92 10 59 15 54 95 
51 32 84 30 79 66 23 22 4 62 67 19 80 64 27 42 9 20 25 41 49 69 83 63 61 60 45 5 72 100 93 58 34 40 65 43 39 88 37 38 14 26 35 56 17 82 96 2 8 71 33 87 48 94 13 10 97 85 53 29 52 55 16 99 89 15 54 46 21 3 68 44 47 
62 94 71 75 88 36 46 23 64 70 93 30 65 38 6 57 15 3 34 73 32 24 83 90 27 29 5 95 80 41 44 54 4 37 97 7 35 60 81 76 61 98 43 45 100 26 69 89 59 79 25 31 13 19 18 82 40 78 1 53 17 50 58 39 55 14 20 49 84 87 2 11 22 85 28 72 8 47 74 48 96 
1 96 73 84 5 31 48 85 58 23 14 38 33 81 30 66 87 54 10 47 94 100 89 68 49 45 75 41 69 82 61 70 53 39 77 51 99 8 90 11 15 37 46 72 26 2 42 55 52 88 43 63 92 3 35 34 22 91 28 4 56 29 16 27 18 80 86 71 40 12 20 7 65 76 13 
82 20 9 92 45 63 88 43 90 100 34 57 85 44 61 79 19 65 64 91 24 46 38 28 18 13 81 14 67 21 39 89 72 49 5 87 62 47 69 98 71 80 53 16 78 42 70 56 17 27 83 68 55 36 51 96 35 75 4 11 7 59 74 37 29 84 25 76 30 2 31 93 66 60 
58 47 96 38 51 100 15 10 17 24 55 69 79 57 52 60 23 83 63 9 74 35 97 33 2 46 84 67 76 29 16 70 21 59 65 61 32 81 50 20 86 19 25 1 27 14 26 5 11 62 7 13 42 45 98 49 36 43 90 4 8 64 6 37 68 71 88 53 3 40 39 73 92 
69 12 29 33 27 71 46 56 93 100 8 81 36 20 95 14 40 98 67 23 7 41 97 42 16 28 45 4 76 90 72 3 70 59 21 5 6 85 75 52 13 84 73 86 92 61 54 68 30 37 44 18 38 74 79 89 91 65 19 47 94 15 99 53 26 80 1 88 51 50 9 43 66 49 78 63 77 62 22 35 10 
99 32 47 12 36 57 88 31 69 25 74 16 39 56 49 34 43 70 58 22 42 92 85 82 65 27 55 76 19 45 77 67 53 35 79 54 3 33 7 86 50 37 9 90 5 51 78 28 100 38 59 24 63 6 60 11 96 8 21 68 71 72 91 17 13 52 95 98 15 81 41 73 23 62 66 48 4 
24 39 58 53 81 8 38 17 36 45 27 34 65 35 18 94 42 80 40 79 73 6 29 70 48 76 43 15 16 64 85 71 14 33 72 96 59 10 87 100 69 25 30 22 44 5 75 62 28 13 63 61 97 92 41 32 31 56 60 51 57 83 68 3 46 95 55 47 11 26 
15 38 14 35 75 87 31 61 86 10 96 26 30 93 13 83 8 79 84 6 45 76 44 24 100 48 4 97 60 49 58 91 74 69 32 65 40 71 27 46 66 68 51 29 16 43 18 39 17 9 37 55 73 54 90 21 62 78 52 70 89 77 56 85 64 53 33 67 3 
38 3 47 95 1 85 42 56 36 78 98 8 41 57 63 66 97 77 37 24 44 64 93 14 17 50 76 26 70 2 28 9 73 68 15 91 86 46 12 10 84 61 27 83 53 30 94 54 18 67 58 92 49 59 11 29 81 33 4 60 19 65 43 48 52 7 13 34 74 99 96 20 25 5 55 21 31 71 23 
