100
85 63 8 40 31 37 78 32 57 94 66 3 14 64 99 97 35 77 46 81 13 16 41 7 44 96 54 51 9 100 49 5 45 79 27 10 83 91 86 21 73 6 98 26 88 58 61 55 76 95 2 18 70 53 62 48 50 12 42 67 93 69 38 82 65 71 30 34 36 52 59 17 87 60 72 80 47 15 92 4 43 28 56 20 84 74 89 22 33 68 11 23 75 25 90 24 29 39 19 
16 94 90 97 45 15 92 81 49 83 29 80 18 19 70 38 32 67 39 26 50 21 60 10 20 37 78 82 100 4 46 44 59 25 3 66 57 11 12 35 43 31 6 62 55 96 85 99 68 75 58 72 89 93 95 88 36 63 13 61 8 42 77 40 14 64 17 98 69 76 48 79 24 28 23 30 47 52 34 41 84 73 7 33 54 9 71 74 56 91 22 1 86 53 87 5 27 65 51 
100 19 87 62 60 18 14 99 59 83 82 84 11 45 21 25 72 31 79 80 95 66 74 97 51 26 13 69 63 53 37 67 50 94 27 10 39 9 44 41 77 7 42 57 40 22 38 8 48 58 96 89 76 73 86 93 16 1 52 36 20 33 49 30 55 56 54 64 29 90 81 32 4 12 68 28 98 47 34 75 70 23 6 17 85 65 92 43 88 2 78 24 91 71 61 5 46 35 15 
57 63 75 11 34 29 51 82 18 1 67 23 38 65 46 86 40 7 45 28 96 89 79 30 47 100 74 81 59 32 68 16 44 60 94 83 80 25 35 85 97 15 27 61 88 78 49 39 48 90 52 55 91 24 17 84 62 54 73 3 98 53 93 5 22 9 99 31 8 92 42 50 64 33 10 19 36 6 87 66 41 58 70 77 12 95 71 69 14 76 2 43 26 72 20 56 13 21 37 
41 88 76 52 87 51 32 12 27 35 75 23 4 78 43 61 55 97 82 79 40 6 59 98 62 63 50 29 17 22 28 1 80 70 92 26 10 45 56 47 33 93 81 11 25 66 67 9 21 19 24 57 39 38 14 86 49 58 89 3 20 8 7 100 96 99 65 37 71 54 85 15 53 60 46 95 13 44 72 94 2 84 69 16 30 91 36 18 42 68 77 34 64 90 73 48 74 83 31 
98 48 20 64 31 3 80 55 74 45 26 91 52 1 87 79 38 18 29 85 24 88 53 2 72 37 82 23 47 94 76 83 69 62 44 15 7 25 43 10 56 12 34 39 16 50 66 46 100 70 14 89 51 8 22 59 9 73 49 93 4 13 71 54 19 95 61 11 77 84 17 63 67 58 41 42 5 90 78 75 92 28 81 30 33 99 97 65 86 60 68 21 36 32 40 27 57 35 96 
49 61 48 15 11 89 9 99 46 65 55 83 5 3 14 80 44 77 12 28 81 10 20 57 1 50 72 87 67 59 6 76 37 29 94 26 56 98 70 36 39 97 47 35 8 24 13 40 78 41 32 17 75 19 95 38 66 4 33 62 27 73 85 18 58 31 22 88 96 52 79 34 51 91 82 60 100 68 90 45 69 53 74 16 43 2 23 84 54 30 86 93 21 92 64 63 71 25 42 
34 1 54 31 27 90 29 2 17 64 78 21 100 88 52 82 10 57 80 47 87 36 56 66 72 92 79 9 14 18 58 83 12 74 59 16 95 89 81 33 28 98 23 67 53 20 4 25 43 46 76 65 13 42 19 51 73 3 26 44 63 7 35 39 50 62 94 93 38 15 24 86 70 68 6 32 49 55 91 37 84 48 11 71 41 61 60 85 77 97 75 22 5 40 96 99 69 45 30 
34 27 11 96 67 49 16 43 5 89 47 92 91 26 36 69 65 86 94 72 83 68 82 98 59 25 39 71 100 74 54 48 90 23 45 44 56 88 32 4 6 28 15 97 40 24 14 76 95 29 22 57 75 52 42 55 3 87 30 35 38 13 93 8 73 7 10 19 53 99 37 79 12 18 2 78 58 51 64 1 21 33 46 70 41 60 81 77 66 17 62 50 84 20 63 85 31 80 61 
9 86 89 23 82 60 22 68 8 78 40 46 5 94 19 73 65 16 97 99 45 28 7 26 50 53 61 71 67 31 24 75 6 62 48 77 72 54 52 64 34 92 11 13 57 44 84 17 36 56 29 21 14 93 47 83 55 12 1 25 4 88 49 95 66 51 30 81 58 39 38 80 79 27 43 85 76 100 63 18 59 35 74 91 70 90 69 42 32 41 98 33 20 3 87 2 37 96 15 
60 97 90 32 94 43 54 73 18 5 45 33 19 36 53 50 38 47 76 15 48 51 81 21 44 20 2 4 84 95 40 62 64 55 86 68 35 59 75 93 24 65 98 3 69 58 30 41 49 80 56 99 16 9 17 6 57 27 61 37 8 83 72 42 7 34 1 77 52 71 28 12 87 46 39 63 70 96 82 13 85 74 78 23 26 67 100 91 22 89 66 88 25 79 92 14 10 29 31 
54 37 77 73 85 93 92 50 91 95 5 18 86 41 44 11 72 40 16 80 17 56 98 63 26 15 42 47 46 74 69 52 34 31 99 10 61 33 81 13 2 84 43 7 94 23 29 51 48 55 45 49 97 36 9 59 78 75 90 21 6 20 70 53 82 28 89 60 66 62 38 67 35 24 14 68 100 22 79 83 39 27 96 4 88 30 87 19 25 3 64 58 8 76 32 71 65 1 57 
60 83 17 14 4 42 24 92 28 63 74 54 23 20 31 48 10 69 33 67 39 79 50 68 95 57 64 88 44 90 22 61 32 7 52 25 49 1 41 99 56 78 75 5 19 26 76 43 34 82 27 98 15 36 93 62 84 3 100 11 94 97 9 91 85 71 66 40 6 8 21 77 89 87 59 58 80 65 30 81 2 46 38 29 53 47 51 70 96 12 35 37 73 18 72 86 16 55 45 
62 20 89 93 51 83 63 30 100 68 85 15 21 46 26 71 59 25 72 80 64 29 58 5 35 49 47 48 40 38 33 56 2 52 19 86 23 81 57 95 73 92 6 99 22 27 90 53 11 84 75 55 1 8 65 12 66 18 43 44 91 45 98 13 36 32 70 31 42 82 3 9 28 67 79 54 50 17 94 88 24 37 7 78 16 41 77 39 10 60 76 97 61 34 69 74 96 87 4 
94 36 61 73 96 19 67 32 31 18 11 5 8 25 83 70 27 84 4 89 28 23 95 68 16 59 64 39 35 57 76 49 55 66 88 44 2 78 7 41 65 9 92 53 97 54 60 77 42 69 26 51 17 50 63 43 38 22 80 85 24 46 34 21 10 56 13 81 6 58 12 71 47 62 20 74 1 79 33 86 75 91 99 37 87 29 82 48 52 40 90 93 14 30 100 98 72 45 3 
26 51 15 47 50 27 31 66 63 28 18 44 100 11 23 36 80 89 81 76 79 9 21 4 86 55 52 93 97 98 61 56 64 85 20 95 83 46 77 68 40 65 10 84 12 92 73 2 74 7 60 6 22 72 62 38 99 42 71 34 30 49 53 41 67 25 5 17 96 19 90 94 13 37 69 70 3 24 1 59 14 57 48 43 32 8 33 39 88 29 82 58 45 78 54 75 91 35 87 
54 66 36 49 6 21 12 42 23 24 44 69 30 60 8 68 59 96 34 65 33 58 62 53 74 73 99 93 67 56 32 71 10 22 14 85 97 52 45 100 61 89 63 88 7 76 55 70 20 46 39 38 4 77 87 9 37 92 43 80 51 81 47 13 29 25 94 98 48 91 82 57 16 40 72 27 50 3 19 90 2 5 86 41 31 79 28 11 78 95 75 84 26 35 1 64 18 15 83 
81 94 47 96 72 88 26 80 66 11 5 61 17 9 71 75 1 49 41 68 32 83 53 85 84 20 67 69 7 57 43 70 77 60 13 45 50 4 86 90 52 79 3 54 28 82 23 65 34 78 93 25 100 8 10 19 59 36 40 91 98 89 74 37 87 92 33 16 48 56 35 46 24 58 39 51 97 95 15 76 64 21 29 2 55 27 44 6 38 30 22 62 99 42 73 63 31 14 12 
3 9 48 24 42 34 23 32 59 52 56 43 15 89 50 65 10 82 71 29 26 60 38 44 73 17 90 25 99 68 12 57 91 22 76 4 33 46 92 93 83 95 67 87 97 16 27 20 54 21 84 2 31 7 66 11 30 36 13 98 28 6 64 80 45 41 1 79 81 96 8 53 51 37 47 75 49 35 100 74 78 85 88 63 40 18 69 86 62 55 70 77 94 72 61 14 39 58 5 
84 2 64 33 38 93 48 43 16 66 24 6 9 56 55 81 80 63 13 83 37 17 73 53 12 46 51 15 85 77 89 96 50 27 22 99 14 57 29 45 36 11 26 18 71 90 32 100 40 70 78 44 28 68 86 65 62 60 31 21 35 76 97 72 87 98 88 92 10 52 4 1 42 94 67 74 58 7 69 30 23 79 25 91 3 59 61 19 75 41 8 5 39 34 82 54 95 49 47 
93 88 81 73 7 56 96 58 77 94 98 22 68 47 36 71 44 72 90 87 3 19 4 32 39 51 23 16 79 46 76 59 100 83 10 41 50 57 55 91 54 31 48 62 30 82 5 80 12 28 65 35 8 85 9 66 52 60 74 67 27 75 89 26 6 17 84 53 11 33 24 15 34 70 43 18 14 45 42 38 86 78 97 99 69 37 64 92 40 2 1 61 29 49 13 25 20 95 63 
43 91 95 16 20 79 75 87 61 92 82 53 36 25 29 4 70 19 62 83 50 6 32 14 12 51 28 23 98 7 9 31 90 27 15 41 96 37 38 49 80 45 74 100 44 56 2 10 42 46 72 88 68 1 21 58 59 57 69 54 85 5 77 39 67 34 66 71 3 99 18 30 63 11 33 84 48 64 24 65 97 52 94 89 76 35 73 8 47 13 78 26 86 60 55 93 17 40 81 
53 62 47 32 92 85 8 41 51 14 46 20 77 7 40 39 98 34 74 90 60 76 49 55 58 16 2 33 96 68 37 70 75 42 1 84 64 30 26 61 95 44 54 79 94 80 71 45 65 28 4 82 12 81 66 69 63 56 38 50 15 18 52 27 87 22 100 91 35 89 17 86 57 73 6 13 59 11 67 48 21 97 78 19 25 10 43 83 31 3 72 99 24 36 29 5 88 9 93 
19 34 95 83 2 94 12 65 81 52 71 76 27 30 4 9 59 33 6 98 31 63 47 78 51 85 41 16 74 21 20 45 67 39 88 72 25 48 8 64 90 97 5 11 18 13 69 44 92 57 99 70 50 91 35 46 3 29 96 68 84 60 89 100 55 58 61 32 38 66 1 80 87 10 15 86 26 42 82 56 93 40 23 54 7 73 77 17 75 62 22 43 28 49 36 53 37 79 14 
59 68 7 17 37 14 70 19 96 26 75 72 98 10 92 55 4 6 5 47 77 1 90 79 12 60 39 85 81 80 100 83 45 57 43 27 20 51 88 24 53 97 65 91 62 52 84 13 63 41 50 28 86 73 64 3 74 44 30 23 33 31 40 78 54 8 49 89 11 22 29 35 15 67 16 46 99 38 87 66 9 93 48 42 76 82 71 34 56 58 32 21 36 69 94 18 61 2 95 
43 100 77 48 19 52 88 90 68 23 20 5 37 13 30 75 44 27 31 91 81 55 16 97 8 95 32 18 64 22 65 73 99 67 57 92 78 74 33 94 76 1 39 29 56 84 61 35 24 54 36 47 40 86 4 66 12 25 51 46 9 58 6 80 62 60 42 7 41 49 93 3 89 34 28 63 79 59 70 98 85 21 45 14 87 71 69 10 72 38 53 82 15 83 96 17 50 2 11 
75 68 60 87 83 25 55 5 43 39 16 33 42 24 82 34 80 6 2 14 92 54 51 78 76 12 52 21 93 35 62 3 100 4 70 30 28 19 40 79 38 18 10 49 37 74 32 23 26 41 73 69 50 86 31 9 48 17 36 99 72 47 53 91 63 44 77 7 85 11 94 46 96 98 57 88 59 15 56 64 71 66 8 95 81 67 22 20 89 1 29 90 13 58 45 61 84 65 97 
88 59 50 33 42 17 25 14 57 78 64 69 89 36 85 16 32 87 84 98 37 52 38 95 71 3 53 90 49 68 93 30 56 19 70 77 44 67 61 26 43 15 13 22 29 46 76 75 1 18 73 2 9 79 96 34 82 63 11 54 10 5 41 99 48 4 51 20 65 81 35 74 7 60 62 72 91 6 23 94 40 86 24 97 45 27 83 39 12 66 58 100 55 92 8 21 31 47 80 
67 40 38 94 7 25 51 83 82 14 87 60 24 10 1 100 12 13 22 81 47 4 16 89 91 92 26 84 96 21 53 28 90 72 78 93 55 27 70 35 86 15 39 58 73 18 63 54 68 74 20 11 59 46 36 31 44 57 88 79 76 19 9 64 41 48 43 3 2 80 75 99 23 65 6 62 98 34 37 32 5 77 49 71 69 42 56 45 17 33 8 50 30 97 85 52 61 66 95 
29 16 98 65 46 85 68 23 10 15 9 58 86 83 4 80 35 59 79 48 6 72 28 39 66 87 3 24 99 2 88 13 19 27 25 50 43 61 8 71 70 96 73 42 57 11 18 1 36 64 37 54 14 38 82 100 62 53 21 47 33 77 51 17 67 49 90 52 93 55 44 92 22 95 45 40 20 81 97 12 75 7 63 74 94 5 78 76 26 32 84 91 89 41 60 31 34 69 56 
47 30 19 64 55 74 26 15 48 76 14 6 67 2 49 32 84 40 61 86 12 42 87 72 89 68 46 98 23 56 20 50 35 73 53 59 75 96 54 63 52 93 82 69 99 27 3 9 29 7 33 45 77 10 24 78 70 71 80 11 5 91 88 22 58 85 4 17 51 90 8 21 43 37 65 60 16 28 95 83 34 38 81 44 92 13 62 79 57 36 97 39 25 18 94 66 41 1 100 
49 6 100 5 27 50 3 17 9 46 95 29 68 51 35 67 19 13 88 40 7 48 82 89 80 93 81 54 34 69 14 31 98 44 64 94 11 16 47 60 55 62 99 87 4 10 86 37 25 83 18 63 53 72 70 77 75 52 59 97 74 65 30 56 2 8 71 26 84 57 92 24 41 91 43 61 28 23 22 20 39 85 1 33 76 79 42 73 96 21 58 15 66 38 78 12 36 90 45 
83 81 96 43 74 50 57 39 94 90 95 1 88 86 18 82 29 40 84 22 52 30 68 48 38 26 47 66 35 2 64 17 76 49 14 78 45 73 25 21 59 63 92 13 42 58 41 72 37 71 87 65 67 11 85 75 62 24 91 12 36 61 44 55 51 98 6 93 4 3 5 32 100 34 69 8 89 60 79 16 27 19 56 46 80 10 23 28 15 31 7 99 97 54 70 77 20 9 53 
6 9 35 51 71 65 43 62 13 100 56 15 85 52 93 78 81 42 66 30 40 20 75 4 88 91 80 44 67 59 25 37 47 97 77 73 46 92 55 95 45 58 64 50 29 54 27 21 1 84 96 3 16 70 61 17 48 99 31 74 63 60 5 76 12 79 68 90 87 86 2 94 98 18 33 7 28 89 39 32 26 36 53 72 82 10 38 11 8 41 83 49 23 69 24 57 19 22 14 
86 20 59 48 65 71 11 23 1 47 31 43 13 90 74 85 58 97 64 55 41 88 45 63 69 73 61 29 30 36 57 17 21 100 67 18 12 39 25 80 42 10 89 72 95 49 94 24 92 19 9 14 27 81 96 75 3 7 79 52 54 60 26 77 37 28 93 70 91 83 33 2 46 53 6 62 99 78 51 22 50 5 4 16 8 98 76 87 84 38 34 44 40 15 32 66 56 82 68 
100 9 74 98 38 7 28 70 8 51 13 56 26 96 80 30 33 17 45 32 59 85 3 24 53 69 43 60 37 93 15 64 29 49 44 61 83 94 91 18 48 41 10 65 79 42 2 47 5 50 22 39 77 46 14 31 72 88 54 71 73 63 55 95 19 97 21 81 89 75 52 62 84 92 67 27 35 78 12 11 40 57 23 87 1 6 66 68 86 90 99 34 76 4 58 25 82 20 16 
97 65 26 55 19 8 28 12 74 88 11 73 77 58 90 20 79 62 17 69 27 75 71 56 86 48 89 15 34 99 92 51 78 93 59 52 41 87 4 16 21 23 66 91 49 45 46 39 5 36 43 60 29 40 61 96 25 7 2 30 95 47 31 38 57 64 32 100 84 98 68 94 82 76 80 83 22 33 81 9 3 13 54 10 72 42 50 18 24 63 6 67 70 35 53 14 85 1 44 
5 4 45 48 70 29 31 79 11 63 77 1 25 59 55 76 74 46 12 86 75 68 65 98 18 10 51 21 44 54 89 13 27 97 66 17 81 92 47 78 99 62 6 90 15 30 40 42 93 61 20 56 7 83 36 53 28 32 43 33 3 88 71 23 41 82 22 100 19 24 91 37 8 57 26 52 73 94 87 84 58 50 69 34 39 96 2 64 85 49 67 72 80 16 35 60 9 95 14 
61 49 71 19 41 72 89 69 11 40 85 50 53 32 10 88 46 47 56 68 77 96 7 75 36 26 57 30 78 87 51 62 52 8 3 80 12 76 28 63 94 21 22 82 6 86 24 17 18 45 29 95 14 93 37 55 97 15 20 16 84 92 33 98 58 43 38 60 5 13 1 48 66 67 91 9 2 74 73 4 100 79 35 23 99 90 81 31 27 44 34 64 25 65 70 59 54 42 83 
82 53 33 14 62 86 29 17 71 88 48 72 78 64 18 22 46 41 20 97 42 90 91 8 93 52 9 57 15 87 39 25 26 100 77 37 92 99 43 84 69 79 19 6 80 38 21 10 54 12 7 75 1 73 63 35 58 60 32 70 2 59 74 44 83 76 68 31 89 61 98 27 45 49 55 13 50 5 4 96 3 81 23 56 47 66 30 11 94 34 16 51 28 24 95 85 65 36 67 
94 100 40 23 39 14 70 18 37 56 29 7 1 31 22 93 86 24 46 47 48 27 55 99 34 83 62 42 81 85 60 26 97 32 8 57 2 4 53 28 66 38 72 63 15 17 76 77 36 51 78 12 33 45 80 9 13 61 71 88 52 20 11 74 54 95 44 84 79 25 3 35 10 68 90 6 69 92 91 5 58 49 59 16 21 19 64 82 89 96 67 75 98 73 43 87 65 30 50 
24 37 36 46 1 44 34 41 8 21 59 91 85 84 83 20 67 39 99 13 38 55 14 10 58 71 3 69 27 60 52 61 90 96 57 23 25 22 82 75 33 70 68 92 88 30 49 77 11 43 31 16 12 48 51 7 66 76 81 47 29 72 97 35 50 32 6 73 63 4 54 53 18 56 79 65 45 9 93 100 62 2 95 74 80 40 78 17 87 98 94 19 89 26 86 28 15 5 64 
45 24 33 88 39 26 4 54 49 28 61 37 29 22 35 41 87 57 96 56 40 98 94 63 70 15 16 79 12 53 6 8 99 62 20 27 50 69 1 25 89 2 17 42 38 97 34 80 64 14 19 83 51 71 31 46 5 75 48 74 84 3 30 82 58 100 18 9 60 92 59 78 66 44 36 85 72 10 7 95 91 73 23 93 81 86 47 55 67 68 21 11 77 90 52 32 76 65 13 
22 1 54 71 31 51 27 87 49 20 46 72 38 35 18 96 74 16 84 63 28 32 17 2 81 98 42 73 79 8 60 7 23 40 39 77 30 89 91 69 58 55 80 97 33 65 29 13 21 90 47 93 15 12 66 48 14 64 94 4 92 100 56 83 6 41 75 24 86 76 68 53 62 25 45 59 5 3 19 11 34 36 95 52 37 78 9 88 70 50 26 82 10 61 57 67 99 85 43 
55 19 38 80 84 41 5 75 35 68 95 61 23 7 78 67 52 49 96 43 33 88 1 17 54 3 16 39 2 79 85 42 64 82 59 94 63 57 50 21 6 29 26 98 27 62 91 66 93 71 56 44 11 72 65 15 73 77 48 14 81 99 25 58 100 69 18 90 9 28 34 10 92 87 22 30 47 32 31 37 8 83 53 86 4 60 46 76 13 24 12 20 70 97 40 89 36 74 51 
17 76 41 24 14 62 94 82 65 49 100 57 5 72 54 83 16 40 99 42 29 6 52 31 67 9 55 96 2 92 73 80 34 11 13 38 53 12 58 63 28 23 39 26 77 69 64 48 43 32 1 45 51 19 30 50 81 25 71 37 56 18 47 74 86 60 95 79 3 87 68 22 21 91 7 15 10 59 44 20 98 93 88 90 27 97 78 33 70 85 36 8 4 66 75 35 89 61 84 
89 18 24 74 76 67 66 6 10 34 57 23 72 44 99 13 75 8 35 62 4 52 22 9 36 97 26 64 2 65 100 49 20 51 73 81 48 16 43 11 55 68 1 58 56 29 82 94 25 32 71 7 59 98 19 54 33 61 70 27 45 69 39 14 40 38 92 93 30 90 80 79 63 17 3 41 12 42 96 50 31 84 88 46 5 86 85 77 28 87 60 91 21 95 15 83 53 78 37 
50 52 72 62 63 85 35 75 38 96 7 54 79 34 29 64 98 23 14 55 89 88 82 47 5 27 94 12 87 22 93 19 32 30 37 6 10 80 17 15 13 100 90 42 67 1 91 97 70 60 39 78 11 66 53 84 40 46 8 26 61 18 58 74 86 76 24 25 33 56 20 92 45 36 3 2 9 59 71 83 77 95 81 4 49 21 41 57 31 51 65 16 43 99 44 28 69 73 68 
6 36 7 35 88 96 2 3 13 11 87 77 97 19 58 17 23 24 9 46 79 15 63 45 18 57 51 33 22 43 27 72 83 78 55 86 81 29 54 34 10 38 52 69 60 25 70 47 94 40 37 50 21 84 92 32 89 53 95 1 91 8 41 4 62 68 82 31 99 61 12 85 28 39 75 90 16 30 42 5 98 26 44 100 80 20 59 93 76 74 65 66 73 56 48 67 14 64 71 
61 56 42 99 81 70 62 88 52 90 4 68 95 86 30 2 26 32 10 22 60 66 77 3 65 97 15 76 21 9 55 84 23 31 74 39 87 27 17 8 72 16 35 59 37 71 46 64 96 100 28 54 18 36 7 45 34 1 58 14 91 73 12 44 40 69 89 75 48 13 63 93 51 11 57 94 98 24 5 92 19 82 85 80 83 20 67 6 41 38 78 47 43 29 79 33 25 49 53 
40 68 64 37 99 94 72 38 90 39 33 70 5 76 28 35 50 54 82 80 81 26 8 41 14 24 100 49 61 46 6 55 66 92 79 59 88 67 77 13 74 15 69 27 2 97 56 43 98 3 47 75 53 17 83 73 34 22 18 7 29 60 78 58 86 10 96 30 44 16 36 1 62 48 71 89 19 93 21 11 87 32 31 52 25 84 45 63 95 85 12 91 20 65 9 42 23 4 57 
48 75 24 94 18 25 15 1 69 36 76 88 82 85 27 32 58 5 77 84 53 35 63 54 13 49 3 64 73 66 91 83 99 93 78 60 23 22 67 72 8 100 80 14 34 65 2 41 46 42 20 57 92 81 40 45 62 98 90 71 70 10 56 55 12 21 89 47 6 86 51 28 26 29 30 17 97 7 68 4 19 59 44 43 50 11 96 95 31 16 87 61 79 74 38 9 33 37 39 
95 16 77 85 30 27 23 68 5 75 41 20 65 43 2 88 6 80 7 78 99 47 86 36 92 8 82 34 51 39 91 35 17 19 33 76 93 46 18 64 48 100 1 58 89 54 11 56 14 61 73 44 21 66 98 26 29 42 84 74 40 87 69 10 59 52 31 15 24 9 90 38 25 45 49 83 3 96 12 70 55 50 71 32 22 79 37 67 60 13 97 28 62 72 94 4 81 63 57 
1 55 77 82 28 88 74 65 33 32 63 11 59 52 30 22 93 75 68 98 44 89 87 36 86 4 81 62 25 10 64 71 42 90 78 57 7 23 50 60 100 26 84 29 17 27 35 94 80 51 61 47 5 69 56 53 72 6 85 34 8 48 45 14 37 20 9 13 58 83 40 21 24 79 67 99 91 70 31 39 92 73 19 2 96 18 97 43 3 66 38 15 16 46 49 12 41 95 76 
64 61 25 51 26 90 76 42 22 4 57 34 65 91 79 20 32 82 58 98 95 87 13 74 86 18 2 81 92 24 53 30 5 8 46 60 3 83 1 39 12 16 71 14 43 68 36 40 63 47 11 66 37 67 56 78 89 80 62 69 85 50 35 93 28 38 41 17 99 77 52 19 45 7 23 29 44 59 48 72 73 75 9 27 88 6 10 94 97 84 54 49 33 70 100 15 31 96 21 
84 12 27 42 23 39 41 5 50 53 68 72 38 71 77 46 33 32 90 48 28 80 36 16 2 57 17 64 99 76 20 7 18 9 93 13 75 81 37 45 79 49 26 87 94 95 100 11 55 88 44 14 61 59 89 97 3 1 6 30 31 35 67 54 96 82 63 74 60 83 58 4 69 21 51 85 8 86 15 98 25 24 22 47 62 19 40 70 73 34 52 65 43 91 92 10 78 29 66 
9 78 61 46 22 52 99 28 87 44 56 76 11 86 68 48 21 83 82 100 15 53 23 67 4 77 6 34 71 59 32 13 90 62 24 17 93 95 54 16 37 25 89 85 74 39 29 18 55 43 47 12 97 64 81 38 40 96 3 35 60 42 84 41 70 33 75 26 7 45 65 88 5 73 69 2 20 30 80 19 49 1 91 63 8 51 27 14 58 66 31 36 72 79 92 50 94 10 98 
55 3 82 11 100 6 57 33 48 14 77 76 42 59 89 26 27 23 72 28 50 64 46 43 25 5 86 44 80 87 63 22 54 36 30 40 94 32 51 93 4 8 79 56 71 15 85 81 97 35 83 9 13 20 21 99 95 70 60 68 2 88 98 61 65 52 49 12 38 73 67 92 1 16 7 31 18 45 19 39 53 47 84 91 34 10 74 90 37 66 78 29 96 41 24 69 17 62 75 
28 13 78 51 38 67 79 15 12 22 68 26 55 17 77 5 100 30 10 11 23 25 40 37 73 2 99 66 20 4 76 32 97 52 48 6 42 94 70 8 53 64 46 3 81 93 33 95 85 62 83 16 74 18 31 71 21 84 87 98 63 14 34 39 72 29 54 57 90 41 43 50 56 45 35 27 49 88 89 60 96 7 80 19 82 47 69 58 61 1 65 86 75 36 91 24 92 9 44 
5 61 58 2 99 1 13 32 79 64 89 83 31 51 10 63 38 30 45 100 14 44 98 34 87 55 16 66 43 59 24 15 54 76 9 88 35 3 96 71 69 29 70 50 52 36 77 37 90 4 94 93 73 95 49 68 7 40 65 78 22 47 72 27 62 46 11 80 20 8 91 92 74 19 6 82 97 48 42 17 21 26 41 25 56 39 86 18 57 84 85 75 33 23 81 67 28 12 53 
71 93 75 38 14 88 100 96 87 11 29 10 51 95 64 33 76 13 74 40 27 86 9 56 12 94 49 30 44 42 92 23 31 19 68 17 63 62 15 22 35 20 28 57 37 50 81 16 46 70 41 6 80 89 83 58 90 45 69 78 79 59 99 73 3 18 21 4 1 55 77 97 85 60 8 7 54 72 67 52 24 65 36 32 66 47 26 43 34 25 2 98 5 82 84 53 39 91 48 
39 36 47 8 89 1 52 33 14 4 43 78 55 11 31 59 53 63 90 35 56 23 34 12 83 72 37 38 84 41 66 67 17 50 9 28 70 25 92 94 68 46 99 13 95 64 86 42 87 20 51 79 77 16 71 75 76 2 73 100 54 45 69 58 27 29 48 82 5 98 85 30 60 21 49 40 93 7 22 6 10 19 81 57 88 91 61 97 18 26 74 3 24 32 80 96 44 65 15 
94 12 31 33 74 28 67 61 43 37 73 58 78 66 40 60 54 70 96 27 83 47 11 95 29 51 84 77 22 82 32 18 80 44 41 71 89 24 62 91 97 100 79 16 19 10 65 17 93 42 75 86 36 2 88 34 68 53 59 64 57 92 35 13 98 9 76 69 56 38 52 48 14 81 8 21 1 7 30 25 23 85 46 90 6 87 49 39 72 4 3 20 45 99 50 55 26 5 15 
96 90 86 92 21 78 23 74 35 44 32 2 83 75 51 43 99 61 80 62 15 94 93 22 98 57 14 70 41 91 48 39 40 20 60 73 46 71 69 88 87 100 8 16 95 25 50 38 37 55 13 9 33 85 77 58 53 82 7 34 84 67 81 36 26 54 5 24 18 17 19 6 97 29 10 63 89 42 59 72 76 49 45 28 11 30 4 3 65 52 68 56 79 66 1 27 31 12 47 
66 59 98 73 49 38 94 89 56 60 42 82 32 54 63 30 62 28 10 24 95 74 26 61 45 35 52 88 33 47 100 4 16 92 22 71 8 48 57 72 36 53 67 70 77 37 99 97 51 7 23 69 9 18 12 84 76 19 17 27 79 13 80 41 31 25 15 20 55 5 43 90 1 3 78 85 87 11 83 21 58 14 34 29 46 6 2 91 96 40 93 86 44 64 75 68 39 81 50 
51 16 40 29 50 85 41 99 36 43 86 9 33 27 24 83 47 2 30 38 58 18 71 22 97 32 67 78 34 31 12 79 11 96 95 21 14 6 93 69 25 44 1 54 19 57 87 62 65 46 61 63 52 81 82 48 37 39 8 74 91 92 55 88 100 73 72 76 13 64 23 68 84 77 90 53 5 15 59 70 20 94 98 75 28 56 10 42 35 26 45 3 17 4 80 7 89 49 60 
20 86 27 59 43 60 90 95 55 72 54 53 61 98 62 89 5 10 58 74 18 8 52 29 13 96 94 76 56 85 47 71 6 93 50 68 46 48 44 40 3 1 21 78 30 19 79 92 83 33 12 28 57 15 2 7 66 45 31 22 11 100 17 77 26 88 65 80 37 49 24 23 75 73 39 99 16 14 69 63 42 4 70 87 82 36 91 34 81 9 84 25 38 64 51 35 97 41 32 
29 6 69 3 96 18 55 8 84 9 90 74 53 2 25 34 65 78 97 59 37 41 76 39 62 17 31 12 72 86 32 1 48 79 77 88 81 21 99 14 100 60 89 98 66 61 67 5 63 46 45 40 35 64 11 87 95 80 36 19 42 93 38 26 56 15 47 52 49 16 44 4 10 27 91 71 94 33 24 92 85 51 58 23 7 43 75 22 73 54 57 50 83 20 82 13 30 70 28 
10 81 70 22 73 34 100 76 45 9 5 80 94 26 61 79 62 97 41 56 58 33 36 53 47 35 39 72 2 57 16 23 27 93 95 49 77 75 78 6 20 51 24 11 37 82 13 85 63 25 74 98 88 91 1 64 89 28 87 48 29 50 52 4 60 46 71 99 31 8 32 3 59 86 18 84 15 21 12 40 38 68 96 19 43 66 54 83 67 14 7 92 30 90 42 17 65 44 55 
12 75 55 73 3 79 48 21 34 26 86 8 78 45 25 81 64 42 6 56 60 58 71 47 65 94 90 93 51 30 80 69 82 96 14 84 41 15 72 46 23 27 5 52 57 19 50 49 32 99 85 28 13 61 33 43 4 92 67 40 10 53 88 38 29 20 9 44 31 91 89 74 39 7 35 87 95 22 59 17 83 16 37 98 68 76 97 62 24 100 1 11 36 54 18 63 2 66 77 
11 52 86 8 12 69 75 10 63 31 72 33 28 100 30 82 43 70 84 61 1 81 24 26 29 23 49 27 48 68 76 54 55 18 58 4 87 46 51 21 50 79 97 90 98 42 25 91 62 60 3 19 16 94 53 65 59 9 80 89 40 37 85 34 17 74 14 41 20 15 32 47 64 66 5 45 6 2 56 95 36 35 73 22 92 78 83 77 99 44 13 7 57 93 39 88 38 96 67 
39 48 88 30 53 7 81 41 42 98 62 86 68 83 22 94 13 26 2 75 51 5 74 10 23 100 50 61 47 57 12 14 28 93 44 37 97 15 95 90 99 32 66 24 38 56 84 20 54 79 34 64 78 25 27 6 92 18 3 33 49 70 58 60 17 52 16 89 65 19 85 63 46 91 11 35 9 45 43 73 67 4 59 69 82 80 8 76 21 55 36 1 31 87 71 29 96 40 77 
64 90 27 21 59 7 9 81 69 76 93 63 49 91 38 3 44 80 8 28 78 79 23 16 89 98 29 94 40 34 99 75 58 100 60 84 6 20 71 26 19 96 45 25 56 74 92 17 70 48 83 95 33 51 97 85 50 57 15 72 4 24 22 68 36 88 35 67 46 66 31 18 86 12 2 13 47 14 32 41 61 42 65 77 10 82 55 52 62 87 37 54 43 11 1 53 39 5 30 
46 5 55 37 19 53 95 57 93 86 43 76 78 58 90 51 31 52 49 96 15 88 12 23 99 8 14 32 73 66 47 89 22 72 4 42 13 11 21 85 84 83 39 29 27 34 44 48 10 26 59 67 45 28 79 77 60 6 75 1 62 7 33 65 63 97 92 71 80 94 24 64 38 98 16 69 56 35 3 100 2 41 20 9 81 68 87 30 18 82 40 91 70 61 36 17 50 25 54 
44 49 23 60 16 99 47 93 18 3 69 56 15 79 71 90 35 46 87 28 30 25 72 91 85 39 95 9 31 94 7 54 20 58 77 81 61 51 43 13 55 92 59 19 17 2 36 21 83 5 65 1 57 98 84 45 78 89 82 22 88 26 100 66 48 27 64 41 97 80 37 74 33 63 24 8 34 96 14 6 29 73 50 10 86 67 70 68 42 32 52 4 62 38 12 53 40 76 11 
96 32 93 1 74 35 87 29 44 45 19 37 23 90 53 60 26 9 5 98 16 4 21 49 82 75 31 18 73 94 71 78 36 70 47 99 34 57 38 63 55 11 84 65 54 89 61 22 30 64 27 91 68 40 42 8 69 33 92 43 48 95 2 86 66 67 15 52 20 41 13 28 83 79 17 25 58 24 6 10 46 81 77 50 100 80 3 12 59 85 62 7 14 39 72 97 56 51 88 
51 37 47 72 42 14 85 97 56 1 4 52 79 49 73 70 38 20 48 78 16 65 91 2 31 32 84 6 36 95 21 10 93 17 66 59 64 41 100 96 74 29 45 9 82 61 89 55 22 15 67 30 81 88 94 3 27 35 39 57 54 83 53 68 46 34 33 75 13 87 80 60 69 62 58 43 7 50 18 26 5 25 12 28 24 76 63 71 23 86 90 99 40 92 8 44 19 98 11 
76 51 12 85 33 27 67 38 77 37 72 87 14 32 64 49 63 35 47 30 66 45 61 31 92 57 84 10 23 71 89 48 60 43 53 25 86 79 82 52 34 1 18 41 44 29 59 90 11 9 5 80 19 2 98 16 93 88 15 97 81 55 96 40 24 69 28 94 46 65 74 68 22 20 95 21 50 54 83 6 62 13 17 100 39 42 99 3 36 58 26 75 8 73 70 7 91 56 4 
9 59 94 96 22 49 23 26 40 17 38 92 44 68 87 46 74 93 80 89 100 14 43 56 37 77 81 31 13 5 29 63 51 67 19 95 53 25 4 21 70 85 75 16 65 55 73 10 83 84 8 24 12 41 69 90 36 7 71 57 88 35 42 30 6 45 58 64 1 32 33 52 50 18 76 48 54 28 62 98 66 99 91 97 47 86 78 15 11 27 39 20 60 34 3 2 61 82 72 
78 60 21 41 28 74 88 47 3 49 84 73 36 100 13 37 35 19 7 40 99 51 17 42 71 89 25 59 95 39 61 86 2 50 53 65 66 30 32 83 8 29 56 57 1 69 64 62 70 72 46 81 33 15 92 48 90 98 12 11 31 87 27 23 44 93 85 26 58 18 94 54 63 22 55 5 43 38 79 91 16 9 82 6 77 52 67 24 10 20 97 96 68 45 75 76 34 14 4 
26 96 21 71 47 62 37 72 89 92 64 2 39 16 50 7 59 52 78 80 77 25 87 86 70 84 38 58 27 82 100 60 11 57 46 45 36 49 90 30 14 48 12 88 94 6 40 31 76 93 73 83 4 22 33 8 43 23 19 95 42 65 34 98 74 5 61 51 97 28 63 10 68 69 53 20 85 91 66 18 75 29 79 13 24 17 44 32 55 56 15 54 99 1 3 41 35 9 67 
10 79 89 12 29 69 90 59 80 65 11 78 32 41 95 87 16 42 15 91 61 5 66 18 35 96 67 2 3 19 74 86 54 48 88 68 37 71 27 100 40 20 4 34 36 21 92 63 28 98 53 73 8 17 58 38 70 46 51 31 9 76 47 39 84 94 81 43 50 25 64 83 13 23 72 22 57 45 24 33 26 97 56 30 75 14 44 85 77 52 93 49 55 6 99 60 62 7 1 
98 45 50 19 32 70 51 66 58 11 68 74 73 40 15 100 89 55 20 53 28 57 81 23 72 48 47 93 69 77 2 41 26 24 39 10 34 87 44 91 75 95 31 29 38 79 35 59 3 63 65 80 21 43 92 6 56 42 7 60 1 61 18 16 90 46 94 76 13 37 84 9 12 67 14 4 99 85 96 8 71 64 36 52 27 49 62 33 82 25 86 78 88 54 97 30 22 5 17 
70 73 27 68 14 43 25 74 64 3 2 63 36 10 52 30 93 6 97 88 87 79 91 44 13 99 42 32 69 83 22 28 71 82 24 1 4 12 65 78 16 76 75 46 5 94 8 21 29 90 45 51 55 58 100 26 37 96 38 7 95 67 23 89 72 98 20 56 92 47 57 62 48 11 17 31 59 61 33 53 86 50 66 81 35 80 49 60 85 54 34 18 15 41 9 39 77 40 19 
59 42 23 82 60 14 27 12 44 53 16 15 39 75 55 40 10 62 90 25 57 6 73 3 28 89 91 20 21 2 33 34 80 22 88 29 4 64 63 5 65 58 92 17 52 51 45 50 11 71 77 36 18 1 66 78 24 68 48 41 99 87 19 46 38 43 26 9 37 74 31 69 96 56 97 72 7 67 95 84 93 30 86 61 98 76 100 35 47 8 70 32 79 94 83 81 54 49 13 
97 70 20 40 99 93 52 14 3 75 32 59 88 73 100 25 7 39 77 47 72 5 98 21 26 49 76 16 83 69 34 78 9 64 60 91 74 95 4 36 37 62 31 79 68 11 8 80 45 63 58 56 46 38 55 35 54 12 27 24 90 57 44 96 92 13 71 48 65 51 82 18 94 30 15 33 1 66 28 84 67 6 43 89 2 81 53 85 50 17 23 22 10 42 19 41 29 87 61 
86 69 13 60 29 97 31 93 28 38 19 15 82 11 65 57 50 90 71 6 37 85 63 12 22 76 75 81 89 40 64 62 100 98 67 53 83 54 7 34 80 70 45 30 24 10 88 84 36 1 96 32 20 78 52 68 2 72 17 16 41 73 4 39 59 43 46 26 92 9 79 47 5 77 3 61 18 51 56 44 35 55 49 33 91 8 94 95 48 58 66 27 99 14 74 25 21 42 23 
77 80 41 64 92 13 20 97 59 4 79 78 47 61 46 98 5 53 26 70 89 22 43 21 2 65 73 58 6 45 67 63 42 18 76 100 94 56 3 66 60 95 17 44 82 32 48 52 36 81 93 16 24 1 29 15 51 72 91 99 86 31 9 96 50 83 75 28 27 54 90 7 23 30 55 84 69 8 34 37 71 49 25 35 85 68 11 19 74 38 33 40 39 62 12 10 14 87 57 
90 26 34 72 93 74 42 95 24 98 50 77 17 80 86 87 21 78 25 54 57 44 62 64 33 49 92 55 88 1 4 15 83 91 94 96 39 97 32 45 63 19 9 79 2 60 13 56 5 99 69 58 14 6 48 16 22 46 11 18 38 3 8 67 30 51 47 61 100 31 85 84 53 10 36 12 82 76 35 59 73 27 7 40 70 66 37 75 52 68 65 28 20 23 41 71 29 81 43 
16 21 24 2 77 35 75 12 85 3 69 61 96 99 73 70 79 60 41 54 27 17 92 57 50 100 31 78 28 43 42 14 1 58 95 98 20 4 6 47 25 48 33 74 10 32 55 51 15 36 67 56 72 88 39 89 19 83 52 38 18 66 91 86 94 7 84 64 8 81 5 68 93 49 82 23 44 9 11 45 46 34 22 97 26 13 40 63 62 59 80 76 37 30 71 87 53 65 29 
57 52 17 35 48 47 16 64 12 38 81 25 46 99 68 84 63 42 95 67 75 14 58 100 8 80 31 78 36 96 53 61 5 4 34 15 87 88 94 70 32 73 74 20 72 21 3 98 66 10 28 6 49 11 40 37 55 60 79 44 82 13 77 7 59 22 93 54 45 85 19 27 89 97 50 83 26 2 33 23 62 69 90 9 1 71 92 43 86 29 51 41 39 18 30 65 76 24 56 
5 79 95 17 83 65 94 54 13 52 69 86 72 23 45 64 44 60 11 24 39 47 8 75 71 40 3 88 97 16 100 18 57 56 19 66 58 28 21 35 2 90 20 51 33 1 38 89 50 70 78 26 55 31 67 34 62 36 4 9 68 53 82 81 29 59 84 43 80 91 14 76 73 85 10 25 49 93 37 27 99 42 61 30 15 32 6 63 74 22 96 41 7 12 77 87 98 46 48 
79 4 2 28 81 48 91 90 99 88 70 69 17 39 97 50 75 94 3 15 41 64 57 32 67 42 65 66 61 47 20 21 5 76 10 84 12 49 54 35 30 52 87 13 14 26 46 100 22 58 45 60 37 33 16 72 86 34 92 98 74 80 95 18 78 31 38 82 71 62 11 40 1 63 77 59 29 53 96 7 83 85 9 89 73 36 19 56 24 44 27 23 25 6 8 43 55 68 51 
42 91 53 62 47 50 95 46 31 2 13 92 14 68 57 84 1 52 79 63 82 10 51 61 35 78 100 41 15 93 65 66 55 87 72 3 67 76 75 29 34 22 58 33 77 64 17 73 8 28 96 21 80 12 25 37 26 32 60 71 30 38 81 98 97 16 89 45 83 11 39 40 9 6 49 5 44 99 48 70 69 20 4 88 18 23 27 59 54 24 74 56 36 90 43 7 19 86 85 
36 87 74 60 47 51 20 81 14 52 82 69 76 22 73 64 77 94 7 29 90 50 80 89 8 86 65 35 92 11 84 54 32 37 71 79 33 100 27 67 70 61 85 99 30 19 17 59 26 1 3 68 9 34 31 2 72 25 49 96 4 98 39 88 23 66 83 15 41 40 44 62 75 55 6 56 57 12 53 28 24 21 45 63 91 42 13 18 93 46 16 10 97 78 58 5 38 48 43 
62 61 19 45 43 20 29 15 14 91 76 13 74 56 95 79 75 21 34 59 48 5 3 81 23 25 64 9 24 32 88 94 93 77 66 40 46 7 11 90 65 69 98 50 63 83 37 2 4 6 12 100 89 80 16 82 68 18 57 67 42 55 49 27 54 44 41 70 22 51 39 31 36 60 33 35 30 97 73 78 28 53 84 72 17 10 92 52 71 38 8 26 85 47 1 99 86 87 58 
44 57 93 78 65 58 10 66 53 56 5 98 99 4 1 15 86 49 42 67 30 95 83 27 73 60 82 14 74 77 12 41 19 17 51 18 94 21 8 32 7 96 62 55 25 26 87 29 70 85 16 52 20 76 81 46 50 100 9 68 34 33 38 40 37 63 72 47 84 92 43 69 48 13 79 59 80 6 11 36 54 64 39 2 31 23 71 75 22 28 3 91 88 35 24 90 61 45 89 
65 46 34 60 82 30 19 90 49 92 81 51 61 10 72 2 39 18 93 77 79 96 22 47 67 42 21 83 89 44 50 28 23 15 57 1 37 9 62 64 58 85 16 99 33 4 35 66 38 97 75 40 70 71 63 29 11 56 8 36 84 87 17 74 59 48 6 86 68 54 55 73 53 94 69 26 88 7 25 31 3 41 80 52 43 14 20 12 45 95 13 27 5 78 91 100 32 76 24 
82 20 69 46 60 80 38 17 86 26 13 79 34 83 27 68 72 35 76 53 73 50 70 2 37 92 54 36 10 51 81 61 23 71 56 59 30 39 90 24 18 98 44 87 55 100 84 40 91 3 63 74 16 78 1 15 29 42 14 19 89 11 31 62 65 6 7 9 95 49 93 94 85 5 97 66 88 25 47 12 67 28 57 75 48 22 77 32 21 52 41 4 64 33 96 45 58 8 43 
54 11 81 14 51 72 27 21 70 53 79 32 80 96 75 37 71 4 58 39 49 9 64 41 50 40 43 77 57 95 74 7 73 88 23 90 31 93 99 29 8 61 98 25 66 68 92 59 18 12 30 20 24 55 6 86 69 56 35 38 16 44 62 3 17 34 65 19 89 22 1 15 84 2 48 28 52 63 45 82 60 13 10 47 33 36 46 76 42 5 67 97 94 26 83 87 78 91 85 
