100
21 58 78 87 84 23 9 7 61 64 53 12 70 75 37 100 34 80 66 69 22 
66 53 58 84 24 96 10 16 91 100 93 7 88 32 75 67 39 54 41 35 20 99 
99 78 51 42 17 89 76 97 68 72 43 45 8 80 20 31 9 59 70 49 100 54 28 
26 69 78 39 22 97 100 45 40 18 70 44 36 99 73 98 66 88 90 20 13 59 94 49 
87 26 50 28 47 56 69 79 89 18 73 55 71 54 23 80 9 51 38 24 27 72 12 85 76 86 70 66 
54 57 62 55 49 53 64 8 36 80 7 74 77 91 19 23 45 46 15 69 29 87 88 17 28 10 44 47 81 60 85 67 34 26 
35 6 100 24 87 67 53 2 43 79 1 47 69 12 27 23 97 19 32 75 62 73 61 37 42 
52 87 39 78 50 3 6 92 36 15 68 16 70 31 27 74 18 
67 52 1 24 79 72 5 3 27 88 89 59 14 100 32 82 42 37 98 62 31 78 
20 44 47 43 57 53 93 97 74 24 25 40 99 2 22 32 85 83 72 14 38 54 89 88 100 63 6 
77 73 45 26 72 56 43 39 63 95 19 88 80 46 16 67 27 92 91 49 33 35 60 20 54 44 25 32 
44 80 47 53 72 98 5 66 78 58 82 1 7 93 17 52 31 55 
84 51 87 42 74 52 77 86 81 60 85 26 25 4 100 91 53 36 96 22 
16 18 22 37 35 80 100 28 82 26 66 83 47 57 15 48 24 41 81 89 19 10 29 9 
38 21 8 62 30 52 73 71 54 36 18 82 6 69 37 76 97 92 80 14 77 26 91 39 57 
85 11 23 47 32 89 94 2 8 42 96 38 56 14 51 20 67 49 37 77 72 79 17 
43 62 31 84 24 66 12 88 49 29 55 33 16 97 86 70 67 78 6 18 99 64 96 56 95 65 19 3 46 50 
78 64 34 77 66 48 99 97 94 58 33 74 14 57 40 27 15 17 23 100 26 50 4 28 5 25 8 
80 96 95 100 35 63 60 29 45 73 87 97 41 58 66 38 17 14 67 7 20 77 11 6 43 
89 63 24 4 56 81 87 62 26 16 30 41 3 69 76 53 10 79 2 25 19 97 35 82 95 88 77 80 11 50 33 92 22 98 
86 15 67 29 1 74 73 79 87 30 63 81 98 80 43 34 42 95 23 27 61 85 77 38 
1 65 41 23 52 67 20 87 73 57 60 32 68 26 4 14 61 90 13 56 10 84 75 47 83 99 64 89 58 79 72 
26 55 90 16 1 35 58 49 31 94 78 22 37 62 36 6 21 5 48 32 18 84 100 25 7 50 33 43 71 69 96 
36 77 73 30 50 92 10 14 9 5 20 57 2 65 52 25 84 41 38 88 17 58 87 66 75 7 
23 75 77 47 20 11 27 29 28 91 24 18 10 13 26 76 81 31 72 46 59 85 
13 59 32 58 25 97 20 41 100 96 92 5 86 11 67 23 22 51 4 73 44 56 6 55 29 14 80 31 53 90 18 15 82 95 79 33 
85 33 18 81 34 37 92 82 75 21 64 47 74 65 9 28 89 31 8 11 78 52 32 5 40 41 69 25 7 90 
92 18 77 82 53 5 50 66 90 84 96 3 14 6 27 91 47 75 44 71 25 41 
86 25 44 17 54 61 92 89 90 78 65 6 21 19 47 26 69 14 42 
81 20 45 24 97 44 35 41 87 21 36 94 49 76 57 68 82 15 52 98 31 78 74 100 50 91 71 73 72 
34 45 27 36 9 93 41 50 63 57 43 82 30 26 12 59 99 3 8 98 25 23 70 44 39 17 65 46 68 
16 84 73 77 10 48 76 11 78 80 40 9 100 71 99 46 60 97 22 67 35 94 90 26 27 57 7 89 86 81 23 54 2 69 36 83 
17 26 55 89 47 44 27 77 23 99 60 90 80 45 34 35 41 11 84 18 20 73 
94 66 27 42 36 39 62 45 18 44 99 31 21 6 95 90 71 96 33 70 98 59 86 1 81 
99 33 44 89 23 19 7 50 87 67 30 32 20 11 94 63 37 14 56 77 60 62 76 2 46 
91 31 13 67 86 15 94 30 59 64 41 93 43 4 34 83 92 77 8 90 24 23 6 58 47 81 65 42 32 60 
61 9 16 1 70 75 27 98 59 14 23 35 40 15 92 7 42 45 94 95 82 38 
53 16 59 5 19 24 98 21 50 37 97 81 69 15 45 62 66 46 41 10 77 85 83 95 47 
2 59 34 74 31 60 41 77 84 4 11 66 82 56 15 46 8 96 
18 51 63 74 41 4 27 46 97 32 66 76 53 45 55 37 10 
2 36 27 54 38 26 19 70 30 60 43 22 33 14 40 83 31 63 46 90 61 20 28 39 51 24 81 65 
29 71 61 97 58 37 45 99 3 13 95 51 7 34 16 96 91 77 85 54 56 81 90 9 21 69 36 
10 67 7 78 36 69 17 48 3 85 11 77 68 64 72 19 41 99 55 79 31 23 73 91 21 
12 81 29 26 46 35 65 28 62 33 31 34 70 11 67 89 49 47 6 10 96 76 30 4 48 
37 53 19 90 38 33 57 46 63 96 3 61 40 6 68 11 30 34 75 94 86 31 95 42 65 4 49 99 
83 96 40 38 64 35 25 31 66 52 41 65 59 32 39 79 44 97 17 88 78 45 63 48 99 49 11 6 
44 77 70 71 22 16 36 76 57 97 6 38 27 74 7 80 14 59 5 29 99 10 54 25 73 28 50 64 33 12 49 89 
32 44 71 70 50 18 65 100 93 43 82 79 46 14 23 
82 81 4 46 47 88 17 58 51 6 96 72 3 77 44 23 76 59 16 89 60 57 45 11 64 95 69 87 30 
86 18 48 67 96 83 28 24 75 31 20 99 23 30 35 59 17 64 38 5 8 93 98 47 
99 69 76 26 13 86 42 41 3 40 71 16 74 5 85 60 59 49 95 57 
81 74 24 65 30 8 60 82 56 13 12 77 22 88 100 86 27 61 97 46 15 9 
2 87 38 26 7 61 65 1 20 10 45 59 84 6 12 91 13 40 93 69 54 82 28 
98 11 6 68 15 47 10 32 41 96 42 56 3 2 99 29 5 76 53 59 93 71 97 69 
73 43 6 12 40 59 17 70 26 5 60 57 76 83 33 79 23 56 
17 54 55 79 5 39 82 65 35 66 42 58 11 52 16 70 20 26 90 22 
24 88 94 10 85 15 51 91 32 45 31 60 22 55 96 47 67 18 71 95 14 82 49 30 6 58 
99 71 22 42 97 91 23 2 18 19 49 57 26 56 79 24 87 1 86 12 36 
97 78 31 9 34 50 46 91 37 36 3 49 98 72 53 54 39 65 68 25 51 38 47 55 4 26 
91 36 71 11 51 22 68 99 6 19 39 55 13 64 33 85 32 41 90 52 49 57 35 
22 79 41 53 37 69 52 42 29 7 45 95 66 21 90 83 92 99 78 1 
34 23 9 76 84 44 6 100 15 69 68 7 97 77 17 80 20 35 38 
11 10 21 85 40 31 98 45 19 20 46 91 35 41 
67 18 46 1 60 43 50 94 17 22 93 83 95 69 88 99 47 6 27 49 36 70 
79 29 98 73 45 59 44 41 31 74 91 36 80 22 46 17 24 56 53 52 88 27 48 
1 83 2 99 56 38 77 17 19 88 12 97 71 92 28 79 78 90 18 46 4 39 24 40 61 34 14 5 
17 44 78 6 2 26 77 32 22 89 36 57 16 82 19 88 75 68 35 21 87 11 64 50 9 7 43 
67 69 43 72 79 84 59 83 73 8 60 30 3 45 89 86 31 54 62 22 
84 42 51 27 86 43 5 38 20 53 94 80 88 70 54 23 61 4 1 75 32 62 6 7 68 29 64 15 49 
90 95 69 31 41 47 8 48 17 75 1 87 5 97 55 37 83 56 3 82 98 64 44 34 4 
51 5 84 15 98 28 99 54 66 23 34 87 48 76 85 58 30 94 57 32 60 47 42 
25 10 22 81 3 83 96 74 76 43 11 59 92 16 30 49 82 12 86 68 5 9 
26 79 4 88 7 24 32 5 21 94 99 43 30 33 47 68 15 81 11 86 19 85 22 82 65 55 
39 52 72 89 47 76 30 18 51 65 86 6 21 88 40 94 13 27 10 91 8 
84 88 24 50 70 22 28 90 25 27 69 37 76 1 7 77 80 85 45 67 2 
15 49 40 5 99 30 71 62 78 75 3 72 32 20 44 77 55 74 47 25 90 51 54 35 
52 62 28 76 11 67 33 13 81 6 39 24 38 49 88 97 15 66 20 43 18 35 21 32 82 80 25 47 36 75 16 19 84 96 100 42 
23 1 17 29 61 81 8 3 32 43 97 92 9 18 91 59 66 86 12 100 4 67 30 27 83 95 80 46 76 
43 61 66 16 99 48 20 73 21 56 95 58 100 46 22 96 9 5 68 7 26 85 65 55 91 
11 69 15 65 5 26 20 86 3 82 33 89 19 1 62 47 6 95 75 21 14 88 78 32 12 92 77 
25 34 42 6 14 36 32 92 95 90 30 49 44 27 41 52 38 20 21 78 73 13 72 82 93 77 
20 70 92 81 80 9 85 49 27 99 77 53 90 37 56 39 84 52 14 72 48 67 12 31 73 89 28 30 57 26 86 15 
66 78 85 98 70 55 72 38 61 22 14 10 88 64 50 92 36 68 46 41 32 
75 77 32 53 71 69 62 23 17 82 2 68 98 33 90 39 88 28 13 94 22 24 1 92 
16 6 94 60 82 88 10 51 43 57 5 71 96 63 83 75 99 42 73 21 25 27 79 13 38 
51 98 52 73 78 32 72 68 17 26 34 21 58 13 50 29 5 69 80 74 45 82 36 97 
21 49 35 7 20 8 58 1 91 30 70 19 13 92 6 5 53 24 67 71 22 
85 24 69 83 80 64 67 9 74 11 92 17 49 46 66 6 4 95 65 75 77 20 57 73 84 2 10 52 96 
67 10 32 68 27 29 49 3 20 80 82 35 9 33 5 44 90 16 14 74 47 22 
98 82 41 23 26 45 81 42 76 84 75 94 60 29 56 22 33 61 32 66 70 28 34 36 27 4 89 
79 36 11 74 13 25 98 100 60 59 6 43 53 94 65 30 15 63 87 58 2 57 42 78 28 
81 27 80 93 72 83 88 15 82 78 8 61 84 28 66 11 29 36 37 24 26 95 20 99 87 
53 2 81 31 50 95 10 36 54 92 12 48 64 
91 71 30 34 45 73 18 16 84 69 35 4 36 74 100 37 85 32 23 64 90 57 96 
78 38 93 37 64 26 17 51 61 20 42 70 57 79 98 45 11 19 81 49 21 88 34 92 80 
50 42 26 2 19 45 16 57 77 85 13 46 34 94 79 17 23 44 49 54 39 88 28 72 
59 47 19 66 54 20 18 30 78 70 10 38 32 42 77 15 86 7 4 58 40 3 52 46 26 62 17 
59 70 65 31 37 50 12 38 99 83 20 34 71 95 90 86 9 63 91 54 84 30 4 21 
45 58 2 33 18 34 47 98 100 64 22 4 71 92 31 17 85 79 66 51 54 61 35 46 43 32 3 76 10 73 82 60 42 50 
91 2 23 78 30 4 1 13 52 19 10 7 3 94 14 48 79 62 99 32 9 18 26 77 