100
53 94 78 40 39 81 15 75 19 76 41 97 68 42 54 47 4 5 100 71 28 31 91 69 96 51 33 62 6 80 50 92 95 22 86 73 84 52 17 20 83 63 30 49 98 82 46 61 56 3 37 13 72 67 90 70 21 2 29 27 59 16 12 34 10 18 23 93 14 25 77 88 99 64 48 8 89 45 74 24 38 32 35 79 36 57 9 60 87 58 85 7 11 65 26 44 43 55 66 
42 57 60 9 77 19 25 24 29 82 83 48 62 63 88 67 80 40 5 96 98 100 66 78 22 70 49 71 74 54 21 51 69 55 13 45 99 85 87 81 64 94 30 90 33 52 93 95 6 84 86 39 68 43 97 72 7 91 44 10 73 14 31 20 89 35 3 4 11 32 12 56 46 36 65 34 16 37 41 28 59 1 15 79 47 61 50 26 38 76 53 23 18 8 92 17 75 58 27 
36 13 57 71 46 88 81 98 53 45 61 99 12 33 75 62 72 91 35 49 63 11 93 41 79 24 86 90 10 59 87 64 21 23 69 92 42 74 80 76 97 100 47 37 25 94 40 30 78 9 73 48 43 82 29 70 39 56 95 15 96 54 85 31 34 68 83 44 20 51 32 84 14 60 50 16 4 18 55 2 89 77 38 27 6 52 1 7 67 5 19 65 28 66 17 8 22 58 26 
80 74 76 29 78 97 38 30 14 13 53 50 51 17 49 82 64 90 93 61 48 85 23 96 65 5 83 62 44 11 36 63 70 79 1 37 98 15 10 54 59 66 6 9 18 100 2 73 81 75 71 46 99 12 60 56 58 7 68 24 43 84 21 20 72 87 8 3 94 41 31 40 35 45 89 34 32 52 22 67 25 86 42 33 69 26 27 39 55 88 95 47 28 16 57 92 19 91 77 
77 26 18 54 31 2 13 93 92 32 7 68 62 61 55 9 81 28 33 94 83 3 65 74 90 87 19 29 53 98 21 10 14 56 85 15 67 43 24 20 59 73 96 76 6 47 42 82 44 49 36 88 40 1 95 27 4 34 50 35 79 64 22 37 16 63 57 48 66 38 60 71 100 72 11 89 51 75 46 84 70 23 91 8 52 39 30 97 17 12 78 41 80 86 25 45 58 69 99 
79 96 5 20 33 36 58 14 34 93 62 56 45 90 27 42 95 87 71 25 81 4 89 22 8 7 52 30 97 39 12 18 43 16 28 68 55 69 83 59 73 50 64 35 66 80 44 15 37 92 100 82 48 67 51 41 40 24 13 19 91 78 17 29 75 85 23 53 1 54 49 86 99 26 63 88 9 94 98 76 31 74 57 11 38 65 3 60 72 77 10 70 32 21 46 47 61 84 2 
10 46 19 85 80 47 67 54 44 81 82 28 56 50 22 87 36 2 33 60 24 3 30 58 21 84 43 34 93 68 49 99 92 61 11 38 52 94 27 65 78 42 6 55 83 18 35 25 57 8 75 73 79 1 71 100 48 14 29 4 15 98 89 62 95 12 59 96 16 90 97 64 5 31 13 20 23 88 51 72 77 53 9 86 37 39 41 74 66 45 17 76 91 63 69 70 26 32 40 
10 21 29 98 41 65 19 14 9 87 4 30 43 68 47 36 16 50 90 53 18 63 60 3 100 35 26 31 44 12 49 34 37 13 51 57 73 15 74 54 78 24 86 33 76 64 38 52 84 97 25 40 77 45 83 59 72 5 95 71 91 39 96 62 82 58 88 1 70 11 46 94 56 2 85 75 67 42 6 20 66 28 61 69 93 22 55 80 27 32 81 99 17 92 89 23 7 79 48 
85 26 5 50 28 84 4 41 2 100 89 43 75 11 30 16 80 63 18 37 51 88 39 97 48 61 93 59 14 73 32 13 27 40 72 58 19 25 76 34 83 33 62 35 68 81 47 70 96 79 95 23 53 3 55 71 57 66 8 74 21 29 1 69 20 31 12 78 17 44 24 52 42 67 15 99 56 60 38 46 54 91 49 7 64 92 90 65 22 98 82 45 10 77 87 86 6 94 36 
80 72 67 20 63 98 88 33 62 41 53 90 70 97 2 73 60 44 82 34 7 61 89 68 24 49 42 22 64 35 79 9 59 71 31 23 93 74 56 18 16 27 96 99 21 1 36 37 30 50 12 25 76 84 78 13 94 54 45 91 86 15 69 100 39 52 19 38 8 4 29 92 3 65 58 55 40 6 5 46 26 95 11 28 43 66 47 51 85 75 57 17 77 81 83 14 32 48 87 
88 77 15 13 38 6 49 65 55 93 59 92 18 23 27 24 47 16 90 4 8 46 84 86 37 58 30 68 17 2 71 10 63 53 32 82 28 80 22 54 57 79 50 26 29 25 61 12 3 98 94 97 72 19 81 78 44 40 21 73 89 99 20 69 33 100 95 35 31 34 75 1 83 66 62 43 64 60 91 48 96 52 51 87 76 14 56 39 7 42 67 5 70 41 85 74 45 36 9 
68 60 85 44 21 7 33 42 73 39 74 93 56 99 18 15 23 81 2 89 38 70 41 16 3 8 87 71 80 28 78 52 11 4 54 88 66 69 72 27 100 76 13 64 22 30 37 98 34 53 1 75 19 83 32 90 63 82 48 84 92 91 58 65 55 67 59 10 43 47 77 36 57 50 49 35 79 24 61 5 26 96 45 20 97 40 9 29 95 86 46 17 25 94 31 14 62 6 51 
7 77 89 20 73 97 19 49 76 37 11 84 57 56 53 90 12 82 35 85 63 65 36 18 100 30 60 87 31 94 10 2 14 95 29 92 40 64 62 8 26 5 70 39 21 54 66 48 72 83 67 79 15 75 51 38 42 24 41 52 17 86 46 69 3 91 58 34 9 33 4 99 27 88 68 71 1 16 74 80 44 6 43 28 32 55 96 45 22 78 93 59 98 81 23 47 25 61 50 
8 2 17 83 81 25 20 24 55 37 22 9 52 57 1 36 34 74 31 71 7 29 80 43 51 75 72 93 61 82 78 21 85 19 38 15 23 96 100 35 92 88 62 39 28 89 58 54 11 97 26 86 18 33 49 47 67 91 45 87 48 12 70 68 13 69 4 95 16 60 98 3 73 65 84 64 42 32 5 94 63 44 56 53 90 59 77 10 50 46 30 40 99 27 76 79 41 66 6 
12 72 70 14 7 86 44 52 66 60 68 81 33 69 99 3 78 6 39 100 88 87 59 11 22 54 41 51 56 85 42 90 97 47 2 98 63 58 53 35 55 46 95 77 38 25 84 49 34 21 29 71 26 30 92 19 91 45 48 80 50 4 76 40 93 32 18 96 9 17 74 24 83 27 82 31 94 65 67 20 37 43 8 62 16 57 61 79 36 23 28 64 73 10 5 75 89 13 1 
45 35 76 65 71 88 100 83 99 17 48 67 50 80 94 26 58 32 78 34 15 14 75 73 44 68 62 59 39 95 55 64 91 21 28 22 51 49 79 81 69 43 7 77 23 37 1 46 47 66 56 82 19 2 85 11 4 42 60 98 40 36 6 89 87 24 20 8 72 30 3 12 33 29 96 52 9 93 90 54 61 31 63 57 13 38 70 53 84 5 92 97 25 41 10 27 18 74 86 
27 25 5 70 23 11 94 29 18 24 46 33 93 97 2 22 67 80 65 83 85 7 73 1 59 55 64 95 77 15 81 66 8 13 48 61 34 78 42 76 30 37 49 88 14 43 96 52 90 89 51 21 84 41 4 82 9 12 20 32 72 86 71 47 74 16 26 60 10 91 39 44 100 36 58 19 38 75 31 92 53 54 56 68 62 69 98 79 3 45 50 6 57 28 63 87 40 99 35 
97 14 38 54 7 22 64 66 12 87 76 41 62 84 72 44 31 93 59 65 24 57 63 17 29 53 8 25 20 68 80 32 78 4 26 50 11 6 69 16 1 36 83 30 19 27 33 5 13 73 39 42 58 61 40 2 47 98 74 77 95 34 90 52 10 23 92 89 46 55 9 81 71 28 75 43 100 99 67 70 86 45 60 35 96 91 56 79 51 48 37 3 85 88 21 15 82 49 94 
32 97 31 8 29 18 1 35 24 66 78 36 16 56 43 76 85 60 30 33 3 65 74 6 49 72 22 11 53 10 5 40 34 44 57 23 20 96 64 89 63 17 71 59 42 80 90 41 12 21 79 81 75 27 87 92 2 69 55 93 61 88 46 4 9 26 15 82 67 83 28 13 100 38 86 25 95 39 62 7 77 48 94 47 70 52 84 98 50 68 51 14 73 99 54 37 58 45 91 
84 60 51 6 58 9 7 38 86 88 50 24 94 27 8 96 39 52 37 98 14 10 18 26 46 93 78 11 75 29 45 67 21 85 15 3 81 80 47 49 25 59 92 48 62 100 36 69 74 2 30 23 79 54 70 76 43 66 31 44 34 5 72 42 73 95 61 40 53 82 90 65 55 77 41 63 83 12 32 13 89 33 1 97 17 64 99 19 28 71 91 68 4 57 56 16 35 22 87 
99 98 42 8 95 92 17 3 73 54 63 80 37 14 27 41 43 75 22 32 19 65 53 5 74 55 15 71 50 85 30 4 91 62 28 61 94 96 36 86 31 83 48 58 52 89 93 68 59 6 25 57 77 11 49 12 7 84 79 69 51 78 29 70 67 26 76 33 18 46 56 39 100 82 72 38 64 1 10 24 13 16 87 97 9 90 88 35 2 81 23 45 60 20 40 47 34 44 66 
87 43 66 82 17 47 93 16 1 35 57 2 99 25 11 89 75 81 27 9 30 34 13 84 61 4 33 95 20 14 71 88 24 5 29 32 55 10 65 94 76 80 70 62 54 72 42 31 98 64 86 39 74 37 28 56 60 91 36 63 15 44 68 6 58 19 73 8 78 92 90 41 77 50 85 96 59 69 7 21 67 51 40 23 48 100 97 45 26 52 12 3 53 18 83 38 79 49 46 
99 10 31 13 14 49 16 82 32 30 59 79 89 38 22 33 96 45 90 28 92 72 41 86 80 95 50 36 40 35 48 57 74 18 68 42 47 76 91 54 75 1 8 66 29 98 73 5 9 46 67 6 43 62 53 71 34 100 63 19 2 61 20 52 69 85 55 93 56 94 51 3 21 24 64 11 17 58 70 65 26 97 88 37 4 15 25 12 83 27 44 7 78 77 60 87 39 84 81 
81 63 97 55 67 78 45 6 32 82 42 72 75 95 64 41 29 54 28 51 46 38 49 2 25 60 59 98 65 88 34 74 8 87 16 69 1 80 26 86 68 77 33 61 85 66 89 57 50 37 39 22 23 90 27 56 52 44 7 47 4 96 70 11 15 13 76 73 100 36 5 40 3 17 35 71 9 93 30 58 94 14 83 48 21 99 43 31 19 91 20 18 84 53 62 92 12 79 10 
77 19 34 22 5 86 82 71 27 63 68 92 67 1 80 14 9 65 99 49 59 4 62 87 21 7 17 93 79 38 54 57 52 95 26 84 36 45 64 98 60 74 2 53 6 85 10 23 55 70 97 58 43 28 83 76 31 91 61 15 96 81 37 72 32 78 40 11 100 94 44 47 8 42 29 50 33 20 66 12 51 69 24 46 90 48 88 73 13 30 41 3 89 39 18 35 16 75 56 
55 94 1 51 62 70 66 88 57 12 74 87 96 38 83 50 28 11 75 91 31 86 71 16 19 36 98 13 84 10 41 8 42 97 92 69 20 78 60 24 23 43 49 25 85 93 48 21 32 53 15 67 68 90 99 59 4 52 80 27 76 64 45 63 5 79 89 82 77 58 18 44 47 17 61 100 33 29 30 46 6 65 22 56 9 40 39 35 95 73 7 81 54 14 2 72 37 34 3 
91 41 63 45 42 33 43 36 68 59 50 75 8 23 97 48 32 6 84 64 90 85 34 13 26 5 71 60 46 16 17 15 96 73 66 19 81 78 57 11 9 40 53 70 35 12 39 7 1 18 25 98 4 37 30 69 3 92 49 80 29 87 2 31 93 44 77 51 28 79 20 47 86 61 67 100 52 24 89 21 83 76 88 58 22 82 62 72 10 94 74 38 99 55 65 54 56 95 14 
97 43 67 99 65 13 48 70 29 35 79 75 53 92 21 74 45 49 31 54 77 47 85 51 93 42 91 62 39 69 40 44 61 46 95 34 6 55 50 16 36 41 14 56 32 82 98 1 88 30 27 5 9 11 24 94 3 37 57 23 71 86 7 96 83 2 100 18 15 8 58 25 64 63 89 78 80 59 81 66 33 10 22 90 17 19 84 73 87 4 20 68 12 72 26 76 38 52 60 
60 41 23 80 6 13 8 68 44 12 64 74 37 77 38 28 67 46 19 86 93 48 62 87 43 94 72 11 25 97 51 91 42 45 63 75 9 99 17 73 61 36 40 31 22 92 66 88 82 55 24 52 76 58 14 3 34 95 15 35 50 39 32 69 78 79 89 81 10 57 96 1 20 16 27 85 59 53 4 7 100 56 70 90 71 98 26 84 83 18 2 5 47 33 65 30 21 54 49 
50 92 40 1 64 14 20 65 70 63 58 59 13 66 84 82 73 44 72 71 77 62 3 69 79 25 74 23 18 94 45 68 99 76 34 67 56 29 17 24 81 60 53 41 83 90 100 21 33 39 26 4 75 37 78 51 85 6 9 47 86 93 10 32 27 19 16 91 15 8 48 2 22 46 96 11 12 54 42 5 80 7 98 52 61 95 43 49 36 97 87 31 38 55 57 35 89 28 88 
60 42 82 100 65 47 64 46 44 28 91 8 9 97 61 59 26 36 11 81 16 79 3 96 1 2 90 58 74 85 13 69 49 99 51 37 4 76 20 87 24 39 71 32 63 57 34 17 94 21 95 40 38 27 25 70 23 50 67 78 92 68 55 80 48 93 88 75 53 43 77 66 18 41 33 73 35 72 22 83 5 56 62 54 19 10 89 86 6 12 7 30 45 29 15 52 98 84 14 
45 87 30 1 97 73 56 69 37 84 10 86 98 81 51 92 3 34 83 29 5 47 7 27 93 94 14 17 26 41 36 99 11 91 15 82 13 55 48 57 54 19 16 80 72 43 89 68 8 59 95 50 67 23 78 61 74 52 63 44 70 90 58 20 31 88 2 12 77 38 49 75 24 33 76 39 9 21 22 71 85 35 100 40 62 46 65 53 18 60 25 42 64 28 79 6 4 66 96 
87 21 26 90 71 1 72 67 10 46 20 5 50 9 85 14 2 12 49 16 8 22 34 82 95 17 7 11 32 47 93 54 59 91 36 57 77 45 76 58 15 13 78 62 3 39 30 31 37 56 88 68 69 28 23 100 70 35 92 53 96 79 52 38 60 42 84 99 83 94 73 64 18 74 43 66 41 75 81 19 98 4 61 40 48 86 97 25 51 89 80 63 44 55 29 65 27 24 6 
58 52 88 57 67 38 28 53 74 95 16 47 73 19 49 48 5 69 31 44 83 42 10 79 27 35 9 7 54 84 15 94 32 39 26 12 66 41 51 11 13 6 23 86 56 1 4 30 33 64 98 93 68 2 92 100 24 45 65 3 46 99 50 72 78 22 85 60 89 8 36 81 71 61 62 17 90 55 87 75 76 96 77 20 59 80 82 43 25 91 63 21 70 40 14 97 18 29 37 
78 70 47 25 10 64 71 45 84 59 94 42 95 55 87 46 30 68 26 53 12 69 7 100 97 63 16 34 57 81 15 93 41 62 50 99 11 24 9 65 74 88 21 82 22 27 4 2 28 85 72 1 18 6 52 14 17 32 43 36 89 23 73 44 66 98 91 33 3 96 40 79 38 5 56 60 90 83 58 61 31 29 37 80 13 77 67 48 86 75 20 19 39 54 92 76 51 49 8 
73 65 14 45 50 19 10 70 47 86 77 27 83 53 94 49 89 82 87 16 56 20 68 6 72 41 4 34 42 31 52 48 9 63 96 92 22 29 100 37 58 90 12 85 18 40 61 81 95 23 78 21 44 13 35 39 17 51 59 30 5 7 75 11 57 26 84 66 97 25 33 64 28 60 88 15 91 71 80 67 76 32 74 1 24 69 54 8 2 55 99 46 93 38 62 3 79 43 98 
36 49 96 7 52 2 62 73 94 9 19 92 75 83 72 46 26 20 12 95 93 76 69 10 35 89 51 74 28 8 90 13 18 3 31 71 59 81 68 43 99 1 87 97 66 48 55 77 14 30 80 27 45 21 32 60 57 25 91 86 22 11 29 64 79 42 33 39 34 6 4 54 15 78 56 24 84 70 41 17 65 67 40 44 98 53 50 100 5 38 85 47 23 88 82 58 16 61 63 
42 17 56 29 61 76 44 13 63 12 51 46 75 73 64 35 98 36 59 4 50 70 18 87 43 95 9 19 34 97 25 31 74 27 53 58 65 82 60 79 69 93 94 86 39 28 1 90 10 89 41 37 24 81 14 26 47 85 78 48 88 49 2 45 11 52 40 83 67 22 84 66 55 33 91 30 62 57 71 100 5 21 92 8 54 20 96 32 23 99 15 72 7 16 77 6 80 3 68 
53 90 29 83 54 15 60 12 76 25 77 72 32 38 74 7 22 45 18 68 1 50 64 28 75 97 13 27 30 14 33 26 89 36 100 80 65 58 19 4 43 87 3 20 40 96 59 88 71 37 69 9 62 6 44 79 2 92 91 55 35 47 23 73 66 17 46 5 31 24 84 11 63 93 94 52 41 49 86 70 99 98 34 61 81 56 16 95 67 85 10 57 21 42 78 8 51 82 48 
75 5 91 2 52 15 72 44 4 45 24 20 98 7 47 8 66 92 59 17 54 23 12 21 11 22 65 46 18 85 100 73 77 6 71 61 53 49 42 32 60 89 69 56 34 78 99 63 9 36 93 25 43 39 81 28 33 68 37 31 19 84 58 70 50 74 79 55 83 26 1 64 13 80 95 30 90 82 3 29 35 38 48 51 41 10 86 62 94 27 57 87 67 97 88 16 14 96 76 
5 12 73 35 37 88 72 17 55 36 96 92 60 98 100 78 56 48 22 44 74 31 95 13 90 50 40 63 89 64 87 34 18 68 15 47 10 38 93 45 2 21 81 70 83 30 57 85 61 23 54 75 43 33 65 80 8 84 62 16 49 14 58 26 66 77 11 99 46 82 24 79 97 19 51 28 52 76 4 94 39 71 27 25 67 6 9 69 20 29 42 91 53 1 7 59 3 86 32 
46 62 51 65 100 32 84 76 81 23 48 31 49 77 52 15 3 82 57 86 34 5 41 72 66 35 12 71 63 11 25 36 38 53 16 22 60 40 79 89 33 88 85 91 97 26 94 7 96 44 18 19 55 95 68 29 21 80 10 90 56 28 14 45 37 20 17 24 70 59 27 13 30 75 61 47 69 2 54 83 87 98 73 43 50 4 92 9 8 39 58 78 74 64 6 93 99 1 67 
89 36 22 70 6 47 27 3 15 26 49 83 30 28 4 61 79 10 73 33 72 75 94 8 63 68 78 66 52 97 64 76 54 29 51 31 5 99 35 98 32 93 92 40 25 48 85 20 69 96 1 59 57 86 55 81 65 34 12 77 100 82 41 91 24 16 84 39 19 37 62 38 58 80 18 74 21 45 13 11 46 42 56 60 71 7 67 23 2 87 9 95 44 53 17 50 90 88 14 
39 97 95 79 82 70 41 59 29 81 37 49 35 22 84 17 42 38 90 6 93 2 55 64 50 56 11 52 23 16 27 3 18 99 76 28 98 91 63 25 85 94 36 46 12 66 88 75 77 54 47 73 72 32 60 100 21 13 86 5 34 92 15 8 9 62 83 53 65 43 19 48 45 80 1 10 78 61 74 89 67 68 69 20 71 40 87 30 58 4 57 31 96 51 7 14 26 24 33 
62 100 92 79 36 56 28 54 93 67 58 12 15 60 38 39 1 9 99 16 74 87 76 97 24 83 29 8 13 18 50 73 94 63 98 22 37 52 41 66 96 91 46 64 42 31 20 26 57 6 30 82 43 81 4 61 25 70 14 78 17 44 84 85 48 65 90 72 27 77 21 80 32 34 95 86 19 59 11 71 5 51 2 75 40 49 89 23 10 88 53 33 69 3 35 68 47 55 7 
1 95 27 75 54 48 23 34 11 82 83 65 7 18 81 90 87 19 26 60 64 98 70 38 77 62 79 39 69 32 96 58 89 25 99 72 4 45 78 74 71 6 56 66 13 76 20 49 29 68 86 59 42 30 57 100 21 94 67 80 43 15 97 63 31 50 2 24 73 85 37 28 3 40 61 17 53 14 36 12 10 55 92 9 16 44 88 35 41 91 5 8 93 33 52 22 84 47 51 
28 87 98 82 62 6 13 99 80 86 17 40 65 48 76 72 14 45 66 20 21 41 54 51 26 5 19 12 4 56 52 85 9 24 64 25 68 49 73 38 15 59 2 10 11 46 74 32 31 35 30 75 94 91 78 50 84 93 42 36 77 61 37 33 22 60 1 96 69 29 43 57 18 27 88 90 81 83 89 71 67 100 53 63 70 97 95 34 3 8 79 44 23 58 39 92 16 7 55 
30 63 72 97 98 92 71 74 75 87 95 81 20 33 77 70 14 37 39 41 90 67 89 21 80 79 45 47 58 4 9 68 86 19 31 52 18 43 23 13 29 50 65 64 78 62 26 6 42 53 17 69 44 46 3 49 57 56 99 82 51 12 73 40 94 16 76 25 85 27 66 55 24 100 96 1 83 54 7 60 11 5 93 88 34 84 8 38 59 22 28 15 35 32 36 91 61 10 2 
18 73 22 44 19 5 35 3 25 92 88 51 24 47 52 39 14 99 53 64 74 72 75 60 81 71 27 93 97 54 58 36 55 100 48 45 8 38 56 87 30 29 86 10 26 61 96 31 1 95 43 46 91 90 63 33 78 13 21 12 32 59 70 2 9 15 41 67 83 28 79 84 76 7 80 57 62 66 89 69 20 37 40 85 82 50 17 77 42 6 34 16 68 98 94 65 23 11 4 
87 3 74 76 88 60 44 24 48 75 79 81 13 19 43 52 4 18 58 39 29 12 84 45 89 77 46 49 41 7 1 5 80 96 78 47 15 63 14 62 16 38 9 2 42 59 99 27 55 70 28 94 100 85 11 68 23 6 8 51 65 35 33 66 10 40 57 67 93 56 73 91 92 31 20 21 54 90 36 71 61 34 22 86 98 53 97 82 17 72 83 32 37 64 69 95 25 30 26 
66 24 93 87 33 70 92 49 18 36 19 99 20 53 74 89 3 7 48 2 28 25 43 75 82 86 40 72 68 100 71 59 97 26 65 8 84 10 80 39 37 13 73 30 90 29 41 77 81 11 45 85 63 31 34 61 94 91 44 58 6 96 76 79 21 54 4 23 88 57 16 22 78 9 52 38 42 35 50 64 95 17 1 56 47 69 98 83 15 60 14 27 5 12 62 55 67 32 46 
93 47 55 41 70 46 38 78 18 44 91 50 79 80 20 57 25 43 48 85 31 35 36 10 23 40 83 77 42 90 17 54 99 9 26 24 13 74 15 1 34 64 84 58 27 92 53 94 12 66 75 30 72 81 67 4 11 89 100 39 68 98 60 49 29 62 51 7 73 6 32 19 63 45 3 87 2 8 56 86 95 59 65 28 22 33 69 71 96 76 88 5 37 21 82 16 97 14 61 
57 27 93 37 32 95 70 2 97 39 22 60 98 61 38 88 26 59 18 62 71 48 28 7 11 34 58 89 56 86 19 35 77 14 52 44 9 12 3 36 29 63 20 100 75 94 17 67 5 68 73 51 66 47 50 82 69 96 25 41 8 6 13 1 33 54 78 80 40 23 42 24 99 84 72 74 76 16 87 4 64 92 90 45 21 15 49 30 46 43 83 55 91 85 81 31 10 79 65 
98 88 31 23 43 28 52 76 80 26 51 4 50 55 61 93 87 12 71 27 25 7 48 66 41 68 77 95 78 53 6 1 67 40 30 70 84 42 72 94 89 82 24 9 79 18 45 64 59 83 39 69 58 17 62 56 22 63 60 74 47 32 5 97 35 49 29 57 96 33 38 37 13 11 65 15 91 8 21 36 10 100 16 19 34 90 2 99 73 81 46 20 86 3 75 85 92 14 44 
88 16 14 40 89 24 48 21 85 4 98 77 51 54 66 30 73 97 28 5 100 11 63 87 65 93 43 44 82 20 60 7 9 17 41 94 59 1 70 3 23 6 95 90 15 50 81 79 38 29 22 31 2 62 52 39 47 84 67 56 92 12 99 8 69 13 80 37 26 74 58 57 10 53 76 18 68 71 61 86 75 25 78 27 64 35 72 34 91 42 46 96 36 33 19 49 32 83 45 
78 48 50 85 1 58 62 39 46 91 12 88 45 10 29 59 24 79 21 38 51 13 14 93 71 31 44 30 11 57 55 42 64 16 41 86 28 52 72 22 23 18 84 94 70 15 2 19 26 95 27 5 3 92 76 7 53 34 25 60 35 37 36 8 65 69 89 98 6 32 100 90 81 61 4 77 67 49 87 9 33 80 83 96 66 99 54 63 40 43 82 97 17 68 74 73 47 20 75 
67 3 6 47 71 38 37 35 79 32 59 68 1 22 44 29 17 65 50 4 84 63 64 2 15 77 33 74 92 18 97 99 40 86 48 78 54 75 56 30 25 13 16 23 96 90 39 55 8 14 27 7 12 36 82 76 51 20 49 93 26 5 61 58 70 89 73 85 80 34 9 81 43 72 62 11 91 98 21 19 95 83 42 87 94 24 53 46 41 10 31 60 28 69 100 66 52 45 88 
83 5 77 2 25 90 30 71 45 86 93 35 96 38 81 67 23 87 100 73 72 61 84 43 27 65 76 17 89 49 28 79 59 41 75 47 66 18 99 15 34 50 94 51 9 6 69 44 88 31 95 4 29 13 10 48 39 56 91 82 11 92 16 7 3 57 32 8 60 55 63 70 33 14 22 37 52 21 42 62 78 97 26 85 53 64 54 12 68 74 36 20 80 1 98 40 19 46 24 
69 16 72 38 80 75 63 7 66 5 93 96 22 82 61 4 99 79 77 10 90 51 40 27 6 32 62 26 25 28 85 87 36 33 58 11 8 23 42 56 53 18 48 31 94 49 60 47 1 70 86 55 46 19 21 64 67 100 95 15 45 12 37 54 41 89 13 78 91 35 30 3 9 88 17 57 71 14 73 44 43 50 68 29 92 97 76 65 34 83 24 81 74 2 39 52 98 20 84 
72 24 15 58 8 10 12 6 81 2 39 99 57 51 47 83 53 13 89 85 1 7 84 20 71 36 18 52 23 65 22 37 59 32 100 4 77 19 44 92 41 93 61 28 16 26 94 17 67 21 64 76 31 95 25 63 86 30 40 27 88 49 55 50 78 66 54 75 97 46 35 91 11 42 34 45 3 5 33 14 48 69 70 82 62 9 80 87 90 98 29 43 79 68 96 56 38 73 74 
78 67 69 48 85 65 18 35 10 97 79 4 29 50 2 91 19 30 44 63 93 70 25 64 6 32 24 5 27 20 8 43 14 89 73 31 7 99 84 11 59 12 3 55 36 80 90 33 16 98 39 38 21 81 41 95 94 77 17 92 57 22 53 51 46 45 100 9 47 68 74 40 88 42 87 96 13 60 52 26 76 1 34 37 58 83 28 23 66 86 49 62 15 72 71 54 82 75 56 
71 26 47 12 84 21 88 63 78 38 2 49 94 34 56 20 98 80 66 5 95 41 73 18 97 79 42 85 23 67 93 36 75 61 46 28 33 90 58 74 25 89 52 87 35 17 69 39 24 60 9 37 16 3 40 59 8 7 50 48 44 54 4 10 55 30 99 13 72 64 19 14 31 82 83 70 65 32 22 1 76 51 86 57 96 6 27 77 11 45 81 100 53 43 68 92 29 15 91 
27 3 28 16 23 15 78 50 93 30 29 68 88 24 69 64 41 25 86 52 4 96 2 33 85 71 59 21 20 51 66 5 98 87 76 60 84 22 40 92 99 18 34 54 62 82 90 42 38 67 45 58 65 35 57 8 12 49 55 48 56 89 36 74 61 72 19 100 95 53 47 17 39 77 46 11 80 75 83 37 91 31 10 43 13 94 97 6 9 81 73 79 26 7 70 14 1 44 32 
30 83 51 18 62 76 26 10 60 2 43 72 44 12 37 25 31 66 33 39 71 40 55 97 65 42 1 13 89 8 46 57 22 4 79 94 86 68 47 82 95 5 11 73 61 69 45 63 21 58 24 52 38 50 59 70 14 100 16 35 54 3 17 81 90 99 20 78 93 29 91 41 80 84 96 49 48 6 88 92 56 53 23 9 74 15 75 27 87 32 28 98 85 34 7 77 67 19 36 
58 100 95 39 77 17 31 34 13 89 81 16 96 32 29 33 97 93 61 99 40 12 28 86 90 98 83 85 35 71 46 68 42 3 11 59 51 54 30 10 53 79 1 44 91 88 24 80 62 75 55 7 50 20 69 5 37 4 48 23 73 21 63 82 66 36 14 22 43 57 18 78 67 41 47 27 52 25 84 60 26 9 8 45 87 15 64 56 94 6 49 92 38 72 2 76 70 74 19 
90 95 20 4 42 6 39 63 54 31 51 29 93 48 7 41 12 72 16 92 94 88 78 67 44 69 43 25 74 22 53 10 46 5 11 59 14 52 28 56 18 24 60 23 62 40 76 34 49 2 19 13 9 15 36 96 58 65 26 87 85 21 68 45 99 75 80 50 64 83 89 55 71 8 86 70 82 32 100 57 61 1 37 35 73 27 33 79 77 17 30 3 84 98 91 38 81 47 97 
49 30 43 62 64 58 16 54 19 15 77 3 57 87 23 98 29 81 84 27 72 85 18 95 5 69 36 56 39 71 52 55 50 83 90 78 100 89 91 76 94 68 42 8 82 96 45 79 35 2 80 34 1 7 51 6 48 92 21 22 44 9 11 33 70 13 97 60 73 20 75 46 40 32 63 4 14 66 12 25 24 53 93 61 59 74 47 99 28 65 88 10 31 26 86 17 38 41 37 
94 26 20 89 19 81 51 77 84 53 83 46 10 22 6 5 23 4 40 41 63 30 38 15 16 50 31 34 85 29 64 32 78 1 90 48 24 33 62 44 47 49 66 57 12 96 11 36 8 100 91 25 72 28 65 9 69 17 79 42 2 14 71 18 37 73 39 27 92 21 80 98 93 75 54 13 43 99 87 45 52 76 3 61 67 56 95 7 74 82 88 55 70 58 59 35 60 97 86 
26 44 58 51 71 83 68 39 64 32 96 14 40 11 18 50 82 16 43 2 72 37 57 3 95 73 49 76 42 70 86 75 29 17 92 98 1 79 77 8 61 99 23 13 88 55 10 62 33 5 41 19 12 74 56 31 67 52 28 38 15 27 84 34 7 100 35 89 53 6 93 46 66 59 24 60 45 80 97 81 36 91 63 25 22 48 20 4 54 21 78 94 87 65 9 85 30 90 47 
85 40 21 95 77 92 55 25 69 50 36 88 72 33 80 84 96 31 59 83 62 38 6 35 87 1 73 5 63 61 26 41 79 19 34 66 68 75 43 14 7 37 32 3 90 76 8 48 24 58 44 52 60 74 16 28 9 67 81 18 82 86 93 4 64 51 29 47 94 54 12 30 78 53 57 46 56 10 17 49 13 89 15 45 65 99 91 22 97 39 2 100 42 23 11 20 98 27 71 
13 25 77 85 89 6 93 44 67 30 66 57 1 74 7 98 58 47 11 64 97 12 46 23 91 8 41 86 37 29 92 95 45 24 87 38 21 2 17 68 70 14 19 5 56 22 94 51 76 79 54 72 34 78 3 10 88 28 48 33 35 81 32 18 40 69 75 16 83 39 96 90 55 53 99 60 61 73 65 50 4 62 36 20 31 59 49 15 80 63 26 100 9 84 82 43 52 27 42 
26 55 70 5 39 54 53 68 28 100 99 92 51 29 46 25 3 63 83 36 84 85 1 38 88 2 73 24 20 11 56 91 32 40 48 4 37 31 78 8 71 47 21 90 18 81 94 89 13 10 61 33 7 80 16 93 9 67 96 62 75 14 41 60 57 45 79 30 35 52 50 82 76 12 44 6 86 15 64 58 69 43 97 27 65 98 95 74 49 23 19 59 77 66 17 87 42 34 22 
45 12 38 20 3 86 15 41 53 85 75 13 14 80 18 99 30 52 59 10 56 22 83 88 77 11 65 29 91 37 2 89 63 6 74 64 62 72 71 7 23 48 19 68 57 60 95 40 46 100 42 67 43 79 97 90 44 26 51 33 61 17 81 55 8 16 82 1 58 34 50 9 76 96 27 98 5 87 31 39 49 66 93 25 24 78 54 28 94 84 21 4 92 36 69 32 70 47 35 
44 80 64 71 14 35 54 33 31 92 32 67 70 42 47 46 4 13 43 77 20 39 85 57 8 96 36 87 5 62 76 59 81 95 91 25 34 53 79 65 12 23 60 19 83 72 68 94 22 29 100 52 41 27 28 98 90 50 55 69 26 1 24 15 58 2 61 40 86 6 10 37 78 66 3 73 88 16 45 82 93 56 9 30 11 75 89 21 48 38 63 99 7 49 84 51 97 17 18 
98 91 12 27 82 44 7 1 4 19 97 47 60 63 80 68 74 58 25 54 3 88 81 55 57 69 28 96 22 85 83 18 72 35 9 46 40 59 94 100 99 26 52 51 21 14 95 41 50 29 84 49 56 39 24 66 77 36 78 30 33 42 13 90 2 73 16 11 61 15 92 43 64 32 89 93 86 20 71 70 53 37 5 23 17 6 67 10 38 65 87 76 62 48 8 31 79 34 45 
26 2 61 84 74 57 19 90 17 72 94 12 6 43 27 51 28 48 37 62 31 58 10 18 92 8 66 50 88 86 4 42 32 52 100 22 55 20 63 39 33 98 81 29 83 82 44 45 41 40 25 87 47 23 60 77 54 95 38 93 1 34 89 5 46 24 67 49 96 30 16 13 3 73 70 85 78 56 21 68 91 53 80 35 75 65 71 79 64 7 36 15 69 9 99 59 11 14 97 
9 69 88 87 1 79 47 100 97 57 90 60 73 63 13 55 65 95 39 11 71 38 23 24 78 82 89 28 92 41 4 36 7 21 61 49 94 83 51 8 76 59 10 27 67 68 17 43 48 91 3 44 80 93 52 19 45 20 15 12 62 72 46 2 5 33 70 18 74 85 40 31 99 84 64 54 96 16 32 34 22 42 25 26 6 98 50 75 86 53 81 66 37 14 58 56 30 29 35 
36 35 14 7 49 28 77 90 25 8 75 20 70 48 1 37 83 64 56 80 41 88 74 15 51 65 93 86 53 13 100 67 33 76 19 99 58 52 9 21 2 63 29 23 45 61 42 84 72 87 82 24 27 12 50 60 44 92 16 97 3 71 26 5 11 40 66 10 47 38 95 79 62 69 4 22 89 30 31 96 18 39 34 98 43 6 68 91 81 59 55 32 57 94 85 17 54 73 46 
60 8 57 19 95 75 12 67 9 27 24 31 18 69 90 45 53 62 97 86 100 84 30 20 81 64 83 15 3 93 11 78 61 68 63 52 41 4 54 14 71 73 7 65 44 85 17 36 58 33 42 46 94 38 59 87 37 88 50 39 26 21 29 40 6 96 2 32 72 47 56 43 5 35 77 51 74 98 25 66 48 76 99 1 89 16 13 23 92 34 80 28 55 70 22 49 10 91 82 
56 69 1 51 20 8 92 9 63 97 44 29 25 3 67 70 99 7 77 19 21 58 42 81 15 26 16 46 60 90 38 79 22 45 28 93 98 100 53 87 18 91 78 86 74 76 75 49 36 37 35 14 32 34 62 40 94 27 39 55 73 61 54 66 95 43 31 64 11 59 13 52 48 17 50 6 2 57 4 89 23 96 83 24 65 10 84 30 33 71 82 12 72 68 85 88 47 41 5 
97 91 12 86 80 58 15 7 20 63 3 1 68 34 5 17 98 43 24 32 60 76 56 29 87 46 22 31 47 73 82 72 41 89 96 57 84 51 38 48 85 79 52 71 94 40 13 92 90 39 10 95 21 28 9 4 83 75 59 25 62 69 67 99 66 11 77 18 45 93 65 23 19 74 16 35 30 64 14 53 100 61 49 50 33 88 8 70 44 78 6 54 55 27 26 37 36 42 2 
99 95 96 91 62 94 18 10 16 31 46 14 12 61 43 97 78 17 4 32 55 72 19 98 79 66 89 53 88 50 28 45 69 30 22 40 86 68 84 39 1 64 42 81 80 2 9 73 52 71 21 44 74 76 20 6 23 63 56 49 92 38 8 51 36 7 37 93 75 33 34 100 83 65 54 5 67 90 11 48 29 57 3 47 58 77 41 87 24 15 35 26 25 85 13 59 27 60 70 
76 78 90 13 37 89 21 85 63 40 82 99 80 58 24 62 97 41 25 14 46 12 48 32 22 98 68 44 92 23 27 31 53 6 10 29 36 33 88 20 93 47 71 34 59 1 43 49 30 7 28 54 81 8 2 39 77 11 69 70 42 94 73 3 60 100 84 35 19 38 72 18 17 64 91 87 9 95 52 57 65 96 61 55 5 45 86 16 51 75 15 56 67 66 4 79 74 26 50 
77 50 75 21 9 44 47 99 86 42 6 43 4 62 79 96 2 22 40 12 39 91 32 81 97 92 100 72 30 56 68 36 15 67 82 55 10 14 29 25 37 94 78 70 23 61 34 8 5 46 28 66 24 83 60 38 16 33 57 73 53 95 52 93 85 71 76 69 74 48 65 41 7 63 3 35 27 98 54 51 13 89 87 19 20 31 49 45 64 58 11 17 26 80 90 1 18 88 59 
99 88 28 1 76 78 75 73 4 3 2 89 32 20 61 7 39 83 37 60 92 100 62 6 35 21 30 52 54 12 64 31 98 53 25 55 97 67 70 36 33 95 48 51 50 90 69 26 65 17 58 77 47 87 13 10 34 79 81 27 96 59 22 5 42 43 44 94 82 24 38 84 72 93 71 19 46 41 11 56 49 80 91 15 18 68 14 16 9 45 29 57 40 86 63 23 74 66 8 
29 72 39 17 78 61 21 52 90 85 48 37 97 50 59 92 53 40 12 79 2 35 8 93 41 60 15 49 74 22 81 31 83 96 98 68 56 7 1 64 76 63 80 47 71 25 32 45 18 100 10 13 5 26 6 89 58 82 70 84 69 16 88 19 57 30 27 77 43 75 36 38 87 95 42 20 24 28 14 9 44 54 46 91 23 67 65 55 99 11 4 51 34 3 33 94 73 62 66 
73 83 34 28 61 60 51 59 48 8 64 84 88 41 68 47 55 100 89 9 85 21 6 82 27 3 40 98 94 39 58 74 14 15 90 70 77 80 66 52 69 13 97 46 17 67 63 30 45 11 38 26 16 20 24 93 43 56 71 18 2 4 86 91 42 36 49 5 99 81 57 75 76 25 12 79 44 37 78 35 22 29 53 65 19 95 10 1 31 32 33 50 72 7 54 62 92 23 96 
21 43 58 92 81 11 13 1 96 45 7 60 84 5 10 72 49 41 42 62 53 79 80 4 68 37 39 100 61 77 24 15 70 90 87 56 3 20 33 94 64 46 54 23 65 93 44 82 69 71 34 14 76 98 86 47 40 17 95 9 99 89 38 27 59 83 57 12 29 30 74 25 73 66 19 51 26 67 91 36 52 55 6 18 78 35 50 85 28 22 31 8 75 32 48 97 2 63 16 
6 87 56 76 45 53 18 17 93 92 7 74 69 35 100 49 85 21 36 11 65 44 52 78 88 5 2 8 42 66 55 26 46 32 98 67 29 61 72 22 24 75 90 28 71 40 9 15 51 16 81 41 84 14 99 62 83 97 3 59 31 20 13 77 50 34 96 23 33 38 10 68 63 12 30 1 58 86 60 39 54 91 64 82 47 43 4 57 73 48 95 27 79 80 25 37 70 94 19 
24 71 96 48 23 81 82 72 88 69 2 46 63 51 64 83 54 76 21 1 15 31 92 65 94 20 66 86 87 68 8 14 70 95 84 41 4 30 98 62 3 10 67 34 47 28 38 29 9 57 39 58 37 44 85 91 73 93 17 56 27 55 89 25 45 79 53 12 40 80 26 33 35 6 22 5 50 78 13 97 49 19 61 52 77 60 11 7 59 74 42 43 75 16 100 18 32 99 36 
93 40 12 19 52 31 83 76 47 38 1 16 27 92 29 41 74 53 89 20 35 48 72 80 63 79 5 50 3 78 62 90 22 70 95 82 66 71 55 64 39 56 73 51 37 30 67 34 26 45 77 54 87 99 10 14 68 13 25 42 96 7 49 86 15 32 94 8 59 23 36 21 60 11 75 65 18 24 88 44 6 46 28 84 33 4 97 100 9 17 57 58 81 98 69 85 43 2 61 
7 48 91 35 27 99 1 82 46 9 77 40 64 4 28 16 59 60 84 47 58 79 52 71 24 72 65 50 41 30 88 37 3 42 34 75 74 44 2 97 26 81 68 15 39 53 12 17 8 10 80 69 85 14 33 96 70 38 45 5 78 66 93 31 76 11 6 55 56 73 57 51 62 23 25 19 89 21 83 20 67 63 100 94 32 95 98 49 36 90 29 22 43 18 13 61 87 54 86 
44 70 97 35 18 29 54 99 73 56 17 75 57 22 20 19 60 61 98 11 90 2 39 62 65 55 86 64 52 24 59 9 25 43 69 14 84 31 12 68 72 94 8 4 27 74 92 80 49 100 36 45 21 42 79 1 89 77 46 88 82 26 33 10 5 23 32 38 48 53 66 95 3 87 85 71 81 76 91 50 13 37 15 83 96 47 28 30 41 7 67 16 58 63 51 6 34 40 78 
75 68 41 11 26 16 69 77 33 2 23 49 27 29 85 13 76 88 96 95 47 45 87 55 62 86 10 83 36 60 48 5 24 50 74 98 97 78 54 4 20 3 6 84 89 31 90 67 92 32 52 99 42 30 35 12 28 65 9 1 93 8 59 100 43 40 58 17 38 22 57 37 46 14 72 25 71 70 15 21 56 34 39 66 63 79 91 61 19 44 73 7 18 82 51 81 53 80 64 
2 71 34 81 33 52 4 59 90 80 75 23 58 66 42 41 82 17 10 46 87 78 49 7 13 35 6 84 36 32 47 91 22 72 51 60 77 16 57 94 83 38 26 73 79 98 8 11 31 3 99 40 86 50 67 70 62 65 24 39 45 53 28 55 1 61 64 76 69 88 5 74 68 12 93 44 29 89 43 100 20 27 85 9 21 96 37 14 19 15 56 54 97 63 18 48 30 92 25 
52 75 3 88 23 15 7 71 92 34 6 79 62 76 44 10 14 99 68 60 58 42 19 53 55 64 21 65 2 83 90 66 36 100 38 67 18 56 25 89 13 20 73 50 93 91 4 78 43 98 81 82 72 17 94 24 30 87 45 5 77 80 37 28 27 46 54 33 32 95 1 31 22 35 70 51 29 9 85 49 8 39 84 26 11 48 69 63 97 12 57 16 59 47 40 41 74 61 86 
12 37 96 62 85 87 16 63 33 98 13 44 79 5 77 36 29 20 24 50 42 57 64 83 65 81 86 46 25 61 78 22 8 6 30 58 94 11 35 91 71 69 84 72 18 4 26 55 60 92 48 7 14 67 45 34 15 21 19 53 59 54 80 38 32 40 75 82 27 43 68 56 100 52 28 90 70 41 9 10 89 99 1 31 93 76 95 73 74 2 47 66 17 23 88 3 39 51 49 
6 27 54 70 59 47 29 24 95 39 22 80 13 88 72 30 28 8 63 77 81 33 90 85 73 38 16 66 82 42 92 37 14 94 45 53 83 46 36 65 48 3 71 35 49 34 31 64 57 93 58 99 44 91 96 26 68 69 43 79 55 97 19 9 89 56 5 17 76 40 12 21 75 18 62 10 32 87 86 25 78 60 51 41 74 67 23 15 7 100 61 20 11 2 50 84 4 1 52 
58 81 36 97 32 45 100 74 39 65 25 20 61 86 26 4 33 30 15 67 5 37 91 18 9 49 94 47 41 19 70 23 11 71 3 79 60 73 13 89 14 59 96 29 21 48 90 62 35 57 84 76 66 53 56 8 43 28 50 88 52 78 63 82 92 24 55 16 98 95 75 87 10 46 27 72 2 17 68 31 42 1 83 22 77 51 85 64 54 7 80 38 44 34 6 40 69 93 12 
35 67 46 92 8 63 32 10 23 9 71 70 73 18 54 17 19 24 57 84 26 3 91 62 37 69 21 49 82 64 41 5 45 33 72 1 6 97 51 55 12 25 85 34 31 81 93 99 78 47 39 96 22 29 75 66 74 11 94 28 7 59 50 27 60 90 87 42 68 4 53 13 86 88 2 77 95 38 16 36 76 65 40 58 80 83 44 52 56 15 79 30 89 48 20 98 43 61 14 
