100
80 2 14 62 46 83 51 68 89 24 92 99 6 31 13 73 84 56 9 15 78 91 75 38 88 81 98 67 94 63 20 87 45 30 70 71 54 4 85 5 8 49 48 41 10 29 65 76 33 96 40 
58 56 40 25 37 60 66 16 24 92 76 79 83 21 55 94 6 19 26 17 3 29 42 52 28 63 35 68 22 87 100 33 96 74 65 8 67 20 14 73 38 86 30 39 93 95 5 47 69 78 1 84 54 59 72 43 
94 51 39 8 2 54 29 49 89 57 87 68 58 86 98 79 52 97 45 9 74 60 64 22 18 69 44 70 65 71 14 28 4 33 5 47 24 77 13 43 34 30 81 38 35 56 
34 19 56 95 75 27 29 1 3 57 53 5 61 41 81 9 11 62 10 42 76 99 69 71 47 77 84 25 28 13 67 50 7 87 59 44 21 91 45 46 6 39 88 17 100 12 
84 3 61 58 95 29 41 20 92 28 19 6 70 73 64 66 68 96 63 79 100 4 82 25 89 40 47 77 62 2 35 86 17 30 81 16 56 39 97 23 42 52 54 21 87 74 69 26 1 71 46 
72 99 75 43 63 80 32 66 44 21 47 82 62 74 78 19 10 90 15 29 16 36 40 2 56 38 51 41 93 95 77 48 11 86 73 17 67 39 70 85 30 5 79 71 22 1 8 42 60 83 34 76 49 4 9 20 53 
26 46 11 4 85 84 66 35 69 12 21 28 60 63 81 52 50 44 79 77 75 86 83 92 25 20 54 23 8 100 49 30 15 80 95 61 97 72 68 51 57 40 22 17 82 
2 23 90 7 39 10 49 42 51 3 6 72 85 65 64 71 20 24 25 30 66 33 1 37 68 79 74 61 98 41 18 81 55 43 88 31 78 13 100 50 58 96 89 63 73 34 93 62 84 40 35 17 77 92 27 15 99 54 22 32 
1 12 88 31 19 3 54 14 93 91 26 48 21 65 38 62 43 70 59 74 6 72 18 49 64 80 98 17 79 75 20 53 24 4 92 99 46 42 39 89 45 11 10 36 56 87 32 
26 15 60 41 92 19 87 69 98 66 39 1 91 12 20 65 72 56 13 100 88 14 82 27 52 74 58 4 94 47 8 64 28 36 54 90 6 9 34 43 48 95 76 42 63 61 11 59 
43 32 36 4 84 78 90 91 24 88 69 48 45 6 27 65 97 40 12 93 18 59 30 7 10 31 14 85 9 23 29 19 70 61 66 80 94 44 57 35 79 
11 19 94 28 69 35 60 29 99 61 17 74 44 79 14 58 73 36 10 4 82 48 56 31 46 93 49 53 62 16 63 9 26 67 80 57 7 24 68 27 91 86 37 83 
83 78 34 45 30 24 89 37 20 71 1 69 74 23 91 36 65 53 41 85 93 42 8 86 68 51 3 62 16 73 22 63 10 72 49 31 61 55 28 35 4 79 15 46 84 25 19 58 40 47 29 75 
54 57 58 39 65 49 37 10 60 75 92 2 96 17 43 12 52 1 80 23 87 21 16 28 24 93 66 45 20 55 70 29 77 79 98 48 63 85 68 78 84 9 32 42 97 11 72 83 3 82 88 73 
32 26 17 37 56 48 33 100 59 16 55 91 51 61 30 18 94 29 84 34 46 54 44 24 82 41 22 66 60 49 83 43 71 57 72 70 73 7 69 1 13 75 62 92 96 21 8 50 27 20 19 85 68 6 63 10 
2 66 90 98 94 57 12 88 40 96 77 6 63 26 31 86 83 35 61 17 78 73 95 100 56 67 24 69 13 44 99 71 46 32 18 97 79 5 65 36 38 14 48 82 64 25 80 62 91 76 42 15 
72 55 7 38 91 62 19 96 79 88 61 82 9 2 8 14 92 77 83 89 69 35 51 87 47 49 40 37 48 5 30 33 86 81 94 60 97 44 29 15 90 4 21 12 41 74 6 100 70 20 59 68 64 57 16 46 39 
29 16 61 72 31 66 9 77 75 11 21 76 59 47 90 82 34 33 39 87 32 71 24 15 63 70 19 86 22 41 38 58 27 52 37 62 3 53 30 88 8 51 93 100 
74 49 18 75 47 27 46 87 29 20 57 85 28 79 99 83 88 58 17 26 6 30 62 32 12 96 36 92 25 13 10 15 65 68 33 97 77 59 9 72 73 61 2 31 45 11 76 5 4 86 42 34 22 89 95 82 
9 29 6 33 10 38 47 62 55 95 24 1 90 91 52 79 22 14 46 100 74 15 81 96 49 31 42 94 30 56 75 5 73 8 26 92 67 2 58 17 68 13 57 70 87 21 7 36 19 
64 41 50 39 4 49 20 31 97 91 29 79 63 75 74 6 18 23 26 14 83 84 24 48 7 78 5 47 85 35 93 82 95 42 9 71 51 98 15 72 96 61 38 68 17 2 62 43 57 86 53 77 
64 74 20 33 26 62 41 15 24 68 63 93 30 76 95 25 83 2 54 67 79 96 37 45 34 84 98 18 97 71 85 61 66 7 32 19 65 73 38 78 13 80 87 94 89 70 6 59 82 3 8 
97 81 21 42 87 67 96 85 69 46 35 59 54 28 68 5 64 49 75 57 25 80 56 14 91 61 32 95 77 47 29 50 92 8 27 98 89 11 94 13 30 31 99 43 74 52 7 
54 18 40 55 44 73 50 21 32 49 53 59 81 38 12 28 91 69 58 34 78 33 22 95 90 8 66 100 2 1 93 46 37 26 60 42 9 86 43 82 67 99 29 15 11 88 61 64 3 25 84 16 76 14 13 30 80 83 20 
56 36 22 23 7 4 13 2 97 71 98 30 100 31 91 46 89 54 76 63 72 78 40 28 8 57 48 74 5 29 42 58 92 45 99 35 95 19 16 33 44 62 90 84 24 39 75 
5 59 98 54 46 53 55 99 12 82 15 65 94 84 16 7 40 28 20 87 32 57 42 76 48 97 63 22 90 33 67 56 19 71 29 88 60 9 62 10 21 80 50 95 83 41 24 2 86 58 89 43 34 92 37 74 
96 78 94 79 54 74 32 10 41 30 33 61 76 49 12 66 84 23 92 81 18 11 93 45 56 34 43 8 90 75 55 70 4 53 72 19 15 67 
95 72 42 73 14 52 13 92 23 43 30 37 4 94 38 76 12 25 67 32 19 75 10 2 5 81 65 70 46 96 24 3 80 79 26 31 61 34 84 7 87 36 68 90 62 93 
95 24 84 48 79 31 89 98 19 58 21 35 12 4 1 42 18 52 2 11 6 47 5 93 73 46 87 39 30 64 15 71 23 68 67 13 99 54 59 60 70 40 20 14 26 17 85 25 3 77 72 88 62 69 56 
24 95 63 73 67 38 74 71 25 41 13 8 42 20 34 43 79 2 17 1 49 18 89 23 48 59 5 6 19 85 72 97 70 99 56 90 29 15 11 52 22 98 65 75 28 27 91 84 3 57 40 7 36 94 
50 54 28 92 88 77 98 48 76 21 23 49 87 37 45 99 53 19 55 16 13 18 94 65 11 58 83 25 12 70 9 74 60 89 95 91 8 59 78 1 51 20 80 29 62 
22 99 96 55 51 98 44 75 48 79 65 88 78 16 40 34 47 37 45 97 28 72 43 74 6 39 9 38 27 8 84 19 42 50 24 14 87 92 69 36 18 26 23 11 89 57 80 73 49 68 60 33 66 15 93 
61 36 1 38 77 97 87 2 74 43 71 34 35 94 52 86 20 55 89 93 17 76 3 19 44 18 51 59 96 56 27 50 82 41 57 15 73 72 25 8 99 32 22 88 24 65 37 70 26 
63 97 92 4 26 73 94 15 54 82 66 22 49 35 84 68 43 90 56 58 74 42 52 19 3 32 8 95 78 61 89 27 72 30 86 40 71 96 33 6 50 24 13 62 48 28 93 18 83 10 69 59 41 
5 50 78 21 29 46 61 3 91 88 40 52 16 84 7 71 37 17 44 83 45 53 23 74 13 11 38 99 2 92 93 33 36 72 25 41 8 12 66 98 39 85 81 95 34 
32 83 72 76 19 6 51 38 99 65 57 30 54 81 48 89 11 92 55 28 69 52 75 47 20 40 68 9 12 90 13 33 63 61 10 35 73 60 16 42 25 53 45 44 
85 93 75 92 14 57 2 45 22 39 42 17 13 33 91 69 38 77 32 15 90 64 89 51 28 61 71 44 81 95 12 8 26 35 54 82 31 65 55 49 94 24 40 50 53 18 58 79 46 74 86 
50 48 78 28 62 41 30 42 45 36 9 35 1 65 54 6 2 20 39 17 16 91 37 72 87 74 24 86 22 89 40 21 82 88 80 99 95 47 70 18 100 3 55 66 64 53 46 32 61 33 
46 65 70 77 8 43 88 44 32 53 6 21 80 29 25 10 47 17 56 40 51 37 5 89 92 35 3 52 4 18 14 2 84 57 41 99 60 67 85 63 38 68 9 71 76 78 
1 35 69 11 55 38 74 8 53 78 57 93 30 16 84 32 6 29 71 58 100 5 37 36 50 73 7 44 67 75 34 26 2 91 42 24 43 89 56 47 51 65 79 39 13 76 25 45 17 87 62 
6 51 75 79 59 26 30 68 33 93 17 83 72 10 8 39 54 82 57 87 74 35 96 1 84 80 18 98 85 21 43 5 46 53 97 49 13 15 67 22 27 62 56 45 34 38 4 44 76 
23 99 79 48 94 63 58 71 32 14 80 44 54 40 5 66 9 45 10 29 24 89 88 13 100 64 53 26 78 75 21 56 16 4 8 25 95 57 93 51 34 36 20 68 38 6 19 30 47 59 28 2 65 83 67 37 
65 79 39 63 76 71 50 89 58 6 90 64 87 44 69 41 21 40 14 48 24 62 73 100 30 2 99 28 68 92 34 61 23 26 72 3 67 70 47 80 15 54 55 32 11 10 33 8 27 9 53 
74 89 78 4 24 3 64 79 42 75 67 81 71 11 7 93 91 94 15 59 73 58 35 32 43 17 57 62 85 6 70 41 25 33 12 68 82 88 87 60 46 98 40 37 47 96 39 36 16 
90 31 72 14 99 64 32 11 85 22 3 41 49 67 48 36 25 84 76 87 94 13 68 9 82 50 62 40 53 74 19 96 27 61 95 79 4 38 1 37 35 71 58 51 42 86 
67 9 41 92 77 78 7 39 15 65 49 44 76 25 64 99 53 5 88 4 28 13 79 71 35 97 24 72 19 17 23 85 69 51 38 26 75 37 89 16 12 70 91 73 86 83 20 1 29 
50 29 5 39 2 40 17 20 18 58 83 55 13 71 21 100 89 23 82 44 87 72 52 4 38 6 42 59 64 19 36 62 61 88 99 60 90 97 3 10 91 73 32 43 
16 81 87 15 25 77 34 17 38 36 94 93 78 1 42 45 6 96 21 56 89 10 55 49 54 100 12 66 31 14 43 9 11 85 50 29 67 70 52 84 98 91 79 26 32 76 65 30 
74 65 23 30 15 34 99 78 3 57 37 48 45 54 91 77 83 64 80 50 72 46 53 9 71 60 17 24 55 27 52 14 20 21 58 84 31 59 41 12 32 56 7 19 1 75 88 89 8 13 100 6 
38 40 21 90 69 7 8 75 47 83 24 93 15 51 98 23 48 55 33 37 66 52 72 31 97 45 34 62 49 58 57 67 71 63 61 35 32 26 4 65 43 94 
46 92 88 50 42 75 56 55 60 67 77 7 45 36 13 40 90 86 15 78 69 66 54 17 64 31 3 63 70 59 41 8 73 71 99 32 37 33 93 21 1 6 53 52 81 18 39 74 
2 97 39 76 54 68 59 94 50 7 34 92 18 20 5 83 51 23 53 10 77 29 70 78 82 35 48 65 47 33 28 49 60 62 91 66 79 36 69 3 30 14 72 86 
69 36 49 71 38 92 41 74 51 40 66 80 75 84 59 35 56 13 100 70 83 89 21 4 61 81 93 6 12 57 26 9 52 54 46 37 73 45 18 94 77 31 27 43 39 42 24 72 
97 86 81 36 51 38 5 52 1 41 74 26 8 58 2 10 91 85 96 15 73 7 99 37 65 43 78 34 87 9 61 42 55 66 48 75 76 84 23 49 24 25 3 22 83 59 27 63 100 90 31 29 14 53 
20 36 26 83 50 57 59 64 74 65 49 67 82 92 2 68 66 86 13 84 62 24 32 54 8 70 27 43 47 17 48 51 58 40 96 15 31 38 56 95 33 71 76 75 99 37 80 14 
92 5 83 4 33 90 25 6 85 3 39 99 34 9 80 98 2 23 74 87 55 53 100 95 41 10 65 12 49 27 40 29 26 84 97 30 69 75 59 42 66 16 1 48 72 86 51 20 15 73 
17 7 81 3 93 58 4 26 49 84 55 23 64 89 95 12 14 41 11 40 98 42 74 32 70 60 16 44 53 94 15 36 30 88 19 25 83 96 20 99 87 68 39 65 21 50 37 33 85 
65 5 18 87 37 77 80 34 19 71 10 45 42 13 2 96 3 92 83 94 20 44 63 75 25 29 40 59 54 69 50 85 8 24 26 55 62 99 14 31 100 43 88 93 84 49 12 57 47 82 76 
49 82 65 19 24 51 80 30 73 93 69 63 18 53 64 2 17 54 26 22 9 58 90 47 62 34 11 70 76 44 87 31 85 91 78 4 41 100 23 79 60 15 83 33 77 52 42 55 61 29 56 10 
14 29 52 77 98 12 51 24 26 78 47 96 36 32 88 15 95 72 69 86 66 81 44 10 94 49 3 68 17 57 85 6 7 74 76 39 99 59 31 2 
92 35 87 73 69 7 81 23 37 83 8 45 78 85 10 16 75 47 19 27 24 68 50 28 5 93 72 15 33 38 13 11 22 43 67 21 63 34 76 17 62 53 59 80 4 54 70 36 89 18 12 86 66 71 
17 20 80 38 19 28 43 87 92 52 12 96 63 5 100 59 21 44 34 88 90 8 15 71 86 31 1 25 6 45 68 55 65 9 93 58 16 50 13 4 41 18 85 40 26 95 81 64 47 76 22 61 29 97 79 
83 7 12 62 13 74 34 43 77 50 14 66 21 26 25 42 58 71 18 76 59 8 72 30 68 36 95 51 2 94 85 22 65 1 5 6 64 80 16 61 84 69 96 75 100 39 15 10 54 89 
63 98 94 79 69 74 5 22 46 10 66 3 17 89 70 95 83 59 76 88 77 29 8 23 38 47 24 16 72 62 45 57 68 100 21 9 42 51 37 49 55 44 43 
46 33 85 66 8 97 43 22 84 93 37 32 94 100 59 96 9 26 88 16 63 49 40 95 57 30 56 2 92 83 31 52 14 86 42 98 28 50 36 67 91 99 39 58 19 80 11 71 75 10 54 70 13 77 38 87 73 48 90 1 3 62 55 
50 35 86 48 38 95 100 56 24 7 73 87 51 67 91 5 63 2 16 18 90 60 52 55 10 85 42 70 14 61 22 34 65 96 68 8 27 88 15 32 64 78 92 97 94 54 53 11 6 75 
45 28 23 27 88 51 87 70 90 2 61 6 41 99 65 98 40 44 22 29 85 1 24 93 30 26 96 66 48 50 20 12 4 16 43 46 81 55 39 42 100 
66 1 62 88 42 3 15 81 13 60 83 70 41 72 45 2 57 73 12 21 14 32 64 23 76 36 80 86 98 87 61 5 55 8 94 96 34 7 20 17 78 89 82 75 43 52 63 85 22 44 100 19 28 79 39 29 
23 5 81 32 79 75 93 3 24 4 50 2 59 99 40 77 90 78 73 51 34 83 64 97 17 56 92 13 76 52 29 60 95 61 36 98 100 16 12 7 88 37 46 10 63 15 96 53 58 11 94 43 
53 3 87 6 98 51 15 28 61 11 84 59 39 96 9 67 52 68 5 1 31 81 66 80 75 73 95 17 65 14 33 30 43 48 92 77 89 22 18 29 64 100 38 85 57 71 46 44 27 55 20 
16 8 3 39 96 76 55 50 65 6 99 45 29 47 90 89 5 46 25 88 51 61 26 40 83 33 42 44 78 35 72 73 37 30 75 13 4 63 70 92 15 18 1 58 34 53 49 21 62 81 97 22 43 
2 60 8 100 35 7 45 6 91 75 41 27 89 36 53 68 14 63 29 71 49 61 9 32 38 25 50 87 21 95 94 47 33 10 30 82 15 17 28 34 13 19 81 64 46 43 56 83 78 18 52 
65 40 78 16 66 30 61 81 87 44 33 46 91 82 15 5 22 19 54 92 20 34 29 47 43 53 6 13 8 24 69 68 56 51 75 28 99 2 36 88 59 79 12 14 32 71 95 1 70 93 80 
34 79 75 54 49 99 40 57 8 12 23 2 35 60 56 27 81 38 53 78 41 77 10 21 93 5 20 31 97 37 19 3 84 6 25 17 88 9 55 26 32 64 13 33 98 100 22 30 45 63 51 44 
91 58 85 63 68 97 20 46 25 51 1 37 13 50 94 66 65 4 32 80 21 23 73 77 49 15 19 36 41 40 28 74 61 81 82 44 42 54 55 53 56 89 18 79 30 90 93 72 9 6 71 70 27 7 76 87 69 95 14 
58 31 77 40 6 48 33 43 2 54 79 16 84 1 81 69 91 22 93 36 78 61 52 98 19 55 97 10 45 4 71 95 28 96 99 39 64 75 59 60 25 24 46 68 63 62 41 83 26 27 18 
75 53 3 100 33 58 14 21 76 37 63 52 60 64 7 6 84 23 85 90 65 89 16 80 49 70 29 5 78 91 46 4 93 19 39 17 48 99 92 69 74 59 83 31 51 8 18 82 
76 69 44 93 83 96 49 88 6 25 16 14 39 74 100 68 13 82 46 40 77 38 73 81 91 21 42 54 27 34 71 72 52 98 79 51 11 48 59 35 94 60 97 22 85 66 31 2 24 1 8 32 61 
17 76 91 16 89 29 84 80 59 43 48 19 69 27 68 12 3 73 22 9 5 44 45 78 8 13 95 37 41 20 42 92 52 2 21 90 6 7 98 32 74 46 64 86 14 11 88 75 40 30 28 62 
79 59 6 32 56 75 99 26 95 58 70 1 16 73 14 12 53 85 93 42 31 24 49 81 98 63 41 77 39 9 28 61 89 97 62 100 91 7 23 11 22 43 65 55 68 38 
69 76 1 23 61 62 24 72 8 17 100 68 48 85 98 7 35 80 54 89 28 71 51 36 3 78 95 75 4 20 44 60 73 67 5 99 57 27 37 53 88 96 93 83 70 74 
15 68 95 26 100 99 10 21 33 77 88 75 41 24 7 44 87 18 52 12 16 98 45 72 73 22 58 90 47 6 34 86 78 94 38 59 14 17 5 92 37 55 19 84 
76 69 58 42 14 77 13 50 2 21 89 54 71 12 15 31 34 36 92 64 35 53 91 41 61 86 68 78 63 56 24 22 65 95 47 72 52 49 26 59 7 19 81 17 16 6 1 46 57 55 
45 58 14 55 21 89 26 30 77 27 99 34 2 86 8 48 79 39 54 22 32 15 41 70 97 56 74 85 95 65 49 28 5 13 25 93 76 1 24 91 7 11 57 82 53 100 29 35 4 63 40 
54 66 78 11 77 21 68 63 99 80 61 15 41 8 75 44 97 88 7 81 93 37 45 56 39 19 90 70 89 67 46 62 60 14 84 35 22 29 58 48 6 30 57 65 59 23 92 1 86 13 
37 21 66 97 68 84 7 45 26 16 24 83 61 18 17 13 79 99 46 3 34 55 51 12 2 60 85 82 65 98 19 5 52 62 6 33 56 38 54 
98 70 89 88 93 17 75 57 99 82 56 2 14 26 18 47 10 45 59 3 91 4 20 31 61 19 40 28 73 54 22 62 65 90 9 48 72 33 44 67 32 38 5 66 100 23 43 41 58 95 1 29 68 
99 58 11 44 38 9 10 33 32 60 71 17 24 49 87 78 96 79 69 42 26 16 67 1 93 74 82 19 95 66 39 73 29 8 81 18 65 51 31 4 47 57 14 85 68 35 62 64 98 46 100 
70 44 19 5 77 13 37 30 81 61 79 53 42 87 3 84 8 48 33 29 85 64 22 1 34 46 80 49 31 98 83 63 9 71 39 43 68 25 72 47 32 36 57 26 17 75 91 38 23 40 
92 69 96 37 26 75 99 82 18 16 51 67 79 36 50 10 87 11 91 8 56 28 59 34 94 97 85 17 30 6 54 25 24 43 93 62 20 71 65 27 45 47 98 66 77 
83 65 24 49 9 12 10 78 44 95 31 48 87 37 84 30 47 79 76 38 11 46 15 16 90 35 21 54 72 40 20 100 4 17 23 80 13 66 77 1 73 25 89 52 59 75 
7 19 14 36 52 56 61 43 55 26 85 10 27 9 5 25 93 35 58 73 69 53 66 17 79 77 34 1 51 32 39 83 20 71 70 8 46 31 82 37 15 62 90 65 28 96 2 23 
95 53 75 33 88 40 87 92 14 11 74 57 59 76 81 61 13 50 67 73 58 42 6 28 8 62 77 90 85 37 2 35 12 21 48 32 99 65 34 80 69 41 84 51 44 22 27 78 9 29 94 18 24 97 
95 2 57 96 1 31 58 28 66 26 37 12 20 52 69 90 22 15 68 42 30 65 78 64 3 11 72 48 45 27 17 93 63 53 82 98 50 34 23 75 33 100 16 10 60 97 44 
87 82 16 96 79 88 94 4 2 35 38 5 10 57 31 23 30 80 75 25 29 56 55 60 83 42 24 65 28 20 7 70 81 22 93 91 62 45 72 66 63 76 97 37 73 64 6 21 69 84 19 26 34 
94 62 69 32 22 81 99 15 65 2 100 92 34 27 8 19 60 48 68 5 95 44 16 33 66 71 63 28 76 45 67 78 54 14 55 23 17 57 58 20 90 21 88 41 70 1 
33 41 47 26 5 69 76 93 17 90 52 19 25 22 7 32 95 80 75 85 62 23 14 66 84 74 54 94 56 11 78 16 3 71 98 21 46 34 30 65 86 50 
1 74 86 94 16 50 90 70 26 14 97 23 30 64 35 76 99 56 67 60 88 78 10 89 48 29 8 41 44 25 3 22 9 79 31 82 69 80 87 21 81 32 65 68 57 
69 93 73 6 23 36 80 31 16 12 71 96 25 35 4 56 47 46 9 24 32 30 43 85 76 57 87 81 49 58 38 84 19 45 88 60 86 54 55 8 82 29 65 77 67 33 51 42 98 74 1 39 26 90 
74 81 80 54 64 2 4 49 94 77 63 96 5 38 24 48 16 84 8 25 7 43 56 42 67 91 20 18 68 62 15 40 47 10 88 78 82 58 69 66 53 87 70 59 65 17 72 