100
78 98 60 29 83 14 94 59 28 52 69 75 11 3 19 4 10 18 22 86 9 40 71 25 84 5 92 2 97 26 81 96 42 16 79 68 45 21 87 66 27 100 65 55 
10 59 32 63 27 70 62 17 85 67 98 58 69 44 57 78 51 54 33 26 39 21 46 92 3 61 31 18 47 6 68 45 9 72 83 82 36 95 40 41 71 8 1 88 97 100 
5 33 18 62 93 13 24 47 6 29 89 9 86 73 60 48 1 37 69 25 64 90 81 10 27 82 16 54 94 7 30 32 92 96 36 53 15 65 63 45 59 52 14 71 74 2 84 72 44 40 41 55 58 56 
24 69 23 46 60 14 76 39 27 37 53 57 18 36 94 13 55 97 80 45 73 74 34 95 92 51 5 19 83 86 71 64 9 70 16 96 1 43 28 63 75 77 8 20 68 42 
33 22 39 82 55 92 21 50 47 78 48 88 51 91 99 17 45 89 12 98 15 75 100 14 58 26 61 79 57 65 13 1 35 86 4 18 38 74 34 3 93 44 87 68 6 40 
42 52 3 96 14 32 89 67 75 25 30 33 70 92 36 74 55 79 84 94 17 97 44 63 57 85 40 26 34 2 39 51 31 66 82 83 22 5 68 90 15 73 65 19 100 99 58 77 59 
15 24 21 18 85 37 79 68 30 60 63 93 46 43 81 78 96 82 32 42 99 22 20 35 29 33 67 36 94 44 16 3 69 84 57 89 13 65 51 41 72 28 31 40 10 17 26 
88 13 41 87 66 39 92 59 29 32 52 25 54 2 83 45 20 14 40 56 43 17 95 38 27 46 22 61 62 24 74 34 48 4 96 60 58 94 26 28 97 12 84 9 18 100 
39 10 32 54 81 36 29 14 42 38 4 67 16 55 23 77 31 13 49 20 34 21 64 8 73 33 25 91 87 86 88 89 52 45 12 99 3 59 80 1 84 28 76 44 30 98 95 100 75 58 40 50 11 74 2 83 41 68 
93 2 62 95 31 1 45 81 22 92 61 57 9 19 76 99 16 68 100 42 17 87 88 58 39 48 70 47 18 46 69 25 3 27 66 36 73 55 38 59 80 30 7 97 67 35 37 
42 19 55 70 13 23 56 84 46 29 80 53 22 96 72 76 43 20 57 98 88 12 45 1 34 93 47 92 50 79 9 58 18 32 16 63 37 86 39 89 74 
42 87 52 15 61 36 83 62 27 91 46 95 41 93 85 23 14 47 88 16 53 69 29 65 79 55 24 92 18 96 84 77 56 94 5 70 64 30 81 49 28 98 22 9 13 89 11 38 71 8 34 72 80 43 48 
17 38 33 32 20 4 75 73 9 47 5 34 31 59 8 12 56 26 45 11 98 65 40 44 52 29 74 16 39 67 7 70 51 22 61 85 43 30 35 68 63 84 93 53 97 3 78 42 89 92 18 
70 46 34 9 55 23 35 43 6 73 20 82 4 75 94 52 69 62 60 24 78 90 72 1 97 30 99 98 3 37 32 26 8 12 17 57 21 5 42 56 19 77 86 
85 99 61 33 39 40 70 12 54 37 43 22 38 88 92 5 44 23 3 91 19 6 45 64 18 7 82 60 56 21 62 63 100 51 31 84 49 28 96 50 16 46 76 52 26 20 90 
42 56 9 4 98 82 36 87 59 26 100 52 24 45 90 11 15 48 7 63 47 71 60 51 13 17 32 10 27 84 12 93 97 89 22 54 80 41 88 3 34 28 25 38 19 46 72 99 18 68 40 76 44 77 1 
57 42 93 22 99 40 71 30 58 68 41 38 100 39 46 70 19 2 8 32 66 76 23 52 96 98 16 56 6 80 33 29 14 36 94 53 91 84 5 95 37 10 77 43 13 7 64 
89 2 64 87 28 11 83 40 3 41 48 68 24 52 8 55 69 66 80 1 27 30 71 99 70 7 45 88 94 42 85 91 77 10 31 38 51 12 33 4 72 13 86 16 5 73 74 36 15 23 76 
42 81 68 1 23 28 14 38 93 27 61 49 100 43 6 69 67 71 26 22 15 16 91 79 60 53 37 44 62 59 84 25 10 87 24 92 11 80 46 77 78 50 4 65 33 73 17 
96 45 52 97 47 31 98 15 94 100 60 32 23 61 49 56 50 36 83 66 53 73 13 87 11 7 26 92 76 89 28 30 37 4 9 72 57 74 99 65 8 14 51 25 
98 97 37 79 80 84 95 69 2 53 29 42 46 78 26 96 68 50 85 23 56 66 31 51 7 88 54 67 32 58 9 45 39 47 82 60 81 75 15 91 1 57 89 5 41 55 87 65 33 62 44 94 93 14 43 
84 39 95 30 63 11 26 52 15 48 66 88 75 80 12 25 33 79 19 94 62 73 29 57 8 17 5 1 98 10 68 45 67 87 93 97 61 37 58 31 44 86 7 71 36 43 27 82 72 13 54 16 40 6 42 
58 55 19 29 44 92 25 36 72 91 86 80 77 90 93 95 89 56 81 98 34 68 73 96 18 87 48 54 21 4 12 28 97 60 17 14 85 99 11 75 40 24 78 50 65 9 83 62 79 20 27 15 66 35 
23 3 18 7 70 89 40 80 77 12 78 16 47 49 27 14 82 58 8 84 31 68 92 76 98 46 63 96 19 95 30 4 97 79 66 42 60 86 93 69 37 56 
3 57 80 92 9 47 74 85 68 19 75 87 52 93 27 6 79 58 45 28 51 20 30 49 76 59 44 70 89 16 81 64 35 56 65 98 1 95 29 66 43 8 22 67 10 97 23 96 37 46 69 99 
39 80 66 13 99 41 20 90 15 2 57 56 5 32 86 16 65 83 48 42 95 89 29 94 58 46 75 62 97 21 27 76 28 8 96 35 51 34 1 53 88 14 82 71 78 79 52 43 19 31 33 22 37 38 6 7 
25 39 16 49 43 28 72 22 55 1 91 100 8 51 56 35 60 36 66 70 52 46 45 34 4 12 50 26 53 2 30 42 74 18 86 94 44 97 90 23 24 62 57 63 79 59 10 47 54 3 61 19 
50 61 71 12 9 40 4 78 19 47 42 79 23 37 66 87 41 57 27 60 63 98 20 31 70 1 36 99 29 15 7 68 97 46 39 52 92 32 18 45 26 100 49 69 38 95 94 8 16 30 90 81 25 51 
65 17 91 9 100 96 54 25 11 26 98 56 52 22 40 35 61 64 31 99 21 62 69 39 50 1 45 33 41 67 78 36 63 79 95 49 73 3 74 97 13 7 48 23 30 94 8 85 72 46 68 57 42 80 28 12 
29 17 18 64 56 37 78 39 57 22 73 10 28 71 65 74 100 75 48 99 24 81 40 50 62 85 3 35 9 25 13 27 6 89 86 12 63 60 45 93 14 42 44 41 20 7 53 38 82 77 
74 85 10 46 15 9 7 24 34 13 44 59 88 62 60 21 75 78 6 2 51 18 72 55 50 95 35 28 26 79 67 47 94 20 22 29 57 
100 89 21 95 51 71 75 37 7 64 77 14 9 16 87 88 41 84 11 26 86 3 2 8 85 13 99 17 63 39 56 70 76 58 90 62 28 20 72 69 33 91 48 98 43 38 6 47 36 
91 2 78 47 64 75 3 73 45 96 6 60 87 22 61 58 83 7 37 89 52 69 67 17 62 80 34 53 5 71 13 76 29 21 81 63 9 26 18 100 35 39 72 15 19 98 50 32 97 57 
47 52 54 100 75 59 76 64 5 97 94 27 98 8 14 12 69 60 23 26 61 70 40 62 55 33 36 77 6 57 11 4 42 49 16 13 67 66 88 63 35 79 41 92 82 39 31 44 87 9 65 
85 43 79 30 91 58 86 49 87 38 31 74 88 57 80 78 98 40 48 23 36 73 96 14 52 61 13 33 89 44 54 29 67 66 37 7 25 5 34 82 27 41 39 47 60 10 26 68 
37 49 91 71 34 64 29 93 88 46 17 74 27 54 62 41 10 66 7 77 23 67 16 9 72 47 55 89 12 35 70 57 68 18 60 87 61 58 73 32 20 22 80 3 6 28 45 2 4 
39 66 95 24 3 47 65 100 26 79 81 56 86 83 72 33 70 30 17 35 4 76 63 11 59 67 38 25 45 32 14 80 21 77 20 15 62 69 73 28 55 78 92 51 7 40 10 53 19 49 94 22 36 52 99 
66 51 55 86 59 8 41 57 93 12 9 97 15 50 80 83 37 85 35 17 26 16 30 5 49 73 52 46 90 79 32 40 68 65 60 13 91 95 56 61 10 99 88 92 18 28 67 19 
42 32 15 98 30 45 66 33 59 89 54 11 9 26 72 60 62 41 4 27 88 6 76 97 81 96 2 87 73 17 37 91 13 29 49 67 63 28 43 35 8 34 94 53 46 78 64 82 51 5 61 21 100 68 48 83 71 92 10 22 
52 57 93 82 37 2 6 9 23 54 69 41 15 13 3 91 28 17 1 79 56 62 60 76 94 5 38 53 78 35 7 43 18 90 77 46 83 99 34 64 16 24 30 61 8 44 29 49 22 59 
50 39 32 93 45 36 54 40 18 64 89 91 52 84 76 29 68 8 38 21 35 78 61 71 97 62 9 2 72 90 70 28 17 26 55 47 69 30 80 58 12 63 7 81 92 34 66 53 16 67 56 96 3 88 74 
26 12 67 44 11 72 19 27 1 88 22 92 85 80 68 84 21 90 86 39 71 59 4 18 9 45 34 14 69 16 82 10 49 24 55 62 6 51 30 52 17 76 7 29 94 83 58 47 13 74 28 95 
32 49 77 26 96 53 57 21 69 44 13 22 86 78 66 59 8 52 64 15 19 81 40 73 11 35 27 99 94 25 93 7 91 87 14 17 4 80 39 83 12 100 56 
3 92 6 30 54 16 68 85 19 46 45 93 70 42 34 99 56 25 53 82 13 61 51 80 97 66 2 35 43 9 69 27 15 22 75 50 74 77 90 76 7 72 40 23 31 5 21 55 88 
96 50 64 83 44 98 70 10 4 62 61 55 97 18 27 8 11 94 78 30 1 41 33 2 28 5 37 16 77 92 22 85 36 42 74 15 20 13 25 65 99 21 88 9 79 29 60 93 3 81 39 
15 75 44 16 89 82 51 24 97 60 28 76 11 78 25 86 40 68 38 72 4 71 52 65 50 19 66 8 56 21 67 80 54 27 48 31 7 90 100 14 29 26 79 49 39 61 93 2 12 92 84 98 95 36 10 17 
97 62 65 13 67 91 25 83 24 31 69 5 37 42 48 34 55 79 50 12 36 16 10 28 100 11 35 21 57 53 20 75 64 98 32 80 59 33 72 41 27 73 52 68 70 2 3 66 82 60 
51 32 69 5 47 87 26 56 30 71 12 18 39 10 76 29 66 16 79 59 94 85 23 3 8 84 89 52 75 22 90 68 46 77 58 57 53 83 50 80 35 93 54 91 
12 57 66 80 73 67 76 99 91 97 15 20 24 34 88 56 40 93 96 58 46 94 42 82 71 95 89 36 92 9 35 52 70 28 25 62 37 29 39 27 63 43 19 72 74 87 38 
63 78 48 53 64 62 44 31 38 46 89 87 91 67 51 28 21 94 29 84 54 76 9 30 98 70 47 15 11 19 96 27 69 33 65 80 58 75 5 56 20 86 90 97 45 41 59 71 66 23 
27 38 55 31 46 82 44 62 56 99 5 98 77 70 39 76 69 42 60 32 18 28 7 13 26 72 63 57 20 75 88 92 87 15 58 16 37 91 97 93 21 68 50 2 6 25 48 95 4 
40 79 81 13 93 37 14 41 6 26 25 53 75 1 17 83 76 58 18 49 63 9 43 88 35 78 12 20 80 38 56 68 42 89 15 98 94 69 29 33 28 82 47 3 16 65 46 27 48 22 8 74 72 34 99 77 
79 60 21 19 61 37 57 64 27 91 85 82 43 26 39 89 93 81 59 54 62 99 90 41 83 76 100 13 11 17 69 30 50 87 92 52 44 48 33 3 88 40 98 12 47 4 20 
29 81 46 48 76 16 3 22 2 74 59 55 88 99 8 89 58 57 36 72 82 94 41 21 40 92 39 64 80 15 75 23 84 35 34 50 44 78 73 77 9 100 56 71 27 53 
36 38 93 31 5 23 68 91 4 69 86 3 64 21 10 54 34 95 18 51 11 9 37 58 45 6 12 47 83 57 59 14 90 1 67 41 87 66 70 72 27 42 44 
78 37 8 41 92 27 44 73 63 3 17 93 26 54 43 38 11 83 68 80 23 95 20 16 13 40 29 50 64 25 46 58 14 49 66 24 89 100 30 15 52 12 51 74 62 57 48 21 84 77 32 
28 95 56 20 83 75 54 29 77 96 81 10 99 97 2 30 40 6 53 67 93 35 55 85 43 72 38 4 11 5 17 21 34 92 64 78 33 7 91 62 87 26 90 47 51 36 27 66 84 49 31 70 63 22 25 14 48 
6 100 8 87 21 10 23 59 54 83 33 32 49 5 48 70 65 88 22 17 62 77 42 51 26 3 36 56 99 96 73 67 64 24 2 89 78 52 69 76 84 68 80 79 35 11 55 93 25 50 92 60 41 9 
91 88 70 6 16 3 38 19 37 1 60 9 89 94 90 73 79 54 10 34 75 27 68 78 82 43 48 96 50 13 40 98 66 58 93 31 2 47 25 77 72 8 53 39 74 42 55 84 95 
46 23 86 47 20 7 30 51 65 64 8 24 1 40 31 72 16 95 21 96 35 19 58 80 78 15 4 69 36 91 53 67 14 98 34 28 3 38 45 100 39 77 59 27 33 
100 67 15 62 93 86 90 20 68 66 88 27 89 12 5 45 22 40 92 99 35 46 78 39 38 34 28 29 83 79 13 41 36 71 33 80 65 8 53 19 10 73 44 2 
50 57 58 79 92 31 96 14 74 27 3 42 19 26 78 10 29 33 47 56 12 88 22 34 37 93 32 66 41 45 40 36 21 91 61 51 39 94 90 69 8 68 100 30 65 15 49 95 23 2 53 81 67 
79 24 16 69 32 49 22 82 100 39 75 56 92 72 68 51 37 57 50 29 78 33 66 81 34 6 15 7 3 41 67 27 87 2 30 13 65 4 52 28 97 70 11 86 94 88 
30 32 100 91 80 29 36 45 57 15 81 93 82 50 43 39 96 41 95 17 87 99 92 18 40 58 60 54 55 25 65 67 9 66 47 71 12 56 53 34 89 68 3 33 4 
3 100 70 58 75 84 13 30 61 5 68 90 21 19 26 87 45 77 60 52 66 81 69 29 63 50 64 12 78 1 47 37 23 85 38 95 46 71 96 62 20 34 6 7 25 
39 96 86 6 83 59 80 25 41 81 93 1 72 56 8 47 49 34 75 77 50 73 44 84 88 27 36 22 21 35 24 61 57 85 48 38 26 43 71 70 23 92 37 20 65 18 28 46 63 87 17 10 64 55 62 
19 57 73 13 61 98 35 68 33 2 41 46 91 79 10 77 50 58 37 34 60 62 36 64 42 55 38 76 96 9 21 29 49 71 95 31 80 6 47 39 22 89 69 90 93 99 85 7 63 25 
21 77 22 55 18 86 42 24 41 10 23 44 56 74 9 91 7 16 72 35 58 48 39 25 83 96 100 2 29 1 59 81 62 61 6 63 36 17 46 38 64 19 97 47 4 52 51 28 67 5 82 95 65 13 84 
47 76 48 42 2 40 51 52 4 84 37 18 87 29 19 28 14 32 50 98 24 79 96 60 55 25 7 12 58 74 67 92 3 43 41 63 21 89 10 94 65 33 62 53 81 34 44 1 
12 36 66 87 100 32 10 49 65 13 41 76 71 91 28 81 58 57 27 51 47 11 59 84 17 94 96 34 63 44 89 85 6 25 14 83 55 50 15 45 37 4 86 99 18 2 24 
16 82 72 28 4 3 36 48 32 78 2 46 1 39 92 90 18 19 17 100 49 97 85 54 42 61 83 67 91 70 74 12 80 26 50 41 22 64 66 33 77 30 65 
57 37 60 63 55 66 41 18 85 71 59 51 77 20 36 79 52 27 3 31 54 7 44 29 81 49 87 96 12 22 23 39 11 90 99 100 97 68 14 42 2 47 16 95 46 33 73 32 
59 22 43 4 10 66 3 39 14 23 86 87 92 78 67 85 61 20 35 97 13 47 6 49 38 36 82 29 18 37 79 19 30 54 56 72 95 58 33 9 
98 41 94 4 29 30 82 54 90 3 13 36 31 56 75 6 11 49 83 9 79 77 44 68 27 42 91 93 81 87 69 59 45 97 18 86 20 35 100 52 62 76 71 25 8 5 99 85 
47 86 85 80 74 4 30 25 48 50 59 46 13 5 81 84 65 92 77 82 32 57 96 83 63 91 22 98 31 21 66 44 97 33 100 52 14 89 6 51 34 78 54 79 23 76 26 9 1 
42 50 85 11 4 69 9 49 79 74 81 77 70 80 20 87 18 41 24 58 26 34 48 51 17 96 90 98 75 46 32 91 94 86 39 25 33 16 54 15 52 40 37 84 44 53 10 67 
56 43 6 12 30 51 99 91 96 32 9 24 76 54 80 68 60 34 67 45 18 48 100 84 66 40 72 44 58 37 57 59 14 74 95 36 75 4 65 88 23 86 87 16 17 71 19 52 78 
65 7 73 92 35 30 21 52 39 95 58 40 91 13 29 71 19 26 62 88 83 85 63 86 61 98 1 46 33 23 14 75 60 90 50 28 43 41 100 5 54 87 24 77 81 31 59 45 97 37 2 56 57 
37 73 40 88 21 72 34 84 19 29 25 46 83 92 27 47 74 59 69 61 5 91 26 76 48 24 7 23 62 97 6 12 67 90 58 53 31 86 80 38 75 63 35 100 22 1 45 81 28 98 94 96 87 11 85 52 
50 37 60 41 47 79 35 90 58 42 49 4 77 21 48 56 44 99 10 29 82 66 98 25 16 17 76 24 52 96 86 93 23 43 26 84 12 46 67 64 9 33 11 61 36 85 19 54 38 75 22 18 100 71 
75 39 74 79 78 94 10 76 99 7 97 54 30 12 100 65 83 66 28 70 93 85 57 43 52 68 72 84 41 3 86 33 95 62 63 53 64 37 45 1 23 19 69 9 25 21 
99 22 26 52 73 63 24 86 68 21 53 71 7 80 42 93 34 35 14 3 46 6 49 51 44 64 39 88 5 75 83 74 59 47 96 15 84 2 40 30 54 16 
40 81 74 23 97 79 39 20 75 12 33 2 58 8 61 47 18 88 6 57 26 45 52 1 68 89 99 38 53 43 48 84 66 94 9 56 78 4 37 70 42 82 100 71 55 
75 3 93 79 70 41 12 1 11 69 88 24 59 17 9 7 58 96 22 8 94 95 54 42 65 89 68 99 15 81 50 21 19 86 82 83 90 77 16 32 91 76 100 13 57 46 6 56 66 80 48 
92 93 65 87 2 29 67 18 57 25 75 44 23 98 96 80 38 53 81 30 73 48 79 74 12 72 32 100 71 86 42 91 78 35 6 45 15 7 70 76 21 31 13 66 95 
11 32 24 38 70 73 23 50 77 66 37 5 26 89 30 3 79 78 22 4 46 18 82 68 74 84 76 95 43 80 85 35 9 1 63 14 27 75 61 81 60 99 55 42 
94 12 64 16 20 69 32 65 57 74 90 21 73 5 53 76 10 8 78 22 28 23 36 1 72 43 19 25 50 70 49 77 97 34 79 51 18 9 55 33 39 58 91 66 100 93 85 48 63 35 
54 2 84 51 93 96 59 36 38 15 61 58 42 95 31 97 9 53 62 66 45 49 83 12 63 21 91 18 77 79 5 22 26 10 44 8 39 82 41 94 92 32 11 52 34 35 78 16 
7 59 75 13 99 33 50 46 95 18 84 83 70 52 35 90 49 69 26 36 21 97 32 48 53 16 61 3 9 67 5 24 86 54 58 25 41 91 6 30 39 64 20 23 92 100 12 56 11 
91 3 46 76 84 99 26 80 40 67 72 28 6 41 100 42 61 71 50 74 59 48 78 23 95 15 65 53 62 27 16 96 55 14 87 98 38 32 44 57 79 89 
96 55 87 89 59 38 76 93 19 68 12 40 33 17 78 39 18 88 79 43 35 77 74 99 29 5 60 100 62 9 51 94 36 70 84 15 64 57 23 95 21 50 47 27 75 32 71 90 85 41 67 53 49 48 
44 8 12 4 24 37 73 99 20 46 97 71 38 75 19 15 39 23 28 41 10 6 51 69 2 58 89 79 63 3 78 100 54 93 42 45 61 49 64 53 95 34 57 85 66 1 88 56 13 5 25 62 11 
55 80 49 10 24 21 38 74 17 85 81 51 13 58 61 59 46 41 43 82 52 94 97 91 67 56 44 84 96 88 53 40 19 92 66 22 11 57 23 30 16 48 7 36 62 12 25 87 45 64 3 5 95 
3 12 1 52 69 97 27 18 84 88 63 91 14 74 28 62 37 29 49 54 87 39 6 7 34 79 98 83 50 43 45 99 70 31 4 48 81 76 40 20 17 42 26 22 21 8 93 59 
42 23 84 96 21 9 100 29 62 64 81 17 93 49 92 32 25 28 59 57 78 91 56 38 12 90 10 22 85 77 26 72 55 67 88 65 24 89 51 68 73 60 8 2 86 37 31 46 4 
99 80 39 21 50 68 24 58 67 79 57 97 70 90 98 26 69 59 72 88 77 66 76 65 29 25 60 91 1 7 84 41 17 33 4 43 11 45 35 49 100 93 95 3 82 23 6 62 64 75 15 8 12 20 85 
38 29 79 22 25 94 8 83 21 44 50 51 1 87 63 81 68 78 74 88 24 6 39 99 10 26 93 13 16 20 96 28 33 92 41 100 46 57 14 75 2 34 72 89 47 23 71 45 4 27 49 73 98 
50 69 46 32 25 96 5 17 29 67 74 79 1 80 16 75 13 24 12 28 23 94 11 47 90 51 21 85 45 100 20 52 76 35 53 22 39 78 14 59 60 34 97 2 9 33 
45 28 18 84 43 29 38 80 86 72 16 97 96 32 92 37 91 52 15 100 82 83 6 70 53 67 51 26 74 10 64 49 94 9 58 54 23 57 20 44 7 25 77 90 5 81 40 14 17 61 89 30 
17 16 62 58 30 5 89 6 63 81 91 29 78 71 34 72 1 70 96 10 64 84 95 54 65 77 9 99 85 61 60 80 53 83 46 27 8 75 90 32 15 28 20 87 39 19 92 79 56 68 37 97 74 43 33 47 98 2 