100
73 70 25 2 83 100 63 64 54 71 87 53 17 3 75 39 58 89 68 66 79 31 52 74 16 67 19 
35 52 1 62 43 25 80 24 84 78 96 12 98 8 81 92 60 3 67 45 
75 52 89 86 78 67 66 41 2 31 1 20 21 99 88 17 32 58 80 76 51 79 15 91 82 84 60 
11 92 84 25 94 35 52 22 17 68 54 28 80 23 96 42 76 55 32 43 39 99 74 7 10 
27 19 31 34 86 67 82 37 39 63 56 98 52 47 30 13 84 58 15 49 96 46 
55 84 35 24 34 47 44 65 43 13 33 37 18 89 59 16 
78 94 88 37 68 70 53 24 55 62 49 40 43 75 8 98 36 4 16 50 
61 7 46 10 64 2 19 100 15 20 41 76 70 45 13 42 98 83 33 37 
13 67 93 51 30 82 86 94 47 25 27 23 75 50 98 58 18 76 38 11 32 68 83 41 96 74 
78 4 56 55 36 23 17 28 42 16 98 35 41 66 87 92 47 74 57 8 70 15 34 
17 49 74 98 15 9 35 69 36 91 4 63 12 26 77 38 33 56 70 73 27 81 
11 13 85 45 19 58 83 90 30 29 77 49 36 56 22 2 67 69 50 23 94 51 96 84 71 64 54 81 91 
57 53 24 16 48 21 66 85 50 83 55 35 6 9 20 51 71 5 79 12 28 49 77 8 41 
90 97 42 98 52 32 94 66 29 72 73 59 50 64 79 100 70 38 56 91 
10 82 92 84 40 54 51 3 8 81 63 42 5 89 71 50 99 22 18 16 11 28 55 45 
36 33 80 63 96 1 15 18 75 35 91 40 44 70 10 13 53 99 82 89 77 85 39 6 48 7 
91 97 38 64 83 10 90 18 74 67 22 46 51 1 71 79 19 43 86 89 3 95 24 55 4 63 30 11 53 73 49 41 
64 68 25 28 66 89 40 90 100 23 17 31 9 29 6 84 57 51 33 86 81 74 95 76 15 75 93 34 30 16 63 
34 74 8 84 29 63 85 70 86 65 21 12 73 91 5 82 43 66 42 51 83 62 36 1 58 98 17 
8 3 87 67 32 31 13 58 63 55 39 71 54 100 73 35 43 84 59 26 64 28 92 65 
3 48 81 19 45 60 13 35 47 36 96 73 23 44 76 69 68 71 72 83 65 77 49 64 46 
23 73 12 72 53 85 4 15 51 80 98 75 44 17 27 81 65 
99 39 41 100 97 10 70 62 9 12 26 22 83 4 28 33 96 71 30 55 31 59 18 24 50 68 21 
98 41 45 82 6 79 57 44 7 59 36 2 71 49 52 27 13 53 54 23 85 47 42 48 84 17 91 34 
39 97 29 92 93 68 84 67 71 46 82 2 1 9 4 33 18 74 48 
79 23 29 30 55 48 98 80 45 99 44 11 100 20 74 68 81 91 88 62 57 52 28 
42 82 9 71 98 31 5 79 60 38 95 65 62 59 11 61 91 90 69 78 49 63 24 86 83 76 97 51 85 22 
59 58 37 32 52 62 4 13 55 87 30 83 70 20 74 100 64 69 85 15 44 96 50 10 82 23 67 18 26 47 76 45 73 
19 66 18 56 26 82 78 44 45 14 43 40 12 95 37 65 52 88 83 47 90 25 72 49 62 
26 28 17 12 43 18 73 58 67 44 23 61 80 36 40 9 86 57 31 60 56 94 5 47 
62 18 53 35 27 38 54 88 36 1 42 59 99 66 5 30 34 23 79 94 48 20 3 89 
45 43 39 86 51 14 66 99 63 20 64 56 38 49 60 3 88 9 4 35 37 28 
87 23 50 45 93 6 38 94 67 86 34 64 18 68 16 78 8 77 11 73 58 60 65 39 81 25 
38 58 64 10 82 43 59 5 51 73 89 31 61 100 24 55 77 81 62 19 97 46 67 75 6 33 83 18 
47 40 91 68 39 43 66 13 2 6 99 73 4 87 52 55 88 70 21 31 32 16 10 11 65 20 
40 10 7 31 12 68 21 63 11 30 86 76 56 45 24 61 65 16 89 96 19 64 
45 7 32 96 41 90 8 61 54 95 28 53 94 57 97 6 84 5 100 58 29 75 
59 17 34 31 68 62 32 70 27 73 99 81 46 80 79 11 33 9 51 47 94 14 41 63 39 
79 90 75 5 63 4 23 94 42 96 74 44 38 80 62 25 20 32 59 85 16 54 1 100 67 33 35 87 
35 65 7 36 58 18 56 87 84 96 16 62 79 86 47 89 29 53 49 83 41 78 30 15 
88 64 50 100 8 23 73 13 9 10 24 92 51 77 80 17 37 3 85 65 38 40 66 
14 19 45 63 90 83 57 68 10 69 75 53 47 39 4 24 100 81 55 54 94 15 62 8 31 67 87 27 
55 4 34 63 29 35 54 90 80 85 96 7 32 60 74 65 30 19 75 44 72 64 2 89 17 20 79 51 6 
16 24 72 57 22 69 21 30 26 39 29 92 56 54 62 6 43 82 28 
84 94 85 26 42 8 91 24 21 87 100 64 57 2 60 28 52 32 12 29 82 47 36 65 79 97 33 15 37 48 51 
96 34 81 84 55 56 100 17 67 38 58 53 60 5 25 50 8 21 54 70 83 
81 10 87 91 29 63 9 42 5 45 30 24 51 40 6 28 38 72 71 78 68 21 35 
95 26 21 93 78 60 16 65 97 53 24 25 31 62 45 75 13 88 51 89 85 64 80 
40 11 74 12 92 27 96 78 5 69 29 85 68 7 17 13 21 97 61 62 87 24 32 94 73 86 67 
28 75 46 97 89 61 80 77 7 14 23 79 15 33 41 13 92 71 12 53 98 74 9 58 
17 80 13 34 71 32 48 82 45 92 22 43 47 67 41 3 65 100 12 55 97 18 74 27 15 38 57 66 72 19 9 
26 2 77 71 97 96 80 94 75 5 90 60 89 91 1 4 85 53 24 14 45 29 99 28 3 70 35 
52 37 13 54 31 65 61 79 57 98 84 69 40 83 74 86 22 1 7 42 88 48 16 50 85 24 62 46 17 
39 70 44 46 53 15 88 95 24 4 66 89 86 72 42 31 12 20 57 37 1 79 43 62 84 
64 20 59 96 13 6 88 81 10 17 68 82 23 35 26 87 7 78 85 43 15 46 4 73 79 86 42 28 51 100 62 34 
86 10 100 40 5 36 32 64 44 89 29 97 66 95 75 82 30 46 12 60 73 11 14 65 88 
51 45 54 90 68 87 80 26 10 67 53 77 13 44 76 92 59 58 18 42 24 60 96 37 30 
57 50 72 34 96 28 63 64 69 40 68 12 88 37 67 3 46 33 5 19 65 1 20 30 9 81 86 
14 72 93 100 39 79 89 84 24 83 70 55 68 6 38 27 75 61 77 87 20 57 95 65 34 23 28 31 
2 45 56 3 94 63 33 80 67 27 99 52 83 90 72 65 76 48 46 57 62 30 32 89 21 91 84 43 
81 49 8 78 53 27 34 88 72 50 82 98 59 30 36 37 63 91 
42 48 91 2 44 40 39 19 34 23 7 53 64 88 55 26 38 49 60 31 28 29 27 69 75 54 
92 69 19 90 97 15 60 36 32 16 61 39 74 1 27 67 94 84 42 5 18 81 58 20 17 11 38 43 47 
28 34 93 68 1 17 45 32 65 12 62 89 86 21 77 43 58 41 56 48 96 66 92 18 14 33 36 100 20 8 55 
41 48 20 45 82 19 22 71 75 100 79 36 33 35 43 92 74 81 56 58 97 6 40 29 27 51 21 53 60 59 64 90 
68 98 95 64 29 51 35 78 86 31 32 14 56 74 54 10 87 92 3 1 19 13 73 41 18 
46 60 5 80 57 30 51 82 42 49 58 3 68 9 20 33 81 34 12 2 39 100 25 17 63 83 86 1 28 76 72 
1 88 23 55 64 36 74 25 67 47 21 38 96 42 91 26 58 49 57 69 9 33 66 78 18 4 59 35 7 
78 99 62 80 42 72 94 53 71 27 12 68 97 63 28 58 11 44 21 76 83 49 
1 52 8 23 72 73 11 16 46 38 35 91 89 10 71 86 19 59 54 87 98 14 28 7 92 
24 27 78 13 65 88 70 12 87 75 20 50 17 47 52 93 25 15 21 69 23 92 1 51 90 
58 60 86 14 83 69 51 54 44 70 29 99 67 61 47 22 84 21 43 59 
14 93 49 11 22 86 28 97 19 81 80 1 55 56 66 30 17 20 98 33 41 77 38 70 35 34 99 21 76 
19 4 90 39 1 63 65 76 78 100 68 26 49 53 86 50 17 43 18 25 9 66 51 28 10 11 
39 56 59 16 65 34 9 7 48 22 95 71 52 43 1 62 3 90 42 18 84 37 50 
67 74 84 60 36 93 9 77 21 57 28 18 8 87 100 73 83 3 80 27 69 4 
57 52 11 94 34 41 64 50 13 21 59 33 96 76 93 12 73 16 
47 40 87 3 29 81 95 10 27 66 7 74 2 68 94 55 71 61 49 69 48 79 33 93 
40 97 84 99 65 54 59 80 78 83 3 53 38 43 100 13 96 1 50 31 94 27 45 90 17 26 55 86 39 24 14 
3 39 38 43 89 4 79 50 69 57 52 86 51 97 41 76 67 30 2 60 26 48 16 22 73 
34 42 67 11 33 12 21 78 46 2 15 47 22 65 95 26 63 38 100 58 61 55 82 18 73 
24 29 99 27 56 51 15 16 67 34 55 44 45 28 5 95 25 65 9 3 61 19 81 
13 46 17 60 21 29 9 1 53 72 42 28 67 27 19 34 99 95 69 76 23 12 8 91 59 79 93 40 
37 86 87 85 5 46 3 19 91 76 89 12 94 59 2 97 25 4 60 15 79 40 18 53 54 6 24 75 20 45 72 63 
43 27 13 93 95 19 16 28 97 55 45 22 24 99 84 48 41 39 53 52 12 49 87 
99 5 73 19 58 18 9 70 84 30 66 27 49 56 67 3 53 79 55 74 54 80 36 32 17 33 72 64 40 96 
57 42 49 59 20 88 55 76 70 71 84 40 10 78 39 66 95 33 47 1 28 85 45 35 
54 71 55 32 35 94 89 3 91 68 93 53 87 26 58 90 48 61 56 31 7 62 41 29 
54 88 48 31 99 59 84 50 52 80 70 15 36 60 64 34 3 17 18 6 16 56 90 40 1 91 43 98 
63 65 75 27 79 74 18 42 12 95 52 93 43 88 17 89 71 14 57 29 39 60 37 
11 62 89 84 26 61 100 88 12 52 27 68 35 24 70 16 3 19 60 83 47 99 45 17 14 
44 65 97 41 4 94 25 2 63 66 51 20 70 64 50 95 49 15 100 71 10 57 
77 71 73 25 9 90 97 88 64 78 59 85 33 48 95 83 94 18 76 
7 31 12 93 14 63 42 49 78 84 33 37 77 39 60 52 79 4 88 30 69 38 92 45 9 
18 98 17 78 82 97 56 66 81 54 59 37 48 90 29 87 92 93 85 83 75 27 
28 68 64 16 5 58 77 49 23 2 37 21 43 55 46 9 57 52 86 4 39 12 36 79 40 
79 52 69 65 63 85 80 50 23 95 37 14 49 51 25 73 45 56 27 34 17 93 48 92 84 
7 89 5 61 95 73 27 50 53 11 2 24 10 9 66 70 22 26 14 8 19 
3 69 85 16 32 4 82 89 91 31 72 15 60 52 73 38 86 79 26 83 23 35 
59 42 20 65 81 8 39 92 26 41 76 37 18 51 56 79 28 74 91 67 34 64 45 46 23 1 14 55 