100
64 96 90 14 37 66 21 60 70 28 85 15 98 39 3 77 75 72 
99 22 42 56 88 30 4 63 13 92 45 51 49 35 83 53 36 25 50 94 
36 5 50 56 100 10 9 55 92 97 1 30 7 15 54 8 24 46 87 40 94 17 29 34 19 98 
77 72 23 12 71 20 87 97 7 61 75 81 2 85 70 93 47 38 44 41 33 60 14 69 27 
69 99 42 20 26 36 71 57 6 48 64 40 17 28 13 3 50 23 34 89 32 66 80 58 9 
59 76 72 32 7 52 100 85 88 79 87 38 5 74 90 63 20 64 62 22 44 9 33 70 
42 17 57 50 3 96 45 61 6 39 48 29 33 23 82 4 72 44 12 91 67 40 25 88 9 
61 3 100 91 37 79 84 53 52 59 12 54 73 72 55 76 93 68 50 60 30 47 98 75 
67 55 76 16 18 46 93 32 7 39 13 81 70 91 3 19 5 6 31 
41 27 26 66 44 74 79 73 14 75 34 67 11 21 3 57 30 90 33 28 64 12 85 
87 51 57 21 40 10 71 54 30 36 17 14 98 60 23 56 20 34 69 35 84 39 41 67 78 18 29 62 
37 15 97 45 7 29 87 84 10 91 88 85 96 4 86 49 20 35 72 61 50 8 82 
62 16 60 82 85 80 27 53 56 74 24 63 33 89 26 48 41 2 9 98 5 35 40 
40 38 30 44 39 61 81 64 48 45 1 67 11 88 73 57 76 10 98 4 79 31 
92 59 66 45 31 3 41 88 32 51 47 12 86 34 82 52 72 1 17 26 74 55 97 64 33 40 
9 100 84 64 25 35 85 58 76 13 31 71 59 53 19 30 81 48 55 77 87 20 
86 100 82 7 43 87 54 3 15 96 95 34 81 24 11 42 56 5 72 68 61 92 41 33 
43 11 42 98 24 9 48 77 68 36 80 34 95 76 87 38 60 
71 77 75 9 41 46 95 37 16 28 59 27 45 100 86 60 55 3 44 
11 54 98 16 24 53 4 51 43 97 29 35 83 5 87 76 47 6 72 92 66 12 96 
64 23 75 10 1 24 33 29 63 39 50 96 11 58 27 53 35 34 78 57 94 
57 80 63 79 31 64 56 92 76 43 51 70 68 54 69 35 6 2 73 25 96 
62 4 89 21 7 29 33 41 93 11 50 5 75 40 26 45 60 91 46 54 35 
17 66 3 18 20 87 34 70 49 52 72 13 58 67 97 79 80 99 30 61 21 76 28 48 64 96 85 57 
41 95 93 47 81 44 73 51 82 86 55 39 67 22 58 16 2 30 88 54 50 91 87 92 7 64 96 
15 45 53 74 41 49 77 13 5 51 79 72 62 37 10 44 23 68 69 
34 40 19 45 4 38 95 74 91 10 32 42 80 30 13 48 65 90 84 88 21 55 87 
70 89 1 53 82 79 30 71 56 24 80 81 31 10 86 5 78 87 95 94 41 38 19 58 
7 55 20 49 48 68 78 83 12 60 23 36 32 95 3 30 58 47 21 97 98 70 33 11 79 66 
31 28 91 29 8 14 80 81 24 27 3 63 16 47 73 40 72 86 55 61 25 10 2 11 77 
100 71 80 42 78 73 14 84 86 70 22 41 9 94 16 52 55 28 65 30 74 15 
58 38 77 91 66 43 6 52 89 29 64 41 53 15 42 27 71 92 33 9 5 
6 13 32 52 29 34 17 79 21 4 10 61 7 42 84 23 65 68 15 
46 40 11 74 15 21 85 95 17 33 35 3 5 54 24 89 27 71 53 87 18 100 97 10 49 98 64 
56 16 2 61 22 11 45 87 13 48 23 75 73 69 55 71 43 21 12 20 52 34 
18 72 96 54 53 76 3 2 29 60 5 79 58 67 11 100 78 65 84 40 95 
90 1 40 87 19 82 100 46 95 78 74 38 67 86 26 96 53 93 85 70 8 59 12 42 73 55 61 
14 93 6 74 4 27 18 71 83 72 45 59 50 73 52 90 37 53 76 32 28 86 87 
98 54 9 1 14 96 21 11 92 51 100 53 7 82 25 41 63 
62 47 97 23 13 84 68 92 3 53 34 95 11 14 36 79 70 42 5 27 37 30 64 15 67 52 7 94 
19 58 23 13 10 31 76 43 53 70 96 82 71 11 39 17 28 15 88 32 25 4 26 59 
7 96 81 18 99 58 27 37 60 88 32 5 45 68 33 82 40 31 63 78 17 84 86 2 62 49 
74 35 95 20 85 41 17 32 59 89 77 90 22 55 80 99 18 
45 14 53 58 26 61 25 4 71 19 78 7 48 54 90 94 6 59 66 64 10 88 91 
44 85 15 42 63 71 87 35 83 23 19 14 58 12 27 38 7 92 81 2 96 78 99 26 50 
59 34 94 86 37 3 84 9 97 78 63 98 55 23 19 88 71 
94 8 4 63 48 96 95 66 29 40 20 78 69 15 55 30 25 54 
27 44 53 24 14 76 16 50 47 29 51 5 18 7 35 13 
34 71 83 26 60 2 74 29 73 72 24 57 66 42 88 67 85 93 58 92 100 79 12 
2 59 8 91 45 5 38 23 81 25 48 12 89 90 21 93 55 76 3 7 58 87 
48 85 64 77 69 54 91 22 26 78 25 99 68 2 20 71 11 61 97 98 88 15 39 
35 6 38 83 79 32 60 98 33 15 86 70 68 91 40 31 72 8 63 24 58 80 73 87 
37 36 58 13 81 100 76 39 34 20 28 48 32 8 84 54 16 26 41 21 2 40 44 38 
11 3 39 53 34 65 25 51 79 81 36 20 57 23 99 88 8 74 63 47 80 76 44 22 92 66 17 84 
58 77 47 27 3 46 9 43 25 31 71 29 78 37 19 15 95 50 62 8 35 80 92 60 61 64 16 30 74 
96 3 28 17 2 58 80 81 11 60 100 87 66 13 62 35 57 22 
11 56 67 92 49 7 91 54 5 90 74 58 77 78 10 24 97 14 22 82 68 21 76 
50 52 61 36 56 53 49 42 45 91 28 80 32 81 29 57 16 24 93 21 83 55 86 59 90 96 60 44 92 25 71 100 76 84 98 41 89 5 77 
61 15 78 50 95 83 81 16 6 46 43 41 99 37 8 58 38 74 19 44 
36 42 29 71 4 63 8 87 49 64 100 19 56 23 95 52 69 73 55 1 13 58 11 18 86 
55 37 66 17 44 33 64 58 98 87 14 30 4 51 73 59 96 99 24 83 35 97 8 74 63 67 12 88 7 
42 56 80 91 6 26 94 40 79 87 23 13 65 11 55 
97 22 82 39 54 30 21 60 89 61 6 94 100 45 2 13 42 52 78 86 64 66 47 75 77 46 85 
14 61 55 15 72 24 25 22 51 6 32 44 21 10 90 1 97 93 34 68 5 63 77 67 94 95 78 79 16 70 40 60 
31 91 36 82 77 67 33 94 88 71 62 54 27 93 74 66 73 
29 24 44 75 10 100 5 54 65 56 1 15 82 63 74 32 61 97 49 20 96 47 87 
9 49 7 79 25 61 81 14 99 72 40 24 57 36 37 88 93 64 65 11 10 
89 64 17 98 18 95 26 77 42 78 57 51 8 33 22 84 52 99 100 40 82 29 
94 47 93 72 11 92 5 84 100 81 51 22 87 60 4 77 26 35 91 
4 28 52 41 9 6 1 64 24 92 37 29 74 99 82 40 83 31 22 71 
31 38 74 51 44 58 70 28 77 49 65 41 32 100 55 4 97 86 16 46 45 85 11 60 34 35 5 19 
24 67 1 6 64 26 93 91 88 7 17 4 49 89 30 52 99 15 38 36 78 100 12 20 85 69 74 76 98 8 77 
49 14 10 86 61 89 22 60 37 31 38 87 52 8 35 30 65 74 25 93 
38 15 26 83 49 59 94 93 27 55 6 90 92 70 65 72 86 43 31 54 34 100 61 57 13 66 37 10 89 73 95 71 
80 10 4 100 1 23 76 84 91 89 66 79 19 8 35 99 63 21 88 81 
9 14 54 93 8 80 72 89 36 58 16 48 41 6 75 81 18 22 50 24 38 78 57 20 53 
69 89 63 1 32 64 58 65 43 71 68 96 19 57 92 16 30 18 4 72 91 26 55 51 
28 47 42 36 45 63 31 98 21 72 37 44 94 57 68 76 95 11 55 79 64 51 90 59 46 29 
36 62 75 29 54 10 40 14 49 85 64 33 28 67 91 87 8 52 94 78 26 83 24 100 22 99 6 
55 94 22 56 43 28 31 58 100 5 24 13 90 76 30 75 18 27 62 54 92 52 
45 67 59 4 58 28 54 25 30 75 88 50 56 89 17 14 76 9 42 69 53 91 98 16 99 
7 65 39 17 12 28 97 70 15 63 42 91 57 41 37 13 25 66 68 
96 29 61 90 98 74 38 2 99 49 59 52 84 20 70 79 45 93 95 58 
8 69 31 53 36 83 46 75 100 91 54 58 90 16 68 11 42 12 33 27 40 
12 49 16 71 43 98 10 24 88 79 51 45 34 4 72 6 37 1 13 63 
42 98 52 28 63 71 58 46 31 17 19 74 60 38 73 15 12 37 95 30 25 
4 11 60 6 69 45 79 34 61 28 73 50 24 100 20 3 16 18 12 27 38 52 62 35 56 17 25 37 66 
15 6 67 75 54 25 12 51 49 65 96 42 85 46 27 94 44 81 41 7 72 61 2 14 
72 28 73 75 68 32 23 74 81 34 58 13 43 77 5 99 76 50 63 
50 43 38 58 1 84 78 80 98 27 74 64 6 44 83 57 37 10 
7 32 8 51 57 27 50 62 52 72 25 58 79 84 97 69 12 65 77 75 82 9 44 81 30 23 
70 49 57 32 2 54 17 55 20 25 77 100 45 39 58 80 22 40 74 69 3 15 
83 67 25 64 4 74 73 37 49 23 38 76 96 69 58 8 65 9 72 50 
65 46 2 47 79 28 74 3 69 62 88 44 21 64 63 100 78 31 40 80 
25 47 34 19 59 74 86 83 40 60 78 28 36 29 17 43 37 64 68 18 99 55 27 
56 22 61 66 36 47 17 25 77 83 12 58 20 21 24 39 37 42 41 93 45 88 7 1 
4 3 40 12 66 15 34 20 29 24 51 82 71 57 64 63 61 91 46 
39 3 86 1 29 20 90 13 78 61 51 18 83 11 46 72 14 81 85 34 68 8 52 58 
89 81 95 42 54 79 72 83 75 2 59 51 67 68 5 61 70 24 100 43 45 
39 31 69 71 17 56 8 92 53 34 75 37 66 72 99 84 87 58 68 16 79 63 80 94 49 36 6 60 74 3 19 