100
30 44 66 57 95 15 19 2 78 90 45 50 32 88 73 68 39 81 53 42 70 76 60 8 94 12 59 86 71 25 82 26 85 56 35 23 31 43 4 13 3 72 83 77 20 18 67 9 22 63 40 49 41 34 14 100 91 5 51 79 16 55 54 80 93 10 58 74 92 
14 8 87 77 56 86 26 24 90 57 50 83 38 72 28 44 85 30 54 88 27 31 59 5 10 37 71 64 58 81 7 49 29 80 12 73 79 47 69 45 41 76 19 51 65 4 93 20 1 34 3 67 97 52 13 15 9 48 99 16 74 6 21 23 68 43 78 32 39 46 
35 28 25 64 98 72 17 99 38 97 42 50 31 74 59 90 36 30 8 23 88 2 11 66 70 1 19 44 37 62 9 73 86 43 55 41 34 54 84 24 75 92 100 94 93 6 26 29 48 10 58 20 85 39 7 56 21 46 22 77 4 96 89 68 71 57 65 14 53 13 16 82 78 67 83 27 
6 31 69 83 91 65 37 18 16 2 46 29 79 55 77 51 43 93 64 49 3 36 17 66 73 38 41 56 59 81 84 1 68 19 22 53 12 5 35 14 67 60 39 40 24 23 94 52 62 15 54 99 89 71 96 57 70 45 90 42 25 11 20 78 61 74 63 97 33 34 44 8 50 10 27 87 7 80 
16 35 31 39 90 9 6 93 88 33 24 79 81 38 14 40 72 18 82 51 54 2 66 13 27 85 61 69 37 26 41 67 73 87 34 84 94 95 8 7 62 17 45 52 91 98 58 29 4 32 59 77 21 11 36 65 44 25 68 76 46 1 30 23 53 96 48 10 28 63 22 83 60 99 49 78 
93 77 66 39 64 33 18 90 97 59 70 19 36 68 24 94 22 7 38 41 17 27 14 69 88 16 100 86 96 47 73 92 4 31 83 76 25 58 44 3 60 84 62 21 85 10 67 98 32 29 11 57 42 2 99 61 8 95 75 37 9 51 72 5 45 89 20 13 87 53 35 55 40 79 65 91 46 
32 13 72 36 80 14 100 21 73 92 17 44 94 19 69 3 38 12 33 9 97 57 66 74 88 68 56 27 15 10 78 87 90 48 79 52 82 18 26 8 39 58 11 53 67 31 24 20 64 4 84 61 2 60 59 42 29 6 86 49 54 41 37 51 89 35 75 77 99 46 81 5 85 76 
20 60 86 89 52 66 35 71 29 5 63 99 59 43 17 46 50 36 38 80 4 62 76 72 48 77 21 47 16 56 55 14 64 31 1 90 40 92 7 97 41 69 37 67 73 3 11 88 12 6 75 30 13 22 44 61 49 70 45 95 2 98 74 24 91 28 42 51 81 93 87 53 65 57 27 79 96 34 32 
55 22 39 34 46 2 52 27 78 29 42 41 98 13 91 72 1 85 51 33 5 19 93 87 38 20 76 77 96 74 61 6 26 35 89 10 43 16 79 37 70 12 3 67 36 80 63 24 81 82 65 47 73 58 48 92 86 44 53 7 23 28 14 59 66 57 62 17 71 84 11 18 
74 2 33 31 5 50 61 65 75 96 62 97 94 47 84 89 100 83 23 80 70 52 79 98 56 4 39 21 53 51 9 28 54 19 49 18 82 32 3 27 77 14 35 7 88 57 20 85 67 71 22 36 64 76 6 43 29 1 41 13 16 99 30 11 55 78 38 44 37 73 72 92 68 
70 25 37 51 92 17 3 16 79 34 98 62 14 91 96 77 24 32 8 48 7 28 75 45 19 94 47 69 72 9 58 97 85 59 95 80 44 68 5 21 13 10 71 22 4 53 12 52 46 83 50 64 35 88 38 49 6 82 30 74 63 43 66 15 33 73 87 56 18 99 57 42 86 29 65 60 
59 76 80 1 34 78 60 32 46 44 95 14 85 77 15 63 79 92 66 43 45 96 17 52 61 73 40 30 87 21 9 75 7 4 47 13 53 55 37 98 88 97 68 26 25 62 74 86 11 70 83 18 27 19 54 81 33 24 31 23 57 64 36 89 100 8 29 84 65 2 94 
8 77 49 85 3 32 73 7 38 1 99 40 31 29 84 69 35 81 10 11 63 82 100 23 78 2 37 22 15 86 95 47 75 66 60 30 5 42 25 39 21 93 62 74 76 59 83 87 19 55 44 46 98 14 28 90 80 58 64 16 45 9 57 17 33 65 48 71 79 53 34 6 50 92 96 12 97 94 
54 2 66 44 39 89 15 70 95 22 48 94 76 21 37 47 57 16 99 72 18 58 6 69 80 10 9 82 38 98 45 32 35 19 62 75 97 36 90 1 50 59 86 100 13 52 42 77 4 46 7 85 33 3 74 12 11 53 88 8 83 31 73 68 40 41 26 71 5 60 64 81 49 51 93 30 84 28 
64 91 35 24 54 17 84 81 49 62 52 83 4 72 7 36 1 60 11 38 43 12 47 39 20 79 69 45 37 29 70 33 63 25 2 67 98 71 14 59 61 50 26 27 13 73 16 19 100 94 42 93 41 97 28 21 18 51 75 95 57 68 89 34 53 32 23 
81 53 14 76 55 41 91 73 75 78 64 97 33 56 39 99 17 22 77 98 70 49 28 8 20 59 10 26 23 69 32 74 42 43 2 94 92 9 84 30 67 51 3 24 6 62 82 71 18 44 46 96 86 58 1 90 21 38 34 50 66 4 72 87 29 13 36 57 61 100 15 31 5 11 19 
64 100 78 29 37 57 47 40 62 4 44 54 91 49 11 89 99 34 68 7 81 39 96 21 59 63 36 56 90 3 86 51 25 6 69 30 82 35 45 74 43 67 19 46 93 27 65 98 60 41 76 16 31 24 13 12 79 77 5 97 66 75 48 26 87 28 61 92 73 80 15 32 38 23 8 50 55 52 58 42 9 
94 21 74 6 88 60 10 9 49 27 40 72 73 57 14 80 56 67 24 70 61 5 63 42 96 79 90 44 76 89 91 83 99 51 41 84 19 7 35 48 55 54 11 20 64 39 85 25 71 31 92 15 26 34 81 66 82 50 30 47 45 58 53 95 29 100 16 28 22 4 12 97 38 77 52 33 1 
16 92 88 71 53 85 63 84 50 95 33 55 23 73 87 36 7 54 1 81 70 21 24 67 69 22 9 3 32 77 6 14 56 44 20 79 59 76 18 37 34 45 39 47 11 68 72 83 90 57 51 89 28 78 4 65 66 10 100 2 93 12 17 43 38 86 60 15 91 52 13 31 96 
71 68 78 46 73 64 65 33 1 44 93 35 27 98 32 99 92 81 69 4 87 85 55 96 6 57 3 31 62 41 89 8 70 88 54 28 36 91 38 60 19 16 18 84 86 26 94 45 34 67 15 9 10 97 53 2 22 90 61 95 80 63 42 7 30 52 74 
94 87 44 97 82 96 74 3 2 54 73 55 38 17 66 81 77 92 95 52 64 15 99 18 57 86 98 67 85 29 78 53 100 12 6 58 39 93 79 26 59 28 65 19 91 14 30 31 7 16 40 10 34 25 80 33 60 47 62 72 50 56 5 36 46 27 37 32 89 69 8 51 49 11 83 13 
42 93 3 4 41 48 94 100 59 83 65 53 45 70 80 98 68 20 5 55 85 72 87 16 26 88 18 99 66 31 96 32 82 9 56 61 54 25 78 60 69 14 89 73 95 19 71 13 86 97 76 47 35 52 38 84 8 10 75 67 44 6 24 43 62 50 23 81 34 30 77 33 1 91 74 36 11 29 
45 66 41 67 3 10 34 52 89 82 47 91 44 17 90 60 4 5 99 26 38 81 73 22 76 35 79 16 48 72 28 85 97 2 53 40 65 13 57 19 96 87 29 27 63 39 64 100 33 58 30 1 43 84 12 15 62 54 95 24 55 46 50 94 71 31 49 88 77 36 9 
62 35 81 93 79 27 86 74 49 15 85 91 18 69 38 40 82 45 37 57 52 16 5 96 83 90 47 56 53 46 42 29 39 84 7 36 3 54 11 59 26 70 50 66 94 17 12 87 92 68 28 73 78 22 48 65 19 6 9 25 77 88 100 2 75 76 8 33 4 31 34 23 98 61 
54 27 49 22 97 62 36 91 74 15 80 95 78 46 60 82 5 100 64 28 53 98 40 99 65 3 1 33 79 31 77 70 94 47 39 4 93 43 29 86 69 71 83 18 13 34 12 68 59 61 51 73 75 41 38 52 84 88 45 87 6 76 17 63 11 85 26 21 55 24 48 
99 7 72 92 80 39 96 33 86 3 27 53 84 62 36 75 5 57 42 18 44 61 51 60 56 97 22 41 50 77 83 1 29 52 32 35 85 58 66 23 28 55 87 16 40 74 67 9 73 20 43 48 71 82 24 95 54 94 14 65 93 17 100 70 76 21 12 46 15 81 25 30 2 37 89 34 
18 52 58 47 39 29 10 42 77 72 74 80 75 97 81 34 94 8 86 88 54 12 65 66 56 26 21 67 60 90 55 49 37 7 57 6 17 38 4 70 99 79 46 51 83 73 45 24 71 59 15 32 9 43 3 25 53 50 20 48 98 61 23 35 5 41 89 84 96 64 2 78 62 
3 96 53 77 36 81 10 67 75 61 49 95 71 23 9 34 64 76 33 40 45 46 89 18 73 50 97 32 98 51 78 54 68 80 21 26 79 8 25 91 48 87 44 47 31 29 13 39 11 14 16 59 37 83 62 93 90 20 82 66 43 15 85 35 58 70 24 19 72 99 56 55 88 42 5 52 60 17 2 94 74 
23 75 26 18 32 80 24 69 7 78 73 22 79 53 12 93 62 57 61 59 35 37 31 100 17 44 15 70 36 56 90 13 67 51 3 11 21 9 28 39 84 99 46 60 54 42 34 97 16 30 6 71 27 58 52 38 49 8 95 2 50 10 91 81 98 47 92 25 33 89 48 4 5 65 
61 13 78 68 93 41 82 47 3 45 21 48 79 80 63 81 36 92 95 66 1 16 26 40 99 88 55 37 62 51 84 100 90 39 18 31 53 54 56 12 14 57 70 72 8 23 2 59 22 86 89 17 50 46 5 76 38 97 44 71 98 34 87 20 11 43 29 33 10 91 69 74 
4 87 44 12 45 13 42 19 28 7 18 62 38 96 23 77 89 20 72 95 52 29 91 71 34 55 73 22 67 63 74 90 16 17 100 56 14 60 39 35 79 54 61 21 24 32 33 37 78 82 5 6 97 41 8 30 2 98 3 76 88 65 1 25 93 10 69 75 94 92 50 64 53 36 47 
6 61 28 90 93 39 35 34 42 65 53 47 52 92 1 13 59 88 75 71 80 57 22 85 20 54 50 27 55 83 95 14 51 64 29 19 72 91 99 46 82 11 31 68 87 86 58 41 15 38 8 60 16 44 70 56 17 84 12 48 2 33 37 63 5 36 100 66 7 77 97 21 73 26 94 10 43 
98 57 41 62 25 18 32 47 70 4 55 74 48 69 67 93 23 6 51 92 84 89 34 61 81 10 40 31 64 14 96 44 16 71 29 26 60 77 39 7 100 12 38 22 28 20 78 97 45 56 63 99 37 15 86 11 5 80 94 75 72 21 54 35 24 88 82 9 30 68 13 19 36 43 58 87 79 
30 22 28 59 42 88 32 84 98 37 94 17 8 40 67 11 16 45 69 15 44 78 74 53 65 38 75 20 86 71 31 100 70 12 18 5 95 55 2 1 56 25 77 39 81 27 73 80 19 29 26 93 85 96 54 3 82 83 79 4 72 21 58 9 97 62 64 33 23 92 61 43 51 63 57 24 13 
54 92 46 45 87 37 22 71 64 17 89 67 55 84 85 70 27 61 38 10 62 29 73 41 36 97 75 96 3 95 11 48 39 72 53 86 79 28 66 76 65 15 88 4 59 32 6 20 13 100 24 57 91 23 44 8 18 5 40 9 56 14 74 63 51 50 47 33 58 99 7 83 26 31 80 68 1 
72 10 53 95 23 62 89 66 4 86 26 29 30 12 9 81 60 65 17 37 85 3 43 94 19 92 32 76 54 14 5 96 70 98 58 93 67 91 79 74 90 88 87 40 35 31 21 49 20 33 25 24 46 7 84 8 61 41 44 64 56 47 80 97 82 6 51 22 68 28 15 59 52 71 16 75 55 39 
91 93 97 17 35 54 7 67 47 74 58 38 19 64 21 42 51 12 73 4 24 44 76 26 10 15 28 75 34 86 14 61 29 99 59 48 95 41 3 78 89 11 31 50 87 63 30 36 56 88 83 13 27 43 84 96 6 8 72 32 33 40 53 81 92 2 68 80 46 9 82 98 71 5 
30 17 61 58 74 71 41 39 80 84 91 18 79 65 94 9 46 57 48 2 13 88 47 73 83 98 93 92 21 31 15 75 90 86 5 19 20 85 89 95 14 16 69 11 72 29 53 27 3 63 44 40 33 100 64 34 70 4 35 76 52 77 22 25 82 32 23 8 51 24 62 10 97 37 67 7 6 96 
80 40 68 100 28 38 19 67 14 49 76 72 81 60 96 18 32 7 48 25 13 84 99 54 27 53 63 23 26 64 61 89 91 33 30 36 78 50 95 59 16 31 82 17 34 10 83 90 43 1 52 3 85 58 77 35 70 41 47 5 66 97 87 94 93 62 29 65 21 2 98 9 6 4 45 15 24 
92 26 69 50 8 61 38 93 99 21 74 24 4 47 86 55 85 41 46 17 13 34 56 98 87 81 30 75 84 91 36 90 35 53 65 67 78 89 44 71 59 5 96 45 100 68 43 57 28 73 37 49 79 64 39 1 70 60 76 12 42 14 62 18 97 33 88 25 23 6 
83 71 5 43 39 15 67 16 65 98 23 100 37 36 70 96 26 85 9 94 78 95 62 75 81 64 4 22 32 59 3 49 74 63 1 60 10 90 30 25 53 91 14 93 99 38 31 68 46 92 2 87 69 72 84 20 27 45 50 88 7 66 44 18 51 17 56 8 86 6 61 40 97 89 35 79 33 
1 6 8 56 92 68 93 9 54 73 85 34 3 84 94 51 16 64 50 59 11 70 79 69 32 29 82 91 4 24 98 31 63 7 57 49 18 60 96 72 15 47 45 14 22 26 99 40 74 89 28 77 53 62 13 83 66 58 75 27 81 20 17 37 
86 97 71 82 87 33 100 19 9 88 26 99 65 51 80 22 84 49 73 46 56 32 27 25 68 77 60 98 3 92 40 23 74 70 16 95 75 17 79 69 12 66 85 11 37 15 36 41 28 4 30 96 48 34 53 50 62 39 44 91 90 78 8 72 54 2 1 55 47 81 52 61 10 
8 26 37 18 53 38 72 69 12 77 28 19 32 63 20 99 4 11 100 16 50 75 62 43 57 36 84 71 1 35 17 91 74 55 90 96 46 61 59 21 41 87 6 81 3 34 82 52 40 29 88 86 70 89 78 13 95 7 10 80 23 22 49 93 5 68 30 48 31 58 9 2 97 54 14 60 85 33 94 
34 12 39 17 89 14 88 99 28 65 6 13 79 70 22 49 74 23 18 76 97 87 42 91 25 60 5 94 62 78 1 80 61 27 51 24 100 54 20 50 71 82 66 81 75 40 83 86 19 68 4 55 64 8 11 15 84 90 95 2 59 69 48 41 92 72 98 31 46 30 35 33 85 77 53 
58 73 82 25 78 30 2 7 32 9 47 49 28 100 57 99 29 36 21 4 24 13 5 84 20 80 14 44 75 90 64 23 38 92 87 59 53 17 51 27 97 79 56 26 6 43 74 89 40 95 50 67 93 70 60 77 71 3 83 66 37 54 41 16 63 8 85 12 35 55 62 11 61 45 76 
90 22 69 96 35 24 68 38 93 37 39 25 31 8 86 78 15 62 70 56 29 55 57 87 72 95 74 40 52 33 85 14 49 91 81 64 43 13 30 12 23 67 36 100 6 89 84 88 76 66 21 11 98 63 58 18 2 46 42 27 61 82 71 65 17 9 10 50 79 28 32 77 19 
24 89 75 32 13 44 88 7 60 49 98 92 86 74 87 14 68 27 100 99 79 82 35 54 90 81 63 23 8 39 30 18 76 29 50 70 55 80 38 9 69 11 28 67 17 65 2 5 73 22 91 78 53 51 26 66 77 43 3 95 56 45 33 85 59 62 94 71 37 93 52 25 
70 82 75 42 64 21 94 11 1 23 29 93 27 48 58 95 18 28 83 62 10 74 51 63 77 2 81 53 15 59 89 14 97 86 47 87 16 67 85 41 46 92 99 65 98 25 24 39 4 5 73 80 60 7 84 72 54 50 88 13 8 17 45 66 96 79 56 78 40 55 44 61 36 52 69 100 43 
52 70 35 71 44 28 1 42 43 17 11 4 13 49 24 73 26 3 55 82 95 45 16 53 62 63 10 2 64 32 90 37 59 18 66 14 46 78 27 88 91 22 47 79 54 61 97 51 41 19 65 98 83 77 8 81 15 60 84 92 29 30 69 21 23 40 57 56 67 48 93 39 85 89 31 94 80 
86 7 49 34 14 35 58 8 15 25 57 41 72 60 10 66 6 27 77 29 92 84 11 18 67 74 19 81 33 55 73 5 53 71 70 9 32 48 88 2 87 37 45 61 36 95 82 42 98 63 52 97 21 17 26 68 38 94 64 28 4 43 69 30 100 65 16 50 1 46 79 54 89 91 56 
90 18 11 93 15 14 44 91 81 82 94 92 10 21 26 78 53 84 54 7 89 8 100 12 51 70 36 25 79 38 2 17 4 32 97 67 24 64 99 65 75 50 56 71 27 87 86 98 19 22 47 5 9 66 48 85 28 68 80 43 31 20 23 39 96 72 49 83 69 29 76 
46 83 43 16 40 55 45 41 89 10 81 79 7 84 52 91 22 8 48 76 36 19 20 62 72 78 99 66 87 88 70 30 12 67 35 11 34 74 6 37 75 15 38 49 77 31 3 32 27 28 85 18 51 21 56 24 58 54 29 9 94 25 60 65 61 5 73 13 97 14 92 39 44 1 69 26 4 42 80 23 68 90 50 
100 60 5 90 80 7 46 42 24 79 99 19 82 57 81 89 31 26 18 17 29 87 78 20 73 85 76 32 72 44 22 75 88 36 43 91 51 94 86 84 53 33 23 3 67 10 30 59 63 68 35 45 69 50 97 25 15 34 2 70 49 56 14 39 1 52 55 12 21 4 64 96 66 93 37 28 65 27 58 61 48 
54 65 6 98 13 31 74 76 58 44 90 30 40 87 28 35 69 80 72 73 95 46 59 68 70 64 92 3 34 97 75 17 66 20 100 89 12 33 53 62 88 25 56 32 63 4 57 21 18 48 47 61 67 19 82 22 27 23 83 94 45 50 10 16 93 26 84 51 8 1 49 43 96 91 9 85 36 
72 92 86 2 93 7 73 95 16 70 19 26 35 47 10 22 21 1 11 88 96 98 40 31 43 27 76 30 100 85 59 58 80 28 49 48 42 36 4 87 8 24 50 55 33 54 34 78 29 67 51 84 3 46 61 60 18 91 94 89 81 57 37 52 17 97 41 32 66 53 82 64 69 62 71 83 
6 94 42 74 16 26 13 46 99 17 75 54 93 50 18 9 78 1 95 67 55 10 64 15 32 92 47 29 58 65 89 86 60 40 71 83 2 80 72 11 12 88 35 79 27 68 70 61 24 82 38 98 20 4 21 91 63 56 14 34 33 8 81 90 100 44 23 66 3 19 96 30 85 77 51 87 7 
13 93 84 98 34 2 83 16 9 1 71 76 42 49 32 67 28 99 53 57 21 91 62 3 14 23 27 100 97 54 69 59 47 55 77 26 33 36 92 39 78 17 96 74 89 64 18 70 37 38 90 63 46 68 6 51 65 56 81 29 66 75 95 11 88 73 79 7 35 5 86 44 
49 46 87 78 13 28 68 2 39 66 3 54 6 97 34 45 5 25 36 65 72 42 60 73 50 30 8 58 22 32 98 69 27 84 29 48 41 35 56 80 76 93 24 37 82 90 1 7 70 89 14 19 44 64 4 12 61 17 67 11 99 77 81 74 21 100 40 85 16 9 71 55 15 
64 56 1 39 27 19 94 31 79 57 85 18 11 41 48 40 66 95 78 17 89 71 14 84 13 49 53 36 67 25 42 50 59 54 74 81 63 46 72 73 29 97 26 20 68 87 44 22 15 61 86 6 4 90 88 99 92 98 7 62 32 12 80 21 51 28 69 23 33 8 100 77 45 93 43 5 82 
89 8 33 17 43 83 22 76 55 92 5 59 44 63 87 30 57 15 51 65 56 93 45 27 46 32 41 78 97 29 16 37 82 12 47 70 91 72 60 75 24 64 38 73 66 35 99 34 69 10 40 28 4 67 53 6 39 50 26 68 25 9 49 54 31 20 18 77 7 74 36 
39 23 56 50 12 4 86 38 10 92 9 58 88 25 44 45 29 35 76 81 74 15 93 85 30 80 73 47 31 53 66 13 26 79 5 6 36 82 49 3 65 83 63 70 78 60 11 40 98 69 42 33 41 64 91 94 77 75 8 71 22 24 68 17 99 21 48 34 72 67 90 20 43 16 46 95 55 14 27 87 89 28 
8 44 35 1 23 37 92 49 38 98 55 41 19 68 15 13 33 39 46 81 76 34 97 82 54 80 32 91 17 99 86 72 88 83 71 9 5 50 93 30 67 47 20 60 77 90 96 51 57 4 12 100 75 65 58 87 70 62 25 18 69 79 48 11 78 42 73 31 61 
86 36 8 88 2 21 4 76 77 32 20 50 37 84 66 35 13 87 59 54 93 94 42 49 38 67 57 15 80 81 79 96 47 95 98 12 60 18 34 11 41 85 31 10 14 3 40 73 58 56 25 55 27 71 72 28 89 75 45 16 46 83 91 23 17 7 51 39 6 61 62 33 65 78 52 
11 93 47 72 53 19 69 59 31 80 8 17 75 24 52 22 36 2 12 96 50 35 89 81 85 51 57 92 66 88 76 20 3 83 29 26 23 38 94 95 40 9 49 25 5 84 32 86 43 73 58 74 4 41 39 34 82 77 21 13 10 78 55 48 27 54 64 63 62 45 98 71 6 61 100 
57 3 21 97 16 91 19 65 49 55 58 96 1 36 86 99 54 85 60 84 77 51 35 22 32 7 75 76 61 56 80 74 27 8 69 4 92 39 94 48 89 47 6 30 59 9 5 13 41 64 23 24 28 45 88 14 82 68 73 50 72 26 12 53 11 87 46 81 42 70 93 52 17 43 18 71 62 90 
49 38 93 74 60 56 100 83 87 72 20 76 35 41 39 5 1 48 8 52 97 3 95 21 4 53 37 51 89 57 6 16 94 7 50 17 22 59 10 28 99 29 81 36 58 82 55 46 85 64 61 62 27 47 86 78 71 23 70 18 34 54 73 40 98 63 91 80 75 33 2 88 19 26 15 90 9 31 
92 20 5 61 54 81 85 32 24 36 12 30 3 44 79 75 17 28 15 93 39 87 57 40 33 47 63 19 98 97 60 62 42 43 84 69 78 11 10 4 6 90 2 76 58 22 94 73 48 80 91 86 55 52 66 25 74 1 35 51 77 71 53 41 59 45 37 14 70 7 
68 21 41 24 56 90 74 76 65 15 4 44 70 38 75 100 40 30 51 8 16 77 11 91 31 97 83 72 22 62 54 29 87 53 98 19 33 82 20 13 14 47 2 34 92 17 6 96 61 42 58 45 43 48 94 55 73 80 59 81 63 99 95 49 78 52 7 50 5 85 60 66 89 71 25 
36 62 42 61 88 32 46 96 66 84 44 71 24 97 28 30 83 57 22 8 58 9 54 48 90 12 33 79 18 26 20 47 82 78 38 69 92 27 43 45 14 19 89 35 1 67 100 68 81 73 6 98 41 63 85 3 56 53 10 11 51 40 4 52 29 25 50 59 55 16 34 39 49 91 15 72 
100 2 91 64 98 23 32 41 37 63 82 83 79 43 16 44 74 11 65 75 47 87 93 14 18 35 68 33 86 59 62 60 9 25 34 76 95 51 27 48 36 22 46 99 19 66 13 73 38 10 67 50 26 56 78 52 45 3 92 85 40 8 72 57 69 30 70 28 58 31 20 4 15 89 1 29 84 80 
99 69 61 86 39 21 31 63 15 9 26 27 67 77 62 71 79 43 34 28 3 18 49 33 56 96 92 52 22 88 91 2 14 7 1 42 90 98 84 16 59 11 85 57 41 55 6 95 100 32 70 74 73 37 30 53 64 5 81 66 38 36 54 65 45 75 10 8 60 35 87 82 97 23 19 44 51 47 93 
20 66 99 53 64 81 28 70 38 85 23 14 89 71 58 16 8 5 21 96 29 76 49 3 97 24 55 75 40 31 60 63 26 92 65 50 77 18 68 43 74 1 10 79 84 67 7 54 32 51 61 87 37 59 11 35 27 88 22 34 80 83 72 6 17 9 13 69 62 100 86 25 2 15 94 90 12 78 48 56 42 91 93 46 19 4 
25 1 20 53 90 84 18 3 61 71 22 14 72 47 24 43 46 2 95 17 96 99 85 42 7 87 48 45 80 10 28 37 16 55 89 8 62 4 51 68 34 92 57 100 27 13 26 73 67 31 36 59 40 82 12 97 11 30 65 44 60 49 9 33 94 38 69 66 91 41 58 35 77 21 81 
34 53 96 7 57 98 40 65 81 15 85 35 52 37 32 45 43 83 10 72 88 14 66 92 27 16 29 73 24 49 76 36 41 13 58 71 3 64 95 93 55 99 22 89 44 80 6 12 84 69 31 68 42 77 26 86 100 94 91 46 25 8 79 38 17 33 87 48 97 67 82 62 54 28 11 61 63 
91 18 19 63 9 47 100 73 55 59 25 92 54 56 22 62 13 61 75 39 14 69 87 96 66 8 10 94 98 28 58 45 65 88 99 52 40 5 71 86 35 16 78 82 12 1 53 7 31 38 68 30 36 37 67 64 17 23 2 48 81 24 97 6 77 84 90 26 95 46 
62 18 25 73 96 8 38 45 49 58 11 63 86 26 46 39 33 89 74 7 23 75 88 3 4 80 31 95 65 32 28 78 5 51 6 48 93 91 1 68 42 83 76 22 43 97 14 13 27 99 19 12 9 53 57 50 2 82 47 66 90 60 79 59 21 24 87 34 61 64 44 16 69 10 17 92 72 84 
33 77 60 86 47 41 87 9 94 85 24 7 65 80 54 97 31 93 34 95 16 53 22 39 29 62 28 4 56 1 89 3 73 10 64 71 57 45 27 21 98 61 82 2 20 83 76 12 58 25 44 50 90 92 46 63 69 5 68 59 88 52 19 48 100 40 13 43 67 99 37 17 49 30 70 
58 96 5 72 73 94 31 27 23 42 50 36 64 17 25 62 45 88 30 28 60 34 93 49 91 19 41 6 71 47 15 99 29 24 2 95 63 13 80 46 90 21 85 92 43 52 4 57 68 51 83 77 1 98 11 33 7 53 12 18 48 10 89 40 9 97 70 54 38 35 8 86 75 
62 39 8 84 73 12 98 68 7 50 71 36 59 43 94 26 18 11 55 21 48 85 29 88 53 57 67 52 100 2 92 20 30 33 74 96 90 49 63 14 44 37 65 35 75 32 22 4 34 27 69 1 87 13 10 77 17 66 78 79 25 38 97 89 56 64 91 54 86 9 81 28 45 60 46 
34 40 39 36 76 60 90 42 84 54 21 99 8 74 57 30 73 1 4 47 83 14 29 12 9 94 64 5 95 82 51 44 27 69 28 2 45 100 65 97 13 85 58 75 91 68 66 23 48 52 17 15 59 43 24 62 19 16 33 70 53 50 18 72 80 49 22 26 63 56 92 20 41 88 7 89 67 37 86 
56 44 65 91 24 77 5 49 43 28 14 93 13 90 69 50 75 48 33 23 60 67 85 16 89 36 81 57 72 66 83 62 1 63 21 11 7 61 17 94 88 31 37 96 98 84 38 52 9 74 70 71 95 51 59 25 42 22 3 47 34 26 54 45 86 18 10 78 76 30 46 55 39 32 
5 46 10 19 70 45 69 63 25 12 100 67 89 78 57 27 81 56 64 32 90 3 37 39 4 71 53 13 11 22 91 2 79 61 52 75 95 65 73 41 97 21 6 82 92 96 24 38 62 58 94 42 55 77 35 85 1 26 14 86 50 34 28 84 49 18 15 
70 76 20 39 40 56 24 91 10 64 30 52 58 44 73 15 36 74 33 83 9 43 3 22 100 7 71 12 49 26 72 41 86 32 27 93 42 47 34 77 35 60 23 18 59 51 50 19 6 5 38 29 16 95 37 13 96 82 45 90 88 80 14 65 46 75 55 92 66 68 54 25 4 81 53 
21 95 98 7 89 81 59 25 12 5 49 60 87 66 44 41 3 55 99 23 79 74 11 2 6 24 54 80 100 65 40 70 19 9 62 39 73 71 91 26 45 38 35 34 83 88 92 86 50 46 42 32 20 82 47 48 52 90 53 56 36 43 22 10 67 75 72 69 96 14 18 28 93 64 68 78 57 1 13 
22 27 37 33 35 14 34 36 96 6 71 66 49 13 88 68 51 26 81 58 40 16 77 98 21 94 52 20 45 65 89 82 87 9 90 80 12 54 8 72 41 79 17 24 100 83 63 3 95 76 91 7 25 43 97 32 56 19 92 57 67 64 48 30 2 11 99 47 62 1 44 93 78 38 73 84 60 75 85 
22 95 4 89 17 32 99 7 36 45 69 66 55 100 74 13 23 78 37 76 47 49 48 46 64 59 8 5 30 61 97 11 86 91 20 68 9 60 26 12 57 75 53 85 73 2 62 40 77 51 41 88 52 80 39 63 33 44 96 16 28 6 90 72 71 24 31 21 43 94 98 56 67 19 25 35 54 
5 37 64 20 7 53 96 66 33 99 28 62 44 48 47 94 54 77 10 27 82 50 87 6 86 43 56 81 78 58 35 19 45 11 79 63 72 1 60 24 65 30 89 90 31 95 91 51 14 22 75 36 12 49 25 40 38 8 73 41 2 23 3 84 18 57 97 34 70 80 76 85 32 67 100 98 55 
66 74 56 54 23 12 44 41 81 3 6 7 88 30 67 14 57 94 52 58 86 79 37 39 65 20 31 73 42 71 19 21 45 64 18 55 50 92 85 59 77 49 90 46 40 27 4 47 17 38 51 82 69 26 78 61 60 29 8 22 96 62 28 35 91 87 48 33 75 100 97 70 9 53 15 10 83 36 80 
69 8 79 85 98 87 96 44 86 66 60 63 31 5 1 89 48 59 97 32 46 83 41 68 24 47 6 57 53 16 38 27 78 73 36 30 54 39 91 40 99 81 82 29 14 23 45 20 7 58 95 17 19 88 13 28 4 2 74 55 100 76 93 70 43 67 50 77 72 62 84 52 3 80 18 
29 36 92 88 6 57 47 38 56 44 66 18 90 84 69 81 32 48 23 96 62 1 8 73 40 5 20 22 68 11 21 63 82 99 70 42 4 83 52 85 55 31 53 45 58 75 80 50 71 61 51 35 98 37 74 54 25 17 67 41 28 64 79 76 30 89 16 95 97 87 24 39 15 19 77 72 9 43 86 
17 89 93 26 63 73 60 100 43 34 10 11 66 40 72 45 74 33 56 91 51 13 85 41 49 77 12 3 7 9 19 75 81 31 83 71 32 6 68 50 79 30 35 99 65 80 95 1 48 69 55 29 36 42 37 46 16 18 8 57 21 52 58 62 84 38 97 53 76 96 24 61 20 78 70 86 
22 14 84 6 38 26 90 3 67 28 5 31 96 24 63 65 78 58 49 75 56 19 77 13 15 2 71 8 20 86 60 92 68 21 61 72 32 36 79 41 33 30 44 9 55 94 29 54 98 66 97 42 64 40 73 46 48 50 52 62 37 17 59 34 85 57 1 95 82 4 47 25 39 
69 38 20 11 48 39 88 67 36 7 31 27 95 68 51 10 87 73 74 24 83 45 65 64 18 57 25 22 86 62 6 1 3 75 80 50 12 81 79 4 53 33 34 42 93 76 55 78 41 16 66 21 97 54 13 23 100 99 26 5 89 14 52 32 15 96 28 82 44 60 56 49 
99 45 60 46 93 23 100 35 11 50 31 36 13 62 91 37 69 67 18 20 55 22 81 14 19 82 58 77 32 74 57 44 92 79 56 83 43 21 38 12 48 90 87 85 84 86 30 39 72 34 41 26 28 88 64 71 75 76 29 6 25 15 8 5 94 49 65 47 1 78 51 
38 40 19 89 83 97 73 66 87 52 77 65 75 28 64 58 88 9 47 79 27 93 54 35 86 23 20 99 18 100 80 8 33 56 90 92 85 6 36 16 82 84 5 39 21 31 76 17 26 12 98 55 22 69 49 57 74 94 3 10 42 34 11 24 43 41 37 13 70 44 63 91 72 4 
58 83 56 94 90 53 30 73 63 40 46 61 54 77 29 60 78 52 33 18 7 32 45 74 21 86 34 25 36 49 67 8 69 91 81 96 51 70 26 88 98 66 92 76 39 89 72 23 2 100 10 44 27 3 68 13 43 28 41 75 4 35 15 17 80 59 31 93 55 20 12 50 37 6 38 16 22 79 14 87 99 11 
58 28 10 42 16 38 13 47 88 8 79 20 37 36 63 48 33 80 69 68 24 40 22 65 49 5 39 14 67 56 59 41 75 43 71 17 78 91 93 82 45 3 25 64 31 62 30 60 57 50 15 21 12 76 29 72 86 97 99 100 6 96 85 34 9 27 55 51 90 11 52 87 70 
7 78 95 42 33 32 87 69 75 39 76 49 6 41 45 71 96 8 59 2 81 14 25 94 86 92 62 53 22 91 58 85 44 28 18 37 29 60 52 61 57 90 13 74 98 48 67 73 3 43 21 97 26 88 10 100 54 23 46 16 40 27 72 77 30 66 20 4 17 79 63 5 35 11 
17 71 83 67 41 25 51 46 22 73 35 58 92 34 96 57 54 72 44 40 38 55 87 81 30 3 74 49 31 63 26 13 70 16 76 10 89 78 59 65 19 88 33 48 52 18 99 90 69 75 1 56 94 32 23 47 7 45 84 80 85 15 86 24 43 14 95 60 6 29 12 98 39 97 21 
