100
87 7 6 45 44 95 92 66 39 80 83 52 5 50 90 69 48 41 32 86 75 33 2 82 98 76 96 84 12 21 19 88 63 26 3 94 11 13 35 49 17 54 47 22 25 58 79 40 53 27 68 93 77 28 57 43 34 8 4 71 42 67 73 89 31 14 
11 4 26 56 89 99 7 72 94 19 30 86 1 60 13 12 90 17 27 15 79 81 5 21 71 28 83 77 63 38 61 78 74 91 70 66 57 88 41 75 65 3 37 85 22 45 55 9 92 6 51 48 42 35 73 44 100 47 97 20 14 87 32 10 50 76 96 52 29 18 68 23 31 25 40 
21 37 85 86 23 39 89 14 53 78 71 73 79 34 32 9 26 68 72 30 74 31 45 56 2 83 16 63 96 29 98 67 94 76 57 22 5 7 99 97 38 1 41 4 93 47 91 13 12 87 95 59 17 90 35 69 18 61 77 65 54 10 44 15 
28 75 21 31 99 26 35 29 96 53 87 16 100 77 34 1 70 8 45 64 84 17 42 79 72 43 66 76 11 58 12 73 47 15 25 7 68 13 54 94 71 74 59 61 69 23 55 48 98 37 85 93 6 44 88 3 92 57 89 19 20 86 27 24 60 82 46 2 67 52 95 80 5 22 49 
83 57 74 14 47 19 54 97 37 9 64 94 73 65 100 48 22 41 58 25 75 76 36 52 38 24 8 10 95 78 98 40 96 42 51 28 85 31 44 43 82 35 6 67 88 30 79 45 62 50 63 84 86 99 34 16 7 66 3 92 70 15 91 93 29 2 39 13 68 56 20 87 1 11 4 61 17 33 90 59 
59 21 56 87 19 50 41 91 52 98 31 61 76 20 83 42 18 46 13 30 1 99 82 27 11 40 73 85 7 72 88 58 48 75 54 70 47 86 10 57 84 96 22 60 16 23 17 69 28 39 44 33 95 2 4 55 49 5 71 81 90 64 65 53 79 77 92 97 25 9 14 93 35 26 89 24 
85 100 90 10 1 63 21 81 6 86 98 29 65 26 50 47 23 54 28 13 69 75 43 74 2 22 16 3 62 68 56 4 35 57 5 79 41 18 82 83 37 89 99 67 15 77 11 94 55 25 96 88 42 36 40 49 19 14 92 39 45 24 30 71 73 8 61 31 53 51 58 64 
54 40 70 76 30 39 28 100 51 80 95 29 38 72 45 99 60 47 68 32 31 43 20 57 84 48 79 50 41 66 61 25 33 35 92 22 87 73 97 85 75 1 23 11 83 19 15 27 86 34 44 18 14 65 10 13 91 36 7 37 89 93 59 53 71 77 21 56 67 62 4 16 49 55 5 98 64 42 
66 36 71 46 40 59 17 80 20 92 35 16 47 39 62 50 2 33 31 63 6 29 93 84 67 86 49 65 28 99 78 23 61 95 14 54 60 81 68 22 24 64 10 34 79 96 89 97 57 53 18 30 69 27 5 85 56 55 72 94 45 38 51 42 82 32 76 3 12 11 21 75 41 88 
6 76 86 24 62 88 23 18 50 45 56 91 20 25 40 71 60 89 61 81 48 49 32 5 92 39 35 68 29 42 34 21 99 13 84 28 82 58 41 57 33 98 72 78 64 51 87 30 37 77 100 38 66 27 53 93 2 95 36 22 31 74 59 79 11 69 83 96 52 3 8 9 12 17 26 65 7 90 67 
22 65 16 21 27 4 19 71 31 100 37 57 5 1 58 92 67 78 94 55 25 64 18 95 2 20 48 89 17 6 47 77 62 40 53 12 56 34 38 13 14 52 42 15 7 73 81 8 86 90 61 60 97 91 28 74 45 26 10 80 36 30 29 87 75 70 44 33 41 85 23 59 9 32 
25 2 59 86 75 93 65 9 39 48 92 57 68 32 69 81 19 35 96 94 91 36 79 73 20 1 4 67 55 22 15 60 37 47 10 77 23 26 76 64 83 52 89 80 99 16 88 3 34 53 54 28 66 43 71 11 84 31 72 21 46 14 29 63 70 61 95 41 38 56 78 45 
78 8 51 56 88 10 27 52 58 44 14 3 16 68 54 31 35 17 62 47 11 82 53 65 39 48 15 45 90 79 7 98 67 71 75 19 5 89 1 2 46 74 41 61 28 29 69 97 95 6 100 21 83 23 85 87 37 93 32 92 22 34 59 57 50 91 40 4 80 96 30 55 86 66 
48 59 16 5 37 57 55 13 50 45 46 78 83 7 84 43 63 11 92 35 28 82 64 95 8 44 61 20 23 39 97 32 67 6 94 87 74 90 36 33 79 1 26 3 52 88 77 22 56 21 80 38 60 12 99 19 89 93 40 58 100 34 62 9 42 68 53 17 47 73 2 66 30 
81 18 72 97 90 54 86 94 25 37 88 59 29 40 98 2 36 84 35 12 17 68 28 63 38 41 95 47 19 49 65 62 45 67 92 4 26 27 93 74 71 51 58 76 85 34 55 11 82 5 33 42 87 20 91 7 39 99 8 46 13 96 3 66 22 83 89 44 30 61 57 31 
47 72 29 6 81 40 48 46 58 68 59 56 62 39 51 30 45 100 13 21 22 18 11 86 19 75 7 88 94 35 49 82 97 70 31 64 5 69 28 76 26 73 78 91 55 23 24 79 63 3 33 54 67 20 17 27 36 89 9 37 60 71 12 83 90 4 14 80 50 61 8 95 52 66 77 
15 1 29 63 79 100 74 61 11 80 99 90 10 54 55 49 56 26 44 21 81 13 58 48 33 51 2 25 73 9 14 45 3 88 69 67 91 84 85 66 50 41 23 24 78 5 4 57 93 38 92 18 47 16 42 82 20 43 40 75 60 77 31 19 94 6 96 22 28 30 34 72 86 97 52 68 
58 15 56 86 38 32 75 60 37 33 71 17 53 31 11 72 3 6 81 89 64 19 36 10 47 39 92 8 80 41 77 82 23 74 94 45 76 40 65 78 97 30 49 91 84 22 98 68 85 35 99 24 70 61 69 42 73 96 16 25 46 83 29 7 27 43 2 9 62 51 48 50 57 
51 39 77 33 88 29 93 41 70 47 60 52 58 53 56 64 57 61 85 28 13 69 30 5 76 7 45 68 6 25 16 86 59 75 11 84 78 62 42 12 4 73 44 79 65 14 81 94 8 67 90 40 15 50 72 92 99 27 26 18 91 1 34 74 82 80 24 48 2 43 17 
27 35 45 76 60 5 25 96 37 88 51 50 53 16 21 30 82 36 64 55 8 93 38 92 6 67 83 58 49 39 15 91 41 33 11 46 89 57 4 22 77 98 63 73 10 48 14 81 9 71 2 59 99 68 31 75 17 44 12 84 26 24 72 23 54 32 52 87 29 
85 51 17 95 6 31 7 4 14 76 61 54 92 55 10 37 12 68 63 88 98 43 70 22 57 40 48 46 90 25 42 11 27 79 20 3 32 86 81 16 9 1 29 28 53 50 41 91 26 89 36 2 66 73 38 69 13 52 24 87 49 99 44 78 97 8 74 33 96 47 71 56 35 
54 64 52 49 29 78 98 41 15 96 91 18 53 95 60 87 55 61 1 88 90 45 100 7 92 62 11 51 31 4 12 21 40 75 8 14 26 73 71 89 85 32 10 2 58 23 56 99 16 20 93 82 37 27 74 66 39 30 50 72 76 67 97 47 63 6 44 34 5 48 9 81 36 28 70 25 94 35 13 3 17 
3 64 95 32 42 98 97 55 94 4 36 28 78 18 40 85 82 92 93 47 49 20 68 29 56 14 11 58 79 70 16 8 65 86 61 72 12 96 41 22 17 2 7 75 90 100 26 30 67 76 10 62 25 34 27 81 54 43 35 53 6 77 91 39 9 13 57 74 89 88 50 44 83 69 
81 94 54 84 86 77 76 59 35 16 29 99 72 80 44 57 40 100 6 5 17 49 74 33 75 4 32 28 50 78 43 52 91 20 62 97 67 89 25 21 30 88 65 36 92 96 19 7 47 87 45 85 42 18 61 83 64 41 48 66 9 68 95 98 53 37 27 26 31 56 39 10 
27 96 49 88 23 36 54 21 41 92 64 51 22 94 89 91 4 17 55 100 75 99 95 24 10 72 59 82 58 47 61 53 28 67 73 2 6 65 38 98 11 56 32 85 15 42 62 19 40 29 31 45 18 48 20 50 83 97 1 78 7 12 63 77 70 79 5 90 8 66 69 46 81 86 76 
58 77 81 78 27 4 42 73 84 3 38 2 62 11 86 33 24 15 23 6 72 45 63 64 39 55 97 99 7 79 41 69 14 56 66 1 47 21 37 82 29 44 83 17 96 88 94 100 48 75 87 46 67 71 54 53 95 19 12 57 43 76 30 93 20 51 90 89 31 10 16 22 
49 10 15 57 87 11 50 80 4 91 69 60 99 84 95 66 24 37 23 65 81 26 62 98 68 64 42 67 73 43 48 16 39 33 32 44 61 45 9 30 63 94 13 70 83 77 79 1 97 58 82 76 88 46 53 35 22 8 18 31 6 19 55 72 54 29 51 20 2 85 47 21 75 78 25 74 40 
96 24 51 70 14 57 5 41 43 19 92 12 85 98 97 64 38 33 37 2 95 52 31 32 54 9 10 81 67 4 74 59 60 7 94 34 11 48 88 13 16 40 25 65 75 91 84 44 50 76 93 89 1 61 90 21 99 8 66 45 79 22 71 17 49 100 55 36 56 23 29 68 86 82 69 72 15 83 73 6 
85 84 23 5 27 13 100 64 77 94 96 46 33 42 69 99 56 4 20 74 95 17 9 47 43 21 16 86 25 93 66 54 24 51 8 7 10 34 57 15 76 30 73 37 19 81 39 22 83 68 3 90 12 71 62 91 52 2 61 48 87 18 58 75 65 11 28 97 35 40 92 70 44 79 88 59 41 26 
22 68 77 54 13 2 84 55 65 35 76 37 69 94 58 46 99 33 59 67 39 24 87 86 11 97 32 95 18 74 27 9 19 14 23 3 31 44 82 93 5 100 17 43 63 36 16 72 90 26 88 29 42 45 20 7 92 8 78 89 79 10 41 60 81 15 52 6 50 62 75 51 49 83 96 48 
61 16 85 72 27 34 67 32 2 47 60 74 12 28 100 55 42 71 40 46 36 98 22 7 86 83 57 81 62 58 63 95 87 77 25 53 84 49 48 9 8 52 6 24 10 89 5 30 20 21 26 75 33 82 99 4 78 1 15 59 3 70 68 13 51 93 80 44 18 45 35 11 17 90 73 
96 37 52 91 55 22 67 95 11 27 57 18 47 50 63 39 43 2 60 98 84 24 71 25 20 23 62 58 9 33 92 66 53 83 41 8 72 88 3 86 30 45 94 65 31 73 28 54 75 14 89 59 100 81 82 69 12 64 74 13 80 85 36 76 34 97 99 90 78 1 21 48 79 10 51 49 77 
15 45 89 38 46 88 97 78 68 28 94 76 92 27 55 48 83 21 36 39 47 52 84 63 49 66 29 95 42 9 8 65 91 20 17 57 61 1 85 5 80 70 31 30 62 69 96 77 26 11 34 74 24 41 6 86 81 32 14 98 72 73 19 16 100 93 10 90 18 60 
29 93 50 22 23 77 57 100 84 39 13 94 35 11 4 40 62 31 83 88 49 66 64 63 1 52 98 60 95 32 82 68 74 51 48 70 42 72 15 3 47 89 36 5 10 73 19 17 41 78 33 43 53 44 45 99 71 28 8 87 9 14 76 54 12 81 
53 18 65 24 34 21 51 71 42 45 73 77 39 59 50 84 81 6 79 95 27 5 97 52 99 83 82 61 13 63 67 55 2 23 90 7 4 10 94 74 30 96 14 46 15 89 54 31 20 44 98 48 69 78 85 60 1 92 93 16 37 75 47 57 12 62 66 3 22 56 100 9 43 29 80 8 
32 55 20 43 18 94 44 30 5 72 34 31 57 71 59 97 93 40 82 45 63 16 75 67 58 84 21 66 78 99 48 33 52 89 39 77 11 64 24 37 91 28 38 42 73 68 8 53 51 14 65 10 22 86 15 7 74 90 87 96 46 88 23 47 92 83 25 9 76 12 49 
43 91 26 2 89 29 61 64 98 70 32 52 11 7 53 21 45 79 94 35 39 51 5 74 36 60 12 46 22 76 65 72 13 24 75 38 8 96 58 93 78 55 27 73 44 16 99 20 90 66 14 54 95 10 28 85 68 18 57 69 88 87 86 40 4 15 30 63 71 3 42 
100 8 12 67 92 54 47 17 76 57 50 89 62 49 87 46 82 3 28 37 88 86 18 5 44 79 74 81 77 64 84 63 61 20 66 40 55 78 80 9 85 52 95 58 21 97 10 93 68 33 15 60 45 72 14 36 25 90 2 42 99 51 94 96 69 26 65 11 75 71 48 83 
9 48 24 98 5 99 76 93 19 74 84 61 45 43 71 49 55 47 34 90 23 8 7 85 69 88 57 78 16 83 86 42 63 15 68 3 67 6 26 89 53 81 33 20 58 1 30 46 27 95 12 22 60 18 51 75 72 29 52 13 32 92 10 82 35 50 66 36 14 100 40 54 44 64 70 97 80 56 96 37 73 62 
70 97 73 66 51 24 5 15 14 100 42 92 37 34 23 13 11 79 99 55 81 62 39 69 75 53 45 31 56 76 68 21 25 17 94 16 88 63 90 18 95 80 43 74 1 27 59 49 8 10 46 86 28 38 36 96 87 19 52 2 65 89 57 71 93 7 47 9 6 22 84 61 98 77 54 85 72 29 48 
91 77 59 71 44 94 97 83 88 9 21 53 8 98 72 7 52 61 45 78 25 32 29 6 67 2 100 13 48 19 49 99 58 57 82 93 46 10 5 17 22 15 30 87 80 3 34 92 96 51 86 23 18 84 56 28 81 54 65 12 1 33 26 20 11 85 76 24 68 
10 75 37 89 81 91 2 77 92 72 48 4 59 94 29 85 26 90 23 93 88 18 1 64 78 36 5 54 50 60 76 15 99 38 65 19 63 71 11 96 67 33 58 17 27 69 31 55 74 34 40 14 56 73 97 7 46 47 21 83 9 30 57 98 35 62 43 25 80 24 8 52 39 6 51 49 
36 18 68 45 7 39 55 67 46 100 58 23 82 61 59 77 75 28 57 30 63 60 91 1 35 54 12 32 34 70 47 19 95 96 98 14 78 86 27 69 71 52 72 87 83 26 53 79 29 49 88 37 5 40 65 62 21 73 42 89 85 56 92 4 44 84 8 50 17 74 66 24 80 
37 58 34 71 30 39 38 57 27 91 62 19 31 80 98 17 70 60 88 61 29 21 15 3 5 84 67 35 54 46 36 95 13 20 73 23 59 1 48 14 22 92 50 47 82 76 6 75 8 2 68 24 28 89 85 93 86 52 45 77 43 11 26 66 41 55 4 
73 86 98 51 43 62 40 77 44 54 35 5 83 16 65 84 11 38 58 80 90 67 14 46 78 55 91 56 8 20 75 36 66 3 9 10 4 31 24 70 82 71 53 69 1 64 37 87 27 79 47 22 13 41 76 59 15 74 30 32 12 61 39 19 2 93 7 33 52 18 48 72 25 28 100 34 99 17 26 50 89 63 81 
91 64 42 36 14 16 43 65 88 25 45 52 27 85 12 4 78 55 47 97 31 90 41 21 48 15 76 44 80 75 68 39 37 18 40 69 6 50 59 26 38 57 62 30 89 71 74 20 9 29 98 51 67 54 61 95 86 92 13 94 70 56 35 33 96 58 63 72 83 
36 86 42 40 59 51 80 74 3 72 63 4 31 11 97 8 99 66 46 61 35 19 25 82 89 14 69 78 93 73 60 34 1 88 71 29 23 16 26 21 62 58 9 96 12 77 38 83 57 44 32 91 6 48 15 43 76 45 70 92 13 100 2 39 24 49 55 7 5 33 81 64 87 18 54 22 90 75 27 95 17 68 
55 12 65 44 95 4 32 28 62 17 80 19 66 84 63 6 40 56 73 26 25 47 59 36 50 70 8 31 45 10 39 98 29 76 61 11 92 94 67 71 72 20 83 14 33 18 100 27 85 34 22 82 35 42 5 41 13 96 60 99 46 1 24 51 75 93 90 91 49 87 21 38 16 30 2 69 88 89 
30 55 8 15 65 70 38 56 52 50 87 89 10 22 82 80 73 28 42 6 36 77 34 7 59 60 39 27 62 31 51 74 47 9 69 78 100 40 25 79 76 71 17 43 18 88 53 68 90 41 85 72 58 75 54 61 98 84 20 24 91 4 32 57 1 16 23 48 33 83 21 
80 28 7 86 64 44 35 100 92 53 70 88 98 14 23 72 79 74 45 68 94 34 62 2 13 71 20 63 25 66 5 54 10 38 87 32 65 48 18 43 85 42 84 91 58 96 17 97 24 52 27 22 83 39 73 60 8 61 21 46 30 9 57 82 6 1 16 19 81 75 56 69 49 
54 18 79 28 59 64 40 75 77 30 22 48 13 71 49 80 86 67 62 97 78 17 32 81 74 95 34 53 2 72 27 8 25 89 21 42 87 39 96 41 76 93 20 82 65 45 15 31 16 10 85 88 46 47 68 69 9 5 19 37 66 36 38 35 100 94 26 7 61 73 92 29 70 
14 78 77 74 45 94 67 62 33 6 29 4 42 36 17 2 64 73 69 35 34 38 32 21 12 61 31 85 28 40 37 84 53 98 93 90 56 39 1 44 70 10 54 83 86 49 100 79 24 46 88 60 80 68 66 92 13 16 20 59 11 65 43 82 22 50 97 57 96 41 30 19 5 
22 25 40 10 57 11 34 26 9 12 45 64 23 20 90 14 39 59 93 87 21 96 18 84 83 85 6 35 54 80 71 24 94 63 51 49 43 36 97 78 31 79 27 41 67 60 55 13 82 4 76 3 19 62 89 52 7 37 50 69 91 66 74 73 1 8 86 56 32 
47 9 97 89 53 32 27 92 65 95 50 51 38 86 15 73 63 96 20 6 41 81 7 21 13 77 43 35 57 17 79 16 49 4 26 39 30 22 76 90 61 28 1 66 93 88 40 91 85 37 45 8 42 44 46 34 52 24 71 25 58 84 70 5 12 98 23 59 83 75 74 64 80 3 29 56 99 69 
88 59 92 26 65 45 21 22 13 86 49 97 99 39 7 40 44 23 35 15 68 63 25 17 32 42 95 30 16 37 77 83 8 27 67 31 33 20 72 48 70 43 4 66 53 12 74 62 81 6 38 71 46 79 80 87 57 76 36 89 2 91 28 11 14 47 9 
50 86 61 79 57 25 96 18 29 48 64 84 39 80 83 16 52 95 7 3 26 98 19 22 2 11 67 24 100 45 58 91 46 23 14 63 54 73 53 75 5 10 62 21 40 68 6 71 74 88 43 9 87 70 13 8 65 82 49 59 90 66 35 81 42 17 41 12 69 77 28 
3 39 44 61 64 97 87 49 76 19 47 35 95 20 54 6 40 13 59 68 46 5 42 31 96 29 27 52 63 85 2 21 43 12 41 65 98 33 69 28 14 92 55 8 83 15 36 34 32 23 10 58 26 93 75 82 74 72 56 1 90 53 11 77 100 17 60 38 9 70 18 79 62 7 84 24 50 94 37 99 4 80 
39 50 88 92 66 93 32 79 10 37 91 18 36 85 87 64 11 96 7 14 90 49 68 100 65 57 45 46 31 1 22 82 69 71 25 43 26 19 38 13 80 23 20 84 78 42 30 75 97 56 94 61 15 77 86 4 5 81 74 54 44 27 67 6 29 47 16 98 63 17 76 41 83 99 70 89 
28 54 96 99 24 90 87 19 9 20 56 46 44 64 43 25 8 53 75 91 72 13 95 12 92 70 81 98 3 40 31 41 32 49 94 48 10 78 79 11 83 80 61 5 69 88 100 47 84 35 51 15 60 55 93 76 45 52 77 6 89 62 57 67 71 14 36 42 29 30 4 16 
73 47 32 18 39 76 16 20 19 2 59 14 93 34 87 88 27 67 31 78 50 57 8 69 37 96 6 49 91 22 53 9 42 72 10 11 62 68 4 80 98 52 48 43 63 82 95 70 61 84 100 71 38 77 97 28 74 33 35 30 12 44 65 89 17 75 66 
67 9 12 58 73 24 21 46 93 52 50 63 60 39 33 47 96 23 100 77 44 19 81 29 86 97 70 66 18 88 59 84 31 48 5 45 85 38 54 41 4 82 6 43 83 27 64 51 57 99 14 3 49 8 22 94 10 11 98 35 65 7 80 91 68 25 75 92 2 17 40 28 62 16 13 37 56 15 
48 39 92 67 56 38 93 24 15 97 18 42 19 72 78 49 35 76 32 71 96 88 82 9 59 13 40 60 91 27 74 100 99 29 53 30 70 31 73 79 94 25 45 86 23 55 5 26 68 22 95 8 89 90 10 52 34 84 69 44 51 77 46 7 47 65 66 61 11 43 57 50 98 16 14 33 83 
83 69 87 78 48 53 33 93 17 21 58 9 57 40 7 54 46 36 50 39 55 95 32 25 71 45 5 68 26 75 3 1 73 2 99 37 64 61 82 30 47 77 85 60 66 92 94 70 31 38 96 67 86 43 98 16 42 15 65 14 56 12 90 34 27 20 35 89 22 
46 66 86 37 12 39 6 57 77 58 67 75 99 4 8 50 27 53 69 85 65 70 16 87 56 51 68 24 59 9 22 83 84 92 52 26 14 20 82 94 36 32 29 10 34 54 19 73 28 61 88 5 78 38 93 47 7 90 71 42 45 95 23 11 25 63 18 
63 13 35 99 71 24 83 90 6 32 41 100 40 43 28 54 37 55 82 81 23 45 9 48 30 58 19 11 73 98 46 29 69 57 33 60 91 70 7 5 49 15 51 66 2 38 27 75 76 64 80 10 62 52 67 85 61 12 18 56 77 3 25 84 92 94 88 8 89 93 42 36 50 96 
4 62 47 28 60 35 86 56 58 1 21 51 55 80 17 88 53 68 98 78 26 45 77 25 22 43 9 52 15 48 72 54 79 50 32 16 83 39 89 33 14 64 82 2 84 63 67 65 29 10 38 36 61 8 13 34 100 81 37 5 27 40 24 95 93 70 97 44 12 
90 39 26 66 89 87 52 78 51 32 30 46 55 94 35 3 68 36 5 1 17 93 58 19 43 84 86 38 27 31 74 44 92 64 48 16 41 28 95 59 11 85 13 20 91 15 82 61 8 56 24 12 22 65 96 14 45 4 42 62 88 99 98 63 9 7 23 77 10 53 69 97 25 81 60 
31 72 60 18 64 33 94 67 12 41 75 40 70 63 86 21 90 92 83 80 87 24 82 46 98 27 29 34 2 56 81 17 20 55 1 62 49 10 79 84 19 69 99 71 13 66 15 61 58 50 76 28 52 91 8 78 57 7 44 96 51 38 37 14 23 3 4 47 30 9 73 95 16 5 36 43 39 
62 71 74 13 37 27 48 88 82 32 89 3 67 73 84 10 98 50 1 30 80 65 9 87 4 28 49 17 95 83 85 70 45 35 75 59 54 78 97 12 76 43 6 63 56 29 25 42 94 33 58 52 39 64 99 26 81 16 60 38 51 18 21 96 23 86 68 57 7 92 46 53 93 47 19 40 77 100 
74 22 2 55 79 11 19 21 5 91 47 63 27 49 75 6 60 34 98 23 51 66 80 56 18 86 93 4 57 83 68 94 37 84 95 12 85 28 52 88 33 73 78 62 100 89 39 61 82 58 48 92 81 40 71 64 90 65 44 16 29 8 25 87 45 50 69 43 31 97 54 46 59 
55 37 79 62 9 6 20 60 40 16 8 47 41 68 91 1 80 36 31 10 42 50 95 92 59 15 22 46 90 2 13 56 63 75 39 51 65 34 97 69 11 99 72 64 7 43 26 81 45 12 96 76 54 21 53 28 32 18 49 4 98 35 29 58 70 38 44 83 3 74 93 48 
33 4 9 26 34 38 31 71 40 48 68 41 91 46 12 36 30 98 17 77 24 2 15 28 85 39 6 57 19 86 89 45 10 32 50 20 79 99 42 60 8 100 94 82 43 87 18 51 37 83 49 66 3 16 27 96 22 62 93 23 59 95 55 25 47 
91 18 19 47 16 100 65 97 86 43 7 80 90 42 69 64 98 85 68 82 50 2 21 74 49 5 1 6 11 17 22 54 89 20 8 51 26 96 4 76 33 48 44 92 34 40 81 36 39 83 3 61 70 14 60 75 99 77 32 12 25 56 27 87 63 28 45 52 37 31 35 62 93 29 53 88 
36 21 62 42 75 60 39 89 17 34 79 15 37 46 73 57 100 52 7 80 99 38 70 51 22 31 85 47 78 18 95 91 30 4 13 35 88 53 96 5 40 29 67 3 14 83 77 28 93 49 45 2 84 71 50 24 10 11 86 19 33 54 43 87 58 23 82 55 27 56 81 97 32 69 
1 92 58 99 22 37 74 2 39 17 20 4 83 45 7 46 26 50 71 19 91 56 69 25 63 77 60 28 13 90 23 96 36 30 44 8 89 38 51 32 11 24 81 47 42 84 73 86 49 18 65 57 40 29 61 12 31 16 100 95 85 59 79 68 27 48 64 70 5 9 76 35 54 43 6 98 
9 41 47 73 84 32 90 96 94 30 99 59 28 8 33 25 49 46 55 87 51 82 38 98 60 69 42 22 92 6 58 57 68 4 80 71 85 62 65 39 34 91 79 48 15 54 10 27 75 3 45 19 44 21 83 53 89 36 16 40 1 2 29 81 12 26 20 86 37 88 24 5 95 100 23 93 18 
36 62 60 6 55 16 99 66 3 27 18 89 25 44 96 63 43 94 54 33 24 40 29 88 83 35 42 49 30 1 47 31 57 8 69 74 79 23 85 91 19 59 95 72 4 14 65 67 17 81 7 26 11 45 82 12 64 41 78 56 34 61 38 98 51 73 97 52 10 92 2 32 75 20 58 
47 74 19 23 13 18 88 11 21 39 91 9 60 26 24 67 43 51 35 41 62 52 83 25 32 86 2 59 3 33 22 85 45 36 89 70 30 49 16 81 64 34 82 53 5 68 99 77 93 92 42 14 17 63 58 38 12 10 97 69 66 27 37 94 46 31 
58 99 2 35 72 82 3 86 6 29 80 88 30 13 23 14 5 12 27 49 98 66 55 90 8 54 21 7 52 77 94 74 71 25 1 17 85 28 37 95 19 62 10 38 53 75 43 51 45 83 97 32 59 70 56 16 9 68 4 50 40 57 76 26 
97 95 13 8 52 88 73 87 66 51 86 65 39 4 33 27 60 70 49 50 43 83 1 74 53 16 19 59 54 48 58 56 89 38 47 79 18 17 14 44 85 69 68 9 55 31 41 24 11 61 94 76 35 90 40 57 82 46 91 84 12 32 42 93 71 99 45 
28 30 99 86 24 15 40 42 50 76 95 38 29 25 11 58 12 92 51 7 75 91 67 26 33 23 34 56 68 16 70 88 71 59 94 74 20 21 61 89 45 19 66 77 39 41 97 17 93 90 31 69 47 32 27 78 22 35 83 96 54 55 2 73 18 10 9 87 6 98 65 
62 90 58 68 48 34 64 83 56 28 18 32 67 50 52 73 38 57 36 65 100 74 72 5 70 95 31 25 43 88 6 13 16 77 60 15 7 63 19 69 66 30 20 49 27 98 23 35 10 26 22 89 99 61 97 51 9 76 1 96 53 78 93 80 41 39 45 79 4 47 14 91 44 17 
92 29 7 58 82 15 18 38 72 27 90 35 23 26 49 70 68 80 16 78 95 76 69 75 12 32 93 48 81 84 65 30 45 85 66 86 36 39 98 24 52 61 59 56 34 64 77 62 57 14 8 13 96 50 54 46 28 1 10 47 73 74 43 31 99 53 89 41 55 71 3 5 42 20 25 63 97 6 2 79 33 94 
40 52 44 27 35 18 34 98 83 45 10 76 12 53 67 56 64 29 39 62 92 50 30 58 68 28 26 61 57 69 90 80 4 97 94 54 8 38 43 24 99 95 1 6 20 65 19 70 48 31 17 60 9 66 32 33 36 91 5 14 59 74 15 49 41 88 87 75 
13 48 63 4 11 73 58 37 67 94 25 17 80 75 28 22 3 27 69 33 19 21 40 8 57 76 24 35 95 77 91 51 29 50 83 99 100 31 6 42 78 32 79 46 44 70 38 2 64 39 74 92 86 5 41 7 23 65 88 54 98 9 97 61 49 43 18 52 15 53 72 
67 18 75 62 39 81 53 99 51 3 92 58 43 12 17 11 56 5 7 54 6 26 85 100 47 87 64 24 15 28 76 50 95 13 1 2 40 96 44 66 63 16 46 30 32 41 29 83 21 38 33 78 68 4 79 93 55 88 69 37 25 74 23 10 73 70 80 72 9 52 31 90 36 97 45 89 61 8 19 
13 51 88 70 84 74 60 29 57 45 24 63 38 47 11 27 72 49 15 22 2 37 89 8 100 73 67 53 21 68 1 99 96 93 98 58 36 30 26 5 50 80 86 97 40 48 34 6 3 20 4 55 64 69 59 90 81 10 14 41 43 76 31 56 
65 50 97 84 69 60 41 76 37 64 49 62 47 73 21 33 40 95 48 7 98 39 67 30 80 24 87 10 81 20 79 100 74 43 32 59 58 91 56 29 16 66 23 9 54 4 94 36 96 42 28 17 5 86 77 27 78 55 13 93 14 61 82 46 1 85 70 25 92 52 2 22 51 19 12 38 44 90 26 6 15 34 
23 15 48 99 91 4 47 36 54 40 21 63 3 53 58 86 65 2 11 34 26 49 62 7 44 37 80 16 51 33 22 6 32 72 18 45 10 39 25 59 43 13 95 83 55 9 66 35 1 20 94 78 73 93 82 69 90 70 14 81 75 77 38 97 31 28 74 76 30 46 60 100 12 8 67 87 24 42 98 
95 76 37 21 83 29 64 7 65 98 58 46 2 3 49 11 32 30 56 31 79 89 33 86 81 17 52 48 19 26 28 6 14 88 40 13 67 59 22 70 82 25 54 10 1 42 45 80 63 87 47 16 73 62 5 39 75 23 71 36 15 35 53 57 38 84 68 
8 17 13 11 46 43 27 49 24 84 28 48 12 80 23 22 62 100 93 41 5 20 99 58 81 55 76 72 45 37 6 50 60 15 75 21 53 71 25 18 70 65 61 73 96 54 16 94 44 42 74 59 78 67 56 19 33 29 2 85 88 3 77 36 47 68 89 82 97 32 10 95 
78 83 29 42 25 6 1 2 75 8 97 58 24 35 55 21 63 47 70 100 4 30 9 13 57 62 14 15 40 54 19 44 95 39 59 32 88 67 17 22 61 48 12 94 52 36 33 81 98 76 64 11 41 68 7 85 10 65 20 28 84 43 5 99 50 38 86 18 51 46 77 96 69 73 71 23 
5 1 40 69 81 62 28 10 98 13 70 66 26 17 60 87 82 4 15 57 64 94 33 37 51 80 48 72 35 8 41 20 39 99 22 61 91 19 45 78 14 53 34 86 30 47 67 38 23 73 97 74 31 44 42 9 52 6 3 88 76 63 95 59 100 29 89 12 36 65 58 54 83 71 
52 79 29 99 48 77 68 16 96 62 88 23 58 70 72 19 15 36 30 32 57 41 59 51 81 80 17 100 34 26 95 67 93 11 7 64 42 25 69 33 5 53 83 3 2 4 78 38 18 46 27 50 1 37 35 24 9 14 40 89 12 91 61 76 85 84 63 92 22 28 65 
59 69 79 16 8 30 31 77 26 35 11 90 29 33 54 83 88 85 15 74 3 6 39 56 72 5 68 46 12 80 27 9 60 66 21 28 32 100 70 55 71 1 48 86 93 91 94 24 84 43 23 34 64 13 81 38 96 97 44 89 47 99 76 63 57 14 37 10 92 40 25 62 82 4 22 51 75 67 
72 77 56 38 39 40 9 35 86 75 91 76 25 81 73 36 53 15 57 20 24 87 28 68 69 46 92 71 62 42 48 47 29 13 100 51 4 43 65 10 2 30 32 67 54 7 3 83 41 63 37 50 59 88 6 12 94 58 5 99 33 1 82 21 23 74 22 60 17 18 52 61 26 95 
39 2 41 62 33 30 21 38 52 78 77 24 95 85 73 87 35 93 88 53 89 17 55 16 84 86 91 71 60 92 66 57 14 99 81 28 13 36 74 69 22 70 47 15 3 9 42 26 6 61 32 46 100 11 58 51 54 18 67 25 50 79 83 40 98 29 27 8 23 5 80 82 
44 33 99 65 46 23 37 83 81 79 31 75 70 54 72 22 67 20 21 97 1 49 18 59 6 60 66 8 58 56 57 87 5 85 52 63 88 93 89 50 62 71 32 7 43 3 92 40 35 24 76 15 42 27 39 41 4 48 82 73 90 34 28 61 84 77 13 25 100 68 45 10 69 
24 35 19 94 34 26 98 12 21 3 96 76 65 62 38 91 81 45 57 95 68 47 6 18 77 85 22 73 55 80 82 71 87 37 40 32 28 89 2 97 75 14 86 67 84 79 42 64 48 25 69 83 93 30 59 100 27 63 78 72 54 20 31 74 15 7 5 92 61 9 58 8 36 39 17 10 29 4 41 
76 98 38 2 35 91 33 75 73 50 14 32 92 56 52 23 29 58 88 24 70 47 74 62 26 94 41 4 51 7 25 65 87 85 11 40 96 59 72 10 60 95 93 17 31 86 34 89 22 82 69 45 16 13 39 8 43 61 28 66 48 30 5 49 57 99 97 
