20
19 14 17 13 5 3 12 4 
12 14 9 19 11 3 5 7 10 18 17 
12 17 10 1 15 7 5 19 20 8 2 4 16 
8 12 10 17 3 5 18 1 15 9 
3 9 18 4 1 11 2 14 10 
18 13 8 10 9 19 
18 8 9 3 13 17 2 11 
11 6 18 20 12 4 14 7 3 
11 16 14 15 13 4 2 5 12 7 6 
17 19 11 4 5 6 13 18 2 3 
7 19 13 14 10 5 9 2 8 
13 2 4 8 3 1 9 
14 7 9 6 20 19 16 12 11 10 18 15 1 
18 9 1 5 2 20 11 17 8 16 13 
3 20 16 13 9 4 
15 18 14 13 9 17 3 20 
1 3 16 2 7 20 18 4 14 10 
4 7 6 13 10 8 14 5 16 2 19 17 
2 13 11 3 6 10 20 18 1 
17 15 16 8 13 14 19 3 