20
16 14 9 6 12 3 17 19 7 13 15 11 20 10 5 8 18 2 4 
1 3 14 15 19 12 20 8 16 17 10 6 18 7 13 9 5 11 4 
18 4 6 19 13 7 2 1 14 12 5 20 9 16 10 8 17 15 11 
12 7 8 1 5 13 19 6 17 10 3 9 20 2 11 16 14 15 18 
2 8 19 4 9 1 17 12 13 14 16 6 3 20 15 10 18 7 11 
14 19 15 16 4 3 18 11 1 8 12 13 2 17 10 7 20 9 5 
14 1 9 12 19 18 10 11 15 16 4 8 13 6 3 17 5 2 20 
3 18 19 9 5 4 11 2 1 16 6 10 14 13 15 7 20 12 17 
6 1 20 3 19 18 13 15 14 17 2 10 12 8 7 5 16 4 11 
3 19 6 14 8 12 5 7 18 1 11 13 20 4 15 9 16 17 2 
9 6 2 10 7 13 16 5 19 3 18 14 1 15 12 17 20 8 4 
4 5 7 15 19 20 10 18 2 17 13 6 9 3 16 11 14 8 1 
8 16 11 10 12 5 17 9 14 1 4 18 20 2 6 7 19 3 15 
8 4 2 20 16 9 5 15 11 7 17 1 12 3 6 10 13 19 18 
5 3 9 4 2 18 1 11 8 7 17 10 19 12 16 20 13 6 14 
9 4 8 17 2 6 7 13 12 19 15 14 10 1 5 20 3 11 18 
18 16 12 2 15 20 10 1 13 8 3 9 11 5 7 6 14 19 4 
1 4 5 10 3 6 14 2 19 9 13 7 8 15 20 17 11 12 16 
5 18 1 6 4 13 8 14 7 20 15 9 2 10 3 12 17 16 11 
3 14 18 2 8 6 5 19 1 4 11 9 7 16 10 15 13 12 17 
