20
5 17 15 20 12 3 13 11 8 9 7 2 10 6 4 18 16 19 14 
13 7 18 6 14 20 12 17 11 9 4 10 16 5 3 15 1 19 8 
6 13 11 10 8 7 18 5 14 17 9 2 12 4 15 16 20 1 19 
16 11 14 13 19 20 7 2 15 3 17 6 12 9 5 8 1 18 10 
20 15 14 1 10 9 2 7 16 4 12 11 13 17 8 19 3 6 18 
20 4 7 14 2 3 13 17 15 8 12 5 11 19 18 16 10 1 9 
19 17 15 9 20 11 14 3 13 8 4 12 6 2 16 18 5 10 1 
14 6 10 7 11 9 4 16 18 5 3 2 12 15 13 1 17 19 20 
11 14 16 2 17 6 5 10 20 15 1 18 12 13 8 3 7 19 4 
1 2 8 6 17 3 19 11 14 7 20 5 15 13 9 18 4 12 16 
5 1 4 3 13 16 10 19 7 8 14 17 18 15 12 6 20 2 9 
5 14 4 11 7 18 20 10 13 15 9 1 8 3 17 2 16 19 6 
10 20 5 19 7 3 2 14 1 9 18 12 17 8 11 4 15 16 6 
11 2 17 6 1 19 16 4 8 15 5 7 3 12 13 20 10 9 18 
1 8 11 17 2 10 5 20 14 3 6 7 4 13 9 19 16 12 18 
7 11 12 20 18 5 10 14 17 15 19 6 3 8 13 9 2 1 4 
2 7 6 8 4 15 9 19 18 10 13 5 14 20 3 11 12 16 1 
8 14 16 7 5 13 20 4 11 10 6 1 19 3 9 12 17 2 15 
1 10 15 17 11 5 4 20 3 2 12 18 9 8 6 7 16 13 14 
16 12 1 2 18 7 10 17 6 15 14 4 13 8 3 11 5 19 9 
