20
19 8 17 7 9 16 18 11 12 15 14 3 2 20 10 5 
1 6 20 4 10 9 12 13 16 11 18 15 
5 7 6 15 13 17 10 11 1 19 12 8 20 14 9 
11 18 6 20 19 16 2 5 17 8 14 13 10 9 
4 16 10 14 11 7 8 19 20 3 17 1 12 
19 16 20 18 8 2 9 3 7 4 
5 15 12 6 17 13 8 1 3 18 14 10 9 16 20 
19 17 5 4 3 11 12 16 7 14 6 9 15 1 
13 7 15 19 3 1 17 2 18 11 8 14 6 20 4 12 
7 5 18 4 2 3 20 1 19 15 11 17 16 13 
14 10 15 4 20 18 12 8 1 2 19 5 17 9 3 16 
17 8 16 3 19 5 7 9 1 2 14 11 15 
14 18 19 10 9 3 16 17 7 15 20 2 4 
19 12 17 5 20 1 13 8 3 7 4 15 9 11 16 
14 20 10 16 9 1 19 12 3 8 17 2 18 11 13 7 
11 6 12 8 2 13 14 4 1 10 7 15 17 5 20 
3 9 7 18 1 5 14 16 10 4 13 11 15 8 12 
9 7 1 15 13 6 11 20 4 2 10 17 19 
18 5 20 9 11 1 14 3 6 15 13 4 12 10 8 
7 11 19 18 3 13 1 16 9 6 14 4 5 10 2 15 
