20
19 16 14 5 18 8 6 9 4 10 15 3 
3 4 5 18 20 9 17 10 13 12 14 
4 15 6 11 12 2 10 16 1 5 18 
14 3 18 2 17 16 12 7 5 1 15 13 10 
13 14 9 3 1 2 4 12 
12 3 1 16 19 10 17 20 13 8 
15 14 9 16 17 19 4 
6 20 16 9 1 
17 7 18 12 8 1 15 10 5 16 19 2 
9 17 4 3 16 15 6 18 2 1 11 
12 10 15 14 18 17 20 3 
3 13 17 11 20 4 2 5 6 9 
5 6 18 4 2 19 12 
2 5 11 7 16 1 4 
3 19 7 20 4 1 17 9 10 11 
1 10 9 17 8 14 19 3 7 4 6 
15 11 2 19 7 4 6 16 10 9 12 
10 20 11 13 2 3 9 4 1 
1 9 13 16 6 20 17 7 15 
18 11 15 19 6 12 8 2 