20
19 3 15 11 9 7 2 14 12 20 17 13 8 16 6 4 10 5 18 
7 8 1 19 20 11 3 10 4 17 9 13 5 15 18 16 6 12 14 
10 14 15 5 12 8 2 9 11 18 20 17 19 6 4 13 7 16 1 
12 1 16 11 18 7 14 19 8 5 10 2 6 3 13 17 15 20 9 
19 7 1 15 12 16 10 4 17 14 13 3 9 2 20 6 18 11 8 
2 18 9 3 14 1 10 13 4 19 15 5 16 20 17 8 7 11 12 
4 11 19 17 6 18 13 10 15 20 2 14 9 8 16 12 5 3 1 
15 11 19 18 14 9 4 6 1 3 5 20 12 17 16 10 13 2 7 
17 7 2 13 5 18 14 6 20 15 11 19 4 3 12 8 16 1 10 
3 12 1 11 16 4 6 19 18 14 5 2 15 8 9 17 20 7 13 
15 5 3 1 19 13 14 12 8 9 4 17 10 2 20 6 7 18 16 
9 16 19 10 3 8 1 4 15 13 20 11 17 5 7 14 18 2 6 
3 8 6 20 15 4 12 14 9 2 19 1 18 7 10 16 17 5 11 
8 19 10 3 6 7 4 20 1 9 13 16 2 15 12 17 5 18 11 
13 8 20 1 2 14 9 7 12 10 11 17 19 16 3 5 6 18 4 
12 17 13 2 19 5 20 4 10 1 8 3 9 15 14 18 6 11 7 
7 13 11 5 15 16 3 12 2 19 10 20 4 1 9 8 6 14 18 
19 16 20 3 13 5 17 9 10 14 7 11 6 8 15 12 1 2 4 
3 13 12 4 15 11 14 5 2 7 20 8 9 17 16 6 10 1 18 
3 19 9 13 5 7 18 6 10 4 16 1 17 8 14 11 2 15 12 
