20
5 7 6 20 8 14 19 2 11 15 17 3 10 9 18 13 16 12 4 
4 10 11 17 19 12 16 1 13 9 5 18 6 14 7 8 15 20 3 
16 19 12 14 15 20 8 18 1 17 7 6 11 13 4 2 5 10 9 
6 13 3 17 19 8 7 9 5 20 1 16 2 18 10 14 11 15 12 
20 8 10 12 3 14 17 4 15 6 11 13 9 1 18 19 2 7 16 
18 10 15 17 1 2 11 3 7 5 4 9 13 14 16 20 12 8 19 
19 2 12 16 17 8 6 11 20 9 18 10 4 15 14 3 1 13 5 
5 7 19 6 11 12 3 16 2 20 9 4 17 18 10 1 13 15 14 
11 17 20 10 2 7 6 4 8 3 15 14 19 1 13 18 5 16 12 
18 13 16 1 11 17 4 3 12 9 19 7 14 20 6 8 15 2 5 
15 4 17 12 5 14 20 10 19 18 13 16 8 7 3 9 2 6 1 
18 15 11 8 6 17 3 13 14 20 7 4 10 2 16 19 9 5 1 
19 14 9 8 18 7 15 17 12 5 20 16 2 6 3 1 10 11 4 
17 8 11 5 1 2 6 7 4 19 16 15 3 18 12 13 9 20 10 
18 10 12 16 20 2 5 3 8 19 6 14 7 4 1 9 13 17 11 
3 14 8 18 11 19 1 2 9 7 20 17 6 12 15 10 4 5 13 
18 7 16 4 2 11 19 5 13 12 3 20 14 8 10 9 15 1 6 
15 19 11 14 10 16 6 13 12 17 9 4 20 1 7 5 3 2 8 
7 12 18 3 13 11 15 4 2 16 17 14 10 6 8 20 5 9 1 
18 14 5 8 2 11 16 7 19 10 1 17 15 12 9 4 6 13 3 
