20
2 8 14 20 16 3 18 11 10 15 17 4 13 19 7 6 9 12 5 
6 5 12 20 15 8 13 11 14 19 17 18 4 3 16 7 10 9 1 
17 13 4 12 2 5 1 20 15 19 6 9 14 10 18 7 11 8 16 
19 17 1 5 6 8 14 3 18 20 16 9 10 13 2 12 7 11 15 
19 16 13 18 8 3 11 4 6 2 15 12 7 9 1 10 14 20 17 
15 16 5 10 12 4 9 2 18 14 1 17 7 11 3 19 13 20 8 
16 13 11 17 3 2 14 18 9 5 15 20 12 19 1 4 6 10 8 
7 16 4 6 19 20 5 9 10 17 2 3 12 14 1 11 18 15 13 
15 1 3 2 7 4 13 20 16 19 17 14 12 6 5 18 8 10 11 
2 5 19 9 7 14 17 16 8 1 3 11 6 13 4 18 15 20 12 
3 19 17 9 1 20 5 14 6 13 2 7 15 12 4 8 16 10 18 
3 9 4 13 5 15 16 17 7 6 19 2 20 18 14 11 1 10 8 
4 12 19 18 6 14 7 9 10 2 5 16 20 1 8 17 3 15 11 
9 8 16 5 7 11 15 18 3 17 6 12 1 13 20 19 2 10 4 
1 14 12 5 2 11 13 19 9 3 4 6 10 20 16 17 18 7 8 
13 7 18 15 3 17 6 20 19 12 5 1 4 9 2 8 11 14 10 
3 2 13 9 19 20 14 6 11 12 10 18 7 15 4 8 16 1 5 
17 1 3 13 16 6 19 15 20 9 11 4 8 5 14 12 2 7 10 
6 12 1 17 18 16 11 20 13 4 15 14 3 9 5 2 8 10 7 
8 4 17 11 19 5 3 15 16 1 18 7 14 13 2 9 6 10 12 
