20
3 8 7 16 13 14 9 10 19 12 17 15 5 20 18 11 
5 15 8 10 4 16 14 3 11 12 18 
19 2 20 4 16 6 1 5 10 7 14 12 11 18 13 17 
6 9 20 2 11 14 17 16 19 5 3 12 
3 6 4 8 7 11 2 14 12 17 1 
15 20 10 5 19 12 18 17 4 11 16 14 3 
3 14 15 1 11 12 19 8 16 5 
5 1 16 20 10 9 7 19 15 2 
13 1 20 4 8 19 10 12 18 17 11 15 14 
13 19 9 20 3 8 16 2 6 14 17 11 1 
18 19 7 5 10 15 6 1 12 16 2 13 3 14 4 9 
9 6 5 4 7 16 13 14 11 17 20 3 2 1 
19 20 11 14 9 12 1 10 16 15 3 
13 6 9 11 3 2 17 10 4 1 7 5 20 18 12 
2 9 18 11 13 16 1 17 8 6 19 7 
20 15 19 11 6 2 1 17 13 10 4 3 18 12 8 7 
20 15 4 6 12 5 1 9 16 14 19 3 10 18 
16 14 17 11 9 2 20 6 19 1 15 3 
7 18 4 3 11 16 1 13 15 10 6 17 8 9 
9 4 16 17 14 8 13 1 6 12 10 3 18 
