20
7 14 20 15 12 4 17 5 2 11 8 18 6 16 3 
11 9 10 8 6 14 18 4 7 19 20 15 16 1 17 
5 1 13 4 19 14 8 7 20 9 12 18 6 
19 13 3 6 12 17 2 9 7 18 10 5 20 15 11 1 8 
3 8 4 10 15 6 12 11 1 18 20 7 16 14 
10 2 18 3 5 4 13 20 16 7 11 19 17 12 1 
9 8 19 6 3 17 20 4 1 2 13 5 15 12 16 
9 20 3 1 16 2 7 5 11 19 17 4 13 10 
18 16 15 2 11 8 12 7 13 3 20 4 14 
5 20 15 13 16 12 2 6 4 8 
19 8 5 4 20 14 2 6 9 1 16 15 17 13 18 
1 7 10 20 9 3 6 4 19 14 5 18 17 13 16 
11 16 3 17 9 6 7 10 18 15 12 20 14 19 8 4 
15 5 19 1 2 18 20 3 13 12 11 16 9 
19 5 9 11 20 13 10 1 2 7 14 4 17 
6 9 18 8 2 17 1 12 19 14 10 20 5 11 7 13 
16 18 20 8 19 15 7 12 13 4 6 1 2 11 
20 11 19 13 4 12 14 1 16 9 6 5 2 17 3 
2 18 13 11 6 4 3 16 20 8 15 17 14 7 12 
15 10 8 12 16 13 19 18 5 3 2 9 4 1 6 11 17 14 7 
