20
14 18 7 4 20 16 17 10 5 2 13 15 3 19 9 12 11 
5 4 11 20 14 18 16 8 13 17 15 12 1 3 10 19 9 
11 10 6 5 9 18 12 4 8 16 2 1 14 
11 1 19 7 6 8 2 18 20 16 17 10 13 3 
3 2 1 10 12 17 15 19 14 16 6 20 9 13 7 
15 20 14 9 18 7 17 13 3 8 4 10 11 5 
8 18 6 13 17 14 5 4 1 19 9 11 
20 17 4 6 15 12 3 9 11 2 19 13 16 7 
6 14 13 19 3 2 16 1 7 11 8 20 5 12 17 
4 15 14 18 2 19 13 16 12 20 3 5 1 6 
18 20 16 6 3 14 17 4 19 2 8 1 9 7 
5 1 15 16 13 8 9 3 18 20 2 14 19 10 
15 6 19 8 16 7 14 10 5 1 12 4 2 9 
10 1 15 2 6 18 11 13 3 16 12 5 9 7 
13 10 12 14 1 8 20 2 6 18 19 16 17 5 
5 9 18 2 1 11 14 8 15 13 20 17 19 3 4 10 12 
8 5 1 9 20 18 4 6 11 15 16 7 2 
7 11 2 1 4 3 14 20 12 15 10 16 17 19 6 
8 12 11 1 5 4 2 20 9 10 18 13 16 15 7 
16 12 8 6 1 11 5 9 4 18 15 10 17 2 19 
