20
4 12 7 20 13 14 5 15 
14 19 8 18 7 12 10 6 5 9 
7 11 9 5 17 6 14 15 10 8 13 
1 9 8 17 14 18 10 6 12 20 13 5 
18 4 11 7 3 14 1 12 20 6 2 
18 4 2 15 9 7 14 17 10 3 13 5 12 
1 20 2 6 5 10 14 3 17 8 
18 4 14 7 15 9 10 11 3 2 
13 11 6 4 8 10 2 14 17 16 19 3 
9 17 2 15 3 6 13 11 4 16 7 20 8 
5 17 20 19 3 12 18 8 10 16 9 
5 15 17 4 18 16 1 6 14 2 11 
14 4 18 16 10 9 3 17 15 1 6 
5 9 1 3 8 2 12 4 6 7 13 
6 12 8 20 1 3 19 18 13 10 
19 11 12 10 20 9 13 18 17 
16 12 11 4 9 19 6 10 13 7 20 3 
16 4 13 15 2 6 11 5 19 12 8 
16 20 11 15 2 9 17 18 
7 4 10 1 19 5 17 16 15 11 