20
3 5 17 9 14 8 7 13 20 6 4 12 2 
10 1 17 11 18 19 16 7 20 6 8 
5 19 13 20 12 7 11 10 1 16 18 4 8 14 9 6 
12 15 19 9 13 20 8 6 3 5 14 7 17 16 11 1 
19 14 4 18 8 9 13 20 3 6 7 16 1 12 17 
12 2 20 4 18 7 10 15 9 5 17 16 8 11 19 14 1 3 
17 8 20 14 9 3 18 1 6 11 10 5 2 16 4 
20 13 10 6 5 3 17 14 19 15 1 2 7 9 18 11 4 
14 18 4 8 5 11 3 7 17 12 6 16 1 20 15 
2 15 11 6 8 19 7 13 17 20 14 18 3 
15 8 17 3 20 7 14 10 12 6 9 4 2 19 13 
20 11 17 19 5 6 4 1 3 18 9 13 15 
8 17 11 18 14 10 12 15 5 3 4 1 16 
3 1 8 10 4 16 18 20 19 13 11 5 9 15 17 7 6 
11 20 14 9 19 18 12 10 13 4 16 6 8 
7 15 3 4 20 17 14 9 5 13 2 6 18 
16 10 19 13 7 8 2 14 1 12 6 11 4 9 18 5 
10 9 6 3 16 15 2 20 12 7 17 14 8 13 19 5 
8 17 10 18 3 12 2 6 11 14 4 15 5 
18 3 5 14 6 2 10 7 11 16 4 8 9 12 1 15 
