20
18 11 4 17 3 20 8 12 13 7 10 
20 16 17 14 13 18 5 8 6 
7 19 13 20 5 1 10 9 16 17 18 14 15 
10 15 12 18 13 7 20 1 11 
19 16 18 3 6 8 9 2 14 11 10 20 
16 14 20 9 10 17 5 8 15 2 13 
13 19 3 1 12 4 
13 11 10 14 15 6 1 2 5 12 
13 16 18 3 5 6 15 20 11 
14 4 19 5 3 1 6 16 12 8 13 11 
4 8 18 10 20 9 15 13 1 5 
4 7 16 20 1 17 8 10 
8 14 3 15 4 7 2 6 10 11 1 19 9 
6 10 19 20 13 8 2 5 3 15 
14 9 6 8 11 17 3 4 13 16 20 
19 5 2 15 3 18 6 9 20 10 12 
2 20 15 19 3 6 12 1 
3 2 9 20 11 1 16 5 19 4 
17 18 14 20 7 16 3 13 5 10 
11 15 18 4 5 12 9 2 14 17 19 16 3 1 6 