20
15 3 4 6 13 9 2 17 7 19 18 11 14 16 20 10 5 12 8 
18 1 15 6 20 16 11 7 14 13 12 17 4 8 19 9 10 3 5 
18 8 20 1 5 4 9 13 6 15 14 2 10 12 11 7 17 19 16 
17 6 19 7 1 3 10 9 11 20 14 8 18 12 2 15 13 16 5 
9 3 1 19 12 4 7 10 13 20 11 14 2 18 6 16 8 15 17 
19 5 4 13 7 12 11 10 20 15 9 17 2 14 16 8 1 3 18 
19 14 10 2 12 4 5 11 18 20 9 15 16 6 1 13 3 17 8 
3 6 2 7 4 14 1 17 15 10 16 18 12 20 11 13 9 19 5 
16 6 3 10 19 14 18 11 5 13 4 12 20 1 17 2 8 7 15 
17 11 18 2 9 14 3 6 16 1 8 4 20 19 13 12 15 5 7 
2 7 15 18 5 17 4 13 8 12 14 16 6 20 1 10 9 3 19 
8 11 6 16 13 15 14 7 3 18 17 5 20 9 4 19 2 1 10 
9 14 17 8 5 6 4 15 3 16 10 18 12 20 2 19 11 1 7 
16 18 7 1 2 3 8 20 11 19 17 10 13 12 5 6 9 15 4 
8 19 14 17 7 16 13 10 4 12 2 6 3 9 11 18 1 20 5 
10 3 9 2 20 11 7 14 18 8 12 4 5 15 6 1 17 13 19 
3 10 1 8 16 2 12 19 11 15 20 5 6 4 14 13 18 7 9 
17 12 8 7 11 10 3 16 5 1 20 19 4 6 14 2 15 9 13 
4 5 11 8 17 2 7 15 14 1 9 10 16 20 13 3 18 12 6 
2 15 10 13 14 6 1 17 12 8 5 11 7 19 4 18 3 16 9 
