20
7 6 14 2 18 10 16 
12 3 19 7 8 20 10 1 18 6 
2 18 16 5 4 6 13 14 11 15 
5 3 9 15 10 19 12 
10 3 14 6 15 19 8 20 4 11 18 
10 17 19 5 1 14 2 9 11 3 7 
19 11 14 1 13 20 18 6 10 17 2 
13 18 5 20 19 9 12 2 16 
16 13 19 14 15 4 18 10 20 8 17 12 6 
12 2 5 17 7 4 11 15 14 6 9 1 13 18 16 
15 19 7 18 10 6 13 3 17 12 5 20 
4 8 18 11 10 13 17 9 2 
17 12 10 3 19 8 14 7 9 16 11 
7 20 5 18 10 6 9 1 13 15 3 
10 3 5 9 11 18 17 14 4 
10 13 17 8 1 9 3 
7 12 18 10 13 11 9 16 6 20 15 
19 9 14 8 17 3 12 20 10 5 11 15 7 1 2 
20 11 6 9 18 13 7 2 5 8 4 
9 18 2 17 11 8 5 14 19 7 