20
18 10 13 4 2 8 20 12 15 3 11 6 
1 11 5 18 8 14 20 6 17 12 19 15 3 
19 10 11 17 9 8 6 2 16 1 
7 19 20 15 1 6 12 17 11 10 
6 2 7 20 15 13 19 16 
14 1 10 7 2 19 5 11 20 13 3 4 16 9 
5 11 8 19 6 14 4 9 18 12 16 
1 7 15 3 2 19 18 11 
16 10 7 18 11 3 19 13 6 12 17 20 14 
18 16 3 12 1 9 20 6 19 14 11 4 
8 10 6 9 3 15 2 18 1 4 7 13 
17 19 20 1 13 10 4 15 9 7 14 2 
15 6 9 19 20 12 1 11 5 17 14 
7 10 16 18 15 12 19 13 6 2 9 
5 11 2 14 17 8 1 12 13 18 4 
9 14 10 17 19 6 3 5 7 
9 13 16 2 19 3 12 15 4 18 
9 20 8 14 15 11 7 19 1 17 2 10 
2 16 17 6 7 3 13 9 5 12 10 14 8 4 18 
5 13 2 9 18 12 6 10 1 4 