20
17 15 2 18 10 3 19 9 4 11 6 8 20 13 12 5 14 7 16 
4 10 9 5 3 17 18 11 15 19 16 7 14 13 12 8 20 6 1 
6 10 7 15 17 11 8 20 16 12 1 4 2 13 19 14 5 18 9 
2 10 18 5 20 11 13 1 9 8 15 6 16 3 14 19 12 7 17 
6 3 2 10 8 16 15 19 11 4 18 9 12 20 17 14 1 13 7 
4 5 9 2 12 18 16 8 17 15 19 1 7 3 14 20 11 10 13 
19 16 5 17 14 8 1 18 13 10 2 6 3 12 9 20 15 11 4 
3 10 11 17 13 6 12 1 16 5 19 18 20 15 14 9 2 7 4 
5 15 14 6 20 19 7 17 18 13 8 10 4 11 12 1 3 16 2 
13 11 6 7 16 5 17 12 18 14 3 19 9 15 4 1 2 20 8 
5 19 18 15 20 9 17 13 16 6 3 12 10 1 8 14 4 7 2 
4 14 15 10 17 16 1 7 3 19 13 2 5 6 20 11 9 8 18 
1 16 7 5 3 14 19 15 17 18 11 4 12 2 10 6 8 20 9 
9 2 18 10 5 20 8 11 16 6 1 19 15 3 7 13 12 4 17 
8 11 12 18 13 7 9 1 19 14 5 10 17 2 6 3 16 20 4 
6 8 9 12 1 4 5 7 2 19 18 3 11 15 20 17 10 14 13 
11 8 14 7 5 20 15 3 9 18 10 19 2 6 12 16 4 1 13 
16 3 14 20 1 8 10 9 19 11 7 15 5 17 6 12 4 13 2 
8 17 16 2 15 7 5 18 14 10 20 11 3 12 6 1 4 13 9 
4 8 6 15 3 7 16 11 1 5 19 9 2 18 13 10 17 14 12 
