20
10 15 2 6 4 12 19 11 7 13 16 9 8 5 17 
14 3 7 19 6 18 9 1 16 8 12 5 17 15 10 20 
17 4 6 9 16 5 11 14 10 2 8 18 12 
20 6 13 1 9 3 14 16 5 18 19 8 17 11 
2 3 7 14 6 9 8 20 11 18 4 16 13 15 12 1 
1 16 19 10 9 17 5 15 4 2 14 12 11 3 20 7 
17 20 15 16 2 13 14 6 18 19 5 8 10 1 
10 5 12 11 9 7 3 14 17 4 16 2 1 
12 14 5 4 6 8 13 10 1 20 2 3 16 11 
7 8 14 3 20 17 16 1 6 2 19 12 9 
20 3 19 13 6 14 15 17 8 18 4 9 1 5 12 
10 17 3 9 8 5 2 6 11 19 15 1 
9 5 14 18 15 11 7 4 1 16 17 
9 20 18 17 2 4 3 5 8 19 13 10 6 7 11 
20 12 2 13 16 17 11 18 7 5 19 1 6 
3 20 2 8 18 5 13 15 6 4 1 9 7 10 17 
6 2 4 3 8 12 1 10 16 11 18 14 7 19 13 20 15 
11 17 14 7 15 3 4 13 16 20 2 5 
10 12 6 2 11 17 7 15 14 1 4 
15 5 9 14 7 6 18 10 2 16 17 11 4 
