20
13 15 7 10 17 4 6 8 2 14 11 
1 15 14 3 11 13 17 8 19 18 
17 15 19 11 12 4 2 9 
18 10 3 11 19 1 5 7 8 13 16 
7 6 12 18 17 4 8 9 
17 19 8 1 18 11 20 15 5 12 
11 20 1 14 4 18 5 16 13 10 19 9 
6 12 5 20 19 1 17 15 9 16 2 4 
14 17 20 7 8 3 13 16 10 5 12 15 
14 4 11 1 7 19 9 20 
14 16 19 10 6 2 1 18 17 3 4 7 20 
8 14 9 3 6 15 5 
16 18 2 15 19 9 4 7 17 1 
1 11 2 12 10 7 15 9 16 
2 13 19 3 18 16 20 9 14 8 1 12 6 
9 7 14 13 4 17 11 8 15 
13 11 9 5 3 16 8 2 6 1 
15 20 7 4 6 11 5 13 2 
6 8 13 2 15 10 3 11 4 7 
11 6 10 8 18 9 7 15 