60
{4,3,5,6,7,8,9,10,11,12,13,16,18,20,21,22} 14 59 19 35 54 25 17 33 38 45 52 48 15 53               
{37,1,3,5,6,11,12,13,14,15,16,18,19,20,21,23} 36 30 9 7 8 26 41 17 10 31 22 4 48 28 45 39 34               
{43,1,2,4,6,7,8,9,10,11,13,14,15,17,18,19} 27 39 37 52 40 16 49 12 5               
{20,3,5,6,7,8,9,11,12,16,17,18,19,21,22,23} 27 13 1 10 14 46 2 31 38 30 15               
{3,1,2,4,6,7,8,9,10,11,12,13,15,16,17,19} 18 50 57 20 14 43 56 37 48 60 54               
{54,1,2,3,4,5,8,10,11,12,13,14,16,17,18,19} 27 60 44 29 51 57 59 7 15 9 47               
{34,1,3,4,5,8,9,10,11,12,14,16,17,19,20,21} 55 24 2 13 15 6 60 18 37 57 36 42               
{42,1,3,4,5,6,7,9,11,13,14,15,16,18,19,20} 24 44 43 57 17 10 45 12 35 22 23 2               
{26,1,3,4,5,7,8,10,11,12,13,14,15,16,17,19} 36 60 23 6 18 2 21 44 52 57 54 47 53               
{22,1,3,5,6,7,9,11,13,14,15,16,17,18,20,23} 26 60 19 57 2 30 21 24 37 59 34 8 45 4 12 28               
{46,1,2,3,4,5,6,7,8,9,10,12,13,14,15,16} 17 55 51 38 39 22 20               
{3,1,2,4,5,6,7,9,11,14,16,17,19,20,21,23} 15 53 60 57 18 22 10 47 49 58 42 8 52 13 32               
{4,1,2,3,5,6,8,9,10,11,15,17,18,19,20,21} 60 28 7 58 55 34 31 14 45 39 51 12 16               
{47,2,3,6,7,8,9,10,11,12,16,17,18,19,21,22} 20 32 44 52 4 15 30 37 31 5 59 1 60 28 13               
{58,2,3,5,8,9,10,11,13,16,17,18,19,20,22,24} 21 36 30 6 12 53 23 33 55 1 7 4 60 28 47 48 14               
{50,1,2,4,5,6,7,8,9,10,11,12,14,15,17,18} 58 13 22 47 24 32 49 3 43 25 52 53 45 44 51 54               
{1,3,4,5,6,7,9,10,12,13,14,15,16,20,21,23} 11 33 50 24 2 19 54 45 43 18 26 32 51 8 37 22 57               
{26,1,2,3,4,6,8,10,11,13,14,15,16,19,20,22} 5 55 7 27 9 58 30 21 35 24 54 12 38 17               
{48,2,3,4,5,6,7,8,9,11,12,13,14,15,16,18} 31 44 58 1 27 21 53 55 17 28 33 32 10 47 26               
{37,1,2,3,6,7,8,9,10,12,13,15,16,17,18,19} 14 4 35 60 57 33 50 42 52 43 49 11 44 5 58 46               
{36,1,2,3,4,5,6,7,8,11,12,13,14,16,17,20} 27 10 53 22 41 19 50 28 32 18 9 15               
{27,1,3,4,5,6,7,9,13,14,15,18,19,20,23,24} 53 57 12 10 17 8 2 60 21 11 16 46 58               
{9,1,2,3,4,5,6,7,10,11,12,13,14,16,17,18} 53 59 25 26 51 36 15 38 57 8 44 30               
{43,1,2,3,4,5,6,9,11,12,13,14,15,19,20,21} 37 55 18 8 17 53 32 45 10 51 52 47 60 35 7 16 59               
{32,2,3,4,5,6,7,8,9,10,11,12,13,14,15,17} 48 45 1 39 27 54 16 34 35 60 52 59 43 23 46 41 33               
{32,1,3,4,5,6,7,8,11,12,13,14,15,16,20,21} 31 28 50 9 18 23 51 43 52 30 55 17 2 19 10               
{59,1,2,5,7,8,9,10,11,12,13,14,15,16,17,20} 3 39 4 50 19 42 31 41 29 21 6 45 22 25 54 36 18               
{54,1,3,4,5,6,7,8,9,11,12,16,17,18,20,22} 15 55 2 45 13 33 35 26 37 14 21 60 19 29 30 10               
{28,1,2,3,4,5,7,8,9,10,11,12,13,14,15,16} 53 38 27 42 60 6 54 52 47               
{56,1,3,5,6,7,8,9,11,12,13,16,17,19,20,21} 23 34 36 43 15 18 4 37 28 53 26 10 14 2 49 32 33               
{4,1,3,5,6,7,8,9,10,11,12,15,16,17,18,20} 19 50 44 26 27 13 14 41 2 40 55 57               
{53,1,2,3,4,5,6,7,8,9,10,11,13,15,18,20} 58 25 12 17 45 19 16 30 21 26 24 14 60 44               
{17,2,3,4,5,6,7,8,9,10,11,12,13,14,16,18} 36 30 19 54 25 55 1 15 20 28               
{10,1,3,4,5,6,8,9,11,12,14,15,16,17,18,19} 43 59 51 30 2 13 47 58 25 45 39 7 48               
{20,2,3,4,5,6,7,9,10,11,12,13,14,15,16,17} 44 18 28 51 36 24 45 60 8 40 53 1 54 25               
{27,1,3,4,5,6,8,10,11,12,13,14,16,17,18,19} 9 30 40 45 51 33 39 35 23 59 21 15 2 37 7               
{2,1,4,6,8,9,11,12,13,15,16,18,19,21,22,23} 24 41 30 44 17 55 56 10 3 38 28 46 20 7 14 36 59 5 53               
{29,2,3,5,6,7,8,9,10,12,13,14,15,16,17,19} 18 51 60 42 4 1 49 57 11 23 37               
{43,1,4,5,6,7,8,9,10,12,14,15,16,17,18,19} 55 53 27 36 3 51 2 13 34 59 47 25 11               
{3,1,2,4,5,6,7,8,9,10,11,12,13,14,15,16} 53 31 57 36 44 35               
{37,1,3,4,5,6,7,8,9,10,11,12,13,14,15,16} 27 21 45 57 60 31 2 25 49               
{59,1,2,3,4,5,6,9,10,11,13,14,15,16,17,18} 20 27 57 29 49 7 12 38 8               
{3,1,2,4,6,7,9,10,11,12,13,14,15,18,19,21} 34 60 16 58 26 45 20 8 46 25 39 24 5 30 17               
{35,1,2,3,4,5,7,10,11,12,13,15,17,18,21,22} 19 20 23 55 58 32 9 37 46 8 14 45 31 6 50 40 16               
{43,3,4,5,6,7,9,11,12,14,15,18,19,20,21,22} 10 13 17 8 25 50 16 2 32 41 34 24 27 36 1 35 28 53 44               
{55,1,2,3,5,6,7,8,9,10,12,13,14,15,16,17} 20 25 37 22 4 11 44 43               
{15,1,2,3,4,5,7,8,10,11,13,17,18,20,21,22} 29 51 9 60 12 39 34 19 16 14 6 24               
{58,3,4,6,7,8,9,10,11,12,13,14,16,17,18,20} 54 2 25 1 19 55 34 15 5               
{50,1,2,4,5,6,7,8,9,10,11,13,14,15,17,18} 38 56 16 3 59 52 30 20 41 12 42               
{17,1,2,3,4,6,7,8,9,10,11,12,13,14,15,18} 44 27 54 45 21 58 5 49 31 60 26 16 20               
{58,1,2,3,4,5,7,8,9,10,12,14,15,18,19,20} 52 56 57 11 26 35 38 13 36 47 24 55 34 54 16 17 23 6 39               
{51,2,4,5,6,7,8,10,11,13,15,17,18,19,21,22} 24 14 58 16 29 55 57 20 25 9 49 3 12 26 1               
{21,2,3,4,5,6,7,8,10,11,13,14,17,18,20,25} 12 15 1 22 30 23 35 9 37 40 19 24 32 16 45 29 39               
{50,2,3,4,7,8,10,11,12,13,14,15,19,20,21,22} 51 48 33 57 56 6 27 28 1 29 25 35 18 59 17 5 16 9               
{19,1,2,3,4,5,6,8,9,10,12,14,16,17,20,21} 24 15 48 11 31 46 18 13 33 51 39 60 58 26 7 44 52 37 57 28               
{5,1,2,3,4,6,7,8,9,10,11,12,13,14,15,16} 54 51 49 57 60 58 30 37               
{20,1,2,3,4,11,13,14,15,16,18,19,21,24,25,26} 56 51 23 41 22 6 52 9 8 40 5 38 54 31 10 7 58 17 12 55 42               
{22,1,2,3,4,5,6,7,8,9,10,11,14,17,21,23} 57 56 55 51 12 50 43 19 13 16 18 52 44 32 48 15 34 20               
{34,2,3,4,5,7,8,9,11,12,13,15,16,17,18,19} 14 49 54 27 24 23 1 42 10 6 25 37 39 36               
{7,1,2,3,4,8,11,16,17,18,19,21,23,26,27,30} 10 13 50 22 43 15 24 28 56 38 12 29 47 14 35 9 25 5 32 55 41 20 6               
