200
47 176 17 78 67 25 194 188 101 94 28 127 23 8 162 90 138 33 140 100 167 97 123 175 142 102 73 182 76 152 116 51 46 164 163 147 136 91 39 32 190 198 135 56 191 71 110 174 40 2 54 31 42 12 50 3 166 132 141 52 153 111 143 55 14 184 128 68 148 151 72 192 63 43 77 139 24 29 197 6 178 44 26 86 189 81 120 131 45 150 13 69 57 84 130 137 156 
65 167 91 94 1 82 134 155 182 129 133 66 52 14 38 106 198 156 18 5 9 51 181 178 97 17 175 20 88 8 11 60 120 96 150 111 195 105 54 157 22 46 86 143 104 166 103 116 63 139 43 3 31 117 69 196 172 190 115 89 162 15 10 26 191 126 130 16 71 23 84 25 186 80 194 159 90 192 163 136 183 109 21 145 83 99 107 154 12 153 36 87 114 171 137 70 56 102 19 152 197 189 108 45 174 24 110 27 28 
176 75 112 74 147 97 55 32 166 48 98 41 38 27 21 1 47 22 10 167 56 187 68 7 50 96 6 81 99 101 175 152 60 158 82 39 59 172 90 171 181 190 178 148 14 23 2 57 64 5 16 120 51 129 26 128 66 144 140 114 132 109 191 162 36 113 131 195 119 183 20 45 72 17 165 78 122 79 44 30 46 69 123 91 31 194 13 9 184 121 157 116 54 15 77 103 58 164 173 115 76 34 168 95 151 139 159 107 
82 55 93 95 37 15 73 196 147 23 89 44 166 167 163 94 26 150 58 165 143 87 6 199 74 173 13 88 46 146 41 198 119 21 75 105 77 67 176 114 18 144 24 171 60 104 106 120 152 70 43 56 79 14 145 153 184 168 68 48 137 187 193 142 117 110 16 91 180 140 53 161 190 175 62 189 65 170 138 157 100 59 5 63 188 81 177 51 102 8 108 172 174 155 99 7 84 71 
2 125 185 71 193 160 108 152 10 200 198 131 73 72 153 174 74 117 78 12 39 49 58 194 18 35 14 105 48 114 65 130 84 135 79 86 42 178 91 43 68 145 122 81 4 141 20 89 148 155 92 199 190 57 30 75 184 25 31 88 197 44 186 51 151 159 60 80 24 187 107 137 118 171 188 41 52 189 104 173 62 103 87 182 54 36 82 3 99 133 128 112 8 93 154 191 140 158 50 
118 22 55 138 10 25 104 198 76 57 44 16 19 49 120 136 167 59 68 34 13 186 122 65 31 156 100 79 26 200 183 123 169 139 30 45 182 97 47 1 133 113 159 154 111 176 46 142 144 91 170 4 141 17 188 178 145 88 3 24 73 101 126 93 125 8 99 83 78 62 52 96 37 162 153 71 60 12 161 117 175 174 70 92 95 40 36 105 137 187 184 
10 122 189 116 91 110 103 42 169 112 118 78 155 143 13 64 90 61 157 171 152 193 33 163 11 140 19 27 73 4 101 190 165 16 176 125 9 3 120 144 55 134 84 130 127 142 113 39 56 94 66 82 183 102 187 32 97 124 162 151 25 200 168 99 80 161 15 45 65 105 79 72 123 44 195 175 137 89 181 96 52 36 114 192 166 109 141 147 196 43 75 87 74 49 81 145 14 12 31 
52 87 50 128 174 1 23 124 68 17 6 139 28 15 123 170 134 66 169 14 164 111 101 91 97 119 48 151 140 53 77 4 86 18 29 129 143 160 54 22 108 130 118 5 44 178 90 95 12 94 109 105 197 9 168 49 73 83 65 107 125 188 198 173 98 26 16 182 115 62 64 103 33 35 142 71 34 41 156 147 117 81 56 38 135 155 61 63 153 116 148 40 99 157 167 79 149 122 19 58 200 179 59 78 11 93 46 36 76 106 60 39 2 127 126 43 102 
101 156 49 13 22 122 119 25 161 118 15 143 31 27 65 32 33 76 82 40 189 196 168 52 115 20 12 88 63 28 180 59 174 194 56 154 145 200 98 39 140 157 147 113 73 83 8 130 164 17 176 10 3 2 184 150 175 185 72 162 179 177 171 106 173 148 46 84 68 94 160 54 45 195 158 142 127 125 128 50 7 182 167 132 75 137 80 57 48 37 16 21 70 
23 27 68 103 18 159 112 145 107 170 80 49 94 55 62 118 29 191 120 78 30 60 146 56 129 138 34 186 105 165 58 149 140 99 12 5 81 73 182 109 124 135 6 166 31 164 100 150 115 183 181 192 32 75 161 110 28 184 158 144 102 42 82 153 193 160 9 45 199 139 132 156 85 106 26 91 133 20 128 114 2 185 77 84 40 155 162 44 69 188 179 190 90 7 119 3 141 136 152 151 25 148 163 61 36 53 168 200 
39 40 79 122 111 174 85 178 69 47 153 164 195 142 88 161 120 148 76 94 150 73 123 156 176 48 167 170 188 151 159 67 119 35 185 12 183 182 157 21 102 117 98 126 129 103 191 14 2 145 196 147 61 34 198 139 134 36 15 109 13 72 163 135 75 138 16 162 114 52 18 8 30 23 89 141 96 110 137 31 155 95 86 168 26 193 53 7 136 152 172 177 140 181 194 
174 41 94 147 126 161 100 11 183 164 87 155 38 108 18 69 80 16 144 181 58 23 33 135 193 184 98 84 170 176 17 82 7 2 151 88 77 188 67 10 152 102 5 15 32 189 198 148 26 142 159 29 45 160 162 46 131 163 66 68 93 145 192 71 48 199 53 19 1 191 6 177 123 97 125 167 109 31 150 175 180 182 9 34 165 24 173 91 158 20 8 179 143 
141 17 198 102 163 39 42 60 25 55 93 167 62 87 38 11 164 136 59 18 158 165 63 20 56 111 180 80 67 166 157 40 27 7 33 72 118 112 192 196 75 190 79 88 128 169 77 37 53 191 74 95 97 182 103 151 137 197 61 6 70 160 58 185 89 114 1 161 179 86 3 116 32 35 195 48 193 28 119 9 173 4 172 65 154 183 123 99 68 109 45 133 186 50 174 175 15 194 36 21 188 81 
183 188 107 64 89 63 21 78 106 97 17 49 198 165 56 199 87 126 103 176 25 27 123 81 2 15 70 152 82 181 109 7 180 84 134 3 41 127 95 190 11 105 101 148 179 60 173 8 135 73 117 59 4 137 151 104 1 51 65 30 34 44 118 189 96 100 74 129 197 62 48 58 185 170 71 98 32 111 150 20 5 79 139 
187 180 73 16 101 111 13 35 8 39 20 152 197 55 110 32 43 23 100 145 27 11 167 12 117 46 44 179 123 26 114 200 107 64 118 146 161 192 75 156 151 154 135 3 188 49 25 129 51 183 103 182 45 7 63 70 4 2 177 196 61 193 186 72 184 125 104 169 81 122 158 139 76 9 24 86 164 127 96 162 18 160 194 171 133 140 14 93 163 113 42 58 57 38 144 138 153 94 
141 58 99 93 106 111 12 61 41 3 35 44 78 103 102 62 53 22 136 123 113 174 101 38 108 131 166 119 187 18 66 33 151 193 156 8 120 126 42 19 27 148 175 115 155 150 105 116 56 57 11 15 158 143 9 179 169 40 26 4 60 125 47 127 133 130 161 67 195 59 189 65 85 145 76 77 39 124 86 200 54 95 63 167 72 7 36 24 168 152 2 163 146 142 137 188 6 21 118 94 182 197 
86 38 22 140 110 109 191 20 176 105 142 117 198 77 97 116 57 85 51 164 151 39 6 119 64 124 177 59 3 152 58 131 101 1 26 63 31 162 181 14 80 129 170 28 61 42 126 40 187 72 106 69 32 56 147 188 111 54 189 125 121 9 145 13 82 88 47 96 8 73 2 60 130 143 50 173 19 120 180 84 141 149 113 165 186 68 76 138 62 114 41 155 192 12 102 90 167 33 92 178 70 21 153 172 
96 133 188 160 176 111 165 117 145 114 13 163 70 41 50 120 198 183 80 127 21 110 150 168 109 143 154 173 60 181 84 85 119 138 191 59 179 43 44 121 28 159 144 132 35 104 12 155 38 42 196 147 15 99 24 63 30 105 10 98 122 23 135 25 164 49 56 97 16 4 39 2 5 53 101 131 72 73 193 141 86 130 185 11 20 170 200 36 195 162 52 94 82 8 180 
63 61 23 84 28 135 57 197 59 52 105 193 109 73 94 113 75 77 160 151 130 55 20 195 91 148 126 132 65 115 60 191 100 8 42 76 97 68 196 180 158 183 125 154 89 2 12 112 186 45 121 54 37 168 51 187 123 22 175 164 170 178 140 146 150 106 17 198 66 120 41 190 166 171 7 79 49 86 21 184 114 95 62 6 16 64 122 173 143 88 67 25 46 147 71 38 44 40 69 145 136 33 
149 13 72 113 104 147 154 18 124 195 123 112 182 143 133 41 57 168 14 10 134 156 31 87 105 12 25 185 140 67 126 79 56 169 92 197 29 97 136 28 19 89 111 121 117 69 5 3 110 46 75 61 34 90 191 145 24 9 146 128 192 88 184 70 47 54 188 129 52 120 137 107 148 130 96 179 171 2 106 151 187 21 161 55 64 102 59 48 17 115 98 153 33 62 166 82 36 27 139 73 51 15 85 
197 72 198 26 9 49 160 31 13 121 58 120 50 137 98 64 109 105 37 89 177 90 94 61 32 18 96 76 68 34 54 19 156 33 182 82 134 40 179 176 85 159 139 141 171 11 122 154 152 97 91 84 20 16 117 148 155 2 199 80 196 123 167 175 52 168 87 47 27 14 3 140 174 62 88 42 30 69 149 107 63 108 86 151 115 45 158 25 153 73 4 43 190 119 116 138 146 142 17 38 
73 180 32 60 138 95 176 123 136 82 25 168 17 84 171 96 8 16 108 52 2 55 71 128 125 67 86 118 6 114 131 92 24 200 115 166 76 167 177 139 65 193 147 9 45 77 190 189 127 3 165 90 170 102 158 58 48 39 85 153 182 81 121 80 19 38 50 98 196 63 56 173 184 57 116 30 89 142 117 93 64 144 31 100 106 
184 170 66 27 175 114 179 183 15 11 187 26 116 98 90 77 135 42 128 72 154 163 44 68 59 76 73 56 147 110 2 172 185 148 62 75 84 63 29 102 8 141 28 107 162 182 152 132 60 166 126 36 139 190 94 47 192 74 121 177 82 52 119 161 34 125 168 167 19 55 40 37 122 123 86 130 108 18 100 129 31 158 178 140 173 164 45 92 65 133 120 1 58 43 87 137 67 176 4 64 3 138 93 12 69 70 10 39 196 48 57 
154 6 1 126 185 148 2 164 107 137 172 46 114 50 95 51 147 178 34 127 35 157 162 39 82 184 109 86 135 28 12 29 136 187 115 18 161 180 98 77 198 175 91 197 55 60 84 71 129 70 62 130 158 99 47 42 173 15 49 32 4 159 132 16 134 196 68 20 93 149 168 44 72 61 43 190 96 139 59 133 83 79 131 22 144 194 125 122 94 146 65 165 104 106 97 5 181 53 140 119 31 
26 120 169 178 9 191 37 130 57 30 150 121 46 7 108 98 111 51 14 187 174 85 125 160 89 189 196 119 33 21 132 102 73 28 176 18 109 75 66 76 78 140 29 96 200 19 15 44 136 155 6 56 110 103 116 115 80 13 49 112 88 192 134 129 97 122 5 139 65 106 138 86 127 94 100 10 170 173 20 48 62 128 70 149 72 168 105 84 186 151 99 180 77 41 126 156 1 166 179 22 183 158 50 164 43 177 188 60 90 58 93 2 
131 85 23 112 3 175 197 161 145 72 94 27 11 138 57 50 55 184 17 186 127 135 98 144 16 28 69 106 133 103 89 8 123 61 178 65 122 164 84 66 134 194 76 32 153 74 146 147 129 152 198 125 139 36 128 97 56 167 62 42 43 130 111 141 193 182 1 105 195 87 158 191 10 39 2 15 187 104 109 21 29 157 185 172 102 107 95 83 6 170 12 132 91 48 151 46 4 101 174 75 179 96 124 25 49 
78 2 47 87 137 102 9 192 55 3 77 136 154 93 149 157 70 43 16 15 51 119 59 100 165 130 117 35 198 186 101 84 170 37 138 190 115 116 175 20 143 103 126 14 188 200 62 44 29 140 122 13 197 38 146 158 96 57 131 21 178 151 90 89 148 133 135 109 180 187 168 80 110 99 104 7 95 160 50 64 195 26 68 107 67 118 123 184 69 23 166 31 76 73 33 120 171 10 127 113 152 
25 26 18 9 87 194 61 197 177 170 113 195 120 184 108 168 123 65 118 121 10 181 126 198 188 110 104 161 20 59 35 82 145 33 158 42 89 91 8 102 169 73 112 180 130 83 141 119 47 19 66 109 131 125 165 149 152 135 132 190 72 80 157 143 182 146 39 88 167 92 34 50 1 67 31 164 51 150 124 23 178 69 2 107 41 116 115 173 85 13 151 193 17 75 97 172 139 147 29 93 140 24 
30 59 69 37 45 55 28 76 34 89 150 106 20 24 151 118 42 161 87 103 111 137 123 93 134 186 38 67 83 26 157 49 182 113 171 189 54 142 60 175 145 96 164 138 129 116 178 40 36 78 50 8 1 63 199 73 46 25 165 183 109 184 198 133 173 166 190 12 127 99 70 117 43 35 132 51 112 82 88 122 23 140 44 148 110 27 195 10 75 130 162 121 80 170 155 152 128 177 188 64 98 168 90 53 104 119 68 
186 122 120 86 74 147 73 75 197 78 168 193 94 126 200 77 191 190 81 29 150 151 57 106 21 188 80 127 6 176 3 152 117 59 87 95 111 83 37 102 65 180 93 91 123 58 100 155 198 112 14 187 177 196 144 130 110 141 41 160 40 44 36 99 139 32 11 72 124 116 166 96 10 136 156 56 184 71 25 92 142 5 153 70 46 157 131 114 173 108 107 149 22 199 18 42 
177 1 170 52 65 34 56 99 37 12 189 190 67 28 62 198 39 20 70 130 93 197 133 186 83 63 49 6 175 146 168 122 43 40 82 172 191 7 24 151 114 184 166 112 9 153 11 200 2 23 3 131 55 60 126 45 84 157 81 32 76 145 137 143 124 123 35 115 159 181 161 80 21 95 42 10 192 5 87 169 103 22 125 74 119 58 136 107 173 155 199 141 86 92 134 94 185 17 50 105 196 27 104 78 57 101 68 75 
3 33 112 63 147 104 22 191 14 47 99 54 143 162 172 1 190 156 116 36 96 26 59 199 93 124 126 40 197 69 55 38 90 21 194 189 15 30 49 31 174 149 142 52 175 192 113 101 180 24 183 115 178 98 61 176 84 170 119 130 9 10 159 12 123 83 117 53 129 157 17 7 57 13 73 120 87 50 88 187 131 145 80 103 102 137 127 89 100 70 182 71 167 107 161 
7 56 169 17 1 146 35 114 53 160 48 188 119 171 112 90 145 135 58 16 28 91 83 38 144 105 189 77 94 8 49 81 20 142 124 102 177 70 131 197 46 13 78 103 50 143 98 12 148 88 44 129 63 86 51 132 101 19 73 25 74 155 179 122 137 164 170 133 186 93 39 69 100 37 184 181 21 9 32 149 27 153 75 163 72 128 
55 115 155 193 157 139 200 110 121 116 57 181 82 133 98 41 175 8 154 172 101 45 195 148 52 152 125 47 90 111 29 65 87 151 119 21 138 84 23 182 20 132 174 141 69 153 109 63 54 49 118 67 81 160 50 108 166 99 186 194 97 112 179 83 170 176 56 180 164 93 72 177 53 6 190 12 31 3 61 123 192 78 66 24 11 14 60 40 36 131 59 28 191 10 68 39 183 
76 93 199 59 38 106 28 111 75 122 51 151 61 48 74 33 155 175 70 68 141 162 161 133 168 197 121 27 154 166 198 137 36 125 96 50 167 72 13 184 18 193 189 114 83 31 172 97 92 174 63 8 98 113 179 171 46 90 153 49 136 16 52 71 78 57 60 132 194 55 129 195 147 29 126 77 105 40 58 170 44 145 160 56 82 5 24 164 43 101 65 86 183 85 53 15 165 109 127 11 180 196 119 157 116 
54 77 84 133 86 94 178 180 156 145 126 47 16 39 105 112 85 144 138 43 183 121 102 2 114 79 74 162 104 68 110 177 92 130 186 157 67 174 6 64 72 35 117 7 160 100 116 10 53 182 152 106 128 83 76 13 23 132 38 57 148 51 34 176 11 42 103 48 109 3 195 52 71 32 40 164 181 179 198 120 73 99 131 154 146 199 8 172 20 75 5 26 101 55 197 155 169 59 96 29 69 125 153 30 18 165 175 161 
168 124 148 199 51 70 98 76 41 142 110 135 162 150 6 108 175 169 49 114 111 71 128 89 170 119 112 43 87 187 30 58 141 4 86 105 132 9 172 164 19 53 152 84 101 178 116 191 117 23 155 183 97 21 200 50 39 33 158 147 149 137 64 138 40 83 189 145 31 118 176 107 109 68 69 122 73 193 27 157 13 55 25 181 104 161 197 29 196 154 102 180 
52 130 13 123 8 133 156 45 168 143 171 2 54 136 129 95 138 197 12 161 57 15 86 108 16 49 3 75 159 17 120 62 125 59 50 33 169 105 195 131 144 153 139 170 145 126 134 21 116 117 113 71 18 27 112 137 69 74 185 70 36 155 190 44 124 93 67 166 151 19 175 29 60 198 119 104 127 158 32 79 174 115 122 121 22 53 102 194 35 46 81 40 97 55 
112 136 129 109 77 15 23 24 91 62 44 198 102 157 11 85 89 197 7 126 120 187 122 155 181 18 5 200 124 1 108 179 49 28 167 169 127 154 81 130 100 63 52 182 140 144 95 191 22 119 74 54 3 156 145 174 31 147 123 199 192 183 94 125 17 47 13 166 50 26 158 133 93 78 60 190 115 40 121 34 128 170 96 111 37 134 36 164 8 103 16 46 185 33 97 189 53 118 9 71 
69 9 60 96 1 84 56 114 41 38 126 35 108 16 93 191 81 158 10 48 32 61 179 36 195 147 109 194 59 13 163 189 153 85 177 101 37 146 19 62 180 21 105 161 78 166 121 102 182 199 167 164 44 73 128 159 142 51 192 135 183 8 86 139 34 83 77 11 17 29 92 30 6 66 160 123 23 64 71 200 31 75 110 47 197 54 39 115 172 145 196 120 137 154 
67 12 87 147 131 123 89 141 100 159 194 17 63 200 49 134 179 183 34 101 4 28 86 170 105 113 64 108 171 88 155 122 148 120 74 52 18 196 14 154 37 138 96 25 69 126 53 82 66 60 78 115 56 73 185 165 132 195 175 125 153 92 54 8 184 180 110 99 199 19 3 163 76 109 157 106 51 169 40 16 30 57 77 5 103 20 166 158 58 102 
111 23 117 105 10 83 140 18 130 89 131 158 45 36 65 123 162 139 180 145 21 48 187 102 200 126 157 133 138 43 16 122 46 194 73 174 173 153 7 63 77 15 51 177 168 1 142 87 150 58 26 176 136 28 94 108 166 125 13 61 19 160 170 52 104 56 101 76 120 165 47 91 154 93 116 81 183 64 97 134 17 86 31 92 5 71 96 197 178 159 29 30 24 53 85 84 79 
123 141 68 121 27 122 148 50 157 118 60 168 74 92 70 72 36 129 124 133 85 18 147 162 15 136 102 126 75 191 178 193 156 52 138 62 44 67 99 26 195 143 42 90 182 185 48 198 61 59 84 23 119 153 197 120 64 174 165 51 128 105 8 49 21 137 170 37 115 116 108 188 172 159 164 155 4 5 1 200 55 130 109 73 114 183 135 186 7 160 152 24 2 161 167 35 25 93 31 29 87 131 45 
136 43 69 162 131 124 170 73 138 79 105 152 200 123 183 175 90 173 99 190 23 153 27 67 132 154 168 144 186 10 167 180 55 18 6 189 19 192 187 185 199 163 98 60 197 196 88 151 171 4 33 40 166 57 142 96 51 101 100 15 7 25 110 77 46 130 14 169 102 16 29 121 179 3 86 91 65 145 24 48 63 112 193 1 70 119 53 30 5 157 125 8 97 64 149 93 62 95 194 83 177 35 39 66 38 155 
7 117 123 68 79 187 55 119 180 165 48 174 132 59 34 15 171 185 167 193 170 139 134 71 135 197 10 140 153 63 190 92 106 93 2 3 9 77 101 121 81 22 46 177 129 114 143 43 51 80 97 78 76 21 120 130 99 1 19 12 162 141 23 145 150 38 163 196 31 42 149 151 191 176 110 131 113 133 82 95 199 195 69 147 13 73 29 198 142 62 182 6 107 166 
186 3 170 107 111 29 72 161 115 42 152 49 105 85 77 114 133 62 86 176 9 138 56 172 174 134 117 91 166 150 68 99 55 171 188 2 96 24 194 12 122 175 15 169 140 90 142 180 4 154 26 38 8 50 1 153 60 44 131 45 123 149 87 109 73 102 113 52 183 147 189 168 155 20 63 148 6 69 25 19 130 121 35 137 39 132 84 30 33 
187 149 141 137 136 182 103 125 108 155 198 147 36 200 150 126 49 144 191 84 181 11 115 27 77 23 83 192 102 98 188 140 55 74 190 168 160 48 112 161 175 195 139 34 180 56 194 146 32 157 95 171 16 145 20 99 116 88 3 138 186 166 17 28 76 177 40 24 199 39 65 79 21 42 170 114 124 176 73 1 169 111 6 97 123 53 154 164 51 
158 51 121 87 78 89 14 174 135 179 79 165 136 140 139 13 23 153 124 95 120 168 192 126 26 101 3 71 196 171 44 170 118 63 25 35 9 128 22 111 103 58 73 42 53 33 149 11 47 199 112 67 43 147 143 123 117 4 162 36 61 144 70 160 99 132 182 12 106 76 56 8 54 85 189 177 181 122 129 52 133 180 5 155 80 45 20 50 40 84 200 
88 9 24 116 46 179 129 147 90 18 5 104 134 176 97 85 7 62 180 196 35 154 137 200 43 108 152 86 47 156 145 50 105 15 89 52 118 33 32 193 163 57 171 19 26 120 54 39 21 6 149 159 73 115 76 170 146 174 34 75 119 10 177 140 169 70 66 25 61 128 8 114 132 31 56 183 190 77 155 112 182 127 37 38 139 141 29 123 41 71 14 100 110 197 51 133 131 94 101 138 162 
38 160 129 184 90 98 142 155 161 93 107 43 153 35 13 8 109 24 131 29 154 124 26 183 86 162 103 70 46 68 186 143 139 48 145 119 88 146 150 22 18 59 116 1 182 108 132 168 31 196 49 67 187 32 25 200 5 3 176 78 17 33 80 189 156 79 180 113 193 37 39 111 175 178 174 81 117 21 144 151 28 172 57 64 152 34 118 130 158 190 27 114 115 126 9 
169 141 139 33 167 145 92 164 55 118 36 47 129 29 191 48 65 147 14 171 156 42 113 108 20 70 177 66 88 110 76 198 184 174 114 105 159 96 27 28 188 40 130 49 19 101 138 24 2 180 77 189 78 80 44 194 35 72 95 41 131 17 150 137 3 104 187 93 37 79 69 127 166 56 1 192 53 153 193 132 94 15 134 106 52 67 170 4 45 5 179 183 116 175 89 43 182 102 100 142 25 98 103 144 146 85 149 
135 36 82 53 42 31 109 175 104 176 185 83 103 148 21 97 180 23 79 195 150 7 35 49 130 170 80 57 157 93 32 19 65 121 177 154 70 68 64 126 9 144 129 110 2 145 95 198 111 20 174 71 34 165 107 127 48 137 120 112 166 162 41 18 183 91 108 8 106 194 55 11 60 182 39 51 100 160 46 187 173 75 22 1 5 38 128 147 99 63 78 124 90 188 118 43 6 139 114 196 96 58 123 
74 147 190 42 93 8 101 39 106 73 170 151 18 189 48 131 197 155 57 117 141 82 107 59 52 177 172 37 36 10 99 61 29 111 148 195 135 58 118 51 124 97 41 86 194 60 66 35 92 160 12 183 127 75 140 159 154 104 47 88 114 186 165 144 130 143 138 81 44 98 132 4 164 102 181 119 79 13 68 134 32 72 24 136 150 89 200 176 126 38 146 71 120 169 33 125 11 196 34 16 77 
152 131 128 168 155 130 141 148 121 179 166 190 150 99 76 83 114 147 40 175 171 119 188 17 9 3 101 32 21 92 137 192 195 194 193 138 58 81 41 93 104 75 142 64 140 199 158 36 39 8 161 165 73 134 2 94 20 19 181 111 164 102 49 34 48 98 5 1 145 16 125 55 112 29 167 38 116 187 156 186 185 113 153 
152 3 32 190 23 79 4 90 200 148 96 93 29 195 81 47 37 181 72 6 157 56 193 186 102 80 146 197 92 66 191 15 162 180 198 36 169 44 155 164 22 63 150 35 179 133 26 199 176 131 7 91 177 171 174 77 43 135 189 99 184 123 143 1 45 13 156 31 139 51 85 19 147 132 54 71 83 87 142 27 121 10 38 46 69 68 20 114 178 34 24 129 52 
18 189 4 9 142 23 155 138 41 94 22 68 17 25 58 51 174 183 160 140 108 69 47 26 182 62 93 104 185 158 40 79 65 83 91 118 149 98 72 63 159 31 167 88 165 111 124 130 133 163 113 78 82 117 115 64 1 156 74 33 35 190 86 46 90 2 132 7 200 143 175 84 125 166 96 178 121 14 10 173 137 55 126 20 100 199 8 77 116 13 49 123 181 34 16 3 112 76 42 48 30 
5 41 94 73 191 32 199 192 91 164 3 61 107 63 166 23 27 109 34 9 20 128 31 171 134 123 147 78 177 179 168 1 181 36 16 184 182 194 44 189 143 139 162 99 119 129 161 174 198 121 58 137 183 90 187 30 53 127 97 83 84 108 130 49 79 22 71 159 158 80 133 17 146 26 85 126 67 77 35 19 38 190 50 6 105 25 65 82 165 64 86 52 125 15 155 93 153 175 
119 25 21 134 187 59 52 10 67 112 69 140 31 165 41 122 172 63 173 54 150 113 177 14 104 94 15 30 48 109 192 98 168 70 35 200 179 53 125 12 158 85 167 96 178 56 13 57 33 132 95 151 166 160 65 105 115 155 195 37 22 120 123 77 61 5 146 176 139 17 84 16 42 127 191 23 198 108 130 68 4 3 157 131 8 152 162 76 72 143 102 164 
50 6 130 195 80 174 126 28 71 154 134 70 61 115 189 179 159 109 150 125 78 67 65 193 167 138 85 112 163 32 197 155 30 68 116 117 20 198 18 108 95 40 169 132 13 36 147 24 77 161 121 139 175 9 99 191 53 184 122 156 153 58 38 104 135 43 81 14 131 180 35 29 16 187 105 79 23 114 110 3 106 82 133 63 8 45 72 168 152 107 192 127 190 27 19 17 93 88 137 178 34 4 102 158 92 
130 131 43 136 70 134 68 4 116 125 147 83 62 66 115 193 187 182 73 44 111 52 84 118 175 74 140 101 177 191 108 16 120 145 78 8 22 165 88 196 149 24 174 151 3 86 53 166 34 41 10 18 25 29 89 121 164 5 135 2 93 80 6 90 96 71 172 31 14 119 46 105 39 142 195 104 35 157 146 153 40 61 137 23 91 81 19 186 144 114 94 17 95 148 13 92 38 
89 43 181 116 11 127 10 66 40 15 187 145 183 24 162 57 198 200 131 180 114 17 172 168 108 67 143 68 16 95 110 49 122 81 170 79 188 42 20 135 118 137 128 169 28 26 101 13 157 96 113 70 93 19 53 105 160 59 58 132 196 120 35 125 167 75 90 60 153 88 8 117 119 166 134 7 32 147 21 121 48 34 189 
43 94 14 98 107 161 178 66 140 185 183 179 40 162 111 86 193 84 104 197 60 92 176 45 129 89 25 144 38 69 70 19 196 20 159 106 23 131 83 44 73 85 133 16 180 130 125 113 149 4 88 165 192 160 101 49 56 46 13 108 10 163 117 181 189 145 72 71 21 27 194 143 200 177 8 99 26 17 80 39 174 199 142 31 100 124 103 120 24 65 135 112 167 136 138 190 116 171 155 122 5 157 168 121 148 6 
125 57 8 18 116 185 193 174 65 159 46 197 200 69 84 194 67 168 44 4 138 170 156 120 186 160 140 75 137 90 142 110 15 79 21 52 31 77 66 14 70 165 29 55 39 2 71 108 103 126 16 19 162 192 178 195 45 35 151 131 22 42 158 58 122 179 1 48 23 34 98 104 73 83 9 17 41 177 13 33 153 56 133 128 80 59 113 148 78 123 135 127 85 32 
141 167 15 43 14 8 139 190 80 110 140 147 52 109 81 44 96 171 193 87 50 29 148 173 91 40 168 162 116 180 127 98 183 21 68 165 95 134 119 128 74 136 191 143 19 54 189 145 107 42 130 36 57 41 70 20 112 92 144 22 166 111 76 113 182 176 117 37 187 7 3 115 23 101 102 126 129 56 83 159 131 156 174 108 67 185 90 27 100 17 105 172 154 170 71 
80 188 185 6 147 166 82 13 127 23 42 124 157 172 107 173 78 104 144 143 16 68 51 180 97 109 158 130 182 44 170 30 198 31 179 105 58 132 200 67 22 94 162 160 57 174 73 24 151 9 146 106 142 77 138 56 66 154 95 175 19 4 126 75 8 155 34 2 59 7 197 189 123 194 191 86 149 74 84 25 87 183 150 178 92 28 81 52 122 35 69 128 91 165 136 63 26 47 83 115 14 62 85 99 5 
3 137 103 185 73 94 107 53 147 191 122 26 154 135 145 143 184 129 40 123 55 70 119 112 80 83 127 149 186 163 148 179 167 165 63 173 102 61 2 12 49 113 19 28 168 23 199 200 90 67 44 196 71 51 170 98 158 60 34 198 164 117 189 62 8 65 16 182 115 41 25 134 116 126 194 150 190 171 69 160 151 7 153 77 136 81 176 101 92 
196 148 16 184 23 181 194 140 116 28 69 79 82 123 20 163 166 59 186 89 176 83 31 91 167 75 1 162 113 159 51 114 109 172 150 149 96 95 66 11 169 106 197 81 152 99 145 141 50 160 188 77 100 183 115 61 164 105 108 34 155 137 43 157 27 22 174 57 192 13 64 187 44 71 125 58 175 170 182 12 85 63 48 78 65 4 19 179 112 72 41 29 189 90 180 135 38 36 199 
134 113 189 88 129 178 182 160 61 3 70 60 193 196 87 21 188 120 35 27 52 140 106 6 94 119 138 118 92 200 74 55 29 23 91 12 5 139 166 103 64 125 100 132 109 24 1 53 164 127 65 115 43 9 34 151 84 56 17 59 141 86 131 163 179 58 181 133 13 31 155 192 50 4 152 10 72 187 190 69 153 173 107 114 167 19 154 128 8 177 137 198 75 143 191 45 111 36 37 83 174 165 46 
90 148 26 96 68 199 78 91 95 191 45 187 19 138 121 33 110 173 88 126 179 77 132 32 41 99 76 172 79 101 178 81 175 136 21 114 137 160 67 145 182 85 193 102 128 107 65 170 37 29 44 10 40 164 2 58 38 46 157 104 62 111 73 159 36 51 71 66 23 196 27 185 169 28 156 11 12 198 122 34 17 118 55 163 75 87 94 165 158 20 83 190 133 112 56 117 174 1 3 141 166 63 123 197 155 167 177 171 
17 167 68 108 120 131 27 76 74 178 143 146 175 164 35 81 4 38 127 174 79 15 60 104 192 61 44 140 18 111 33 85 14 124 9 51 25 87 130 150 59 117 66 180 136 189 49 30 20 166 37 162 95 170 188 106 199 89 184 96 185 152 197 171 181 32 52 6 159 141 157 2 116 198 62 190 31 113 200 129 133 139 144 63 50 64 186 13 43 112 128 86 94 48 172 182 29 147 91 58 194 125 78 23 121 156 24 
38 168 76 196 62 40 132 129 143 198 48 163 135 183 101 85 66 1 189 57 4 49 104 100 181 145 140 131 22 164 55 53 111 113 36 37 127 42 139 121 106 147 5 193 94 32 141 109 82 133 75 19 150 187 102 171 30 176 192 191 45 24 89 39 12 122 158 78 179 60 130 6 69 63 35 200 188 2 174 175 162 52 99 197 177 64 152 80 74 59 8 14 67 92 88 167 
184 191 133 89 109 114 59 78 190 160 168 99 17 51 35 46 18 154 142 34 15 5 104 26 96 127 132 28 178 137 108 16 143 24 118 174 87 169 157 124 120 30 43 84 134 25 161 167 9 23 36 102 90 145 163 130 106 81 131 1 189 62 103 56 13 141 192 7 156 198 176 68 199 196 164 139 55 20 101 67 151 195 187 21 177 3 112 193 53 152 147 125 110 182 185 58 11 33 
30 169 101 80 66 47 135 178 25 11 177 95 173 106 147 4 145 48 129 88 84 172 154 65 7 27 49 14 156 157 74 36 116 155 184 176 198 166 19 15 127 130 54 41 133 40 138 158 20 188 44 43 109 159 5 163 104 86 53 42 18 193 10 21 69 17 168 23 152 57 120 45 6 165 196 63 46 191 1 113 33 175 28 96 192 181 137 91 79 9 150 143 22 82 117 200 132 134 62 29 32 37 118 8 187 123 60 185 92 
73 64 172 41 31 92 95 119 160 30 33 130 47 60 150 105 143 71 170 175 85 100 189 91 80 5 93 14 83 7 23 65 104 167 110 129 165 183 171 36 88 112 78 161 13 179 102 26 187 125 194 75 3 87 132 198 111 121 166 43 159 131 39 152 197 154 96 76 56 177 70 151 192 126 109 4 190 94 146 115 53 114 38 68 140 35 123 
20 97 11 138 95 182 68 3 29 143 128 71 99 69 104 94 179 88 63 116 36 91 30 152 85 177 147 33 161 43 52 118 35 163 100 126 23 53 25 111 89 110 19 148 38 31 197 191 188 107 168 7 192 131 103 65 187 119 106 61 189 185 90 10 80 54 160 184 84 175 92 49 5 26 74 13 113 112 15 159 67 170 109 127 142 101 86 28 4 40 134 9 169 
196 190 149 156 192 21 22 6 49 189 8 179 36 25 193 131 173 47 191 74 90 115 31 15 124 176 100 88 101 171 137 16 37 96 198 23 42 17 27 70 89 111 177 58 199 80 54 178 109 174 120 119 133 26 77 1 148 9 146 116 83 155 132 142 123 182 121 51 98 11 126 105 45 29 64 128 147 71 19 118 48 91 188 172 186 35 168 161 69 41 125 181 141 3 169 56 
152 139 78 19 67 117 118 83 109 148 42 119 191 92 189 17 40 163 65 45 187 66 57 169 30 96 24 56 97 158 130 41 59 133 124 1 167 178 33 25 157 147 8 81 76 131 44 91 55 47 89 95 10 132 122 140 110 88 177 137 16 126 58 166 107 39 103 144 127 134 113 35 197 180 111 82 146 4 161 196 128 3 23 108 49 94 53 46 125 22 192 36 12 85 80 149 164 84 120 102 27 174 51 193 13 121 69 63 86 181 151 
137 128 70 74 96 27 5 157 69 170 41 56 63 25 178 122 113 31 129 10 60 45 99 88 93 51 177 16 125 135 30 171 39 98 200 29 115 190 1 173 121 86 65 159 92 152 186 52 195 57 149 148 101 8 80 131 14 104 163 166 168 89 100 87 90 71 6 146 59 67 198 191 3 48 197 85 77 33 7 194 179 111 105 120 184 151 34 114 72 143 112 160 35 133 84 50 40 91 
73 114 8 95 57 183 111 47 97 145 69 121 56 53 3 199 48 55 89 19 20 136 50 176 67 24 11 128 187 113 4 81 90 102 106 42 5 38 181 59 191 198 193 161 192 115 197 7 36 126 131 196 88 175 13 166 101 104 172 52 162 63 107 149 93 174 157 141 91 45 195 125 156 100 142 138 148 44 14 51 84 85 168 61 70 6 
122 50 83 170 66 198 131 181 77 63 124 114 133 17 86 128 190 13 129 31 94 48 123 160 193 182 197 59 136 95 65 134 135 189 106 51 161 64 196 62 156 25 192 138 74 60 21 45 9 179 103 157 28 92 12 75 5 127 148 57 87 2 78 140 152 171 30 82 191 144 113 71 108 32 73 22 27 29 180 158 185 76 81 7 52 194 187 145 10 55 164 175 111 18 188 139 
121 13 30 130 125 158 112 45 128 101 104 134 178 59 153 182 42 87 152 15 67 7 77 177 200 80 159 40 3 164 116 140 174 89 38 22 79 131 72 60 55 171 54 8 1 180 172 93 115 97 145 103 117 69 70 156 50 149 132 64 31 61 137 66 53 162 139 5 106 14 100 167 90 99 166 34 65 173 109 39 88 33 160 163 179 157 82 85 188 169 194 127 10 198 4 136 92 190 119 86 196 102 
45 180 29 108 111 122 52 193 41 183 162 147 120 12 150 101 129 194 24 4 17 34 23 196 135 73 187 133 56 88 5 109 92 112 20 21 143 138 106 83 166 77 14 104 119 113 71 123 57 146 9 121 7 190 181 2 199 81 189 67 65 178 59 94 126 127 35 22 53 18 170 10 31 141 172 173 3 160 131 117 80 28 151 145 
29 177 116 24 62 150 137 35 100 55 111 130 54 149 63 126 98 120 92 131 180 77 132 110 66 36 82 67 74 2 80 44 60 125 159 123 182 160 155 30 34 113 56 194 28 40 190 175 9 97 173 42 65 119 26 186 143 144 188 99 88 135 8 68 193 105 33 85 103 169 31 146 168 87 157 104 102 189 133 52 128 57 84 142 108 145 162 183 106 69 109 134 37 179 200 136 166 184 64 6 170 32 76 121 122 47 171 154 163 96 139 174 
32 43 158 47 117 150 46 155 173 91 86 63 5 34 106 165 24 190 108 120 119 90 37 194 172 21 7 79 48 60 10 152 198 26 73 200 75 169 68 22 27 196 141 162 181 188 105 124 121 58 125 18 92 129 97 134 1 177 161 149 4 56 176 178 114 115 195 14 128 57 65 183 19 36 2 40 23 174 12 25 147 72 42 184 137 9 110 77 83 78 104 31 102 62 135 153 118 17 189 
188 25 17 57 46 109 39 16 55 193 125 87 140 40 81 110 126 157 97 49 58 148 103 149 79 197 143 90 113 59 43 119 153 115 184 156 22 118 11 105 178 177 48 65 101 136 132 155 92 179 168 130 111 75 36 134 86 51 78 121 112 94 102 42 141 63 28 83 122 21 67 88 164 70 26 35 173 181 99 161 20 169 117 62 116 190 10 18 74 77 198 69 162 71 159 
186 161 15 81 94 149 84 88 116 110 35 172 75 50 42 22 24 13 135 157 181 65 137 87 31 57 44 93 37 138 97 115 95 185 107 1 140 33 80 124 156 111 30 89 16 126 102 134 145 120 2 165 103 188 113 158 176 148 125 5 193 182 143 200 123 112 121 38 101 73 41 129 139 40 49 21 131 191 53 190 25 46 170 197 92 85 62 11 70 105 133 60 18 68 78 56 8 36 19 17 199 23 159 77 192 117 
188 34 134 189 166 115 29 20 151 90 12 200 142 158 21 8 26 32 190 121 129 146 130 69 119 48 94 46 13 140 127 72 23 64 194 172 118 41 111 159 30 139 128 155 42 81 74 98 124 108 144 135 86 4 83 70 145 199 14 7 80 91 138 99 89 105 28 78 65 177 85 93 186 5 181 55 157 136 184 37 31 178 149 2 43 68 168 95 88 27 113 101 
119 94 85 158 71 20 107 135 162 75 56 9 47 160 44 109 82 140 62 4 176 127 190 69 60 163 25 99 5 118 86 73 179 110 50 159 87 93 102 171 61 187 106 49 121 194 41 177 161 150 79 83 129 76 17 123 97 11 12 174 81 126 111 53 21 183 51 78 33 100 124 146 138 132 28 74 29 32 142 198 13 19 77 101 59 136 172 103 113 137 6 2 112 130 188 68 173 
119 155 152 90 75 77 104 49 53 134 140 25 26 172 158 13 136 186 39 147 142 199 166 184 127 70 198 157 151 51 86 195 20 105 128 146 2 102 135 22 183 32 4 118 79 130 67 110 162 125 109 48 174 171 78 21 103 71 81 180 193 161 14 11 154 163 41 42 62 60 133 37 179 27 96 7 117 148 131 124 176 19 175 132 87 106 94 113 72 5 61 76 149 143 29 144 28 165 
34 44 109 49 199 32 166 128 55 8 116 153 21 149 151 81 23 119 111 124 114 10 189 87 134 60 135 181 129 25 76 3 170 72 61 17 196 132 2 7 172 43 164 27 147 78 178 56 171 91 96 69 66 108 75 159 84 67 35 33 52 1 180 29 22 85 136 20 184 50 57 63 122 168 89 123 103 95 64 79 46 137 148 144 197 169 198 92 125 120 
84 12 28 172 184 115 155 169 76 185 70 195 114 162 173 98 55 171 124 78 99 74 42 7 26 146 65 161 69 163 2 8 189 44 166 138 3 116 126 75 79 77 57 148 152 60 193 164 87 5 187 157 64 139 4 145 94 46 106 177 73 10 123 167 119 19 133 21 122 67 125 170 129 147 6 101 90 68 33 190 39 182 30 118 117 100 181 24 143 56 1 183 107 52 
66 55 174 20 82 147 137 109 139 171 126 154 64 97 54 53 173 188 81 150 22 166 5 162 177 41 183 189 115 102 108 68 83 105 90 45 59 179 149 192 40 77 168 159 31 36 74 167 94 73 85 142 75 107 129 35 158 200 60 84 143 148 30 28 62 172 86 175 182 51 117 132 135 145 133 100 152 141 140 78 160 155 186 119 193 42 198 43 121 65 156 80 93 71 17 112 118 163 6 23 164 
15 33 31 6 168 139 173 117 148 16 156 27 200 22 87 185 123 177 55 199 176 60 128 144 44 24 23 109 112 29 132 113 95 81 135 38 39 97 34 4 40 103 92 188 169 74 53 195 111 131 159 50 54 130 32 56 142 79 154 152 178 110 105 197 116 42 13 136 78 25 187 129 102 59 190 52 57 189 12 86 161 61 172 94 43 88 137 165 100 155 45 30 8 96 5 163 124 28 35 51 184 
4 126 93 97 110 82 116 1 10 133 111 42 19 31 86 49 161 74 135 151 163 106 115 100 128 24 198 144 176 169 190 92 199 134 104 71 160 113 186 60 30 80 91 77 108 54 159 103 15 130 70 62 23 131 170 200 9 56 148 33 99 166 109 132 12 195 36 145 178 194 118 120 39 164 122 8 58 143 158 68 65 16 147 87 51 18 85 102 155 136 88 66 96 75 187 137 69 2 21 181 11 98 26 89 154 25 188 7 175 57 
112 22 128 117 115 131 129 27 19 97 106 155 74 167 67 6 51 30 87 130 8 123 116 11 124 13 158 122 111 118 4 3 165 135 175 132 166 79 177 121 187 178 184 93 75 199 59 186 16 159 162 47 154 181 146 73 77 188 58 65 145 69 157 70 44 193 90 64 26 102 45 163 52 170 103 164 119 24 31 61 104 14 190 80 38 60 198 151 183 48 153 171 39 86 
76 24 147 7 78 200 14 194 110 188 97 26 42 128 132 164 20 137 197 148 120 193 29 187 169 72 15 44 175 56 41 58 74 178 39 170 144 83 3 159 116 60 70 77 136 32 163 145 141 30 27 99 40 117 168 105 152 98 64 158 89 199 93 61 17 160 140 11 172 198 122 112 51 36 46 35 21 124 127 109 115 94 134 157 90 100 67 22 25 184 69 6 55 167 52 135 73 133 102 18 2 
81 122 45 24 92 20 7 146 159 83 127 180 139 172 49 198 8 182 115 21 111 135 178 65 101 79 150 138 44 19 166 118 154 25 99 75 170 104 112 6 96 152 113 164 1 124 86 128 145 102 185 106 88 18 131 77 195 141 26 175 3 84 103 35 34 109 42 28 17 85 100 110 133 13 196 47 191 177 132 163 53 12 2 98 194 168 161 125 39 94 38 93 126 121 52 95 14 169 37 155 57 153 
76 37 56 128 114 196 113 170 121 12 58 94 83 117 11 174 111 192 184 3 135 87 190 29 156 197 97 129 63 157 137 115 124 78 130 23 22 168 96 101 21 152 24 25 112 51 134 9 47 103 18 181 34 108 53 143 100 105 54 8 104 175 195 150 14 187 144 193 145 199 177 109 64 200 91 176 138 165 131 146 33 172 32 102 164 133 44 20 50 62 66 147 163 173 155 26 185 35 141 
116 140 44 130 120 109 4 31 78 179 41 6 13 10 127 101 65 96 117 75 62 183 133 29 24 32 187 141 159 190 122 115 132 131 111 129 27 91 57 200 53 36 52 18 81 94 3 175 30 145 54 108 5 8 59 162 136 184 186 46 7 139 71 87 83 88 69 168 193 173 67 55 48 191 100 16 158 174 85 182 105 47 149 114 160 25 156 43 97 106 2 72 34 45 163 
41 174 143 168 94 114 178 1 132 62 125 39 127 105 15 12 150 108 117 131 103 68 112 97 44 179 155 154 175 22 23 193 93 195 92 110 138 76 49 71 75 146 199 83 176 36 51 164 106 169 160 79 136 56 99 129 120 33 27 142 52 166 64 74 32 91 157 4 141 172 109 115 152 67 81 104 88 182 192 25 181 96 165 156 14 10 98 158 101 30 140 78 151 187 102 122 19 6 
64 129 119 191 15 121 175 98 69 172 40 8 60 100 190 87 171 45 99 187 113 200 169 3 34 139 6 130 18 161 71 148 192 134 81 41 173 79 37 193 197 72 53 16 49 78 177 73 33 106 36 164 133 160 66 54 97 9 152 178 114 17 85 176 44 138 186 86 103 62 1 145 168 185 122 31 105 151 76 51 125 183 182 82 167 14 32 158 102 35 61 112 48 42 163 7 91 27 88 159 75 126 165 108 26 194 
188 26 192 13 179 38 133 40 147 178 42 114 36 145 98 123 128 117 85 17 170 115 132 41 124 71 74 77 173 1 141 92 116 96 100 110 185 55 199 84 25 46 171 44 190 33 89 83 139 97 4 59 27 180 104 30 193 107 134 22 79 23 32 86 112 177 101 28 163 95 122 155 69 198 8 10 7 39 54 81 11 181 72 135 165 93 148 187 58 12 158 47 108 119 2 151 183 64 53 37 94 16 51 88 20 43 153 160 194 66 105 
158 193 190 3 41 31 85 137 123 62 29 124 5 168 7 182 93 8 198 26 89 88 77 83 10 100 165 101 113 48 14 32 94 13 33 133 186 66 81 39 36 68 95 75 148 50 151 141 15 154 106 143 90 188 125 174 166 86 121 27 183 97 107 179 163 175 170 80 134 72 47 98 160 152 127 156 115 25 153 112 51 181 16 161 162 63 142 52 2 167 11 164 118 
84 121 97 149 110 187 72 26 89 69 29 6 131 107 159 78 73 81 177 106 54 75 156 133 140 143 154 183 37 4 62 191 109 141 119 31 111 158 173 165 63 60 79 128 152 113 112 20 82 195 36 98 172 179 100 59 56 155 102 105 181 27 58 18 167 52 164 70 136 83 14 176 71 108 178 15 65 124 28 134 160 162 49 168 53 122 32 135 192 118 2 24 95 38 51 94 166 5 74 42 137 180 
17 93 140 10 87 84 58 49 170 101 127 124 31 114 159 16 128 21 74 158 179 129 175 38 111 83 2 67 113 161 20 46 35 171 199 119 76 61 193 108 51 148 5 143 157 99 14 100 6 37 162 107 25 36 4 180 96 92 102 8 65 131 89 57 60 41 40 168 64 18 169 172 133 78 151 167 59 26 160 164 104 98 85 125 150 166 86 117 190 42 194 7 184 44 33 130 19 139 43 134 200 
52 158 138 104 84 16 149 168 67 128 133 100 79 68 65 94 145 189 95 82 30 125 36 184 122 41 45 137 24 22 180 89 71 170 80 101 17 173 119 118 131 123 51 139 91 190 103 83 113 35 62 197 53 150 48 73 88 10 146 25 187 20 70 97 110 14 191 199 59 195 8 2 99 121 72 159 75 144 19 29 147 143 188 116 26 4 157 124 81 9 
45 66 168 162 21 120 28 5 65 64 197 133 200 136 59 23 135 8 157 195 86 102 75 160 3 57 88 27 52 154 182 159 167 181 103 190 62 173 121 171 125 147 140 151 37 14 50 142 179 24 186 104 32 132 10 176 143 129 193 26 20 68 46 79 105 145 109 164 149 15 108 2 69 111 163 187 172 150 126 30 92 174 77 31 91 53 115 
59 173 188 42 181 109 49 21 94 138 50 180 34 60 16 136 92 82 149 62 52 193 12 175 163 77 183 126 185 107 90 25 61 102 87 159 23 186 37 80 101 134 112 171 47 104 166 197 105 139 63 161 51 39 145 111 98 184 8 187 43 72 70 129 152 192 167 22 58 4 84 64 28 179 56 189 57 99 170 38 174 30 125 100 135 67 2 40 160 137 168 5 83 123 41 177 157 
108 104 159 123 19 10 7 65 37 160 34 195 64 132 199 178 26 40 141 118 13 135 94 67 126 145 75 43 2 113 122 52 3 88 89 36 59 27 71 11 154 76 39 128 125 175 90 25 68 152 150 82 107 98 156 192 110 72 18 200 99 167 77 96 85 114 166 100 193 17 29 189 93 180 116 157 140 97 83 149 111 28 137 155 138 198 14 147 46 35 74 139 8 92 21 73 24 12 129 174 142 57 41 50 131 58 81 144 119 127 170 
34 185 112 102 137 196 149 136 198 75 51 160 28 164 37 83 100 144 93 168 106 153 134 133 63 179 111 154 122 88 131 86 30 171 151 20 104 116 27 186 120 10 123 142 25 109 7 41 145 18 124 40 140 97 4 64 174 15 74 59 193 138 94 126 23 150 61 147 29 77 190 172 89 49 44 170 52 96 85 72 129 69 155 2 11 1 148 182 175 118 84 17 114 194 139 45 36 
132 82 99 181 14 90 80 34 17 83 6 75 30 71 60 152 87 46 121 105 50 126 13 52 2 120 62 18 197 76 95 117 184 97 135 47 70 88 68 113 79 53 139 54 78 108 29 39 93 98 194 77 142 188 11 140 104 130 191 42 129 8 186 15 16 86 35 56 109 199 166 163 37 74 20 164 69 85 176 134 195 107 189 200 167 156 26 1 48 178 25 64 112 128 157 172 115 110 162 145 94 150 
81 70 123 69 32 97 7 116 13 125 34 95 159 62 33 140 145 162 167 37 64 122 129 186 139 194 85 130 44 20 19 117 36 184 100 29 108 39 25 38 165 121 173 67 30 158 151 72 52 111 193 78 132 10 28 74 5 137 54 141 152 147 96 128 47 93 3 48 196 56 114 169 59 181 101 58 104 161 82 126 143 92 49 176 190 88 26 66 200 133 98 31 103 118 127 75 131 102 195 110 86 
85 78 181 156 16 126 68 161 197 83 63 104 138 132 9 184 119 35 61 29 170 20 3 183 66 70 149 73 128 105 106 111 186 98 93 15 38 82 51 56 80 75 116 147 187 146 17 101 185 89 46 79 148 6 19 164 171 54 141 127 58 174 50 71 159 7 189 165 114 121 150 32 27 45 62 64 87 190 77 120 103 115 67 180 28 131 200 153 155 125 109 97 86 129 94 88 192 142 169 41 
35 178 138 37 4 84 191 53 60 52 23 115 54 184 144 19 50 11 167 124 98 136 118 69 68 46 33 2 140 61 17 5 36 113 100 80 110 164 187 72 47 169 90 43 79 122 192 3 176 163 55 177 133 151 175 120 105 197 74 189 112 186 30 91 149 45 155 119 102 196 22 157 24 99 51 162 134 117 7 182 154 18 67 123 171 181 143 10 40 78 135 49 165 31 59 198 15 13 101 185 109 
9 140 49 128 124 92 162 43 50 172 135 152 119 103 96 114 200 95 22 31 20 107 28 2 176 170 40 25 8 159 153 60 154 94 99 198 130 187 32 169 79 86 98 121 64 132 185 66 24 134 117 3 21 65 195 91 151 143 47 145 84 165 87 10 113 74 100 184 180 34 136 149 111 46 56 182 41 97 191 27 194 126 81 39 183 157 137 85 160 68 76 163 102 16 188 38 120 59 127 58 67 161 181 78 19 141 166 139 
109 183 137 8 189 16 42 133 70 190 151 143 159 73 177 113 38 67 102 195 56 59 61 17 156 128 3 32 142 43 158 64 66 27 35 149 180 94 184 50 51 129 157 22 126 75 132 13 29 60 139 152 54 93 179 1 47 96 7 90 2 30 83 148 95 124 123 85 99 28 135 34 81 23 21 86 176 198 182 91 153 63 130 110 106 112 37 196 49 76 146 122 119 36 178 140 25 62 
164 15 20 126 140 190 46 77 50 42 30 17 32 96 84 131 14 130 182 157 139 53 105 163 160 62 91 2 127 168 6 158 82 172 114 200 37 183 70 81 92 21 89 161 48 27 128 59 112 122 124 38 115 66 22 4 56 93 111 133 148 125 171 189 36 45 159 180 64 175 29 61 86 100 184 73 85 194 197 119 95 69 134 149 11 98 167 174 188 5 99 8 199 18 102 154 195 
191 144 130 149 126 114 179 53 28 29 159 189 49 52 112 141 127 39 134 75 16 50 128 109 76 92 138 88 13 171 5 91 145 69 94 9 72 48 60 85 8 158 68 151 95 156 51 195 192 139 188 187 7 56 106 198 103 175 136 165 34 176 153 14 84 125 10 27 184 97 37 43 199 110 22 173 6 119 87 168 157 170 133 193 77 162 163 154 73 185 61 164 15 104 89 
74 77 115 192 187 87 163 9 44 182 186 21 31 127 147 17 75 95 109 123 10 13 29 178 81 35 184 68 27 83 64 173 135 11 149 177 76 49 164 165 104 118 121 136 58 3 39 181 175 32 45 141 145 50 167 114 43 88 89 101 54 155 170 105 138 84 140 23 157 61 4 91 137 153 197 158 190 8 38 60 174 18 28 171 148 106 37 85 82 25 169 183 34 92 53 57 117 194 90 66 113 16 102 24 116 33 
166 184 53 1 181 84 19 21 178 153 7 63 168 110 52 128 43 136 114 61 25 100 2 200 40 36 82 137 30 99 139 157 23 4 135 68 149 60 3 125 16 42 6 192 169 41 72 177 196 111 77 94 193 83 70 161 127 38 20 27 172 132 115 48 107 195 124 62 11 39 76 189 182 173 73 58 96 32 113 90 49 86 144 154 156 17 45 150 187 18 28 198 10 78 
36 171 167 86 43 82 69 76 81 141 144 160 107 28 195 122 77 119 127 46 48 25 59 57 123 22 111 113 163 190 135 182 101 79 92 132 85 175 148 71 198 150 172 3 35 61 185 149 197 23 60 152 45 19 194 112 38 106 74 87 20 54 179 115 131 145 52 97 199 129 44 98 138 17 170 95 169 162 62 177 188 103 104 39 84 88 140 18 29 176 124 21 193 191 83 34 40 55 56 155 78 178 70 133 
199 48 29 61 9 33 186 99 19 157 191 30 177 127 180 97 110 80 31 35 24 150 139 117 58 6 101 3 65 82 25 21 7 196 130 39 63 192 91 169 46 178 42 11 173 131 18 26 38 106 179 172 121 69 78 176 145 15 62 59 100 128 43 109 129 85 163 77 83 134 96 193 142 116 41 8 102 23 5 156 140 132 27 133 71 94 194 114 66 165 148 112 138 154 95 37 158 197 90 123 104 155 195 
112 12 14 180 47 189 108 28 172 191 41 91 119 139 15 135 55 48 46 56 103 138 195 63 22 16 39 82 49 45 134 110 74 127 164 21 20 114 69 44 122 196 13 141 186 40 185 106 167 6 73 173 42 26 43 199 67 83 27 148 160 90 93 102 95 57 88 58 200 163 65 179 29 145 76 165 175 183 1 132 124 166 32 152 3 156 176 66 109 142 23 80 86 182 144 34 157 8 159 30 52 38 31 19 121 149 7 116 162 11 
128 106 133 91 123 37 139 137 31 97 8 17 143 52 150 20 43 167 145 103 84 7 129 168 102 179 115 38 26 173 53 148 28 90 183 56 178 98 16 120 47 155 105 65 70 33 72 126 180 152 62 171 44 96 87 116 181 76 194 80 190 193 153 164 175 136 93 39 149 48 104 110 147 30 32 77 114 121 50 198 151 95 89 86 184 163 88 117 10 
74 7 101 199 70 149 180 130 31 78 127 186 85 183 112 84 100 67 164 26 120 148 79 41 139 56 105 61 118 138 195 17 109 47 126 77 89 184 137 8 179 5 167 16 97 23 128 185 83 76 135 81 155 22 62 54 6 68 44 59 117 24 172 145 140 171 58 192 19 42 35 146 72 9 90 136 36 12 86 107 57 28 34 175 39 25 103 187 91 60 142 129 113 200 63 108 53 15 163 132 38 191 106 
2 12 56 110 50 181 35 38 138 86 113 196 166 182 23 39 151 97 137 59 111 169 107 146 155 79 20 8 101 193 180 27 144 19 174 199 136 74 14 40 172 82 148 159 108 43 41 183 129 116 17 11 164 125 147 112 69 66 16 48 76 77 36 94 184 65 88 194 173 6 200 192 52 32 189 30 63 154 128 24 124 53 75 156 118 115 109 85 165 28 91 92 57 64 47 191 117 83 139 197 31 127 160 42 25 171 
9 150 112 71 172 8 75 173 186 38 200 15 159 82 178 66 129 113 140 65 81 59 176 138 122 136 145 163 7 22 168 51 188 61 96 26 25 29 126 64 115 134 30 68 97 53 100 191 18 16 149 130 119 63 14 199 194 72 1 195 123 24 49 80 117 103 35 88 118 169 148 39 105 177 133 125 70 121 32 109 73 152 89 87 154 161 171 120 99 58 192 77 147 52 27 189 57 187 
178 124 25 176 69 113 188 40 83 170 118 191 174 190 189 129 142 109 68 180 147 65 172 126 137 61 97 197 48 122 64 181 149 175 10 9 33 133 36 78 1 52 165 5 75 37 135 184 156 183 117 167 98 187 90 76 23 63 80 115 81 26 20 96 102 84 13 131 29 77 154 95 79 89 120 196 8 168 87 54 43 182 94 192 179 185 141 148 111 112 144 39 3 105 106 162 163 93 22 49 116 160 151 57 70 125 104 
149 68 86 174 148 186 50 105 14 101 126 133 87 98 2 24 121 108 100 128 73 140 109 175 66 152 88 99 62 23 51 52 107 57 153 3 80 71 82 125 196 111 134 91 45 95 146 11 113 64 116 8 122 179 49 177 33 55 39 29 70 141 32 93 17 171 124 147 84 92 180 38 25 193 78 90 48 156 167 195 194 127 74 43 110 35 181 164 20 163 130 144 155 15 197 112 10 160 26 
129 171 81 183 169 142 88 72 54 127 157 198 73 138 148 149 165 58 39 71 136 154 175 31 60 195 93 23 101 188 131 185 184 26 42 151 9 1 16 111 30 105 56 19 53 144 38 27 168 65 64 89 166 181 150 197 116 94 18 44 7 24 29 163 28 8 51 122 95 5 134 180 25 192 117 193 43 83 146 17 190 199 139 200 36 160 133 77 182 147 2 115 164 87 32 57 70 52 45 50 112 85 177 74 179 98 46 118 99 186 196 20 59 125 62 
28 177 64 148 180 105 18 192 31 30 166 45 22 53 43 72 59 98 24 122 94 146 60 26 32 95 161 12 134 49 130 170 117 199 110 62 140 113 185 189 132 78 158 17 104 137 81 109 41 163 89 82 36 154 80 38 99 197 58 136 27 77 167 182 121 139 176 70 181 97 16 135 50 100 51 175 128 112 76 187 173 86 5 171 188 79 54 63 1 61 196 42 34 184 147 83 55 75 106 93 33 3 46 44 74 141 68 71 157 
155 25 102 3 149 68 152 26 120 81 161 121 182 97 1 36 146 197 19 73 125 170 28 72 35 41 48 23 134 107 10 33 116 74 71 180 96 184 89 113 45 144 69 99 77 111 154 100 131 51 88 55 200 61 190 145 141 37 58 93 175 95 90 46 123 92 44 9 150 159 34 164 76 198 29 49 185 56 109 50 151 53 83 189 85 94 59 18 153 140 112 24 192 65 122 115 157 
143 200 71 96 167 59 38 107 177 121 102 91 155 146 49 158 135 94 35 105 23 45 89 55 78 86 188 42 139 116 62 136 18 151 70 190 77 192 171 199 138 127 69 43 157 169 134 6 144 20 112 39 186 92 196 29 46 48 147 33 130 114 106 110 161 104 24 76 36 122 176 124 142 163 16 15 103 175 10 83 101 98 63 82 2 164 97 80 34 181 57 162 129 149 26 117 31 56 13 73 118 179 5 27 187 99 72 128 68 
24 103 75 42 135 192 105 14 139 60 188 51 173 140 131 180 68 132 41 172 187 86 191 130 20 162 165 59 149 96 90 111 85 123 102 157 108 11 142 72 190 80 54 198 129 38 133 31 81 196 45 46 25 148 118 178 160 26 110 8 177 94 167 144 73 89 64 29 104 101 7 154 83 57 66 122 147 114 145 61 53 127 49 155 181 2 87 58 98 117 21 161 77 156 115 84 163 39 
120 84 136 23 186 53 48 89 111 104 19 24 92 28 163 174 63 139 52 164 116 98 152 26 157 90 40 156 107 155 55 45 78 67 172 15 170 168 62 95 1 93 87 80 144 149 18 88 83 96 66 173 33 60 123 131 181 109 59 115 86 134 71 82 145 184 11 196 193 151 175 141 119 121 102 159 97 114 125 10 12 61 177 182 108 150 178 27 14 133 183 167 5 8 43 128 73 37 94 
83 90 35 186 181 126 200 119 139 167 152 79 147 118 198 10 93 107 125 65 192 127 27 62 176 24 96 108 85 2 60 70 135 175 80 53 170 44 160 143 162 25 13 48 81 161 38 179 115 131 31 94 22 104 6 69 42 39 191 66 182 20 130 11 100 87 124 88 110 133 43 163 19 64 140 1 89 193 99 148 120 114 47 177 196 16 146 30 142 172 
124 106 33 104 68 35 191 57 56 184 21 110 83 92 170 1 108 6 54 61 109 172 40 196 112 115 23 29 77 4 69 88 20 142 155 11 167 197 185 163 181 96 14 81 186 128 37 38 78 93 152 126 5 180 9 119 73 148 59 7 76 66 157 190 94 32 60 179 146 47 31 24 199 72 2 120 138 63 139 46 162 27 141 49 125 147 98 165 52 200 43 84 177 86 168 90 161 150 143 67 188 103 16 116 51 13 131 
123 18 158 184 125 133 69 23 15 26 34 42 17 196 187 171 154 11 65 73 4 195 25 36 182 59 118 186 199 75 167 82 100 140 130 114 51 86 44 101 162 153 91 192 6 46 88 148 37 62 139 87 22 110 109 194 149 127 165 54 121 164 159 21 197 38 41 113 193 97 170 200 98 49 10 161 122 43 181 29 27 183 53 189 177 126 80 146 106 108 47 56 137 144 79 119 63 188 1 68 
3 71 131 177 138 49 123 195 10 130 2 172 34 6 28 185 97 136 87 149 122 153 181 161 102 47 200 184 179 176 26 168 72 190 143 151 111 159 146 115 99 48 108 30 11 1 152 50 116 45 22 198 15 14 86 134 191 193 21 194 59 189 154 64 93 106 52 109 120 38 150 25 125 81 165 101 92 158 166 178 8 156 142 196 118 147 112 51 135 91 80 124 144 133 20 55 117 83 70 58 77 42 105 110 23 57 145 40 24 126 137 68 186 
46 111 63 42 29 197 105 134 175 161 193 60 99 127 62 1 146 9 107 53 110 121 8 85 149 189 157 181 81 138 100 96 86 19 3 28 71 56 45 129 87 20 109 47 115 10 54 136 173 192 70 68 183 80 156 132 92 119 4 162 23 199 77 179 49 67 116 141 21 172 186 177 131 39 74 164 184 17 15 48 176 58 142 125 25 104 112 24 114 7 169 27 11 64 89 5 200 174 117 122 194 88 
100 177 85 70 47 79 199 162 115 113 26 118 137 131 71 23 34 196 112 28 169 102 84 179 119 176 168 31 123 76 152 67 53 180 200 194 72 190 13 99 96 198 6 132 197 147 165 195 41 140 37 189 174 188 18 16 54 17 155 30 121 10 97 64 92 129 51 104 7 1 45 173 21 128 143 82 103 35 135 109 68 69 49 5 11 43 98 154 
79 136 166 100 187 50 133 128 148 62 183 33 169 109 40 163 72 46 1 197 156 116 111 12 180 32 123 125 6 37 134 87 55 22 179 30 89 181 16 103 51 189 140 113 182 29 194 165 21 177 60 88 196 150 75 171 137 162 44 107 63 11 173 56 130 199 184 4 42 139 122 170 200 45 83 65 9 192 92 7 110 174 76 8 17 54 93 
153 168 75 17 82 18 150 66 196 19 48 61 174 164 43 45 89 185 112 71 92 9 73 141 107 62 65 139 148 68 179 55 78 72 137 58 91 50 157 32 191 53 154 8 98 136 56 116 156 200 70 12 38 176 64 163 190 104 27 115 4 133 158 28 16 159 74 83 103 184 20 146 2 186 124 166 1 86 175 100 145 114 57 85 7 160 31 152 106 192 33 199 94 105 
176 3 177 47 167 94 173 12 10 44 191 186 126 185 4 158 135 50 18 181 180 194 15 128 179 114 120 132 134 138 170 24 188 89 39 96 90 123 192 139 146 83 153 154 98 51 183 62 195 171 151 109 133 26 118 7 130 184 106 198 200 152 161 157 169 38 52 164 110 77 70 129 36 80 65 48 156 93 6 60 64 53 166 168 33 163 87 121 30 22 
176 185 157 19 79 16 20 194 28 147 110 169 101 198 143 35 174 108 47 45 132 29 44 39 102 71 61 33 98 115 159 107 150 121 17 49 189 177 154 196 69 94 37 124 36 123 26 127 151 183 40 66 31 122 9 119 170 82 11 91 200 12 51 10 155 96 7 50 99 54 173 92 135 139 62 118 181 191 52 6 81 42 134 15 60 87 73 111 106 148 168 83 67 164 167 2 95 5 188 72 32 18 109 38 80 97 125 86 149 190 112 64 4 
36 21 47 153 150 176 158 161 50 174 180 77 65 196 57 97 15 165 129 113 131 179 40 148 133 91 19 60 192 177 140 31 24 189 49 182 51 126 184 82 26 149 181 138 194 20 70 190 95 159 78 193 27 187 28 132 87 185 163 160 130 198 197 137 143 144 98 76 88 169 136 195 139 171 89 116 53 10 55 183 4 33 167 83 74 100 125 58 175 200 16 106 
8 60 84 65 23 3 127 130 55 53 47 90 75 109 1 196 98 192 176 20 124 89 12 54 158 94 28 17 39 133 19 4 96 106 32 174 49 112 22 40 24 163 139 66 129 156 141 7 171 45 77 131 137 76 91 51 82 197 107 136 9 183 162 11 169 41 18 92 37 134 57 61 164 165 170 128 153 198 179 113 70 26 52 71 64 35 48 199 46 126 102 145 30 150 59 43 72 187 110 151 73 119 
9 46 53 169 124 92 116 105 199 131 60 96 134 145 117 181 29 80 113 63 55 54 101 12 86 75 37 52 11 161 168 19 64 174 89 189 137 20 8 3 76 77 1 62 126 90 102 138 127 33 14 170 119 23 136 176 91 177 43 183 79 93 162 67 16 36 152 34 41 10 159 78 192 24 122 172 200 128 85 66 178 193 110 130 173 21 142 164 157 125 186 194 123 129 94 27 153 121 146 69 143 103 5 
133 48 175 84 66 67 120 146 168 192 194 178 87 33 76 123 130 90 127 116 156 163 196 20 79 145 117 195 24 106 21 51 124 188 86 8 92 77 60 119 27 158 110 83 28 189 49 179 135 108 47 46 140 185 150 89 166 159 107 138 177 115 65 173 32 183 125 37 30 134 154 17 81 118 132 85 139 104 109 181 113 162 25 121 190 62 99 169 78 10 157 129 56 114 128 44 45 
185 53 74 10 177 65 178 51 179 122 105 1 45 106 98 147 168 70 157 54 195 50 132 181 28 73 84 161 107 199 176 197 11 37 9 135 174 88 19 97 12 67 14 124 145 172 196 100 52 142 30 113 167 47 188 165 146 149 29 42 46 137 92 2 59 66 55 180 130 110 163 143 120 16 4 83 121 18 139 25 198 111 152 109 127 82 71 58 
169 5 13 145 185 110 16 8 200 193 139 26 135 103 199 115 29 191 38 102 161 147 17 184 105 65 19 53 10 20 154 44 35 63 25 82 107 175 156 114 11 66 130 27 100 78 12 90 157 126 60 176 50 197 128 14 7 116 133 168 177 68 58 1 174 118 89 189 101 182 171 45 72 124 30 132 77 87 144 153 158 31 170 28 167 3 94 21 192 196 74 15 180 95 112 34 159 
154 11 21 16 155 150 58 135 29 178 50 67 89 44 68 91 121 101 109 160 148 156 97 159 116 136 123 7 197 180 124 161 169 81 166 187 127 184 71 59 75 70 193 129 165 37 23 27 74 176 104 143 77 141 93 17 164 162 26 46 100 167 183 73 98 54 182 30 200 171 108 96 12 174 10 84 144 55 3 139 49 195 137 115 2 80 78 189 199 132 43 1 181 111 72 34 188 4 28 112 175 5 15 36 14 103 92 
124 54 179 148 192 158 115 155 85 51 4 11 40 199 194 132 6 113 45 151 143 172 59 139 2 193 187 1 97 22 118 120 36 8 66 20 174 160 159 180 33 30 84 68 181 41 162 147 190 43 63 176 138 166 95 21 42 103 57 50 44 10 200 81 90 196 188 15 116 171 5 102 31 129 34 146 110 183 60 119 38 26 17 61 46 189 144 48 161 35 
156 13 171 100 109 143 103 39 176 145 185 2 49 89 65 162 19 107 132 18 114 138 95 42 127 163 73 93 175 21 180 151 118 193 5 130 50 37 169 199 66 139 23 134 83 40 52 120 189 20 159 47 131 149 27 36 97 173 6 72 41 24 9 94 117 35 196 110 141 59 74 144 194 104 188 46 152 187 15 44 68 115 64 53 34 178 200 122 128 126 92 
164 104 30 68 53 166 160 181 194 102 34 46 49 177 10 191 100 169 35 18 73 8 43 122 119 124 183 21 83 91 59 62 192 125 47 92 95 163 85 7 76 44 193 50 36 113 137 185 198 29 41 37 141 152 17 84 126 187 190 11 114 94 129 12 145 16 69 33 132 5 110 135 170 25 174 89 97 57 4 55 54 87 56 121 98 165 133 58 197 39 167 153 65 134 38 48 31 109 2 93 67 
122 144 86 111 56 192 11 151 193 185 200 6 36 21 79 147 54 49 176 92 70 196 85 64 38 43 189 154 76 63 30 113 10 139 81 15 93 170 32 120 118 166 135 143 134 9 186 16 149 152 104 194 99 197 169 98 183 172 173 190 50 128 8 175 100 25 199 80 116 103 123 126 1 55 140 73 20 109 39 51 171 160 69 59 129 72 2 191 142 
31 37 149 69 36 52 140 29 87 39 135 170 55 195 47 96 9 86 132 133 28 77 91 44 198 100 95 4 116 123 81 62 24 171 26 185 193 78 85 134 150 73 30 160 32 188 158 27 176 117 8 148 175 83 2 180 41 177 109 13 79 107 114 108 60 111 89 164 120 65 119 173 122 143 42 200 182 80 98 106 61 11 115 144 131 43 3 189 72 118 58 196 7 35 137 34 70 130 145 174 67 151 105 
191 139 168 50 25 21 193 153 192 105 22 87 173 77 175 183 157 73 9 24 81 66 161 159 28 119 160 147 177 19 23 179 102 171 84 151 189 174 103 71 196 133 144 41 27 100 65 96 16 40 95 57 106 94 178 3 146 199 117 198 54 26 10 58 165 42 92 13 104 118 39 15 86 63 122 182 101 149 89 131 48 59 166 56 88 188 37 80 12 180 116 5 38 99 138 143 69 112 164 187 
135 117 193 139 192 18 151 78 10 49 53 165 97 59 171 153 158 186 123 177 81 109 104 87 105 63 24 83 149 198 6 40 106 51 164 2 138 116 154 107 178 42 175 56 152 163 191 189 197 69 190 94 93 3 95 90 64 99 148 92 32 31 21 108 70 132 74 180 112 179 118 11 73 96 67 146 38 127 88 145 115 194 187 43 126 57 86 41 62 174 176 143 85 196 5 101 169 75 12 182 170 113 
189 65 83 10 69 13 158 50 9 110 104 35 179 117 61 52 18 34 96 153 62 92 42 21 136 162 182 178 102 123 88 8 53 128 130 156 121 47 100 68 167 81 58 134 67 74 108 126 99 33 155 191 43 107 94 66 166 129 27 36 5 169 175 101 72 185 109 115 15 198 146 152 56 82 180 78 19 80 12 103 30 63 40 157 105 75 25 143 174 48 
158 80 153 162 9 163 185 178 31 47 168 171 134 16 195 26 89 113 40 15 7 197 88 144 4 133 132 105 184 50 75 6 72 175 112 10 12 148 137 176 59 165 103 38 35 29 181 57 180 192 136 20 101 91 37 93 138 108 94 13 190 76 77 172 152 131 117 28 186 166 179 151 36 199 139 32 120 183 24 97 62 85 79 86 127 11 54 115 150 140 46 194 84 182 146 177 74 187 23 43 
17 184 121 89 81 37 50 35 71 186 70 67 164 1 44 48 153 195 52 123 149 29 105 11 64 95 169 58 104 12 63 128 134 137 140 187 189 45 23 185 148 83 152 147 82 85 118 141 99 111 62 9 182 18 57 103 160 177 42 196 79 166 138 198 92 55 181 175 114 88 154 107 168 112 6 161 188 24 136 2 142 10 7 61 91 32 36 65 115 15 133 183 163 3 84 49 43 
147 177 159 108 127 102 101 66 149 40 187 56 95 94 98 41 11 124 115 96 1 49 175 44 134 117 154 92 67 107 23 144 88 194 192 121 89 182 162 131 16 2 128 143 72 155 184 69 10 33 133 136 142 130 12 68 161 189 150 83 18 13 78 73 75 111 135 119 71 168 129 59 190 77 15 186 125 146 123 176 81 200 7 4 174 118 45 137 191 122 93 97 178 181 166 172 171 114 91 62 99 103 
165 148 85 81 143 152 11 117 94 170 57 183 123 118 182 8 145 9 40 37 126 72 130 186 107 129 26 90 33 60 135 100 39 55 95 147 18 125 58 12 190 176 80 17 166 159 181 25 36 162 70 1 92 103 69 101 197 177 168 173 29 91 133 51 157 105 104 196 98 3 13 198 67 140 185 66 138 28 35 54 34 144 119 97 77 96 10 15 24 124 169 158 199 23 192 189 47 68 43 132 110 114 111 113 53 19 155 71 
57 150 29 7 188 164 64 12 98 24 73 171 185 141 42 193 166 175 170 53 195 134 28 137 192 184 10 194 198 104 101 62 58 56 126 13 89 113 159 17 35 41 45 69 161 181 115 186 27 95 179 123 93 84 158 152 4 142 139 169 48 190 60 112 176 118 63 22 66 114 196 189 52 119 122 54 18 128 86 102 146 68 100 65 14 183 74 138 3 155 36 168 103 130 147 43 
41 65 109 179 169 67 78 69 193 90 70 45 181 164 189 74 105 64 92 104 95 139 162 143 60 7 100 83 156 47 82 120 182 35 152 54 103 39 38 187 160 191 183 40 111 42 168 57 158 115 73 144 4 163 68 25 13 94 77 16 184 1 22 108 79 161 58 27 20 61 23 31 123 142 87 126 97 2 29 3 10 131 155 91 46 52 89 165 51 44 195 56 30 199 19 149 34 170 188 81 130 153 
3 121 11 61 155 104 2 91 179 145 107 23 6 40 92 136 123 28 134 135 67 70 22 174 68 54 95 58 77 17 69 1 13 4 119 175 64 112 117 194 138 16 152 192 111 39 114 151 32 26 199 131 200 8 190 12 62 176 170 133 187 125 197 182 96 184 45 71 180 44 108 81 177 21 109 128 137 15 74 56 144 146 72 172 101 124 105 103 43 189 9 129 160 59 150 51 169 178 35 66 
97 178 144 90 183 35 4 149 107 158 161 166 145 43 44 47 19 106 104 58 141 148 110 3 176 98 162 130 31 135 9 20 163 150 189 108 37 64 22 63 170 164 8 173 184 99 75 66 139 151 30 85 10 93 11 175 7 62 21 18 118 124 79 137 16 23 100 120 143 27 78 92 72 128 50 174 200 101 198 165 54 87 42 187 76 24 61 57 105 73 83 71 117 29 103 194 59 38 182 25 127 196 48 28 96 46 
115 133 114 47 83 91 69 159 174 195 188 126 61 141 147 76 73 140 55 44 101 127 13 152 200 15 119 144 160 148 113 90 51 49 151 94 149 36 46 164 53 155 20 6 145 100 142 38 28 37 8 77 25 165 81 167 121 187 178 171 112 179 41 177 72 146 31 33 191 93 84 105 190 122 130 154 156 59 75 192 39 96 183 67 166 120 7 85 97 184 170 162 196 16 
66 185 17 39 119 22 43 64 91 18 180 63 189 27 179 186 97 105 80 167 103 14 34 132 168 164 32 25 145 156 11 197 44 109 8 49 90 53 110 52 70 147 159 135 82 38 47 166 136 151 181 61 115 78 128 31 37 108 144 41 131 45 23 29 198 10 113 98 67 178 157 65 83 33 26 169 75 94 102 118 165 48 194 69 12 51 138 35 182 191 86 176 106 155 4 121 96 95 6 142 184 137 42 19 28 148 187 74 46 
126 78 62 57 107 108 4 102 156 49 133 92 119 153 91 197 131 130 89 44 125 71 33 152 15 173 147 184 27 105 113 189 138 163 66 199 5 161 142 46 47 3 70 35 165 175 80 88 95 51 90 29 183 194 114 9 144 45 127 81 157 64 187 74 2 21 117 121 55 190 158 20 19 38 83 110 151 41 76 186 124 169 118 54 182 159 22 177 178 146 129 69 48 154 7 101 
3 61 91 79 64 194 167 101 161 105 2 90 126 31 26 182 32 97 137 150 139 17 176 107 123 11 73 196 86 100 104 153 69 163 195 110 125 193 96 140 122 65 187 36 58 88 24 82 136 4 127 199 117 156 60 74 191 115 23 93 148 34 192 35 37 92 181 135 70 173 183 111 134 50 120 89 43 121 53 40 98 46 13 180 174 76 28 67 81 84 87 128 
81 9 24 112 122 188 119 183 76 93 192 23 144 5 58 198 85 78 104 127 29 82 65 73 22 68 12 64 131 120 148 176 3 44 8 174 102 88 193 179 56 172 107 92 31 164 145 108 69 118 189 157 30 158 123 191 13 156 140 66 14 177 186 28 98 99 18 106 154 17 135 52 134 141 142 42 168 25 84 126 91 171 149 19 101 4 124 83 
117 52 60 89 42 169 140 109 143 84 46 68 141 6 153 76 167 178 2 11 50 148 157 187 197 45 36 64 65 128 108 100 190 83 13 35 191 92 5 55 81 79 150 160 69 49 185 71 147 135 126 39 56 159 63 129 43 151 158 25 110 99 26 62 146 34 1 183 16 70 145 32 4 38 12 9 119 8 48 194 199 72 172 142 77 98 177 57 168 103 155 173 51 59 21 67 107 113 152 88 163 192 195 
185 59 79 29 125 108 80 200 92 157 54 38 158 129 2 89 188 131 118 60 196 94 177 36 56 159 7 167 51 160 19 98 44 133 156 71 187 97 16 176 117 132 9 165 128 199 151 154 182 31 171 52 123 32 37 50 34 27 70 69 152 100 35 191 99 105 140 57 12 143 75 73 136 119 162 23 74 130 168 109 4 67 121 103 198 47 189 110 24 124 114 26 186 179 1 146 149 41 180 183 161 95 13 96 135 46 195 6 163 3 101 65 21 83 
165 64 164 122 161 145 94 118 185 66 46 167 32 72 11 79 148 17 159 154 14 55 116 25 188 18 101 22 104 34 30 127 45 143 196 23 195 76 84 191 50 140 36 175 128 151 52 107 121 12 150 192 141 189 111 147 4 88 6 139 123 42 115 7 1 181 62 3 156 163 49 21 47 37 153 93 172 73 131 58 86 170 98 168 71 198 114 53 112 157 197 146 152 194 67 144 136 173 89 9 100 180 133 
87 69 149 119 68 135 195 157 151 155 40 48 25 136 158 159 122 131 15 92 77 164 21 30 29 101 11 133 52 57 85 75 130 31 97 45 76 121 190 51 137 175 116 114 104 145 36 180 53 81 78 167 148 42 150 22 4 9 83 71 91 47 144 58 98 192 134 138 169 74 73 198 127 139 88 12 141 93 17 44 72 200 142 102 191 173 120 34 84 178 163 95 196 174 28 60 49 129 140 55 199 23 63 62 194 33 171 161 108 146 162 
116 1 189 27 81 65 167 23 58 94 181 200 78 163 25 102 174 128 85 11 84 29 152 17 119 171 168 59 193 124 43 50 198 77 148 169 114 149 161 195 37 87 2 5 127 72 93 134 6 135 170 177 97 121 69 159 95 122 68 70 19 8 32 154 185 109 96 139 160 62 56 158 187 180 111 104 101 28 150 191 26 36 42 73 3 55 90 188 100 63 82 120 24 183 76 
104 136 39 48 78 199 173 89 158 149 65 118 124 187 25 140 54 142 49 68 181 67 121 125 123 153 160 14 193 144 26 81 110 59 139 99 34 159 107 165 36 170 12 167 195 57 16 92 20 69 182 33 116 180 15 103 105 147 200 18 85 108 169 62 35 130 44 55 146 74 185 88 122 175 51 161 80 137 150 23 76 188 128 143 21 10 9 13 102 141 63 8 75 40 100 66 133 41 166 83 58 129 71 194 
116 178 160 35 154 42 49 17 70 45 19 146 90 126 105 144 172 82 4 51 62 77 167 40 176 36 106 125 141 97 47 64 24 12 175 184 102 44 41 89 183 196 15 159 151 142 109 52 161 150 158 18 189 55 32 37 188 131 177 198 129 130 22 28 182 13 191 152 61 117 34 27 104 194 80 170 137 46 48 185 193 25 50 30 81 132 186 124 67 134 115 83 157 122 123 128 108 9 153 14 113 179 59 65 
7 95 36 12 145 120 85 189 153 53 70 61 150 37 195 162 112 199 176 178 54 144 137 90 68 179 152 71 131 146 57 80 17 130 55 91 48 2 18 62 67 86 33 161 193 73 10 166 138 31 188 170 133 165 148 114 104 191 113 149 142 3 164 140 129 111 155 139 194 94 87 128 136 24 34 184 47 103 172 76 107 79 135 11 196 77 124 134 102 28 126 84 98 14 119 82 163 100 39 115 56 183 108 
180 126 103 28 130 146 32 194 80 8 160 12 97 45 179 100 1 99 47 83 132 142 170 119 75 20 13 167 65 39 110 66 117 86 151 152 50 163 91 114 136 92 159 23 68 135 67 9 48 171 11 34 70 26 69 22 81 56 57 164 76 128 158 72 120 36 115 175 193 29 2 10 49 192 64 60 116 168 162 51 161 43 52 6 123 5 121 21 138 40 187 16 107 166 15 172 157 101 131 
108 50 36 83 2 95 39 164 49 10 101 142 147 156 57 135 171 12 161 37 148 181 198 168 84 128 104 169 18 7 145 91 192 52 42 166 153 82 64 3 189 62 123 92 158 34 138 191 172 89 35 46 103 140 149 186 65 40 173 117 41 125 14 6 194 130 174 124 13 113 29 53 144 74 165 180 146 175 43 126 51 71 32 152 102 155 15 25 19 44 119 99 187 61 67 88 23 178 11 116 162 56 115 79 
126 96 144 87 161 138 1 108 200 4 193 10 51 78 131 70 135 66 171 142 55 188 180 5 35 191 117 75 167 3 140 73 6 72 130 118 50 98 23 93 186 31 115 137 57 120 168 128 119 90 106 169 99 116 114 125 27 196 192 139 163 95 12 195 20 113 132 85 59 15 41 194 33 146 30 83 89 151 29 67 190 84 165 181 112 24 143 19 166 9 199 28 111 170 26 91 162 152 124 185 22 105 
195 199 156 128 69 131 188 162 75 63 149 41 176 43 165 97 157 154 102 174 118 125 26 170 64 180 114 161 14 193 101 130 73 110 72 91 179 5 54 13 108 70 66 144 113 198 56 52 191 190 146 192 143 115 93 164 9 80 20 10 86 23 123 31 184 98 178 132 151 39 139 44 121 45 175 137 155 145 38 24 150 18 62 11 65 160 
165 46 184 144 2 159 197 31 164 30 139 83 101 130 170 161 189 103 136 193 44 87 122 198 33 54 180 125 86 143 27 133 5 138 156 119 112 78 183 107 162 140 25 113 173 53 63 127 99 60 108 110 36 123 17 34 70 171 55 29 15 10 129 94 76 26 148 92 6 135 137 89 175 47 43 95 66 19 111 13 50 163 114 67 
91 44 191 25 152 30 154 39 155 68 27 146 195 79 47 108 175 64 32 52 199 4 95 168 133 119 96 7 198 23 113 57 183 127 54 58 100 102 19 60 159 163 118 125 114 74 179 75 107 61 193 190 24 153 5 128 182 134 158 131 166 98 104 82 88 77 3 42 101 15 72 115 170 37 73 142 67 178 71 69 51 167 93 99 94 45 147 120 172 169 16 106 138 26 161 197 162 80 17 50 20 59 171 6 174 
106 152 8 197 76 88 54 61 141 180 165 138 111 130 118 133 149 80 95 5 52 103 85 67 184 30 46 166 16 185 71 12 115 153 92 162 108 158 27 176 196 121 117 84 94 175 18 131 178 157 20 70 65 179 194 192 1 33 11 25 102 137 169 173 181 87 81 145 83 4 96 17 15 127 47 134 43 28 73 128 68 150 51 29 6 199 13 75 189 86 154 10 144 93 14 
116 126 64 67 74 123 199 76 153 82 16 162 158 83 40 118 92 140 62 44 170 149 141 191 51 57 46 48 114 197 164 139 120 178 70 108 181 186 71 195 50 173 12 106 55 29 154 35 39 128 188 17 131 148 87 80 72 167 75 90 1 145 37 151 200 84 5 113 61 168 33 77 180 53 171 176 59 14 2 166 175 160 146 9 93 157 152 163 65 156 109 183 91 117 127 31 159 32 7 165 25 68 56 111 66 142 22 132 138 4 
177 95 193 29 133 47 1 80 88 22 72 164 49 54 21 82 159 199 124 64 70 91 98 163 174 31 76 3 39 68 2 121 167 134 93 50 83 110 103 153 145 28 106 55 155 56 86 74 13 132 187 7 191 146 116 128 62 94 117 102 66 24 139 85 10 5 69 137 78 107 105 113 99 169 27 4 196 30 143 14 32 165 19 112 59 34 141 184 87 149 161 198 171 57 101 119 38 84 23 53 130 156 185 81 44 45 
200 169 193 32 118 13 1 114 5 134 97 71 156 137 10 187 172 158 166 178 79 174 47 77 19 139 143 122 128 173 183 26 39 86 55 66 30 75 189 145 18 101 126 136 160 72 78 73 3 2 170 99 25 69 76 20 65 57 181 12 163 40 185 144 17 104 196 127 80 197 68 175 184 159 64 45 176 180 34 115 106 111 51 190 43 151 60 31 58 37 59 155 125 11 121 177 123 
114 2 146 62 156 188 34 7 27 176 79 80 31 118 70 67 73 193 128 98 59 144 58 39 140 57 75 196 44 77 23 10 161 185 182 174 138 173 163 167 32 169 100 126 158 133 86 72 183 122 134 63 109 136 165 102 120 113 148 76 40 48 149 153 155 74 12 194 125 71 143 132 147 164 127 13 51 68 119 131 197 25 108 177 47 54 142 172 17 92 184 151 130 101 20 104 15 159 1 
77 129 54 85 151 99 140 5 22 62 19 69 182 45 103 108 60 190 185 180 64 165 34 13 63 157 152 138 135 86 195 37 50 72 80 109 98 186 18 26 121 15 91 35 92 194 173 51 130 16 196 139 184 96 179 166 30 112 197 28 101 107 118 11 191 12 95 49 148 146 76 73 155 126 100 122 82 159 181 120 102 172 7 154 44 83 136 110 178 156 4 105 79 158 59 10 55 89 68 153 124 71 187 43 192 
35 2 94 32 47 148 139 24 81 102 145 138 42 115 54 65 129 13 174 122 146 182 117 53 63 57 149 41 3 44 97 161 177 70 1 171 154 9 153 184 28 51 5 87 34 62 111 183 176 84 101 159 40 74 80 167 67 11 52 82 88 163 78 193 181 188 141 168 172 156 165 105 192 170 140 96 112 179 15 121 66 180 144 46 126 127 26 142 124 110 155 38 119 83 
149 130 3 129 161 52 18 13 144 174 91 9 36 118 150 34 79 20 189 78 117 176 152 89 181 40 2 100 175 55 97 199 106 38 104 94 84 193 127 98 28 121 123 115 179 185 29 125 116 45 53 187 184 7 93 109 157 47 41 72 27 178 162 19 43 58 177 166 111 138 60 54 169 107 172 141 112 139 26 11 122 16 120 59 63 146 165 35 
116 44 151 168 157 23 146 90 48 176 31 149 4 18 13 135 25 72 154 126 79 162 21 197 190 138 73 84 141 49 24 128 97 40 158 53 172 147 191 82 62 188 77 60 30 131 180 145 110 120 139 150 136 37 137 67 143 11 130 66 76 133 181 45 71 7 142 61 129 41 22 69 164 50 159 114 52 9 81 193 35 15 2 80 134 123 192 177 175 19 184 98 112 68 153 156 169 165 122 
108 63 96 67 32 193 126 171 191 167 8 19 111 31 188 20 101 42 141 200 107 30 199 86 43 130 77 62 152 13 33 36 93 196 74 90 189 2 35 45 37 70 14 65 156 128 79 59 119 15 137 174 164 98 192 187 78 129 132 39 5 38 75 151 69 161 114 146 49 28 27 55 198 170 150 147 142 24 131 44 21 53 122 106 26 80 16 40 1 117 113 138 71 85 159 121 186 176 155 140 
130 103 136 200 79 70 139 155 8 164 26 124 114 31 47 173 73 69 85 134 160 6 17 55 58 51 74 59 12 92 97 190 168 146 11 120 28 36 57 116 39 144 132 13 81 157 187 170 102 185 175 176 68 5 165 177 71 76 94 14 43 158 186 45 35 30 180 78 66 2 88 162 4 61 24 38 89 65 1 29 95 18 121 84 147 80 21 145 118 110 150 183 109 197 96 178 115 159 27 72 19 90 52 141 
150 122 188 187 142 32 62 148 90 118 137 152 147 166 76 179 109 40 55 37 167 117 10 143 130 36 126 140 89 94 164 57 41 111 56 184 131 102 47 154 14 30 171 141 54 127 72 66 153 175 197 93 48 138 95 156 82 106 31 172 29 35 86 87 44 79 98 177 121 190 125 185 151 45 195 161 105 69 133 100 158 96 67 174 181 123 21 4 5 189 39 12 70 
48 175 137 167 8 157 133 83 15 105 63 71 73 44 47 179 101 198 153 123 93 58 7 109 92 18 42 98 30 34 99 130 132 169 61 145 94 144 39 53 191 127 50 177 142 87 16 189 143 31 27 148 55 111 163 9 49 120 41 37 68 154 136 25 125 184 40 81 113 107 66 141 146 138 168 70 6 22 10 151 65 140 112 126 96 156 62 117 152 84 86 178 78 115 43 5 197 56 139 