200
2 90 82 184 121 150 129 151 65 163 176 80 160 119 53 159 56 39 93 179 86 180 164 171 153 94 196 37 88 116 44 7 26 123 113 148 169 85 69 145 106 95 122 182 118 178 166 30 110 58 96 177 101 
192 140 107 57 129 106 36 197 18 77 87 32 45 71 191 60 193 158 146 163 35 116 184 93 1 120 17 144 66 145 76 70 22 165 175 83 30 118 19 143 139 72 122 124 
84 117 120 101 142 9 5 87 41 25 184 96 104 109 182 76 197 17 98 200 10 172 50 140 192 14 110 181 154 66 80 103 124 160 60 4 164 23 106 167 90 94 153 121 199 83 7 12 78 141 21 190 46 65 72 108 128 81 69 
174 73 162 181 22 187 11 172 3 197 97 18 111 114 125 148 110 52 199 96 106 171 188 175 93 192 14 65 53 45 154 64 9 109 30 80 25 121 164 58 33 101 32 150 200 10 
72 87 17 105 48 116 154 146 68 23 157 37 115 133 98 96 127 26 24 187 49 51 81 162 176 188 89 97 119 112 85 118 129 149 192 110 195 163 3 145 45 156 179 196 69 42 103 183 90 73 159 193 141 56 
183 173 33 134 169 16 96 59 74 172 155 67 196 139 107 95 25 58 30 29 19 41 105 175 32 124 100 164 128 136 21 9 55 143 122 14 142 116 166 121 63 104 158 198 22 135 152 34 78 93 66 
174 52 16 3 113 190 30 44 32 173 142 31 200 93 124 194 67 1 91 146 156 125 90 24 106 128 169 114 82 15 188 77 21 
163 29 126 146 149 133 139 134 68 19 121 127 58 174 22 30 98 150 88 25 78 122 124 31 100 184 181 142 107 145 76 81 24 102 167 21 118 82 106 18 155 15 28 33 54 189 80 159 52 178 119 152 
101 114 193 33 170 65 93 183 95 188 4 27 80 186 86 163 113 79 56 127 175 85 110 172 6 126 137 149 19 122 143 25 116 144 81 132 76 42 13 166 3 151 69 155 187 
84 11 93 73 62 51 145 65 61 33 38 110 81 124 71 89 58 94 197 157 118 48 140 78 15 171 127 3 30 113 162 102 155 52 19 80 156 44 182 20 59 126 144 153 60 159 4 
169 46 124 121 167 14 58 35 54 10 118 49 70 189 105 103 43 182 161 135 13 184 147 26 98 173 143 162 152 157 96 79 82 164 23 181 4 88 74 78 89 179 81 85 132 128 
27 54 167 97 166 96 42 91 199 15 150 126 181 160 3 110 43 75 128 14 127 29 18 198 93 17 125 123 45 104 118 37 16 55 60 171 58 57 115 92 154 95 26 180 39 64 138 49 
119 46 86 122 25 200 105 76 45 181 107 16 39 184 9 145 164 58 20 172 31 162 47 137 55 156 113 116 163 87 123 170 104 81 112 101 108 143 148 50 54 106 95 17 115 11 128 84 37 23 64 26 173 138 126 78 
108 90 55 146 40 98 166 132 149 44 200 178 185 186 91 87 18 45 59 28 112 121 63 78 3 21 4 109 58 171 102 148 194 136 12 33 168 82 162 199 145 189 35 161 6 50 190 11 84 57 160 85 76 169 113 155 180 
61 184 7 113 198 131 140 29 159 19 187 149 51 78 95 89 8 162 194 169 27 118 79 10 174 39 128 93 142 32 12 37 161 66 189 33 188 103 116 179 59 69 96 180 38 123 94 22 58 144 92 167 165 111 99 41 56 83 106 30 86 26 54 139 81 63 
111 99 43 104 180 53 171 128 131 149 6 62 76 157 98 152 29 65 88 192 7 130 12 85 64 20 123 187 36 107 37 17 189 194 66 13 83 50 154 177 129 24 165 163 
115 61 36 72 52 179 132 26 16 5 13 93 195 118 22 76 33 99 192 160 3 133 102 154 155 2 169 194 44 58 34 43 75 60 139 153 47 198 191 12 90 167 186 196 
29 42 191 34 56 25 59 65 69 96 123 2 155 40 48 130 139 190 73 164 67 90 105 116 19 159 135 81 27 134 22 8 49 4 72 129 122 115 14 177 12 170 45 94 108 141 80 127 100 
18 86 137 149 15 192 8 58 6 124 158 150 187 178 106 105 188 51 160 61 175 20 118 74 113 128 72 103 182 83 57 126 131 10 63 50 138 127 2 140 108 80 180 107 176 53 94 67 69 93 163 151 23 9 
53 27 41 192 84 91 183 157 168 182 25 106 37 127 61 89 156 137 167 69 109 155 55 63 10 176 173 113 30 135 85 31 171 16 170 105 195 78 122 23 79 90 22 96 150 143 163 187 103 124 188 158 33 74 38 191 164 100 58 116 13 199 86 19 32 111 71 
83 112 33 104 134 128 167 197 8 141 199 108 34 125 3 171 50 80 98 6 64 159 42 187 183 54 158 130 35 191 14 109 57 81 173 7 77 169 146 119 70 25 185 194 113 69 132 
105 193 186 57 8 67 160 20 89 154 135 170 174 18 157 151 80 38 120 200 153 122 149 129 55 168 17 124 191 6 93 171 156 159 23 132 2 74 107 175 94 177 15 167 4 162 45 143 158 64 134 
59 58 3 55 115 174 11 171 153 176 42 168 149 19 34 125 160 78 20 5 13 189 152 162 41 143 188 77 44 161 106 64 80 70 175 120 86 147 53 50 65 104 167 79 193 22 105 93 181 198 122 
96 129 179 93 69 72 8 166 57 119 5 155 40 34 73 122 38 75 178 7 62 165 185 88 92 172 136 199 190 100 39 47 135 123 16 133 173 188 113 198 25 
123 94 83 159 165 21 80 162 136 9 107 3 129 106 197 37 46 65 86 76 81 148 168 84 67 145 30 149 195 91 99 4 188 41 180 60 50 88 132 90 66 196 140 139 87 167 126 111 190 166 112 117 24 74 55 54 73 13 8 20 152 18 6 186 
136 133 54 15 55 62 89 38 100 17 1 86 87 159 161 195 13 111 102 149 50 125 77 103 92 168 96 197 12 144 49 59 11 163 90 88 5 138 143 117 28 91 75 172 48 34 80 166 51 33 128 
68 62 51 58 97 15 71 169 100 142 38 141 20 170 29 120 180 184 40 140 146 56 90 190 18 63 151 191 139 133 9 113 121 125 126 101 64 67 69 96 44 86 183 166 117 150 12 45 189 104 109 
8 49 110 118 68 109 163 156 94 29 126 41 168 142 36 93 14 103 92 47 87 152 67 173 113 129 71 48 148 174 38 195 85 188 138 32 128 26 65 125 137 135 56 97 134 46 55 132 57 34 102 86 59 96 40 31 104 200 141 145 
143 16 173 177 104 168 170 28 175 52 6 60 167 51 162 184 31 144 35 139 103 83 192 36 198 12 77 156 15 149 187 115 27 131 86 116 178 147 18 182 49 30 48 92 152 50 124 80 88 153 8 183 96 63 66 129 197 194 181 161 185 84 41 136 174 100 
192 89 2 77 184 140 158 174 139 104 78 91 42 7 6 29 37 171 33 154 20 151 113 15 112 143 88 150 8 123 116 50 62 183 40 120 149 10 153 177 4 162 87 125 1 142 119 106 185 48 25 82 61 86 144 148 
103 165 184 104 75 193 109 77 135 38 130 161 56 190 118 169 41 100 46 111 157 123 174 195 98 71 120 178 153 183 117 131 121 185 160 78 8 20 13 47 192 144 35 95 108 152 58 29 54 87 148 86 200 188 73 149 28 158 7 
171 189 36 194 92 172 197 190 124 199 157 86 67 160 90 57 103 7 59 182 94 64 174 134 78 2 192 68 74 58 65 15 34 4 71 20 130 6 195 28 159 89 164 
6 139 151 17 174 47 30 131 41 89 53 138 119 64 180 96 67 14 76 21 100 62 147 10 57 194 140 9 150 129 158 188 121 4 15 127 26 73 154 163 165 145 148 184 195 20 177 8 
133 49 191 45 157 43 142 161 145 35 184 18 193 17 121 32 59 171 103 23 92 28 112 6 143 58 98 167 24 182 76 189 147 83 75 47 51 85 21 64 172 26 168 44 77 183 160 54 96 179 120 88 132 
29 110 154 82 187 14 107 87 56 146 21 124 196 175 149 192 11 51 111 88 169 96 108 95 127 73 83 158 163 171 151 2 164 188 129 42 178 43 65 118 148 78 134 36 76 139 34 53 31 160 150 49 102 
189 112 183 16 185 32 2 101 104 50 188 63 61 195 55 75 190 107 122 187 54 29 79 35 157 165 28 164 94 43 52 90 156 46 152 95 191 85 87 74 42 123 196 17 141 
58 73 107 47 15 126 77 145 138 101 193 38 69 122 184 70 49 52 1 160 117 68 74 125 20 16 25 105 153 44 121 135 5 60 140 13 12 171 198 30 64 87 114 188 166 82 54 152 
54 104 73 87 31 83 110 15 46 145 191 111 179 188 64 132 24 187 43 20 154 60 26 189 51 103 75 197 149 160 117 28 59 27 175 56 199 166 22 90 37 10 
42 95 179 192 148 177 162 83 24 13 53 188 167 136 70 1 126 147 119 182 195 117 94 190 98 154 15 165 187 132 49 156 191 12 41 122 145 106 72 69 
79 128 119 158 160 48 18 51 151 81 116 101 177 114 172 75 93 199 63 73 53 56 192 30 14 27 118 69 197 28 106 98 122 127 45 103 102 179 84 168 43 82 142 147 24 133 58 
174 124 166 102 167 23 113 6 173 181 47 31 179 123 98 60 135 33 165 56 28 80 184 119 132 159 88 177 55 54 182 25 39 199 84 120 15 163 176 90 46 20 170 42 29 125 66 51 3 
86 18 134 39 96 162 117 198 87 44 194 158 90 186 192 168 143 104 30 131 35 195 128 70 9 145 121 137 5 80 176 185 23 12 62 41 56 112 106 133 64 36 107 124 51 157 52 21 173 46 
131 190 128 16 36 194 53 108 135 34 57 11 103 113 125 195 141 75 84 193 38 111 52 44 80 17 116 184 35 155 91 120 133 198 99 61 188 104 157 12 152 40 56 187 
79 7 68 42 160 133 180 66 197 45 192 153 17 199 74 150 37 81 93 186 87 181 91 34 104 107 43 27 23 157 61 46 72 124 142 196 56 10 14 172 1 119 198 161 169 
112 177 105 51 98 18 171 54 27 62 50 4 190 131 161 182 118 34 120 44 12 185 79 117 67 151 134 102 135 5 128 78 82 158 155 88 119 22 14 175 159 75 187 13 94 89 123 2 144 40 154 
51 157 88 90 49 36 163 38 97 170 176 171 168 183 80 142 116 89 75 187 181 3 11 42 104 25 41 91 105 86 92 123 134 166 64 31 164 109 44 57 28 167 165 13 
191 109 31 122 158 132 28 37 140 60 93 199 89 187 134 105 85 184 117 51 41 195 13 147 123 88 17 145 52 24 163 138 69 83 33 99 149 173 170 57 34 87 182 90 183 121 167 166 100 110 59 198 
78 18 150 28 137 197 186 29 10 5 58 159 57 169 192 187 30 173 145 131 63 40 66 154 109 49 142 56 75 102 132 122 136 138 128 26 81 113 123 112 74 
59 157 88 149 124 92 143 46 11 193 178 77 28 37 175 108 12 87 113 176 86 191 136 35 5 198 48 120 18 190 39 185 83 192 29 71 140 34 107 123 147 166 26 180 
30 163 122 115 91 136 106 55 128 96 26 14 167 53 173 168 175 64 23 79 150 45 21 60 158 13 92 93 90 3 155 156 29 186 16 114 141 127 178 152 59 140 139 199 19 133 25 108 153 66 36 179 134 84 
42 89 131 114 97 10 46 184 116 81 40 34 29 52 47 86 165 19 150 27 54 161 128 180 66 5 108 77 69 75 26 38 120 15 148 92 45 138 74 41 35 99 167 
139 185 82 79 147 187 182 131 10 194 74 170 51 186 43 91 192 177 36 179 141 92 78 104 197 105 42 151 116 99 4 115 195 7 17 47 29 8 168 188 37 135 148 127 
129 157 98 69 107 185 35 188 95 66 50 186 159 126 198 4 163 200 178 40 110 43 191 140 131 1 16 160 19 139 23 101 189 58 103 192 71 20 144 128 80 33 39 184 
186 162 196 63 64 112 198 116 158 187 163 184 26 41 149 66 31 107 104 98 11 79 37 132 21 180 8 108 25 144 15 81 71 12 200 155 51 45 141 172 87 179 82 160 139 165 13 38 88 97 119 134 75 36 34 140 142 110 
12 59 76 14 184 26 190 124 99 6 95 28 13 185 122 118 92 20 173 64 22 179 128 67 162 109 23 138 131 36 142 41 79 189 195 104 50 25 149 155 56 172 108 188 88 
15 151 133 42 77 9 89 122 182 88 58 115 181 113 43 76 160 48 196 172 86 185 197 44 5 105 28 1 83 180 155 38 41 189 80 145 169 35 18 167 126 161 40 31 175 171 134 158 85 27 111 55 123 
21 14 133 63 142 46 155 148 181 196 86 161 24 187 144 118 82 191 132 143 43 12 164 188 58 22 154 2 28 60 114 104 140 62 174 48 19 32 112 33 184 67 146 47 193 100 163 92 
12 142 53 20 13 40 1 83 176 17 57 6 85 170 127 186 37 80 19 126 67 145 173 156 63 56 125 101 123 4 8 14 190 76 32 132 31 108 27 185 23 48 140 200 113 118 71 68 114 34 195 158 64 15 147 117 197 169 10 82 11 193 
14 63 190 107 73 26 6 18 114 34 163 149 88 38 184 116 136 194 139 131 191 106 15 28 119 66 50 123 32 75 23 128 192 162 197 47 49 89 90 10 55 
37 77 101 25 109 88 121 97 168 82 47 163 157 169 2 41 38 102 73 12 122 61 181 96 131 83 110 190 100 193 140 160 17 10 50 138 116 29 3 68 192 142 118 183 57 
121 101 43 182 74 17 99 133 36 77 44 145 199 144 75 83 84 60 15 142 152 154 127 85 195 90 171 192 162 126 10 20 19 30 149 140 170 118 124 185 
85 71 66 16 10 179 124 170 193 164 82 130 94 126 183 33 67 178 166 57 127 108 190 24 142 156 110 159 104 87 131 117 98 27 109 30 113 45 140 26 144 97 184 122 42 
29 161 177 58 117 77 155 147 6 133 69 150 163 187 70 64 40 14 175 20 92 19 103 27 48 181 113 151 85 141 54 57 36 110 173 109 115 178 114 124 15 59 88 188 
194 141 131 188 16 190 180 4 54 90 13 171 136 22 164 134 71 198 105 46 114 27 135 84 55 37 191 42 133 109 189 34 63 173 33 89 169 21 165 12 170 50 183 132 130 70 23 58 146 199 32 76 38 91 
16 184 35 28 148 183 109 18 96 32 197 150 115 172 1 133 178 175 121 72 10 196 4 86 77 9 73 82 123 141 164 97 23 185 199 88 198 128 104 154 134 193 3 25 
142 179 102 126 74 113 70 92 134 170 54 176 187 172 161 50 3 80 16 44 138 193 67 189 160 200 153 53 163 72 122 109 25 15 51 95 166 110 48 121 181 133 84 59 29 180 81 2 41 137 62 89 6 154 115 117 
180 80 174 87 108 176 153 68 160 32 126 7 55 109 6 22 57 45 192 136 33 96 19 83 147 162 119 100 66 127 110 120 175 84 25 164 166 62 18 168 58 27 28 
161 190 27 197 80 28 160 108 37 132 165 191 103 194 60 79 131 71 5 181 115 78 67 189 8 104 156 97 168 173 85 44 113 32 100 116 178 144 69 147 58 110 185 117 
24 101 100 144 3 51 37 153 82 63 185 5 102 129 116 40 124 121 197 18 159 15 39 180 163 21 92 20 114 173 199 19 53 9 85 160 187 47 79 81 68 175 168 149 177 70 164 193 105 145 198 155 136 1 27 191 167 
138 64 85 93 195 141 139 145 37 86 124 105 66 95 120 21 199 160 74 179 69 198 23 184 2 132 73 166 108 63 81 11 147 39 42 193 162 107 159 165 
107 186 118 177 2 189 27 58 154 100 198 68 131 174 147 54 190 155 99 31 49 130 121 173 128 32 195 83 105 139 187 196 114 182 181 64 80 53 10 184 81 20 77 91 62 88 179 28 124 
39 192 124 183 17 195 65 162 2 5 134 191 164 90 111 188 182 187 19 185 24 125 44 114 122 108 135 189 3 18 142 139 167 82 66 
33 60 162 31 10 163 128 164 37 24 25 85 91 190 133 119 180 98 59 139 140 38 170 40 65 76 18 150 70 5 84 148 153 152 83 116 100 121 160 35 146 123 130 168 4 200 157 187 89 177 
159 51 77 44 112 111 6 95 87 110 66 109 90 86 61 178 52 163 174 37 200 117 153 131 36 108 25 32 168 141 175 19 20 134 177 187 138 48 105 22 102 70 164 119 11 160 
48 26 154 87 40 185 172 165 31 59 186 97 38 147 174 175 98 34 103 107 151 54 43 36 170 113 78 24 194 51 85 118 46 136 79 17 176 89 140 12 146 45 61 
153 182 194 188 172 116 127 97 146 166 88 131 93 55 16 56 140 14 104 148 190 137 175 184 82 78 180 181 154 122 3 101 73 33 157 138 2 145 9 13 120 17 64 170 34 197 123 58 112 35 142 119 8 25 
165 82 132 157 117 7 169 106 61 173 103 194 74 23 110 34 51 56 121 31 78 197 185 88 30 2 65 89 26 122 167 98 176 63 195 21 133 90 138 154 101 29 71 37 168 49 96 60 100 136 164 178 
79 198 80 35 159 11 20 118 194 101 76 134 3 146 15 199 77 32 120 114 108 112 104 164 100 167 10 75 13 127 52 68 186 93 8 94 151 191 48 6 97 116 45 115 14 31 176 107 170 96 178 30 193 23 
78 145 169 52 111 124 105 149 55 44 191 135 108 129 94 140 195 113 172 131 177 11 50 115 40 75 170 187 99 102 68 23 130 106 141 183 163 15 138 186 128 20 168 133 45 69 54 36 9 
71 190 19 171 42 163 43 67 157 154 121 58 68 46 149 4 136 9 147 18 127 109 8 56 200 25 103 155 99 131 187 29 192 22 21 137 178 94 66 198 84 41 88 102 23 90 197 53 189 3 168 10 1 129 78 107 144 26 188 142 
174 127 161 13 141 70 84 25 15 123 54 89 44 69 48 150 21 191 118 162 199 151 119 110 8 66 40 187 109 5 71 94 88 186 106 11 107 152 117 185 3 100 134 10 51 154 168 158 9 90 87 181 18 86 
160 7 189 76 195 1 158 144 181 62 54 86 97 190 193 180 60 173 40 8 167 119 65 11 159 77 126 58 199 30 14 168 186 35 194 52 45 150 130 105 187 89 69 103 37 57 196 72 
131 25 190 192 105 139 60 21 61 91 15 185 58 16 38 19 120 29 3 116 73 172 86 199 35 67 56 180 71 196 126 179 96 197 166 160 49 47 34 2 92 39 130 
13 14 110 104 29 135 10 95 40 41 140 157 20 61 152 198 166 165 43 64 66 116 25 3 174 153 188 80 144 91 67 124 73 50 143 195 81 139 105 128 185 
104 132 36 94 150 97 9 62 129 167 181 16 136 1 112 120 131 139 56 123 5 47 171 133 108 107 154 63 69 200 119 28 73 96 58 145 127 75 100 147 11 186 135 151 14 190 61 34 68 111 20 70 
20 112 125 27 157 173 9 108 95 74 104 51 192 180 82 193 189 31 142 56 42 114 19 29 83 122 70 153 111 23 116 28 25 26 1 129 110 65 166 49 81 32 113 131 161 93 89 196 140 163 150 15 30 135 118 13 177 57 46 
28 2 148 169 75 163 47 137 35 37 74 49 198 194 36 44 173 30 165 147 110 31 62 38 5 67 113 197 181 100 134 42 193 156 26 95 13 3 25 54 159 14 186 153 131 172 81 141 117 96 125 
1 80 35 89 103 150 76 11 65 138 127 171 164 102 141 193 199 54 143 157 176 59 71 56 60 26 29 34 77 49 55 16 146 134 156 41 114 163 96 115 63 189 24 45 140 25 81 119 8 46 30 125 123 128 197 109 183 47 
11 110 195 200 170 101 151 30 92 66 46 32 174 159 136 153 15 26 5 137 45 173 139 51 90 150 88 22 59 64 81 96 171 20 73 93 129 56 33 149 122 121 114 75 144 77 91 47 98 86 94 142 10 82 
159 137 171 161 17 72 25 175 47 38 59 26 167 94 1 112 150 74 163 18 27 80 126 5 189 61 100 109 7 96 64 193 41 81 14 50 139 3 105 36 200 198 32 160 153 148 110 176 20 121 89 151 42 77 46 
193 142 194 26 140 120 71 43 14 158 93 126 64 179 141 46 97 182 133 50 83 154 101 164 174 25 73 150 89 177 30 114 196 44 130 12 20 7 104 112 84 52 162 
101 89 12 187 154 50 69 15 46 49 26 57 125 131 149 160 51 28 186 199 195 66 144 52 142 99 32 196 145 151 34 83 111 189 117 29 164 107 95 24 162 141 55 191 63 
98 138 6 10 142 197 139 12 91 76 44 122 172 17 15 186 40 171 140 22 114 156 1 174 28 50 154 166 7 4 86 164 104 126 132 89 70 103 24 109 9 105 121 2 199 19 47 23 152 78 194 
120 79 195 129 15 123 101 173 112 32 99 22 81 106 196 19 114 45 187 28 78 126 170 1 155 131 128 90 10 18 142 39 175 107 62 108 3 80 146 200 102 36 119 190 89 137 166 194 25 157 85 181 
156 39 175 35 174 87 115 149 155 164 137 200 15 1 190 36 183 84 131 145 158 99 109 114 74 141 193 55 66 126 125 103 86 108 70 12 124 92 159 184 111 116 9 53 6 13 31 
29 67 24 137 178 164 89 90 20 78 6 130 182 88 103 196 5 50 26 11 151 35 1 169 147 142 159 83 131 18 194 15 157 34 4 133 60 65 132 189 180 12 87 33 119 198 150 134 28 27 42 85 77 166 3 125 
153 75 4 129 185 28 62 78 60 162 200 105 161 167 100 123 106 68 149 178 116 142 138 197 158 119 91 54 82 46 112 198 27 12 51 135 172 134 5 117 85 186 175 65 76 
34 195 103 111 41 142 5 176 54 144 198 131 140 141 14 16 177 73 11 167 93 45 137 3 173 155 21 40 146 163 165 89 183 62 178 8 106 75 100 31 180 192 158 53 77 102 150 39 187 
194 95 80 151 15 16 109 17 165 71 106 152 47 133 179 190 55 172 94 132 103 147 173 52 43 156 164 192 25 116 127 129 51 163 79 154 61 92 
87 29 78 190 90 97 200 130 67 119 57 26 31 153 8 184 142 189 69 161 134 68 151 166 24 102 27 155 157 128 73 60 98 195 20 112 181 85 47 81 180 77 6 33 116 18 71 125 171 129 
1 92 37 117 171 138 127 76 3 61 180 36 53 200 77 170 89 60 146 181 157 40 119 102 115 150 176 189 114 130 58 4 27 13 109 94 69 9 126 111 177 191 91 139 156 78 
17 66 88 74 69 156 193 48 145 120 104 45 179 196 14 157 110 187 10 94 60 178 182 98 41 105 136 141 162 137 186 176 28 8 153 40 79 197 35 80 100 195 26 163 169 101 
15 77 38 34 68 168 175 26 132 184 53 80 99 19 119 82 95 190 31 114 126 127 63 93 169 75 28 98 150 88 20 11 113 112 187 96 154 32 40 145 165 43 157 3 29 186 180 5 121 
62 46 162 54 189 78 154 29 86 31 158 102 91 155 196 131 30 16 139 93 173 28 3 191 144 23 124 65 156 76 85 190 84 186 27 57 6 44 168 42 137 13 111 171 193 38 55 12 151 175 36 160 129 21 117 68 52 145 43 146 
161 112 79 130 166 22 162 179 37 180 82 115 175 140 47 70 178 64 52 121 157 45 46 186 69 134 149 13 5 18 154 56 97 84 127 118 71 23 156 93 90 11 20 74 116 6 102 151 170 83 19 111 197 
3 127 139 59 182 150 94 8 23 200 79 193 7 174 153 81 77 97 15 149 2 39 140 4 98 40 129 136 113 30 99 178 50 179 19 163 13 158 190 25 1 114 197 20 122 183 146 159 116 42 
197 196 121 127 111 182 16 54 75 8 6 36 53 177 118 124 78 179 49 71 19 2 117 176 25 94 158 37 178 81 59 133 92 70 138 145 44 129 200 198 115 42 173 22 13 126 35 85 110 186 147 167 80 139 157 
187 79 78 13 72 139 85 94 68 154 95 3 35 133 194 31 58 131 62 43 184 178 51 21 166 70 185 54 49 160 164 55 86 67 174 148 146 50 18 168 120 14 136 19 74 140 155 199 
48 3 88 4 21 46 27 60 163 133 141 114 31 142 179 128 164 198 55 74 150 162 28 123 65 64 177 101 144 14 63 47 62 66 138 191 67 99 80 95 149 90 124 20 125 187 81 184 93 169 151 
28 54 10 192 121 180 63 169 74 68 195 3 5 115 35 87 118 62 47 84 60 172 102 117 132 12 86 168 53 183 38 66 107 119 174 89 9 4 113 90 77 67 1 199 81 
155 25 199 86 72 169 130 74 43 4 153 192 20 119 125 101 126 26 156 31 35 107 92 180 116 123 104 128 149 182 165 127 163 16 56 183 79 85 95 15 115 38 105 98 
91 153 14 160 123 145 78 179 175 157 168 154 45 196 36 48 86 90 21 57 34 184 30 174 5 163 146 155 159 74 42 13 25 150 124 97 100 105 121 94 122 136 133 161 120 54 173 192 169 199 197 116 103 76 85 
133 43 106 9 123 48 172 141 103 62 191 177 7 110 127 41 20 143 181 19 162 190 15 179 79 66 159 87 13 49 75 140 139 58 129 28 189 56 10 147 68 63 30 131 145 1 124 86 160 24 155 114 27 132 21 14 
189 78 131 181 57 88 69 7 120 59 113 164 50 163 93 175 198 145 89 121 136 193 95 4 165 137 94 63 9 109 139 103 64 188 71 51 86 135 40 91 37 106 72 101 157 58 
65 196 166 110 18 144 138 17 68 174 12 137 79 107 123 150 101 124 95 195 120 88 50 153 151 52 56 171 187 63 66 180 184 155 173 13 105 23 29 136 5 181 168 111 78 176 185 
43 78 13 5 1 99 149 119 105 76 51 100 132 196 68 30 106 122 111 20 184 97 60 86 40 73 157 2 46 130 59 54 150 124 83 186 18 185 193 52 199 29 145 112 9 15 177 178 69 6 162 95 195 84 
27 97 45 42 39 81 107 63 31 177 141 135 87 200 167 120 58 152 137 174 127 38 26 187 125 191 77 110 74 101 192 92 182 104 186 47 62 3 66 132 37 164 25 119 122 188 136 178 130 68 154 180 
157 55 86 2 195 17 128 152 45 164 144 15 154 40 130 35 136 146 1 75 123 119 58 31 143 60 107 126 28 78 192 132 8 5 183 12 19 61 174 120 11 10 105 172 81 161 57 193 110 71 
33 1 117 30 85 5 194 158 24 76 121 13 21 54 8 181 165 81 145 45 116 67 155 137 192 41 59 197 94 44 127 118 184 88 101 199 96 143 163 97 173 111 73 40 74 39 82 100 110 135 103 187 133 
67 123 154 43 135 30 49 45 145 85 125 70 166 115 189 34 197 156 177 192 150 170 127 23 41 108 124 112 199 91 157 147 78 176 117 22 174 142 76 51 149 118 3 94 83 188 31 114 194 27 102 190 178 2 
3 176 93 140 31 6 105 110 175 37 147 80 4 186 146 137 8 90 1 77 164 47 11 27 114 144 42 89 14 124 103 112 149 61 33 171 172 60 107 190 66 69 34 128 119 65 71 73 154 
106 178 56 20 133 191 47 9 37 40 22 155 112 153 39 55 13 89 158 24 169 181 199 189 72 60 76 149 144 62 23 36 2 18 77 124 66 6 182 128 50 86 131 93 117 48 176 1 8 116 
97 143 16 115 198 1 111 59 25 184 45 36 81 191 146 190 85 120 41 112 65 56 46 159 160 47 94 15 73 88 177 31 168 109 48 164 13 189 113 76 58 12 30 49 24 151 170 126 18 118 
191 190 19 6 109 171 3 107 29 129 135 44 116 198 55 63 70 121 69 35 10 7 193 2 49 41 42 115 137 72 199 158 62 95 173 8 20 22 61 104 134 133 139 79 84 120 127 112 192 125 149 11 32 122 113 184 131 71 
12 92 111 72 96 124 95 27 192 23 127 143 37 58 140 178 88 183 43 21 184 7 146 120 26 30 169 109 156 167 86 117 157 87 136 162 28 137 126 142 170 41 4 199 194 100 151 
155 163 13 91 101 156 188 118 10 125 27 107 28 19 196 53 182 62 123 90 67 61 170 58 142 103 9 12 95 154 25 173 39 82 93 66 83 132 183 127 8 56 199 94 180 179 37 161 158 111 
139 8 101 52 124 103 40 80 10 156 58 81 191 107 20 126 76 12 5 67 130 137 180 62 111 120 170 161 119 117 169 85 19 177 200 189 113 99 149 9 61 106 33 142 50 179 18 129 35 105 164 168 125 183 128 78 88 
79 109 159 7 147 43 195 178 88 50 192 173 186 127 21 185 19 71 45 100 162 121 122 12 59 168 134 84 6 42 13 157 26 28 48 73 190 188 65 139 11 94 40 143 53 133 152 3 148 16 111 169 118 51 154 55 15 
2 80 33 89 184 79 69 85 127 145 173 161 5 152 186 133 141 181 16 1 18 35 176 100 22 163 94 97 106 86 124 182 99 107 196 197 169 113 193 143 139 104 25 53 187 28 24 29 134 
136 175 196 31 152 158 91 190 168 16 62 71 197 165 160 83 79 134 18 192 73 101 154 21 82 105 118 139 64 117 167 182 100 111 127 116 131 32 161 96 
76 172 153 80 114 59 87 64 150 85 142 135 173 94 68 133 181 108 71 177 187 95 149 122 186 92 31 74 55 33 52 199 29 197 62 43 48 15 104 19 146 98 182 192 86 113 79 16 60 42 45 83 148 162 51 96 130 154 171 53 124 
14 194 158 64 126 68 193 181 70 184 195 58 151 48 25 28 113 38 157 146 166 134 34 99 147 135 85 39 167 189 110 11 196 116 200 57 47 148 117 77 165 17 9 96 118 22 103 93 21 54 41 149 177 
56 177 183 138 159 42 184 24 108 109 85 112 77 57 17 122 172 43 96 63 73 141 134 66 107 99 61 167 119 152 64 173 79 113 157 124 162 65 194 5 91 44 34 129 155 156 8 128 40 191 143 26 27 131 50 
149 150 175 128 181 22 35 65 183 100 18 46 54 78 130 47 176 6 132 87 154 88 133 136 190 72 162 179 74 28 21 174 8 124 129 81 97 182 56 64 139 50 173 105 45 32 66 42 96 
131 191 117 85 124 114 37 119 192 138 179 97 173 79 132 11 18 52 22 120 193 43 86 149 45 152 24 72 182 84 161 139 160 28 41 186 31 157 185 136 153 64 6 20 
64 75 89 108 67 198 26 114 118 115 6 125 130 25 48 148 167 141 142 134 24 159 197 169 69 80 102 49 177 85 112 171 190 14 106 39 196 29 59 50 77 135 195 117 170 
198 121 19 96 174 9 192 117 182 66 102 163 139 104 127 13 157 28 48 95 94 125 177 90 87 119 80 153 20 146 172 185 98 187 114 124 176 155 183 89 152 42 115 76 
66 101 33 146 48 55 163 13 107 155 164 197 28 133 70 170 195 76 192 79 74 93 161 115 139 157 147 12 109 179 60 77 19 97 183 47 176 51 26 135 88 37 
6 124 73 173 83 134 130 54 52 18 59 137 114 140 35 107 149 33 101 53 93 25 184 27 89 191 159 17 128 113 108 138 104 148 90 8 2 70 129 152 186 183 30 182 180 179 84 71 106 72 153 135 50 185 15 29 172 127 85 
164 184 88 86 121 60 73 27 199 197 61 33 155 113 170 3 53 57 50 76 142 196 75 139 193 15 47 93 58 25 106 49 10 108 30 37 191 62 159 19 84 105 2 160 98 54 125 91 79 
95 88 151 65 74 28 187 181 54 27 43 36 52 98 79 159 129 188 70 21 186 64 81 169 5 63 162 133 166 117 136 91 109 152 92 175 50 155 3 168 113 184 160 177 192 87 18 102 
58 158 44 182 145 57 94 92 86 172 55 191 7 125 6 93 126 80 8 183 100 66 46 60 96 136 162 89 131 28 109 140 30 72 48 40 166 179 62 143 144 91 97 27 76 164 34 98 54 120 3 178 127 15 196 199 194 61 
30 152 13 125 42 158 23 9 128 20 34 11 49 29 177 129 123 149 88 113 26 133 2 84 22 142 184 170 197 57 161 118 6 200 119 
57 89 163 9 54 53 61 45 166 29 122 92 145 162 142 10 82 155 121 31 151 165 30 171 98 84 148 187 62 191 177 164 115 198 118 109 68 69 104 189 26 2 80 15 181 
129 76 161 69 181 120 113 85 103 179 38 196 163 92 14 169 197 39 148 1 162 142 104 144 184 70 33 119 2 172 79 13 5 37 175 191 34 102 112 185 42 47 146 171 48 114 116 25 58 10 28 8 95 165 182 61 107 56 188 
5 157 149 8 151 145 189 88 106 73 76 190 167 94 101 14 57 78 64 192 104 155 21 27 179 181 123 112 131 195 193 7 121 166 118 98 132 108 137 186 35 175 138 75 158 125 2 159 
39 33 138 99 67 75 23 162 87 159 71 70 63 85 120 113 68 175 52 149 107 168 128 34 96 47 40 191 58 49 181 132 29 80 121 184 11 
1 165 139 52 161 197 31 177 174 76 57 14 33 132 28 188 108 131 35 136 87 164 30 144 128 145 25 90 51 4 39 183 65 187 73 13 199 156 
171 157 111 109 47 16 121 31 198 23 195 181 30 158 154 59 116 168 26 5 55 106 132 134 192 124 139 8 38 54 122 19 61 95 172 92 143 79 151 146 155 200 22 49 69 35 9 14 162 29 89 120 147 135 131 25 97 80 127 15 105 
96 20 120 12 112 155 85 109 50 116 103 81 86 51 4 73 115 169 184 98 1 165 63 134 101 35 131 30 19 195 48 167 152 106 82 27 65 33 44 174 151 89 8 189 91 166 88 90 179 168 198 
105 99 1 27 45 78 149 52 35 197 164 96 150 186 132 89 125 104 188 141 190 167 182 155 85 146 174 109 40 56 194 90 195 123 30 100 9 75 191 22 92 81 63 19 144 33 115 159 
28 139 61 182 155 81 73 169 150 31 50 174 183 172 166 141 29 170 84 130 133 156 93 11 25 99 163 180 135 8 137 192 129 143 37 171 43 23 128 36 191 16 117 6 118 175 
69 84 87 76 50 193 30 86 112 67 37 169 44 122 1 106 139 66 10 115 73 135 131 90 31 157 97 191 168 111 22 184 187 74 190 89 189 17 171 167 23 100 29 102 137 173 3 
126 38 149 108 22 121 128 75 33 80 39 35 200 4 169 65 12 112 76 85 105 61 77 198 167 191 71 104 181 120 45 178 103 99 118 66 57 92 91 48 174 173 184 30 117 130 134 186 165 93 131 5 16 81 17 3 
122 14 146 113 50 194 95 45 112 6 108 169 151 63 9 157 141 24 186 181 137 71 138 8 184 69 54 119 80 126 94 18 144 10 111 115 43 162 150 140 133 57 104 98 152 166 100 55 56 20 149 17 
5 162 120 20 101 104 87 105 111 125 29 191 62 13 199 157 7 95 58 10 50 133 195 68 187 127 126 102 36 88 178 183 152 39 93 167 197 193 22 28 99 148 
107 200 88 155 159 80 84 186 94 120 128 31 42 135 156 192 73 149 170 53 193 133 196 101 22 11 77 76 46 44 49 100 167 118 112 5 103 153 198 60 132 102 34 96 138 86 173 36 125 43 146 32 116 114 162 137 20 16 105 10 
42 81 146 30 199 181 122 2 40 149 54 167 126 143 159 107 58 97 35 91 6 98 33 124 142 47 31 191 82 177 95 22 119 50 106 19 21 183 130 132 45 195 104 20 56 
184 140 25 1 62 157 90 187 186 113 82 177 199 112 95 198 22 139 151 136 26 15 146 41 78 128 133 106 45 89 70 123 197 32 193 188 74 21 18 141 158 147 10 5 87 69 96 194 48 53 160 8 
195 74 104 159 67 140 172 19 68 178 14 60 169 161 17 92 141 123 175 70 35 192 113 37 185 82 73 12 1 166 40 69 44 56 53 54 66 135 3 32 31 112 23 130 34 22 38 108 188 90 184 83 177 
86 174 31 105 34 126 63 15 129 138 81 11 97 66 57 118 164 160 179 14 26 168 130 90 44 51 127 180 68 170 56 100 135 145 29 143 23 112 171 45 197 148 
156 70 11 23 10 4 102 5 125 185 131 168 197 128 81 55 92 180 105 22 157 141 144 14 54 15 97 155 73 104 116 39 25 109 142 188 147 29 199 59 166 149 174 133 42 30 61 134 192 189 113 67 183 145 72 13 176 91 
54 145 87 47 74 33 13 35 80 20 69 169 8 90 144 190 50 109 16 63 129 152 9 167 79 46 102 41 26 66 200 98 138 184 198 2 99 53 196 112 60 186 59 119 137 57 182 28 86 114 5 88 73 106 19 126 1 111 
4 35 92 169 191 194 121 198 170 175 72 108 96 117 127 200 91 109 65 78 173 182 64 179 1 32 199 77 188 114 73 142 144 172 13 123 95 118 46 99 93 88 138 18 69 67 190 6 161 62 3 148 140 20 178 36 11 151 74 57 
99 33 171 150 167 24 84 114 16 119 87 194 154 70 103 64 39 41 130 169 36 111 183 168 144 51 54 98 25 196 145 77 31 180 195 2 46 132 75 68 200 15 148 
25 66 146 132 76 94 198 141 27 170 38 83 1 155 14 86 96 24 160 142 9 93 150 120 70 185 181 37 6 144 41 108 84 12 172 62 115 46 105 162 100 196 26 49 152 174 47 67 
171 156 197 200 50 22 189 158 192 78 25 154 151 133 69 17 153 47 136 23 85 46 82 97 190 90 11 157 165 150 77 182 132 107 117 168 72 41 12 3 194 125 98 21 39 56 163 130 20 8 34 51 146 15 29 
25 29 195 115 77 167 191 174 50 165 23 147 183 46 67 73 52 141 177 42 112 79 108 189 180 127 128 153 34 104 74 60 181 185 110 28 199 20 170 162 40 130 26 81 161 149 14 22 69 68 80 82 123 103 150 
189 1 79 164 102 56 152 172 176 60 136 111 110 195 150 17 15 199 160 128 77 112 11 31 125 187 183 6 96 21 122 163 44 7 165 154 153 129 192 180 109 191 141 145 14 103 155 127 35 48 27 58 87 186 64 174 
161 9 176 138 123 58 64 75 199 22 140 157 182 172 166 164 168 143 18 198 76 46 136 47 66 94 105 120 79 52 89 152 73 62 61 126 29 41 127 27 101 125 188 20 177 78 13 
37 35 85 124 30 144 121 89 131 198 20 115 14 104 136 4 32 45 56 196 192 100 46 12 88 149 165 186 167 152 23 64 1 10 90 161 184 80 61 34 181 21 172 153 190 22 93 145 16 101 
142 131 169 145 9 164 87 93 175 79 133 54 171 97 137 190 4 65 6 180 66 170 40 99 3 121 75 191 200 118 13 26 44 166 152 113 149 187 160 176 32 34 56 139 76 24 177 55 83 110 
42 175 107 20 157 177 50 176 77 154 69 86 28 104 193 68 13 126 64 58 200 94 87 24 192 182 21 55 6 89 112 164 63 188 134 153 131 128 48 47 99 119 124 82 181 115 139 71 41 11 135 29 133 98 129 7 
117 110 185 84 93 29 177 15 108 30 115 23 4 188 154 166 81 150 91 186 168 75 175 8 120 33 31 148 74 169 112 95 134 195 28 7 67 161 57 89 118 41 162 71 137 106 152 151 184 32 22 
63 194 95 104 65 45 189 114 50 134 174 164 76 145 200 67 19 130 56 184 147 186 193 75 4 23 173 94 181 69 6 160 97 22 105 146 172 103 121 90 9 29 38 195 112 185 74 141 152 2 49 35 
137 179 138 129 1 77 120 19 88 134 115 67 75 196 169 170 101 66 122 191 107 49 46 5 98 20 41 184 199 121 42 102 162 173 172 23 78 90 58 
117 41 29 182 113 107 45 200 143 186 131 18 1 193 123 16 73 79 137 132 120 30 174 74 159 127 144 136 69 158 170 192 39 173 101 109 63 148 141 172 22 160 179 86 98 71 199 33 168 52 133 91 116 198 40 
106 62 160 156 191 142 1 14 164 77 53 107 98 102 120 122 35 8 125 116 63 19 189 96 65 97 68 181 80 108 24 105 50 128 74 29 154 78 31 117 49 
200 50 161 142 188 197 127 109 11 71 99 194 24 66 134 184 15 189 102 150 39 52 113 17 138 192 106 164 146 105 145 176 126 199 83 177 1 62 5 198 55 41 112 183 54 34 91 139 135 70 38 40 107 
86 51 168 200 19 69 1 105 196 67 110 169 49 126 66 96 165 33 25 83 101 98 162 64 103 15 14 44 111 117 183 100 27 76 82 54 12 16 199 172 139 73 56 127 161 152 115 
56 68 57 4 119 131 146 71 132 66 158 147 46 114 187 3 44 168 41 87 134 154 175 29 60 11 173 23 129 115 100 12 13 94 145 8 144 81 85 166 182 82 101 122 178 194 76 63 155 171 141 149 113 
71 52 135 41 130 11 1 47 117 102 131 185 177 3 173 45 61 106 167 196 19 111 56 10 72 20 145 170 96 134 32 29 129 181 137 151 142 152 91 139 164 39 163 34 122 126 107 193 76 
31 138 169 60 179 65 180 98 110 199 20 62 162 29 30 36 139 126 47 79 137 27 165 64 88 152 95 158 21 168 127 72 142 134 106 9 34 118 46 111 156 200 6 5 133 148 125 
31 200 108 109 176 139 159 70 196 76 8 143 13 41 57 132 145 11 123 112 51 34 140 71 175 154 193 3 150 47 54 1 37 119 192 125 174 160 190 62 65 187 53 124 95 15 115 103 129 179 133 29 55 141 100 147 189 163 2 27 116 33 30 43 171 199 155 153 59 
45 128 29 36 77 75 166 83 55 137 115 30 52 108 65 42 84 174 56 188 175 116 21 53 168 162 145 160 97 186 195 49 182 139 69 58 61 72 31 81 68 135 14 24 
177 169 44 87 71 154 157 52 79 104 78 53 171 128 139 93 107 85 141 92 146 105 131 17 25 121 75 117 175 22 174 185 193 14 58 151 81 192 116 129 50 155 54 135 102 42 82 163 9 103 191 97 48 159 
46 109 21 98 45 137 103 69 117 43 16 141 47 35 52 9 80 92 102 181 20 119 29 79 129 36 108 4 169 184 71 199 153 115 63 48 82 148 19 39 144 81 66 131 15 172 5 57 72 54 74 38 159 156 94 73 
43 28 170 164 35 72 141 33 160 64 36 7 196 52 57 151 173 9 53 80 145 25 39 128 20 179 23 63 15 38 5 114 120 185 24 117 84 4 19 198 162 148 37 197 76 195 126 31 174 55 189 159 
167 120 15 72 196 191 36 188 88 55 132 114 123 169 153 178 90 82 14 184 56 179 86 127 144 27 38 104 100 113 162 175 71 66 92 96 150 122 68 23 11 32 80 34 16 53 101 146 64 194 8 168 
123 192 71 7 76 103 45 36 14 184 164 80 167 73 49 120 171 27 146 153 62 130 121 32 106 25 68 18 172 82 3 100 113 60 64 124 99 58 95 191 39 31 200 83 151 128 197 134 104 136 85 43 94 59 24 163 55 
199 36 158 53 190 57 104 178 164 78 153 47 92 113 59 72 186 68 140 124 39 17 144 79 64 20 194 49 192 169 196 22 109 133 156 38 168 176 147 151 27 21 145 135 123 81 2 127 152 189 101 34 154 18 172 69 142 122 117 139 
44 169 193 190 2 118 128 179 137 32 30 110 49 124 131 146 117 98 191 160 42 3 162 112 67 119 48 83 60 111 53 152 17 86 72 135 157 16 35 120 196 80 177 19 59 20 173 40 52 125 99 171 61 138 31 167 5 149 4 186 39 141 184 130 29 
159 153 43 132 184 104 22 49 78 57 91 86 173 5 116 135 102 23 118 95 106 156 82 65 186 114 124 157 62 140 195 197 37 70 58 146 60 31 34 90 200 9 175 177 87 66 199 88 192 69 129 182 2 
21 78 91 82 119 59 52 179 15 75 133 189 64 164 14 108 99 175 142 197 96 132 32 16 151 7 159 76 94 191 77 93 125 165 155 68 33 181 43 42 200 120 167 29 87 17 199 
146 25 128 77 98 138 28 115 165 72 200 71 110 102 31 149 185 175 116 82 36 70 151 160 150 156 42 84 168 193 188 43 118 89 58 55 79 169 136 158 132 26 39 94 52 47 100 198 61 17 174 20 33 5 32 92 
5 36 165 56 140 132 94 188 65 192 166 82 184 182 129 176 44 107 145 126 189 191 130 71 142 54 104 136 102 112 1 25 116 86 35 6 180 163 157 57 17 96 91 115 92 171 83 
76 80 194 143 25 56 58 188 77 40 48 26 52 138 44 107 106 167 131 151 102 93 179 65 145 59 3 129 130 87 68 136 29 69 190 112 4 97 159 21 105 119 83 156 193 2 88 10 38 120 161 140 148 162 32 
69 123 80 71 43 164 157 17 170 188 97 159 84 37 65 90 166 107 137 163 109 98 195 179 53 96 149 70 136 154 64 78 6 47 44 54 29 171 49 114 12 144 199 24 42 23 124 15 150 87 177 
111 159 21 83 187 119 164 126 108 81 12 124 179 169 170 125 44 131 122 3 93 40 198 92 41 69 184 194 183 193 142 120 50 65 61 70 64 110 162 47 180 148 156 4 14 32 158 82 88 112 176 20 177 191 78 168 116 140 24 38 
195 3 194 31 13 54 106 154 164 183 28 149 100 143 177 7 94 179 163 89 95 167 165 101 184 190 14 22 117 157 193 58 173 53 132 172 127 80 4 107 180 73 85 97 66 175 90 74 