200
43 129 189 197 136 58 105 89 188 93 99 182 149 11 178 119 22 174 24 143 169 25 2 191 57 104 190 132 159 17 156 133 142 153 8 112 170 144 9 56 60 107 73 176 98 39 37 97 194 14 186 86 134 139 61 49 81 116 130 160 31 64 184 161 131 101 47 158 152 52 26 113 83 111 193 117 41 38 148 155 29 10 33 27 75 65 63 
89 34 21 49 132 125 85 101 70 78 10 199 145 19 110 79 35 131 99 82 193 104 28 115 11 195 161 40 119 80 130 111 44 156 22 8 128 165 50 100 25 120 133 178 33 73 3 152 13 47 107 93 159 18 103 153 137 92 56 46 37 52 105 200 61 90 164 189 67 194 170 77 192 116 168 184 1 122 158 151 30 177 123 63 182 150 173 7 84 113 74 155 140 88 31 141 72 59 38 41 124 4 
135 73 194 75 26 49 71 63 191 86 64 47 77 101 196 171 189 142 81 84 119 141 121 105 180 185 136 174 90 150 118 179 88 69 123 100 29 15 102 52 157 61 143 18 14 111 11 2 87 193 148 93 38 94 184 107 113 31 108 70 83 72 188 36 19 57 147 117 176 10 55 56 155 106 20 53 168 76 127 48 43 23 162 182 34 112 139 12 33 67 59 40 80 138 175 68 195 146 7 109 85 172 45 8 
176 188 40 145 33 158 144 53 71 74 93 167 156 46 131 100 80 177 109 187 49 91 19 168 28 194 141 70 89 174 11 25 82 196 31 65 95 108 175 189 22 62 69 104 115 153 86 192 27 88 133 68 39 184 79 15 178 105 10 127 128 9 55 2 13 83 179 106 121 166 197 47 126 199 171 101 12 64 54 30 24 139 169 51 180 35 52 155 99 186 6 76 142 181 58 122 38 160 
180 147 165 70 76 24 37 6 77 54 27 150 46 61 17 90 140 32 82 170 169 79 94 52 50 189 11 16 131 15 73 174 81 64 95 71 161 196 69 92 23 132 127 167 87 182 154 192 40 148 62 57 120 185 111 80 10 18 104 137 109 171 101 178 126 39 134 112 83 191 151 123 26 198 193 89 194 47 146 162 176 25 118 100 91 13 179 181 116 60 12 34 155 43 97 139 88 20 110 21 199 187 141 7 
174 98 16 96 45 32 170 126 119 74 152 164 22 109 118 147 41 44 117 128 60 72 123 198 121 47 127 91 53 137 136 155 94 145 36 31 104 76 64 87 189 114 173 186 125 106 161 172 197 71 135 52 154 14 112 156 166 141 63 78 134 90 146 13 193 28 24 21 116 18 42 191 51 139 55 46 183 15 27 188 195 4 180 70 61 9 40 66 33 54 181 5 30 110 68 39 
29 187 41 188 27 101 122 36 176 130 165 108 48 3 129 100 164 182 133 44 160 127 47 92 80 149 52 154 177 140 61 10 173 96 83 146 64 87 134 144 68 38 156 124 88 89 97 118 56 123 43 16 91 145 197 194 17 2 178 24 15 198 174 142 179 79 143 46 171 141 90 35 42 86 70 98 51 58 200 195 33 128 115 19 23 117 94 57 31 54 148 170 45 155 63 55 150 34 189 84 49 5 77 172 120 65 193 14 66 
83 98 166 151 198 200 74 171 58 123 76 105 3 145 197 110 2 178 164 87 42 57 163 88 193 55 186 134 118 135 115 20 47 97 78 60 107 70 109 71 69 147 66 72 149 182 48 13 130 120 148 27 68 136 15 14 21 154 121 32 127 195 1 177 33 34 176 22 112 103 51 122 67 61 45 124 50 91 192 86 94 157 52 173 102 155 9 64 189 100 143 108 49 26 81 16 184 126 28 19 12 44 104 
48 121 118 4 127 159 73 189 6 77 8 126 139 106 192 98 18 180 165 58 66 27 52 57 177 133 114 193 131 10 155 84 169 190 107 188 182 141 136 173 122 115 191 65 117 55 111 86 152 129 132 44 101 116 174 60 95 68 157 69 74 43 110 33 103 82 135 154 91 89 81 134 15 160 88 163 37 170 125 21 185 78 40 50 150 142 93 70 51 109 41 87 45 62 38 1 36 146 168 
97 130 117 82 78 194 107 110 25 158 162 12 155 64 192 71 133 174 200 15 63 50 185 9 86 144 53 102 17 101 180 191 139 14 43 170 157 41 3 127 153 11 135 147 96 123 113 2 75 60 189 36 59 198 39 182 190 160 132 167 65 104 145 81 131 69 33 46 73 126 51 7 175 56 106 181 84 156 1 47 22 176 37 134 95 21 58 88 146 48 148 122 55 5 108 121 87 120 45 115 85 111 79 4 165 164 
38 127 149 10 102 189 46 93 50 64 3 142 83 128 94 177 167 147 157 23 48 150 2 91 162 66 141 25 188 114 124 105 144 69 17 113 171 28 158 53 4 181 57 155 39 71 143 27 176 115 96 183 86 178 161 36 109 16 5 98 51 131 59 26 194 55 78 110 168 21 123 37 193 199 135 151 72 79 12 121 74 76 122 145 103 152 184 89 1 44 132 197 133 95 63 136 80 166 15 
25 93 105 61 41 112 140 185 108 72 199 193 14 181 48 162 109 184 161 142 17 196 77 35 10 159 128 158 8 42 13 54 92 86 16 11 115 76 79 175 133 5 198 139 89 37 57 121 50 4 31 116 60 36 66 192 70 98 134 101 39 3 155 197 74 135 87 183 32 130 68 58 146 28 122 29 49 129 147 141 15 110 96 194 102 117 24 149 195 83 
165 85 158 70 20 43 12 52 173 58 123 74 90 44 166 189 169 5 117 120 51 65 89 161 111 27 141 2 4 69 151 18 128 140 185 131 55 34 129 35 100 98 139 199 94 17 68 108 61 21 113 63 110 119 46 103 22 79 6 176 116 180 23 81 127 71 96 126 8 135 157 107 60 137 38 19 125 196 194 122 190 167 143 152 147 134 154 179 26 24 112 31 36 
78 86 143 46 58 76 41 19 181 167 193 185 1 17 137 98 126 100 68 154 33 79 7 53 175 127 174 88 94 87 3 145 28 184 152 168 10 138 151 21 25 82 51 69 42 171 155 93 197 134 48 57 112 186 72 61 161 177 139 30 75 12 136 85 59 176 32 118 23 130 179 97 114 111 142 8 146 74 65 190 135 80 162 66 166 110 34 160 96 16 120 158 20 124 121 63 92 180 6 125 173 149 116 
38 75 5 139 195 184 49 189 3 143 102 98 93 29 126 181 196 97 167 108 198 132 135 174 163 104 66 113 122 68 109 200 112 25 125 59 190 117 33 7 76 23 130 150 10 168 45 119 74 81 151 144 179 120 127 171 63 191 128 103 96 86 77 20 4 11 12 54 6 62 35 186 155 42 8 141 173 80 39 142 71 40 159 182 89 17 85 9 79 156 
165 122 94 19 42 83 79 56 140 69 105 97 143 173 51 163 8 96 108 57 12 60 104 120 48 86 147 21 183 99 148 128 192 23 115 52 190 32 118 194 36 174 198 191 102 124 113 169 45 64 121 185 65 71 133 171 119 73 193 30 166 11 40 81 33 66 85 7 172 188 109 74 59 149 114 88 131 132 179 187 199 54 31 116 142 17 14 6 5 
53 162 179 141 45 26 113 33 130 169 132 14 95 51 49 58 31 15 75 107 65 1 35 47 12 10 5 7 11 54 44 133 56 183 125 163 50 97 147 18 165 34 89 148 178 48 102 93 182 68 57 36 151 168 105 173 195 27 193 128 197 137 109 145 191 99 131 73 124 181 16 175 76 59 32 142 119 13 140 62 176 30 158 91 83 78 127 106 184 190 66 129 46 143 198 134 69 126 160 88 37 167 138 
43 179 61 25 128 35 45 123 63 98 96 147 102 104 124 55 112 169 69 167 39 64 168 94 127 145 22 99 38 176 101 143 54 174 173 144 9 36 13 2 48 111 196 119 28 3 44 32 33 84 129 42 141 186 6 20 155 86 57 72 97 146 158 95 139 78 163 79 107 189 182 131 185 151 77 60 66 73 90 142 17 5 50 126 67 178 192 164 52 132 152 181 153 
101 188 144 4 47 173 26 172 196 115 21 119 20 72 176 130 53 93 88 183 7 169 167 120 95 175 125 187 192 116 141 174 157 134 28 34 61 73 149 122 91 16 190 166 3 121 75 143 198 81 179 36 191 94 86 133 136 62 181 39 27 184 150 177 140 76 155 159 50 108 68 2 30 97 103 106 69 8 66 42 35 168 200 56 152 90 14 126 41 51 82 132 102 137 98 151 80 60 164 117 197 13 129 33 43 178 25 
182 71 59 168 89 64 102 55 13 33 99 172 148 113 166 15 43 68 98 34 45 38 155 26 62 85 5 200 197 75 127 119 147 159 25 135 30 19 52 129 72 8 57 115 185 174 109 123 84 3 93 195 79 22 40 164 32 90 41 54 181 14 56 186 105 165 39 152 66 47 169 46 124 183 101 58 162 192 81 117 198 193 103 23 142 170 108 188 153 125 116 86 65 67 196 171 70 143 120 189 18 131 175 29 77 158 
31 6 197 136 23 2 61 106 157 160 196 109 129 98 44 140 35 115 144 195 124 180 27 118 191 90 105 177 139 135 183 9 67 60 137 76 176 113 71 116 10 142 54 32 11 83 130 146 126 97 181 186 163 65 46 75 8 45 72 13 104 132 82 149 154 19 42 185 173 192 99 107 5 16 147 172 53 77 200 34 14 50 110 93 22 58 101 114 125 33 52 138 159 165 57 38 63 112 64 162 108 73 
23 122 129 186 103 160 21 45 176 116 102 107 193 59 90 141 8 33 40 96 51 138 71 50 6 168 69 153 169 56 98 155 97 109 136 119 20 18 179 38 190 159 188 2 94 75 173 89 54 192 194 134 87 26 88 100 189 85 161 99 172 170 148 182 67 162 120 184 151 10 72 78 52 24 174 1 39 196 4 47 25 13 143 158 152 91 110 156 31 175 64 
174 107 119 15 186 44 160 41 135 150 16 124 93 103 96 48 199 20 68 67 97 170 82 141 193 136 21 39 197 152 57 95 153 3 58 102 156 113 47 187 13 185 161 163 167 22 73 116 51 88 55 71 70 121 132 75 191 28 138 11 129 92 69 144 159 46 155 99 198 130 60 85 137 84 49 194 188 7 177 53 34 148 74 157 169 131 5 128 42 134 14 176 143 81 
33 189 184 37 101 154 174 148 177 82 110 163 51 68 61 187 162 141 22 115 43 48 151 142 180 131 121 106 80 78 152 160 92 137 197 147 12 7 128 79 188 149 77 13 66 54 64 63 140 156 135 193 6 195 46 4 125 60 42 65 81 172 132 59 159 112 93 91 191 71 178 134 58 86 158 138 74 76 62 185 129 133 99 105 1 5 75 182 26 117 200 35 25 97 176 170 103 38 94 186 153 104 150 
124 139 111 173 145 88 30 45 129 11 80 31 108 96 155 182 175 48 14 100 178 2 191 15 153 83 49 58 104 63 85 36 94 18 19 4 74 110 32 51 197 24 195 140 165 64 117 169 35 65 127 98 81 38 115 164 20 33 149 112 150 146 28 90 91 95 46 72 131 27 26 22 136 187 125 12 170 130 50 5 166 172 167 157 67 52 116 102 76 122 154 186 138 101 113 55 10 196 43 177 193 1 
111 70 164 95 33 116 189 62 61 57 89 5 118 20 45 90 126 11 56 149 146 172 51 110 59 141 127 121 162 107 184 153 160 81 35 103 99 98 113 22 91 27 194 143 92 161 80 134 40 166 182 85 156 185 87 8 130 114 197 30 1 50 13 24 66 125 25 138 31 117 3 67 77 151 122 82 28 55 188 39 178 173 69 177 186 135 79 54 137 68 78 32 109 63 72 123 115 49 47 180 76 132 60 131 19 17 155 140 174 
190 183 95 19 140 55 159 90 182 13 150 25 174 108 129 69 155 43 191 89 141 109 51 37 35 186 138 72 147 67 144 21 79 142 87 116 198 132 175 158 113 196 48 143 170 57 137 4 131 5 149 8 166 107 110 65 26 96 7 85 17 181 148 77 1 99 98 29 36 120 156 169 6 103 64 112 192 167 121 50 154 45 94 11 189 53 177 200 88 100 9 78 92 28 75 82 73 
168 152 14 141 121 197 97 95 2 51 30 138 167 191 130 117 160 36 55 6 12 77 158 11 188 115 4 147 151 172 88 179 154 67 19 156 166 136 72 40 137 177 26 110 84 183 23 100 184 34 61 126 94 18 169 133 116 93 60 103 192 54 41 62 76 38 165 89 8 35 81 46 27 52 101 159 80 109 83 90 29 44 149 170 180 64 178 25 
112 93 200 70 196 68 180 49 126 122 169 148 166 140 132 117 189 15 85 124 75 191 20 67 119 28 121 27 33 78 44 154 30 35 90 143 136 45 153 58 175 69 178 46 3 77 7 123 192 39 110 171 152 83 55 172 94 32 193 134 133 99 111 195 198 56 155 62 106 38 102 36 1 176 120 63 57 160 131 144 173 96 125 151 12 91 168 80 100 53 74 31 
186 178 192 93 147 16 94 54 121 26 151 56 199 104 195 17 59 60 137 176 159 126 120 177 50 69 47 46 6 67 29 86 146 196 142 163 119 39 77 28 32 20 182 122 133 190 73 166 114 37 25 148 140 144 36 113 191 168 102 14 84 96 35 164 55 154 130 68 70 38 57 153 135 189 2 172 79 145 31 169 92 185 19 124 111 127 175 80 4 
177 78 92 12 21 103 110 84 167 192 96 111 180 3 123 102 125 196 50 6 127 58 134 65 56 184 46 79 64 95 25 101 89 98 140 29 91 90 141 114 85 59 81 166 187 26 130 82 47 63 86 83 13 164 163 87 53 191 17 145 80 67 143 200 16 124 119 42 137 35 32 93 61 22 150 144 152 33 159 116 99 2 149 52 34 120 197 97 133 154 41 76 158 7 138 174 171 4 30 51 113 1 181 
146 49 161 170 152 173 31 68 70 195 133 26 166 74 25 157 96 16 88 197 148 75 194 30 138 117 111 37 116 18 17 150 103 92 104 182 71 60 112 188 142 89 200 5 38 41 154 118 56 65 58 20 73 191 42 6 190 14 177 66 77 143 136 158 120 12 46 106 193 76 29 119 147 114 84 164 57 105 107 8 59 35 184 167 64 21 178 80 44 81 
44 108 7 150 55 117 200 6 105 40 115 8 155 25 142 56 75 100 17 133 58 160 90 120 4 24 81 171 72 42 138 124 78 110 107 29 57 86 19 119 69 54 172 37 61 71 48 187 62 139 15 149 102 176 199 97 128 190 35 3 31 16 18 41 167 169 130 2 9 91 22 68 101 26 194 181 50 189 161 145 182 39 121 1 143 20 10 125 21 185 14 
75 19 44 140 158 125 147 92 121 175 66 88 54 196 28 159 176 7 52 114 68 137 161 40 5 3 39 2 78 41 153 182 124 130 86 189 83 23 141 97 134 186 184 129 117 61 106 183 157 48 72 185 8 59 199 100 98 60 31 36 51 56 76 71 104 80 96 17 113 172 20 162 14 47 127 105 13 35 46 49 112 91 69 89 21 139 
177 157 194 185 47 32 123 81 25 136 115 101 26 166 116 56 126 120 139 33 27 71 170 147 29 78 190 184 13 61 176 37 198 63 162 88 104 164 7 84 4 106 28 70 152 183 18 49 21 192 121 91 34 186 180 92 122 40 90 169 87 42 24 113 2 181 110 50 75 150 112 31 72 140 179 43 15 167 19 145 128 17 154 188 30 54 141 151 174 111 132 173 187 12 51 191 155 171 
184 87 148 79 99 42 25 133 160 28 131 130 105 101 85 49 186 37 112 27 40 3 16 192 73 88 75 71 53 94 146 165 178 12 18 107 74 29 187 10 13 63 69 147 51 188 43 17 91 170 173 70 38 193 183 90 9 141 116 100 61 45 114 199 198 175 89 67 196 167 137 72 82 179 7 149 161 55 123 194 46 144 166 57 30 11 58 127 152 50 174 81 140 181 156 34 86 157 84 117 92 115 19 6 52 158 122 135 
73 102 9 145 107 146 47 149 137 122 164 105 139 174 32 46 194 161 144 12 188 173 50 72 49 143 91 142 89 167 41 171 101 181 195 17 135 162 112 57 90 197 35 88 39 103 163 27 64 127 80 68 79 109 11 2 176 184 165 110 63 99 118 70 69 53 95 56 62 1 178 52 36 138 158 126 187 93 147 140 175 148 180 199 96 92 196 66 191 193 33 170 81 108 30 83 200 85 54 134 119 24 189 5 10 42 
89 92 29 98 36 181 2 70 9 187 7 18 117 21 177 137 39 66 200 157 112 106 130 134 30 25 135 32 76 55 28 75 49 11 1 88 108 81 125 127 83 109 162 77 22 15 67 95 132 150 188 194 4 104 43 161 186 116 123 94 140 197 86 3 131 196 73 53 111 68 13 170 175 54 172 84 72 57 171 151 56 24 174 119 180 20 133 148 167 
57 163 157 168 148 187 119 41 93 23 133 18 179 81 158 4 97 33 58 15 129 165 161 37 111 73 146 38 19 138 76 70 164 34 99 10 160 186 85 115 48 22 46 150 6 54 142 51 47 12 127 166 100 118 74 188 106 124 5 185 182 26 78 141 173 167 59 105 190 56 110 136 134 122 103 83 98 147 1 53 194 131 29 20 87 197 30 104 75 11 82 64 
20 99 160 186 85 147 119 3 141 168 117 36 76 193 15 26 170 179 184 150 55 131 190 90 110 180 146 67 34 59 108 121 100 125 191 166 143 89 162 156 60 159 22 113 200 178 198 33 134 135 116 42 127 46 87 130 73 64 120 63 4 103 70 152 91 111 132 80 51 49 5 6 175 95 56 123 28 68 154 44 35 155 165 88 93 136 177 194 163 181 97 69 16 142 86 52 199 189 2 158 167 112 9 
28 20 14 52 12 178 182 85 76 114 47 195 32 80 104 189 33 102 94 159 99 138 100 96 61 39 125 151 162 144 103 78 136 108 172 123 110 199 120 197 34 60 1 183 31 45 19 23 177 10 185 164 90 7 87 148 71 161 145 95 57 105 9 171 163 198 2 154 128 116 196 174 149 63 166 181 107 158 44 79 65 187 6 137 37 170 69 93 53 97 113 
135 175 64 35 164 6 98 138 87 187 128 104 19 197 62 100 167 36 134 88 92 122 151 44 84 105 125 191 154 111 90 188 170 63 190 45 47 16 7 23 155 106 137 33 168 186 86 76 85 118 103 8 15 173 156 140 153 79 180 159 52 81 12 55 157 50 96 24 194 40 141 60 14 59 21 32 69 148 57 185 171 80 53 179 178 83 132 82 18 37 196 150 113 48 136 160 31 58 51 163 94 
167 190 178 45 131 65 61 20 48 162 137 9 158 72 24 53 135 113 126 38 56 128 196 150 27 132 156 7 55 63 18 68 25 13 130 67 92 73 62 84 110 108 197 140 96 71 35 193 170 154 98 122 119 85 120 161 166 5 116 50 147 19 141 102 46 36 58 165 192 152 164 186 1 138 142 159 171 109 104 107 90 103 180 133 89 54 93 175 3 188 49 51 10 
21 180 41 157 153 118 164 154 88 136 195 7 194 114 66 101 177 13 160 80 152 42 18 119 167 6 109 91 48 75 102 57 94 81 117 70 199 79 163 95 115 141 34 50 166 139 146 178 193 92 49 140 181 168 59 198 33 74 149 17 133 29 127 78 148 51 86 11 46 156 129 170 63 123 187 147 67 155 126 135 77 71 197 28 145 2 93 200 104 130 69 40 9 23 111 151 8 32 190 
20 15 148 71 156 152 42 74 172 122 180 168 147 174 21 43 93 27 101 131 149 60 169 163 200 18 178 55 6 73 158 102 9 175 84 70 140 26 164 76 80 100 115 65 69 187 51 82 107 161 197 194 137 184 177 7 41 135 89 94 185 138 128 190 16 64 119 50 183 134 29 129 142 121 108 167 150 104 120 151 166 133 8 159 22 92 97 113 25 171 79 85 123 36 173 193 3 77 49 143 109 17 10 
73 52 90 163 181 17 101 140 80 192 114 24 119 146 178 142 180 34 120 136 98 173 106 183 86 14 177 94 172 84 68 32 25 152 83 196 109 133 31 6 36 158 105 5 39 188 116 186 149 118 123 79 179 30 57 43 126 20 91 11 170 165 153 58 40 7 108 87 37 10 76 185 155 44 23 4 66 48 164 53 78 13 56 102 122 21 47 72 111 124 198 29 162 143 28 112 2 131 67 62 169 154 100 161 
139 8 2 103 176 115 30 84 181 98 122 10 50 69 20 83 17 112 3 125 135 121 68 197 65 85 110 72 63 195 73 94 106 74 149 145 104 97 101 92 26 107 194 159 6 55 111 147 71 114 188 7 172 189 95 1 100 180 187 192 185 160 120 41 53 93 23 190 37 118 70 64 57 146 19 39 75 165 5 198 152 126 174 102 22 49 46 42 4 79 151 81 34 143 186 127 200 31 128 80 144 171 99 35 
157 112 111 158 3 123 122 134 77 49 108 89 191 34 18 82 136 126 115 121 16 8 142 78 25 11 176 160 86 80 65 87 44 67 17 72 164 54 200 46 125 119 43 39 27 83 130 52 175 12 192 148 98 171 9 127 155 79 23 150 168 7 113 102 14 33 143 24 103 132 71 180 167 110 172 197 116 42 66 173 179 84 198 10 51 135 101 146 138 169 128 100 63 93 118 91 196 149 124 
7 65 76 177 102 135 8 3 43 156 131 185 36 34 200 37 194 62 182 54 64 26 48 186 1 197 166 17 74 35 92 86 106 198 15 147 110 25 170 129 190 154 100 172 78 196 60 184 2 73 29 59 122 61 176 109 119 89 52 128 150 23 141 68 159 134 32 12 116 80 72 83 117 113 114 47 70 157 101 44 85 4 187 56 195 98 123 55 71 138 160 161 188 57 95 38 45 40 168 132 152 75 97 
138 130 35 88 97 101 72 52 80 11 123 45 33 26 164 103 177 70 187 42 140 176 179 8 133 107 22 152 146 141 10 98 55 165 73 81 110 195 105 37 184 30 143 47 180 62 116 157 167 60 64 54 117 153 84 147 21 43 178 75 31 114 27 142 12 25 86 91 59 96 159 65 78 151 2 44 169 115 9 5 144 124 56 36 19 102 175 148 136 71 192 17 18 
66 4 83 107 27 88 52 16 40 10 42 7 97 129 128 113 65 166 144 92 81 101 193 150 198 79 199 53 126 17 190 174 110 35 91 178 165 111 11 31 13 182 139 183 106 121 98 117 70 22 25 197 43 180 164 85 19 109 8 34 56 120 14 90 186 146 194 54 163 60 169 57 71 6 96 153 200 26 75 159 44 115 192 118 160 23 124 36 48 122 39 140 148 196 136 73 130 28 63 100 138 74 59 24 45 9 
22 5 149 191 160 159 49 77 109 18 74 31 4 9 195 100 37 151 111 54 66 88 13 143 139 56 163 51 165 150 84 46 42 41 194 40 117 81 185 200 16 62 146 1 189 28 121 184 48 119 25 198 182 113 7 124 89 180 6 176 3 174 20 106 61 72 8 161 133 50 34 130 114 177 171 55 153 96 78 58 169 122 67 115 101 164 87 105 141 92 196 178 73 21 2 197 36 193 126 
196 126 147 73 150 37 17 80 81 103 199 135 31 92 59 134 62 116 23 151 193 107 19 99 161 149 156 83 67 90 186 36 41 162 166 163 101 42 68 6 141 123 195 55 159 122 125 38 14 138 158 47 3 21 176 157 89 146 85 76 152 137 118 129 106 98 120 131 155 143 200 119 93 190 27 29 198 100 10 175 51 185 79 64 177 139 11 39 46 183 133 109 4 43 165 63 
181 193 139 37 176 57 200 138 147 160 24 20 38 145 4 35 132 22 50 28 162 30 48 128 51 26 186 5 59 103 87 63 56 143 39 131 177 7 196 126 55 133 58 182 88 175 100 184 104 106 98 174 52 49 79 151 123 61 188 179 102 62 15 144 183 165 6 97 180 33 21 140 12 159 60 101 34 154 155 89 95 146 170 169 17 18 92 166 150 16 105 157 43 137 64 136 129 192 86 185 148 130 81 149 141 167 122 111 
182 104 23 176 82 28 77 40 81 191 97 100 49 158 50 3 71 163 26 88 178 117 103 27 58 123 106 159 154 148 200 4 109 54 172 25 84 47 11 171 156 188 18 113 167 136 112 199 78 6 177 36 69 139 127 175 38 20 173 140 62 128 57 162 70 96 33 29 45 174 7 196 142 144 164 98 184 52 116 74 10 132 114 193 124 180 8 42 79 85 9 53 60 13 122 95 125 152 133 131 43 30 
94 118 142 80 181 33 79 134 135 172 34 39 1 164 19 190 58 51 10 82 139 71 136 90 120 32 170 188 67 198 155 74 85 50 30 106 196 86 101 22 40 62 63 147 169 31 66 122 52 38 113 95 197 165 20 57 72 117 128 131 115 156 199 162 192 77 161 35 81 76 29 109 151 127 98 75 175 87 178 177 100 110 159 121 179 54 182 3 61 49 88 7 140 107 173 16 186 17 124 99 43 26 96 60 46 64 200 89 195 2 37 
100 85 105 148 194 7 46 51 118 156 186 136 68 158 14 54 30 37 16 190 113 171 195 49 78 56 81 23 122 3 5 32 1 162 160 62 131 47 26 12 139 91 58 38 67 141 143 197 98 79 114 133 92 75 127 8 17 185 178 60 200 42 130 66 196 189 41 9 170 187 153 11 18 29 124 44 64 36 82 149 169 21 39 172 33 99 69 20 63 121 104 72 55 27 74 
104 93 23 71 131 74 59 182 127 107 119 29 73 61 69 177 57 67 186 56 85 158 175 183 52 94 110 161 168 7 54 24 187 4 109 65 200 84 116 20 195 55 106 32 184 1 105 129 39 146 43 36 12 166 25 68 81 144 31 62 33 165 95 137 8 185 46 10 149 128 17 141 75 174 173 159 172 169 21 136 171 155 198 160 9 14 190 140 114 147 122 100 42 157 13 60 
54 176 66 168 198 195 120 84 34 112 74 138 49 86 191 22 127 124 83 3 183 32 106 190 16 15 62 14 63 200 53 165 2 64 24 96 179 58 108 92 85 17 31 102 98 79 137 40 44 131 188 109 153 151 82 133 75 50 80 184 10 30 140 42 178 147 39 77 93 187 20 171 97 163 26 139 51 88 192 155 95 73 113 166 193 136 105 91 199 144 72 169 94 61 110 132 11 174 81 189 
127 156 84 45 198 6 16 55 162 130 5 40 106 92 131 49 138 26 161 71 167 30 18 42 69 102 56 154 171 9 165 107 28 176 13 132 50 166 114 187 189 58 57 197 70 118 41 117 61 95 75 77 152 155 54 21 1 67 74 109 79 158 122 72 124 178 83 160 63 186 81 8 199 139 180 34 125 24 177 86 113 185 133 62 116 12 19 190 123 188 150 172 195 142 182 128 100 51 32 184 23 10 
158 83 36 21 7 124 162 56 112 109 100 104 106 41 123 117 58 14 98 24 5 102 28 8 34 6 200 81 167 122 150 114 86 157 133 190 52 171 3 165 108 147 18 75 59 84 35 137 132 149 2 194 180 161 125 33 128 93 118 72 80 143 182 116 177 193 54 185 13 186 79 103 78 144 26 115 173 110 74 146 71 101 89 62 176 189 12 95 94 31 43 135 138 67 1 96 85 196 60 119 19 49 195 92 151 
134 50 78 29 57 141 15 58 171 37 195 133 147 191 146 126 60 19 110 149 20 55 4 143 135 188 75 49 61 97 79 193 82 90 83 127 164 199 9 196 169 24 74 154 42 59 170 189 43 54 173 46 33 73 183 17 178 28 194 96 26 129 68 184 5 67 158 109 89 176 182 155 166 160 137 142 152 52 198 163 56 106 159 111 104 53 172 190 130 103 181 99 148 145 
88 196 129 142 2 31 188 120 57 132 15 44 151 43 171 176 60 98 76 13 184 174 68 115 116 37 143 109 69 158 161 135 112 147 102 157 7 141 181 40 75 3 101 26 128 137 186 179 198 72 104 18 148 182 96 103 131 162 47 100 56 123 189 114 79 66 166 94 170 175 24 41 1 119 11 125 89 178 92 53 54 6 173 117 70 155 10 93 36 59 108 35 197 51 139 78 67 25 124 29 21 14 42 48 160 
111 197 49 27 192 28 163 20 99 21 56 5 22 98 31 172 115 181 124 171 101 118 88 153 160 37 71 7 10 200 81 148 155 1 130 3 157 53 193 79 138 180 151 141 109 187 87 127 140 143 104 117 70 95 8 75 169 57 170 80 47 59 137 68 96 11 167 86 16 78 195 24 122 18 54 179 178 50 150 32 45 39 90 144 94 128 147 189 182 158 42 156 164 97 196 6 4 190 85 102 152 110 89 154 116 40 114 25 125 
131 45 24 144 124 43 27 91 146 87 163 94 194 130 135 10 116 157 142 178 128 97 167 100 21 58 51 136 120 187 96 109 79 113 71 108 148 123 17 173 83 179 191 106 73 197 4 70 41 127 115 185 147 99 92 107 95 174 13 9 84 14 20 181 192 145 188 48 137 16 74 182 176 159 1 102 103 49 25 68 32 121 50 172 162 161 169 180 31 156 122 89 150 82 47 183 7 195 72 
111 88 160 86 97 128 48 69 118 73 12 120 44 162 107 195 161 38 186 168 188 91 112 146 24 164 26 98 119 131 179 80 151 193 81 150 95 18 52 108 163 184 156 68 171 200 85 155 14 181 56 46 121 152 34 192 133 124 19 103 77 185 116 9 15 144 6 51 11 94 129 194 7 76 71 173 178 127 17 59 20 84 198 32 158 149 74 37 177 63 16 57 138 148 96 125 8 
98 44 114 107 62 57 30 22 56 72 60 8 191 186 53 110 146 124 180 92 120 58 182 133 132 183 138 166 2 125 52 105 188 87 174 184 97 112 20 40 85 185 155 29 38 156 76 200 181 117 83 26 164 151 161 169 21 193 23 145 171 160 43 177 148 198 79 119 195 162 167 90 91 144 111 173 199 3 82 142 104 28 96 25 63 93 31 141 143 115 27 18 48 108 61 123 147 36 46 
181 123 65 14 63 3 120 132 19 171 105 93 64 121 15 82 97 58 34 38 79 24 137 169 110 145 43 111 83 172 32 155 173 12 99 17 90 96 20 133 89 4 150 62 92 57 26 151 198 47 98 175 122 53 114 112 74 71 75 108 195 69 78 176 194 144 46 66 6 88 199 180 109 40 131 30 193 107 8 103 185 136 196 85 13 37 49 148 139 7 33 84 23 187 9 29 
79 36 75 135 9 106 138 140 55 88 97 179 176 189 45 167 137 40 86 166 70 58 66 41 29 145 118 180 92 37 87 33 115 132 83 44 89 42 10 173 113 151 76 47 57 8 169 110 26 125 60 27 23 11 170 152 19 178 149 168 78 144 3 150 136 30 196 98 17 119 175 195 192 18 14 187 13 157 34 22 171 193 126 4 127 156 104 161 174 114 122 5 184 63 16 68 123 
192 9 100 161 8 186 187 115 176 135 154 51 80 65 4 47 73 138 92 165 169 158 12 122 36 182 35 159 162 39 119 99 117 185 84 79 141 7 49 78 72 137 50 190 2 5 76 199 44 23 104 37 139 189 90 134 121 3 45 29 55 38 64 146 110 60 155 98 30 6 74 175 180 127 148 181 106 200 107 126 156 94 178 101 123 63 166 194 13 168 145 40 20 26 125 32 69 81 105 
191 15 178 164 189 41 187 159 65 44 113 96 75 24 112 97 60 16 122 20 193 152 33 3 35 95 47 51 56 111 4 194 50 137 171 86 150 117 61 10 36 198 170 118 146 145 90 101 110 55 147 23 107 81 5 103 142 49 183 76 21 73 89 45 48 181 68 8 125 140 87 197 114 80 135 134 158 121 88 34 165 105 108 136 74 109 167 94 130 64 148 32 169 182 78 155 85 161 128 13 124 11 58 162 83 22 66 6 200 106 43 173 139 166 
174 6 50 57 84 190 101 56 177 61 110 137 105 170 19 151 124 86 157 95 125 184 82 168 154 2 160 136 92 172 63 70 196 65 126 59 73 47 188 38 91 162 158 26 148 34 195 43 132 100 131 60 12 121 102 183 33 27 135 52 146 75 114 48 142 115 35 20 49 178 97 161 141 81 28 21 3 129 144 197 25 127 104 147 67 76 193 14 192 200 150 37 46 93 18 79 180 198 8 155 94 98 159 22 169 11 36 
148 154 116 84 131 53 179 18 62 180 172 51 3 9 10 38 118 109 93 117 66 177 127 139 103 27 30 76 196 165 161 74 141 46 135 105 16 96 1 40 77 98 21 137 147 65 173 142 130 78 23 43 36 79 95 186 146 134 107 163 49 153 104 32 190 183 126 194 50 37 144 59 19 97 132 108 169 52 112 2 17 72 82 58 85 39 110 115 168 99 71 70 5 187 120 47 45 175 119 151 
90 103 126 156 71 45 12 98 52 9 79 11 160 2 131 65 143 138 73 78 146 148 82 109 176 178 167 93 83 133 135 23 39 170 125 166 124 173 14 129 188 13 134 4 120 51 101 55 15 154 32 70 29 190 153 136 193 62 149 123 96 157 44 36 130 114 56 159 117 75 174 61 141 191 57 6 24 112 59 58 47 25 16 77 92 89 80 76 152 104 187 180 97 8 66 108 195 60 68 49 
39 47 92 128 14 190 15 101 80 44 32 1 34 36 29 72 61 139 51 99 58 78 108 110 98 161 91 173 106 62 193 57 19 49 152 96 3 144 56 123 182 71 183 166 150 68 22 124 116 76 107 24 69 120 163 169 20 88 95 83 125 170 38 146 104 177 35 23 63 33 113 90 119 157 143 87 21 184 186 97 60 160 196 59 197 156 194 102 50 10 27 17 151 198 64 105 114 181 149 200 137 74 145 174 
186 151 192 165 63 41 88 49 134 11 187 152 106 131 15 12 26 21 139 112 24 83 177 38 94 150 138 181 14 164 105 86 196 69 120 3 42 129 87 74 159 66 170 25 157 175 99 6 142 110 72 154 79 17 172 34 116 78 56 199 39 93 73 160 185 91 162 163 114 46 140 190 121 107 145 19 71 8 31 179 169 67 133 70 184 130 191 5 168 101 108 161 40 167 123 137 125 75 32 45 98 84 127 28 53 147 4 135 
107 125 136 191 38 20 29 108 137 160 30 177 102 115 74 45 129 18 27 165 194 126 89 55 82 80 9 174 91 2 198 127 12 52 199 66 104 111 21 95 59 130 81 56 123 32 189 159 116 28 131 5 180 122 197 3 93 97 94 150 109 181 24 184 172 178 190 7 78 186 146 15 132 153 103 121 44 73 26 175 185 155 48 120 133 195 86 60 83 110 142 173 117 85 187 183 
35 8 39 18 99 31 61 50 132 180 9 156 34 148 145 185 106 197 181 81 11 139 192 79 75 162 154 114 130 17 6 69 101 170 138 76 63 48 41 173 49 166 137 142 14 115 93 143 74 198 27 95 171 165 22 68 183 90 121 82 57 128 164 118 29 26 102 33 46 193 127 182 194 10 152 178 125 84 199 135 184 175 71 2 136 44 52 62 98 24 134 123 151 91 191 150 55 157 64 87 77 167 131 119 70 190 73 177 140 189 88 146 104 
45 51 80 177 68 167 20 36 157 65 55 48 76 200 171 90 12 60 93 146 85 67 27 121 186 70 73 122 135 105 174 41 24 10 148 130 30 176 96 168 125 115 47 59 151 84 136 133 4 144 166 62 53 123 78 190 187 26 120 153 63 5 87 42 7 182 139 134 61 179 37 99 196 91 72 149 126 31 160 14 94 101 127 191 108 18 111 199 74 169 104 81 64 46 16 100 183 107 11 2 13 15 54 57 69 98 185 44 112 56 156 95 
118 81 7 188 66 130 93 85 89 79 75 123 3 163 96 32 108 128 11 194 166 4 71 164 106 44 180 159 136 140 70 110 14 19 2 97 121 147 144 116 181 47 53 115 169 31 50 40 28 100 45 127 170 104 82 49 56 174 137 74 186 120 179 150 156 198 26 61 154 29 30 138 142 37 64 134 41 77 175 15 191 5 24 42 125 59 34 99 48 25 46 107 
13 33 167 163 156 10 71 15 98 197 173 154 24 26 47 35 5 161 164 78 28 129 56 72 168 176 37 107 114 148 54 149 199 66 153 131 70 16 20 181 151 196 64 36 42 141 23 80 111 31 8 38 162 124 94 138 103 169 52 50 115 1 195 125 132 144 89 113 61 143 51 25 57 91 137 79 59 165 77 58 179 142 60 44 19 119 3 55 53 185 32 177 9 109 95 112 186 39 198 146 120 
135 188 183 48 184 114 179 140 141 93 24 181 72 151 190 165 104 86 167 97 59 57 145 132 178 5 39 193 84 100 153 139 85 45 67 136 10 161 42 171 133 156 185 157 27 148 121 149 92 99 14 101 168 77 128 65 91 78 119 110 111 73 199 163 117 160 116 68 130 189 108 127 31 2 19 23 137 36 175 120 26 118 62 143 89 21 102 56 115 87 166 123 152 80 9 191 90 107 55 74 4 112 177 83 103 134 159 
114 3 135 37 59 177 12 101 153 133 171 91 25 139 61 96 162 112 68 1 65 60 7 176 5 16 53 140 97 29 165 85 194 172 86 146 84 161 179 158 193 106 48 169 75 143 144 117 39 141 46 47 74 51 115 109 128 87 4 113 100 167 49 142 160 198 132 127 76 154 178 93 77 42 163 90 62 71 8 189 105 98 123 120 182 157 188 168 69 164 17 118 82 104 110 152 185 89 21 34 103 11 38 129 166 149 28 67 31 156 
171 131 151 66 123 197 55 149 150 92 183 72 30 100 68 103 160 35 83 140 59 46 138 164 162 61 166 170 38 120 113 179 2 196 20 142 189 45 97 192 129 52 141 134 60 155 112 98 198 180 90 157 7 133 121 23 85 73 175 182 70 42 28 158 176 186 79 99 161 109 78 106 172 32 47 104 76 89 116 18 119 10 173 200 43 110 159 50 48 65 167 87 153 58 9 3 36 190 82 117 154 31 
25 45 132 13 150 122 61 41 39 59 178 134 26 64 119 20 99 110 29 101 36 139 14 66 117 2 100 57 198 16 106 103 79 56 90 89 27 137 10 192 83 109 40 187 84 153 3 47 23 51 195 136 77 185 97 128 102 123 155 191 43 179 162 127 22 94 113 31 58 42 73 200 197 37 67 98 68 125 159 55 135 95 156 151 80 193 180 165 182 15 82 176 53 49 71 190 
1 4 181 3 66 128 132 170 20 61 89 46 106 156 36 18 11 38 14 194 82 161 177 120 12 122 48 71 151 171 200 50 182 30 40 91 173 95 159 33 178 98 19 108 104 166 72 189 167 152 34 102 199 24 97 69 185 116 7 195 77 59 188 49 56 140 164 54 196 9 42 99 135 76 60 16 8 44 131 111 15 83 31 64 110 10 163 179 
48 83 174 156 151 71 134 198 169 79 3 52 167 183 184 39 76 56 123 168 124 31 12 69 178 141 155 54 100 113 99 6 67 159 89 166 95 160 161 128 108 65 136 181 149 75 42 103 8 116 35 107 191 93 148 190 150 121 98 157 118 186 46 92 170 189 5 14 64 132 179 130 7 78 195 199 26 27 126 22 36 91 180 40 143 10 127 187 84 193 9 142 135 131 41 82 105 196 97 101 133 
136 139 91 37 9 118 78 195 35 38 75 133 138 34 23 178 16 162 98 146 156 94 107 66 166 50 154 177 44 8 130 119 10 92 172 59 2 55 137 111 17 168 170 28 129 56 151 157 141 27 173 194 192 19 32 175 97 191 158 51 14 71 100 76 199 104 134 135 4 174 22 54 5 42 64 149 25 196 184 36 145 165 132 186 198 180 160 89 3 110 52 152 40 163 7 120 69 169 117 125 187 102 128 63 93 68 
188 17 196 198 84 27 172 62 32 36 9 154 147 116 91 197 100 52 81 99 112 195 88 140 69 11 4 118 65 138 61 12 38 43 98 37 108 45 64 169 1 124 120 80 83 54 184 152 181 13 143 157 187 158 150 96 133 174 68 82 146 20 85 7 134 90 132 87 49 86 128 5 173 177 48 63 92 107 34 167 71 2 165 26 56 156 104 22 53 160 166 31 148 74 40 28 77 129 194 15 163 
92 118 53 20 79 127 126 71 22 91 75 68 33 182 129 146 152 145 95 170 21 13 159 112 147 153 36 199 151 5 35 109 37 89 85 192 181 134 31 188 169 123 19 183 26 18 197 162 128 117 165 122 180 198 132 83 51 163 84 190 62 27 196 3 41 175 186 74 107 185 119 156 150 40 7 82 29 56 149 125 139 42 158 28 131 46 110 100 121 64 43 98 187 178 99 104 78 70 173 6 130 106 67 97 2 25 
123 78 46 170 57 147 174 146 33 179 90 132 107 82 168 89 9 188 98 83 101 24 114 44 133 108 165 158 105 119 25 150 31 140 40 76 87 127 59 86 194 77 195 111 171 17 36 175 124 176 182 103 106 81 72 50 19 94 66 8 37 5 131 130 67 184 11 35 75 65 88 51 153 196 79 137 48 120 155 185 115 169 191 29 22 183 141 4 151 135 34 6 26 7 187 109 181 180 
129 198 42 35 173 152 67 160 87 103 14 111 89 163 68 38 176 69 32 197 123 139 127 98 60 88 171 24 145 90 136 96 2 5 154 181 93 109 49 147 134 133 53 183 34 30 191 43 63 65 52 31 132 51 27 45 61 113 156 107 26 74 177 185 106 12 70 54 149 82 47 116 128 59 72 182 130 161 44 117 146 172 7 23 125 102 126 84 189 37 57 36 75 150 
107 43 109 171 122 184 127 147 120 131 132 94 158 115 144 185 196 97 12 117 192 67 169 73 29 87 104 9 110 79 80 182 28 17 200 172 92 88 164 96 48 98 40 31 108 183 41 45 83 118 61 78 74 1 21 76 11 177 20 106 3 195 30 72 63 47 186 23 59 150 168 153 4 199 133 119 141 170 180 2 128 14 145 44 194 113 37 15 19 77 124 24 53 152 68 130 155 142 39 82 163 58 162 181 101 
6 153 44 45 107 197 46 7 85 79 18 109 165 96 116 127 182 27 139 47 14 63 41 178 81 159 72 102 163 106 76 25 168 28 91 138 190 29 136 170 120 100 108 150 133 8 77 179 13 38 118 30 61 117 126 135 151 16 200 189 152 58 70 169 154 123 64 65 181 97 180 147 111 129 144 192 124 3 113 71 5 186 56 104 125 134 66 88 19 131 161 11 36 24 42 146 110 171 99 22 105 59 93 
176 165 71 154 159 99 4 28 19 183 75 131 101 163 64 116 119 124 130 192 115 108 197 98 9 143 167 107 106 47 54 157 11 44 58 134 184 195 196 78 40 153 111 172 135 155 138 79 66 96 144 158 17 87 145 25 171 198 186 60 81 5 160 110 114 10 73 103 126 133 85 26 129 156 38 61 180 56 31 97 18 41 90 161 137 65 200 27 86 191 55 188 72 112 199 37 170 190 164 49 77 23 59 
98 15 190 62 51 106 169 164 140 66 117 189 172 34 104 73 79 32 193 89 150 145 22 192 27 16 30 74 114 177 80 185 37 97 59 143 137 129 50 25 123 184 29 6 125 83 121 23 131 93 127 115 108 55 43 199 52 95 116 10 107 112 166 198 118 151 31 173 92 120 75 130 7 18 61 14 138 13 124 94 12 105 200 148 68 64 67 65 139 41 194 56 191 63 42 11 113 71 103 
31 93 49 115 71 75 103 180 90 82 142 135 153 23 113 83 150 117 8 51 187 161 169 40 108 62 168 197 165 88 190 110 129 80 39 77 68 95 112 199 5 84 101 69 15 160 155 111 45 164 86 18 125 127 96 66 17 21 28 7 102 178 151 73 134 184 119 34 105 179 146 177 74 147 59 149 174 64 136 19 139 87 10 72 186 143 128 171 138 148 33 172 24 163 1 98 54 152 94 41 16 173 50 109 47 122 67 131 22 85 14 192 55 198 65 106 
79 88 56 21 117 22 68 75 59 63 83 114 7 26 87 15 124 61 144 18 179 73 99 112 31 183 162 130 50 109 6 182 156 97 47 166 72 91 38 145 146 102 155 135 159 172 42 12 86 57 143 54 100 78 90 187 51 149 165 200 70 192 13 67 101 111 189 92 154 20 167 121 96 76 55 64 84 157 39 95 127 48 85 174 181 19 103 153 132 128 163 138 106 8 1 25 175 177 34 116 9 49 74 46 194 140 198 43 173 184 104 89 81 185 27 151 115 14 93 141 11 107 118 105 123 53 66 69 133 
121 2 152 181 109 65 31 190 79 135 132 170 64 110 73 159 90 162 192 24 20 21 167 185 130 84 101 104 41 76 98 87 146 17 163 165 151 174 129 95 196 57 75 142 29 180 111 40 86 147 136 126 117 53 39 197 100 36 16 26 137 70 37 200 82 22 56 153 23 173 62 85 1 68 155 164 140 120 80 47 94 114 119 4 184 143 103 183 123 18 188 27 89 78 
168 48 85 80 39 161 56 138 136 52 83 129 94 36 41 25 165 134 34 141 40 131 197 125 144 70 8 185 151 65 84 175 120 61 121 54 55 192 196 130 27 87 14 79 58 2 98 45 155 158 114 128 89 157 137 127 148 22 49 63 187 33 116 53 104 46 173 112 179 3 90 149 166 172 72 13 29 28 60 152 88 42 99 5 7 57 4 122 82 145 101 123 156 47 51 176 126 
131 2 83 79 144 195 186 36 87 44 192 136 193 35 150 70 53 108 31 121 100 164 51 103 72 98 52 174 7 123 145 33 24 75 37 97 19 165 120 157 3 46 61 56 1 21 143 28 76 64 124 172 149 10 82 200 48 115 49 190 133 85 18 151 132 194 78 191 47 155 9 162 12 106 146 99 4 93 167 91 168 95 25 125 63 20 71 50 171 5 45 148 170 54 176 74 
72 17 110 200 75 154 184 118 129 64 94 63 43 173 8 130 122 135 15 193 162 108 78 185 48 59 157 3 165 149 29 30 25 10 18 188 127 116 191 111 20 60 98 85 176 144 65 49 11 86 143 146 41 37 170 150 12 46 137 22 148 121 112 47 133 105 82 19 134 97 92 88 177 31 145 160 172 138 190 23 44 113 181 107 117 132 33 109 103 16 186 77 147 169 196 61 123 152 54 151 140 45 139 50 
119 62 19 43 155 97 150 168 197 68 84 96 159 102 23 32 85 42 185 63 149 124 77 123 154 73 138 200 91 65 121 82 22 2 194 37 39 15 195 71 61 24 118 189 55 129 8 128 186 135 151 74 28 27 132 143 175 50 198 115 99 114 41 111 158 53 26 54 83 40 165 183 87 106 105 20 145 148 101 126 13 92 95 179 173 120 141 193 66 81 169 31 48 98 47 9 11 192 
89 5 69 106 197 61 32 121 80 145 79 100 42 72 189 10 63 193 94 86 18 75 39 62 44 130 45 108 21 128 47 124 190 110 15 176 140 143 137 64 112 119 2 73 1 43 170 4 120 98 125 186 133 139 169 54 84 148 30 126 163 117 34 70 25 55 99 78 77 164 195 90 135 16 134 172 41 88 24 165 93 8 111 96 158 127 136 198 67 58 6 171 74 150 57 187 159 35 82 38 181 114 83 
199 109 141 8 102 110 126 3 36 191 54 42 16 193 175 41 164 116 46 96 140 73 198 129 154 68 33 50 130 149 76 34 173 160 57 24 94 114 174 143 115 2 197 148 52 153 59 91 11 112 170 147 1 21 39 131 146 67 17 145 124 196 12 200 120 103 4 186 188 37 165 87 71 20 79 83 32 98 122 75 159 195 134 70 111 72 58 163 97 
4 117 109 34 42 19 56 143 75 133 86 132 59 125 35 71 176 9 198 177 92 144 85 39 197 55 188 3 80 49 95 101 69 65 130 179 24 184 138 47 78 137 183 84 149 94 53 98 52 21 61 58 170 46 51 136 151 90 171 127 199 159 185 96 167 161 165 172 91 104 153 175 114 83 111 38 123 194 29 17 180 70 128 103 76 54 154 160 97 124 190 6 119 10 60 148 32 152 140 62 189 93 
112 9 162 115 2 75 89 95 194 102 13 177 120 91 96 183 189 140 88 23 22 21 175 158 60 33 161 178 192 26 166 87 36 154 51 148 93 94 82 8 43 195 180 169 79 17 117 143 109 135 141 116 1 27 45 160 147 146 53 32 67 157 56 90 168 10 3 200 92 181 50 98 47 156 136 37 80 18 125 58 152 81 138 66 198 113 108 41 191 76 185 127 73 71 165 68 139 182 77 131 65 70 
161 178 63 38 46 189 169 138 116 13 95 176 97 37 19 27 7 21 87 195 200 15 113 68 82 79 77 170 112 74 8 188 194 133 59 33 48 71 143 86 127 12 104 89 137 149 76 197 102 173 148 139 10 163 66 3 16 20 93 61 109 128 94 25 101 40 45 75 117 96 80 193 146 41 65 43 174 162 91 159 140 192 168 4 73 125 177 187 165 151 158 171 67 107 
53 134 163 105 68 63 179 84 58 116 139 11 46 15 51 181 114 16 17 60 200 44 77 159 28 12 174 92 167 151 191 107 166 73 187 52 22 143 108 97 124 56 190 123 85 61 135 45 173 189 136 49 5 91 64 8 156 38 71 137 21 144 20 140 146 150 81 83 198 115 106 126 74 155 6 168 27 119 164 65 125 93 9 26 186 37 102 3 184 121 194 90 141 94 131 43 192 55 195 99 62 4 98 59 169 142 129 
10 184 104 193 49 174 56 169 194 9 13 140 116 83 28 136 102 8 85 165 158 86 43 48 112 6 31 62 47 199 27 175 120 72 70 162 11 125 192 94 69 80 161 150 14 59 64 122 61 133 41 180 159 37 176 35 95 5 33 129 77 114 58 130 195 21 190 2 50 191 51 71 137 22 68 152 24 97 73 143 126 25 26 99 93 179 39 88 141 147 200 40 90 155 75 178 124 166 118 182 154 157 139 76 148 84 29 128 105 82 12 123 151 67 
153 86 98 40 32 187 67 77 196 68 141 119 102 142 52 10 136 94 48 182 9 13 183 51 135 105 120 2 159 99 35 31 104 160 44 26 185 46 200 103 88 38 174 156 193 146 39 97 5 42 165 170 172 171 25 18 164 151 95 179 82 166 71 30 54 47 62 121 116 1 79 92 158 81 66 176 129 144 64 106 91 134 131 181 199 3 197 14 29 150 
55 67 144 134 141 169 158 183 182 36 63 68 18 21 6 14 27 83 84 177 185 76 139 138 154 5 170 61 81 29 25 35 12 97 47 82 123 15 174 59 24 102 73 104 133 38 108 147 46 40 95 198 3 48 143 128 71 89 98 156 199 188 66 74 125 79 151 110 131 96 100 105 37 1 114 115 13 34 32 90 107 8 129 165 187 
81 15 188 176 102 27 42 137 43 180 163 48 16 55 59 200 65 172 1 128 87 140 92 168 149 131 178 148 125 40 169 129 119 139 123 57 94 165 97 85 166 13 30 132 3 17 35 93 154 75 136 187 174 196 189 164 96 162 130 117 71 126 83 144 31 114 34 190 21 84 60 56 10 11 167 51 107 145 20 2 146 25 197 26 157 45 23 41 156 69 108 124 49 199 120 52 143 
61 138 71 169 112 11 158 144 165 91 41 68 110 50 188 173 175 185 46 81 116 154 194 178 47 153 60 151 96 150 104 52 133 126 156 171 141 95 76 129 57 58 64 55 174 130 14 139 21 192 172 98 72 183 161 127 132 30 36 106 105 103 147 49 44 109 82 31 199 6 190 187 196 74 67 9 163 63 83 32 118 75 26 189 34 69 99 168 78 113 100 167 157 145 123 164 149 16 186 
129 82 151 167 52 199 143 142 26 69 95 180 91 10 97 107 77 45 16 73 28 127 103 39 96 195 61 79 2 7 178 172 25 36 144 190 152 80 35 63 193 132 112 140 130 186 11 123 24 72 200 12 83 98 8 44 197 134 9 161 21 70 147 65 81 48 56 191 64 109 19 93 33 67 184 101 196 51 177 169 163 131 137 126 4 78 116 47 128 105 20 122 50 135 
21 96 114 195 141 14 22 109 26 86 129 194 197 36 82 87 12 38 111 89 176 53 157 2 84 64 147 117 151 105 48 60 189 19 75 155 185 92 63 180 41 50 43 132 165 40 80 5 149 76 108 102 191 160 73 94 77 158 65 172 150 98 61 1 28 193 127 107 133 181 35 49 25 23 20 171 46 32 153 131 139 95 119 148 55 31 166 159 16 58 13 124 143 6 9 115 100 110 27 66 126 
116 9 151 158 164 24 196 147 55 188 108 192 92 49 82 28 90 52 38 71 3 127 10 165 94 177 119 128 12 67 32 64 1 149 98 138 6 25 51 83 102 61 36 33 15 73 50 40 161 70 29 175 168 180 107 181 84 63 60 20 178 7 85 179 143 99 19 163 170 135 185 159 97 113 189 34 162 169 187 13 199 130 88 74 176 144 44 104 131 26 166 96 190 77 93 106 56 129 126 173 121 200 
64 114 141 53 83 173 163 168 153 186 195 147 80 48 42 44 3 47 176 110 16 93 155 137 193 165 71 89 78 57 46 150 103 181 158 60 37 73 194 7 21 152 98 160 90 102 180 136 96 66 198 182 124 39 94 61 138 121 172 174 192 169 26 142 175 199 82 9 164 123 8 5 14 56 197 134 166 122 167 154 200 69 32 135 51 88 148 6 187 87 
48 18 19 95 85 13 148 150 185 1 61 88 162 84 31 111 44 188 129 124 97 30 174 135 195 103 166 69 49 70 63 67 190 182 3 73 180 159 20 172 199 46 38 22 15 116 33 128 144 173 136 2 75 37 40 82 113 153 99 139 78 106 81 58 66 186 130 164 39 126 6 90 145 16 93 17 183 154 127 184 45 29 141 104 91 170 140 53 156 163 23 43 52 200 109 167 178 176 117 32 
45 77 35 33 196 179 46 31 104 129 178 113 185 177 91 65 167 193 176 30 100 141 73 7 16 147 14 19 29 183 53 198 191 8 56 74 142 137 10 121 192 66 101 88 166 82 47 51 128 67 110 76 111 136 168 107 93 41 103 86 96 79 81 173 75 89 134 94 164 43 158 40 68 20 150 146 187 184 22 32 83 80 171 15 105 59 27 13 123 84 2 125 5 63 99 149 140 145 
152 144 130 71 9 16 153 30 33 184 132 12 76 8 147 68 120 24 193 192 181 141 149 123 133 178 77 148 29 154 51 146 23 48 52 194 103 127 104 80 102 109 98 14 165 157 191 70 189 111 182 188 118 198 56 164 200 19 185 90 122 190 27 57 117 126 162 186 35 87 78 99 47 45 131 4 124 160 3 65 129 183 28 101 10 6 180 72 82 158 140 26 84 155 40 169 79 11 66 34 96 100 
105 168 150 163 118 121 133 137 22 42 162 47 160 36 19 142 128 100 157 4 48 53 177 110 26 86 60 130 172 182 9 13 45 56 49 51 68 55 30 54 2 25 190 93 77 52 90 102 43 39 188 16 57 61 37 7 138 11 65 12 153 167 136 179 71 115 127 158 79 194 58 10 181 8 97 85 35 174 29 126 70 69 178 64 15 46 154 156 198 
148 67 192 83 98 114 171 155 38 170 45 163 61 103 3 84 5 7 164 168 94 166 145 49 35 50 188 100 53 106 102 26 78 13 60 6 158 137 36 80 109 121 85 147 29 132 159 112 75 149 74 8 2 181 63 174 44 120 18 184 41 46 55 115 96 156 138 113 40 183 173 175 76 90 70 92 20 65 48 186 11 141 77 150 139 79 101 199 31 91 131 110 54 82 118 99 69 10 87 68 
21 33 57 134 98 89 158 95 106 72 128 14 2 7 144 48 121 129 29 91 50 46 18 156 20 16 189 63 61 172 177 147 60 96 94 119 52 133 188 116 8 132 30 39 192 105 140 87 109 195 23 93 67 74 155 157 130 55 178 66 151 51 103 171 75 176 101 59 81 17 110 143 64 196 113 183 197 191 200 162 141 25 104 11 34 180 71 163 146 149 118 125 182 56 164 185 65 31 
31 110 64 128 47 13 69 104 63 192 90 135 108 80 97 126 38 152 6 66 132 179 162 61 77 25 88 107 33 200 53 19 137 96 101 20 186 67 150 175 136 131 76 9 182 21 199 165 196 81 2 41 92 112 94 15 164 149 71 70 178 17 24 26 60 159 42 106 190 193 120 176 74 40 113 163 195 72 160 85 130 75 177 142 34 153 124 55 148 161 109 48 78 14 29 100 144 79 187 184 188 138 
181 109 94 5 90 73 122 178 149 152 13 70 114 131 113 99 18 100 141 46 190 194 165 129 14 8 21 19 44 29 79 48 72 154 197 138 199 169 121 105 9 87 192 26 184 175 95 69 35 54 92 180 74 15 183 160 47 133 115 53 134 103 6 77 37 4 43 10 140 125 30 117 110 164 193 116 200 62 177 147 104 155 51 167 198 28 157 150 17 52 143 191 176 119 
137 169 187 20 163 80 159 183 17 4 56 6 139 121 77 162 167 178 76 9 62 82 60 106 96 11 102 3 142 94 85 30 122 78 8 47 97 79 72 151 98 108 37 141 114 10 5 153 64 39 18 175 83 65 150 44 92 57 165 25 87 14 119 104 158 171 157 69 198 186 152 90 182 135 100 55 177 93 107 31 143 73 66 168 13 70 170 194 181 26 34 59 131 7 117 136 58 36 164 15 38 115 40 185 48 196 116 91 
92 141 100 90 168 16 78 162 187 64 149 110 58 17 42 124 7 167 11 174 163 161 144 4 13 98 86 106 23 71 108 65 93 87 63 171 172 54 24 119 60 196 193 157 82 2 55 75 169 61 122 80 186 173 6 56 47 33 49 48 129 45 177 97 197 194 112 200 41 88 170 83 115 35 85 113 176 43 103 120 12 66 51 15 195 104 147 125 152 117 18 148 89 
13 95 77 44 159 62 49 94 76 114 155 7 25 112 117 137 102 72 23 17 19 9 83 162 142 174 191 74 89 39 198 124 160 92 126 113 54 90 97 103 143 121 194 139 81 24 34 119 132 128 21 20 99 105 51 184 177 63 18 115 116 120 88 110 12 164 84 180 111 130 22 135 58 175 66 45 153 133 96 196 53 27 183 1 100 109 
159 40 92 177 15 99 137 179 132 50 200 95 105 176 121 182 43 170 189 197 152 21 14 52 88 25 163 76 117 8 54 113 115 150 57 141 181 114 91 82 12 173 106 98 90 74 73 174 168 78 51 169 17 104 38 102 158 48 119 100 162 93 175 167 36 166 125 2 31 144 33 87 30 142 156 129 44 122 96 1 64 146 62 10 180 124 79 186 195 172 7 65 60 23 134 110 26 133 155 28 71 148 154 34 171 77 19 80 
101 173 17 27 168 36 113 189 72 87 1 60 184 58 13 179 24 93 39 86 156 59 43 16 76 5 160 65 23 9 54 132 115 152 167 158 53 117 107 57 77 81 96 138 193 100 97 94 157 20 46 178 161 174 4 84 90 55 139 2 147 180 112 11 177 10 146 190 63 182 194 49 68 78 73 192 137 159 95 45 109 38 26 121 91 123 116 29 126 171 40 142 25 133 163 162 127 125 56 74 18 111 66 105 165 
129 89 15 63 81 29 160 115 38 113 195 69 48 19 83 124 199 67 77 171 26 146 184 190 55 78 175 102 131 90 99 155 49 130 86 185 18 149 92 142 27 121 85 72 54 16 148 161 138 188 35 196 93 42 152 180 24 134 103 9 87 17 5 172 82 198 143 123 59 176 157 125 2 11 73 158 106 98 154 114 173 197 200 43 147 68 186 21 60 88 136 61 162 101 164 187 40 91 116 10 150 23 1 170 
89 124 54 193 121 57 30 173 162 32 44 187 87 134 55 84 158 29 98 24 36 10 31 45 12 116 185 77 68 182 148 145 180 92 33 60 43 104 190 165 101 108 172 195 39 53 130 52 91 4 2 106 151 66 95 181 7 156 122 102 140 38 28 192 76 138 183 83 79 146 88 50 61 137 17 82 153 129 93 74 67 114 197 196 142 9 62 46 163 59 94 112 188 126 19 16 1 144 161 11 152 131 110 
76 10 161 89 74 182 159 105 138 84 194 88 87 185 53 95 164 5 199 78 189 24 100 133 184 31 136 112 154 163 56 70 102 38 173 62 8 79 157 13 141 169 124 94 150 7 192 92 85 132 49 174 200 82 22 145 158 23 29 45 12 130 40 153 19 115 73 14 118 180 143 97 26 120 191 9 6 48 160 42 109 90 183 165 1 17 196 34 139 126 193 80 71 37 39 104 135 111 
73 140 118 95 74 138 14 192 83 150 156 136 78 71 117 36 72 107 38 180 12 134 98 129 43 37 157 13 30 104 163 170 49 87 162 63 103 119 109 115 9 70 94 11 6 10 175 194 88 99 21 47 159 184 20 24 76 69 168 193 102 174 85 164 3 97 143 149 56 26 91 44 45 166 200 127 48 65 40 23 167 8 144 182 125 79 151 153 86 61 189 111 148 62 82 53 42 15 169 183 
100 11 158 3 46 97 120 94 171 72 157 199 143 32 71 197 156 184 183 48 39 88 22 79 87 50 41 104 154 59 132 35 150 135 175 151 138 164 74 125 69 140 57 42 119 127 134 168 40 193 101 1 58 141 137 21 85 65 145 111 55 110 80 106 23 113 92 191 8 147 56 187 51 68 9 122 107 177 118 44 54 77 192 78 25 179 149 6 198 194 29 161 28 14 19 82 99 189 109 155 
21 19 38 80 30 78 99 43 188 76 149 125 34 120 5 151 28 36 195 88 118 62 161 65 131 42 23 58 130 177 70 81 115 71 139 165 14 199 75 72 45 26 95 85 148 133 113 187 163 6 127 102 27 73 41 173 106 123 153 59 159 197 100 191 164 64 63 17 109 96 68 172 37 91 61 129 82 104 54 53 24 138 198 175 178 13 136 168 31 69 194 110 184 108 143 192 2 77 122 196 142 147 
166 155 61 123 50 96 22 78 69 14 189 180 37 122 135 114 147 107 134 165 126 117 131 132 24 60 144 137 32 43 45 76 152 17 182 150 179 21 112 125 84 183 190 136 97 118 81 108 33 25 27 51 54 39 159 74 198 103 26 139 66 89 3 48 164 42 70 162 169 195 151 178 100 193 106 163 102 95 196 64 28 88 23 31 94 41 175 67 98 53 133 171 146 186 59 49 80 148 177 
76 5 90 193 134 47 174 10 52 21 4 138 57 178 114 169 3 183 6 53 51 96 131 123 168 192 147 88 83 197 107 94 75 15 60 152 195 145 70 71 119 63 34 37 172 199 56 150 129 112 25 97 194 82 102 79 1 127 108 110 154 186 188 109 116 176 12 160 158 148 85 13 33 137 68 190 165 92 59 9 187 161 149 55 113 185 146 78 35 54 140 181 14 104 151 191 18 44 73 189 179 
141 29 113 51 82 165 142 31 21 190 78 19 108 180 54 200 135 86 107 96 106 34 36 55 160 192 143 71 80 102 58 98 5 35 193 115 45 183 99 64 136 89 26 13 69 194 104 187 83 110 17 126 133 25 56 46 124 145 164 27 168 177 146 181 2 84 170 186 59 44 199 184 24 50 12 76 121 139 157 189 43 38 159 120 109 105 158 30 37 197 91 7 16 147 191 42 119 148 
112 100 31 34 158 28 175 72 82 123 84 3 121 58 116 53 70 26 126 180 17 114 98 150 144 176 4 111 35 161 173 195 39 179 24 146 88 49 2 57 42 188 191 67 93 64 73 15 171 124 9 199 107 19 62 22 91 156 167 40 103 119 83 5 44 142 192 36 162 130 118 6 27 105 127 140 128 164 13 177 23 63 12 52 74 11 110 109 159 43 136 18 81 87 50 54 185 134 120 7 
97 191 76 63 7 21 109 60 40 14 62 184 122 1 137 130 173 46 187 43 99 45 145 30 15 141 56 133 16 73 24 27 196 156 157 93 120 186 20 189 132 111 163 32 17 67 77 158 140 193 80 65 200 78 194 125 115 180 164 3 55 150 11 50 37 152 144 149 48 118 81 127 84 72 33 39 87 71 129 4 174 83 12 131 18 9 165 
101 33 7 27 31 156 140 97 37 112 167 20 98 135 145 104 11 67 127 47 190 63 147 169 102 109 110 173 126 163 46 199 117 53 129 18 186 103 113 134 95 87 83 45 137 17 181 164 136 54 13 168 115 193 22 57 162 166 52 154 74 14 16 81 1 106 96 40 180 195 64 29 32 19 48 132 15 26 116 196 61 188 149 150 99 50 151 107 108 89 176 62 187 157 8 82 124 75 78 105 155 148 23 3 
195 47 194 159 1 180 182 111 102 23 128 112 69 119 162 37 161 54 4 72 27 117 68 166 152 141 59 133 171 98 173 79 73 138 55 170 125 64 93 101 135 50 30 184 100 19 200 198 66 158 41 190 31 15 83 7 11 75 21 18 114 36 67 177 94 80 124 61 196 172 174 29 185 58 192 130 142 153 109 113 121 81 10 65 95 51 115 181 106 
170 142 67 102 187 6 96 155 18 199 78 68 185 98 165 75 157 136 31 2 82 14 143 134 119 133 95 164 100 8 25 93 183 76 44 150 104 200 179 47 54 65 153 171 41 4 146 71 11 103 176 197 162 37 181 139 120 88 7 33 10 186 151 101 17 140 113 105 90 163 69 35 123 62 194 184 30 114 70 175 154 92 173 
152 164 9 138 54 156 78 66 7 81 18 102 188 185 196 88 75 92 132 46 79 52 153 14 166 21 51 200 12 171 107 178 133 74 165 159 105 192 189 124 131 97 109 101 186 91 190 67 83 169 198 199 39 175 140 90 158 62 58 162 193 48 5 141 120 191 170 10 147 94 108 98 181 89 6 71 30 161 61 26 121 176 77 25 47 32 182 3 37 139 145 130 65 36 70 113 73 44 197 187 99 50 179 72 111 173 154 53 40 183 150 
158 92 184 3 121 194 27 73 162 156 117 159 118 123 50 151 34 30 13 28 56 43 91 177 163 5 172 155 90 102 136 80 120 89 62 20 150 71 40 193 72 126 12 175 116 152 148 190 107 165 93 76 21 124 114 139 16 17 146 67 132 137 45 47 143 11 140 97 154 61 112 167 110 131 8 35 128 44 94 105 36 64 58 200 18 99 63 115 138 6 65 54 171 196 49 39 37 32 189 187 59 24 197 53 10 
7 132 185 54 175 38 36 118 125 78 157 3 65 123 20 17 5 139 143 32 166 113 149 104 181 97 62 37 140 79 57 51 110 87 102 73 29 42 71 81 190 182 74 68 180 55 159 121 96 193 41 24 103 170 100 162 63 105 137 133 135 27 22 64 186 108 107 16 106 48 130 82 169 67 119 44 23 155 128 45 172 158 72 70 8 187 199 50 10 147 191 39 89 1 179 178 66 152 30 195 138 116 198 101 
98 90 182 83 87 135 92 53 82 14 117 84 36 125 69 57 164 178 181 108 148 47 79 103 12 142 97 124 113 1 102 126 132 170 161 24 185 123 120 88 163 58 143 194 184 190 150 19 41 74 25 48 26 136 153 128 162 54 168 160 106 33 179 11 121 101 191 105 186 16 52 61 171 27 174 183 37 8 62 31 173 66 116 195 139 75 44 28 114 21 46 100 45 7 151 137 81 
123 138 94 40 199 71 51 31 151 111 132 158 119 125 174 176 60 154 149 39 190 35 136 177 7 78 84 25 85 66 68 102 42 171 23 76 52 27 93 48 146 43 116 80 15 96 90 24 92 2 135 187 11 167 89 45 145 142 194 64 33 181 97 130 182 61 141 69 147 101 72 5 170 143 3 104 127 53 87 91 9 114 180 134 153 120 186 54 65 161 118 103 197 200 159 126 110 139 19 38 77 192 122 32 188 166 157 49 75 109 
29 187 63 8 152 99 41 87 127 164 167 66 101 59 26 103 75 22 139 109 97 116 42 28 54 111 64 163 194 50 94 19 81 114 190 143 197 124 45 73 133 15 38 24 158 183 79 145 5 90 47 72 18 35 180 67 173 159 135 110 100 30 53 169 138 61 85 11 193 98 161 106 115 177 44 102 14 137 108 88 91 76 2 136 86 96 56 172 52 69 117 13 179 17 82 112 150 149 147 195 78 84 68 154 
55 90 93 132 76 167 142 162 183 75 146 46 147 49 166 9 194 31 138 148 118 173 184 11 82 60 35 1 193 92 110 187 13 97 94 50 74 130 45 40 99 153 128 89 126 2 125 78 29 43 102 66 32 115 47 151 71 53 144 121 20 69 133 22 83 155 28 161 62 190 156 139 24 188 182 107 64 160 88 169 19 181 159 6 36 86 127 131 106 18 192 44 163 100 14 23 
30 34 50 98 114 97 197 59 180 24 157 176 183 137 105 200 52 83 160 121 127 23 85 79 77 119 44 91 57 42 111 146 150 165 106 133 122 158 51 149 84 145 93 144 25 192 125 135 46 175 194 22 4 187 152 129 179 168 90 10 171 95 74 154 73 26 81 20 166 94 99 1 186 134 2 82 64 18 185 118 173 172 177 29 116 
193 14 60 118 88 181 161 80 64 44 55 174 184 178 40 103 146 113 25 78 102 13 29 121 24 191 105 46 182 190 122 42 28 43 199 157 74 49 112 136 81 21 62 41 35 172 143 106 110 186 134 162 167 171 89 183 130 98 72 196 84 83 195 5 185 147 54 198 145 30 73 8 107 114 166 70 32 31 9 92 164 27 7 76 119 6 132 160 197 126 153 168 187 151 170 95 94 150 139 194 
1 189 56 175 170 181 147 2 44 195 4 191 124 152 164 172 25 68 186 126 163 194 138 22 145 103 3 118 174 35 11 130 58 7 95 15 173 67 91 66 27 87 101 178 77 85 8 53 12 20 136 5 109 60 157 9 162 10 71 121 93 158 100 200 26 143 167 148 23 6 84 176 72 40 48 33 116 59 97 188 14 129 184 187 123 98 62 132 110 46 42 54 19 64 18 70 29 63 99 166 
177 45 197 82 86 164 107 28 56 43 130 90 179 75 70 111 196 180 10 152 123 74 190 166 67 2 15 198 1 98 171 66 124 146 27 95 81 79 169 60 113 159 147 89 100 57 136 158 85 42 80 55 65 78 114 109 112 175 53 44 170 23 119 162 87 36 178 143 64 131 163 26 6 174 4 142 161 157 192 7 133 22 49 24 182 187 122 141 40 83 135 88 92 69 
124 150 53 75 35 127 63 32 100 145 44 36 165 95 166 164 61 136 48 87 199 153 122 113 11 8 186 156 21 169 23 69 187 182 65 101 132 181 9 83 39 193 58 198 88 126 82 13 128 74 200 25 49 84 72 114 50 180 189 192 102 19 154 3 89 194 142 78 42 107 10 155 131 121 64 174 98 116 185 38 76 195 110 54 161 143 148 190 178 183 134 140 79 34 135 
134 172 155 192 58 37 186 196 63 14 95 136 185 83 61 120 123 116 70 2 169 144 174 46 1 17 41 121 10 168 146 184 183 133 193 90 31 142 62 64 111 4 112 147 170 104 189 57 107 177 200 178 89 118 53 28 131 11 12 55 66 103 182 150 124 173 153 191 130 43 93 195 72 13 148 60 127 198 20 39 156 91 140 18 114 132 84 24 32 151 139 100 71 122 108 167 22 48 45 36 181 34 117 27 141 40 88 166 110 
198 43 94 144 134 199 176 30 47 2 127 84 50 178 165 187 125 103 56 129 104 12 109 49 72 197 74 87 110 111 24 23 170 137 146 98 150 135 21 166 41 106 162 161 156 54 108 140 138 90 195 42 76 105 200 99 163 80 9 15 52 116 77 19 86 22 95 82 184 20 85 51 193 123 45 27 40 62 55 117 119 194 147 71 58 65 141 151 131 1 31 53 28 152 172 34 70 148 130 
48 36 105 106 139 79 111 75 181 131 107 121 194 63 54 47 132 161 49 185 126 33 76 1 28 166 14 17 67 186 82 84 7 92 10 180 88 64 140 89 87 197 77 83 153 134 24 125 167 176 122 174 97 95 39 62 4 9 129 183 152 52 42 60 22 199 44 162 118 51 29 26 193 72 178 102 23 154 58 149 66 57 195 21 116 168 198 40 177 74 
176 81 46 146 36 139 169 125 45 200 199 163 172 38 196 86 151 2 156 12 137 171 87 174 114 173 71 6 61 128 133 115 170 134 154 95 66 100 180 186 69 65 131 157 49 160 150 32 34 1 183 67 198 149 23 14 60 76 75 33 82 144 13 117 53 11 92 191 83 97 39 189 26 152 159 136 58 72 70 185 73 52 5 107 132 106 56 110 22 166 41 181 43 141 84 94 37 108 63 
121 34 38 131 61 124 43 181 37 179 170 90 160 17 159 102 174 180 165 184 138 128 178 11 133 164 172 93 187 183 130 41 60 155 3 78 192 152 98 53 72 54 127 14 167 143 56 81 197 55 12 182 85 67 107 40 46 199 132 195 70 65 185 117 88 144 145 146 66 173 148 190 149 186 57 76 147 125 122 26 35 119 129 156 71 110 22 135 177 84 21 63 154 10 163 99 166 141 108 5 101 83 113 20 24 
118 18 123 109 80 122 42 108 171 44 104 128 105 182 133 142 9 145 41 16 94 113 39 86 161 156 124 135 130 23 162 192 177 166 98 137 59 173 172 97 191 99 30 115 73 46 76 89 200 53 17 82 198 37 119 114 143 51 92 149 189 185 55 75 95 64 155 40 66 31 178 8 127 81 151 45 138 152 90 134 65 159 131 125 21 176 186 93 24 15 147 62 168 117 88 52 83 184 
171 8 124 120 196 151 127 6 10 39 62 117 137 67 126 156 149 134 71 145 111 179 95 189 46 86 32 157 132 66 140 105 185 50 45 55 183 169 104 83 84 43 174 194 113 78 155 101 7 125 199 192 30 41 154 80 19 97 146 166 42 135 141 51 26 136 99 142 2 81 20 56 35 25 162 48 186 52 76 114 44 109 64 96 37 118 138 143 119 18 121 93 123 129 31 
159 125 175 89 198 73 181 142 131 90 114 139 61 95 194 180 104 39 178 134 112 192 58 111 76 77 105 60 20 118 83 47 113 116 188 190 85 28 100 53 17 126 106 43 140 10 133 97 137 9 7 145 91 99 157 40 174 37 138 51 172 179 199 50 70 127 13 36 146 153 52 71 56 98 103 88 183 82 162 110 94 117 81 54 121 21 147 5 16 108 46 101 59 25 78 107 102 2 
164 146 69 83 74 35 135 110 36 157 200 186 178 150 98 45 107 130 58 11 75 80 25 96 193 158 19 84 118 4 171 53 13 113 155 174 138 40 82 87 49 189 148 44 43 144 182 170 162 8 26 191 187 152 14 180 159 27 78 16 109 31 70 59 181 188 86 60 160 192 6 117 123 177 54 116 29 41 39 79 169 51 194 20 88 161 168 153 28 71 111 67 175 120 100 62 89 143 119 63 154 184 32 30 198 163 156 
82 48 128 89 67 79 4 35 27 38 60 175 191 17 127 55 171 118 99 160 185 84 115 74 33 14 184 25 54 154 23 158 122 170 199 135 31 200 71 109 193 183 151 155 87 95 120 50 13 189 65 42 78 11 5 32 81 36 61 45 150 130 195 162 180 83 131 69 98 198 187 114 86 152 119 19 141 143 15 43 64 76 106 177 39 18 186 113 147 174 40 10 37 44 126 101 28 
200 163 108 113 28 190 58 44 93 136 185 188 17 88 76 15 48 182 22 11 9 178 72 197 160 187 20 117 181 73 45 19 87 83 66 69 127 140 177 70 91 109 176 130 2 139 143 100 30 103 122 42 49 123 158 18 153 193 79 166 14 114 135 169 183 195 29 97 131 118 149 3 40 107 170 81 120 128 101 179 137 4 82 94 39 59 154 180 
67 83 29 188 127 9 161 62 148 115 157 13 51 185 173 118 191 126 16 4 107 117 79 20 97 174 166 135 50 57 96 146 114 151 1 175 104 170 5 59 134 33 182 35 102 19 27 22 76 80 143 45 89 87 56 112 23 30 93 58 113 109 69 128 75 73 186 138 156 139 94 25 168 46 17 103 48 90 18 64 71 28 81 164 189 88 121 68 130 171 178 158 152 110 72 65 54 70 198 52 108 91 
99 145 146 169 86 189 69 74 9 42 102 37 196 40 167 105 43 95 119 6 62 76 24 72 25 49 87 182 94 127 140 22 198 176 78 93 190 90 111 150 135 178 132 104 174 130 20 128 36 162 35 154 28 184 88 10 183 41 32 75 38 199 64 84 144 172 168 193 158 166 106 56 23 149 148 71 101 46 108 5 54 191 44 27 161 117 180 155 112 123 91 181 7 63 80 2 179 156 57 159 1 
144 124 66 68 111 153 41 147 150 5 57 183 42 62 189 38 132 199 191 61 11 16 95 3 163 127 172 64 71 93 35 190 59 97 94 37 52 149 101 4 15 193 104 114 58 169 84 196 136 60 161 82 141 31 29 8 120 164 175 91 86 108 154 156 166 131 146 106 83 63 128 92 167 174 116 43 55 179 48 123 33 20 67 187 7 47 145 130 138 78 45 14 79 69 
47 56 72 118 195 122 6 97 21 128 46 189 49 41 154 24 96 179 153 155 114 26 144 106 181 139 93 16 29 88 7 77 64 62 132 137 89 95 30 22 170 19 130 151 102 48 124 111 57 158 100 162 200 173 65 165 3 194 33 148 104 161 187 25 60 175 186 98 68 76 45 38 116 174 119 101 83 147 193 58 163 159 115 73 171 34 28 113 84 55 20 92 133 
6 8 2 18 46 88 56 182 66 169 17 108 37 92 102 198 65 58 29 134 193 67 78 103 105 89 73 146 137 184 132 48 119 199 143 69 181 195 62 45 55 22 120 25 109 158 39 118 99 162 75 21 74 163 152 155 42 141 117 149 131 192 151 96 61 35 145 172 84 153 77 86 15 133 97 16 14 90 180 98 13 71 9 188 123 130 100 68 7 128 63 114 19 142 144 161 36 81 32 26 
55 134 14 27 158 63 131 160 35 19 4 169 47 156 58 195 69 72 111 161 6 15 7 26 79 99 105 23 101 67 128 65 114 149 194 135 51 52 150 113 89 170 18 91 196 38 75 139 118 155 36 123 87 74 109 3 167 157 177 54 9 179 164 154 122 112 31 22 45 110 129 59 180 171 80 98 200 119 165 176 88 142 10 166 144 108 77 16 130 191 97 41 20 187 197 5 162 172 37 185 1 182 193 24 
191 19 110 58 146 195 114 42 68 125 29 90 178 78 54 180 53 129 185 22 137 45 148 30 169 50 179 127 126 56 17 40 48 135 182 36 166 103 105 34 43 70 27 138 188 193 69 10 88 77 117 100 14 80 132 118 171 107 176 38 189 3 73 194 25 136 147 63 198 55 20 167 84 12 156 98 153 141 172 190 91 4 106 165 76 155 37 145 130 82 123 
188 85 190 65 55 70 146 92 47 104 108 49 185 100 183 5 150 33 126 143 111 59 24 119 7 74 102 174 170 4 200 17 179 1 37 54 91 14 128 117 19 34 11 159 60 130 132 23 160 68 35 120 175 52 62 125 113 10 79 95 30 116 168 182 84 81 101 48 8 22 187 3 29 50 139 155 161 53 153 83 124 106 141 63 145 18 61 21 163 181 13 69 196 193 118 194 110 
112 56 89 31 140 138 151 46 97 50 185 28 183 98 77 76 166 168 83 73 67 30 44 188 88 53 158 49 131 130 120 27 153 194 75 52 32 11 106 180 198 66 25 174 124 19 92 182 128 41 127 7 86 40 137 147 72 81 102 108 24 93 14 167 79 115 107 61 160 60 129 144 125 38 23 196 4 141 78 122 21 163 126 136 54 26 8 82 9 186 55 162 58 45 96 2 150 35 195 156 117 
87 28 122 115 57 11 117 45 66 29 26 108 158 88 25 17 131 170 119 2 60 190 56 159 124 146 7 184 52 196 126 166 163 4 65 62 160 41 24 69 86 42 121 168 71 50 162 1 120 63 18 90 43 59 83 139 55 36 114 165 46 85 192 169 156 107 82 77 110 37 157 30 40 74 70 194 155 113 19 44 200 127 179 78 97 125 72 186 138 175 5 197 149 148 137 154 94 8 64 32 51 
83 109 103 146 18 145 3 50 22 28 131 141 120 4 85 17 46 172 138 56 64 110 171 188 130 156 40 153 183 111 100 165 54 125 91 69 164 106 16 73 48 82 139 36 198 97 174 79 170 42 175 149 80 122 136 176 35 148 87 19 98 59 63 15 7 65 84 39 117 151 168 184 5 94 200 13 162 14 76 178 86 66 81 
177 85 73 151 10 5 116 113 78 35 119 97 115 141 48 131 9 198 138 126 42 132 187 117 46 190 95 148 88 28 107 130 77 161 45 72 162 144 4 153 135 60 37 160 129 106 140 24 167 68 143 26 188 47 174 3 192 52 150 6 55 13 38 134 124 61 87 21 50 118 191 195 54 14 185 189 166 110 44 156 74 133 142 157 93 99 165 173 91 64 67 90 168 40 84 181 196 175 51 29 69 121 94 193 170 183 80 65 31 70 43 
37 107 102 47 148 121 86 82 144 111 193 70 140 63 176 66 71 33 118 180 76 75 56 150 145 46 94 187 4 27 189 122 81 166 168 194 155 18 87 6 90 19 186 185 93 127 188 190 11 126 31 54 149 12 154 104 109 165 143 91 146 161 5 64 139 77 116 123 67 40 62 78 92 157 14 38 21 172 170 44 196 158 80 41 160 117 152 36 162 173 20 99 65 17 130 35 133 15 98 10 89 68 
135 61 110 152 86 149 3 111 127 174 122 24 189 184 185 130 138 133 26 60 10 83 148 168 78 41 79 125 186 15 2 162 51 8 7 121 92 198 199 58 32 144 188 200 64 34 25 67 49 20 55 134 131 62 84 91 156 163 18 119 169 52 112 71 146 65 175 173 170 150 196 90 98 157 154 1 22 70 107 124 9 30 94 56 39 177 75 176 54 93 63 118 166 158 33 17 5 27 85 
111 190 146 188 67 19 165 78 59 16 149 95 28 17 53 71 170 129 121 41 107 160 162 140 158 77 152 199 65 127 11 62 20 135 35 54 123 75 98 45 72 138 79 51 34 112 186 84 133 36 106 93 27 124 171 167 58 21 164 99 154 145 6 139 136 73 157 153 12 187 114 92 120 119 151 90 185 82 200 91 103 161 134 180 177 179 168 46 126 191 87 176 196 189 195 
144 1 35 115 123 149 78 32 178 49 76 52 125 50 28 137 72 109 24 163 63 119 75 136 152 154 8 110 126 3 54 131 59 162 98 97 31 14 62 96 11 95 19 158 187 135 132 129 145 55 140 134 37 12 2 17 66 99 159 170 188 166 199 22 34 87 60 198 26 36 182 91 15 58 102 40 179 193 45 67 142 121 69 77 82 120 89 155 195 167 106 147 4 88 93 173 
144 90 176 157 146 167 93 52 65 112 182 106 148 163 183 83 192 177 77 139 111 91 175 46 98 30 169 78 195 24 160 162 68 174 26 85 66 41 127 12 16 158 92 33 53 107 21 39 42 116 45 100 134 164 5 35 54 13 153 180 189 67 96 57 60 141 14 197 194 47 34 168 23 10 120 99 86 200 117 103 181 198 61 79 191 81 186 132 154 187 9 149 133 76 20 102 119 18 161 3 124 114 49 121 70 82 196 145 58 
66 14 6 26 84 22 47 54 125 93 88 58 118 139 95 162 80 132 43 49 163 138 153 34 76 103 38 25 183 169 15 4 42 150 51 181 130 23 40 197 61 39 75 60 18 199 142 161 128 87 189 146 63 182 167 81 123 178 57 149 127 115 148 185 30 35 20 158 1 157 140 166 27 104 145 70 73 36 67 24 160 97 79 155 8 121 114 102 101 105 77 46 154 53 109 90 119 94 192 177 196 172 143 21 164 56 
162 77 113 89 180 185 145 147 73 154 68 47 148 90 167 171 188 4 199 133 65 155 38 44 181 191 79 37 108 100 39 193 176 114 132 195 146 88 189 58 157 152 117 59 45 120 74 142 7 111 87 156 42 151 109 153 71 23 49 159 184 104 143 16 31 85 69 41 35 127 97 25 128 50 36 24 137 60 125 192 172 33 91 166 168 118 5 174 136 139 112 19 64 76 150 57 70 98 140 183 
24 36 80 137 123 105 122 187 155 121 7 54 166 173 20 39 60 141 102 4 99 65 182 169 37 26 19 90 180 133 179 23 192 28 114 195 9 83 22 11 62 146 89 63 175 16 59 72 108 152 165 91 143 6 56 67 66 194 86 32 125 43 74 55 176 124 38 49 168 82 47 119 106 113 150 184 132 139 46 1 193 95 181 183 117 112 177 35 42 3 
117 3 57 60 4 41 106 30 108 20 163 113 167 34 130 15 2 5 26 169 135 96 114 109 29 18 171 107 33 70 121 175 198 170 134 183 61 164 9 69 192 13 64 63 1 196 94 158 131 83 27 140 62 7 172 136 98 11 161 47 142 157 147 10 116 92 124 6 52 155 138 146 82 181 37 166 185 186 8 180 104 103 59 24 84 77 78 40 71 86 139 22 187 87 182 
117 16 59 84 53 47 133 75 17 140 44 175 146 168 156 27 61 102 73 78 43 96 72 1 114 58 121 162 90 13 196 94 131 157 79 33 126 170 122 171 32 30 139 138 70 82 101 57 9 195 56 180 125 45 97 115 192 154 40 76 19 143 95 77 22 74 64 39 149 200 60 85 193 165 119 42 150 176 113 14 178 51 99 104 10 15 148 87 144 62 35 132 110 106 151 152 49 109 183 181 147 
42 67 15 29 27 136 21 55 169 121 187 28 1 161 109 65 148 200 32 134 137 24 158 140 196 40 183 124 35 170 23 52 77 88 6 9 155 3 185 96 110 31 25 16 95 78 149 146 71 174 37 62 48 102 116 59 107 171 85 87 115 76 92 197 17 19 129 180 166 74 5 120 167 10 80 79 175 30 126 154 82 101 142 139 193 141 192 163 91 105 
156 20 173 85 134 56 166 70 64 76 117 197 124 165 189 199 152 135 12 136 188 27 126 31 18 125 109 193 120 162 140 137 95 200 180 4 133 48 178 98 153 46 90 144 21 65 107 43 164 139 59 36 118 54 187 141 50 10 51 97 96 123 108 157 16 2 150 28 100 19 114 163 186 110 72 47 8 66 121 103 5 191 93 190 158 69 29 131 84 78 30 35 185 146 88 101 22 99 94 9 
53 134 29 22 151 61 139 108 105 195 71 78 154 64 20 170 37 110 115 69 190 44 101 68 196 16 171 172 136 17 160 96 87 118 74 166 12 131 24 6 23 142 36 55 67 51 167 11 143 159 102 125 85 8 176 121 146 43 128 120 138 181 135 133 111 175 158 174 1 45 75 59 83 192 148 116 54 188 7 173 5 126 25 152 184 3 168 72 180 62 104 187 147 200 140 191 82 2 157 9 52 14 40 103 32 66 
103 139 16 145 66 153 188 4 122 155 77 175 5 185 166 22 108 62 195 181 149 197 109 144 89 2 68 147 134 127 42 98 114 1 23 160 70 86 83 12 35 110 11 57 37 96 73 118 45 152 101 10 75 116 172 142 121 159 38 154 65 52 135 137 177 88 178 32 174 51 80 3 131 39 13 93 157 61 150 140 128 176 151 164 136 33 126 165 107 129 71 36 49 40 91 26 47 106 78 44 7 
137 103 149 174 66 183 144 185 158 95 87 17 53 15 199 65 20 151 105 50 30 85 60 175 138 110 68 162 125 37 148 115 6 196 57 193 116 139 56 24 64 88 159 86 124 47 132 25 59 3 107 128 12 160 21 154 198 143 119 168 49 77 8 41 58 104 52 108 141 91 194 32 187 93 157 81 72 130 172 109 62 101 44 177 155 180 2 69 133 89 7 173 167 74 61 190 118 188 29 184 67 
105 127 158 142 84 81 72 133 42 19 113 124 21 56 29 3 147 102 129 190 117 99 195 88 95 143 53 31 100 189 13 111 156 193 75 48 62 51 132 182 90 20 73 64 197 181 199 27 4 43 18 137 89 37 34 185 30 87 22 164 191 76 178 36 176 5 183 54 68 120 200 52 170 138 49 15 115 55 69 46 128 93 86 79 114 61 134 186 91 41 63 125 177 12 146 144 57 161 174 154 171 25 38 180 
162 154 147 44 160 65 37 11 156 139 104 28 108 90 24 20 132 12 100 48 185 7 1 43 32 106 192 84 14 151 23 198 41 94 95 72 57 105 118 4 21 140 49 17 196 56 64 186 168 77 174 42 38 71 126 6 103 39 26 115 99 128 52 45 25 150 75 159 137 63 124 31 194 133 78 92 113 116 111 47 145 153 130 97 51 191 60 8 19 81 89 178 85 146 136 
75 165 105 148 158 19 137 59 182 41 122 66 154 175 106 36 159 67 35 83 62 6 98 146 127 84 8 163 58 7 51 5 120 27 53 90 167 71 81 166 40 56 20 97 126 189 103 96 12 68 173 63 104 29 160 47 92 78 48 170 144 138 132 44 112 197 180 107 157 136 49 46 60 179 185 118 10 161 77 177 87 17 85 195 15 169 184 95 88 52 156 16 109 129 89 121 80 72 23 
13 41 137 141 161 157 86 115 55 143 33 187 5 62 30 112 160 123 110 93 145 119 162 171 97 88 53 11 4 150 70 136 139 81 125 23 106 59 167 132 79 77 82 78 37 51 36 76 118 111 34 159 184 90 186 126 195 67 16 114 40 113 196 95 146 173 192 117 140 170 44 164 68 183 154 105 87 165 12 2 60 134 56 148 182 96 
163 44 72 33 172 144 27 168 108 31 84 140 196 71 85 174 96 10 98 58 79 191 145 124 146 47 75 70 159 179 121 7 155 107 185 99 190 103 109 183 142 24 48 130 178 95 38 110 20 32 193 157 128 119 115 66 54 118 132 64 102 57 153 117 49 93 94 59 29 166 167 113 55 125 45 105 176 52 111 19 15 53 21 147 61 101 134 51 8 40 161 135 192 67 2 158 56 126 182 150 37 86 