200
11 171 104 40 98 170 22 85 194 19 91 18 183 189 184 118 113 144 174 12 140 120 69 156 30 57 128 143 178 166 28 105 154 2 110 195 193 61 13 173 139 150 34 137 181 141 53 158 164 14 36 161 114 84 94 200 97 165 41 83 26 86 37 43 70 96 6 179 145 124 81 47 186 95 121 160 39 77 108 135 16 88 20 132 196 59 51 4 106 157 125 133 109 138 185 169 134 5 76 89 103 75 90 188 66 
68 189 137 104 58 59 46 151 138 71 122 79 194 105 133 6 168 188 19 52 1 180 5 28 125 169 114 153 107 183 10 146 143 54 185 199 64 9 26 15 21 172 36 182 23 157 161 12 131 130 94 51 76 55 86 56 128 171 92 118 129 162 187 20 90 141 41 53 44 103 29 167 176 17 25 148 113 193 195 126 123 33 150 88 108 81 147 50 75 65 164 11 82 184 93 
187 32 74 104 121 83 149 116 113 30 169 82 25 150 90 185 59 179 46 132 154 152 125 47 128 117 88 6 171 56 57 107 129 130 127 200 181 39 54 72 45 115 55 177 164 4 51 153 158 140 53 38 126 105 142 101 50 134 145 80 52 10 111 15 147 197 165 99 24 189 76 114 87 112 78 23 194 175 133 21 95 75 143 42 157 100 11 180 146 106 19 66 27 183 108 118 
102 173 182 106 187 121 15 181 96 199 155 13 114 7 186 14 101 183 191 122 149 98 152 150 26 91 92 124 54 75 68 44 34 55 189 139 27 64 180 3 111 116 1 22 18 53 11 143 73 90 197 57 131 94 128 25 49 129 110 195 103 85 50 43 123 78 112 117 72 46 70 163 45 83 58 193 59 67 107 105 95 156 84 99 141 142 159 196 41 198 35 56 169 93 172 80 82 179 65 81 42 125 168 6 10 134 184 51 21 
146 162 133 156 26 186 160 94 168 82 85 144 184 137 12 70 116 2 114 172 40 105 18 27 9 89 170 196 108 113 167 111 57 131 128 23 138 106 177 28 122 178 41 16 65 48 150 7 107 164 44 37 127 13 42 180 69 96 173 73 21 17 92 188 102 19 99 187 134 25 64 101 139 38 147 31 136 75 1 183 81 15 20 109 175 192 80 179 56 132 32 22 93 86 142 54 152 59 
59 133 102 198 185 51 181 144 50 188 124 88 12 16 72 179 48 70 141 66 129 197 139 20 78 73 105 84 37 113 157 47 43 4 45 147 162 200 31 46 36 64 79 186 33 194 136 158 42 173 65 174 28 67 69 57 1 150 111 190 152 178 170 164 9 165 89 25 125 167 123 99 3 83 58 2 93 168 176 145 85 91 118 101 192 166 35 40 119 161 180 21 95 63 153 151 34 
38 10 195 13 23 53 129 54 154 119 92 122 104 155 113 163 14 175 140 101 198 32 96 142 16 78 108 40 42 200 181 8 93 151 65 137 43 171 69 149 27 66 20 79 106 187 61 196 74 199 70 117 153 59 75 121 103 138 139 4 63 5 26 156 190 172 107 194 170 179 188 118 64 68 56 89 90 72 58 17 73 182 102 125 82 177 46 115 120 36 141 84 28 164 112 146 49 133 147 109 183 178 168 
104 157 86 154 150 124 177 145 30 28 11 164 17 199 47 103 114 70 166 111 78 91 159 163 48 18 42 10 22 149 80 51 57 49 132 84 102 135 133 191 45 95 123 148 119 14 9 175 7 25 99 143 74 156 141 65 67 160 35 31 107 79 142 158 77 89 136 117 16 60 180 110 81 195 126 52 125 118 127 68 151 190 54 192 198 34 66 144 167 161 186 122 32 109 139 12 129 115 165 
120 197 158 155 62 139 90 149 180 132 191 181 185 34 82 129 97 188 170 113 169 77 60 51 103 163 190 41 47 114 84 38 162 102 137 80 70 15 81 144 19 52 96 195 23 2 199 112 183 98 157 61 138 30 21 37 24 110 175 65 168 6 17 45 154 87 59 44 12 93 165 94 167 8 131 150 122 179 32 69 140 164 106 73 147 127 196 172 92 123 5 192 55 108 109 20 118 128 
23 193 19 136 67 59 27 111 64 127 37 71 166 40 188 137 77 176 48 189 21 43 102 100 35 55 154 26 24 30 115 18 92 80 87 39 139 32 73 196 12 97 194 119 81 143 199 173 151 190 38 171 142 95 180 103 164 90 98 82 124 101 51 109 3 132 141 69 54 89 123 11 159 42 4 131 84 192 93 167 195 113 8 72 122 114 13 150 130 2 163 197 107 105 170 60 152 16 7 86 158 177 
30 193 104 75 180 21 10 186 110 108 100 151 129 90 109 83 103 72 168 169 118 182 185 74 116 113 55 68 147 144 126 155 135 12 175 1 163 58 167 159 50 67 2 17 97 61 157 69 37 64 150 145 27 63 59 78 162 43 94 195 132 105 124 81 19 137 48 29 99 152 8 87 199 196 139 51 4 3 89 22 122 71 79 128 136 96 45 181 95 140 85 106 146 
75 174 18 17 117 32 36 109 71 105 149 114 9 151 62 53 143 24 8 74 118 41 11 122 50 1 112 106 86 30 134 168 90 169 48 139 2 15 182 147 37 153 137 121 57 81 42 6 58 125 156 181 129 14 130 126 177 60 157 79 102 25 111 124 70 110 132 175 144 193 95 10 108 47 97 34 120 189 13 82 192 148 196 165 51 188 116 27 65 140 56 167 172 5 72 115 123 158 104 100 64 78 179 35 28 99 38 200 163 96 
12 79 96 27 16 99 17 186 74 104 4 119 5 127 132 118 80 115 51 157 88 91 20 181 185 38 43 170 129 81 110 154 100 106 108 167 58 47 102 57 28 40 109 190 148 50 78 97 84 76 70 10 1 133 30 151 191 163 41 45 69 174 66 52 134 172 176 145 73 34 158 54 144 33 71 64 7 143 188 44 159 184 149 
7 187 58 50 172 77 84 4 175 129 75 119 26 199 21 166 73 198 46 32 44 148 107 190 111 24 41 38 80 135 105 158 174 176 91 157 15 55 132 173 19 142 56 8 82 196 29 54 67 133 1 114 90 169 27 123 60 116 167 52 101 23 127 49 124 99 195 18 153 197 66 191 155 62 87 61 122 178 180 89 163 108 121 179 81 86 12 145 98 171 
138 12 74 147 122 67 158 52 117 22 132 18 83 93 181 127 188 180 28 17 196 151 116 94 5 26 59 179 57 136 150 68 75 55 109 113 126 78 177 191 110 152 186 118 103 65 86 164 157 36 51 175 156 31 145 2 190 195 121 50 183 104 112 182 168 9 142 176 4 81 3 149 21 40 44 99 98 14 107 32 194 56 
61 29 159 8 188 69 133 59 58 163 97 92 13 34 186 39 172 38 156 54 196 6 41 139 153 90 169 151 177 63 128 200 171 30 67 168 183 126 116 79 152 194 190 145 44 149 144 64 73 89 160 155 191 7 100 147 1 184 33 51 176 189 199 93 19 26 162 21 125 123 78 119 104 91 103 10 174 173 52 120 167 70 182 124 5 110 114 42 40 117 111 75 161 131 45 37 17 96 187 28 18 65 87 113 129 53 
94 9 145 184 30 178 80 189 34 26 160 179 180 5 183 53 176 19 109 95 110 32 120 103 193 106 151 124 82 140 61 88 135 57 78 162 168 164 137 126 23 2 20 143 11 186 161 175 185 130 104 113 138 56 16 182 97 28 72 87 194 191 75 170 163 169 46 123 86 107 13 36 37 146 67 93 132 39 22 24 21 15 166 181 89 52 101 43 7 71 27 147 45 149 167 8 12 31 50 142 33 
1 142 123 57 35 94 130 178 73 166 193 187 135 14 16 111 75 172 60 155 107 12 174 59 129 115 38 181 47 133 199 24 105 191 72 23 44 188 125 150 49 145 175 99 21 138 5 53 42 194 4 86 67 87 137 27 8 15 182 88 69 197 160 153 98 179 97 117 33 89 78 46 147 144 159 10 26 70 41 139 96 95 62 128 55 71 157 50 90 189 104 173 186 184 77 25 149 31 80 
23 146 142 37 72 35 97 200 169 118 86 16 5 167 2 67 64 112 17 9 120 183 138 14 33 173 130 30 92 108 147 160 198 11 29 43 57 62 195 27 101 179 156 121 28 124 44 3 68 196 65 10 119 140 126 25 152 116 41 34 115 98 88 24 89 20 131 63 60 109 58 194 117 170 122 78 192 1 154 184 31 93 104 73 145 22 84 181 83 47 158 135 69 171 
1 86 186 109 6 121 103 89 5 131 194 42 36 32 72 146 54 17 58 177 2 100 143 116 173 122 77 135 67 22 141 153 46 28 82 33 90 7 164 73 27 96 104 40 80 193 9 13 138 43 62 137 130 120 163 25 34 68 145 192 191 66 123 156 133 128 179 185 196 19 134 161 198 147 113 30 111 114 154 150 63 76 45 189 170 105 108 85 159 59 172 84 23 
99 38 111 5 11 6 165 118 81 182 130 83 150 17 155 45 4 140 197 143 172 162 16 104 115 47 66 63 170 120 36 121 173 122 41 18 39 167 26 116 73 149 46 110 31 113 10 125 97 146 71 34 187 186 50 160 27 105 176 192 58 14 129 2 103 147 188 95 85 15 40 62 48 195 164 9 191 138 61 80 144 65 100 94 185 183 96 37 175 184 194 3 72 51 123 
88 119 99 4 80 176 73 5 90 45 141 111 77 148 147 20 184 133 56 52 154 1 33 192 66 92 171 65 137 175 19 38 51 96 162 156 144 197 168 71 107 142 140 49 31 113 194 72 11 62 8 40 189 30 53 128 161 68 69 196 149 177 150 200 136 183 160 178 188 17 170 165 155 60 164 58 190 114 132 198 70 36 25 191 55 74 185 44 139 84 118 41 27 15 152 93 
171 50 180 35 195 111 108 63 102 126 148 170 191 112 183 110 65 79 153 40 97 109 120 28 119 178 136 151 45 106 77 98 163 114 158 49 93 5 168 107 146 140 14 128 150 131 125 179 90 162 2 144 165 17 32 80 193 99 67 173 54 9 82 113 145 78 149 33 129 85 196 84 74 46 152 83 167 3 164 187 142 31 160 190 117 19 48 7 10 66 38 81 20 172 169 51 115 18 55 177 116 186 69 161 62 39 156 91 
108 82 150 116 125 10 59 76 126 55 111 53 37 182 18 81 75 84 95 48 131 60 100 58 92 147 160 19 122 135 188 67 132 44 129 90 107 78 87 170 25 196 77 43 144 192 119 32 169 190 176 42 178 142 143 12 184 69 98 180 28 154 29 72 133 194 117 159 71 17 105 171 14 141 113 36 9 62 162 118 106 3 137 177 120 41 68 167 
196 195 138 179 117 173 137 127 106 165 58 97 54 22 110 143 86 81 188 6 180 199 194 57 153 193 77 62 171 109 151 68 161 126 185 152 155 113 61 94 3 26 176 142 103 181 63 42 96 8 40 159 95 83 158 186 136 102 128 49 5 184 135 65 47 56 166 24 64 145 154 89 192 18 190 67 12 19 108 139 44 104 20 174 76 125 31 79 36 168 53 74 169 118 91 101 120 71 160 130 144 82 50 4 2 163 51 85 191 197 
168 14 10 39 141 71 189 16 196 162 58 29 177 119 77 154 185 48 139 145 146 55 68 193 4 73 102 155 158 199 86 152 38 74 130 80 184 178 40 197 120 181 123 163 113 192 176 53 191 87 135 28 62 164 156 144 107 167 165 183 5 31 151 136 110 160 97 37 157 88 109 198 44 64 17 96 172 161 106 21 27 78 142 25 137 7 85 84 1 148 15 105 134 52 90 99 115 159 51 18 98 36 54 59 32 2 
193 112 30 37 54 36 71 117 70 125 84 19 38 14 163 78 72 98 140 59 55 148 40 138 50 170 12 115 93 114 100 177 3 132 20 130 5 157 63 119 73 190 69 167 188 17 173 168 123 64 29 22 121 87 11 13 35 105 160 52 178 102 124 18 61 103 149 39 111 180 108 164 4 151 57 137 143 184 120 104 91 182 133 41 176 62 145 99 122 179 10 195 165 185 48 106 21 183 26 68 156 7 
39 134 33 101 184 79 127 135 158 51 19 125 177 1 130 140 46 97 17 83 66 131 157 142 109 199 68 88 148 163 72 112 26 170 103 24 91 43 123 58 181 173 126 7 175 113 171 16 165 12 57 132 189 15 63 149 84 195 64 147 13 41 200 29 193 62 172 114 23 167 45 198 92 2 151 160 144 95 121 49 111 69 187 56 143 137 192 118 6 108 178 128 20 145 65 174 166 87 70 197 80 8 162 124 5 78 
105 62 178 91 83 34 107 181 58 43 195 85 151 108 160 79 144 76 88 146 112 162 24 48 148 19 166 66 188 127 27 159 191 49 116 173 35 99 199 80 123 171 110 141 33 165 156 60 126 44 90 192 169 41 118 198 81 36 133 11 177 138 2 193 111 71 31 14 86 185 164 64 189 113 134 119 28 143 140 70 61 120 124 125 52 77 55 168 109 16 42 103 26 137 139 51 30 93 
69 128 101 176 96 120 94 107 64 159 191 194 122 20 95 145 131 67 81 46 138 139 3 61 34 99 149 36 157 45 119 153 192 135 16 76 152 62 91 27 141 54 90 22 32 13 185 108 29 38 11 146 112 52 74 186 102 196 199 80 8 166 59 180 17 47 137 98 183 9 49 198 93 160 106 105 53 88 148 19 10 1 150 40 173 175 58 86 60 87 163 195 12 158 55 162 118 117 51 65 171 193 121 97 144 37 79 48 161 
158 69 85 124 191 162 188 156 116 32 49 121 113 15 179 168 47 45 198 190 200 122 174 71 181 118 17 19 185 177 172 154 25 159 163 51 131 81 194 96 173 82 44 152 50 138 65 187 135 107 41 79 100 36 105 108 29 63 148 58 186 18 189 171 114 130 26 67 117 127 57 22 139 21 23 42 153 53 169 140 6 178 147 77 196 125 56 132 93 143 89 5 8 68 133 151 134 145 39 184 
130 78 109 148 82 122 149 39 3 162 158 102 138 185 176 72 65 143 97 134 166 79 100 31 177 197 190 163 157 26 60 48 188 9 182 184 83 181 101 8 10 45 86 38 144 169 41 43 7 152 111 23 123 150 141 160 63 94 5 110 128 96 116 142 173 146 57 14 175 30 98 120 50 15 54 17 71 24 12 187 124 189 199 52 75 147 159 112 59 151 119 69 95 20 193 70 53 37 171 129 91 113 183 192 33 35 
182 87 32 23 97 125 193 177 153 172 134 80 64 121 150 20 174 166 73 69 163 17 47 144 46 194 45 152 141 184 173 142 106 157 2 195 40 72 56 135 187 98 118 114 93 16 120 110 29 126 171 77 18 82 165 59 178 100 19 71 60 107 124 34 41 123 105 61 140 116 168 189 37 167 50 86 6 183 36 99 119 28 57 54 160 53 52 51 78 13 143 192 127 108 22 
47 115 8 30 140 116 1 124 35 165 99 181 191 38 20 138 112 151 105 160 113 198 167 144 49 98 118 16 78 6 63 77 158 59 65 114 183 149 195 93 42 36 21 92 51 46 168 69 58 152 95 102 190 184 82 57 88 29 84 172 52 4 80 108 163 13 33 19 67 127 134 91 182 171 109 119 41 89 104 75 17 187 174 9 111 76 155 175 56 117 145 12 164 135 
157 66 48 19 27 190 167 58 143 80 50 23 68 6 93 189 111 154 18 171 115 126 74 29 148 175 160 196 166 90 89 174 153 176 34 75 114 44 199 128 125 72 149 94 81 102 54 127 155 52 8 12 184 142 55 95 85 117 87 162 169 39 98 130 62 151 158 161 156 106 88 144 135 10 119 145 186 118 105 110 4 178 185 104 139 113 32 107 73 57 132 59 69 
6 135 196 42 105 110 152 79 182 49 178 24 50 185 88 112 43 53 51 174 92 155 40 98 150 144 93 139 142 130 70 25 119 52 160 116 149 62 136 33 38 1 78 89 22 41 148 29 145 101 34 183 39 65 27 15 17 60 75 137 91 72 156 7 2 20 124 55 138 169 128 21 153 147 161 46 31 122 81 165 26 44 59 69 82 30 48 45 12 167 186 184 94 187 71 117 97 175 96 109 199 180 
175 103 52 45 76 141 70 21 65 19 10 193 136 12 27 6 152 147 172 180 44 17 166 11 194 153 116 134 38 16 51 86 43 126 30 170 64 132 5 122 61 50 130 189 135 105 139 80 54 24 101 156 49 195 94 173 119 33 181 53 102 171 39 81 58 1 78 55 42 131 125 9 167 197 87 77 40 26 60 93 32 47 137 146 174 96 198 59 168 124 138 187 
79 13 166 181 135 142 148 151 176 27 178 80 91 98 199 10 7 147 41 36 125 5 123 128 34 100 172 18 190 69 62 102 9 57 88 74 149 134 141 152 70 64 12 187 179 59 43 119 169 156 193 48 112 85 180 97 65 90 157 165 161 26 37 40 192 183 78 120 30 186 21 22 154 84 127 158 173 108 140 167 16 71 136 3 109 146 23 89 14 145 171 101 126 164 138 185 194 66 32 114 184 
84 101 127 48 60 117 10 155 97 106 93 71 191 186 66 104 110 26 58 50 122 130 1 45 114 47 73 82 188 16 189 135 150 144 72 88 40 140 85 187 190 57 63 81 52 178 193 143 21 100 199 197 41 91 3 103 160 27 111 172 56 119 174 35 115 17 162 75 139 64 192 31 23 180 36 177 78 170 80 195 37 149 32 107 185 137 87 168 92 55 175 158 98 68 61 90 28 
67 179 85 197 99 116 114 200 120 77 30 173 100 198 152 63 27 92 36 138 122 175 37 119 134 49 75 71 101 70 176 148 83 140 135 93 72 42 191 174 74 182 26 128 147 22 170 16 133 91 15 66 89 87 25 161 76 189 38 118 60 44 115 131 132 112 81 57 194 23 7 124 78 171 195 106 62 33 190 185 21 186 20 39 166 151 167 193 159 155 10 103 163 94 88 1 104 6 199 196 59 5 13 142 
107 70 132 21 137 43 45 113 184 33 110 157 106 99 167 192 4 133 121 131 27 150 24 79 89 98 12 42 49 168 16 175 46 198 55 90 36 187 160 14 94 81 74 62 64 39 115 34 148 151 19 135 69 48 114 172 104 56 154 9 130 86 128 2 141 38 164 47 191 51 117 190 22 31 28 125 102 80 95 186 196 153 165 50 13 83 140 122 162 111 1 97 171 18 189 32 193 155 82 59 29 5 149 
31 199 164 193 196 155 175 134 40 3 43 88 81 74 52 142 171 133 173 89 145 61 160 123 153 12 140 46 101 62 94 148 119 188 138 8 63 66 151 130 20 97 36 167 86 18 111 192 182 10 186 128 5 172 165 70 126 139 120 185 195 60 141 121 69 91 45 144 71 4 100 174 194 7 131 163 34 191 169 157 106 102 82 25 80 168 187 76 29 24 16 177 6 57 181 178 37 41 117 
87 1 138 44 186 107 145 36 197 140 192 29 154 153 77 38 94 70 142 141 144 72 101 67 85 76 7 114 127 195 97 143 68 28 41 189 20 177 37 74 126 10 102 119 178 19 52 129 13 185 56 24 46 180 112 196 134 61 89 4 66 151 193 95 92 42 168 171 32 187 124 125 166 48 54 146 150 130 63 78 136 147 184 45 120 58 182 131 60 103 17 11 155 161 6 181 
49 130 63 2 182 125 69 9 13 26 43 177 151 200 127 118 72 37 126 60 77 81 22 107 80 128 149 79 156 18 174 101 55 195 46 24 103 123 142 115 121 117 169 143 137 54 66 190 15 89 16 73 19 131 109 14 192 4 96 198 35 179 155 119 88 25 197 199 196 152 145 160 150 178 36 82 78 95 53 185 168 193 56 183 110 57 141 184 147 102 58 132 181 99 133 5 61 50 161 93 114 70 29 31 40 74 167 
179 91 89 167 186 83 28 17 185 161 54 140 94 88 168 123 153 84 16 13 37 82 56 134 147 113 166 120 22 156 32 79 137 112 59 100 72 67 127 192 173 23 31 139 3 80 70 130 126 109 149 99 57 110 176 62 36 154 141 9 68 195 33 170 78 41 108 49 60 42 191 75 105 4 21 11 121 39 180 51 46 6 48 145 171 198 30 20 8 194 97 117 98 43 143 85 
153 54 108 178 44 57 99 78 130 167 18 200 146 21 128 77 143 41 51 168 48 36 34 95 140 114 98 45 123 7 63 20 191 182 189 6 198 72 159 91 52 28 89 56 49 183 101 50 139 135 60 74 55 181 170 69 14 179 88 115 147 43 138 161 124 90 81 96 148 71 4 184 80 97 30 33 116 111 199 2 165 103 42 67 158 3 92 164 23 149 17 125 173 151 120 117 
137 187 58 124 71 135 50 195 197 80 182 72 102 95 131 9 152 3 6 184 93 140 18 30 151 193 194 54 143 12 173 112 106 69 144 90 31 63 52 77 165 1 171 19 34 121 13 160 166 70 128 154 119 149 48 196 87 162 21 86 190 94 33 110 129 179 163 118 132 41 113 181 25 75 115 59 101 39 55 153 146 73 37 57 68 105 8 98 177 
122 21 5 105 39 190 49 36 50 92 149 64 26 139 102 45 140 91 136 74 83 183 117 27 38 192 114 46 32 173 6 103 159 166 144 128 10 54 12 94 62 93 96 24 47 124 195 106 11 59 197 165 73 185 112 187 95 30 110 66 133 77 146 43 176 23 174 158 69 196 87 180 41 157 156 75 129 29 58 168 162 71 65 90 8 72 155 79 194 111 109 125 89 152 150 184 35 98 200 120 51 147 
134 182 50 91 118 156 107 114 78 25 120 29 18 199 52 195 197 170 147 101 98 123 66 178 46 169 92 45 167 4 171 96 48 31 56 188 190 164 30 144 84 82 129 14 57 93 23 74 181 65 176 125 40 100 133 72 53 187 152 37 173 36 159 186 185 7 41 162 22 68 51 8 44 193 28 126 145 138 141 63 95 135 128 130 127 34 191 73 160 
158 92 113 18 174 3 15 140 108 11 51 37 13 112 95 192 199 167 111 14 58 131 85 79 188 2 87 151 128 25 163 194 90 139 93 185 27 154 184 130 132 156 47 118 164 97 147 120 72 101 119 176 71 39 169 4 170 12 99 36 168 57 105 182 197 69 159 173 122 150 49 189 31 88 200 109 17 126 41 77 114 65 48 134 82 46 35 32 133 100 129 155 76 171 23 94 191 33 21 44 53 6 135 187 
154 65 133 185 50 179 123 194 142 159 56 188 58 8 89 103 41 100 26 11 99 183 146 52 30 155 198 3 49 148 162 105 111 4 167 101 36 197 191 79 28 37 75 15 128 13 62 16 151 172 199 124 107 46 90 187 33 66 21 126 48 173 125 77 6 168 113 138 9 186 131 115 118 192 98 127 60 120 130 86 45 116 2 55 170 31 84 71 72 83 10 23 64 182 59 25 97 145 29 144 12 94 34 174 141 63 177 22 74 1 73 
193 120 91 176 89 3 134 130 2 174 102 200 170 138 101 131 143 116 140 142 13 70 9 133 73 80 65 61 93 127 87 33 126 8 37 88 98 115 42 26 30 154 192 74 194 51 118 188 54 105 177 46 162 92 197 78 69 79 86 36 16 184 157 172 27 62 155 167 136 196 147 64 47 112 55 164 103 15 34 22 109 17 163 39 60 187 43 63 96 14 49 66 121 190 108 139 104 114 146 110 29 82 32 77 35 161 
117 36 69 126 170 93 145 78 100 54 86 17 49 180 85 89 187 32 79 50 176 178 102 12 7 18 122 44 64 63 73 71 144 132 97 75 4 182 67 167 111 196 118 139 25 77 107 65 16 184 151 31 124 22 68 33 81 158 179 149 30 195 174 192 1 37 119 109 56 26 92 110 166 133 172 2 150 189 156 76 24 163 186 194 152 3 199 200 193 157 121 191 
160 115 129 87 79 81 2 30 53 35 134 142 100 61 20 95 84 178 45 7 47 72 161 176 196 14 99 13 141 75 91 137 70 5 189 104 140 135 23 88 32 173 57 48 193 94 83 163 152 59 103 27 25 86 121 184 10 120 52 125 64 174 175 16 186 78 132 77 190 158 128 37 148 117 66 130 4 162 116 131 90 180 181 46 55 147 33 8 93 133 156 80 110 3 62 108 43 44 179 197 139 157 188 182 195 150 26 198 114 
80 74 137 177 142 103 189 39 36 82 46 134 122 22 100 71 120 73 194 111 85 139 143 172 119 184 26 110 193 24 94 187 152 167 91 54 197 60 147 29 130 23 158 169 3 2 47 166 15 163 44 52 56 154 27 150 155 124 181 174 138 18 95 127 118 76 99 126 70 148 171 121 160 30 58 109 41 37 4 175 35 10 168 11 151 9 14 51 77 
45 97 64 22 12 175 180 33 170 124 126 184 195 7 31 182 120 123 34 62 55 83 133 158 39 127 89 147 148 94 66 174 85 160 76 173 102 143 17 115 3 159 72 122 28 154 46 4 80 91 121 106 5 49 164 86 25 95 134 15 189 51 71 68 200 128 197 181 2 41 149 140 139 135 185 53 190 82 105 14 109 70 93 44 171 96 150 43 119 
25 46 141 77 34 40 64 1 135 42 170 129 200 78 195 18 13 106 125 47 194 121 164 118 45 105 90 87 35 144 74 97 153 151 146 6 5 8 145 27 89 110 76 65 171 33 168 115 166 49 158 50 91 32 143 149 19 12 58 39 28 177 109 17 156 4 66 197 54 31 127 93 103 44 184 137 165 169 38 192 79 139 68 107 117 181 189 15 82 73 86 3 
79 159 105 81 100 6 154 106 101 199 73 51 29 39 126 176 12 28 120 37 124 152 77 93 151 142 182 192 25 98 91 85 35 16 86 104 7 57 61 197 175 148 189 87 44 194 200 171 136 92 115 47 31 26 21 66 90 60 2 143 119 172 113 63 82 114 160 130 191 50 133 64 13 24 4 193 88 190 30 76 55 116 43 78 163 122 71 188 161 164 80 111 84 69 153 110 19 14 97 34 157 11 103 72 20 184 134 169 145 48 22 
198 183 155 143 76 2 123 103 132 95 119 38 136 125 174 26 141 73 32 11 71 135 10 30 27 48 69 133 200 144 94 45 72 185 116 33 167 102 70 170 164 47 169 78 4 63 160 85 120 88 5 68 35 189 156 40 177 84 117 152 182 37 67 93 41 9 129 3 108 54 18 7 15 190 172 81 193 139 1 113 178 99 36 92 105 20 16 187 128 148 34 153 86 181 100 51 162 6 194 80 24 109 191 
37 158 39 198 120 111 122 81 52 134 100 125 152 128 139 143 8 85 12 110 191 99 140 130 189 94 149 68 172 30 102 153 90 71 86 43 33 93 29 58 76 83 151 14 24 45 61 97 9 184 36 40 114 84 89 197 10 82 113 137 121 19 42 80 194 18 22 117 138 135 55 32 51 116 44 155 123 132 46 66 92 119 63 
181 195 1 58 27 135 117 80 121 162 29 77 74 69 188 99 37 109 178 151 167 42 141 82 175 9 25 186 138 39 106 16 30 155 200 128 124 11 139 54 130 100 111 133 43 107 173 187 101 65 122 72 144 172 142 152 86 7 147 83 33 116 79 98 169 150 78 52 17 44 164 21 105 102 183 14 189 60 114 76 192 73 
153 131 28 128 76 196 144 98 176 45 35 117 137 134 174 145 80 68 40 30 111 14 56 27 18 147 29 192 52 138 19 107 94 110 21 127 9 70 199 41 51 169 71 26 24 114 178 125 115 104 129 152 116 92 171 79 189 23 185 166 161 67 20 139 12 157 97 132 65 38 54 42 99 154 158 63 179 195 120 96 101 175 124 48 197 162 22 25 36 95 143 122 121 118 69 112 83 
52 178 195 160 6 68 69 150 64 129 34 99 58 111 7 98 169 16 117 20 90 39 59 167 32 74 177 137 102 159 155 60 53 132 21 181 42 76 164 136 31 92 184 104 139 49 71 191 25 147 154 100 62 183 43 87 198 131 108 27 47 83 80 19 190 186 133 172 170 106 148 82 161 165 179 46 140 78 182 185 89 153 28 166 44 51 77 112 128 135 144 138 72 40 103 121 23 123 81 11 188 158 109 192 174 196 
104 85 80 109 52 56 26 110 197 11 173 83 48 155 39 199 73 108 200 30 126 93 4 6 171 53 184 79 7 170 74 183 191 150 94 54 89 25 33 180 124 63 102 13 27 166 19 57 125 137 10 115 186 106 131 176 117 2 5 16 157 118 130 37 196 29 103 141 51 12 65 111 97 86 142 77 148 177 38 91 78 133 58 127 28 41 172 161 113 158 70 
108 8 4 76 148 143 142 64 121 157 83 125 152 5 7 116 188 96 176 122 127 49 15 117 38 2 185 89 37 9 102 153 180 165 195 16 104 154 72 77 32 139 149 146 105 97 12 109 48 106 175 183 95 85 136 62 34 88 61 128 23 159 124 30 28 171 52 118 107 198 25 193 94 111 160 101 74 50 36 19 99 57 126 197 21 22 31 113 169 6 158 51 84 164 68 93 86 184 81 53 
124 101 42 7 39 73 105 177 144 85 60 74 188 98 106 141 185 183 119 96 152 38 187 150 115 76 190 166 121 123 43 69 169 72 155 1 58 93 77 143 174 126 23 160 87 198 110 91 193 146 132 6 111 35 3 127 173 44 147 79 171 195 189 117 103 28 112 49 8 51 29 134 20 21 22 54 86 95 56 172 89 13 40 116 75 14 139 151 129 57 175 192 48 52 154 
198 200 30 25 14 124 105 100 118 195 114 96 90 85 191 17 146 197 178 119 187 15 94 88 73 125 101 132 135 155 165 59 74 87 176 148 24 11 20 139 116 186 16 163 92 154 142 62 134 8 72 122 196 46 40 99 82 193 43 164 77 4 126 107 175 84 53 180 45 166 34 93 23 31 121 141 160 6 111 115 18 10 19 86 120 
19 97 173 60 98 95 27 191 109 198 157 170 174 77 187 114 179 124 24 152 69 137 99 164 83 56 112 117 141 186 188 158 185 122 28 59 121 119 22 171 145 111 194 26 180 92 47 43 163 172 100 57 45 2 169 76 183 49 35 102 63 62 91 197 129 15 85 138 128 151 39 96 31 200 177 126 90 87 94 116 168 4 25 176 7 182 167 105 84 115 53 72 11 86 165 93 20 8 81 181 110 73 65 146 
94 175 131 76 82 18 191 71 62 102 198 158 91 7 154 172 32 84 109 151 77 27 38 93 189 161 108 184 140 169 73 164 63 42 111 23 6 103 183 53 112 145 113 48 185 133 200 75 44 9 143 148 117 46 78 33 163 128 127 28 58 132 24 130 10 187 68 115 168 195 196 159 41 1 124 35 177 104 50 160 34 30 47 31 22 182 59 171 118 166 105 116 66 11 19 150 52 36 16 173 5 152 13 61 
29 79 28 64 192 182 16 37 185 178 173 22 134 99 101 98 90 132 186 84 169 55 148 44 59 138 158 47 198 115 144 113 189 32 126 116 187 43 42 109 174 104 77 105 38 171 56 188 18 4 170 197 193 7 151 199 54 96 81 41 108 147 72 129 149 100 5 86 180 190 145 9 13 168 45 40 154 8 146 124 91 161 85 27 6 159 163 83 160 117 102 12 62 52 1 177 131 36 71 107 162 
114 138 59 70 11 78 169 183 142 62 173 105 13 40 38 152 29 55 147 130 33 31 47 97 134 110 199 17 12 187 21 162 63 101 164 95 76 175 10 96 129 107 165 51 93 161 91 79 177 56 69 50 2 27 172 176 53 85 135 58 108 141 146 170 60 36 22 18 103 124 46 174 42 137 133 159 94 81 115 171 75 77 139 24 131 192 48 188 195 116 104 189 132 185 125 39 25 32 26 
86 22 20 94 96 61 109 66 11 17 50 142 54 87 125 77 97 117 46 141 39 43 56 101 123 156 153 159 73 45 146 6 47 199 35 90 107 24 88 59 103 18 48 10 179 171 198 65 89 84 19 49 51 120 140 183 40 167 99 74 76 36 134 32 191 175 105 135 67 181 93 44 164 27 163 121 12 91 136 28 180 149 3 70 112 21 189 176 110 63 155 33 162 113 58 4 68 7 
14 195 193 183 75 95 80 27 200 16 52 125 131 21 92 102 90 57 188 55 190 4 161 130 58 87 10 194 39 176 109 123 53 51 66 186 135 133 155 158 198 48 59 126 9 79 134 180 163 167 35 47 67 86 68 26 110 22 44 128 64 141 72 107 105 157 82 111 5 97 175 7 77 89 117 115 61 18 96 121 118 33 148 159 20 6 69 113 13 108 103 191 49 19 
93 174 168 130 61 89 80 83 105 12 126 183 30 67 148 43 95 11 26 179 121 150 129 199 107 193 188 42 63 13 119 3 98 163 86 52 159 118 38 57 101 157 51 195 111 8 131 109 7 66 72 65 144 186 136 141 92 40 197 48 160 49 75 41 176 100 110 169 64 102 155 55 35 143 99 128 15 164 44 184 46 23 132 25 22 185 165 198 181 178 116 
74 92 109 54 66 121 172 96 1 122 36 191 185 193 195 45 112 149 7 151 105 125 174 84 106 40 32 181 98 119 4 164 169 90 47 5 3 154 2 176 180 34 177 114 24 141 127 155 130 11 12 133 69 48 113 168 144 83 88 53 197 136 184 87 71 126 162 142 135 39 157 190 15 124 159 73 14 102 196 194 51 111 18 173 120 153 192 17 82 89 179 35 199 16 
165 130 72 160 120 66 180 193 69 60 122 55 13 176 194 78 128 161 61 20 2 93 109 80 116 143 121 90 163 77 147 53 156 152 185 127 159 43 30 135 29 154 131 189 3 167 71 114 79 98 146 24 177 59 188 85 103 94 91 151 50 1 186 40 118 95 190 171 140 141 25 57 96 65 184 182 63 144 150 68 195 42 58 136 37 81 149 92 62 104 34 82 56 87 
71 31 52 110 120 180 162 116 69 25 147 95 167 122 150 44 22 90 144 9 29 196 161 179 135 176 70 165 182 136 66 113 67 169 47 65 46 154 64 188 51 37 24 152 164 40 151 171 146 18 14 104 100 114 112 79 72 106 178 140 73 48 34 190 117 57 121 200 53 137 91 129 115 163 193 61 96 55 156 93 130 158 123 166 1 43 68 58 172 199 109 160 8 20 54 33 133 191 128 83 63 10 118 97 50 81 26 23 76 170 
53 132 28 52 33 116 147 12 39 169 189 98 82 133 163 136 94 44 156 181 80 45 71 142 23 187 61 26 40 200 54 3 79 177 186 173 13 19 4 161 43 81 196 170 192 111 57 37 63 175 171 64 32 90 69 160 174 102 38 172 58 113 16 89 49 139 199 114 112 140 34 129 8 86 197 11 188 138 165 122 182 18 15 24 148 7 76 155 36 178 17 6 59 124 167 27 180 149 46 164 130 
200 30 13 116 189 122 38 114 138 64 57 29 127 28 97 124 173 36 109 101 62 162 44 137 166 90 176 153 76 106 196 102 41 181 115 157 25 136 142 182 133 107 31 161 16 11 155 45 54 126 152 32 71 80 164 134 171 8 12 78 188 70 183 53 163 52 66 58 77 23 131 160 185 51 87 168 117 7 128 48 73 89 190 50 2 154 174 199 6 61 178 191 156 121 198 
167 196 60 129 38 88 187 29 184 180 142 197 52 186 132 195 30 14 54 106 78 34 151 26 22 59 21 181 191 9 131 117 64 42 62 4 41 194 161 99 76 63 83 82 47 18 85 147 89 111 177 136 155 126 35 141 192 45 139 166 175 3 100 153 104 107 154 39 55 93 143 160 8 33 61 148 17 73 37 130 199 101 44 13 123 144 46 28 110 109 116 5 10 185 118 74 58 20 23 81 56 79 188 114 
137 83 68 100 46 157 147 11 2 155 111 191 71 53 41 182 58 10 197 31 24 172 200 140 97 78 187 12 9 15 5 117 21 168 160 80 37 195 136 96 76 36 143 178 54 115 105 77 176 149 91 109 39 141 59 154 118 93 164 192 171 35 4 25 142 159 129 193 150 14 148 166 167 174 114 89 198 40 139 60 132 42 65 23 44 8 131 102 162 63 152 153 82 133 70 30 1 13 29 186 190 
83 5 126 10 134 60 191 67 31 178 111 198 91 158 117 101 50 78 61 2 49 163 45 197 127 151 32 96 107 122 118 17 23 195 41 150 56 93 12 95 137 20 132 152 146 123 52 3 89 14 58 104 114 131 73 109 42 168 7 142 63 33 55 36 167 106 135 86 80 75 136 24 57 39 69 81 9 138 189 121 165 179 149 97 176 192 183 145 4 76 34 25 139 144 44 90 
21 48 91 125 127 95 15 11 89 136 109 110 154 123 87 102 112 191 163 172 111 180 106 75 159 100 138 74 193 121 179 63 158 25 88 129 116 64 173 150 194 19 77 195 196 82 161 98 140 107 168 32 114 80 68 65 199 51 45 40 62 143 160 133 3 176 70 1 4 99 170 41 162 103 61 177 6 60 124 198 117 23 28 169 189 171 192 118 81 56 105 178 54 120 188 165 29 156 147 
182 190 156 85 117 124 183 9 60 126 8 173 120 179 164 45 86 147 141 59 131 89 98 114 27 4 7 68 95 195 148 129 69 97 200 75 132 22 65 118 116 54 10 87 93 151 20 108 94 176 186 49 125 19 23 166 107 172 146 169 1 39 14 134 58 111 72 26 67 113 160 158 90 143 153 138 110 193 38 100 187 34 24 180 102 103 136 119 28 6 178 154 198 101 167 13 115 70 194 161 112 150 51 192 
169 11 58 84 97 38 53 45 198 59 119 26 157 80 192 158 60 187 126 128 116 70 133 1 71 130 29 108 89 162 195 190 39 104 76 191 152 66 50 113 171 160 23 193 194 67 4 5 151 155 55 64 123 185 147 136 21 101 120 68 146 145 100 35 186 25 141 40 6 124 142 20 199 135 143 105 98 121 65 148 174 56 43 144 31 161 175 159 
58 157 84 66 8 178 15 32 18 152 64 111 41 5 61 134 128 96 2 167 14 47 181 1 189 56 57 180 17 87 138 150 42 119 142 70 122 158 187 59 144 20 68 188 12 107 132 160 29 196 90 51 10 110 147 101 53 124 156 182 195 199 94 163 78 193 30 190 33 135 67 139 74 141 130 37 145 54 60 65 154 73 72 95 52 113 112 176 82 125 162 133 25 166 175 127 129 104 19 26 183 169 
33 73 197 17 93 163 83 66 122 114 186 175 149 68 167 128 117 9 72 196 126 14 178 160 144 109 47 10 131 79 143 3 112 141 18 86 185 166 88 37 130 106 43 125 181 67 48 30 54 16 58 138 164 169 91 145 153 24 113 180 35 156 184 75 28 136 76 198 199 159 173 50 158 52 187 39 162 11 142 57 63 174 193 26 40 27 188 133 182 90 110 84 127 195 183 154 
42 75 141 39 93 34 182 83 112 45 89 152 110 135 72 36 193 150 30 160 121 157 18 38 195 94 104 123 67 117 179 1 155 59 28 169 50 100 161 131 26 91 140 58 2 151 167 13 198 196 173 108 120 124 22 95 178 137 92 52 44 156 65 35 126 3 114 80 139 164 177 194 46 98 19 6 118 143 29 184 170 116 106 189 171 147 115 187 162 107 175 159 168 54 158 183 128 40 87 17 
88 175 78 14 107 93 174 127 193 129 7 85 132 53 162 143 144 173 200 95 44 158 166 19 40 184 38 103 97 66 65 161 152 11 31 179 155 149 83 183 157 81 18 126 6 73 172 153 51 169 84 116 60 111 198 74 80 178 41 168 194 8 98 72 17 187 5 79 75 171 125 10 46 195 182 138 114 43 142 56 164 112 130 102 91 45 1 136 64 181 94 117 82 36 176 100 63 139 156 20 52 34 140 25 170 42 185 186 16 141 109 57 150 48 197 35 159 
86 150 11 143 22 16 57 171 63 142 26 192 51 170 160 125 149 193 87 41 132 111 58 109 1 46 188 118 39 38 72 54 105 76 134 20 195 47 199 100 169 165 106 35 159 180 3 173 113 141 115 175 112 122 126 123 23 67 156 50 124 161 151 162 68 9 24 7 75 78 190 12 178 10 121 168 119 14 73 136 166 116 70 29 18 2 4 82 155 60 183 197 30 84 172 77 92 107 179 130 200 48 79 
108 175 167 82 113 36 88 32 87 141 13 107 174 118 127 14 40 134 70 171 130 150 57 193 184 42 162 100 23 54 29 189 34 195 147 56 198 72 133 153 186 126 58 64 131 49 1 145 52 178 76 121 182 154 138 38 95 124 6 172 173 30 77 55 157 68 155 16 135 136 83 66 199 129 111 197 97 8 192 176 45 156 27 146 81 28 96 46 71 69 4 25 89 39 48 191 166 164 106 
127 163 75 74 178 155 130 132 5 131 36 88 68 58 16 147 40 186 28 49 188 136 175 122 34 9 67 118 2 76 177 162 157 139 124 4 107 151 53 138 170 102 173 111 117 198 140 63 50 153 200 95 93 189 48 19 7 60 143 119 167 59 43 150 194 90 114 10 52 46 22 24 183 39 120 73 181 149 144 184 123 156 135 137 190 148 98 195 161 185 62 160 94 112 180 187 193 
88 81 116 196 112 174 71 180 17 9 147 40 37 154 171 54 80 140 49 118 76 176 141 89 77 155 136 149 36 53 162 117 67 125 50 64 29 35 58 47 22 34 84 57 122 165 92 2 74 59 87 150 135 110 111 139 68 94 69 5 182 52 189 66 143 4 39 6 44 167 30 48 96 173 152 33 65 164 31 132 159 16 72 178 97 131 7 95 27 105 60 133 148 15 23 114 186 134 156 19 170 82 194 56 10 
55 97 67 125 170 187 95 179 147 163 116 193 78 180 172 9 71 86 76 92 21 191 48 124 105 122 4 148 5 30 68 84 42 35 11 129 185 118 200 117 142 25 45 32 114 17 65 18 56 141 1 98 103 195 64 47 110 175 37 167 149 183 72 93 177 120 88 36 54 106 15 99 111 188 41 62 196 192 128 145 59 40 143 119 89 60 2 43 69 104 130 51 50 108 137 
99 54 46 65 30 129 124 178 10 77 192 172 68 47 86 149 195 43 73 115 6 83 159 55 17 11 131 62 92 34 41 59 156 157 188 4 187 56 105 169 119 158 24 84 135 160 108 3 126 71 94 153 176 12 21 130 194 76 28 25 128 151 183 200 18 171 173 98 89 97 8 88 193 181 141 49 145 133 104 1 106 164 74 147 162 109 100 174 93 102 110 82 101 50 112 175 35 123 44 91 32 182 196 66 189 179 48 
44 36 171 154 164 161 119 135 175 133 26 140 71 181 66 32 48 189 165 120 167 7 130 91 198 176 76 126 186 93 166 13 200 184 81 109 4 193 46 77 104 37 127 192 67 123 86 1 65 12 70 9 149 73 72 132 145 49 108 56 116 16 148 163 30 62 160 68 143 157 22 122 18 52 20 21 5 25 11 114 82 97 146 156 138 31 75 
17 13 136 128 151 73 23 196 60 89 79 175 140 106 91 93 167 200 120 181 81 43 85 38 94 72 184 25 110 11 191 100 102 129 39 77 105 82 145 157 199 174 114 46 139 95 50 68 32 36 41 121 194 30 96 113 12 168 28 148 186 122 162 16 65 58 103 71 62 21 45 42 56 99 166 18 172 155 187 137 98 112 178 84 33 57 171 51 132 26 10 198 9 156 192 150 53 107 64 19 1 
97 92 34 61 139 174 196 39 146 193 85 134 4 130 163 180 189 46 33 143 66 102 160 1 63 41 9 157 32 27 186 110 74 94 84 51 83 95 182 62 18 173 172 48 78 198 158 184 108 58 49 114 38 47 10 101 164 89 138 159 26 15 30 117 14 121 132 195 45 35 68 76 105 113 104 88 162 183 75 175 126 194 52 112 169 19 70 191 131 36 156 128 23 181 188 24 
127 133 8 22 13 139 147 121 159 12 102 62 136 115 154 65 72 103 45 137 11 4 190 165 63 74 166 140 68 97 23 67 26 153 29 138 179 178 18 101 160 14 168 30 50 156 6 176 95 177 5 187 3 145 198 191 143 21 54 51 175 123 131 105 83 173 61 180 94 196 189 108 33 70 122 186 40 60 59 80 44 34 126 183 144 41 142 27 15 46 124 55 130 200 199 125 193 157 
109 149 88 80 187 59 55 138 199 143 77 131 13 113 102 60 31 170 196 81 181 85 119 134 175 39 89 3 106 63 165 53 107 136 105 142 95 139 114 172 20 83 112 61 42 176 16 27 49 117 97 184 70 45 67 159 169 10 110 74 155 38 166 40 148 178 12 150 21 188 58 33 68 200 189 54 160 32 24 144 168 129 11 192 195 140 51 173 84 161 91 167 156 163 182 123 125 151 157 90 50 186 
38 121 115 177 111 3 148 195 128 158 185 154 71 123 84 124 141 4 139 137 79 182 50 19 131 66 67 116 44 37 105 65 130 109 166 40 136 178 14 106 49 117 135 7 51 98 120 183 42 5 161 164 70 114 39 168 133 30 85 157 107 198 80 132 184 175 32 159 162 36 43 99 170 143 47 129 149 169 52 17 188 144 134 171 62 172 25 179 46 122 174 28 95 86 58 61 10 173 82 6 74 72 
43 81 171 190 52 170 79 65 64 184 8 116 159 97 23 151 108 137 163 84 98 162 100 110 59 198 69 47 30 183 10 200 140 180 60 38 149 9 176 109 89 6 5 129 68 199 13 144 158 192 37 179 75 117 99 70 56 48 78 122 92 53 173 95 169 141 61 130 143 118 34 42 157 164 181 26 12 128 83 167 125 63 114 4 119 148 74 182 106 35 73 27 195 25 7 41 111 44 188 103 131 175 197 32 150 
162 15 11 59 133 46 89 166 94 114 164 64 188 1 130 199 43 197 175 106 189 179 76 117 184 180 158 97 21 37 160 4 115 144 17 71 138 110 102 194 48 20 83 149 107 2 172 129 58 72 105 193 7 44 63 104 51 40 109 200 99 69 25 183 173 9 136 156 142 195 28 177 196 124 27 132 118 52 73 84 55 171 198 123 10 143 174 163 39 29 8 141 112 57 137 16 113 54 66 
200 161 189 88 2 147 193 150 167 64 115 134 62 116 119 133 76 106 110 80 27 69 126 122 149 180 13 187 176 98 179 148 70 197 11 17 54 170 7 191 95 85 58 40 25 77 175 19 103 174 144 16 18 199 20 12 82 154 178 86 71 94 192 120 35 195 8 164 114 39 52 118 117 157 3 15 96 21 136 65 34 1 163 159 177 139 41 181 127 63 158 
4 20 45 163 68 24 149 70 137 115 176 132 26 66 10 156 94 30 47 155 67 73 97 37 27 81 74 191 179 198 35 6 57 119 101 171 136 69 1 130 129 83 14 58 148 18 36 192 154 196 5 61 118 103 29 120 172 151 108 112 143 65 85 122 135 164 182 197 34 75 52 186 71 12 100 31 59 189 90 188 50 56 113 98 111 195 146 51 200 3 33 99 160 72 21 117 95 93 48 11 109 2 169 
1 168 42 123 4 190 149 97 11 65 161 13 173 151 40 104 115 17 30 159 147 91 183 132 193 5 101 90 75 166 165 184 83 122 185 63 88 27 9 111 25 128 100 171 129 94 178 87 198 158 181 7 66 41 24 57 121 61 120 164 191 145 169 102 156 77 186 39 35 82 58 95 131 23 33 119 26 179 47 56 130 12 48 3 103 124 112 133 153 162 187 80 155 64 79 
161 62 179 35 49 167 169 137 4 15 74 115 166 181 39 112 157 3 89 156 150 65 117 26 139 17 43 171 158 57 29 7 33 163 92 170 189 79 123 142 71 44 67 133 155 125 84 24 82 100 22 23 18 197 5 195 186 159 199 101 83 103 127 14 173 144 138 135 143 80 136 119 10 88 118 72 165 109 172 198 8 149 148 70 31 86 90 2 126 73 175 183 53 41 91 174 145 30 130 154 51 97 61 
149 170 3 141 24 45 91 105 145 64 46 98 164 158 94 69 123 177 23 73 50 127 139 65 33 14 88 194 187 184 125 155 38 119 96 131 136 59 191 129 161 115 1 180 146 9 166 84 156 185 28 2 85 133 31 128 176 19 25 169 130 152 172 30 95 171 27 20 120 168 196 52 140 134 7 29 71 99 109 11 183 126 63 54 111 5 34 70 181 162 153 102 13 137 12 179 117 159 
156 137 59 127 26 117 25 105 34 195 10 191 152 165 139 111 73 150 194 17 157 193 107 15 90 115 80 113 52 70 29 69 23 192 8 20 161 11 61 89 95 55 12 53 32 76 129 175 101 64 7 65 72 151 140 148 189 100 36 103 38 57 108 5 79 145 81 48 82 163 102 179 141 77 19 83 28 121 1 185 122 196 63 44 45 87 74 50 183 68 125 132 75 56 9 112 13 116 96 
191 25 52 140 84 86 64 23 35 80 163 47 4 200 95 147 16 39 149 62 154 194 102 94 88 73 146 87 129 44 8 97 83 141 185 186 33 9 138 197 15 178 142 189 134 98 17 45 121 72 116 122 1 68 113 55 77 166 74 32 173 93 21 104 150 184 11 151 60 172 181 54 115 162 36 103 143 158 48 196 12 199 66 29 137 41 131 118 53 171 100 114 26 132 57 58 71 13 
16 124 23 78 83 162 102 12 160 89 157 50 51 106 20 22 150 156 135 122 155 194 153 60 118 64 175 117 84 149 148 55 114 67 90 81 92 48 61 14 68 29 6 80 112 74 42 144 161 132 140 165 188 154 8 181 24 172 109 10 119 101 192 69 187 75 4 167 113 163 41 28 18 174 129 34 32 35 182 27 94 171 86 82 73 66 152 105 5 3 91 62 127 65 63 133 193 131 136 190 93 58 39 53 108 46 21 200 
174 162 139 150 3 140 87 93 36 88 38 32 191 86 129 198 114 62 147 154 119 123 192 23 152 118 83 15 183 98 145 66 52 78 111 72 169 43 122 194 63 47 77 182 68 84 137 142 163 173 69 45 103 7 127 141 92 106 89 19 50 125 48 190 113 4 133 9 135 90 160 109 75 100 107 200 180 30 34 105 97 134 165 126 28 95 12 29 27 40 146 178 195 176 117 156 
183 185 47 114 149 85 35 129 60 72 2 141 3 111 170 17 32 140 173 28 193 45 87 112 11 22 70 167 69 10 110 121 117 127 15 169 148 143 75 50 34 16 91 194 178 78 123 64 198 153 119 73 26 98 109 182 162 84 25 24 58 136 51 59 7 105 31 158 100 97 65 9 120 175 146 29 160 41 189 188 184 23 6 1 186 86 145 103 144 165 21 90 5 147 77 20 157 
28 96 33 75 160 88 16 135 185 131 1 67 170 153 14 40 23 83 171 10 146 151 81 62 118 194 165 193 2 98 39 48 44 77 60 113 58 76 121 127 176 9 84 41 38 101 97 180 12 46 43 191 147 110 80 112 71 54 94 150 89 87 168 103 49 115 198 161 158 22 93 141 68 190 102 200 50 111 35 173 195 34 157 78 104 199 133 184 79 175 20 182 31 136 61 125 27 117 92 169 181 8 5 3 52 189 4 164 100 82 172 
26 44 126 39 84 71 12 88 180 144 200 105 107 181 101 99 21 56 109 143 171 172 68 155 132 52 104 70 133 67 136 108 110 161 13 120 164 35 7 41 77 23 46 27 169 90 149 58 18 106 160 47 57 54 173 103 182 134 163 95 139 152 114 194 150 188 189 34 62 40 174 19 81 190 3 8 159 184 64 156 197 175 66 79 179 116 130 73 10 166 69 51 
131 29 168 71 59 84 115 79 66 134 19 36 109 149 37 21 163 54 142 96 65 143 20 68 58 69 4 85 62 16 104 179 155 76 188 31 184 74 166 127 194 60 172 175 173 83 70 88 156 24 52 192 11 93 33 183 128 23 15 145 132 90 110 157 51 161 89 80 32 12 174 169 94 101 3 78 135 198 148 140 34 5 46 189 151 67 14 40 152 102 61 77 
129 48 157 35 139 70 176 192 44 61 16 12 127 191 100 7 18 184 83 153 155 166 89 188 168 112 102 15 46 143 101 27 135 98 121 73 39 92 148 104 60 190 84 25 80 194 87 136 36 174 93 122 30 41 185 77 3 109 69 54 23 72 199 165 162 200 82 160 113 31 62 19 8 111 134 88 156 42 24 170 107 103 180 152 53 183 57 59 142 173 63 68 114 131 81 125 34 4 66 144 65 123 64 197 132 94 45 177 79 108 105 179 
164 52 90 137 73 158 62 125 80 192 88 21 123 2 11 159 8 64 129 84 30 69 19 152 133 142 13 34 165 146 173 28 44 53 110 196 50 93 6 67 166 111 107 181 126 77 65 193 31 195 114 22 112 103 154 15 182 7 120 127 3 91 102 157 172 35 83 74 147 122 187 150 94 153 25 105 138 76 119 51 155 180 29 191 82 81 130 178 33 47 162 168 57 92 104 55 9 24 49 1 184 143 12 40 
19 107 104 92 43 192 75 126 90 153 122 106 10 171 100 157 168 134 38 161 24 6 44 39 96 14 105 190 154 149 33 68 127 160 42 113 123 175 146 130 111 36 186 124 85 34 35 59 95 86 166 74 22 193 194 118 56 60 26 13 163 121 27 112 131 184 8 67 167 37 173 84 47 198 58 165 50 55 29 195 108 53 94 40 16 158 32 23 151 147 125 66 30 102 148 7 
17 137 185 23 92 49 162 59 20 158 46 118 152 51 54 97 195 30 128 159 190 106 131 189 125 193 43 146 45 177 174 175 94 33 58 88 50 171 25 60 176 172 52 170 62 160 166 169 143 67 29 55 76 178 7 130 26 75 173 182 27 12 144 1 126 108 101 192 183 157 42 84 113 38 168 56 85 164 134 181 104 72 16 156 105 40 150 24 19 155 77 135 32 180 96 121 132 21 9 83 115 48 142 
134 67 19 173 120 61 74 53 98 91 110 72 171 79 62 179 119 182 33 55 68 15 158 145 135 83 141 162 97 42 3 140 165 66 137 186 144 63 21 127 147 44 88 4 176 52 114 123 73 57 99 77 199 82 41 133 65 106 27 31 1 90 101 7 14 45 190 109 117 28 54 56 143 160 47 75 20 198 85 178 155 12 113 136 30 177 60 196 76 
119 117 126 39 56 195 82 75 124 109 112 105 139 175 68 21 58 118 164 125 111 150 149 79 178 9 181 61 10 102 187 87 194 191 62 7 27 131 92 32 192 157 132 106 65 169 20 90 148 134 60 155 182 161 5 55 141 138 140 2 86 197 40 50 93 36 67 78 41 110 8 4 53 24 76 168 48 12 99 151 37 15 158 19 188 94 97 170 31 177 184 77 186 128 200 14 162 11 101 174 104 96 30 180 
92 90 183 27 6 189 56 46 82 170 16 99 152 63 128 45 112 173 51 181 119 176 10 101 2 107 113 158 44 66 193 12 134 108 161 4 88 118 106 80 26 42 8 29 85 121 162 200 18 28 146 33 14 103 188 149 147 17 72 182 155 95 184 195 190 130 166 100 185 9 77 49 135 20 38 145 117 59 199 21 73 96 83 60 32 
86 163 11 175 67 40 106 129 135 79 196 1 53 145 170 150 140 8 14 68 101 37 166 103 28 17 111 136 70 16 119 31 61 90 32 69 64 130 193 29 36 195 88 84 190 55 122 177 132 159 27 197 65 12 85 156 174 95 189 10 56 6 167 58 187 75 155 148 172 134 83 4 199 66 71 192 157 47 43 165 33 164 92 46 94 34 162 91 51 160 19 151 62 126 99 48 78 
193 197 94 141 158 179 72 2 28 90 132 160 172 194 12 65 18 189 49 135 8 120 199 46 167 145 57 16 137 162 188 109 143 23 31 43 60 200 71 73 99 37 107 161 51 33 41 93 119 126 59 185 191 100 4 44 139 54 87 183 112 108 180 157 164 64 29 102 163 75 177 133 154 184 134 117 3 21 38 25 155 24 35 165 192 67 159 83 48 181 151 86 6 89 7 1 122 118 27 114 84 62 169 148 153 150 
115 84 29 25 166 58 11 35 2 118 195 91 193 136 8 112 107 104 168 177 183 95 88 171 12 70 52 3 45 156 38 170 180 23 127 124 44 128 64 142 73 125 167 184 37 158 19 55 68 49 96 164 120 90 50 56 65 122 139 66 178 43 15 17 67 98 119 200 190 42 169 53 82 108 51 185 33 74 87 28 75 198 189 147 131 79 99 172 188 85 80 173 179 137 89 196 146 24 16 151 
96 185 56 25 153 31 112 189 79 146 139 136 167 99 29 76 109 114 152 113 200 8 14 82 194 35 87 160 69 92 10 55 33 151 138 13 65 156 119 5 75 52 118 162 86 57 104 83 116 196 159 134 9 44 131 111 107 15 28 91 199 171 39 183 155 142 3 49 43 117 140 62 108 34 89 45 133 184 132 121 177 190 126 164 51 182 169 147 197 66 38 178 64 
23 120 192 30 106 171 189 62 129 49 173 73 4 47 136 42 167 154 180 56 172 95 194 77 101 144 51 178 41 46 32 22 148 25 65 63 152 9 150 98 74 11 183 54 193 35 88 165 94 126 38 79 1 69 40 36 161 168 44 134 102 97 50 145 130 151 60 143 87 135 108 48 137 140 156 59 122 174 16 76 116 61 163 186 68 2 85 5 18 86 188 3 28 123 20 
12 194 59 78 102 62 143 77 23 183 83 80 158 4 189 171 146 109 110 170 91 128 106 11 21 145 9 192 95 63 174 7 66 181 180 84 168 105 184 108 182 151 43 161 13 141 16 124 111 71 113 6 163 200 94 97 2 68 100 130 48 8 117 50 47 89 112 197 160 173 103 74 118 32 49 54 57 148 144 86 81 3 18 70 101 24 157 176 165 134 14 
120 51 20 17 147 188 154 115 142 200 58 37 180 96 43 21 118 119 2 61 99 138 49 31 198 170 60 98 105 89 149 87 189 183 160 148 131 42 54 45 90 19 155 10 139 12 128 91 152 94 175 25 74 77 172 193 108 141 41 78 101 76 184 195 44 92 132 71 3 32 69 55 35 124 75 145 137 39 190 50 177 26 27 150 85 28 64 107 162 86 73 36 102 129 192 174 161 52 46 158 80 18 95 106 176 123 103 
42 158 9 88 80 64 81 4 156 198 193 161 19 16 147 179 146 154 114 92 145 167 140 194 138 44 98 100 23 191 5 91 95 150 119 108 168 196 62 136 10 63 41 52 82 99 31 101 159 200 30 110 106 24 93 165 116 20 130 28 120 160 135 153 54 2 102 127 190 142 148 186 157 37 76 69 70 162 84 181 50 188 47 126 79 187 172 134 74 132 40 163 166 43 71 122 155 73 51 87 111 117 
176 162 9 135 69 115 137 70 98 111 17 200 90 40 67 140 141 44 78 131 31 106 89 159 170 41 22 125 3 12 28 116 60 101 145 168 97 62 54 27 139 93 178 163 82 86 186 172 153 120 92 109 149 133 155 152 8 161 167 14 10 63 15 130 47 103 173 110 37 35 96 5 105 81 24 122 142 71 84 175 124 157 66 74 136 188 11 127 53 13 184 198 50 80 156 1 59 166 189 143 117 
48 168 125 87 185 182 186 61 181 81 42 16 127 118 91 77 199 40 167 7 174 135 160 2 99 111 195 173 79 63 95 44 187 5 18 200 75 96 27 24 121 13 101 107 193 169 3 73 148 134 86 146 114 53 157 8 41 14 151 20 85 78 140 29 115 108 49 106 104 71 158 183 31 1 6 52 161 64 170 144 179 138 177 59 69 178 141 188 112 152 58 83 56 190 51 50 132 153 93 22 103 54 
72 179 124 37 20 168 143 52 55 73 145 26 171 177 104 93 101 164 5 67 4 116 79 158 100 1 122 173 115 192 169 180 34 49 56 166 40 196 33 91 60 86 42 112 175 199 189 32 3 98 167 142 161 128 12 84 108 159 31 70 82 120 176 170 137 191 133 183 123 121 193 127 62 194 45 117 110 29 58 54 129 155 90 71 50 119 43 131 38 13 66 125 28 
153 34 158 49 57 125 151 30 26 59 117 123 24 189 105 172 93 167 40 60 77 96 88 1 200 174 191 124 107 101 37 92 112 184 72 91 82 170 67 50 35 116 85 143 63 150 41 164 192 36 132 8 75 154 165 39 47 17 141 11 95 14 19 46 175 197 56 31 71 76 86 61 114 163 131 121 120 33 162 195 73 198 38 111 186 128 28 140 18 20 133 54 25 187 
141 113 153 189 193 87 25 167 83 38 58 142 184 99 37 97 105 176 171 101 78 188 75 162 194 48 160 90 84 121 190 81 22 175 111 93 74 178 92 154 11 77 148 43 10 187 36 82 63 124 5 107 103 52 168 89 6 199 177 59 91 197 8 72 200 179 15 65 108 80 144 183 79 26 186 137 131 128 85 185 126 157 100 115 145 132 117 114 138 23 140 104 76 146 127 
27 25 64 37 7 77 125 101 17 97 169 1 108 5 45 110 54 18 88 105 120 166 132 136 196 71 181 55 198 81 172 175 112 160 11 184 126 107 118 60 186 36 9 121 157 68 138 94 158 183 28 12 140 170 148 24 103 190 199 177 167 57 192 63 109 62 147 82 20 44 79 102 128 30 182 99 26 197 92 154 134 22 47 39 130 159 41 164 2 10 150 188 191 151 29 155 
31 170 127 68 15 191 55 137 122 189 180 155 60 18 195 198 51 187 2 130 190 63 84 29 131 61 133 17 147 1 185 118 52 148 27 34 141 179 86 176 9 37 152 192 96 98 49 103 20 89 92 139 146 70 87 43 46 32 186 71 110 163 100 159 62 182 78 181 36 19 136 42 154 193 175 79 83 82 21 40 107 177 173 91 7 5 194 25 30 169 38 197 99 167 
194 71 62 78 149 179 127 31 18 81 115 37 144 55 185 181 57 11 190 170 168 35 65 187 101 141 5 182 56 117 53 189 138 112 122 140 98 8 107 9 30 125 42 132 108 130 183 46 36 99 146 167 50 109 143 22 12 180 196 67 60 150 88 66 39 161 97 162 4 89 48 16 172 177 92 1 26 52 156 29 86 7 45 166 186 155 59 61 104 63 6 82 126 193 25 93 100 10 80 159 188 54 
60 170 110 81 83 41 56 39 163 135 1 100 174 19 141 149 133 113 190 193 11 160 22 21 3 38 183 76 200 153 189 88 78 31 63 72 180 27 40 109 172 166 122 127 97 52 147 33 150 48 121 102 108 146 131 99 116 28 152 54 136 199 168 23 17 34 9 69 47 89 77 45 42 184 111 50 112 161 12 158 139 96 187 132 128 46 154 124 164 92 93 43 7 137 182 29 194 
154 74 95 49 64 89 144 37 88 161 38 2 156 140 132 191 4 178 110 112 32 26 72 80 42 8 22 135 66 76 138 93 122 142 103 45 158 152 143 33 86 114 133 186 44 67 68 30 164 179 146 139 20 166 91 130 113 84 162 163 85 145 1 170 190 71 192 155 94 90 43 57 41 102 29 109 196 108 10 51 101 172 61 167 81 125 184 7 73 121 197 148 75 24 59 87 6 54 183 129 181 136 
126 71 87 18 15 120 14 36 153 86 58 79 65 54 4 78 82 179 52 136 23 167 172 33 134 163 42 28 99 35 144 141 180 200 194 3 173 112 132 103 186 85 171 26 81 5 75 90 169 164 174 107 19 147 131 24 94 195 170 145 80 89 118 110 55 199 152 17 151 8 7 38 196 161 130 116 189 32 154 10 166 40 100 67 178 187 44 127 61 190 22 148 168 43 117 25 188 51 72 64 
150 2 25 27 125 52 192 98 166 56 92 45 117 47 121 164 170 81 101 33 80 200 55 76 32 20 17 12 89 135 156 118 171 169 100 84 141 65 105 60 174 31 152 129 157 57 28 46 102 149 44 115 83 107 132 173 87 35 134 1 66 187 74 186 59 69 21 90 39 147 110 103 24 29 10 162 62 4 43 168 3 158 181 128 13 120 85 116 93 139 113 165 172 58 196 183 8 88 96 94 191 99 154 
48 178 11 87 8 89 199 86 185 63 139 76 61 9 117 92 53 157 99 129 111 43 24 75 136 173 128 26 25 101 21 145 85 36 120 66 16 197 33 29 18 107 82 80 70 103 5 153 47 170 23 115 102 42 162 51 32 1 13 59 30 35 148 6 12 57 113 104 149 141 121 195 28 198 169 49 200 133 39 74 100 77 62 184 187 34 142 22 
38 142 11 17 192 171 6 172 97 167 106 96 195 27 86 158 34 62 28 85 194 58 116 164 196 149 170 20 35 141 125 165 121 14 44 176 1 49 3 69 23 19 124 189 53 87 156 150 132 26 99 70 107 13 169 51 36 131 154 177 95 130 57 173 82 18 15 42 94 186 68 136 128 144 91 45 43 123 8 147 109 129 198 134 113 30 199 16 31 108 112 25 
96 65 153 51 84 7 32 129 164 136 52 167 183 67 200 149 138 162 66 114 57 174 197 91 37 131 195 20 3 123 98 112 113 163 43 140 77 133 110 5 139 85 29 141 82 72 68 175 108 187 26 17 71 38 47 30 170 152 180 177 159 199 105 186 21 119 118 11 46 127 76 158 23 126 70 2 120 196 19 48 182 184 
142 91 130 44 174 114 138 84 81 179 181 194 118 183 153 131 49 15 177 189 71 2 55 172 16 76 191 37 45 121 17 85 43 140 61 66 46 110 123 31 126 11 200 18 22 159 158 197 170 190 92 94 6 143 80 32 86 161 40 63 48 28 137 95 127 104 20 187 88 83 154 36 62 112 113 19 168 70 152 151 169 3 106 5 21 164 24 77 52 165 50 38 9 199 145 93 119 160 7 54 56 99 78 12 166 
22 12 164 175 27 13 176 171 128 179 92 157 124 104 197 74 136 81 55 199 40 30 138 31 151 107 29 23 152 51 185 187 78 63 156 59 73 141 26 116 64 119 190 166 178 35 162 192 180 58 70 158 137 102 117 38 142 109 101 14 133 96 154 41 8 54 129 172 28 46 122 195 188 2 36 85 165 144 97 67 93 105 163 174 131 69 111 113 130 100 125 65 84 32 80 42 94 56 
90 56 45 123 195 18 113 194 65 119 12 70 94 4 186 57 157 32 105 28 92 102 161 3 115 53 151 35 103 168 132 82 139 75 27 47 38 140 21 72 22 192 159 107 143 177 153 15 76 60 87 152 23 146 81 30 95 39 170 106 8 180 46 93 110 191 175 188 89 116 7 34 44 16 166 13 130 165 78 196 48 122 198 96 9 36 108 111 185 101 176 172 17 144 145 150 100 169 41 104 
185 92 83 43 170 171 2 111 76 196 169 90 149 69 124 140 158 199 41 159 64 63 97 86 118 131 23 172 155 20 139 33 18 137 66 157 93 9 115 55 102 54 100 183 81 179 5 48 24 110 160 89 21 198 82 4 15 6 120 8 3 22 84 161 187 11 156 114 10 56 135 143 88 176 122 151 44 145 53 91 112 61 104 107 178 32 193 128 1 39 30 174 109 167 36 162 130 74 77 50 125 
162 80 35 196 10 46 135 25 125 177 133 70 26 42 77 180 161 187 32 23 2 102 148 29 85 13 175 15 90 100 88 76 168 127 128 149 7 106 11 75 84 153 147 191 190 55 200 95 137 105 34 57 197 61 181 158 142 166 114 192 6 126 173 66 58 199 47 41 122 154 51 82 12 16 150 44 68 164 109 38 27 31 129 185 40 8 124 43 69 28 110 119 92 97 116 186 174 183 50 60 167 157 17 193 53 
166 142 128 138 178 37 71 33 3 61 15 30 193 25 156 167 187 177 155 175 32 195 109 162 58 66 79 81 76 108 82 153 120 143 62 10 31 165 132 88 117 77 48 19 127 111 85 34 196 186 149 36 160 53 89 116 23 93 170 22 118 191 6 55 163 26 68 59 54 11 65 69 123 130 140 38 112 190 199 148 180 5 44 4 133 47 147 200 146 60 40 16 115 141 86 49 
114 58 178 194 140 142 7 108 79 185 199 169 131 30 164 25 171 151 31 183 3 47 198 125 196 146 59 165 149 175 2 33 189 75 174 35 45 133 23 12 118 63 192 147 41 89 57 95 16 184 159 46 20 6 119 84 152 81 193 172 136 158 60 179 154 167 65 92 144 80 113 163 72 135 186 91 36 43 173 106 62 42 111 37 14 132 18 117 200 99 127 195 87 
151 136 76 80 135 45 77 142 178 96 43 41 101 145 50 26 159 10 125 147 9 22 13 20 143 35 128 137 186 86 131 119 91 182 107 19 81 171 63 130 93 31 141 194 84 52 3 164 56 99 24 148 104 166 87 47 65 69 67 140 199 160 200 38 197 51 181 62 165 58 66 198 7 138 70 8 1 79 112 183 193 25 105 55 153 110 75 111 118 83 
141 157 59 192 139 26 160 63 41 117 106 85 79 60 127 89 159 200 118 150 120 35 52 36 122 61 42 73 40 74 164 100 156 43 105 21 48 4 66 50 75 90 197 9 92 169 123 11 161 111 198 121 72 196 18 130 166 22 34 165 131 7 51 67 125 115 194 162 97 116 124 25 184 134 88 78 132 80 191 107 55 108 81 137 199 93 44 91 39 171 16 64 152 14 138 
145 173 124 107 44 198 127 185 37 45 181 97 161 103 179 178 38 84 72 91 152 49 95 112 184 5 8 77 31 96 90 54 172 57 16 79 88 48 26 132 155 159 36 157 111 115 191 20 100 99 176 93 169 23 106 78 148 143 116 105 15 19 175 108 180 128 187 4 120 89 163 109 22 1 189 76 199 98 167 126 92 86 83 200 197 7 59 141 117 139 162 53 193 35 27 131 87 12 29 150 50 
188 150 179 98 81 119 30 75 117 64 89 137 136 48 187 41 171 38 125 118 32 122 12 183 198 1 163 13 195 143 156 148 174 79 155 18 197 96 101 54 162 9 85 97 99 161 131 11 113 102 149 65 2 167 6 116 151 177 175 114 95 107 74 166 200 33 28 14 91 196 132 73 111 129 52 3 133 62 26 120 86 42 100 109 92 168 53 27 104 35 88 15 144 8 68 189 58 124 199 
9 50 1 145 89 34 48 119 194 87 26 195 186 56 101 163 12 28 63 85 8 114 64 191 121 57 165 167 170 150 134 151 86 65 108 62 189 84 118 148 135 141 196 53 175 60 95 197 120 182 32 54 126 77 129 35 19 181 98 102 140 6 3 73 23 39 125 69 104 10 176 13 46 133 123 83 122 55 25 146 130 143 103 30 38 70 107 137 110 113 131 15 106 147 68 178 198 187 82 14 166 88 31 153 
101 11 40 191 137 49 147 124 75 155 56 165 74 134 150 93 125 72 132 177 88 18 29 168 85 90 104 154 108 184 26 10 196 102 156 180 183 182 30 115 131 48 25 198 146 20 89 186 149 71 76 87 187 31 139 99 69 169 98 107 81 50 51 16 120 153 178 193 176 70 138 58 194 32 4 95 118 24 106 83 65 8 63 13 190 100 73 46 127 
198 83 8 19 22 59 87 86 121 30 66 117 140 105 137 32 92 36 84 47 85 5 199 131 166 197 95 194 115 191 147 79 67 65 74 155 25 55 80 88 136 96 184 27 39 188 24 164 129 185 130 23 133 192 49 103 69 127 111 195 63 177 41 100 81 70 18 124 35 175 125 90 33 21 172 56 77 99 1 163 200 120 54 119 161 180 58 16 189 113 114 26 187 152 169 112 78 42 29 154 44 28 34 171 150 98 17 190 76 
195 149 156 184 38 170 142 100 131 192 171 108 1 197 166 52 44 125 134 71 6 79 83 174 45 78 107 157 84 76 35 54 116 151 178 89 155 20 167 58 193 25 96 63 85 132 141 187 73 64 80 46 115 106 147 181 77 140 8 88 130 139 104 119 186 160 70 109 43 26 168 162 173 129 36 16 183 23 17 175 150 101 180 92 114 90 122 133 62 2 30 123 69 22 111 194 172 40 128 
172 71 189 91 196 170 136 176 54 195 103 131 118 83 70 35 89 52 88 132 113 16 184 152 166 77 156 101 108 171 75 28 198 102 86 141 150 190 87 21 106 51 112 117 90 26 23 2 164 155 130 49 125 110 17 72 41 47 24 111 29 143 39 5 6 148 62 121 32 92 151 186 61 11 157 191 48 146 175 95 185 9 124 127 123 182 144 59 168 97 139 22 93 183 122 81 31 98 135 120 30 85 167 79 161 
173 8 160 119 33 20 76 157 131 179 195 111 125 197 116 186 34 82 79 53 67 9 132 181 10 156 70 23 148 72 100 178 98 42 92 187 129 167 13 54 153 152 171 68 86 28 17 124 12 16 31 140 52 30 50 138 103 74 32 115 168 182 4 27 141 47 102 14 180 142 25 170 164 105 11 96 109 146 73 107 191 26 69 158 7 58 135 104 110 200 176 78 40 94 128 83 55 87 77 112 189 
50 1 103 2 187 148 68 61 75 5 151 102 88 104 58 147 57 175 163 124 7 17 93 183 65 108 34 78 143 15 67 63 162 145 192 101 141 196 38 59 127 22 6 79 137 114 9 172 21 95 26 115 120 135 122 142 199 91 69 71 10 3 140 98 84 105 89 189 193 29 165 154 155 8 171 198 96 87 52 56 23 134 41 126 169 153 173 72 160 118 146 27 106 81 49 20 77 74 42 46 125 
164 182 119 129 82 145 12 178 180 153 193 93 34 107 148 23 28 128 57 171 68 189 109 124 112 147 114 190 188 63 192 9 46 65 185 187 154 36 90 191 197 48 113 194 33 159 71 121 199 27 6 1 41 76 21 42 29 67 99 77 100 131 47 143 22 184 8 125 158 25 78 3 96 152 118 179 155 176 196 149 186 117 111 106 74 26 83 38 135 
140 63 43 167 186 180 45 90 96 157 154 57 107 161 91 28 8 123 38 108 179 126 53 32 66 100 199 181 187 97 80 152 84 67 55 103 118 33 148 35 169 190 17 99 160 87 139 81 106 79 29 178 37 25 162 155 1 158 18 30 10 183 142 141 6 86 64 77 120 62 115 47 89 124 116 101 14 143 168 40 134 147 132 48 69 137 119 149 175 117 110 196 151 131 
38 170 166 125 146 191 50 152 174 139 134 16 68 150 102 51 97 46 142 94 100 34 76 137 157 91 27 111 53 49 126 59 82 177 33 162 86 63 113 163 131 80 161 141 156 124 107 181 44 192 128 11 77 13 153 40 24 17 151 19 178 189 41 23 10 180 92 72 175 182 61 37 200 2 93 127 136 119 78 6 8 196 45 14 198 5 84 26 36 12 87 52 96 104 135 138 73 158 88 185 133 42 55 35 9 132 21 28 145 81 
180 134 151 194 173 97 136 126 26 83 161 74 133 131 166 88 42 118 159 140 15 90 82 79 22 122 33 57 100 5 29 23 163 143 55 179 17 2 89 34 46 142 193 81 196 188 128 119 200 182 186 139 7 108 132 190 27 31 12 6 69 106 50 192 16 149 99 129 117 44 48 68 175 172 9 120 183 4 162 101 174 114 11 41 25 187 116 147 45 70 157 51 37 43 75 39 
66 188 185 153 12 86 166 155 160 197 1 125 83 90 38 49 98 55 24 29 61 57 78 85 199 170 87 190 44 2 122 19 23 116 11 127 156 113 16 77 101 107 88 196 192 143 138 70 191 173 69 134 133 42 115 35 65 179 63 149 31 14 142 178 164 74 84 58 120 59 114 172 4 174 105 150 145 50 62 9 102 3 75 195 17 147 95 108 137 106 25 68 100 89 183 126 159 144 36 71 112 32 
142 133 181 141 144 190 124 17 158 28 22 145 37 49 129 199 56 134 140 77 7 10 59 113 195 163 70 178 108 117 92 179 50 19 9 93 188 63 167 196 120 88 138 100 39 114 186 53 147 132 143 185 104 57 122 83 152 13 101 169 89 107 175 64 94 71 24 161 162 126 146 173 197 27 51 45 102 130 150 46 192 139 194 1 135 182 5 21 68 40 52 23 6 137 78 20 193 149 123 90 
162 165 33 45 55 22 66 190 148 88 101 192 32 2 16 126 56 35 153 47 24 79 155 196 83 189 91 120 128 7 127 175 110 49 90 29 93 42 37 119 81 97 85 28 106 164 38 64 143 176 174 43 194 58 95 198 107 114 65 103 34 71 40 3 157 180 25 160 23 188 163 185 191 57 78 70 115 89 77 129 31 1 134 68 121 136 14 172 41 200 154 96 108 111 102 69 161 76 19 30 50 150 181 193 72 173 62 142 105 10 145 183 
187 20 100 148 179 55 137 173 83 107 71 23 178 169 108 41 18 116 111 171 147 63 84 77 160 164 128 4 101 118 60 14 38 42 98 16 37 140 115 103 68 81 139 168 5 31 189 195 2 52 95 197 161 192 7 64 135 126 12 162 21 66 120 180 91 132 13 110 9 184 145 105 61 149 142 75 26 141 150 33 78 114 131 90 28 176 143 97 34 124 89 59 53 130 156 51 39 153 125 181 94 69 58 
37 56 71 27 180 66 138 115 142 4 16 183 128 19 156 120 23 64 189 126 168 116 193 106 134 107 114 38 61 132 175 84 29 18 113 118 10 171 177 100 70 123 164 192 198 31 117 42 101 188 103 49 89 184 78 191 119 102 172 83 99 93 151 95 20 46 91 170 145 143 196 98 88 48 161 33 69 92 181 133 50 47 90 79 129 68 30 199 40 28 110 169 121 5 51 163 195 45 178 112 6 197 75 200 176 153 25 1 32 14 187 21 54 87 144 
95 181 75 188 35 31 12 116 157 79 71 128 171 93 153 81 6 48 13 135 44 50 28 151 178 199 68 196 87 98 195 122 85 104 146 14 167 140 161 148 169 40 56 89 111 91 63 66 59 54 193 62 189 130 120 168 34 179 143 42 183 97 78 1 18 192 142 52 115 39 103 36 37 129 16 70 53 133 147 185 55 107 117 74 150 124 101 112 33 51 25 
184 200 178 164 193 170 137 100 7 149 195 90 95 114 5 167 194 18 153 11 162 124 42 156 136 15 37 158 157 65 41 135 111 30 138 107 73 28 168 94 14 189 55 22 152 98 91 187 103 130 198 171 104 62 101 181 119 191 72 132 67 87 122 120 166 160 80 179 17 96 99 54 39 32 92 180 40 109 146 61 173 58 115 134 88 148 89 161 71 9 34 102 69 78 185 35 12 151 3 113 182 97 8 36 85 86 199 56 66 116 21 176 
163 105 89 48 190 149 15 91 129 2 138 189 158 148 52 72 104 14 62 40 136 79 99 95 68 83 26 156 86 179 177 49 159 196 123 96 100 67 150 21 54 77 130 181 58 81 24 145 35 197 117 114 53 73 121 175 188 162 38 134 16 76 198 64 186 13 17 178 173 183 180 32 50 27 108 171 112 120 75 22 194 6 182 195 187 71 65 132 93 25 84 172 82 45 102 30 165 199 10 74 
22 139 80 70 10 43 117 47 125 124 103 136 104 173 92 149 23 120 200 63 57 130 83 138 159 199 184 8 192 108 59 28 33 39 15 32 94 51 122 55 121 152 66 195 42 145 71 12 183 5 151 69 134 27 7 31 16 52 20 197 157 88 76 198 182 187 3 194 26 126 101 147 176 146 180 137 133 75 186 191 167 99 64 127 160 193 24 178 29 68 78 44 189 
174 82 112 165 54 120 132 106 188 83 101 163 152 156 95 70 142 6 153 172 28 31 150 133 104 177 87 161 43 81 167 195 122 42 159 93 7 61 90 186 53 78 141 36 89 59 49 92 97 121 77 170 62 175 91 46 33 128 176 185 67 136 39 63 127 198 126 27 1 100 113 79 182 110 184 86 173 84 44 166 197 38 18 196 148 193 158 181 118 23 26 99 179 35 169 24 144 17 22 154 74 29 190 5 14 88 
156 84 101 134 94 163 108 116 106 45 142 47 117 75 192 170 172 1 14 182 18 23 141 105 27 186 62 15 103 72 166 150 90 9 169 196 198 20 157 7 115 74 89 83 102 95 19 38 82 147 136 176 31 25 195 189 12 17 3 174 104 187 131 184 139 77 121 138 40 68 133 175 46 53 168 165 107 125 63 44 51 126 109 5 54 4 183 6 148 99 193 153 88 178 
173 118 128 167 192 112 146 64 189 175 9 10 54 149 186 108 14 122 27 172 92 17 6 56 70 87 194 142 68 156 130 138 140 90 36 165 129 198 159 139 43 45 80 39 23 77 8 168 53 166 38 86 160 24 30 161 4 177 176 196 151 117 120 126 67 193 99 72 148 93 37 65 102 84 5 104 73 152 171 195 103 11 115 94 98 3 48 15 75 187 25 181 134 125 78 200 83 76 163 2 114 
180 122 100 3 195 47 87 172 108 197 26 111 15 110 170 25 98 92 12 161 115 11 173 9 56 13 54 32 158 37 104 131 6 176 141 72 34 42 178 96 166 49 147 114 57 28 107 182 75 184 129 19 44 80 120 133 1 97 31 163 7 4 18 46 154 118 139 106 78 171 156 138 175 102 167 174 125 143 89 43 61 86 186 123 74 137 29 17 63 38 68 95 59 55 151 79 
170 86 111 185 121 159 137 102 98 168 199 183 187 115 68 34 176 87 122 36 12 91 69 2 40 127 33 129 140 181 139 146 167 32 46 120 100 184 42 16 191 192 50 58 70 95 77 133 54 178 188 43 18 7 59 162 113 47 114 154 179 105 76 56 27 158 17 51 163 165 101 138 123 88 93 89 53 118 79 81 112 63 177 15 24 200 44 175 198 49 11 78 84 4 21 
7 154 109 98 69 59 19 171 174 36 113 74 173 153 23 120 73 151 123 27 68 130 146 106 15 128 16 102 169 194 190 168 48 51 90 198 189 127 125 162 86 196 182 2 17 3 133 161 112 22 176 4 150 63 30 159 95 101 103 126 94 34 46 1 116 33 32 38 64 129 21 177 166 187 84 141 179 136 88 134 66 186 99 26 5 82 139 140 108 71 9 137 164 147 117 65 61 72 79 87 107 143 92 44 157 89 
146 4 69 165 126 97 22 118 193 16 173 108 63 32 36 188 96 17 181 58 177 25 48 55 24 191 182 155 33 141 132 117 21 75 122 113 196 153 64 125 88 5 87 135 123 127 175 18 160 57 119 172 110 159 116 140 26 130 178 185 65 189 34 31 53 50 74 91 195 43 1 98 60 76 56 2 200 44 38 52 115 144 101 179 198 103 92 46 80 161 137 35 162 27 156 28 89 54 106 114 194 136 129 13 41 47 19 100 102 
85 190 2 69 144 22 193 87 66 187 11 148 198 49 44 62 113 106 21 175 94 167 50 182 101 120 165 25 127 51 191 138 199 9 48 114 3 92 17 133 171 63 70 30 150 35 32 71 174 39 170 1 31 80 169 45 36 89 42 38 162 110 109 136 75 153 197 200 79 139 6 178 13 29 68 195 117 74 26 43 151 156 27 126 108 189 20 125 59 123 149 56 184 40 160 76 65 
91 99 177 1 8 183 23 25 151 76 40 135 176 31 110 4 139 67 132 159 93 43 63 73 178 158 106 179 15 87 128 13 78 162 142 17 39 180 192 92 89 61 35 84 138 165 137 113 97 45 38 41 141 30 154 42 80 81 161 143 163 153 170 105 166 196 51 18 100 11 149 54 119 68 121 188 195 122 133 74 36 21 168 49 181 146 85 64 107 70 5 152 193 145 6 189 96 20 136 16 131 197 98 53 
140 148 49 104 5 142 136 71 42 143 51 69 185 118 18 193 53 146 108 89 183 32 151 166 41 31 194 4 199 92 33 88 84 2 131 175 86 159 99 150 111 38 179 144 139 39 67 158 28 16 94 182 157 168 135 14 59 156 61 36 133 81 66 124 55 164 34 95 100 195 80 176 160 161 47 23 87 70 173 43 37 180 97 3 177 7 106 163 68 21 138 152 48 147 122 85 165 78 50 172 52 
49 31 182 186 76 139 10 78 131 94 125 51 61 18 101 7 176 123 83 126 73 80 116 128 24 5 68 70 27 32 15 42 190 92 165 149 191 90 132 39 65 174 168 133 122 29 52 130 58 1 115 157 117 79 71 6 12 25 74 102 63 142 86 170 13 171 21 95 178 137 111 173 169 77 184 54 50 103 197 87 105 160 66 100 9 2 98 113 136 16 148 22 
177 41 1 129 32 107 57 130 173 200 31 120 116 12 132 185 191 2 104 114 26 98 160 43 103 127 50 171 176 138 46 115 142 20 135 53 105 184 140 113 153 35 109 193 165 60 186 92 83 134 180 71 172 139 69 174 128 76 179 10 54 55 167 62 88 95 175 163 99 86 124 28 66 3 59 183 93 162 61 82 157 136 123 196 58 17 72 147 100 16 22 126 164 4 110 78 18 33 158 156 91 145 56 39 40 96 37 79 29 125 70 
70 152 39 35 168 27 170 58 142 117 32 9 25 8 14 115 84 148 200 196 120 159 54 23 52 138 183 90 136 131 59 63 86 49 34 76 140 130 137 133 66 188 47 41 160 185 22 13 166 165 56 99 123 119 38 147 44 127 73 92 77 40 112 6 81 176 111 197 10 178 114 85 75 169 15 141 31 79 102 106 126 24 171 151 121 48 124 16 139 162 7 199 
163 50 192 141 110 131 25 85 125 138 49 29 184 18 31 147 41 106 42 9 73 46 104 122 20 143 81 17 193 173 16 112 137 175 83 105 134 97 171 23 194 22 158 21 162 72 13 94 30 60 51 98 114 169 69 189 8 63 39 156 59 149 167 182 99 197 118 80 185 40 79 68 177 117 160 165 34 75 155 159 135 67 58 82 45 15 151 53 109 64 26 4 14 152 188 91 77 108 
137 90 39 100 160 164 104 10 32 134 177 120 125 174 25 63 165 138 8 53 109 29 141 42 199 151 135 116 128 21 62 48 124 186 24 168 61 118 195 50 191 91 155 75 119 180 28 22 171 96 19 30 111 170 84 112 169 70 51 52 97 85 33 78 71 9 38 122 143 58 5 102 200 153 26 148 83 149 130 66 94 172 167 20 57 145 43 6 161 129 45 173 179 80 105 82 81 117 95 194 44 41 182 12 
32 91 186 114 84 81 44 67 65 184 74 73 189 40 177 42 1 58 118 123 171 119 75 96 59 2 95 150 43 88 133 33 47 140 113 168 70 195 98 151 128 12 124 90 131 191 53 175 18 41 173 39 178 104 38 83 27 25 28 200 180 23 4 152 130 126 94 20 26 170 185 54 154 164 159 77 55 92 52 87 86 66 187 17 99 199 11 29 85 37 161 120 109 49 134 138 179 156 10 76 30 136 89 153 139 111 197 174 165 125 103 106 
52 117 24 95 127 165 138 154 111 119 88 47 136 176 89 184 175 37 177 129 122 159 168 128 15 110 153 68 76 58 192 7 155 142 147 59 60 134 180 103 196 19 73 30 21 113 158 85 16 38 18 161 98 20 97 48 112 1 115 75 17 83 53 109 3 2 22 191 45 125 140 171 131 92 160 10 6 187 50 170 114 145 40 51 108 57 93 149 116 84 183 80 42 25 33 31 55 139 
187 29 118 175 47 158 172 2 107 170 19 152 105 109 89 39 94 146 162 15 74 49 177 21 92 83 73 173 169 86 40 85 87 63 42 95 181 57 133 119 145 130 192 126 176 62 114 174 48 82 135 11 124 54 91 178 199 120 10 75 56 198 103 122 14 4 160 34 104 28 61 163 43 148 7 80 67 84 37 100 144 69 98 180 66 102 45 81 186 30 44 33 184 138 112 123 179 8 76 193 149 161 23 9 88 25 90 53 1 27 65 101 153 142 71 185 157 
11 176 180 155 124 22 7 108 9 30 103 126 42 131 150 24 190 14 145 79 146 164 97 170 10 95 159 141 4 26 88 127 142 139 78 41 200 149 143 87 94 35 157 63 184 16 80 105 31 118 166 173 152 110 171 168 12 98 178 40 194 121 52 189 151 53 64 99 47 162 75 169 19 100 137 174 54 48 158 83 62 153 20 1 179 43 67 165 69 15 134 77 198 44 109 25 5 93 186 86 167 36 23 183 
22 163 157 103 141 136 188 56 91 44 49 9 68 67 178 190 172 90 4 32 57 186 146 54 137 105 173 10 193 129 176 102 181 82 37 144 170 148 40 154 115 135 107 169 125 117 80 75 156 28 43 122 151 124 55 200 78 110 104 18 81 51 6 74 89 50 47 138 198 58 185 60 127 14 155 70 160 21 177 52 87 39 25 65 191 26 48 64 147 158 3 165 161 62 
184 113 196 51 132 89 195 178 45 92 87 197 144 82 19 173 126 130 31 30 34 83 26 14 167 20 199 101 157 4 72 150 102 69 85 98 119 138 107 66 171 46 160 70 103 97 182 156 185 149 121 88 179 41 131 29 91 105 116 159 73 164 22 154 176 68 44 84 67 112 153 183 96 59 200 65 40 175 8 114 155 74 162 63 79 145 7 37 60 6 106 180 158 99 28 81 177 135 54 137 
25 104 152 153 83 121 10 134 169 51 18 9 64 160 102 107 87 125 165 100 42 198 38 117 137 77 86 154 144 58 156 177 99 44 36 195 85 151 97 136 140 40 182 7 124 187 79 190 185 103 62 39 11 32 75 150 30 164 200 170 71 91 133 127 49 157 174 146 16 147 14 173 74 110 28 80 176 4 72 175 35 53 90 50 142 123 114 145 29 8 46 193 26 2 166 70 148 192 155 78 
56 144 173 182 155 175 168 185 135 117 103 156 129 95 190 6 68 64 52 44 127 28 184 61 89 97 146 115 78 48 171 102 40 92 180 69 142 53 133 110 31 84 59 112 132 151 22 58 125 122 96 199 81 114 154 46 67 19 136 140 177 73 94 189 167 163 7 123 99 57 16 143 152 104 1 153 126 90 79 105 50 157 100 147 198 12 77 193 130 192 160 111 3 196 197 131 