200
149 24 153 110 129 13 17 74 69 5 105 170 59 161 49 109 191 60 80 108 88 137 30 32 166 16 86 87 46 136 71 38 171 12 77 144 106 95 40 158 11 28 4 72 2 36 18 185 26 21 150 58 122 99 
50 136 40 157 143 122 82 116 5 31 8 58 38 1 61 101 161 191 75 108 142 98 149 168 36 12 153 179 132 188 165 25 37 97 62 146 52 177 28 79 152 127 14 100 86 60 169 154 
106 100 71 50 54 108 91 135 53 72 34 36 146 139 52 111 44 102 174 167 15 121 64 86 104 132 140 184 133 29 180 149 76 82 194 85 65 55 103 101 147 23 138 13 37 109 66 7 81 
174 141 49 100 7 90 196 184 77 140 195 193 26 102 68 139 72 16 123 124 25 91 67 198 44 20 132 155 56 36 42 146 1 151 170 62 95 98 22 185 60 52 164 81 183 154 133 171 88 127 48 104 13 134 
49 20 177 101 70 119 93 172 164 68 35 2 1 112 90 55 200 187 168 9 36 163 96 131 143 100 114 161 94 14 189 140 82 176 66 148 38 59 72 150 186 86 56 195 99 165 
163 92 24 140 91 113 23 159 60 77 100 12 186 138 17 105 71 153 144 119 169 104 126 64 34 166 87 68 57 89 18 53 198 73 112 165 47 195 150 79 145 8 9 27 188 10 29 
180 23 66 152 87 82 22 77 147 69 191 98 194 181 154 121 150 53 64 45 116 30 143 46 100 17 21 172 20 105 3 4 38 88 93 91 108 171 187 80 18 189 89 122 159 44 51 103 131 
58 148 128 138 147 84 72 193 12 75 98 113 101 155 153 163 52 137 151 132 176 21 200 192 158 114 144 103 45 134 180 6 181 43 74 154 162 2 47 160 34 167 179 49 32 142 109 119 9 81 173 54 
129 134 146 44 6 15 24 90 187 27 113 94 77 126 38 193 73 169 69 118 137 103 52 188 11 55 179 80 161 87 122 13 20 124 8 45 150 5 59 183 186 49 57 110 158 
78 111 82 175 195 66 136 160 79 133 76 164 125 124 135 154 28 34 70 57 183 71 23 127 168 114 67 199 182 141 52 150 118 63 103 116 43 157 15 196 161 17 146 73 27 192 45 46 13 170 184 64 144 39 40 6 60 83 22 95 
144 9 51 104 174 123 194 1 85 47 29 186 175 19 50 167 92 165 93 87 155 71 116 68 44 195 78 157 74 130 143 83 131 100 184 128 41 98 139 45 193 170 129 
73 36 131 192 6 142 154 60 160 49 115 188 50 8 2 197 179 135 28 151 174 196 101 46 76 1 125 67 161 58 107 193 168 24 108 173 83 150 175 117 13 144 65 170 15 166 97 40 
151 104 49 84 155 38 42 58 87 108 3 33 27 92 146 9 144 161 113 10 129 184 12 98 166 101 177 180 37 99 72 125 21 119 66 4 128 56 83 107 111 78 36 185 114 163 67 1 118 136 
163 82 2 190 29 39 125 120 25 97 137 84 148 41 80 46 60 5 45 98 156 115 173 196 70 28 114 90 37 178 96 105 160 145 77 86 195 118 183 74 192 169 88 55 
99 183 37 22 117 84 132 101 78 197 126 174 186 10 144 113 93 140 42 142 9 112 18 148 23 97 82 20 122 188 12 143 75 134 3 133 164 90 155 64 128 57 187 103 163 16 44 69 
160 174 4 200 141 184 181 165 185 193 66 68 95 43 199 117 105 1 178 15 112 131 32 54 142 80 153 154 167 123 194 81 24 132 143 90 128 82 48 180 106 
59 104 37 193 45 168 105 142 38 46 43 50 98 184 42 6 177 156 90 44 152 26 83 118 198 66 163 71 110 143 124 47 95 1 114 10 53 57 169 199 196 101 166 7 86 180 138 181 52 39 191 
157 89 191 165 29 69 119 77 25 98 112 48 181 120 200 104 87 15 163 76 81 193 113 6 179 74 170 185 24 128 7 20 92 105 65 1 178 70 35 86 109 62 53 116 186 34 100 19 
159 178 137 75 153 119 179 130 54 81 36 18 169 63 176 116 148 67 46 106 11 168 144 173 107 91 191 145 34 104 196 105 87 41 183 103 135 182 80 102 171 111 
23 120 90 183 182 122 108 83 47 119 134 18 9 22 147 24 104 144 152 75 29 118 160 4 38 169 141 5 15 46 7 133 191 180 64 136 140 142 76 27 57 121 189 77 153 45 
140 29 151 135 57 43 27 188 98 95 150 197 48 186 88 8 126 110 90 13 169 69 199 73 127 67 129 23 170 7 68 193 97 96 1 70 82 130 25 38 116 24 134 185 40 194 142 160 
4 154 73 105 121 143 137 149 51 63 58 147 68 59 141 90 45 171 161 192 101 81 130 70 47 49 122 114 185 10 184 82 166 24 40 7 38 146 138 53 76 85 15 175 126 20 113 128 168 132 174 135 160 108 140 32 
29 134 154 195 121 140 33 66 182 39 26 139 7 48 78 162 110 190 127 144 64 21 15 167 168 166 172 51 79 10 155 87 156 71 94 188 169 133 128 149 138 119 131 124 20 6 3 152 38 183 137 170 104 70 
197 21 70 84 183 185 164 9 28 22 182 104 18 26 148 63 177 121 90 6 116 135 151 16 57 170 188 39 178 87 198 167 93 166 109 85 123 105 102 159 199 91 165 67 101 20 25 77 158 44 71 32 196 181 12 69 60 173 74 130 58 76 161 1 
115 93 24 187 21 142 55 177 60 121 117 92 165 37 112 50 87 14 104 2 136 18 198 42 167 99 150 124 4 164 74 145 66 90 125 85 48 98 81 35 47 43 46 166 123 119 129 114 189 
4 149 130 75 176 33 1 161 38 158 200 24 105 106 41 96 168 31 94 173 133 124 39 110 27 95 127 165 135 138 79 69 199 78 73 174 98 58 145 23 55 155 159 17 142 151 121 101 192 54 93 102 167 29 122 144 
20 111 10 79 69 179 138 149 73 64 84 83 80 103 106 61 92 126 171 77 123 178 102 99 90 175 50 112 101 165 95 115 75 176 6 164 180 9 21 139 186 140 127 13 91 191 26 
155 147 106 12 81 119 108 148 200 134 176 2 55 179 184 64 140 14 166 132 167 172 112 87 192 121 47 43 183 76 122 190 91 193 195 174 105 189 1 75 128 48 109 143 158 61 24 79 44 77 78 40 199 10 49 70 84 
102 134 65 91 138 83 63 162 92 173 105 44 23 188 120 127 175 135 73 131 59 194 26 132 52 142 14 96 97 11 37 157 18 174 43 154 178 38 21 20 58 199 6 72 76 128 66 33 3 74 
190 127 163 45 100 95 90 192 59 83 162 71 175 57 196 39 186 174 63 173 133 121 157 141 1 116 171 62 70 42 40 93 155 176 140 194 178 126 7 135 103 115 114 111 110 199 85 
48 82 193 144 155 124 194 119 65 196 100 87 77 116 111 109 78 172 129 151 68 121 170 2 197 143 59 132 106 26 171 117 152 185 112 73 179 32 162 181 86 
1 79 100 39 117 41 80 95 200 8 163 141 77 134 181 24 16 147 104 74 109 57 122 51 176 179 145 38 22 196 54 103 31 84 61 137 198 186 90 
83 152 112 103 148 165 34 177 191 195 151 95 99 69 62 175 159 89 29 121 77 161 84 122 39 142 58 158 71 42 115 13 87 65 56 137 173 23 192 66 167 187 168 157 166 179 133 200 190 118 194 153 36 26 
73 123 88 105 3 94 85 177 8 169 35 147 97 40 46 107 63 141 48 10 184 84 18 140 156 195 58 6 157 47 111 38 132 57 110 181 72 200 159 137 19 150 33 186 
189 63 25 108 53 181 100 89 48 191 34 62 43 152 176 163 142 115 121 37 184 126 68 109 136 145 139 158 5 40 130 122 46 183 44 112 127 65 102 114 143 165 18 188 59 74 140 169 154 187 200 
159 70 48 83 178 161 120 116 99 183 81 109 117 92 114 97 136 139 53 3 5 186 163 167 75 122 19 169 12 103 51 94 111 152 121 4 108 112 78 13 154 67 102 59 2 46 1 96 193 115 124 33 88 
147 14 78 107 170 84 165 110 77 152 193 39 159 102 13 69 149 87 153 132 57 35 172 71 125 17 175 117 164 29 96 129 190 64 53 49 97 114 168 198 171 25 3 51 82 2 98 148 15 93 52 
195 137 5 196 85 167 136 130 23 32 132 149 9 79 122 64 152 17 2 174 187 62 7 34 13 84 20 26 121 78 60 74 157 129 155 127 22 147 21 156 43 128 117 146 95 29 106 68 1 86 
163 156 51 10 140 123 30 160 119 185 100 95 42 153 89 26 138 166 44 32 126 73 199 108 147 164 122 24 188 190 14 17 124 144 97 75 118 61 117 143 23 79 171 177 142 109 128 64 33 158 50 186 37 149 
113 120 96 21 124 150 143 149 34 172 28 63 59 117 56 1 196 93 73 50 30 189 116 177 22 71 156 55 98 179 2 70 92 147 175 186 142 129 49 107 35 12 131 132 60 77 10 57 
130 126 60 169 45 199 85 123 107 68 74 94 122 110 61 19 80 192 90 26 153 93 120 140 32 139 11 106 109 134 168 48 14 101 105 84 164 142 115 72 186 150 135 
17 165 113 25 154 83 13 111 166 87 156 101 30 132 39 188 99 163 125 4 102 33 73 145 49 65 107 71 100 147 92 195 155 15 91 
35 162 133 125 10 150 25 180 183 190 91 29 110 135 163 149 106 181 171 70 17 56 188 8 82 28 169 120 38 184 161 16 65 102 187 143 21 168 136 165 95 63 155 156 114 68 119 185 72 175 123 124 44 99 77 93 194 
182 156 53 121 11 180 17 57 83 75 76 147 59 174 3 73 61 145 107 198 192 65 195 161 98 196 50 194 105 124 46 29 24 43 178 135 39 7 74 114 35 191 88 103 131 28 15 4 51 9 148 177 117 94 
51 10 55 7 200 144 115 193 57 89 166 198 190 41 46 116 83 146 9 62 168 100 104 30 195 169 20 71 14 79 99 161 127 8 164 85 90 17 177 167 102 11 22 58 149 
45 110 105 7 67 140 178 122 78 115 12 182 94 120 74 20 44 111 36 17 199 19 147 35 149 114 75 10 163 25 186 175 14 34 90 99 200 53 152 1 154 132 
121 11 135 193 131 52 102 161 34 126 134 177 65 144 84 94 152 20 108 162 143 140 150 136 49 186 106 86 60 139 17 8 22 25 197 28 6 188 53 184 142 189 169 57 195 
131 153 134 25 174 196 61 115 200 116 141 16 86 35 36 31 133 125 4 190 172 155 63 34 89 80 188 21 166 41 191 67 142 91 18 176 126 23 194 83 167 122 97 28 
8 147 175 143 9 84 77 168 127 130 93 5 167 200 103 61 72 177 128 64 75 37 86 22 178 13 28 71 40 83 119 194 52 47 134 89 153 4 198 12 102 1 70 136 105 137 68 116 124 186 162 159 122 42 146 172 
27 188 166 198 126 69 17 11 64 44 112 187 122 90 79 194 99 183 81 39 174 82 184 119 12 142 63 52 97 106 181 25 3 84 123 40 2 137 180 151 77 
153 94 120 67 182 146 179 71 165 196 57 141 158 98 112 69 129 11 80 72 159 108 149 44 162 39 164 178 82 58 22 32 145 114 45 37 23 134 163 113 36 184 154 190 7 121 128 136 83 132 170 117 103 
181 29 177 103 49 3 189 118 68 183 50 60 156 135 168 2 184 87 142 148 167 47 120 176 85 65 117 9 164 10 141 121 157 134 72 147 76 191 128 17 8 37 196 190 185 160 115 100 4 
109 47 194 22 36 118 137 164 74 128 7 98 147 6 195 116 132 150 58 139 37 76 84 18 64 103 170 192 127 177 83 101 166 44 183 143 104 3 165 82 115 54 35 133 59 46 94 163 91 99 17 159 
159 150 19 97 181 129 53 187 200 61 16 101 8 151 153 196 154 93 158 191 62 95 32 180 160 68 73 84 149 26 86 135 76 78 134 192 3 121 178 190 107 110 
28 79 151 164 190 25 195 171 174 137 116 40 155 187 188 99 172 119 152 97 182 110 59 126 169 73 58 14 186 170 106 185 115 86 122 26 9 45 3 5 160 62 199 
81 186 111 4 78 129 70 110 40 76 150 124 163 85 90 115 126 117 171 43 105 60 157 84 80 66 127 116 97 33 138 71 153 139 114 166 193 130 119 135 13 5 158 180 165 106 86 
185 44 47 79 98 84 30 135 21 126 183 96 17 77 102 191 125 199 137 198 9 40 20 152 104 15 88 180 159 101 171 151 75 10 37 107 158 71 155 118 181 45 164 69 144 200 24 150 51 146 127 32 95 141 6 175 192 197 97 34 
90 83 193 1 185 99 199 110 34 2 176 69 148 194 120 103 45 33 149 75 98 8 127 160 104 55 86 105 24 80 13 195 82 109 151 192 87 84 101 29 174 64 51 26 66 12 111 112 53 22 157 180 158 
114 148 109 168 55 9 197 71 86 29 74 44 188 53 40 153 98 17 96 152 193 133 105 93 82 187 102 120 192 198 1 5 76 145 22 80 35 112 173 165 30 85 194 99 113 31 164 110 36 
146 184 82 56 178 150 101 10 1 173 64 74 133 86 171 52 153 162 126 103 169 41 154 2 151 149 194 97 180 25 168 128 40 71 104 124 24 78 197 167 61 199 85 100 155 138 4 38 115 12 139 14 110 140 47 6 
150 48 187 128 176 90 177 75 164 195 66 60 120 159 41 72 134 44 114 54 27 32 158 138 141 101 184 91 49 2 168 39 99 74 28 84 125 80 92 77 171 146 
152 54 4 38 74 193 67 141 134 66 181 92 164 55 18 30 76 65 128 90 109 172 68 143 2 139 114 35 93 101 88 200 195 83 107 104 91 33 115 102 112 144 95 169 45 161 182 126 123 
76 171 82 99 173 142 74 117 68 174 48 35 179 195 137 50 154 87 29 86 116 168 10 186 22 167 182 83 24 121 175 132 81 184 40 34 140 30 43 157 19 
75 53 39 183 7 129 181 99 143 38 58 163 131 84 50 20 179 68 6 23 28 10 27 166 15 175 145 37 108 103 49 104 3 60 146 65 109 198 67 130 157 126 
179 91 172 169 153 77 182 187 127 52 138 114 33 68 177 200 83 105 186 99 193 43 62 163 12 195 18 112 197 72 3 147 42 35 194 79 102 64 44 120 29 31 109 170 47 134 
17 165 167 10 81 105 94 29 130 62 129 151 166 99 104 176 123 61 56 13 197 7 142 86 3 101 108 111 25 96 92 118 103 139 117 23 182 172 5 152 58 68 128 185 16 97 70 33 
133 183 137 175 10 195 81 77 197 62 163 4 172 90 13 129 46 64 145 24 19 154 146 89 119 176 75 48 185 152 69 78 200 143 111 151 118 135 125 132 51 82 36 171 127 102 12 76 144 21 96 188 
158 52 49 170 76 166 189 162 93 168 63 196 132 164 22 174 5 122 21 64 6 96 66 16 82 43 149 62 194 78 172 73 84 4 161 35 108 54 139 143 137 38 90 188 31 136 65 11 165 41 138 71 175 
18 127 33 192 152 24 73 97 113 107 146 147 87 174 195 118 51 9 95 67 72 7 50 106 150 132 162 1 188 26 126 21 136 37 140 119 57 101 160 98 58 27 198 15 141 
114 161 43 185 170 22 30 90 141 165 196 128 144 199 23 18 179 188 21 93 75 10 24 147 189 162 56 89 113 193 66 117 72 36 14 151 107 28 76 49 122 195 40 71 5 186 169 98 184 174 
51 1 56 80 158 164 123 33 59 6 140 30 114 138 110 45 169 24 88 154 70 115 11 60 175 142 100 17 73 49 57 96 152 137 90 103 37 186 193 194 141 23 68 42 3 40 131 10 
127 131 41 8 141 73 157 96 1 150 172 156 196 49 121 194 51 5 155 61 13 78 183 102 178 191 177 188 171 52 99 138 124 145 65 4 104 69 34 43 161 70 3 89 180 29 162 167 
96 94 186 44 72 168 68 140 40 160 10 34 123 187 21 93 120 69 55 109 135 39 27 9 22 163 113 169 71 86 85 6 124 118 131 95 198 29 76 82 112 81 87 100 132 99 143 42 177 12 174 79 26 144 54 31 129 
35 100 152 32 198 11 29 124 44 192 126 138 191 107 101 121 53 175 82 1 147 158 63 200 14 110 46 92 160 173 59 182 151 41 25 127 193 38 24 106 18 119 62 95 61 161 109 166 8 79 60 123 77 
8 105 46 67 126 49 179 70 96 185 20 15 178 27 169 137 57 44 99 198 76 164 28 118 64 19 36 147 89 39 148 26 2 61 113 58 150 120 167 86 199 
189 149 97 70 89 85 22 94 62 156 54 183 68 136 147 18 99 75 24 3 150 176 63 192 106 96 56 158 116 86 52 118 20 29 164 197 117 143 129 12 95 28 90 166 82 104 10 198 122 53 108 190 67 44 73 59 
171 130 9 32 27 133 83 117 20 89 18 183 180 189 147 82 14 33 138 113 31 159 6 160 128 79 127 112 37 74 200 61 136 4 111 115 24 142 120 80 57 43 28 1 195 67 7 50 81 84 65 49 40 107 178 122 109 168 
13 131 151 10 116 158 68 129 46 113 31 114 89 92 56 82 155 72 149 178 11 67 109 54 159 163 36 181 37 86 38 172 145 23 15 152 161 153 184 87 26 132 102 79 162 196 28 96 100 174 60 
78 200 97 101 132 73 157 188 94 193 140 114 134 65 169 194 107 2 110 23 39 55 27 185 32 95 104 130 77 113 165 57 45 191 74 10 28 190 26 184 38 160 148 198 129 98 84 109 141 115 6 88 120 50 139 142 
51 56 7 166 104 178 193 77 32 1 121 86 189 83 195 41 180 81 199 128 126 16 59 194 157 179 142 125 176 111 9 100 58 196 90 107 89 186 118 71 61 167 95 127 14 144 27 92 130 48 185 19 139 155 
77 110 63 124 152 120 36 184 113 3 168 130 28 82 73 199 56 67 100 22 148 8 180 160 174 193 189 156 18 25 161 80 188 190 142 175 66 176 16 4 181 102 19 132 172 50 
184 93 74 191 78 181 76 37 5 60 157 98 50 100 166 198 10 58 43 152 2 122 141 22 67 91 31 73 77 179 51 68 170 147 3 14 101 7 15 53 21 140 59 16 149 94 63 81 135 
65 11 13 174 48 42 193 10 36 115 49 45 149 77 200 87 119 12 160 95 153 51 135 58 80 63 29 27 104 84 44 191 163 53 147 196 113 106 197 132 62 167 136 33 154 20 17 30 162 178 180 
64 37 93 38 14 58 83 123 13 57 158 171 152 175 195 191 166 77 61 124 47 141 68 178 28 151 79 41 192 100 32 56 54 168 27 127 185 113 24 53 34 101 154 50 98 189 8 193 122 119 15 49 181 33 
73 86 131 158 178 161 147 168 150 60 191 149 41 25 159 92 99 119 183 45 3 181 182 177 24 93 11 151 56 22 87 188 59 174 107 34 193 199 76 52 30 173 38 176 
3 184 113 181 48 5 49 119 59 137 2 140 31 14 198 93 186 107 56 148 80 73 114 99 109 103 121 147 17 85 164 78 76 130 146 47 144 38 1 159 75 54 128 108 66 106 60 18 55 97 197 63 58 
9 200 142 6 24 167 13 162 144 112 165 138 127 85 111 83 31 124 103 28 52 193 145 78 25 177 1 69 140 23 42 58 18 73 101 109 114 63 37 171 33 7 136 19 120 191 11 
185 62 71 1 101 105 151 21 36 90 7 144 95 57 4 142 79 44 164 102 162 140 91 125 100 14 190 111 186 166 34 126 
70 181 121 39 67 105 18 35 130 33 193 76 80 72 155 48 116 147 104 78 196 122 7 142 137 197 124 100 45 95 144 165 166 146 75 153 94 136 77 6 49 189 97 109 141 138 
56 5 24 141 110 4 14 71 25 45 183 109 30 61 67 150 88 167 121 32 50 185 16 168 107 136 96 156 41 151 21 138 17 129 62 58 27 68 188 132 15 120 46 178 70 80 119 106 22 169 108 76 135 139 152 125 159 9 176 20 
99 146 7 173 121 158 24 100 172 28 200 61 134 4 82 88 27 197 174 53 62 135 177 43 6 65 152 199 140 183 139 186 138 19 29 198 191 154 48 123 192 3 118 170 42 113 117 109 169 171 179 161 
161 27 13 195 116 61 66 176 107 85 165 198 144 78 42 123 29 62 80 6 25 128 193 168 113 99 134 40 74 11 163 183 97 117 18 109 182 191 36 129 102 145 
158 85 105 86 37 41 197 142 166 101 118 156 98 127 146 30 54 11 5 59 138 24 133 7 163 129 62 153 82 126 15 73 168 84 49 183 135 199 43 110 25 167 106 26 172 40 70 68 
149 111 79 102 145 126 129 179 47 82 147 23 175 155 66 139 73 9 142 200 96 160 124 114 150 186 51 36 46 44 119 76 118 158 53 193 34 100 187 122 95 89 26 110 106 5 162 182 41 
156 32 74 73 145 26 99 83 174 33 1 76 39 194 140 122 80 167 16 107 4 136 62 125 79 102 101 54 130 17 116 10 152 162 200 131 166 196 43 21 57 198 94 134 175 180 69 195 89 197 104 109 38 30 169 183 27 88 
137 179 21 149 14 142 97 127 72 162 126 167 169 66 135 36 182 177 133 40 75 68 29 71 37 73 5 59 130 94 57 78 113 90 161 76 200 67 178 26 
195 169 50 14 57 60 128 37 191 178 2 29 76 182 34 54 161 194 151 137 131 183 101 153 69 193 15 36 174 176 12 79 199 48 163 147 86 162 39 165 21 171 187 89 96 92 55 114 66 56 
185 21 102 26 99 2 58 173 135 4 136 84 82 161 11 93 69 18 70 40 105 159 79 17 126 14 44 25 53 59 186 57 8 37 13 116 7 133 150 103 196 115 51 
188 46 142 61 42 15 50 129 180 13 63 92 173 45 120 198 98 103 25 43 143 65 86 177 197 95 33 91 113 64 191 75 36 5 27 72 172 156 178 73 53 59 66 165 152 76 58 171 85 55 158 1 183 
199 73 6 80 42 159 139 147 110 171 94 81 192 141 4 31 136 35 193 74 84 3 45 89 149 7 126 32 121 116 11 88 187 52 137 155 2 71 78 170 30 60 91 5 174 133 107 82 182 18 39 
143 13 62 157 69 115 151 95 8 93 15 22 61 172 189 74 26 88 122 42 12 171 121 57 27 191 24 186 82 87 150 54 141 79 41 3 2 97 53 84 105 58 66 199 17 169 126 173 5 111 60 158 
35 181 154 57 123 184 104 103 42 72 190 49 186 130 119 95 47 118 148 192 134 81 88 158 189 43 125 65 124 170 199 3 116 29 27 153 187 98 59 110 143 105 149 19 126 115 36 94 197 145 151 162 45 92 194 147 4 178 62 188 24 26 161 78 127 37 140 67 
52 36 124 51 162 143 170 98 60 32 140 87 169 136 86 183 44 117 7 137 10 114 99 19 198 64 8 199 53 123 155 66 15 150 30 3 9 106 71 187 102 177 139 49 196 27 178 33 58 
170 195 200 109 83 161 57 189 53 169 172 66 3 129 117 18 160 157 45 6 149 102 115 62 188 179 60 199 181 158 25 72 19 24 112 17 11 139 194 79 13 164 111 196 80 64 89 95 20 121 131 4 180 23 197 136 58 32 76 182 
28 159 44 17 7 113 16 106 65 126 1 24 174 29 101 193 56 26 75 6 88 166 180 22 170 49 66 109 19 41 59 14 46 134 58 18 107 93 98 89 102 184 122 34 164 128 
90 126 200 27 47 137 185 184 86 118 41 182 199 186 31 69 26 167 123 93 175 162 152 74 94 112 28 19 115 56 50 142 83 177 76 103 196 3 144 155 181 38 1 16 169 146 55 105 192 132 125 127 43 122 174 
86 153 37 172 92 169 44 144 19 177 34 13 131 127 90 42 193 41 118 100 12 182 151 145 69 80 116 95 108 85 120 54 128 40 199 62 105 74 57 70 152 79 154 162 170 77 115 
124 28 1 3 155 176 190 36 7 64 39 66 167 120 12 86 177 188 76 184 123 22 169 185 90 35 179 128 163 154 107 68 51 153 160 20 13 112 47 197 2 192 145 
65 77 78 119 190 135 133 175 41 32 18 73 28 74 59 121 53 169 91 92 112 117 128 62 89 105 123 150 120 149 58 79 188 95 39 104 87 8 90 1 36 24 86 141 132 129 31 3 64 162 156 137 154 145 35 
41 17 134 1 60 9 58 172 79 184 195 176 74 142 56 30 197 43 174 26 59 46 71 102 167 151 155 116 90 180 189 37 168 94 115 186 162 21 100 166 34 190 81 170 185 93 169 156 138 23 54 179 123 55 
200 46 31 10 162 152 80 163 87 42 67 167 197 192 66 34 3 77 137 132 199 135 140 166 158 169 36 94 120 122 58 125 30 56 19 88 183 161 198 127 159 27 101 13 142 104 
117 120 115 170 135 87 27 167 108 183 180 174 178 33 6 35 194 131 5 104 157 18 51 132 16 15 119 114 65 58 28 173 36 148 109 158 31 59 77 62 137 154 133 73 25 151 179 106 187 50 
92 170 143 40 182 51 160 158 84 83 99 8 194 78 175 136 123 142 178 195 22 152 199 159 59 122 114 69 172 18 6 167 15 134 86 79 9 105 91 128 169 70 165 96 75 119 42 77 200 13 81 184 73 
56 189 143 154 156 36 59 8 169 158 157 71 113 43 121 61 184 25 185 79 5 13 86 78 103 171 46 94 188 35 168 131 187 10 175 164 129 30 37 87 170 112 14 137 70 97 17 120 44 51 155 65 140 62 22 
136 25 167 156 176 83 106 45 127 48 187 192 71 107 12 124 56 36 123 35 98 116 117 14 55 165 30 101 186 193 46 62 52 104 41 126 79 53 130 33 179 27 60 141 102 177 153 145 112 120 77 110 
147 95 19 155 161 151 24 49 183 63 197 2 56 179 78 107 182 163 36 53 110 115 31 10 45 30 48 89 55 40 169 152 173 7 100 92 130 121 154 11 193 129 102 166 18 76 188 21 98 141 170 
159 174 118 195 31 77 181 25 179 112 70 184 115 165 152 38 51 76 92 37 136 170 103 52 66 109 125 197 173 176 164 123 39 44 56 36 127 131 104 163 180 12 32 166 63 155 15 40 91 16 
119 69 17 76 156 67 80 198 170 33 107 125 150 9 117 10 152 39 129 75 179 182 13 132 73 175 124 151 52 102 57 160 106 168 171 165 157 161 66 91 14 94 180 188 131 20 139 53 174 172 166 134 93 
55 19 49 67 113 90 200 144 189 50 146 86 183 148 20 94 180 84 31 199 23 43 168 147 166 83 8 109 143 5 157 102 161 25 195 187 13 118 28 85 174 155 135 69 56 39 74 18 150 112 164 6 145 
185 123 179 140 167 143 164 108 111 65 20 181 196 58 157 130 112 51 139 189 184 75 172 170 59 79 41 43 115 114 40 126 136 36 146 52 197 186 107 18 14 109 46 90 61 158 73 81 99 29 77 165 159 87 
200 137 54 24 176 129 173 171 90 178 3 104 28 174 47 151 172 25 114 155 7 116 22 72 109 63 33 86 26 128 122 30 192 23 166 154 197 80 136 139 36 38 89 20 100 74 35 145 51 130 101 52 44 196 31 131 91 
189 84 33 144 138 163 164 77 156 149 68 28 39 50 143 151 140 36 48 49 165 2 178 35 106 94 198 176 20 113 7 169 161 55 199 101 32 46 121 133 1 22 188 105 147 70 26 41 111 127 193 9 15 186 38 95 76 166 89 82 175 
120 149 84 115 91 140 103 34 43 50 181 113 71 92 188 189 109 102 143 16 177 106 142 139 176 173 170 108 74 66 146 41 62 136 11 39 110 24 4 25 117 153 27 73 175 
163 148 74 87 197 73 43 81 185 160 94 9 115 132 31 138 169 175 182 168 4 133 84 108 49 164 17 180 89 25 134 23 60 40 136 72 26 36 170 118 39 44 103 102 10 56 127 
160 165 95 80 154 117 197 141 162 189 37 48 102 12 106 13 88 186 90 137 43 61 131 199 118 14 42 132 128 144 111 67 151 184 129 171 57 10 25 
35 137 15 50 74 165 183 182 184 27 69 194 75 57 147 62 21 172 93 41 167 101 153 60 154 48 22 80 9 162 56 30 191 158 120 106 94 100 174 105 98 115 39 47 96 142 157 102 88 64 175 6 156 55 
148 132 135 192 69 87 58 72 134 27 122 106 67 117 26 162 65 49 115 23 185 156 143 56 181 199 167 124 141 29 4 158 96 175 10 35 160 84 161 53 45 30 93 111 107 190 74 195 2 57 80 102 77 21 38 
28 16 165 62 176 66 29 134 139 154 49 77 108 22 157 186 187 105 92 188 179 193 190 113 61 166 125 109 18 70 8 198 39 142 136 11 38 148 15 23 163 121 53 132 52 161 196 189 97 60 51 164 107 133 80 86 13 
162 11 94 51 90 136 191 67 177 159 121 1 9 137 114 194 143 73 76 40 140 156 198 153 165 116 178 109 174 25 125 190 92 78 160 54 158 13 99 150 104 37 64 21 79 93 38 118 66 31 133 56 
19 137 64 167 156 146 150 56 121 49 77 22 80 140 175 11 166 79 180 149 41 26 35 81 120 142 196 170 21 168 24 38 95 148 177 136 173 116 172 143 89 96 66 161 115 86 102 163 
172 78 121 166 85 44 144 118 95 104 200 11 16 23 187 12 5 71 29 72 48 40 199 7 64 134 112 107 117 186 155 174 142 97 137 73 143 114 125 47 
143 174 144 8 128 175 191 73 37 29 112 194 2 118 163 22 124 79 68 3 156 109 63 111 31 90 193 40 186 46 83 182 161 51 138 42 16 15 106 4 148 125 81 78 28 67 38 34 154 69 136 142 177 167 127 134 158 53 
109 153 3 156 112 33 93 144 60 169 160 15 122 166 157 20 178 98 194 30 77 158 48 191 59 26 100 179 148 161 43 129 67 124 23 128 10 96 134 4 170 53 
32 49 192 61 144 54 79 8 132 163 51 65 165 159 102 179 128 29 136 196 172 133 168 91 154 105 92 199 62 127 9 110 21 48 113 124 28 20 23 47 95 52 169 167 194 145 15 41 131 118 4 
47 127 184 73 30 168 93 98 54 150 12 189 170 91 44 138 67 22 43 139 119 111 112 177 173 167 29 83 82 90 109 56 158 96 159 175 26 57 145 21 52 41 192 3 24 174 157 10 179 19 
83 38 129 170 68 117 132 25 115 89 77 95 100 90 124 172 13 113 120 130 163 191 51 150 160 123 168 143 194 69 35 76 103 155 189 134 49 10 2 1 47 142 87 121 20 43 197 36 104 128 167 98 
166 103 189 164 22 38 97 34 63 114 131 86 130 152 68 100 109 67 8 194 159 106 89 49 33 141 71 112 121 1 198 19 111 57 55 53 96 9 125 173 14 32 126 129 23 181 50 75 
60 142 184 26 89 77 110 183 17 91 39 122 135 27 93 23 8 174 72 139 61 159 22 146 3 124 162 163 186 173 187 166 71 6 74 191 87 29 199 90 65 56 181 132 68 198 
171 135 94 187 178 153 53 146 123 192 62 168 103 195 91 3 68 27 188 56 11 194 128 121 120 80 173 100 142 155 35 79 172 4 104 41 193 184 118 36 66 90 23 60 47 138 
35 79 47 28 39 171 123 41 183 30 5 63 130 122 157 103 111 120 27 23 82 193 71 162 34 6 114 20 172 179 22 46 144 129 147 69 60 150 95 21 91 168 3 4 141 102 73 88 194 87 145 86 15 
52 151 51 57 109 34 150 30 69 140 187 48 71 166 10 79 82 4 197 127 84 16 101 115 116 137 61 90 177 100 161 89 184 22 20 62 182 174 32 179 125 72 70 148 
2 52 158 79 146 99 126 144 15 169 50 66 200 123 148 110 26 111 87 88 106 178 21 12 136 20 175 94 77 130 80 93 179 128 145 39 191 47 33 35 89 81 96 8 153 139 149 25 17 138 113 187 71 132 159 16 29 131 184 48 63 40 41 
40 49 120 187 53 151 31 136 68 103 144 7 156 35 131 102 129 123 73 113 176 15 39 11 197 101 62 2 22 16 155 130 28 193 195 163 5 172 17 132 47 99 149 67 119 122 43 127 174 114 76 64 
142 196 70 39 107 143 131 57 183 87 134 191 19 172 86 132 149 47 26 31 23 11 8 92 185 199 13 189 157 125 6 146 122 67 178 89 179 160 119 159 20 133 88 152 140 80 164 174 161 106 1 155 12 73 15 10 45 197 62 
64 94 35 87 155 115 151 156 174 119 32 51 92 134 196 44 190 59 6 107 185 140 26 19 198 42 189 166 14 67 72 108 25 180 102 188 178 121 153 135 173 95 78 109 142 
120 3 64 45 86 13 177 178 51 91 69 61 22 57 89 119 2 193 4 60 139 142 192 138 93 106 149 188 160 196 123 130 9 191 10 183 38 67 49 190 144 
126 159 165 140 197 97 20 8 70 94 38 153 177 42 3 40 75 28 191 44 179 155 65 164 53 119 74 32 46 7 85 172 39 151 77 89 86 82 116 83 189 190 195 100 170 52 158 22 69 34 76 102 37 161 152 122 49 
177 160 24 86 180 127 15 171 195 179 28 52 44 81 132 124 197 5 133 167 150 59 112 128 130 75 14 102 8 58 166 190 19 142 141 37 33 172 183 119 79 
3 104 43 182 37 23 76 100 123 96 122 157 68 54 189 51 1 46 22 94 78 146 85 83 196 144 26 166 156 60 27 45 102 193 171 142 58 191 40 38 39 130 143 2 184 187 165 82 185 109 199 186 
168 90 1 12 136 140 34 184 53 75 148 56 129 21 60 40 103 118 160 41 158 54 47 180 101 72 170 5 10 25 6 135 43 183 7 85 130 57 94 76 61 163 141 109 172 119 69 9 98 
74 4 70 54 116 13 200 57 12 141 145 163 101 199 26 122 24 102 84 55 97 31 85 60 8 121 107 192 147 143 78 182 50 33 177 88 110 194 90 21 58 67 66 125 112 183 118 
199 7 66 188 91 137 95 23 147 194 99 157 177 191 117 184 78 82 69 159 84 57 107 37 164 116 113 74 71 33 153 81 47 62 38 111 59 46 36 144 90 173 55 67 186 118 2 31 20 106 17 168 35 182 
6 49 19 178 145 102 65 60 129 133 123 172 16 41 93 185 37 139 83 39 142 59 156 196 2 1 152 115 48 8 56 51 54 78 20 33 107 108 163 164 191 194 147 97 89 126 
63 67 42 60 16 165 84 107 196 102 29 2 191 4 116 158 200 114 8 168 83 54 128 189 36 121 108 12 172 10 35 51 162 71 134 109 125 194 112 132 22 177 46 126 91 179 7 176 23 
60 160 11 181 42 15 136 116 119 31 30 131 143 144 72 38 161 13 28 78 145 108 100 94 26 55 117 89 106 179 103 121 57 168 167 147 43 8 192 180 110 139 48 23 194 114 173 4 80 
90 43 132 23 145 109 129 114 199 173 179 17 39 34 198 175 122 133 153 157 42 143 181 99 127 163 52 76 192 149 72 14 81 168 95 115 93 118 40 38 44 110 178 126 130 
63 167 135 152 194 119 172 128 82 182 126 140 156 179 168 58 164 198 2 171 174 165 34 118 79 112 52 30 11 10 133 104 185 29 18 80 120 144 33 56 189 64 101 149 72 181 38 193 114 
84 112 135 99 172 91 94 111 71 113 161 127 68 33 93 104 132 28 142 191 189 9 102 120 26 57 168 58 24 129 150 54 76 199 195 166 1 188 114 74 35 186 193 51 61 126 56 85 185 8 133 78 147 101 154 39 164 163 
166 170 19 129 54 34 135 196 98 105 36 6 111 90 192 147 100 142 120 86 51 61 152 78 57 188 137 77 33 117 134 53 37 199 138 85 193 179 113 26 163 24 7 49 144 191 
146 52 81 10 16 113 83 150 8 94 184 118 55 124 133 54 155 177 182 136 69 20 14 73 165 148 127 22 21 144 189 173 108 198 104 58 129 12 77 191 125 79 39 74 
193 175 43 141 10 2 72 166 162 147 179 44 24 165 158 70 102 98 169 170 92 164 130 116 45 155 119 74 182 5 128 62 47 81 111 68 78 96 132 33 97 36 184 171 26 133 91 122 12 9 85 118 173 22 1 13 127 104 144 187 
51 31 49 127 129 161 106 72 88 197 83 96 95 68 110 29 183 97 69 140 78 109 111 103 47 70 94 107 8 43 187 198 174 102 188 138 154 23 30 168 125 172 60 126 178 180 87 189 199 
143 108 83 153 78 73 178 92 53 97 196 18 67 39 46 36 159 130 132 93 117 138 181 15 13 177 51 5 200 32 151 56 14 42 156 183 65 116 136 128 6 193 134 158 35 64 30 8 150 43 17 122 124 111 
86 75 39 195 114 147 161 88 5 57 37 105 41 4 45 122 124 182 76 10 24 157 68 52 51 55 117 27 15 25 196 168 120 71 53 104 199 137 171 128 62 152 59 144 61 119 158 153 
25 184 134 11 97 70 87 6 157 128 89 125 118 68 27 160 2 129 16 24 51 186 53 42 154 56 5 26 189 79 59 33 43 126 117 198 37 113 92 120 122 99 183 18 66 35 115 176 161 180 149 147 
24 171 23 76 111 119 80 28 1 74 122 197 66 176 68 50 89 158 93 82 116 39 141 133 118 88 110 187 128 117 149 181 33 25 53 105 13 17 189 130 183 95 45 64 148 12 22 172 42 161 137 159 84 192 48 6 190 138 145 56 121 131 
185 48 23 63 66 180 52 16 36 115 80 11 126 112 87 190 8 75 120 173 95 191 135 28 26 127 96 33 49 155 113 108 106 25 188 72 60 83 130 134 38 157 3 24 132 45 90 93 148 111 171 110 136 174 
158 52 61 12 150 118 139 77 196 17 73 45 59 23 93 152 189 81 41 37 164 43 191 162 60 33 124 68 22 135 10 63 136 192 185 178 26 90 187 119 155 110 175 2 92 114 169 156 19 157 140 5 85 134 84 49 154 130 
168 113 45 73 107 35 60 14 181 142 65 2 109 161 122 175 104 103 79 172 188 71 70 106 108 47 90 6 43 19 36 91 17 184 114 95 34 21 134 9 180 20 111 23 75 199 96 116 55 41 101 133 97 62 110 124 
116 124 172 51 104 70 133 23 21 11 65 107 113 159 130 18 10 184 31 91 24 117 110 150 100 12 102 173 175 55 4 147 123 192 1 135 103 183 118 82 37 105 114 68 112 120 178 136 53 161 
97 31 67 183 114 181 61 199 43 57 56 182 4 27 198 37 178 91 60 161 100 166 179 125 101 84 197 22 99 19 121 87 157 7 149 1 118 72 191 148 167 139 39 55 180 63 187 30 176 194 140 77 164 
199 49 101 48 68 110 130 81 184 150 66 162 166 99 55 5 147 40 139 62 136 134 104 179 153 170 148 143 107 169 28 113 121 65 188 189 126 157 140 72 196 67 131 158 118 190 93 31 154 78 144 37 23 183 120 7 91 
12 189 156 85 139 191 99 63 177 155 33 101 116 152 74 196 167 59 26 121 160 117 112 60 30 170 161 135 8 137 130 14 24 138 145 98 123 29 19 91 
3 141 198 78 117 129 26 121 85 119 11 118 132 176 91 50 12 83 112 185 55 97 138 135 69 22 30 144 106 145 162 105 48 16 131 190 110 157 167 100 28 126 143 175 4 81 58 70 15 38 44 194 191 29 63 95 68 73 
30 197 185 22 27 37 132 113 84 10 33 122 130 106 142 169 40 67 63 194 126 109 174 127 124 161 178 71 114 68 176 64 43 95 12 170 94 156 29 81 118 46 123 49 168 74 11 177 195 57 199 135 
19 30 122 61 27 90 115 171 154 121 92 26 108 190 199 165 32 174 193 143 81 5 66 175 166 80 85 195 67 110 97 189 123 128 58 35 184 48 117 76 28 52 187 8 
173 2 24 135 5 103 44 33 17 123 175 72 61 151 73 91 152 154 53 47 141 96 87 146 107 197 148 34 108 129 65 163 85 99 40 25 115 199 132 147 52 160 39 106 45 13 130 49 
190 103 175 188 16 78 27 24 184 179 72 60 146 46 99 51 54 163 96 153 18 139 75 171 14 199 112 170 156 19 90 162 113 144 97 121 196 36 145 102 49 142 30 129 122 85 77 83 168 84 181 80 29 44 133 
196 141 192 197 157 144 104 112 189 51 171 40 19 115 63 135 148 28 155 108 116 70 140 9 178 154 117 200 120 147 2 8 96 75 31 91 18 32 193 33 156 159 12 142 128 64 172 80 191 82 161 27 94 65 118 133 110 134 
60 13 186 80 83 124 16 72 7 20 183 27 95 197 165 119 81 56 184 8 155 44 50 58 105 145 198 167 118 17 162 171 54 104 169 130 117 3 77 99 181 43 112 57 148 150 110 
198 120 117 43 169 127 196 82 157 32 57 193 137 84 16 183 197 8 17 123 7 104 106 191 171 85 24 62 86 81 102 189 78 163 186 35 155 180 54 166 156 31 34 89 18 178 64 138 50 52 
157 198 74 160 106 10 94 124 62 46 161 65 164 184 20 55 104 118 66 51 116 190 23 97 171 44 149 132 85 192 19 113 92 24 96 197 126 63 141 151 100 152 107 
150 138 166 15 126 77 76 172 91 116 72 57 97 19 9 144 162 180 196 99 170 64 140 171 151 85 14 20 103 112 95 23 52 50 4 163 111 181 165 93 195 184 199 10 119 67 28 24 90 146 53 43 92 148 36 35 
11 161 176 117 79 142 22 180 86 152 170 113 165 125 13 169 61 4 183 126 187 178 34 60 47 138 139 51 78 17 182 105 81 108 106 82 16 35 52 149 150 120 160 70 43 172 110 63 3 102 194 10 28 50 114 141 135 
22 168 52 194 79 167 67 110 174 98 66 144 127 90 75 189 13 58 24 149 39 16 114 21 175 57 157 55 120 106 108 18 31 80 1 4 124 145 88 70 43 158 84 153 
80 165 47 188 86 180 102 193 131 128 18 101 73 30 125 63 70 181 198 199 6 46 11 55 91 21 138 39 15 36 65 9 110 98 94 27 34 32 158 120 149 106 71 132 88 49 115 5 40 152 122 41 56 
200 142 119 112 149 35 184 141 5 102 188 103 161 43 162 59 55 15 115 73 114 97 94 176 143 38 50 171 131 168 9 100 54 33 138 128 7 166 65 61 25 139 
69 122 102 178 193 118 9 128 196 35 48 159 108 145 43 42 158 172 167 47 104 139 123 55 109 85 99 24 79 187 67 152 29 50 116 114 70 146 72 6 2 21 162 68 81 12 59 39 191 23 186 169 15 197 90 
110 119 179 28 81 165 173 40 145 25 52 154 149 102 7 125 68 181 114 190 137 123 120 70 136 157 166 104 101 158 77 35 160 128 135 147 195 144 5 176 47 168 89 84 185 80 162 20 172 122 76 
108 54 110 28 14 172 51 52 197 128 129 30 148 146 88 166 102 182 33 55 81 79 145 167 176 39 195 76 37 200 198 174 109 43 48 147 178 189 45 127 23 
171 85 152 17 18 138 33 27 82 44 54 126 57 2 173 188 87 179 74 144 1 136 91 149 142 7 19 159 146 133 160 132 199 99 48 79 147 101 167 192 84 153 92 174 72 168 181 52 158 83 97 35 129 154 20 
53 170 22 115 155 59 69 198 74 28 159 139 179 135 57 8 146 41 195 91 84 168 102 10 54 111 30 76 166 134 58 106 191 100 108 14 127 156 182 44 151 12 121 26 33 
16 36 132 176 28 163 149 31 11 21 107 62 146 74 92 59 157 85 80 116 161 199 115 122 84 45 79 105 143 196 71 65 97 139 159 87 140 188 158 89 9 186 58 70 47 200 17 181 18 128 197 94 56 179 4 83 81 100 37 8 12 
59 3 137 65 136 184 48 102 21 157 33 79 44 16 97 71 72 171 126 60 151 155 132 11 43 7 104 152 29 95 129 112 58 50 140 49 113 31 174 53 154 30 68 134 153 133 185 139 80 175 
80 77 55 192 189 65 190 53 158 5 196 176 104 139 28 127 34 38 110 183 42 44 113 148 84 23 117 164 92 67 4 6 10 63 47 45 14 70 58 69 175 61 147 119 11 62 143 33 95 97 
134 32 89 130 104 193 146 121 52 40 172 179 68 159 70 10 173 38 149 154 144 54 183 120 31 80 103 51 98 145 163 153 24 178 19 44 48 30 106 95 168 83 4 164 14 12 128 17 188 181 72 78 195 
89 102 93 175 166 24 99 83 47 180 57 162 124 15 188 65 120 179 121 147 21 177 148 141 190 182 31 171 95 104 86 193 110 116 181 76 67 136 111 144 125 91 117 12 59 66 60 143 108 199 
137 4 73 69 111 186 156 199 74 45 32 103 59 49 180 17 190 157 99 138 64 79 162 122 91 129 182 145 57 24 44 128 25 181 76 75 37 92 174 192 82 160 118 95 50 171 86 6 165 
176 125 41 57 91 10 17 81 193 16 107 101 106 102 55 172 122 113 191 186 198 85 127 149 30 80 100 169 138 131 21 178 171 24 39 93 177 156 158 111 104 29 75 26 197 162 46 152 70 28 97 164 144 119 183 134 159 151 60 175 103 58 
95 121 74 18 77 94 190 26 193 46 154 57 5 65 35 32 33 79 34 83 16 87 111 104 187 113 142 8 106 131 179 96 151 49 91 163 62 28 45 67 54 48 119 