200
184 45 114 98 164 34 100 84 161 173 64 131 113 74 65 159 10 59 23 7 60 5 143 14 112 13 102 145 32 48 76 90 150 195 40 47 67 147 22 200 121 186 61 167 191 12 165 
103 106 40 62 175 122 84 64 60 76 39 98 187 23 162 169 33 168 145 41 75 200 185 81 180 191 88 58 70 24 170 139 192 27 118 7 11 52 31 119 158 159 154 181 94 134 130 37 198 124 123 43 153 19 135 59 93 164 
103 125 10 137 151 129 35 117 181 102 188 192 83 77 64 167 61 48 21 172 67 198 115 122 119 123 121 160 33 71 9 37 161 14 138 149 133 11 24 94 139 56 177 12 49 126 168 92 82 27 148 
31 80 13 132 177 171 38 125 83 199 28 64 184 30 72 41 111 146 145 97 50 127 102 99 133 70 168 191 16 104 33 130 67 197 58 107 180 11 47 183 143 108 48 186 200 141 187 
72 196 125 169 113 119 84 107 92 17 11 134 36 111 194 44 102 54 180 136 181 10 65 104 60 86 12 80 90 179 126 42 58 145 13 1 45 16 118 47 189 188 168 100 97 
186 129 90 101 84 108 147 164 189 35 181 74 39 199 128 173 18 75 166 7 8 41 118 31 78 103 22 26 117 167 23 200 133 149 158 42 185 124 99 150 145 113 
126 172 184 132 80 22 10 119 56 40 194 200 176 146 92 147 87 93 33 99 102 129 44 2 151 115 88 30 166 29 14 123 1 173 54 104 191 50 131 121 31 141 117 139 11 73 177 41 91 108 174 24 128 122 62 103 20 171 6 101 118 
109 115 60 92 24 116 127 174 35 155 72 191 182 10 193 145 83 150 54 158 52 84 130 133 85 75 136 120 82 6 88 183 30 199 159 195 168 180 165 9 34 151 139 177 119 186 19 77 152 43 
101 179 45 28 107 141 129 56 90 44 91 84 170 164 17 54 173 134 8 123 76 191 3 149 39 85 42 64 150 94 198 68 177 131 194 120 119 23 162 36 137 11 100 103 18 139 124 145 29 118 117 73 112 182 135 43 
133 122 58 53 29 44 184 119 35 72 169 93 153 138 141 74 13 160 43 59 84 26 145 97 7 163 140 57 167 18 40 101 77 8 166 85 42 134 183 111 3 118 1 76 45 5 157 177 188 17 191 78 171 
45 160 89 25 97 143 73 189 195 181 9 23 2 57 110 95 154 129 13 188 135 7 144 162 43 175 124 81 37 136 19 58 60 5 26 190 146 87 122 111 108 4 185 3 
81 107 153 176 183 109 80 119 140 48 83 182 152 3 88 64 47 187 139 44 33 158 63 21 49 1 35 151 179 148 168 116 146 18 174 29 111 169 32 28 36 108 128 135 161 193 172 130 100 87 5 95 166 26 186 
165 57 67 139 51 61 27 37 89 74 160 10 4 167 200 163 137 131 109 88 136 72 188 106 14 197 5 193 189 65 154 1 95 38 45 175 19 11 182 17 90 155 44 77 53 34 
51 64 43 150 132 110 80 33 147 26 18 101 105 152 111 13 54 57 139 35 46 158 62 127 117 38 7 3 47 153 28 87 176 164 34 61 121 192 49 59 136 65 143 162 93 36 113 70 58 25 92 174 161 15 112 154 1 187 166 
92 24 25 121 136 196 30 177 142 149 176 180 106 57 71 161 179 120 123 200 141 133 104 20 14 47 70 169 116 195 56 62 132 29 74 102 
172 32 45 56 137 48 58 143 157 146 174 109 5 197 84 114 27 104 119 159 148 36 17 133 50 125 4 52 22 67 107 171 92 158 96 60 141 47 97 127 110 98 70 153 31 94 165 76 106 61 126 
172 128 31 9 116 27 49 114 81 170 70 43 80 16 109 95 103 126 183 133 173 65 142 85 176 143 115 140 190 86 5 131 106 151 13 188 144 10 193 159 
29 168 127 145 94 129 95 36 91 6 102 199 159 119 87 167 26 175 81 82 174 135 10 24 31 86 97 123 14 99 12 48 162 141 156 51 150 143 39 93 128 190 134 113 185 105 60 171 33 56 196 146 96 59 9 
117 182 112 128 195 183 79 11 121 42 160 8 120 24 167 63 101 161 70 55 124 89 95 150 100 180 122 105 136 165 110 87 171 2 13 144 139 118 107 39 134 156 143 72 131 
189 60 38 158 136 161 166 185 80 67 109 65 56 83 62 165 15 148 45 121 84 196 37 124 73 33 39 146 118 22 81 36 197 151 77 7 107 122 175 102 157 140 53 108 129 192 194 99 
127 49 12 140 143 50 27 116 85 69 72 132 157 79 153 150 119 186 131 168 89 126 38 40 36 117 180 41 57 23 98 173 151 67 83 107 171 176 200 194 88 148 31 87 3 77 68 26 111 172 191 110 
49 141 85 112 103 157 161 158 154 90 1 99 196 29 41 37 98 172 23 64 6 152 35 130 7 42 160 20 16 145 108 67 86 149 200 151 125 82 189 65 43 187 36 186 70 33 46 
147 154 195 88 69 137 125 199 176 194 115 30 71 180 172 129 122 45 39 22 40 132 106 9 21 93 57 91 134 121 177 157 6 74 158 1 98 168 2 166 11 184 167 60 38 
171 80 8 182 160 18 2 164 45 110 19 83 7 147 168 188 91 51 125 86 192 161 123 56 159 81 121 130 48 54 167 193 31 131 97 70 3 126 124 116 169 55 15 151 127 180 61 
164 117 141 171 73 167 45 83 160 71 186 11 108 185 15 14 177 82 86 85 62 97 54 116 58 125 66 65 162 191 170 137 192 96 105 75 95 194 121 112 165 70 146 138 183 107 
37 132 102 18 41 98 105 149 117 123 106 77 177 170 76 6 12 129 111 126 189 148 199 92 153 10 31 99 133 121 131 191 141 166 21 80 11 71 118 40 182 190 14 
44 150 138 177 163 118 108 78 115 196 17 40 51 43 133 134 16 53 69 186 13 42 168 119 61 84 37 91 192 100 174 182 46 128 80 141 83 45 59 3 49 136 21 117 71 164 34 153 195 123 52 151 73 29 159 145 184 121 183 2 
57 93 157 196 87 164 123 180 170 95 48 131 14 85 84 109 149 174 133 176 121 198 156 135 118 4 104 158 66 58 141 144 181 192 185 9 69 125 91 183 32 12 102 127 171 53 29 139 119 71 
15 177 79 38 172 18 76 138 119 126 106 113 186 150 168 189 149 183 28 146 12 92 69 148 9 22 176 27 193 154 135 155 7 115 48 36 190 10 114 
161 184 127 78 15 169 156 126 23 59 120 131 68 138 46 121 157 124 107 32 87 123 67 142 8 128 194 50 72 139 82 141 57 105 114 69 73 7 86 38 75 76 4 165 140 35 96 129 117 81 188 196 62 132 186 111 
64 120 162 73 89 81 84 144 49 102 179 200 172 24 17 157 67 45 147 109 66 92 18 16 199 2 169 150 113 176 136 6 190 79 51 151 7 60 53 191 26 135 82 156 161 145 4 47 21 187 167 125 
168 103 122 161 94 141 99 119 75 171 132 136 38 28 165 112 135 56 35 95 43 144 137 46 142 51 127 30 12 188 183 93 16 158 77 189 154 100 145 106 156 191 57 91 117 79 1 130 76 67 
51 158 69 167 3 82 154 22 91 173 179 67 134 80 89 4 55 147 121 190 68 78 37 177 14 49 185 181 159 2 7 107 99 20 171 126 183 59 12 18 196 187 
190 13 161 127 198 44 112 119 102 152 117 61 87 182 14 107 63 196 184 8 189 91 27 99 157 43 185 69 195 160 39 67 1 84 125 47 158 68 192 35 139 65 58 131 121 
72 121 103 112 14 34 114 137 178 181 38 104 101 73 194 108 156 148 106 12 53 69 6 87 182 180 58 88 135 30 55 37 193 197 8 141 109 113 3 94 190 95 185 32 132 54 78 199 107 10 44 160 76 22 184 169 92 198 62 119 136 
14 141 154 45 175 42 145 29 102 151 88 130 166 190 71 38 67 21 22 20 179 48 158 156 9 72 18 177 119 12 133 162 181 118 94 129 59 138 60 56 82 5 91 159 188 16 152 
26 27 118 35 93 11 127 84 139 125 102 200 119 145 155 92 116 156 70 33 182 129 3 131 135 113 136 98 103 193 78 153 184 197 186 51 20 172 187 13 192 196 60 114 91 109 154 173 39 40 169 2 107 22 55 144 181 
111 79 23 66 193 49 88 187 67 36 129 59 99 78 146 160 32 122 64 161 48 13 35 182 170 58 30 108 93 21 185 20 176 70 94 63 153 159 4 162 90 95 194 29 14 52 112 141 190 46 65 130 105 
181 171 91 170 80 190 101 148 173 6 98 121 151 87 186 130 134 65 19 34 113 131 50 9 92 115 157 156 182 18 99 52 195 176 64 161 23 37 150 41 126 159 127 117 153 78 191 63 2 177 120 95 54 20 44 138 
27 127 7 79 128 60 46 162 183 90 53 178 51 140 26 37 88 10 100 156 104 68 111 102 62 172 1 147 133 109 146 105 2 184 141 175 21 142 131 157 93 23 57 151 72 195 192 49 56 
75 172 102 190 48 21 74 7 106 86 72 2 132 78 61 131 4 6 129 142 156 167 160 168 193 124 162 189 87 39 26 80 163 98 42 22 69 125 96 128 112 
182 55 152 96 149 72 151 68 9 175 114 171 185 70 194 107 71 78 27 10 125 41 77 158 162 186 50 167 93 6 169 89 87 22 106 36 192 19 193 5 90 
142 11 187 32 53 75 27 89 170 158 71 149 14 48 122 167 99 93 116 110 164 63 61 111 129 17 22 97 137 94 139 150 2 10 188 9 83 8 133 200 165 199 186 130 34 157 131 106 197 105 103 135 
94 149 133 27 194 96 188 67 120 104 153 9 101 10 100 164 135 146 7 61 12 190 34 143 155 165 136 13 177 174 5 35 81 196 79 147 162 82 172 140 107 39 
198 25 165 13 184 119 86 193 88 167 136 16 31 113 9 180 10 179 11 144 27 23 117 124 148 96 154 24 74 48 103 194 133 80 50 130 195 138 51 1 79 93 116 115 168 36 175 137 121 5 75 20 47 147 157 83 
64 14 40 122 81 129 131 103 30 125 57 145 38 89 118 165 22 151 161 190 56 146 171 189 55 83 62 169 91 196 95 90 84 115 144 191 152 139 156 188 149 157 32 170 58 27 136 180 
126 72 92 14 58 57 1 5 31 45 195 98 4 81 152 62 122 12 170 50 180 190 115 89 100 133 121 15 102 16 84 132 189 63 34 64 150 
89 74 24 18 134 191 190 155 113 45 41 90 36 108 68 181 12 29 50 43 58 96 38 99 1 3 110 165 28 102 137 81 149 157 103 131 4 112 114 69 76 67 16 
53 140 22 14 123 93 181 21 31 119 187 128 117 40 179 125 99 170 134 33 173 52 171 139 12 3 58 190 94 164 17 83 182 191 185 126 38 27 141 109 78 91 169 103 104 
146 91 157 179 97 47 180 4 81 176 56 92 65 177 102 118 21 144 131 30 74 111 39 45 48 140 181 42 101 133 187 7 200 61 174 16 151 136 198 138 
61 27 60 152 14 158 153 80 24 52 199 18 31 175 84 187 110 75 191 58 129 194 37 182 111 40 189 117 87 148 33 76 200 195 123 32 13 93 146 69 198 139 180 176 45 64 138 83 
138 74 63 99 49 188 90 38 120 39 67 170 51 125 27 2 148 16 102 54 192 83 175 147 136 116 110 64 69 79 190 105 145 84 73 82 187 92 122 68 71 8 143 200 158 196 167 56 89 172 104 181 
178 40 139 77 20 153 90 151 91 167 28 75 134 189 62 193 82 27 85 156 59 35 184 105 129 115 43 96 92 49 112 192 118 136 160 103 107 130 87 13 31 142 128 176 113 100 10 
176 194 59 70 163 131 52 103 35 130 170 177 173 112 8 155 58 98 154 67 74 5 168 25 111 9 14 114 7 106 73 190 157 102 24 115 85 39 119 136 82 86 160 178 127 196 138 108 
35 99 117 42 37 176 71 129 156 199 68 115 114 141 104 105 167 200 168 91 179 87 94 182 90 155 175 146 60 59 170 111 33 93 113 61 102 107 78 19 174 24 143 46 80 116 
154 69 129 100 109 32 20 24 199 166 58 140 132 125 158 61 174 130 3 200 18 195 16 98 74 52 110 50 64 93 180 90 36 7 15 141 9 95 40 165 92 151 94 112 46 146 
61 173 139 23 119 116 168 148 32 155 14 10 129 28 46 101 13 30 81 11 104 195 163 67 71 196 21 189 102 160 15 111 47 162 103 176 40 161 76 96 123 93 150 
35 182 4 126 81 128 93 16 25 46 105 11 188 190 14 104 115 152 76 47 151 71 70 64 141 2 96 54 78 51 10 102 100 189 107 63 49 174 48 131 5 79 181 85 166 195 95 97 163 38 87 72 125 127 88 34 170 180 56 61 155 62 28 
165 195 123 55 27 106 166 140 112 62 124 96 113 64 145 54 122 79 33 38 2 191 18 89 169 177 181 78 142 146 198 10 160 30 14 66 111 158 63 84 36 139 1 74 53 
90 83 196 188 138 16 31 1 72 172 120 66 40 79 99 71 97 198 20 2 192 190 139 110 116 130 123 5 142 51 152 78 11 101 181 197 37 199 180 122 82 157 160 193 166 55 63 36 8 18 23 153 155 
135 164 16 150 146 91 118 44 185 183 13 74 89 76 43 139 58 153 104 14 90 145 195 192 138 56 121 109 51 180 93 67 3 41 50 24 173 34 55 88 57 27 1 189 163 168 149 
175 165 198 96 97 139 20 83 185 53 187 154 2 94 66 15 58 130 111 116 152 171 40 136 30 70 164 103 122 158 180 46 64 47 73 124 135 85 121 25 168 7 14 192 88 35 77 80 108 59 161 
120 58 71 109 89 147 170 96 34 127 98 157 179 162 125 112 190 186 143 172 19 12 47 148 132 151 113 187 118 43 169 166 171 90 173 128 124 123 73 83 39 177 59 153 79 137 38 156 174 131 60 163 135 87 52 
158 150 198 132 1 99 190 103 117 109 73 124 166 46 106 100 58 167 52 9 75 72 188 154 12 51 199 155 39 177 125 31 128 139 3 84 79 22 2 83 62 78 156 47 175 119 146 4 114 56 38 67 59 96 104 142 14 135 168 93 193 187 
151 68 188 119 98 105 138 39 189 117 13 173 167 154 100 17 193 164 124 20 86 82 111 169 34 198 114 149 25 22 89 94 14 5 190 1 106 174 38 88 50 118 184 135 
59 112 187 135 92 133 186 28 166 82 143 71 31 141 132 113 152 78 99 103 25 169 100 69 193 181 185 144 62 118 195 162 38 86 87 74 60 
31 113 125 1 64 153 54 3 38 163 4 44 61 13 16 143 22 112 150 21 149 71 20 181 164 32 192 33 30 121 36 120 172 127 48 57 160 52 34 134 131 130 151 193 139 72 116 76 110 159 132 75 165 170 
171 143 152 93 149 176 85 127 65 40 104 123 33 163 70 193 72 90 113 172 9 48 34 194 159 153 144 30 179 69 21 75 181 52 42 140 200 197 195 71 102 155 119 186 83 55 112 108 101 
68 76 35 200 33 29 190 177 120 115 143 99 166 121 48 41 128 171 172 28 84 27 181 157 142 176 51 52 124 30 112 66 56 188 192 21 34 155 134 138 183 23 87 151 130 74 
17 126 137 195 186 62 133 19 104 112 193 68 24 22 179 80 16 85 71 74 86 4 37 95 120 87 14 25 76 130 198 42 121 90 183 2 135 191 146 134 54 38 58 92 15 
15 101 177 131 152 187 124 155 52 170 103 128 68 60 55 43 3 199 36 150 174 66 72 117 27 119 200 26 118 70 102 23 58 176 183 28 92 42 63 121 25 57 77 165 67 
47 68 152 13 74 103 8 42 88 129 161 105 76 82 169 106 164 180 120 35 104 64 86 10 107 115 75 58 100 102 71 19 101 189 41 21 36 4 154 182 110 176 92 172 60 30 160 185 177 40 151 197 155 5 67 
20 181 174 155 161 54 64 143 52 96 62 154 11 101 35 87 158 27 63 138 97 193 104 182 195 173 7 163 113 25 122 9 145 81 200 148 31 30 147 172 117 118 129 151 130 192 
89 155 154 98 13 195 128 54 66 52 85 45 59 70 181 135 90 41 192 1 160 165 172 61 188 6 175 56 15 130 105 174 122 141 100 23 10 121 190 134 69 48 119 163 200 117 178 72 50 157 
95 182 119 51 25 78 2 184 114 64 6 67 113 116 197 104 76 108 41 85 127 128 190 8 45 188 93 170 133 124 144 174 162 30 72 142 158 68 53 120 150 32 147 43 200 
30 154 118 90 169 1 106 120 32 161 83 95 26 140 48 72 51 35 101 164 157 58 197 69 75 175 133 16 171 119 155 152 10 82 29 182 78 196 187 151 57 9 2 67 61 192 128 142 185 70 
124 193 26 175 172 148 62 42 166 80 91 138 137 168 108 21 125 170 178 141 3 122 71 155 10 101 53 8 123 133 32 130 109 152 94 149 97 13 107 167 20 95 
84 192 196 150 132 66 49 134 27 160 33 93 139 114 6 97 154 145 64 92 168 102 138 186 41 10 55 95 76 167 199 38 174 59 60 175 75 118 85 113 149 146 176 39 58 35 163 37 165 140 30 42 
139 148 101 168 87 59 40 178 147 149 171 21 128 90 155 110 96 45 94 32 122 185 134 179 19 52 82 60 64 109 198 29 166 31 95 38 44 107 58 176 124 63 97 
26 17 45 165 96 14 184 7 106 196 172 149 123 188 20 62 98 77 24 33 27 94 171 151 70 199 5 55 190 158 39 195 12 41 51 4 
11 171 144 135 18 120 111 24 165 133 73 2 57 129 113 17 177 180 12 123 150 199 91 90 50 58 152 48 155 31 112 195 191 138 159 46 84 148 44 149 126 184 188 20 109 30 47 194 
65 92 121 154 66 84 123 191 85 174 178 124 169 31 18 54 166 198 170 79 129 25 101 117 98 44 128 180 114 179 167 194 3 111 52 100 182 172 90 150 33 152 72 186 30 53 8 76 22 36 60 127 
132 109 190 84 64 196 164 158 157 127 172 106 122 89 96 4 45 147 117 24 112 76 68 181 51 60 25 115 93 49 108 170 140 153 104 174 8 136 63 52 110 12 173 102 62 43 144 21 3 20 91 46 27 98 
78 59 145 8 52 102 149 1 119 82 118 109 179 69 28 103 131 101 27 83 182 51 9 132 64 16 31 166 5 34 135 37 197 177 10 6 47 46 81 2 186 20 130 
144 28 17 162 151 135 100 9 145 96 187 130 68 8 70 25 152 86 183 140 95 166 123 194 89 53 125 75 171 189 54 175 146 91 62 82 78 74 21 191 10 22 137 58 114 
25 65 126 167 24 111 102 164 45 159 5 22 88 18 54 171 115 110 162 198 200 70 72 180 41 136 66 90 87 30 172 143 85 114 142 100 119 17 199 190 181 
55 196 162 34 127 28 7 164 98 19 152 159 156 51 131 165 91 120 35 11 188 42 30 73 79 69 39 18 116 63 192 12 58 88 41 110 21 70 53 111 14 167 171 96 66 139 184 183 105 185 86 
62 104 40 23 115 195 173 118 8 61 182 167 108 12 120 90 87 188 65 134 13 155 123 72 35 198 2 119 138 153 7 100 45 180 36 86 106 125 145 143 38 194 58 160 185 21 101 
43 119 105 145 157 156 170 152 173 21 83 33 189 100 42 179 158 63 47 31 59 131 114 163 74 186 61 142 113 11 19 13 48 192 98 52 160 127 132 175 91 46 126 90 104 65 200 162 85 
115 196 153 9 88 144 52 86 195 74 5 189 169 128 42 38 61 126 106 56 60 166 55 178 1 94 138 22 155 68 81 46 185 102 76 79 63 113 13 91 184 89 6 70 124 40 82 160 114 149 146 96 48 118 53 
89 33 37 90 81 36 85 142 87 136 83 77 24 27 53 46 111 23 164 55 7 123 92 160 121 101 34 18 110 28 9 39 180 185 61 32 50 140 132 49 157 
95 184 142 123 133 37 15 124 16 14 26 39 31 108 29 111 101 139 50 78 56 158 71 52 47 152 194 183 91 8 82 7 97 35 66 53 70 178 72 168 3 105 5 
125 106 45 49 115 55 64 183 23 37 75 38 56 42 68 32 173 140 2 131 141 58 194 43 18 170 104 57 14 135 171 102 192 143 28 83 78 51 124 10 40 7 61 
55 146 111 193 164 49 150 90 98 114 101 136 18 196 117 77 95 192 178 147 35 143 170 184 130 116 36 200 158 43 97 155 103 9 62 113 104 80 38 174 44 145 79 159 126 32 131 121 140 181 3 2 16 179 56 124 65 157 
184 17 161 92 126 58 131 191 78 12 180 85 138 79 13 75 141 142 32 19 104 105 139 28 76 18 70 172 146 163 25 140 77 97 178 94 167 11 112 134 166 38 56 35 128 39 46 
165 141 63 110 130 188 41 109 83 42 145 80 169 90 79 167 99 30 18 53 119 87 125 59 48 146 143 190 25 128 147 16 57 58 122 85 62 73 178 180 148 45 64 44 
78 131 139 104 174 185 152 122 10 134 18 73 150 136 79 62 5 128 198 109 158 60 95 183 11 157 191 58 25 50 4 146 184 16 92 77 178 123 124 24 120 121 43 94 
94 137 21 117 178 47 124 37 159 39 63 194 197 26 165 191 181 16 179 130 80 65 82 41 127 113 89 160 1 56 154 54 87 23 146 22 139 83 2 114 176 74 99 
38 60 43 33 157 117 34 52 126 48 130 180 20 66 96 69 119 199 135 4 169 113 32 200 22 116 18 155 112 163 124 138 64 142 55 39 192 121 98 187 26 131 152 49 139 6 7 
47 40 101 58 1 146 88 82 64 44 164 187 56 182 86 107 114 125 85 5 72 149 198 180 74 27 19 120 53 177 186 168 183 109 144 127 181 192 157 123 111 65 12 128 66 9 32 159 89 104 131 
50 109 196 92 82 158 57 19 157 91 44 178 35 72 73 181 71 76 115 77 125 9 138 68 10 39 100 60 163 130 110 94 14 7 113 79 190 162 134 160 102 191 6 84 139 88 167 176 
20 26 41 93 90 78 52 101 168 110 71 28 194 156 152 37 84 68 4 199 86 153 18 185 103 172 5 120 36 47 55 177 182 166 40 197 83 58 3 15 106 159 54 132 7 50 127 72 1 48 31 151 57 126 34 
94 128 162 165 120 153 127 57 71 168 110 197 148 189 32 146 182 66 156 43 7 102 150 46 54 193 62 45 84 48 64 155 188 136 129 2 9 22 139 72 107 105 117 158 35 53 6 49 122 154 173 3 106 37 119 160 17 
89 95 70 200 111 137 57 192 112 181 61 73 191 55 167 83 40 145 139 160 115 94 126 109 158 52 49 44 117 118 97 173 196 88 186 199 100 15 35 68 5 58 64 135 75 16 4 119 72 177 187 195 7 93 166 122 175 28 116 159 
72 40 192 177 53 117 165 14 155 170 160 55 119 136 52 126 141 200 195 92 74 114 138 159 19 132 168 87 58 120 158 95 130 43 110 65 30 103 26 182 121 193 89 38 131 127 175 109 25 18 151 185 
2 116 64 192 137 83 43 35 102 88 29 143 80 132 42 65 103 178 41 90 15 13 59 76 16 124 54 26 17 161 23 93 32 72 
44 55 103 100 110 9 150 42 58 189 143 182 178 37 163 4 30 19 142 184 126 12 34 53 16 162 164 21 123 72 35 79 33 20 139 187 77 25 5 
145 178 199 92 117 7 162 132 149 148 196 146 126 154 172 4 88 83 12 190 77 176 130 124 191 62 11 38 136 129 35 139 137 161 75 195 27 25 54 160 166 68 22 143 48 165 6 184 20 
12 56 63 157 161 31 129 156 135 185 105 131 77 115 101 104 16 49 28 79 177 168 125 97 151 61 64 13 176 174 40 119 132 84 83 96 20 118 187 173 35 163 100 81 37 169 17 120 8 
43 112 52 183 154 48 83 126 197 11 171 186 87 151 16 113 162 179 189 19 60 14 200 67 91 107 138 164 96 180 168 133 127 146 21 24 101 148 118 103 131 72 117 51 166 79 56 86 135 119 102 114 105 149 
50 173 135 40 12 21 145 122 86 92 43 174 150 180 123 57 152 113 62 160 188 55 91 54 104 143 128 82 149 164 11 26 38 100 156 185 119 14 199 51 182 5 4 10 81 59 172 65 155 144 87 94 30 186 
67 63 22 41 19 9 180 34 110 126 59 70 66 56 48 95 162 14 199 149 54 25 160 122 32 69 35 148 121 190 68 99 83 156 200 104 153 178 81 53 1 164 38 
188 37 114 5 110 186 152 144 45 73 185 124 142 68 111 115 99 94 118 119 157 48 78 81 67 14 200 161 53 166 101 98 163 116 138 29 178 6 180 31 63 1 35 179 90 75 66 39 184 148 127 193 129 121 55 59 89 123 18 
166 191 37 42 55 198 16 110 65 29 78 163 105 64 85 122 189 121 75 100 30 158 1 123 89 35 129 94 17 82 156 199 193 141 98 148 86 172 140 54 187 155 48 113 90 115 120 
190 47 72 160 143 55 69 39 187 161 144 90 163 113 3 193 194 165 104 8 83 86 23 54 93 17 127 133 7 114 136 185 29 122 58 101 46 158 45 178 117 53 128 27 109 88 147 
125 189 12 43 197 99 55 145 52 184 37 24 104 163 106 87 60 67 135 185 113 45 194 175 186 199 127 183 57 15 134 119 21 148 25 8 120 94 169 75 17 62 
153 64 71 3 147 55 74 7 98 25 6 179 73 19 26 141 184 193 30 110 108 14 104 124 27 144 39 9 115 187 180 45 65 99 49 175 191 82 105 83 163 139 34 160 51 94 32 103 21 178 200 
28 26 7 20 109 145 53 9 171 150 37 137 78 10 76 149 110 36 143 71 66 130 61 73 127 159 90 65 46 184 196 161 113 88 2 19 194 6 5 163 178 198 63 193 185 179 84 195 176 50 27 119 104 
34 37 169 54 32 21 195 194 192 10 36 113 71 146 49 7 141 57 84 130 9 2 181 18 105 116 118 99 74 89 109 45 65 3 86 75 76 110 111 35 12 186 68 5 64 163 103 29 124 166 88 104 27 16 176 28 8 96 
194 44 87 102 160 60 69 8 195 19 103 63 125 105 188 72 133 97 109 144 116 148 127 88 9 52 175 67 154 139 170 100 76 31 39 30 114 75 81 174 70 15 
33 1 97 23 91 194 113 99 114 105 19 71 167 20 47 27 45 28 164 26 62 123 127 82 25 94 199 15 112 69 158 30 195 188 165 34 35 149 168 7 74 39 176 152 70 151 61 138 184 156 3 67 24 14 
19 179 103 144 163 23 152 97 183 52 112 104 20 198 194 2 77 38 124 170 127 74 115 47 46 7 3 182 43 173 196 96 161 141 62 59 10 111 83 114 79 60 32 133 11 73 189 195 
179 60 91 97 77 3 9 162 49 18 92 7 113 107 130 82 30 132 155 51 81 196 27 161 154 57 100 26 68 131 59 187 114 141 88 28 85 80 63 111 182 193 172 15 170 24 121 2 
6 2 82 94 175 63 197 19 30 69 106 75 117 41 192 108 196 200 93 180 131 64 9 113 150 122 184 20 99 92 71 77 59 186 151 65 98 45 79 24 90 119 11 97 62 174 143 
150 158 41 160 77 23 126 181 49 93 31 67 143 145 88 34 22 56 85 46 140 167 166 4 101 198 25 148 28 171 116 52 42 141 3 135 179 138 63 100 139 109 64 147 58 130 37 5 24 96 196 16 153 120 
195 142 199 5 178 29 70 21 145 81 108 135 7 125 95 58 164 138 200 176 24 105 94 104 90 49 107 33 26 173 167 193 185 165 17 163 89 30 112 39 198 86 47 159 110 99 102 16 3 
103 39 150 191 89 21 8 120 82 105 34 75 14 169 149 173 177 160 4 170 110 83 188 40 32 199 118 197 136 87 102 30 122 68 176 161 156 134 18 155 121 16 147 67 54 100 151 37 58 116 115 98 63 24 113 28 
96 192 100 75 179 58 171 40 103 74 191 82 41 18 175 115 187 17 64 27 133 182 141 12 140 178 186 63 7 200 19 180 71 69 97 30 53 49 79 6 111 90 95 76 142 
26 3 9 133 149 109 11 131 55 53 188 139 6 103 23 150 51 81 18 113 197 73 147 30 108 170 36 144 37 72 57 156 146 38 43 82 56 169 41 140 138 20 7 180 46 114 
56 4 84 148 54 179 8 85 67 101 118 99 196 45 123 98 94 32 169 150 69 200 60 96 190 62 105 38 125 22 197 77 152 39 12 36 70 108 2 24 119 138 53 73 157 74 43 167 
154 87 71 150 156 46 48 39 17 43 37 41 141 34 93 139 189 100 168 109 137 164 110 99 13 193 58 21 124 1 191 30 89 129 63 158 28 144 84 200 171 67 24 9 170 97 179 145 105 26 153 94 19 123 54 173 40 50 167 95 166 7 
189 64 177 15 180 148 78 102 108 41 142 83 154 21 7 109 156 91 84 137 183 158 134 35 106 199 188 23 47 194 67 145 63 105 170 14 136 163 197 56 26 181 123 193 198 169 30 32 179 4 89 66 141 
50 70 110 6 77 15 27 45 135 143 149 76 145 17 129 156 81 16 115 199 75 66 3 122 26 36 4 157 195 28 171 10 183 138 141 92 120 40 47 159 43 44 194 128 8 192 
149 69 5 88 67 10 175 18 194 135 79 19 165 200 39 181 97 49 53 95 116 9 185 70 48 101 27 2 138 184 78 139 186 132 127 23 74 173 183 33 157 
18 81 29 126 2 144 63 193 44 111 191 147 184 9 74 165 11 28 133 37 85 104 116 31 43 32 110 163 93 134 12 84 139 70 153 61 125 62 35 146 180 65 64 148 195 185 109 99 66 198 
91 200 142 171 177 115 105 189 132 97 196 127 52 175 19 50 154 195 138 11 14 140 194 46 103 62 108 8 35 86 144 174 172 27 180 173 83 44 184 167 32 186 45 54 199 166 5 20 94 31 165 15 137 163 37 13 53 
194 146 196 192 13 154 23 175 136 132 16 181 131 98 176 142 104 25 35 162 108 32 163 85 48 43 179 3 45 77 172 118 177 106 166 9 63 138 70 161 
54 145 113 78 139 60 73 187 189 133 81 36 77 88 110 137 25 61 3 101 50 181 121 148 105 152 159 129 45 149 184 99 29 125 27 65 126 90 95 130 30 158 52 134 173 51 144 136 39 69 10 
155 49 59 14 2 30 3 144 176 98 57 185 46 164 99 125 180 8 78 97 134 61 34 167 62 67 160 196 19 108 9 117 87 181 103 28 79 131 135 120 104 168 101 37 13 51 129 138 12 64 193 145 7 53 60 107 189 92 95 169 43 
164 78 196 154 136 188 169 160 44 151 177 50 166 83 153 144 152 142 94 128 30 195 56 12 186 59 129 125 93 20 146 10 17 49 156 95 184 76 150 21 91 40 191 68 114 180 85 
114 180 77 155 25 142 26 22 143 132 125 192 131 182 7 105 193 186 10 119 74 35 164 171 95 40 18 184 58 15 49 152 123 175 117 128 38 36 93 28 32 197 55 96 4 30 56 27 16 9 122 66 166 133 
76 155 176 128 186 199 113 141 149 30 53 64 59 136 107 132 69 184 161 40 75 191 17 99 41 32 179 173 91 15 137 126 166 140 95 192 196 86 60 89 43 150 92 
162 88 133 96 108 149 106 124 115 11 186 68 14 195 107 63 86 94 4 187 93 1 69 181 66 125 118 16 73 55 146 198 174 182 67 197 52 145 19 44 17 176 166 21 141 193 155 18 152 111 
158 50 148 122 68 184 11 166 136 140 120 45 173 81 83 168 111 31 138 28 75 66 153 85 113 37 188 19 100 135 90 117 131 46 139 32 155 17 129 115 193 
179 158 31 189 149 78 150 133 186 10 27 59 132 18 9 168 8 118 146 159 108 61 46 184 126 88 89 143 94 85 52 1 36 37 131 185 22 32 125 84 6 173 73 116 5 154 138 2 104 139 111 96 4 
95 12 156 175 119 110 192 18 181 46 98 94 20 51 64 50 143 59 56 140 97 157 190 103 29 164 70 16 160 161 151 145 25 11 78 85 4 153 137 194 108 40 90 162 44 61 129 38 96 135 167 100 55 148 7 
1 193 45 125 182 186 31 24 156 163 79 129 135 153 115 184 185 75 44 33 148 14 178 94 63 160 158 52 96 190 6 127 149 151 7 177 150 192 117 159 181 23 73 83 40 172 152 
161 114 187 167 138 16 120 112 144 147 116 39 12 63 108 73 125 110 81 146 21 45 29 135 3 130 177 79 26 57 157 51 166 180 96 77 52 103 20 113 35 160 132 194 
112 133 15 48 46 145 61 111 81 22 90 121 189 44 68 143 9 179 167 78 28 180 129 43 185 108 164 166 110 186 26 80 3 142 127 67 42 198 134 29 118 100 150 173 79 65 77 147 84 6 138 192 
190 193 184 14 64 57 129 29 107 1 111 174 149 188 6 124 67 142 27 47 82 118 145 97 71 153 19 147 31 140 78 172 61 39 125 94 165 127 179 43 81 8 75 21 103 130 18 9 131 156 
17 167 21 162 27 180 140 165 157 173 46 53 8 24 147 124 110 105 39 200 63 50 7 65 109 67 102 20 168 31 76 3 161 22 12 80 182 127 42 164 58 73 181 72 176 36 56 187 146 40 121 69 85 
76 200 89 113 92 36 172 121 87 140 42 62 162 138 47 34 77 85 193 97 180 111 14 58 51 99 82 168 184 81 143 68 8 175 141 130 194 66 71 156 147 46 198 122 12 190 102 72 22 60 178 157 
112 147 44 102 167 188 144 14 131 16 150 2 169 135 68 37 197 103 90 39 117 38 60 27 88 161 195 83 125 12 26 179 53 67 63 168 21 61 146 10 51 140 
13 110 132 98 73 120 65 136 22 14 72 200 29 108 36 45 182 74 171 161 62 168 163 158 140 2 23 82 137 190 33 32 123 198 11 37 76 103 56 131 54 78 64 145 
69 57 141 105 103 199 143 114 77 158 76 139 29 44 192 165 48 178 54 73 72 188 79 71 183 144 81 60 142 37 88 123 74 191 55 127 58 68 13 90 99 94 64 111 8 182 
111 171 64 132 178 32 175 40 168 150 53 114 182 46 41 55 35 121 169 112 87 30 103 89 147 63 39 37 102 133 18 146 152 129 140 31 127 28 109 19 131 36 
148 34 159 152 30 50 21 134 99 170 76 179 46 151 60 101 20 16 69 163 97 91 100 74 113 94 184 48 164 130 45 28 83 31 22 89 54 133 10 23 40 63 109 43 39 146 
190 6 155 52 16 80 144 14 92 172 64 8 101 89 103 28 193 97 36 131 132 154 75 42 51 33 34 168 125 169 166 43 94 59 105 83 145 62 22 121 114 161 20 185 73 147 32 138 115 104 2 12 23 56 
133 118 165 33 157 94 2 185 8 169 147 67 104 102 18 100 175 24 87 138 98 86 17 16 170 160 81 171 164 193 145 27 38 161 187 1 105 183 39 198 126 197 36 172 68 
19 108 181 184 104 22 54 60 11 147 3 115 10 117 159 35 59 24 13 74 148 57 98 146 198 72 34 140 120 127 176 139 103 193 90 25 125 105 38 41 89 199 78 112 67 88 111 91 165 101 53 191 
12 118 34 109 106 24 159 3 148 164 142 15 171 57 39 46 151 183 31 146 158 188 20 113 153 73 154 137 95 30 193 62 76 19 32 38 115 123 72 14 162 127 122 22 108 1 
86 189 173 11 101 103 163 66 110 197 112 151 194 146 57 181 108 184 14 177 123 38 152 75 40 137 42 9 2 44 161 18 200 25 31 41 186 87 89 107 180 63 143 172 169 36 85 199 190 188 
172 107 54 27 10 118 154 41 147 195 89 73 132 117 119 115 61 135 99 179 109 95 57 13 137 74 63 136 67 157 116 197 162 68 78 114 113 58 126 122 101 
9 181 27 67 72 190 91 24 194 159 197 149 141 146 43 188 184 2 187 107 65 111 171 44 86 151 62 87 6 94 100 61 183 14 182 76 1 140 25 110 157 49 121 131 161 179 28 112 139 126 83 
108 171 193 155 126 59 74 32 151 136 160 81 134 67 43 182 115 62 169 96 87 48 45 44 103 13 30 98 46 150 71 105 20 56 179 16 174 177 159 121 78 1 19 25 195 135 8 80 
69 104 170 23 56 181 114 10 119 131 110 90 84 77 108 64 136 82 144 143 140 6 141 66 7 79 14 149 169 36 113 95 102 60 174 63 176 137 190 142 59 185 125 26 85 12 58 158 20 148 
13 43 45 19 10 104 86 130 187 53 177 64 179 77 24 131 151 196 18 25 88 178 65 55 185 176 183 136 3 31 96 195 146 173 153 42 6 78 192 41 148 190 126 95 23 82 101 33 182 149 139 121 189 1 125 87 170 52 
5 24 190 64 62 27 158 29 110 12 181 194 61 100 77 192 169 151 79 105 78 153 139 176 145 131 57 172 154 8 21 109 32 92 4 103 45 23 18 41 2 186 121 54 152 55 156 3 102 144 
76 187 185 156 162 59 197 2 178 175 49 12 63 166 139 127 119 199 42 158 153 15 132 37 31 116 159 165 24 96 193 82 35 109 129 130 5 99 140 46 65 10 168 171 90 183 66 30 72 
9 28 49 157 184 83 71 132 167 123 25 77 17 52 93 63 186 47 94 122 190 55 89 127 46 159 191 131 38 120 178 105 67 129 82 26 54 39 43 2 75 58 166 
18 183 69 80 93 16 161 85 10 79 28 33 165 24 63 21 68 128 131 189 178 7 39 156 141 42 118 159 86 169 154 136 81 4 133 32 25 110 19 46 87 164 125 49 76 172 62 
108 178 199 82 163 17 183 67 16 73 150 21 41 12 69 180 80 86 60 22 95 114 77 171 74 3 123 168 52 162 83 137 177 136 72 31 44 159 29 111 40 68 187 158 37 152 186 23 7 102 190 63 147 189 
9 61 162 104 63 1 144 49 33 122 73 131 126 127 142 177 136 145 88 151 83 109 6 175 57 17 103 93 195 111 7 21 138 65 167 178 37 193 200 182 39 149 89 183 134 54 
50 82 177 58 75 143 185 65 97 187 176 8 27 165 18 56 150 124 78 12 63 166 120 83 192 28 111 74 190 16 71 14 55 136 73 44 94 109 188 7 
124 11 173 116 40 62 55 191 2 159 169 51 146 196 104 134 141 77 85 152 117 76 136 120 78 181 18 74 128 89 137 20 13 105 64 177 156 36 52 42 45 
12 71 174 127 79 28 151 69 78 31 14 29 17 109 118 167 51 108 126 50 119 15 39 101 137 53 54 186 121 160 23 168 68 143 7 38 166 98 55 185 139 142 194 72 21 57 
198 29 69 81 127 71 4 54 147 59 72 140 173 8 26 185 50 200 190 10 137 136 9 3 189 63 172 148 27 44 175 174 36 33 167 7 102 165 162 84 187 104 64 132 39 100 105 15 23 25 109 
118 156 107 169 172 54 53 35 77 97 74 82 128 171 183 95 106 126 40 147 115 92 199 152 167 117 79 98 90 94 170 173 113 96 112 101 108 155 
50 31 94 118 200 122 123 145 55 84 132 82 193 98 137 125 167 128 157 70 12 49 153 63 9 199 15 131 36 189 89 117 33 164 79 45 142 149 181 150 165 163 110 113 68 5 130 
19 23 28 8 46 35 4 45 124 152 141 191 113 21 100 96 5 140 132 82 62 58 139 47 99 110 151 95 117 2 149 56 111 172 88 112 86 24 162 136 135 60 72 148 81 50 61 15 129 91 128 200 192 51 
138 3 132 36 69 2 48 28 60 196 104 101 6 189 35 175 143 137 134 49 39 146 160 125 119 197 200 59 11 5 37 67 98 139 168 33 100 58 94 52 50 73 164 166 179 162 74 83 68 151 86 147 66 
143 164 155 24 88 49 27 103 76 111 100 34 13 122 105 75 156 9 38 42 84 165 19 58 82 35 151 173 193 123 72 102 183 107 37 26 73 141 167 55 8 12 128 39 187 154 147 51 
12 159 70 87 164 155 167 193 29 122 97 178 28 27 17 172 173 171 132 134 192 190 8 33 19 110 85 40 71 182 169 161 4 69 25 10 61 93 92 100 32 133 116 
27 92 53 150 23 136 197 87 90 144 141 142 118 40 81 75 134 80 1 188 121 138 124 7 45 145 65 116 97 35 135 108 152 164 160 117 140 10 113 94 157 170 162 107 147 95 30 34 37 4 
61 176 187 97 2 28 76 147 197 11 167 66 72 42 38 25 177 113 118 35 18 174 20 79 87 116 105 190 169 102 88 34 109 62 159 49 135 91 149 166 126 139 158 145 191 115 134 6 200 111 90 33 
136 1 128 25 143 4 78 84 6 170 39 111 172 162 30 190 66 70 29 43 147 110 12 140 21 141 124 168 68 116 176 145 42 63 149 27 82 134 89 22 119 100 142 113 37 104 8 
76 107 43 22 159 138 71 49 52 148 64 63 4 172 194 12 99 62 117 2 185 38 109 164 31 123 169 167 191 128 143 85 37 151 33 174 182 177 104 14 51 114 115 50 66 100 
3 111 127 103 44 10 52 11 13 5 60 200 153 174 113 88 30 155 80 17 196 129 64 150 81 46 75 132 58 184 36 96 43 87 65 190 144 162 32 120 140 164 161 74 121 24 69 
11 51 65 90 32 6 20 57 5 193 114 145 46 138 190 85 181 149 72 41 53 116 171 47 131 103 172 22 167 58 162 34 139 26 200 107 122 61 136 110 29 89 194 177 132 197 179 13 
188 38 63 150 185 36 96 177 83 18 31 147 49 48 34 39 41 46 195 198 44 26 167 193 60 164 130 183 168 33 146 11 47 112 58 54 17 186 189 75 65 108 115 101 199 170 29 152 86 52 154 172 35 64 162 80 74 158 69 166 174 197 
104 7 95 175 108 46 117 160 26 101 1 200 98 180 49 2 82 185 59 135 21 199 32 140 25 70 170 10 155 187 9 31 39 131 114 97 128 51 48 81 8 127 85 142 4 
14 34 20 3 67 53 141 197 89 106 142 105 147 124 149 104 133 2 137 28 52 69 94 24 100 73 167 146 74 60 27 40 76 180 174 42 62 78 128 119 25 183 93 37 168 99 61 155 87 
189 103 165 161 77 29 17 179 139 169 152 160 159 143 35 123 94 37 65 118 135 150 67 42 200 38 8 144 173 66 126 182 141 64 73 68 114 12 117 199 53 198 13 183 70 158 45 41 196 131 60 113 24 147 190 115 105 132 
162 134 45 42 85 199 119 54 146 5 30 148 93 137 38 20 189 82 88 35 68 132 98 51 168 120 9 23 133 122 187 92 121 81 164 116 118 152 136 102 7 21 25 44 176 115 
136 56 121 45 140 73 167 198 34 27 39 19 61 23 118 135 1 8 59 120 68 80 70 88 133 197 163 108 40 81 15 126 66 153 190 47 11 122 173 51 90 105 74 165 58 57 104 119 143 
27 130 52 140 78 54 125 18 80 60 122 108 87 137 181 22 37 76 124 15 175 118 101 94 34 46 20 57 104 139 30 5 188 90 136 123 193 33 44 28 142 167 83 
72 185 129 190 35 181 13 192 164 130 124 162 20 102 110 159 43 184 16 76 98 116 198 163 84 189 4 75 169 103 153 141 60 68 127 132 195 37 143 
59 60 50 152 197 149 132 122 143 97 177 100 70 35 159 160 2 79 34 125 82 126 135 3 64 118 154 190 28 88 114 9 195 51 86 193 45 62 65 
169 104 102 132 81 160 60 172 133 31 111 116 155 193 112 78 71 191 178 114 56 127 8 190 18 121 64 51 194 99 136 35 142 6 126 26 4 23 43 108 55 80 162 179 86 
181 136 43 71 94 51 151 110 130 113 104 21 131 31 2 162 75 69 56 173 185 179 180 86 73 189 22 6 117 50 191 37 15 89 126 152 7 134 13 68 112 52 1 55 74 188 124 4 105 128 154 99 193 177 