200
122 155 135 98 187 11 116 69 92 19 150 44 148 146 97 100 25 137 10 48 20 2 131 73 26 129 125 165 152 106 134 156 136 133 29 34 160 51 167 108 117 55 38 123 102 194 191 27 37 12 170 54 
123 106 72 164 172 178 50 199 116 41 101 1 91 92 45 81 60 188 143 7 39 142 114 109 23 97 190 53 197 144 157 86 198 160 141 22 108 139 112 118 176 161 96 38 87 
74 197 171 145 63 71 152 117 13 104 162 23 169 136 148 113 53 22 90 112 45 105 61 48 52 19 38 24 179 8 157 165 56 121 80 7 110 195 
90 154 23 110 75 159 46 82 30 97 17 102 185 150 120 93 187 37 163 171 179 106 81 11 45 127 36 157 103 29 111 112 39 125 33 164 71 43 149 88 194 143 100 188 35 153 70 152 166 80 19 58 180 85 114 158 115 
17 8 190 82 71 179 129 92 111 197 156 106 104 31 57 126 11 101 174 107 98 95 146 196 154 168 62 108 16 157 58 26 29 28 169 105 142 55 6 160 21 175 178 155 77 183 162 72 13 116 165 172 25 187 46 163 170 35 128 51 182 23 
153 182 53 67 27 61 131 19 41 185 16 39 34 194 86 33 127 60 134 175 72 171 73 24 15 191 162 170 186 65 48 197 178 154 177 62 144 174 5 124 100 88 
17 56 108 183 142 110 96 51 187 30 82 198 100 123 12 45 50 196 57 163 35 48 94 153 104 76 140 136 86 32 114 47 197 184 165 67 22 176 101 120 125 3 128 172 132 159 178 134 2 64 27 
163 167 133 57 61 80 108 93 180 14 177 10 19 94 123 131 181 141 47 36 175 5 79 55 28 154 17 186 40 127 3 170 191 169 143 100 53 66 70 81 139 155 95 50 29 35 68 83 130 147 63 178 13 74 99 56 
79 94 66 11 185 138 101 92 88 25 40 89 175 96 41 59 24 10 134 159 102 187 191 177 122 186 22 192 136 178 194 49 23 188 200 76 165 33 113 180 43 168 95 69 125 87 104 35 137 72 148 
30 87 187 188 193 91 38 45 83 194 89 34 189 167 161 35 65 147 50 117 200 125 26 163 175 132 67 40 80 178 156 184 25 17 54 1 8 81 129 74 9 85 72 192 
146 114 139 13 32 29 82 160 55 153 44 107 101 57 69 60 95 9 17 141 49 166 135 165 133 200 188 136 51 177 100 149 80 78 173 71 197 143 112 24 50 73 193 4 25 87 163 65 196 94 66 5 118 61 97 1 
160 89 90 50 93 24 165 131 71 37 195 76 35 155 102 198 77 52 96 141 151 153 156 177 99 178 184 169 157 1 163 115 117 67 192 175 43 123 172 114 147 7 79 107 85 97 
5 143 99 3 140 105 114 101 193 87 189 65 108 158 138 83 55 58 112 111 94 187 110 149 69 118 196 157 145 68 103 45 135 8 76 79 48 95 18 125 171 97 191 23 78 182 160 41 153 186 137 11 168 84 52 64 
158 127 136 162 62 172 103 86 134 15 109 22 107 100 67 105 90 177 27 93 184 37 47 133 140 19 101 159 178 125 54 169 20 39 118 141 128 181 143 113 85 135 189 58 173 196 8 122 108 154 17 116 
166 94 108 92 149 95 102 71 25 192 200 129 14 120 103 114 121 138 41 189 147 172 6 77 54 160 32 198 164 151 167 90 59 16 197 126 157 123 26 146 109 50 143 119 101 179 178 
175 155 147 94 5 70 72 28 200 24 71 51 108 169 157 91 112 164 129 86 165 55 79 162 187 185 127 82 114 6 133 46 137 172 90 111 38 57 59 136 168 176 74 161 158 31 84 144 17 197 15 43 25 170 61 
80 134 99 139 142 5 149 147 153 65 175 152 43 26 100 30 163 108 10 4 121 123 8 7 61 11 51 79 157 115 94 23 185 169 162 179 16 130 196 52 71 48 178 75 62 91 14 
72 197 137 181 55 194 38 133 22 186 100 49 57 43 113 33 177 94 69 79 92 13 104 64 37 46 200 19 27 26 122 101 129 29 169 162 152 80 35 71 163 70 87 51 198 109 32 124 54 114 131 45 
185 36 26 175 128 3 44 91 14 103 53 123 171 109 198 82 51 38 166 114 77 54 59 130 121 8 148 6 1 29 167 116 96 4 18 159 97 61 139 46 179 112 126 70 98 195 84 105 66 
163 72 171 117 62 138 14 42 83 191 73 140 166 124 110 116 69 187 139 29 128 54 56 1 175 26 179 194 152 130 154 185 146 60 182 200 114 137 193 156 162 
164 185 147 168 152 29 92 176 198 61 195 98 142 32 90 80 134 181 69 63 200 171 74 129 143 160 62 114 82 103 112 60 155 163 166 122 5 170 174 45 161 150 167 131 137 190 83 144 123 97 66 149 93 28 70 
85 47 173 37 98 172 59 123 89 24 192 97 88 14 18 124 3 81 137 35 118 95 139 42 34 127 92 91 52 149 55 129 195 7 151 9 2 109 181 157 138 61 26 43 40 189 
103 120 4 140 17 98 189 160 38 106 182 143 25 74 166 13 192 177 69 178 170 147 129 33 197 72 183 179 136 41 117 9 121 167 2 145 195 3 163 194 5 104 158 187 52 172 50 200 60 32 
81 72 6 83 76 53 179 136 66 144 115 123 63 39 188 91 165 9 86 11 71 154 82 59 166 49 147 131 118 78 148 32 133 22 137 57 174 173 155 12 69 16 192 102 3 190 163 88 62 128 55 73 87 178 196 43 97 92 172 98 142 124 
33 193 160 186 83 46 185 124 28 35 79 171 1 10 180 85 116 110 11 134 16 76 172 23 194 101 45 97 55 182 112 150 196 67 102 57 70 66 121 113 129 166 9 143 179 99 181 127 61 15 5 173 
90 77 35 60 105 31 193 81 182 76 95 149 15 50 180 96 123 177 5 191 53 102 46 159 160 72 22 1 19 89 99 127 150 18 190 30 20 43 10 17 140 195 130 115 80 65 200 27 170 97 188 142 173 
131 62 107 85 119 18 111 43 181 110 26 46 52 34 14 199 179 143 58 159 152 7 120 197 42 172 41 96 36 171 182 30 184 72 125 1 86 88 6 65 170 79 133 32 116 109 47 141 31 59 
152 86 81 76 157 139 56 161 5 132 61 68 175 170 195 115 171 109 199 92 135 186 16 138 21 185 60 104 84 165 45 41 34 29 196 108 48 95 25 179 113 156 51 8 30 31 
138 130 165 113 34 189 154 183 93 135 185 141 8 162 156 133 146 181 97 121 104 106 85 21 19 158 129 153 91 151 54 131 127 5 139 4 1 159 122 102 57 18 53 182 20 28 11 98 76 155 167 
88 28 46 7 163 33 124 99 125 103 126 155 26 185 119 101 149 54 70 10 17 145 84 91 116 79 174 104 151 27 48 112 186 141 96 32 105 4 37 102 75 140 181 90 
5 182 67 168 121 187 80 131 124 53 26 188 166 69 122 16 159 59 75 190 120 119 138 141 148 178 129 112 76 183 185 171 74 50 172 64 170 144 179 28 98 27 194 55 57 133 
27 120 106 146 30 77 11 138 196 59 104 186 72 167 80 124 46 143 194 23 175 38 168 128 102 92 163 49 15 116 192 73 7 24 47 66 166 153 61 34 43 18 199 121 133 197 21 85 119 
85 184 4 189 132 109 41 179 62 131 40 128 89 83 93 138 30 9 186 77 97 23 100 96 60 95 88 70 64 18 49 122 124 67 126 6 99 176 114 48 34 25 167 139 115 91 148 106 102 92 135 78 190 
32 86 91 52 80 87 40 53 185 56 99 119 113 188 149 41 92 27 190 192 36 162 33 157 152 136 128 106 117 154 108 6 145 35 22 176 10 29 148 28 101 130 135 60 1 
39 130 47 79 34 120 183 5 139 101 18 103 107 10 7 82 50 73 67 25 78 177 8 86 158 197 186 126 141 4 163 9 178 170 26 56 185 64 129 142 123 22 188 95 76 144 191 53 176 127 124 159 121 12 
54 141 134 128 49 115 186 69 43 131 84 76 190 183 117 27 153 8 137 70 102 193 124 160 116 144 46 188 95 86 189 175 185 150 125 171 34 195 88 110 80 191 98 164 4 19 92 
85 174 143 84 69 14 93 198 145 162 107 92 81 175 18 54 186 30 73 22 1 151 169 199 109 171 64 38 86 4 108 74 165 41 95 49 189 88 173 52 115 77 160 12 124 56 
150 18 194 105 53 102 173 142 92 66 188 78 107 67 90 46 10 69 113 32 75 45 178 163 51 197 119 200 97 130 70 19 76 23 131 136 44 186 122 189 175 16 135 3 176 37 133 96 191 111 180 2 1 114 
198 6 42 152 57 137 154 53 4 176 149 89 70 110 160 191 14 159 58 186 147 61 2 174 83 88 55 136 173 78 77 35 109 171 24 87 188 63 120 195 121 183 142 
86 85 194 119 108 154 81 8 42 120 155 63 97 192 141 197 132 34 9 10 94 157 182 163 103 137 164 150 80 62 127 162 198 172 107 58 195 33 70 191 55 189 170 180 173 22 138 95 
107 47 23 15 115 28 175 161 111 146 34 44 165 117 52 199 74 60 33 143 144 37 91 133 2 195 43 134 140 135 27 198 9 197 176 139 125 61 109 96 114 6 126 178 193 182 105 108 132 13 
198 174 40 47 193 183 130 110 20 186 155 105 131 115 63 114 53 66 22 111 162 129 82 89 187 64 57 200 108 185 71 80 142 39 173 27 154 176 127 145 123 199 140 88 
4 16 108 146 197 71 101 183 196 153 119 175 22 116 18 182 36 99 76 193 147 125 114 198 173 164 155 26 142 32 72 9 96 127 187 80 102 161 166 162 110 17 83 190 66 69 157 94 46 12 158 24 59 135 199 105 78 47 41 27 128 112 
104 133 164 200 87 187 192 64 175 137 1 68 154 145 85 117 19 11 105 41 72 184 135 181 114 116 190 143 189 60 152 168 54 110 166 158 98 125 66 126 70 131 165 79 38 
117 2 62 18 4 38 7 123 111 10 132 199 145 88 66 81 25 13 75 110 126 141 76 58 173 158 136 68 28 169 131 196 153 73 93 103 3 187 92 137 152 113 52 96 171 164 69 100 194 185 108 21 142 116 124 
200 85 110 151 67 146 68 32 177 170 171 4 96 182 38 113 129 59 140 25 19 107 18 53 89 27 139 94 135 192 148 26 36 73 16 143 91 194 152 52 30 43 82 142 5 
167 111 132 14 155 119 189 196 92 178 102 174 72 32 41 35 90 192 7 144 55 124 147 43 117 64 128 42 22 61 139 49 82 157 78 138 88 143 113 69 179 187 104 146 63 115 186 116 199 8 160 161 150 94 153 96 152 66 141 148 27 149 80 130 
54 75 92 73 121 51 137 95 103 33 198 134 117 30 108 77 123 190 6 3 64 160 17 66 85 90 102 138 147 28 13 151 72 133 53 157 120 199 109 168 93 165 183 7 116 174 125 195 1 154 87 69 
106 86 11 37 74 124 36 67 33 109 32 174 101 130 63 107 160 120 115 167 134 182 77 56 18 103 105 149 99 119 81 179 113 24 64 9 110 147 142 193 166 154 132 189 47 68 
89 77 157 11 111 177 113 10 124 139 23 116 78 143 120 121 105 85 195 119 87 102 81 182 94 103 187 148 189 53 70 163 64 91 2 108 15 168 185 7 79 35 31 152 72 194 133 8 95 26 165 12 88 
86 197 68 18 184 108 48 188 137 74 1 91 5 19 28 103 167 54 176 38 65 136 170 186 17 192 168 94 89 16 92 157 112 152 99 199 7 128 82 76 105 11 
193 153 139 148 23 195 3 117 37 22 60 167 41 121 66 136 61 17 34 200 129 184 150 156 53 78 99 133 123 76 120 90 140 190 56 98 160 13 45 67 62 181 46 88 118 111 12 27 147 115 
126 106 3 140 90 24 82 48 50 54 73 153 29 38 161 196 26 141 137 6 52 194 58 8 123 158 99 171 31 19 75 69 105 155 186 163 131 109 34 85 179 42 129 39 57 2 172 101 35 76 46 
128 175 44 150 88 20 70 103 108 53 160 72 127 167 37 86 1 193 57 135 130 51 138 36 19 73 156 94 30 15 61 14 85 98 126 114 29 10 139 18 113 48 147 140 78 
47 39 31 13 56 170 24 122 99 152 11 66 139 107 25 138 18 193 165 151 128 73 63 143 8 173 111 58 118 182 108 196 40 80 191 86 1 188 22 153 179 16 5 160 171 100 
179 3 55 137 52 178 64 90 118 101 94 83 134 112 20 168 115 184 161 95 77 194 146 58 49 148 98 89 34 100 76 183 7 114 35 198 28 185 8 186 170 199 173 105 37 62 
113 187 145 74 146 136 128 96 150 126 140 16 62 42 179 8 11 58 133 100 81 91 153 7 165 87 65 29 39 31 94 5 53 54 25 24 18 154 
13 101 121 176 53 56 173 59 132 139 92 5 192 100 57 151 190 81 4 197 78 14 162 155 160 55 161 185 68 114 171 45 85 40 39 79 27 159 106 172 141 177 146 
184 200 24 22 82 122 168 107 65 64 19 142 159 58 43 115 161 32 63 62 99 117 167 119 139 174 101 87 61 145 76 27 146 46 121 16 90 181 15 60 84 9 91 197 118 31 126 85 169 79 116 105 190 
107 21 120 166 154 165 106 163 70 91 112 83 172 113 179 41 20 181 34 141 170 75 195 26 2 11 194 178 185 89 111 80 23 52 148 44 92 59 116 68 33 6 28 
73 8 17 25 54 16 187 184 196 19 81 28 120 22 39 151 104 103 156 47 144 41 122 132 119 21 101 153 52 59 167 11 168 127 32 79 150 137 160 99 169 72 6 146 198 3 178 
143 121 96 40 66 114 57 187 65 141 20 157 59 27 109 149 5 170 33 130 191 146 45 166 123 165 156 193 140 200 56 168 69 108 155 52 176 86 24 159 17 21 76 142 148 118 195 84 83 154 192 70 6 175 153 145 14 68 185 94 
3 121 172 170 168 55 153 47 150 68 118 77 99 146 177 80 165 94 162 127 192 147 24 143 145 59 42 21 132 142 119 8 74 122 40 49 39 105 73 171 188 
189 47 149 42 128 113 56 80 118 37 147 18 161 59 193 97 115 48 33 185 139 101 158 44 130 133 136 141 49 7 90 181 31 13 35 188 170 190 50 169 150 
185 114 194 150 81 6 99 96 116 51 70 26 177 168 172 78 103 189 102 124 144 118 140 74 10 171 11 27 158 79 136 93 73 59 143 62 57 187 147 198 126 17 134 13 
25 161 199 44 38 167 85 156 62 43 106 55 124 52 19 48 108 125 171 88 21 138 42 127 8 47 188 117 11 90 198 79 170 120 121 32 116 122 45 172 9 119 175 186 24 191 89 123 67 133 148 178 
12 66 189 92 156 83 167 84 107 14 46 69 185 77 187 52 49 35 141 25 146 190 164 134 149 102 100 75 10 108 178 85 6 139 148 80 33 135 31 38 138 112 7 116 163 
96 90 98 190 46 170 148 85 60 28 58 142 125 62 89 77 167 179 182 132 106 44 123 174 8 79 183 109 184 175 108 196 76 199 83 63 100 45 189 70 49 51 75 198 88 13 111 
72 21 154 197 23 18 53 155 177 120 149 31 43 187 104 62 97 160 96 20 91 127 45 164 67 36 121 150 11 168 176 37 77 1 156 189 85 47 162 131 38 175 9 48 75 13 24 90 158 80 86 
18 89 60 118 98 150 68 113 135 8 25 200 30 109 125 88 117 33 104 80 187 175 123 62 4 147 36 21 171 134 184 19 65 159 151 143 189 38 99 198 197 54 40 44 145 84 50 81 162 107 16 39 127 
42 103 75 85 154 179 164 94 159 3 187 148 170 16 18 100 189 150 141 77 126 24 12 15 106 135 137 171 92 121 109 11 151 88 167 4 105 122 43 5 17 195 112 95 
137 16 86 138 50 48 5 23 144 2 167 76 192 54 85 18 44 178 153 27 32 197 10 142 80 125 141 74 20 175 26 169 69 92 190 24 106 152 6 146 43 116 47 199 173 107 174 9 61 103 154 161 119 128 
63 136 102 11 111 1 46 193 156 183 55 61 120 65 148 84 158 155 188 143 32 89 48 159 78 194 45 53 104 103 20 170 37 174 182 185 24 195 35 144 54 119 116 150 191 181 175 166 173 165 6 
51 104 136 140 72 99 91 86 77 172 110 127 114 138 178 176 129 8 23 63 146 21 171 65 49 124 184 41 78 141 183 164 173 156 84 10 126 37 182 121 192 169 101 3 116 179 76 31 57 82 118 79 16 
31 100 166 95 85 17 179 103 67 68 88 199 83 192 162 71 45 198 87 104 136 159 48 149 69 38 160 172 194 184 130 78 164 93 105 53 146 98 187 200 60 178 138 107 111 30 4 
122 35 26 157 176 52 12 7 112 97 90 28 92 29 175 125 193 119 74 154 89 56 43 173 143 59 180 68 185 24 13 51 31 36 72 188 183 9 196 192 45 93 96 116 38 53 62 25 106 174 
134 5 194 67 135 110 82 94 136 93 33 96 122 12 69 148 50 158 117 141 37 71 161 48 123 147 32 114 56 68 150 142 125 174 74 39 88 19 63 15 49 26 105 183 170 173 
73 80 124 13 173 24 101 38 196 50 58 65 178 118 43 194 134 52 130 180 166 156 141 132 75 47 157 147 74 107 90 183 168 199 54 39 143 35 177 33 126 185 109 11 155 117 81 
178 107 44 95 88 8 128 74 174 91 97 87 122 98 159 12 171 144 18 140 16 66 17 61 58 141 116 162 9 168 50 59 120 133 65 27 35 30 135 192 25 177 68 109 13 81 197 
36 171 138 147 31 82 131 11 3 140 160 8 69 98 42 40 192 55 21 10 18 70 63 64 4 136 26 107 43 60 152 72 137 67 32 78 134 34 179 200 17 47 
163 37 61 200 45 79 194 114 149 103 4 8 145 70 120 86 116 157 133 57 150 142 40 128 65 156 28 126 22 26 144 100 2 99 78 97 138 119 173 167 123 24 58 162 90 193 141 182 50 154 49 10 
16 59 157 92 85 5 195 11 159 197 74 183 188 53 186 51 84 4 21 100 121 113 35 47 42 80 147 129 199 119 94 77 19 98 93 156 135 101 7 144 128 194 109 110 46 148 24 106 175 
91 95 105 8 60 13 180 10 120 21 132 24 164 33 114 89 39 102 85 198 56 189 182 75 167 115 143 177 155 62 68 191 25 43 183 88 186 20 127 146 140 96 160 131 67 
62 13 160 142 141 189 164 186 102 93 90 137 199 170 174 156 183 136 85 149 67 16 134 82 157 104 19 36 30 168 116 37 74 73 28 70 99 59 130 112 193 188 
171 40 71 147 48 44 102 29 149 67 129 69 72 192 163 14 66 10 150 50 174 139 115 110 25 75 144 187 133 82 59 101 68 103 84 156 46 83 37 33 27 54 22 108 58 172 4 53 195 32 112 12 
72 164 37 62 196 27 6 69 81 185 49 181 100 182 40 156 150 7 35 105 135 127 24 165 108 36 16 34 14 111 166 103 160 169 54 197 51 2 162 158 55 113 96 187 74 28 173 
50 9 89 194 190 102 133 156 183 11 110 75 199 137 88 18 44 145 48 2 95 174 120 10 24 138 57 143 112 79 59 98 104 93 164 34 39 13 
159 39 4 135 75 174 184 98 47 22 151 6 66 162 36 110 167 42 177 93 24 70 96 33 30 155 9 50 37 146 133 118 79 68 124 27 160 114 71 115 77 45 87 180 176 105 175 143 164 83 156 52 54 
194 115 10 200 168 83 87 90 50 167 26 66 70 198 151 33 68 191 120 42 145 9 144 162 174 12 170 91 192 181 143 142 103 60 161 104 73 164 22 39 76 185 107 46 56 51 135 
183 69 14 47 38 3 53 105 30 198 179 171 116 66 135 81 84 142 56 195 197 21 52 16 150 122 187 15 147 59 100 48 78 113 12 89 175 91 94 170 26 64 154 102 192 151 166 167 188 4 68 76 98 162 
69 196 96 50 182 193 194 113 33 51 150 120 29 24 130 16 79 17 74 139 123 103 59 125 30 92 127 57 83 143 105 19 121 10 22 2 60 89 188 41 176 90 34 152 137 46 104 118 166 168 142 187 111 
191 51 1 2 106 179 167 5 32 18 9 198 199 58 82 196 195 47 71 169 91 15 36 22 184 37 120 153 139 116 28 21 38 60 135 48 72 122 104 24 114 45 34 105 76 166 178 142 193 119 67 145 33 
12 76 82 141 115 137 108 103 112 132 191 33 45 87 65 164 140 21 180 142 194 37 151 200 84 29 126 198 152 167 4 14 165 199 146 111 139 182 131 119 162 169 188 88 77 168 117 8 48 75 
9 164 184 57 82 11 51 16 7 113 46 56 144 199 13 120 40 180 143 54 43 77 121 109 156 15 186 8 106 191 165 17 71 47 62 163 95 146 119 157 179 50 183 123 104 176 63 152 116 90 18 
151 138 172 149 187 197 11 158 56 33 174 154 193 109 106 5 188 169 71 194 40 83 159 79 101 125 100 175 13 37 148 135 87 26 94 36 164 97 120 28 9 116 75 167 128 8 130 104 99 22 35 110 117 127 118 15 50 48 145 
163 143 88 109 144 106 194 91 139 187 68 65 173 125 127 121 83 41 30 129 47 43 38 155 7 76 115 196 27 77 120 33 12 69 57 165 86 45 62 19 126 103 2 46 26 9 
111 151 172 13 12 199 171 157 21 79 146 1 178 25 40 4 69 95 138 177 156 33 19 11 64 114 24 163 196 119 29 165 159 106 76 179 26 123 164 110 132 22 2 81 136 176 143 135 148 38 158 102 
118 153 87 99 155 120 5 44 112 79 106 137 90 123 133 192 31 163 23 80 70 29 19 82 56 149 145 52 108 88 36 127 1 68 22 114 152 117 24 198 21 54 75 167 
172 193 98 157 166 104 146 52 131 169 61 33 30 25 158 81 175 122 139 176 13 129 132 189 148 170 183 17 115 55 59 74 106 95 147 123 65 84 150 53 126 102 140 49 12 34 127 199 152 178 43 26 138 70 51 63 8 
6 55 155 106 18 11 75 110 7 86 67 175 82 90 95 45 115 198 148 8 4 153 192 68 177 159 58 17 128 151 196 119 163 130 147 167 121 57 1 33 191 101 173 156 56 71 81 140 200 139 120 102 14 
123 58 150 74 95 85 53 35 146 34 105 168 132 59 175 165 100 180 78 138 14 119 199 153 172 189 183 15 2 149 11 128 131 49 18 162 43 82 13 121 118 140 133 9 181 141 161 158 30 7 61 56 112 5 190 64 25 
135 48 25 173 127 199 100 33 90 87 183 109 114 181 131 29 15 200 67 50 165 32 12 83 107 4 73 65 126 1 30 137 84 36 195 129 9 99 85 175 38 191 149 47 197 26 160 43 176 24 97 
161 71 40 73 49 54 179 72 30 45 181 121 89 81 167 85 165 23 158 135 50 35 61 152 4 163 137 197 178 13 15 14 48 109 132 75 65 164 116 86 21 105 182 192 140 91 51 126 96 189 113 196 19 93 
99 139 189 87 74 3 28 183 44 95 89 32 61 92 5 113 157 128 140 172 174 7 127 84 129 91 164 194 94 73 30 106 123 115 185 193 70 144 29 146 9 23 75 199 47 18 124 141 69 116 
43 184 183 182 195 121 177 56 49 200 63 136 50 86 59 42 88 75 134 119 181 92 91 124 30 77 128 14 165 103 113 19 44 41 141 176 150 83 5 107 13 191 101 118 111 71 186 131 90 3 149 26 38 167 51 132 192 53 148 
82 126 95 185 49 104 168 115 92 194 66 97 183 132 175 96 53 123 98 113 68 94 60 160 23 32 170 158 100 195 166 164 179 34 146 181 118 120 1 5 153 192 99 71 76 2 29 134 58 4 72 33 156 
38 14 197 146 127 180 70 117 78 156 142 5 148 12 143 129 120 59 119 79 49 80 89 75 35 112 115 11 27 152 37 46 67 102 196 195 55 154 60 105 40 131 41 72 171 190 
159 50 144 110 1 153 145 42 2 136 182 5 55 93 169 54 34 62 68 179 128 122 41 43 40 161 8 14 124 13 154 195 66 113 123 28 176 127 51 180 189 48 141 150 151 45 86 183 116 85 137 191 37 15 190 16 98 193 7 17 67 112 
120 175 198 178 70 167 28 170 37 15 173 117 162 14 130 184 2 116 53 71 68 95 142 96 41 18 137 102 22 33 110 94 19 49 194 163 103 185 78 62 172 27 79 155 48 39 82 115 
46 95 171 25 113 128 137 39 3 181 179 77 100 88 108 198 177 162 157 185 182 161 49 167 85 82 115 163 87 191 44 149 27 42 172 4 117 74 166 7 150 20 114 13 43 45 97 36 109 
13 128 167 198 169 174 157 158 164 119 121 127 146 145 42 60 16 199 4 73 68 75 55 38 41 97 193 149 91 5 45 152 105 50 27 114 47 178 154 142 133 182 183 93 86 192 52 
85 84 174 172 154 2 199 19 16 31 164 13 21 3 115 187 30 114 185 107 43 93 56 60 25 169 190 124 195 149 11 76 171 51 71 182 146 167 181 101 116 162 98 87 135 4 175 67 108 
119 145 94 14 47 160 190 28 140 9 171 200 162 38 70 179 46 174 49 18 90 157 103 188 124 54 29 130 131 183 165 50 3 158 106 143 45 115 126 151 25 139 57 105 82 118 91 110 104 186 123 34 86 60 64 191 108 
33 111 127 7 12 118 65 134 15 135 38 141 136 178 11 56 150 179 181 41 19 124 18 155 163 173 43 13 44 58 187 21 167 144 138 62 98 74 92 133 2 102 110 42 170 4 112 188 83 164 97 195 54 81 88 16 20 77 
106 113 4 138 26 28 188 177 168 118 93 131 96 198 36 24 161 41 59 167 120 132 17 110 139 56 85 100 47 160 33 109 99 49 133 104 42 89 37 135 112 193 107 83 52 64 88 184 192 12 
122 124 134 67 153 130 95 169 2 148 159 32 50 79 81 20 76 5 45 174 112 72 44 59 156 92 60 84 147 48 47 90 73 65 197 19 25 94 152 30 109 103 154 125 158 172 104 151 166 195 74 144 196 108 170 36 1 14 43 27 66 189 
45 52 122 153 41 47 3 120 78 36 44 135 107 48 195 98 170 34 1 128 193 194 130 144 145 172 109 133 191 77 66 10 110 70 93 177 20 23 12 162 95 127 180 139 178 151 189 137 59 149 198 196 
156 11 168 200 196 56 63 169 70 98 163 179 159 176 197 162 74 183 101 65 52 189 62 114 135 91 88 22 113 95 13 24 172 106 139 149 147 55 14 136 2 198 78 105 115 199 178 59 64 131 
144 76 157 32 107 34 182 100 72 66 38 15 154 50 101 139 168 93 63 94 49 73 126 134 174 192 105 27 124 92 190 43 40 113 111 61 82 30 196 31 59 81 164 97 194 47 
149 92 144 134 100 27 61 198 7 152 109 31 89 32 73 23 66 164 186 115 129 106 60 163 4 95 171 98 52 151 132 184 48 157 126 133 79 50 180 199 94 87 117 168 69 91 177 49 15 83 107 96 81 173 35 156 40 39 135 
35 172 142 52 123 50 195 165 91 169 141 39 82 19 94 100 157 129 62 160 23 122 32 25 180 17 69 3 66 136 105 178 15 196 101 194 31 138 63 137 103 74 131 48 192 29 58 96 59 111 71 
63 33 172 92 38 61 14 188 116 18 71 31 55 171 162 133 184 192 117 29 99 164 176 79 90 165 76 189 66 183 182 77 193 123 9 108 21 121 160 1 154 126 59 
104 193 155 26 122 108 45 7 2 132 142 113 22 35 19 21 94 8 68 139 62 53 24 42 77 52 190 182 97 129 15 91 17 135 70 144 1 81 130 164 175 99 189 121 48 98 152 159 66 167 128 146 101 171 174 106 12 176 180 
119 78 129 33 31 114 187 113 50 18 171 112 36 66 20 22 153 108 131 178 194 37 49 32 104 154 151 184 105 155 196 65 30 6 88 24 158 47 168 116 175 183 25 74 45 35 
149 95 116 200 162 4 76 199 14 48 77 159 130 44 96 9 174 72 41 134 7 198 10 127 193 30 186 43 66 68 172 27 36 194 135 91 169 1 13 180 70 143 
199 181 195 99 196 35 5 136 19 41 59 106 180 53 129 142 71 102 65 141 15 78 96 103 30 33 54 173 122 81 152 113 157 119 144 148 45 160 185 165 44 145 57 74 177 188 93 120 162 
104 8 83 70 25 170 166 107 74 160 14 42 40 22 161 35 184 172 136 16 178 66 200 4 144 99 190 91 117 54 114 29 199 98 63 69 6 125 96 132 61 185 26 102 108 95 137 43 86 111 171 
95 200 55 131 104 167 64 24 32 51 144 143 175 199 5 136 82 81 111 108 33 7 43 101 168 191 79 19 154 105 123 100 20 14 110 57 195 72 194 117 36 192 54 34 47 
176 42 130 74 187 35 131 102 191 183 104 121 143 184 85 29 31 107 124 21 18 5 96 120 171 141 148 15 1 22 16 99 46 25 52 152 188 126 123 82 23 53 10 182 
91 185 182 35 191 188 20 49 113 95 193 54 17 157 165 116 64 100 196 197 151 109 125 42 47 84 19 78 117 62 29 158 26 75 146 180 34 155 129 8 123 175 38 
21 197 113 69 128 80 105 8 93 118 1 6 36 24 185 145 53 33 184 175 99 148 29 12 101 83 31 129 178 107 165 18 27 177 121 134 138 115 162 45 198 124 38 173 42 153 102 189 44 167 181 136 
115 106 164 123 61 127 78 99 167 197 158 47 147 49 10 28 105 177 155 83 199 120 194 33 93 41 190 151 179 138 40 145 195 174 154 135 168 169 198 63 172 153 7 45 97 144 192 103 68 101 149 58 
29 27 189 98 198 64 192 66 38 184 117 41 183 87 114 44 115 165 161 120 143 179 11 185 32 197 101 79 18 50 122 1 81 14 57 88 151 182 24 111 85 16 52 48 159 150 31 167 194 148 154 8 
25 80 183 7 21 184 78 188 65 182 116 14 70 48 41 173 77 171 1 159 191 17 125 67 84 106 36 195 119 114 49 155 131 200 6 56 9 105 187 177 120 185 
177 97 161 132 71 1 88 13 89 90 44 176 118 178 86 14 82 95 34 120 159 46 112 189 115 114 184 11 102 163 182 67 41 139 199 103 43 38 70 33 92 29 125 170 79 77 123 28 143 155 54 186 117 
127 39 23 150 182 198 176 137 195 77 200 199 11 151 57 126 16 38 1 140 178 105 171 45 24 7 118 180 146 128 121 52 74 84 191 14 197 188 108 9 51 114 64 73 161 34 80 75 141 3 65 97 131 
91 169 84 16 22 71 117 45 168 24 166 72 51 87 127 161 56 98 184 61 93 110 177 13 103 44 198 1 48 20 121 40 153 53 157 18 36 102 39 9 185 136 80 21 109 182 108 
67 195 47 87 28 154 132 15 13 161 20 29 48 131 141 101 72 157 75 172 177 196 54 74 189 80 32 162 95 143 66 9 55 166 81 115 121 31 169 22 99 97 114 33 40 197 
8 199 104 200 115 41 175 50 20 29 99 96 58 100 67 52 46 146 54 192 35 113 164 19 180 2 11 92 119 28 123 55 118 33 155 117 135 93 162 85 47 17 152 150 178 91 144 145 168 64 22 59 
57 161 14 7 149 65 62 23 41 177 196 99 184 103 46 100 174 13 144 42 52 74 54 26 83 113 197 79 172 148 30 53 20 104 136 93 101 165 188 180 192 80 
154 165 14 126 11 129 45 8 35 67 72 36 136 176 147 71 167 78 74 185 192 62 40 79 153 77 162 138 27 163 29 60 151 184 108 197 31 47 58 93 105 2 104 64 53 81 121 114 30 155 101 12 84 
38 84 24 93 17 63 77 123 59 161 107 192 144 42 109 92 90 126 184 45 21 89 162 39 26 46 81 147 179 35 62 72 157 7 91 148 196 198 143 165 111 121 2 5 49 68 43 
198 142 107 113 96 8 21 175 73 13 162 50 78 94 46 62 83 14 125 89 47 55 128 163 87 37 192 41 148 63 11 4 2 156 196 65 193 135 152 138 129 70 76 187 173 15 147 27 168 32 164 44 133 172 97 25 23 91 88 
127 35 47 193 108 72 81 158 89 21 140 79 96 154 94 82 126 36 149 120 104 41 132 123 116 180 119 16 164 142 183 24 199 128 184 200 6 61 117 2 73 195 65 150 139 171 31 191 174 169 85 114 170 
30 197 44 188 42 154 81 183 111 13 87 132 178 108 70 95 170 200 45 182 174 63 166 59 37 199 175 189 195 126 3 57 92 117 23 147 62 177 139 113 198 98 131 89 179 34 
184 56 11 193 147 123 196 159 61 162 57 93 181 5 58 41 99 188 72 97 47 170 172 94 83 174 139 200 43 111 88 46 67 29 75 153 160 101 187 182 112 136 20 150 32 59 1 163 176 104 106 62 195 130 63 198 15 74 189 107 
164 77 151 54 99 90 189 52 82 80 132 70 78 49 143 47 12 43 63 145 48 23 8 64 85 118 21 39 171 197 16 17 192 100 116 187 163 10 15 141 142 24 157 146 183 65 169 159 
24 186 71 95 167 50 105 193 19 131 160 174 97 66 77 62 107 133 82 197 178 33 100 140 176 3 73 34 52 46 116 1 142 31 68 56 129 67 60 126 156 143 9 99 47 162 
176 21 164 75 47 85 161 170 102 4 95 39 166 144 11 34 151 169 117 140 120 174 62 125 26 98 155 30 182 17 67 172 49 84 22 105 132 13 15 64 81 111 112 188 101 150 69 118 110 
21 99 197 173 105 136 69 184 199 57 4 38 139 73 133 110 153 86 63 108 198 52 189 64 156 70 36 170 77 146 26 91 54 114 40 149 25 90 159 71 85 166 190 81 101 176 187 65 61 1 172 47 144 
166 12 29 120 181 133 130 95 117 182 58 97 136 48 113 100 90 186 172 93 70 108 37 171 132 189 55 149 147 46 61 116 156 30 89 71 191 88 165 22 15 141 124 
47 177 34 155 166 129 154 45 195 1 123 153 189 50 28 126 21 120 158 4 46 51 91 80 165 93 17 39 170 157 98 184 99 181 3 20 139 176 173 193 107 18 72 94 103 44 116 143 55 111 27 
141 11 13 7 4 185 116 167 146 98 29 100 132 45 117 150 131 36 162 92 124 17 72 152 108 43 6 137 181 62 55 160 32 101 61 174 172 106 57 53 173 63 12 47 52 
116 178 8 44 195 5 71 122 155 187 29 186 40 176 57 4 90 162 112 177 181 39 164 193 107 144 49 124 108 141 138 81 196 76 20 48 6 34 60 14 42 183 199 95 133 62 145 111 152 69 119 72 24 128 173 132 
168 169 29 96 114 62 194 160 47 100 152 78 1 191 190 139 132 42 198 187 83 149 8 30 135 12 69 88 130 5 24 154 123 188 40 73 141 21 53 16 98 175 43 165 134 109 124 58 166 
67 28 106 69 12 200 61 66 88 82 120 107 84 148 168 81 150 62 143 97 151 52 78 169 177 118 87 184 94 181 10 74 160 116 161 190 73 100 182 29 1 86 186 174 85 173 20 54 185 188 5 180 
22 121 137 199 97 164 188 17 187 104 138 28 50 197 12 99 51 3 189 130 4 177 169 113 5 2 190 172 147 16 15 94 47 34 192 111 62 119 43 142 110 178 84 40 48 78 76 152 81 126 180 120 82 13 
190 64 86 164 176 124 43 69 103 29 44 14 130 16 95 13 116 132 53 45 73 169 113 106 111 65 23 189 77 186 144 175 174 196 99 35 97 198 162 101 4 152 188 
116 9 31 27 95 26 70 62 118 161 134 7 184 14 88 196 147 165 150 146 71 193 123 200 178 186 35 4 185 97 39 79 58 133 125 108 82 29 75 173 164 73 19 59 100 135 
55 1 148 122 5 156 179 169 102 26 11 69 88 106 23 155 13 178 187 193 61 153 36 25 84 15 80 191 21 37 185 39 47 49 172 115 86 58 113 12 146 127 48 126 199 196 75 52 2 54 83 121 
149 10 58 41 43 136 21 187 137 66 53 16 176 174 101 56 47 156 138 135 28 77 127 110 59 133 64 159 89 142 72 171 191 195 2 103 165 188 140 173 169 115 163 108 
29 93 143 113 117 195 88 40 109 58 42 199 17 191 5 16 63 75 194 18 154 141 118 158 122 110 187 112 89 138 79 131 14 148 139 6 126 70 189 81 90 20 153 146 37 3 125 43 34 86 101 163 69 142 174 
118 81 195 141 143 100 60 94 169 5 190 120 7 18 24 162 147 97 181 192 30 11 175 85 67 168 146 167 96 161 40 17 179 8 109 53 21 10 23 35 20 199 98 164 50 189 103 196 172 38 135 4 188 32 114 12 110 177 
120 163 195 93 119 86 89 94 74 185 4 189 45 144 40 168 149 44 71 106 191 159 95 112 16 15 184 158 97 139 2 157 154 111 84 123 67 122 147 88 114 83 104 36 87 171 21 143 103 43 75 69 190 132 
24 44 122 130 197 155 121 177 174 48 183 93 41 1 16 50 151 63 126 3 94 62 57 37 11 103 105 102 131 142 184 133 101 152 29 199 7 173 73 161 96 55 60 28 5 9 187 86 12 169 167 198 140 113 141 159 97 
62 43 4 86 24 31 137 127 78 99 138 145 91 90 73 194 92 19 25 195 49 15 152 75 23 151 193 167 11 32 44 20 149 116 177 110 106 155 21 60 150 196 174 
128 123 33 71 200 1 52 191 175 72 163 141 114 153 47 176 131 89 103 190 68 148 92 111 115 8 165 67 23 88 51 100 21 109 15 81 112 170 172 110 10 61 194 168 132 54 49 66 29 32 105 95 166 59 83 93 19 133 90 98 
44 16 32 101 169 178 63 5 192 177 143 128 182 200 124 172 65 59 9 21 118 93 132 163 69 89 61 51 156 139 115 91 62 164 180 31 79 78 84 48 190 120 167 13 119 155 50 137 56 106 
95 144 16 12 45 156 93 99 14 182 160 158 147 165 194 157 5 121 3 74 18 132 72 183 92 161 118 37 116 198 168 111 17 61 155 125 174 112 149 108 59 8 137 163 64 178 86 138 
63 21 109 26 182 5 181 197 46 89 27 175 35 68 179 135 117 149 16 40 150 146 56 31 23 183 114 173 193 6 116 189 64 106 84 178 66 28 187 99 60 73 77 171 8 167 51 145 127 152 71 90 1 55 144 62 
110 58 71 200 179 113 6 36 13 134 189 39 123 147 27 37 164 19 136 170 182 122 63 66 74 28 107 3 112 184 193 65 90 45 20 31 127 80 79 144 4 183 120 25 97 21 70 177 46 85 53 161 196 190 55 129 151 124 194 
179 63 153 127 31 53 85 60 40 160 118 121 157 163 25 150 97 189 12 125 177 99 5 149 27 168 104 117 74 173 16 196 151 110 66 95 7 122 138 65 24 178 109 75 146 143 101 15 14 167 112 132 116 22 2 181 23 58 140 186 
153 178 150 175 183 22 114 102 154 45 152 56 55 126 73 74 24 143 86 161 58 131 109 42 40 14 96 100 134 81 26 38 43 11 120 170 37 77 156 177 76 172 25 72 159 180 78 39 165 186 
140 161 68 199 49 116 153 119 48 111 95 30 88 149 73 59 112 84 79 183 181 179 144 89 125 77 146 165 37 72 166 148 76 21 113 185 42 132 156 87 123 158 39 5 6 162 85 169 145 47 197 104 24 
44 95 38 32 106 170 70 12 10 28 139 17 145 66 36 200 143 54 130 101 8 73 68 102 16 9 182 167 41 112 173 88 100 43 37 5 20 62 109 158 176 69 6 76 19 155 178 99 199 186 82 72 131 128 163 124 185 90 123 
21 191 158 105 97 74 149 108 122 58 175 136 88 102 118 62 38 152 16 180 69 161 146 35 196 154 34 51 2 167 135 94 188 42 7 123 148 41 91 150 178 39 129 99 76 33 141 
145 8 171 18 126 63 132 78 50 173 137 156 134 181 83 163 12 79 46 166 69 23 100 184 65 117 115 140 138 88 58 97 131 157 168 6 194 135 172 165 14 9 11 105 154 35 152 120 110 26 
41 145 8 148 187 56 35 175 31 5 135 12 117 14 75 6 127 121 168 79 74 99 176 136 23 2 9 78 173 66 24 92 114 72 182 139 67 118 103 111 193 172 17 169 157 38 160 196 124 60 159 15 154 97 61 10 170 131 109 195 180 7 47 
33 133 47 197 114 186 94 106 97 132 160 113 163 75 28 194 103 20 31 200 92 25 4 142 110 108 24 171 23 71 172 60 180 80 145 56 49 193 90 17 74 15 118 68 55 3 57 5 53 174 185 19 27 170 
139 156 125 176 140 197 83 117 93 196 185 123 136 198 38 173 26 144 126 4 40 157 130 88 192 107 189 108 179 121 178 76 101 168 8 9 78 120 94 25 
18 14 44 199 22 114 198 191 102 126 103 146 156 183 30 163 21 152 73 154 29 27 110 86 52 8 153 89 105 177 101 59 151 60 25 170 106 172 174 112 131 64 
93 170 190 81 83 189 27 171 25 151 55 49 43 133 68 156 46 184 5 13 41 112 122 103 193 191 105 29 199 91 110 130 175 26 146 73 111 108 178 6 123 134 198 149 50 86 169 135 129 145 23 40 31 74 136 119 168 137 20 
102 87 106 144 108 124 169 83 56 105 188 165 113 171 82 29 74 134 111 104 174 31 154 68 5 187 122 133 73 23 77 118 170 76 90 42 181 84 36 35 101 184 199 39 145 7 147 43 94 129 48 78 173 99 
115 124 142 144 192 135 109 70 127 133 165 141 164 200 183 94 61 120 52 134 51 33 88 187 129 59 159 122 137 171 177 92 56 182 14 68 7 105 75 27 131 12 10 140 156 74 44 146 152 150 
9 180 19 86 65 112 60 58 159 175 133 6 67 20 50 73 106 76 191 110 34 153 17 160 42 25 35 36 156 164 127 131 29 200 21 28 62 78 141 179 174 64 130 89 104 4 109 137 31 134 56 126 16 45 30 
33 51 125 47 66 25 37 83 39 32 38 42 18 193 36 113 156 151 82 94 6 35 105 13 179 159 154 84 173 9 158 30 148 53 28 172 8 120 56 175 135 
62 70 162 134 96 199 10 85 178 146 112 57 95 61 114 161 198 129 20 124 154 23 67 184 13 150 155 200 157 90 170 65 9 4 1 91 165 42 69 86 45 5 143 7 31 47 160 50 193 183 75 44 189 43 71 147 16 
91 176 10 39 82 146 140 130 192 157 26 64 122 145 76 34 158 149 51 194 163 134 11 193 9 126 38 95 2 115 24 114 55 113 66 155 90 35 84 73 4 183 136 156 161 93 31 63 129 36 
37 40 194 22 138 162 133 135 116 10 196 108 172 187 83 15 99 171 64 29 192 146 117 33 163 101 170 131 198 50 151 44 49 36 104 200 68 71 13 38 158 123 180 70 65 122 84 147 150 190 47 182 69 67 14 118 152 197 199 23 103 145 164 157 
48 101 64 34 33 195 108 87 157 44 113 43 68 58 26 67 163 24 52 164 127 167 36 150 171 158 189 5 198 156 31 132 112 59 168 123 199 193 107 21 119 155 2 182 72 
9 26 182 130 73 136 160 35 197 151 105 20 6 144 134 83 176 164 167 117 39 113 129 13 8 185 94 36 66 102 162 181 62 55 93 89 161 155 100 108 92 40 38 110 1 128 
143 80 121 180 119 141 58 75 105 44 12 46 76 15 90 63 22 157 111 24 10 188 189 40 184 132 74 140 85 47 168 79 139 32 147 34 128 193 133 62 142 51 103 9 196 163 100 89 72 98 23 106 122 115 
49 55 166 62 26 36 52 95 54 25 125 111 190 41 182 10 42 81 76 152 123 13 188 117 179 64 104 130 91 171 108 170 73 192 99 20 186 143 144 92 159 11 84 43 178 148 187 115 154 146 160 122 
133 1 78 96 169 73 77 23 155 6 93 166 18 38 56 95 4 125 128 167 31 65 91 53 45 104 9 132 189 10 81 121 117 119 124 188 46 75 82 87 20 196 177 162 106 89 171 60 109 32 50 25 40 179 
21 90 116 138 108 117 85 22 26 52 145 164 178 28 36 60 3 48 62 134 128 41 132 114 102 146 50 82 40 144 71 121 198 154 163 12 136 106 23 19 190 112 107 152 92 126 162 166 73 105 161 39 
194 176 121 189 158 97 43 172 119 28 100 78 140 86 96 5 25 180 103 154 61 117 124 159 68 47 24 171 192 55 107 126 146 130 163 178 91 138 118 76 92 53 7 116 17 166 32 142 13 160 11 143 14 45 
179 11 38 157 138 32 118 15 189 79 180 23 130 95 72 133 40 90 174 41 2 107 69 165 140 141 51 103 136 102 170 35 27 43 148 150 7 145 18 147 70 58 132 191 5 200 116 16 82 3 6 86 59 131 
117 115 145 15 43 75 98 132 158 41 189 120 187 89 21 109 18 70 61 56 190 7 110 39 133 199 143 93 65 111 131 182 180 125 142 118 19 90 150 100 66 12 195 68 92 181 169 2 165 137 146 42 48 37 136 83 40 155 
145 27 101 187 42 157 102 112 104 127 92 48 182 56 28 32 47 160 68 111 135 163 84 66 144 150 174 75 165 189 93 99 97 183 125 43 45 126 128 139 51 175 181 162 37 94 132 198 2 120 190 200 78 82 72 41 118 154 136 87 
134 26 187 11 89 62 113 52 171 167 199 81 15 179 168 42 127 20 23 136 75 118 102 159 197 125 21 146 184 38 100 18 59 189 156 46 80 145 105 175 70 139 10 144 93 128 185 16 44 9 