200
120 85 172 56 125 53 161 200 15 179 109 65 157 55 192 49 165 22 77 141 130 194 94 193 166 163 62 2 198 178 48 174 16 42 92 4 93 118 68 184 21 44 177 43 167 181 63 74 58 115 13 88 46 67 160 
65 34 153 199 90 72 135 164 35 116 67 179 6 27 51 91 177 148 189 79 157 13 181 53 61 115 104 89 110 113 160 149 20 1 32 124 15 33 62 19 74 158 44 183 14 123 26 155 96 107 167 146 133 
162 31 64 109 114 43 96 148 78 140 87 199 16 18 102 179 163 110 89 32 108 175 46 183 48 59 188 130 45 191 57 69 67 143 156 70 150 133 103 28 132 112 85 47 100 37 129 6 74 81 181 
181 74 166 87 32 163 156 76 39 179 197 68 41 133 126 135 194 119 99 162 117 164 113 127 1 112 153 104 90 10 110 11 84 161 91 15 138 78 198 111 93 34 132 157 85 33 25 89 18 160 155 146 152 101 173 115 62 45 
86 69 35 20 113 99 192 60 85 9 106 33 95 102 127 7 51 136 53 112 100 178 58 34 189 67 181 200 54 26 115 42 138 75 185 70 124 77 190 142 90 130 122 143 184 97 194 80 165 120 62 98 
16 107 17 101 194 124 47 141 76 159 165 125 123 25 84 3 186 2 161 183 117 142 72 173 147 87 67 37 82 148 145 71 169 55 164 192 116 18 93 134 118 60 140 80 199 40 88 132 130 136 119 
140 169 190 166 98 162 5 106 122 36 129 42 78 184 94 48 189 104 152 176 113 72 41 188 164 133 61 170 185 194 117 108 115 121 39 125 
48 52 58 124 57 50 15 17 49 133 16 192 163 88 43 63 29 102 103 182 181 85 105 27 56 71 158 183 187 69 161 167 106 130 151 110 37 162 42 111 86 180 136 112 38 
113 33 107 170 53 136 114 141 43 117 134 133 166 41 175 130 78 84 172 91 164 5 183 15 46 102 194 70 77 200 47 171 153 57 185 54 182 176 152 42 123 145 140 61 156 127 
48 17 40 174 197 158 107 190 96 39 131 42 140 156 31 71 199 43 163 47 90 181 196 144 94 115 179 36 13 64 139 141 14 166 150 38 100 34 32 168 55 89 53 173 170 98 187 138 4 
173 74 14 107 183 51 12 65 76 109 195 67 42 176 146 38 177 92 63 4 139 73 25 72 154 40 143 80 100 59 133 168 52 130 135 32 159 136 189 180 191 97 129 120 
22 163 48 167 110 194 129 154 130 62 90 67 141 11 94 51 33 125 147 82 131 29 121 124 19 84 171 69 18 83 118 107 88 138 172 177 13 142 89 
2 192 91 116 24 107 36 181 81 179 118 42 104 195 86 21 10 1 151 23 130 12 49 96 124 17 22 48 98 183 168 140 117 176 33 190 111 112 110 132 40 191 149 194 169 54 
157 167 197 2 18 146 109 140 36 188 180 73 123 93 113 159 189 132 155 117 10 178 124 38 86 171 11 99 151 182 48 83 27 169 28 37 16 137 21 
105 107 187 168 2 163 124 66 104 189 119 164 138 9 4 133 131 95 151 26 165 83 54 114 188 100 122 157 171 47 19 108 147 89 48 99 94 23 156 158 75 197 132 8 129 191 111 192 39 85 81 37 1 
77 30 184 52 44 131 161 182 37 170 162 98 79 159 55 72 75 85 181 3 1 112 128 59 130 45 177 14 86 62 138 195 43 185 168 19 91 114 132 134 165 36 65 20 49 32 124 80 121 6 97 8 50 
153 55 190 86 152 170 53 154 10 59 36 91 8 188 192 60 112 114 167 156 184 124 163 159 19 109 120 56 119 105 27 90 33 181 72 44 151 51 125 6 177 147 123 138 74 96 182 111 166 54 81 71 107 22 25 89 29 113 13 121 
4 134 66 6 64 140 165 99 119 145 29 30 90 181 183 31 89 166 156 48 144 138 25 95 14 148 171 12 128 108 76 79 188 115 110 147 107 55 27 3 193 100 118 187 
127 110 181 170 57 53 2 36 77 165 161 15 79 16 186 140 17 113 33 135 69 31 128 109 23 59 159 117 120 68 184 89 99 12 75 167 141 54 96 65 175 
56 72 16 2 120 148 59 94 41 188 35 73 36 83 5 122 145 60 45 183 64 194 88 75 25 192 158 90 91 199 116 84 170 156 28 101 167 185 132 136 165 49 
99 114 14 108 33 184 174 80 178 31 200 116 95 52 139 81 117 160 49 153 111 42 38 62 69 65 94 106 159 41 177 143 193 142 1 127 158 67 87 13 186 
13 72 180 94 90 28 159 172 101 25 35 183 195 170 86 53 23 1 17 167 43 141 200 148 78 166 192 117 100 89 64 66 32 142 70 133 83 12 74 
93 53 56 126 19 127 47 22 83 125 185 15 94 165 198 191 37 101 58 97 46 49 96 74 109 13 118 178 137 175 72 92 133 32 84 68 42 106 141 174 
198 192 125 148 103 42 99 185 170 187 13 141 118 55 117 27 100 37 73 89 94 78 121 62 108 75 95 127 122 131 91 79 193 156 70 86 154 129 145 116 135 146 149 
84 119 134 77 128 17 47 43 130 18 20 181 141 187 142 6 143 196 79 191 85 117 63 190 4 22 122 177 131 56 115 110 71 96 26 135 197 185 89 164 179 11 126 98 178 65 
58 190 49 148 146 44 42 158 154 200 84 131 168 51 5 102 77 188 38 2 65 25 159 15 37 136 180 149 198 81 80 119 193 139 128 32 40 135 98 76 108 125 166 143 28 89 104 
8 73 193 43 18 176 162 2 188 62 200 61 112 179 81 44 77 14 97 167 113 24 70 134 148 68 149 123 137 75 138 131 104 128 139 144 84 155 28 45 88 195 72 29 89 38 76 156 107 17 
27 140 168 149 82 129 178 126 128 95 78 172 109 57 3 59 151 34 40 119 62 79 197 102 14 136 193 177 191 71 51 181 190 161 148 100 104 55 20 189 141 117 92 26 22 170 
122 182 40 166 17 123 52 131 8 193 144 198 129 33 120 183 165 173 12 112 37 94 43 128 107 101 57 48 97 88 76 27 68 110 143 108 50 141 83 18 147 153 162 93 
155 136 126 111 52 41 182 176 113 116 161 174 67 87 54 36 103 72 18 177 51 194 37 43 115 140 96 70 69 186 68 188 143 88 16 71 73 
94 55 149 139 62 120 159 185 46 80 142 10 50 187 42 40 19 18 97 147 123 112 193 126 92 3 160 67 109 82 181 155 66 172 122 195 56 78 37 51 116 157 137 127 44 169 104 61 183 119 81 21 85 
111 112 92 138 147 73 11 165 122 133 118 131 85 109 101 41 199 3 164 76 26 43 66 54 2 117 154 65 120 75 200 172 55 63 140 46 10 91 83 53 22 36 119 4 23 189 16 190 88 70 
179 81 113 63 131 199 128 107 17 143 177 106 41 9 174 169 167 147 125 185 130 133 21 47 2 90 171 5 29 180 19 12 193 134 13 164 114 93 188 120 160 69 4 129 
94 50 170 187 2 41 118 120 44 186 155 42 125 10 110 77 108 73 28 134 99 175 198 166 168 107 86 55 37 164 172 4 47 128 190 69 169 5 52 184 111 146 104 62 98 35 176 194 189 123 74 112 180 75 149 199 179 
77 98 68 123 152 199 166 164 76 121 20 161 173 96 72 125 151 109 178 54 124 66 84 99 36 107 137 90 120 86 144 5 22 194 83 101 2 70 103 177 34 198 55 53 136 168 51 104 85 143 50 41 
10 198 193 13 14 98 171 46 136 96 158 16 166 93 156 196 179 190 97 135 146 72 145 162 30 19 181 192 197 169 199 38 113 102 120 127 35 44 148 20 80 37 112 183 200 95 76 64 7 73 161 40 17 137 51 32 41 
183 137 164 96 200 156 52 187 15 6 95 180 91 123 125 31 23 43 84 24 150 177 14 36 134 58 163 34 143 108 193 113 16 26 194 54 3 126 179 61 105 116 104 197 53 169 117 172 46 29 76 81 66 140 30 178 133 157 122 8 196 
154 27 124 14 167 21 161 44 186 165 70 48 105 146 196 120 187 53 42 114 157 172 171 89 147 162 199 98 163 71 145 104 56 80 8 153 67 148 138 185 177 26 64 10 108 52 36 91 55 158 193 176 11 84 60 
188 176 117 192 67 87 177 123 74 15 127 169 63 197 7 191 162 140 149 152 159 65 54 69 90 178 104 98 82 52 89 78 175 148 10 100 4 195 53 171 93 114 
162 65 46 52 183 49 163 28 6 105 94 29 116 73 68 182 48 119 13 66 11 133 55 132 136 26 169 161 129 149 200 36 112 10 113 153 100 170 181 160 120 31 123 
54 157 4 94 165 151 35 184 46 191 111 190 156 114 140 186 199 197 185 32 178 33 36 143 77 88 21 30 118 179 128 196 9 142 112 160 148 103 134 149 110 61 34 68 63 174 67 20 176 62 154 159 7 115 
23 94 97 24 8 51 131 5 61 74 13 113 117 145 195 198 165 148 184 62 173 50 138 180 177 127 181 73 21 52 10 11 43 26 34 170 157 38 185 31 66 1 7 104 126 68 134 9 182 108 90 
9 85 32 45 84 16 65 30 184 10 8 112 37 22 144 89 160 102 27 60 187 92 107 82 99 197 42 175 195 79 120 186 78 141 183 56 189 29 200 168 25 158 106 117 1 100 163 179 3 66 76 59 
156 174 163 53 36 92 87 74 27 119 165 100 75 142 54 34 147 26 83 2 85 81 135 187 155 154 173 60 31 1 17 132 91 59 124 79 96 145 38 186 116 108 176 62 16 63 105 
177 186 165 54 70 170 149 74 119 103 79 3 59 20 197 101 99 142 134 27 92 93 65 55 113 76 179 148 16 78 167 191 4 187 86 71 68 126 131 150 138 110 88 46 125 94 102 140 139 49 62 60 188 48 43 
64 31 109 121 200 36 194 154 99 191 156 188 54 130 32 148 170 1 151 41 122 137 172 199 40 81 161 124 118 79 152 184 65 97 164 150 45 187 197 163 112 23 131 149 9 3 119 173 56 177 182 96 37 141 52 178 
187 115 190 53 25 132 69 33 61 59 48 179 3 6 72 172 63 97 177 34 122 52 113 15 67 160 126 184 51 195 176 10 23 84 105 142 180 65 198 82 58 75 178 56 62 140 157 9 125 83 165 
15 127 131 116 3 174 71 88 134 73 14 177 52 55 64 80 113 69 38 45 97 157 54 29 171 53 150 8 47 183 109 7 200 65 178 198 10 18 133 66 85 40 12 96 13 144 156 79 149 1 142 
90 21 40 178 100 20 102 87 171 157 52 63 23 1 120 97 13 75 83 66 147 60 163 8 191 50 127 16 177 80 193 155 78 26 113 167 108 160 115 124 154 162 61 122 174 92 126 99 45 199 51 
102 73 133 162 8 72 139 31 185 63 77 88 118 49 179 66 167 16 142 87 196 78 71 159 42 173 29 111 35 93 178 175 135 150 146 190 109 79 89 98 34 157 
57 55 5 159 152 11 160 97 52 143 65 68 73 31 122 42 2 59 120 168 60 17 28 161 198 26 125 47 130 197 115 30 12 124 36 164 144 76 126 176 63 194 83 200 49 123 196 140 182 35 156 
65 16 159 187 134 185 165 88 42 124 62 188 30 137 60 139 106 21 178 95 117 39 169 135 8 149 150 67 96 77 38 49 47 34 123 120 172 183 91 68 101 58 86 171 29 46 57 48 37 40 108 11 51 125 154 112 
74 159 149 103 48 99 19 55 130 38 140 164 47 22 165 126 89 148 123 63 68 2 108 171 37 44 69 66 144 139 60 91 5 17 54 182 116 180 138 104 32 147 10 173 161 39 113 166 9 176 90 122 1 190 23 35 192 150 58 76 183 
37 102 142 163 45 149 85 110 157 180 56 76 78 81 17 68 154 66 168 19 95 181 58 129 77 53 32 39 48 46 70 112 121 199 196 41 161 113 35 64 44 30 63 111 13 150 178 5 118 104 15 125 144 126 140 9 
1 72 10 178 183 18 66 160 135 122 75 123 69 28 130 40 31 80 200 78 16 48 147 90 17 174 24 179 134 127 87 51 53 38 64 34 74 86 132 164 6 45 35 32 
185 133 141 81 31 148 75 47 154 139 93 43 66 171 193 163 54 20 62 23 59 132 98 61 86 188 8 173 92 74 167 38 1 25 46 126 168 200 17 181 63 96 
3 52 109 9 71 8 165 169 19 168 94 197 136 166 76 137 82 126 96 157 85 172 147 177 98 103 60 152 150 93 63 92 104 89 163 84 132 72 112 90 179 88 189 188 176 29 28 51 
37 134 150 84 165 161 113 159 193 128 76 62 5 52 148 64 155 109 118 190 47 133 182 141 197 144 1 53 192 149 187 105 70 54 102 154 117 73 23 164 145 130 174 179 94 61 126 8 26 82 121 169 
47 19 28 45 107 198 56 153 44 121 117 187 160 136 139 11 98 17 125 91 3 115 20 165 200 16 124 43 170 81 167 51 181 145 120 157 78 95 
151 45 52 6 78 89 142 139 43 134 57 135 161 200 44 17 79 49 86 129 196 93 101 178 145 106 53 180 144 154 102 122 191 20 157 189 5 148 38 94 153 77 176 51 
165 190 128 92 117 130 58 113 108 47 154 63 105 27 31 41 143 134 42 196 155 84 140 119 109 177 2 70 198 144 49 175 93 9 163 161 120 133 37 194 56 85 110 189 178 158 87 7 88 
132 27 52 100 149 44 73 24 12 28 112 79 145 58 89 151 117 198 176 137 127 94 199 45 191 192 186 123 71 1 154 159 2 41 31 106 47 93 124 21 138 69 4 34 56 115 185 82 42 16 5 196 75 
73 111 93 51 107 145 32 114 56 86 162 196 92 168 53 134 57 33 25 41 129 187 44 64 8 137 173 11 74 47 1 75 142 85 90 49 39 61 96 54 106 50 113 190 77 164 191 131 
150 143 169 38 3 154 86 165 10 128 20 192 139 182 104 136 94 18 197 22 58 145 160 163 46 156 179 129 48 63 36 91 120 76 108 194 55 127 155 111 148 54 126 102 124 
69 170 25 2 88 80 1 68 84 39 82 87 43 166 19 168 97 183 48 21 40 98 195 161 46 51 185 177 176 90 104 141 174 138 52 151 26 154 73 193 162 45 158 199 152 188 11 133 118 32 134 47 16 160 126 
175 180 87 166 151 168 104 43 22 37 48 49 184 163 122 53 136 118 40 160 98 115 85 112 77 103 54 35 15 150 125 76 182 56 96 120 18 158 79 55 42 50 31 131 123 32 
30 194 2 132 5 160 72 52 71 140 21 41 122 107 126 3 158 93 117 130 12 169 70 112 1 39 161 143 172 47 159 150 110 83 69 31 6 75 127 11 188 174 38 141 
30 145 130 88 54 104 185 134 192 169 45 188 150 52 40 155 103 193 166 75 98 101 128 51 183 151 1 160 73 29 153 127 90 65 19 180 27 53 4 41 93 194 23 96 159 79 35 154 141 71 131 173 42 139 116 107 83 
55 101 167 114 173 130 21 119 191 178 90 19 8 135 5 89 194 3 175 70 100 134 185 181 47 177 169 164 48 196 33 92 62 150 30 192 53 154 197 144 12 199 34 180 138 65 120 122 39 84 67 
111 82 141 156 54 195 9 3 176 174 86 58 27 32 124 90 117 115 168 132 123 38 112 91 87 118 191 5 175 116 136 177 75 73 182 67 143 92 74 22 30 24 157 69 128 96 137 170 61 164 153 35 78 45 194 
94 96 68 109 100 133 38 30 25 28 78 105 62 122 119 45 67 8 107 101 149 192 79 10 48 93 195 99 77 50 84 153 80 114 141 182 174 198 6 161 171 150 120 116 17 57 123 90 
74 152 77 23 35 148 57 137 27 120 22 107 47 109 190 7 115 106 55 189 105 36 50 2 16 67 186 177 11 191 81 157 151 20 168 167 6 200 87 139 185 30 85 17 108 
121 146 70 62 162 197 139 167 198 174 150 195 36 113 186 98 116 20 58 34 182 42 104 187 14 105 176 177 184 75 30 168 40 11 175 88 134 179 170 96 27 192 32 24 68 48 188 51 80 65 63 157 50 
152 34 110 145 184 100 154 3 190 160 114 108 182 166 39 194 122 97 79 22 117 72 124 82 44 144 63 98 171 99 94 55 141 53 123 11 23 139 45 179 120 136 142 70 173 4 197 107 42 1 137 56 174 2 17 
155 140 123 94 175 19 148 154 97 166 190 117 125 78 32 55 112 193 44 150 95 139 47 34 105 199 20 176 73 181 49 96 79 129 113 135 16 62 68 70 89 56 134 127 100 24 63 27 130 5 15 180 146 67 141 
187 175 178 58 93 197 6 27 173 141 159 101 136 142 105 100 123 80 54 109 11 156 133 53 143 32 119 199 4 18 174 36 45 78 66 29 57 189 37 181 51 26 120 110 186 160 177 144 165 155 43 35 64 113 146 152 91 
163 71 96 27 98 148 143 41 174 184 195 19 52 115 16 165 191 9 180 146 50 173 97 169 72 34 63 187 130 167 5 182 25 112 66 190 81 119 1 172 60 161 168 54 26 35 
192 39 117 60 71 55 147 86 163 24 155 49 9 97 157 136 22 31 180 156 7 146 94 75 140 175 160 70 114 143 80 82 108 87 54 154 45 4 59 109 3 158 43 110 28 50 159 176 76 
94 75 86 92 137 139 74 187 2 111 68 84 115 28 163 88 62 60 165 19 85 123 66 132 168 112 45 148 46 90 182 43 106 152 170 16 44 18 110 50 185 24 120 194 157 197 48 25 71 
198 101 26 65 16 140 132 31 99 5 136 153 163 186 38 98 108 76 21 78 133 185 71 138 146 49 55 165 126 129 90 180 6 141 121 36 48 192 124 112 187 11 200 73 97 150 142 134 
160 37 143 150 21 185 46 56 120 152 118 77 15 87 141 131 31 128 132 119 17 183 59 162 163 95 33 72 3 54 122 165 88 99 26 182 158 27 192 44 148 13 
47 173 136 170 86 91 70 163 143 107 96 181 174 115 189 39 167 62 190 139 12 137 172 74 184 198 98 124 65 106 6 177 171 99 180 183 129 78 158 95 31 28 117 104 58 85 100 126 120 84 105 57 43 175 
127 165 44 124 171 163 102 198 169 23 167 132 68 92 161 159 182 195 47 189 93 51 128 131 145 164 32 157 101 118 49 22 123 29 197 89 14 121 176 166 35 150 20 108 156 100 12 94 67 122 116 15 
126 57 9 146 98 61 12 138 105 200 158 195 20 116 38 71 187 47 23 35 27 87 69 58 43 26 79 163 6 155 65 190 25 141 4 82 99 161 149 132 121 94 107 119 156 37 164 
159 124 8 133 187 143 79 145 121 191 5 1 16 103 196 161 57 88 140 96 164 166 158 123 15 63 35 25 54 100 44 199 48 43 112 109 4 32 167 193 61 107 190 31 66 168 72 115 3 82 
35 148 93 164 199 163 16 104 102 22 120 110 79 139 140 89 92 107 88 186 45 55 64 133 170 24 147 126 195 158 8 169 166 180 17 82 115 159 167 123 172 134 137 56 135 14 91 5 70 60 161 78 34 129 194 116 121 13 130 178 52 63 
84 39 115 30 70 137 154 106 119 6 113 120 167 126 121 127 3 72 88 141 123 21 117 55 61 81 159 128 99 139 104 4 166 125 105 65 44 49 188 66 185 50 190 89 195 78 
109 129 136 118 65 30 45 79 132 174 48 113 29 87 20 165 32 166 68 8 163 184 41 1 193 57 112 6 191 170 81 61 52 94 27 50 159 161 73 86 138 12 153 85 
174 38 53 87 128 119 121 162 96 19 159 200 2 186 150 12 104 22 83 101 17 4 129 118 60 147 39 57 92 75 146 62 86 140 167 158 43 69 153 178 26 27 169 50 18 122 176 148 3 166 15 165 24 10 25 
176 188 55 186 148 17 142 5 18 70 22 185 71 193 10 158 178 151 49 97 35 194 79 95 200 150 117 12 53 20 157 63 146 160 103 153 122 4 33 163 69 121 173 109 107 110 42 198 111 164 65 127 126 68 181 175 39 57 80 2 
126 32 101 153 108 38 166 76 146 86 140 195 9 187 82 106 139 162 134 64 44 138 136 20 158 175 116 181 154 100 17 102 130 137 70 52 13 156 120 24 190 93 16 109 2 4 53 59 37 
28 181 61 105 109 89 116 31 83 162 137 107 57 69 56 163 196 174 117 124 177 32 158 118 200 128 155 79 49 100 176 152 188 11 129 97 23 86 70 171 44 43 179 45 63 1 165 
141 127 50 165 186 189 56 39 45 83 33 166 146 62 107 184 115 179 1 173 6 14 172 67 68 4 98 57 71 109 174 60 61 147 171 63 36 133 150 137 86 188 193 199 153 29 121 136 177 23 91 76 145 176 
84 154 41 40 112 22 1 179 74 31 24 7 164 105 137 106 20 42 185 34 97 15 159 189 12 58 88 75 111 184 71 114 21 152 145 78 186 135 45 79 173 102 138 165 175 29 60 158 197 62 178 199 83 57 10 117 64 116 139 23 151 136 
200 184 107 99 165 37 36 81 144 75 191 154 97 52 28 15 5 82 133 149 54 103 136 176 132 172 21 120 24 151 59 18 90 
70 75 56 17 73 133 37 68 44 150 57 85 158 82 19 200 13 106 182 147 48 184 134 89 149 172 169 193 3 159 77 2 117 66 179 46 52 177 124 100 10 144 23 139 98 146 25 63 71 30 36 35 
132 46 98 23 161 126 75 51 142 27 48 143 92 164 42 49 65 183 95 136 5 29 78 187 36 123 107 147 173 122 94 90 11 145 77 152 169 74 115 16 31 170 80 193 47 176 
107 13 180 39 136 163 74 177 131 97 66 25 5 151 103 16 77 65 101 34 7 187 93 10 169 99 57 139 56 158 200 73 59 104 155 194 148 110 68 84 96 50 36 165 181 38 82 26 80 35 
98 186 164 43 87 84 142 159 171 188 200 177 141 148 107 119 199 15 115 180 151 169 162 95 111 150 53 152 126 103 74 121 46 106 35 108 134 81 34 24 136 14 4 143 161 123 19 5 21 80 124 49 153 117 71 45 100 82 170 181 18 
92 69 146 76 162 142 40 74 113 24 28 106 179 182 190 132 109 176 129 99 199 124 18 83 148 82 111 135 22 126 125 91 71 49 39 96 103 43 175 11 5 85 191 15 121 3 75 118 116 150 187 44 10 62 112 
150 193 109 112 22 188 128 76 146 45 176 4 98 71 159 29 144 68 6 20 35 158 69 145 89 178 80 168 23 155 60 122 32 52 91 136 135 83 156 182 
196 94 187 140 28 8 26 146 83 50 138 159 128 86 148 91 60 58 49 176 54 103 5 64 114 43 36 45 166 3 182 115 151 173 144 117 9 123 
148 136 57 85 41 24 174 95 45 109 53 184 179 90 128 183 186 196 30 151 191 66 168 8 117 162 185 102 120 99 100 68 98 132 198 110 180 116 150 188 137 3 35 157 
7 119 116 37 13 172 87 180 139 147 38 155 98 112 65 124 86 42 138 141 166 73 175 2 188 54 4 191 26 31 39 82 15 143 27 183 35 57 159 53 34 195 28 129 118 64 66 161 184 156 89 168 185 123 126 68 
92 152 195 73 40 94 165 180 187 173 161 44 38 47 15 156 76 125 145 150 135 84 157 17 110 116 194 117 134 82 37 58 75 87 8 72 71 149 61 123 
158 91 21 23 129 187 79 122 134 5 152 107 62 132 33 182 156 87 7 164 43 8 154 100 63 141 52 198 123 94 144 60 181 99 82 127 136 72 126 96 200 
34 90 63 2 82 113 27 169 93 17 18 84 33 35 99 193 12 92 95 158 97 129 85 122 199 10 13 117 143 144 190 191 98 67 86 72 185 128 106 29 155 9 59 11 119 142 156 15 71 43 6 68 189 118 74 152 
173 157 24 191 72 192 198 137 37 116 133 61 3 29 38 26 74 15 91 197 83 99 127 78 169 143 176 21 129 155 144 52 34 44 42 117 195 18 53 80 64 130 179 141 7 49 
170 61 173 57 195 93 168 23 35 48 103 179 32 154 17 141 101 125 88 46 78 146 157 130 11 126 28 91 199 196 163 85 149 31 3 164 71 92 121 14 19 50 182 72 169 58 116 100 156 1 90 76 
2 124 54 103 78 105 12 159 140 115 131 41 8 3 45 180 79 153 61 19 186 74 184 18 122 134 146 161 130 90 4 34 29 151 141 138 76 183 25 67 13 176 98 86 
127 119 149 32 115 4 17 144 113 118 155 151 70 154 79 156 165 166 94 64 177 15 114 175 8 188 63 171 90 120 99 179 100 50 167 21 199 30 136 184 126 13 34 54 176 112 121 138 140 41 
29 54 5 111 75 167 149 148 94 27 161 80 43 130 138 198 8 127 34 100 36 159 62 4 88 16 136 70 126 66 46 119 104 67 158 85 40 79 17 52 196 57 121 77 32 179 190 31 41 199 122 101 150 165 3 175 13 132 133 
122 61 178 183 40 76 30 120 4 88 7 73 100 182 175 189 63 36 118 53 131 45 75 196 191 48 27 144 136 54 114 135 179 5 58 47 37 9 33 111 87 17 168 107 143 49 19 150 2 14 169 42 
38 155 16 15 39 74 33 188 132 147 41 199 63 156 119 198 195 143 94 157 134 113 159 111 122 152 102 3 78 71 126 185 21 9 17 127 123 186 165 69 118 148 117 162 140 
18 51 166 184 189 7 47 25 137 143 158 136 169 102 59 10 123 85 77 173 49 171 62 152 111 70 133 155 110 72 97 87 4 149 82 176 187 30 116 86 93 146 2 142 1 157 160 41 180 167 198 196 5 79 135 66 99 153 
153 109 30 44 100 103 53 144 84 186 171 48 37 165 86 40 184 154 68 108 13 71 105 92 104 130 188 83 170 115 94 137 134 24 91 21 146 2 181 70 151 20 6 156 145 31 73 
187 13 61 14 137 140 188 96 176 59 22 133 62 94 164 129 161 163 105 152 70 126 82 28 6 9 90 25 19 78 43 24 114 21 127 138 142 67 162 75 37 153 118 39 7 148 74 92 160 108 32 136 135 99 198 52 107 200 42 103 58 87 102 185 134 4 124 149 189 
170 126 138 66 135 100 198 88 194 12 156 111 24 131 6 187 83 58 182 104 1 166 179 70 92 114 128 169 65 161 54 41 117 50 23 191 13 171 46 34 149 18 163 89 113 32 107 81 
131 173 168 4 182 46 99 195 17 156 107 89 61 40 186 181 144 126 84 44 141 123 169 76 28 18 179 6 198 150 200 112 81 164 15 32 137 127 104 87 25 31 45 26 152 71 111 69 132 77 165 178 187 124 114 
71 113 51 69 124 1 52 142 200 31 29 74 40 49 5 138 82 136 158 11 196 59 128 134 64 180 156 61 160 36 91 43 187 86 33 35 149 191 76 34 133 125 32 79 66 81 87 170 161 145 72 19 20 126 103 95 17 159 38 111 151 
199 155 100 93 181 24 58 175 17 166 83 73 180 124 84 165 172 186 176 46 111 90 16 54 194 112 12 162 87 150 85 139 109 138 136 197 99 35 169 167 86 80 59 131 195 89 159 7 
195 66 189 83 113 106 110 55 89 69 37 128 60 174 53 90 146 162 197 15 51 47 31 25 169 49 153 101 112 130 140 107 171 114 192 148 164 97 74 20 46 24 7 5 67 134 81 71 29 131 32 178 183 166 138 
40 79 27 29 180 70 153 119 141 66 146 76 62 174 34 52 14 102 114 172 106 127 71 158 115 125 74 31 137 147 75 37 83 99 17 85 39 35 53 104 105 6 51 97 55 2 164 87 132 86 157 9 196 
194 141 14 175 183 199 131 144 92 5 82 180 134 35 2 96 13 120 46 167 148 117 159 100 8 16 44 85 83 62 74 70 49 196 200 80 158 6 121 38 12 162 64 164 193 110 104 119 174 160 51 140 52 186 173 17 178 181 15 171 168 59 99 
87 12 146 7 158 33 37 52 23 51 123 186 148 163 194 34 105 17 66 24 180 168 6 75 182 159 126 137 157 166 181 140 131 128 100 1 54 59 35 120 127 109 47 45 170 26 
118 42 148 86 104 37 56 114 49 4 134 165 140 31 141 23 82 106 133 58 177 99 109 53 143 111 191 112 117 64 119 142 57 45 196 47 125 65 80 28 67 87 182 169 147 84 97 90 174 187 167 91 30 120 100 51 25 54 
23 39 42 152 49 114 166 106 190 31 139 68 62 125 165 36 140 178 21 181 183 119 137 19 187 5 4 112 147 75 83 185 182 180 108 9 170 142 55 87 67 93 64 191 117 24 48 90 199 123 111 
68 33 83 81 153 87 101 27 92 18 192 107 185 131 159 194 102 26 58 61 198 28 34 103 160 152 41 183 89 172 120 19 29 129 25 122 138 64 16 168 136 70 199 191 125 118 
89 54 179 150 60 24 80 3 100 63 173 28 12 64 176 117 175 155 107 154 108 177 145 148 199 11 33 86 106 128 196 15 75 104 82 7 29 40 88 92 
159 110 86 13 180 46 51 67 200 1 132 109 112 6 5 122 168 185 12 192 11 191 61 3 116 8 55 58 165 33 77 188 16 147 91 108 25 163 68 69 143 197 144 53 75 9 
113 139 33 27 168 83 182 191 192 110 46 199 163 124 10 24 196 187 193 169 12 153 154 122 15 119 32 128 16 125 177 63 189 166 26 181 98 45 174 148 188 118 66 160 68 29 48 121 25 81 42 145 
114 158 162 56 95 106 100 57 134 190 165 16 84 138 44 3 83 123 145 130 198 88 119 179 79 81 172 168 133 112 13 6 166 20 15 70 156 160 80 62 103 14 4 40 187 67 47 97 169 164 157 167 193 55 
175 58 37 183 159 8 23 71 139 96 185 115 126 3 86 11 50 7 56 138 176 65 147 22 48 120 9 112 108 132 137 33 2 145 152 164 4 85 32 184 162 194 40 76 179 156 93 117 142 80 61 95 15 
37 58 6 18 142 116 186 27 75 122 190 168 99 41 137 65 61 171 114 117 185 191 126 60 42 25 159 110 68 183 195 106 34 73 147 124 175 192 96 170 189 180 86 33 181 80 48 45 55 9 16 63 120 91 140 105 69 132 52 193 
4 36 151 154 11 60 167 2 150 164 169 75 118 50 94 136 26 141 105 146 185 69 113 148 140 25 142 52 55 101 117 44 115 155 86 100 24 19 168 182 
113 169 156 82 64 95 111 101 36 197 8 93 35 59 154 128 78 146 40 5 80 11 115 70 199 135 106 137 103 148 183 191 6 200 57 9 152 20 97 120 26 147 66 117 143 98 158 178 121 150 30 94 112 74 88 76 28 91 99 
93 125 127 134 181 63 14 144 35 154 74 108 200 36 31 187 163 46 82 170 116 115 189 123 86 72 52 141 27 103 62 190 91 117 133 87 57 153 136 119 147 37 92 188 94 79 70 23 
200 176 132 80 111 122 146 15 128 88 38 18 84 144 27 5 191 45 145 121 143 118 189 42 110 112 69 91 180 186 102 94 12 165 133 62 53 117 16 156 65 104 4 197 10 120 32 17 155 139 
127 52 64 11 121 138 26 179 72 27 86 199 74 156 45 180 144 133 53 50 73 82 68 170 196 168 79 75 91 186 146 167 104 164 162 59 98 150 185 94 149 60 188 131 87 56 10 159 31 96 21 
122 45 157 180 110 7 41 134 10 195 111 67 124 114 19 75 3 32 190 9 177 14 51 135 117 13 125 86 102 89 162 91 127 156 47 85 80 37 54 189 18 61 28 181 155 78 39 6 126 53 30 
46 149 12 99 75 28 124 175 6 71 19 56 80 9 93 137 104 70 152 110 123 65 166 126 190 67 68 43 154 145 155 84 194 29 170 23 108 153 25 81 106 22 109 135 174 24 58 198 1 10 119 157 76 163 87 187 162 167 74 
126 156 133 100 21 191 25 197 97 144 168 117 60 177 63 80 41 174 50 135 76 44 134 186 192 127 90 22 6 45 170 74 47 54 115 107 31 187 162 5 12 184 48 143 120 99 161 
51 78 107 37 77 173 198 126 176 3 11 157 113 29 99 138 161 104 159 142 97 67 81 82 5 191 41 152 115 155 108 35 26 175 154 199 25 30 170 194 33 21 114 130 70 64 76 136 85 61 
139 116 166 157 27 183 178 48 51 54 119 179 69 18 138 43 171 190 95 108 137 102 53 10 74 152 35 124 96 199 185 188 61 60 111 58 130 107 101 142 106 113 191 76 150 29 
6 101 157 131 42 183 68 9 146 192 116 141 129 18 194 62 138 44 38 94 120 97 85 164 105 170 171 133 20 63 74 59 93 132 36 190 58 24 199 60 186 181 64 200 83 
160 148 183 34 26 101 167 116 145 4 115 185 75 77 36 14 109 198 195 189 166 84 171 78 139 76 102 123 122 2 138 125 89 50 91 100 96 24 73 136 110 172 135 11 93 80 90 150 169 180 38 
151 44 6 49 123 134 162 86 130 57 97 127 93 114 96 190 192 137 55 53 15 32 200 148 159 38 184 136 31 169 17 89 193 18 126 12 104 33 153 150 161 29 149 78 133 
45 77 166 175 3 58 39 112 20 24 41 126 103 6 125 114 99 72 2 147 122 38 64 102 46 86 89 135 146 81 174 191 100 136 18 162 53 98 164 22 36 189 79 27 131 42 28 157 124 26 56 60 75 129 117 90 
171 48 180 53 111 31 162 120 200 46 39 139 96 24 186 58 13 71 181 117 26 161 84 41 54 156 193 154 169 34 27 118 40 151 141 2 150 52 105 159 112 95 115 147 62 182 45 28 163 109 
168 196 146 119 199 112 37 53 136 48 45 46 50 10 129 96 89 67 135 121 81 105 80 113 58 155 101 144 54 191 147 66 83 166 71 68 73 75 100 160 149 3 190 139 173 52 69 64 90 184 57 103 99 93 
28 103 94 72 102 95 35 183 180 98 17 8 162 152 186 15 189 90 41 192 155 99 68 66 111 60 62 198 116 190 110 14 147 184 120 149 46 135 65 13 166 
179 81 99 35 177 114 181 76 7 172 144 94 158 119 133 9 65 143 163 39 46 106 128 115 117 107 74 57 173 51 160 97 154 136 92 183 127 17 105 141 195 4 174 151 200 79 72 155 
88 141 196 29 179 184 137 99 122 71 38 162 21 68 147 60 17 70 194 110 40 167 131 166 198 91 4 168 59 115 90 160 128 2 89 80 116 158 123 176 9 117 93 
49 78 64 46 141 26 12 106 160 109 17 65 187 129 111 38 95 196 44 58 131 198 69 75 94 116 11 179 52 136 91 24 74 190 56 87 170 68 41 61 149 199 135 137 189 54 175 60 32 152 62 143 186 185 
2 173 101 194 143 49 75 61 191 140 151 157 58 171 84 34 31 98 175 141 135 4 115 164 27 44 138 150 129 30 168 78 76 64 159 174 108 114 121 178 196 68 166 152 107 14 111 197 92 104 
109 119 101 116 24 15 132 120 106 183 190 70 37 149 76 3 133 111 118 41 104 136 198 139 107 9 20 83 91 174 27 114 142 158 48 4 18 44 199 36 138 10 78 84 197 64 17 140 46 186 105 51 
90 14 50 103 83 57 114 132 73 60 184 2 79 171 115 70 42 197 173 72 198 15 38 59 41 49 155 37 144 148 31 109 54 123 105 140 1 145 143 48 4 141 108 47 78 125 
106 156 86 177 193 8 36 132 92 38 89 98 84 115 96 67 85 112 124 81 65 66 61 120 168 152 185 183 180 43 78 20 21 10 90 26 200 160 153 94 198 163 15 107 196 2 199 101 123 91 136 82 125 
134 11 68 155 31 53 139 87 167 149 67 124 58 83 143 128 101 39 120 147 114 121 164 26 88 112 17 78 130 76 186 102 21 89 96 22 175 62 169 160 19 14 104 99 125 50 16 85 51 185 41 182 6 86 200 187 94 133 110 52 
131 43 76 1 67 154 47 21 40 49 146 191 180 152 199 51 115 158 132 120 74 161 166 55 168 31 169 59 164 66 2 41 64 117 78 33 171 81 159 181 4 153 65 68 188 150 187 186 124 128 90 183 
84 58 97 16 192 174 164 160 83 51 30 143 8 112 171 46 19 186 61 190 65 38 104 60 36 71 35 67 117 88 199 142 105 85 28 149 1 118 53 110 6 77 193 120 99 147 4 86 40 172 54 
177 153 49 4 174 7 139 103 81 133 141 100 63 99 147 65 38 124 140 39 181 27 179 148 3 91 40 122 149 142 8 92 132 117 89 121 164 190 172 36 29 151 169 73 114 165 50 16 
125 38 78 141 81 43 88 90 15 84 149 83 82 44 49 98 193 158 46 3 77 66 200 17 168 137 56 118 64 86 40 165 12 79 10 131 37 54 61 4 130 185 92 109 1 80 8 117 57 152 
106 159 198 160 51 34 196 109 55 35 70 84 90 15 53 139 145 148 167 179 168 86 63 123 124 117 25 7 162 2 4 119 83 176 155 32 133 6 58 97 178 85 177 172 69 161 33 46 94 174 185 122 135 99 9 132 37 
6 199 98 15 92 111 5 95 116 132 44 79 42 32 20 119 83 77 23 179 59 105 93 138 38 121 16 80 41 19 127 58 45 53 162 81 163 130 47 76 52 94 114 88 18 89 57 29 61 1 112 64 126 
180 22 29 153 65 86 17 34 68 83 35 150 4 89 9 10 111 75 85 127 160 199 102 18 57 91 36 132 88 141 53 118 187 93 66 155 131 148 146 7 87 177 167 104 144 151 121 26 1 184 74 122 125 115 
146 141 22 166 121 112 14 184 2 159 19 179 20 73 132 82 175 126 182 59 115 164 77 185 86 33 200 17 198 170 124 1 38 135 83 72 85 27 12 50 69 49 45 139 111 153 56 8 168 89 87 
139 134 130 11 13 131 135 187 153 26 113 158 85 170 167 175 43 66 28 77 109 65 155 169 54 34 63 73 10 56 150 51 72 79 16 188 176 132 70 101 184 164 57 163 125 103 160 128 119 185 124 35 104 15 142 181 
96 135 67 136 119 147 6 13 33 39 37 58 168 99 86 40 131 162 64 14 121 34 69 57 113 83 31 193 115 146 77 97 159 36 160 68 98 149 122 107 192 194 118 108 7 183 89 126 171 52 109 132 176 
137 70 59 139 167 97 9 45 19 179 88 86 183 200 143 184 174 10 65 22 125 42 181 120 118 173 16 127 24 20 116 192 82 17 109 46 168 73 99 145 154 141 28 79 134 7 40 34 142 
38 157 14 115 194 111 122 161 93 149 71 48 169 174 173 74 82 183 53 83 18 12 160 185 144 118 56 99 134 39 145 116 52 124 188 9 146 15 33 49 92 36 155 176 
52 32 12 128 31 96 47 1 189 182 123 195 183 38 121 46 9 152 95 164 146 37 184 86 67 82 28 93 104 34 77 132 57 162 22 161 
63 129 157 170 199 143 155 77 44 68 97 35 124 93 56 6 188 50 46 102 105 192 90 152 53 108 94 74 76 115 4 119 109 150 10 42 82 11 29 171 69 187 182 
21 198 126 10 164 194 93 23 41 156 155 141 48 171 82 70 162 89 170 161 124 131 67 175 58 195 30 103 152 199 123 76 44 71 185 74 65 73 49 33 77 122 55 196 142 148 88 92 1 
90 112 191 69 133 100 121 43 73 34 174 180 82 141 91 19 179 198 76 111 78 50 167 193 154 148 104 143 155 3 39 61 70 23 124 134 75 185 188 189 113 66 9 168 159 129 94 
133 193 73 57 60 117 44 9 89 198 108 192 153 110 181 129 178 186 7 75 90 169 65 62 39 13 92 138 70 83 51 47 97 111 27 100 164 38 101 191 143 168 78 115 171 53 30 34 102 95 121 41 93 11 187 200 197 
82 142 11 200 48 39 73 195 57 96 28 30 47 186 72 93 49 111 45 131 17 191 35 46 158 126 16 76 99 25 12 185 98 162 189 69 129 37 70 65 2 92 33 152 42 1 164 38 166 140 21 193 61 
89 86 61 5 23 54 94 39 48 144 186 55 60 113 47 180 21 14 136 188 28 50 49 35 176 25 76 101 200 124 181 127 192 185 90 164 1 155 46 69 122 52 41 119 37 
175 119 10 37 92 1 139 3 43 144 167 57 27 50 25 93 132 47 165 73 41 108 129 2 33 55 187 185 181 162 118 133 96 154 109 36 45 64 13 153 112 58 4 152 74 103 100 164 111 170 113 94 180 190 34 
66 184 125 199 8 134 47 60 78 146 103 77 140 190 179 37 160 26 110 68 166 11 34 69 33 139 192 22 127 75 138 158 42 124 54 151 123 115 53 98 86 149 14 104 121 175 105 200 82 80 178 130 120 183 99 
121 8 59 131 42 56 134 92 99 16 90 176 106 149 160 82 5 1 2 18 28 125 145 76 152 4 140 170 124 192 69 25 40 10 188 178 179 13 137 98 198 54 91 31 189 3 19 116 162 168 119 36 127 17 75 
149 159 126 81 191 53 74 51 79 100 70 14 127 77 172 71 106 58 30 125 118 83 29 40 109 66 173 113 167 131 9 46 193 101 17 42 64 73 135 192 16 102 119 8 96 
110 82 187 146 68 18 128 11 198 43 124 29 13 37 52 156 40 6 122 188 55 194 171 172 170 134 22 65 180 97 103 133 189 144 192 158 127 169 145 113 160 8 53 104 152 36 48 3 136 20 2 184 81 9 151 31 
166 17 104 96 93 42 73 167 151 77 82 66 41 172 187 16 194 150 47 170 115 157 1 116 43 103 142 183 21 133 46 110 88 168 147 95 111 180 19 5 74 94 34 7 153 
107 130 192 133 80 168 117 9 33 178 146 167 134 52 41 62 154 158 81 194 79 42 163 65 24 103 5 31 7 69 87 177 90 193 128 171 164 50 139 38 179 135 23 127 159 25 195 20 68 104 114 175 16 72 174 56 94 144 
34 121 76 21 73 178 44 99 103 89 124 125 138 145 177 43 72 30 90 159 188 6 142 197 139 134 176 151 149 62 160 80 94 86 110 38 19 93 114 192 161 190 154 119 45 116 196 198 41 156 
10 168 38 77 183 118 31 80 63 199 141 100 79 127 84 45 91 47 97 59 173 131 102 37 179 126 137 106 98 115 154 44 132 58 73 24 117 85 15 52 120 76 8 166 159 18 142 119 105 34 43 196 176 184 25 46 160 
186 18 27 99 139 116 114 17 73 33 175 92 130 168 46 178 111 7 198 131 14 137 90 87 190 183 197 173 144 171 45 52 15 104 65 56 160 26 68 20 93 103 101 39 181 117 67 57 3 30 
117 113 138 146 192 177 172 154 11 2 83 140 34 14 107 32 175 122 7 61 57 131 134 93 76 137 151 5 94 148 43 15 60 28 181 82 115 183 72 
198 188 7 28 140 87 150 192 10 145 141 107 47 127 82 13 75 74 53 162 61 191 137 112 41 84 144 36 72 154 147 186 193 179 132 77 26 100 151 200 58 50 17 180 161 85 32 5 156 63 134 34 25 91 
143 28 108 128 25 72 126 190 13 155 200 39 41 134 195 95 182 197 100 160 69 138 88 107 62 136 130 127 144 85 150 3 49 177 11 148 70 63 103 77 175 60 23 120 15 199 104 131 113 118 46 45 142 176 
173 68 183 78 73 178 39 13 22 80 131 161 151 142 62 176 128 1 170 182 180 64 181 36 6 134 130 193 169 81 15 17 20 189 58 185 53 8 196 71 108 69 190 198 145 24 147 186 5 122 
26 192 18 90 96 199 124 75 88 85 147 49 1 21 36 56 68 132 149 175 38 107 176 158 161 177 31 65 37 134 185 58 163 131 29 28 33 101 93 27 24 182 97 196 198 190 169 
13 118 4 64 35 51 5 1 68 185 90 9 70 34 198 183 61 125 174 98 7 67 12 79 121 169 6 143 141 74 86 69 171 46 145 105 37 155 133 30 184 124 128 20 153 
174 42 196 199 84 105 172 114 39 77 122 140 108 16 91 43 87 47 86 134 70 191 200 152 185 119 73 13 27 177 65 31 22 71 104 146 121 83 11 109 
158 38 164 113 25 112 62 120 54 36 192 50 155 102 131 103 186 61 115 197 150 174 92 51 129 124 187 10 198 126 195 193 139 37 85 109 41 123 69 63 60 154 153 
10 41 198 74 83 156 122 36 4 130 58 191 28 138 37 25 15 136 46 64 39 108 79 76 69 196 176 142 45 200 14 157 121 57 43 155 51 186 94 73 188 
146 42 1 73 157 174 143 200 167 196 90 190 29 156 154 62 115 192 51 118 158 23 132 80 114 48 24 193 61 26 106 141 34 119 128 112 176 35 83 164 36 103 151 197 47 117 108 153 82 175 186 183 194 188 59 71 181 4 
129 36 35 38 69 114 65 191 143 54 85 6 99 128 124 166 100 20 160 111 180 145 144 41 193 86 127 158 34 32 49 109 187 93 150 33 161 139 165 154 2 62 76 3 112 46 200 131 75 156 94 10 121 195 136 174 173 107 
138 167 51 36 195 84 72 43 90 137 197 99 191 9 152 199 55 40 56 159 119 120 177 106 130 96 26 158 180 89 147 98 124 22 21 32 198 145 48 1 178 5 117 190 80 176 37 92 59 27 46 60 136 95 149 163 170 