200
171 179 132 136 42 26 105 65 153 9 50 109 48 61 112 13 160 15 152 172 76 194 157 56 155 151 89 178 25 116 130 181 16 80 123 72 40 175 79 5 97 73 
21 18 192 168 56 10 196 11 103 185 115 117 127 152 26 110 96 100 13 107 150 104 85 84 146 156 131 35 79 57 166 141 174 91 28 37 136 181 76 124 114 191 45 163 68 183 40 42 94 162 46 157 90 53 120 93 
43 54 137 106 49 21 199 7 88 10 73 85 33 197 116 118 64 61 148 23 157 136 35 177 58 155 12 81 102 96 144 72 80 105 31 173 122 184 166 191 48 186 195 70 112 38 159 152 139 110 108 
156 171 143 49 95 96 58 24 131 40 13 142 198 63 166 37 140 139 145 53 64 173 72 165 97 147 174 103 22 100 51 135 161 160 125 92 38 91 106 79 112 17 130 75 65 
25 135 131 107 43 144 105 124 112 178 158 125 24 138 76 12 63 66 49 7 16 27 88 115 181 162 166 110 117 86 1 109 60 9 20 57 169 50 127 157 123 149 75 182 130 193 168 73 154 42 
47 128 59 44 119 163 15 115 198 116 130 199 138 146 45 157 167 191 161 61 35 18 76 117 175 126 82 16 112 176 30 36 50 88 134 31 87 43 192 131 147 22 53 137 46 
50 42 87 138 58 171 114 89 63 167 118 53 40 60 165 157 8 150 64 123 13 80 173 152 109 161 160 101 127 112 35 5 170 67 14 26 59 81 120 88 179 72 102 43 122 65 18 193 86 190 82 105 3 36 25 142 27 
114 176 53 94 59 79 113 19 31 140 106 195 65 135 191 24 196 197 58 167 111 100 199 28 127 7 200 57 182 118 52 124 67 194 128 189 186 151 66 147 155 18 34 132 160 50 80 73 82 198 37 25 146 22 130 134 126 62 117 
128 111 49 89 80 44 19 114 75 166 18 175 180 165 190 141 131 155 136 149 16 127 96 41 93 196 152 174 5 150 164 193 68 118 86 99 198 79 106 64 154 105 138 95 197 112 55 1 140 14 69 15 134 32 139 20 
110 162 53 82 167 37 106 172 46 30 13 159 86 95 130 43 169 83 2 33 124 3 145 27 20 68 113 166 71 92 102 149 51 146 154 94 15 109 177 41 184 192 17 
16 103 149 70 200 67 77 173 146 81 156 121 184 51 189 40 66 44 140 169 129 2 59 72 21 54 138 82 112 120 197 155 113 96 196 133 119 130 91 141 56 117 98 12 71 17 136 126 199 52 33 43 50 97 
69 14 190 25 11 182 150 126 147 194 176 84 46 110 54 33 111 78 96 51 143 116 114 169 122 49 3 98 83 178 35 42 40 161 129 66 55 89 47 164 5 90 34 59 87 
147 134 137 150 110 138 158 198 188 10 159 62 7 127 65 59 4 145 47 26 31 192 76 39 1 51 30 176 19 129 144 139 53 162 37 97 199 98 173 81 130 86 85 46 2 87 123 191 84 
137 151 126 23 47 66 139 162 157 186 7 76 125 154 156 37 112 133 181 20 81 78 40 141 43 38 153 192 67 35 187 48 128 200 41 62 9 168 127 19 193 190 31 24 109 160 91 12 77 131 175 143 159 
128 22 93 49 191 20 58 109 148 1 30 168 200 187 161 154 79 89 37 120 6 141 199 86 42 97 117 113 50 66 171 61 9 190 111 10 142 84 71 43 164 78 
94 127 21 67 32 135 5 103 1 11 166 179 64 20 33 131 132 186 165 25 40 95 123 18 133 130 39 162 9 6 83 53 171 153 188 34 138 126 196 59 182 152 44 36 86 176 137 99 106 82 151 56 189 163 77 142 156 43 146 104 180 62 
155 129 134 133 194 135 22 60 42 67 78 172 34 138 82 126 18 23 10 157 185 25 54 11 4 58 196 86 161 29 124 170 199 79 153 150 20 176 89 111 87 117 148 56 118 30 104 43 101 
17 141 195 57 50 82 2 180 142 49 26 22 123 55 48 46 31 198 53 7 107 160 6 190 62 16 189 191 36 8 97 65 85 9 68 101 154 25 197 137 188 115 145 136 163 20 35 73 
178 173 154 9 102 114 180 184 123 8 195 126 112 43 35 51 70 105 161 121 91 137 181 36 37 120 190 13 171 131 140 54 94 99 25 192 38 166 78 14 174 46 61 52 168 58 
131 94 45 40 118 10 103 125 83 116 49 149 77 68 50 17 43 29 87 27 52 15 124 148 38 119 129 183 9 153 16 161 139 189 122 173 62 105 31 121 159 132 5 66 108 56 18 89 75 104 164 107 133 137 32 14 86 
113 156 190 61 43 64 16 24 183 116 176 78 186 146 33 52 107 60 185 59 127 101 112 170 69 159 140 11 148 162 192 122 2 74 123 104 63 32 137 47 105 91 181 196 29 142 89 3 
90 72 162 126 117 157 188 30 15 139 147 197 102 167 125 46 6 4 39 114 51 160 196 18 96 144 98 156 138 168 187 91 118 119 61 67 112 130 194 195 41 73 191 17 23 149 106 109 78 135 186 89 45 129 47 153 8 40 198 57 
195 183 118 115 154 161 123 199 69 81 197 68 181 53 124 190 89 163 41 59 97 138 14 180 179 128 177 22 110 145 45 17 130 100 125 142 63 150 31 191 111 3 105 99 189 132 106 91 194 165 
4 26 68 52 89 100 186 196 21 123 43 118 38 83 194 74 177 27 182 133 124 8 80 127 14 94 5 81 125 41 101 135 155 169 65 179 31 45 29 73 111 57 200 183 176 66 117 
161 59 19 7 12 119 106 163 121 107 170 52 5 184 79 186 159 105 138 51 183 189 151 125 130 117 111 191 35 16 197 86 29 84 34 131 76 17 1 175 90 18 72 98 64 148 71 26 162 128 8 169 182 155 181 75 139 
185 34 38 59 148 102 144 198 41 195 62 193 178 183 83 66 27 18 80 74 170 164 7 136 188 186 91 55 28 25 109 173 87 85 1 166 13 50 48 2 24 67 184 86 122 81 120 75 163 
82 110 102 113 5 40 53 24 148 195 149 31 57 140 171 10 115 74 26 186 43 176 68 35 56 161 125 52 141 7 96 46 104 114 20 178 87 165 183 64 118 97 168 173 
79 2 101 149 26 152 40 66 199 161 52 148 139 84 120 71 132 60 75 59 150 164 181 99 54 127 111 140 110 122 151 56 159 133 44 31 115 158 130 171 167 34 135 176 8 172 49 174 
121 197 73 44 34 187 142 77 58 104 105 136 163 118 47 17 195 25 148 174 154 24 68 81 20 117 165 200 166 100 87 152 36 106 139 71 21 66 147 94 109 53 
37 177 146 15 70 113 97 10 179 176 117 160 129 132 82 157 144 36 22 6 191 159 88 180 149 84 75 17 122 80 109 102 13 94 163 77 183 154 98 116 44 
27 157 28 183 64 133 182 88 150 8 43 49 13 116 3 47 6 86 132 45 90 153 190 176 173 158 121 107 23 38 142 167 24 175 148 151 91 55 174 65 102 99 127 96 46 104 18 56 20 191 181 14 120 192 103 
72 170 102 200 106 98 171 87 195 20 132 165 84 168 9 147 81 64 131 119 112 61 146 128 114 129 70 108 74 182 118 179 141 192 66 161 124 136 100 86 91 79 96 133 101 38 174 176 58 16 21 76 36 39 97 
54 111 130 10 193 131 120 3 128 196 183 132 141 126 145 83 165 149 178 102 16 115 180 109 140 200 53 103 197 173 92 63 190 21 45 134 58 156 11 94 184 12 76 168 143 107 164 49 121 189 37 191 42 
117 119 16 133 64 75 172 120 176 87 135 131 162 118 25 92 8 134 41 83 169 12 107 193 28 29 141 69 114 47 150 96 108 17 66 102 26 136 149 
7 174 96 57 133 18 2 150 86 113 64 121 63 187 193 144 142 77 72 46 83 12 3 36 188 137 19 155 186 178 105 95 148 43 192 197 47 6 88 185 120 129 55 128 134 181 180 14 25 196 68 27 102 44 81 
30 107 63 83 32 81 42 172 94 16 91 116 165 105 153 140 35 187 125 87 142 76 41 85 180 64 179 198 108 103 114 39 161 19 44 141 194 135 7 170 146 155 18 29 112 6 72 148 
86 44 8 189 154 188 198 180 30 187 39 158 58 38 49 59 196 52 4 116 10 2 13 114 62 33 140 118 71 179 64 131 19 182 85 15 155 200 78 43 53 171 14 
152 37 26 14 150 128 99 123 31 108 166 20 19 75 32 106 90 154 118 126 110 129 173 61 116 178 149 167 192 47 161 135 183 59 111 124 3 4 185 136 78 138 79 44 133 122 24 146 43 
56 130 54 144 16 194 75 32 127 188 89 184 63 157 151 167 148 102 169 98 153 181 116 160 109 108 105 163 124 161 77 37 13 110 52 43 22 66 70 36 171 78 69 51 141 117 138 103 145 47 
16 84 64 200 43 148 197 44 172 171 7 110 85 57 28 27 119 133 63 4 47 159 187 134 176 14 115 181 11 12 2 155 1 80 122 156 61 150 123 147 106 160 78 22 143 131 132 102 20 194 
165 22 146 138 66 36 125 130 160 198 64 127 154 9 105 103 23 10 173 81 61 94 135 184 69 172 14 60 129 57 68 26 92 87 140 24 134 43 49 34 96 167 133 
80 2 78 77 110 7 48 163 108 12 5 1 197 147 95 193 178 125 134 71 17 194 127 200 91 36 56 114 122 162 15 68 109 179 111 145 83 92 129 98 33 
197 27 198 16 6 72 174 67 41 91 5 71 83 92 98 7 165 154 103 105 24 127 11 35 19 86 20 133 188 148 31 94 104 17 189 76 180 79 14 3 101 196 21 163 173 39 138 38 187 82 54 10 183 66 108 40 48 53 185 63 37 78 15 125 
169 88 189 109 179 114 194 29 94 11 9 111 6 186 59 131 28 193 178 176 151 144 67 37 40 54 126 154 137 45 122 100 120 38 84 75 52 35 136 36 16 95 180 103 92 60 30 106 107 187 
159 141 68 176 197 44 120 31 46 78 161 129 150 86 170 70 188 164 116 183 165 184 103 2 55 33 102 156 6 24 20 94 115 62 22 125 151 147 172 53 174 80 143 114 160 167 65 51 50 56 108 23 
6 59 22 176 86 177 113 189 101 119 148 187 73 18 143 10 161 125 167 97 81 153 12 85 13 146 160 27 35 93 115 108 66 2 31 49 123 19 79 67 102 141 89 100 200 159 109 194 107 57 45 50 
112 198 122 106 83 12 60 22 169 71 13 34 91 127 191 31 68 105 84 129 136 29 40 35 151 139 184 14 186 85 39 116 73 66 38 6 158 108 147 97 163 104 21 196 156 174 102 118 195 164 114 128 
190 155 159 70 128 83 164 178 49 117 1 82 119 195 26 68 131 111 161 173 77 104 177 140 14 148 185 3 99 188 43 109 136 75 78 144 154 126 193 94 58 66 107 116 186 52 42 176 151 197 69 153 18 139 182 171 
112 58 46 87 18 104 9 41 174 84 170 117 28 96 33 71 4 67 109 12 183 37 72 173 175 103 113 149 132 119 20 74 179 5 137 125 15 199 147 78 85 155 54 48 166 90 143 31 128 163 184 136 3 50 198 146 
49 18 84 108 198 11 147 163 93 26 45 165 15 123 168 130 191 117 95 57 110 187 146 106 103 175 63 183 5 158 1 119 66 89 8 169 98 182 85 161 152 86 200 7 46 20 6 
143 154 25 53 11 141 4 152 114 90 138 165 101 128 137 166 126 39 45 157 19 100 192 122 12 22 85 74 109 183 10 116 55 193 167 13 95 76 153 151 176 200 
162 130 99 56 178 164 97 190 74 134 188 123 88 73 144 24 197 137 125 25 48 69 150 37 21 39 126 44 63 129 156 27 11 135 75 200 94 93 159 110 58 108 8 198 147 62 140 157 102 85 177 28 116 103 19 20 
191 192 61 100 188 45 153 133 151 92 18 37 131 172 23 16 77 125 51 64 6 43 58 65 154 29 27 4 7 91 105 104 63 8 13 179 67 170 160 137 71 60 2 54 165 69 89 173 10 163 178 33 
147 121 17 83 3 64 197 81 198 12 129 19 199 73 139 143 76 173 166 168 43 93 154 106 130 44 149 187 56 33 183 97 142 189 85 53 113 11 39 167 120 132 87 179 151 28 125 157 91 49 
64 60 173 62 91 18 87 35 113 81 183 85 45 92 26 82 9 190 181 192 31 165 154 86 188 147 101 51 80 149 161 118 106 177 187 189 12 182 71 
74 27 90 17 135 110 42 54 184 107 16 144 191 185 20 78 139 1 11 174 61 52 86 193 2 28 131 73 76 167 179 62 156 58 152 102 136 180 65 39 145 83 143 45 170 161 94 31 
22 106 107 93 120 35 153 91 89 5 121 27 24 160 116 162 179 76 185 134 157 18 183 123 196 8 80 188 135 81 174 124 63 58 176 97 118 2 161 180 50 40 166 46 132 83 41 
170 52 172 17 71 108 3 184 186 166 127 105 15 57 77 171 167 72 19 160 113 106 168 8 56 177 7 199 37 66 110 147 98 49 62 169 157 109 75 33 48 104 88 188 89 32 197 189 4 87 29 53 119 81 
140 138 67 16 176 80 188 65 25 177 167 37 137 75 173 26 12 7 199 192 69 160 38 191 132 21 6 87 195 71 74 98 123 135 23 73 93 46 72 194 13 44 128 121 28 159 145 60 104 118 11 185 110 165 8 116 
131 17 104 128 86 5 190 139 153 114 59 136 99 90 170 198 62 64 7 133 63 144 175 53 41 101 169 124 55 194 148 126 122 172 186 47 84 143 199 164 191 28 174 44 109 21 177 166 
40 32 38 118 1 21 161 6 162 178 190 159 15 135 65 123 56 53 76 138 87 85 77 41 169 3 64 192 176 154 19 69 113 22 105 70 124 86 
140 173 129 193 177 18 186 116 136 16 74 175 66 192 20 189 58 88 45 121 13 56 153 14 187 194 60 135 26 123 197 37 119 96 55 103 8 64 191 158 138 52 109 113 144 170 137 108 73 
110 36 196 181 187 104 92 159 189 64 23 35 186 57 98 21 160 82 5 43 76 132 101 141 117 74 66 144 52 60 7 78 65 33 127 145 39 4 53 100 73 165 88 50 40 112 113 
140 9 34 25 16 55 139 153 68 78 115 7 166 32 147 90 200 37 53 136 123 163 41 182 66 65 60 21 118 196 4 137 161 167 63 157 127 62 134 31 107 61 76 35 128 198 103 85 67 27 184 164 3 54 177 36 40 175 
61 4 64 67 109 13 24 90 18 53 149 158 193 123 187 107 127 77 7 140 188 56 81 31 125 8 59 69 100 150 98 131 92 143 199 106 63 1 45 198 84 
169 178 149 63 14 191 34 26 50 28 20 47 185 62 197 122 48 187 99 144 24 124 67 181 29 155 95 32 58 41 106 134 177 12 46 8 5 119 71 162 176 39 131 11 183 171 159 130 15 161 128 118 86 64 43 
17 199 76 49 53 7 59 8 16 66 22 132 46 93 11 74 193 147 180 92 44 75 188 155 26 68 43 148 166 106 107 84 97 120 153 100 103 14 160 178 156 64 129 65 175 140 145 
188 163 2 166 123 45 81 47 67 72 127 64 92 10 99 79 18 107 105 35 20 29 117 162 9 136 23 161 95 27 193 185 48 198 24 42 186 152 171 142 41 
48 163 144 23 84 53 79 108 167 99 12 61 34 191 70 153 180 113 90 157 162 181 142 192 134 127 21 83 118 182 82 110 183 41 165 131 143 135 65 187 39 71 77 176 52 171 59 9 126 132 95 75 102 168 123 74 
11 39 111 174 73 166 107 184 132 85 69 112 30 151 45 169 144 81 119 137 93 171 19 48 108 193 140 61 129 142 125 199 154 192 94 176 188 136 3 88 32 177 72 
137 162 132 191 29 144 99 78 112 37 66 90 84 95 103 55 10 96 119 153 25 77 109 130 151 101 94 152 58 69 147 47 195 28 49 59 118 15 11 149 42 97 111 114 179 154 43 53 
148 110 70 11 58 167 112 7 98 49 36 140 151 3 180 92 35 166 130 32 182 108 138 198 25 59 162 173 96 76 91 22 199 106 81 4 143 160 43 68 82 1 147 157 107 123 179 
24 184 132 119 70 167 1 54 81 52 22 46 47 88 185 5 150 96 176 62 111 63 126 18 165 136 103 79 78 172 190 8 29 125 59 133 3 107 195 56 192 93 110 
112 52 190 90 32 145 87 86 114 26 59 21 105 165 170 198 49 174 142 178 169 115 177 137 56 182 181 63 24 107 168 184 111 127 117 176 106 88 62 67 27 125 122 103 69 51 144 
180 26 4 194 30 156 5 67 102 145 9 199 163 139 39 25 34 105 111 197 160 52 157 107 94 137 58 59 177 141 159 44 161 77 169 38 20 28 113 173 126 122 48 91 69 170 129 81 
87 196 67 192 32 168 194 107 132 175 97 33 96 64 56 123 176 1 54 200 36 114 126 134 144 146 130 95 133 63 6 72 25 51 101 61 14 110 57 89 13 158 43 5 2 81 82 122 
69 183 35 42 101 86 61 65 48 162 143 198 53 110 122 187 90 188 182 109 144 138 84 174 30 16 192 163 11 119 71 39 58 113 20 128 141 75 155 133 14 29 150 
127 114 64 124 71 177 198 185 154 148 144 175 158 194 19 135 196 91 63 181 38 121 146 109 93 14 56 37 22 134 87 190 48 160 45 17 15 145 21 43 112 12 42 97 73 40 49 150 39 79 
8 15 128 131 141 171 95 193 38 2 25 4 155 68 145 146 46 116 190 43 125 103 157 86 140 150 78 154 115 89 17 120 73 32 122 28 160 178 117 105 137 69 138 88 187 164 126 106 119 9 107 121 1 
59 57 7 137 45 96 190 88 100 169 122 107 42 103 82 127 1 161 9 174 195 40 105 85 115 159 26 24 93 165 139 30 3 55 191 91 157 175 8 
14 144 199 110 127 92 32 54 26 141 126 174 76 3 171 101 113 108 181 11 68 91 73 75 72 175 197 36 134 23 120 41 193 165 70 29 7 86 35 112 151 124 103 184 55 125 105 24 140 46 57 169 180 83 65 155 58 13 
154 128 129 99 7 48 63 107 18 72 175 170 101 43 195 8 176 132 184 196 69 76 30 146 86 6 115 95 11 144 160 17 156 178 200 10 190 27 169 158 55 16 182 120 80 
150 99 69 98 172 124 119 57 185 136 156 117 198 26 193 12 190 85 81 139 16 91 90 200 106 129 56 173 194 160 54 116 167 42 20 36 33 108 161 24 103 153 111 184 35 48 168 143 186 171 10 34 110 47 43 174 
28 67 69 174 183 150 60 175 131 120 47 197 105 32 112 194 186 2 187 102 77 192 188 137 15 98 129 125 25 126 195 172 13 71 44 130 49 65 50 154 162 12 40 115 179 30 
3 26 47 151 152 40 130 196 55 54 122 80 64 94 49 104 36 100 121 90 18 101 52 157 2 61 83 120 37 189 70 13 134 50 46 126 51 87 127 154 
31 188 10 102 174 160 55 191 100 50 97 93 112 82 5 46 17 199 152 117 96 176 26 184 60 61 129 91 166 163 9 169 171 197 89 77 66 37 25 32 20 170 16 126 45 43 15 135 13 35 190 56 198 146 130 110 193 149 7 106 79 74 81 
55 95 34 78 125 6 109 169 88 189 76 12 165 96 29 58 7 26 149 36 179 136 32 61 85 133 74 140 20 166 91 101 17 110 190 123 134 108 59 102 49 54 27 137 103 112 163 131 13 173 41 
194 44 136 177 176 184 87 74 127 169 100 142 166 152 168 62 58 3 79 113 189 120 200 96 73 172 63 31 80 129 157 197 107 35 7 70 6 130 5 137 193 52 151 132 30 
152 127 22 137 21 46 171 98 99 58 100 131 113 39 50 1 142 162 9 17 7 79 12 24 118 76 198 128 168 57 173 153 115 117 157 166 132 86 111 182 15 146 93 108 149 101 94 196 141 145 53 185 23 187 143 20 
38 135 83 12 22 31 64 49 60 140 99 166 69 98 85 106 179 189 105 176 151 149 121 56 71 25 125 200 2 197 193 158 65 159 134 152 186 131 77 114 148 110 142 145 74 199 51 126 172 
118 101 43 14 144 138 26 92 11 53 190 78 47 187 140 72 83 21 86 125 87 124 54 123 185 22 122 80 42 57 4 95 189 2 31 143 126 99 32 173 196 163 23 198 119 75 141 55 81 150 134 19 156 160 161 162 36 
197 91 63 142 65 131 192 126 127 67 155 115 186 41 81 72 44 160 4 133 119 114 42 171 157 143 109 101 55 107 175 10 43 180 162 134 68 176 165 34 33 151 106 145 53 136 
166 59 52 177 89 80 101 67 57 191 198 132 142 193 95 133 54 148 107 98 70 50 176 2 151 86 73 118 46 147 171 187 186 116 174 78 173 9 15 
89 85 121 19 29 2 195 20 10 118 52 24 150 127 98 132 109 101 44 43 182 119 130 36 175 186 168 197 30 56 48 126 8 75 189 152 149 170 154 45 71 33 103 165 198 190 107 157 70 41 96 174 16 100 
51 178 162 9 42 96 91 71 164 93 198 196 114 149 165 110 87 116 160 66 145 50 126 82 183 10 101 4 79 69 68 35 108 76 167 99 163 44 118 16 142 
182 108 114 94 49 132 87 32 4 157 138 22 86 163 137 184 135 62 34 123 158 80 111 41 3 2 35 72 179 9 126 170 73 11 95 12 76 98 88 71 136 31 199 178 27 107 118 
164 182 47 155 78 153 52 120 71 46 138 131 105 1 186 13 150 4 195 116 129 148 108 162 192 176 156 98 152 169 67 76 15 161 171 143 54 30 27 23 141 158 86 57 32 11 18 106 
196 124 42 192 198 94 83 103 105 30 13 96 155 22 168 90 11 65 50 183 125 199 97 107 43 130 25 143 137 72 63 139 184 84 128 58 133 145 200 119 151 135 12 32 140 160 154 187 93 159 195 89 59 179 170 39 
114 23 16 91 68 134 19 170 69 128 52 31 199 82 181 164 90 89 138 156 60 66 154 178 95 183 182 83 131 120 48 71 198 172 38 28 179 152 147 193 139 9 176 
65 123 193 94 46 137 126 190 29 8 141 23 86 189 154 155 107 63 179 105 148 143 44 152 118 181 51 80 182 109 4 160 89 85 153 129 67 32 178 176 136 145 138 88 53 2 24 134 116 199 108 
138 159 17 169 63 92 18 185 175 151 28 105 46 143 125 51 133 76 82 89 77 121 148 182 91 43 95 21 55 126 149 132 157 81 163 177 87 85 32 71 93 60 7 94 24 134 
56 141 194 116 146 147 105 7 145 34 118 10 75 142 47 69 197 175 35 40 19 189 126 39 150 132 27 183 84 33 87 46 186 30 3 52 127 26 148 22 45 138 32 86 143 31 106 
164 160 50 36 31 114 154 79 49 134 185 186 62 71 158 11 87 64 81 43 83 94 197 182 41 167 73 52 67 44 190 2 128 16 20 80 74 115 117 98 4 33 198 196 189 39 45 181 183 151 
17 163 16 122 151 60 120 144 48 85 27 173 2 132 141 186 49 31 178 59 137 63 140 160 47 130 114 170 21 58 134 43 53 29 108 150 121 200 182 20 138 105 181 149 
80 101 174 98 61 143 161 200 21 53 182 39 114 58 126 47 90 185 97 68 41 3 79 123 197 121 113 25 157 23 137 155 74 147 7 29 9 153 183 100 159 148 5 115 102 19 43 116 81 1 36 151 119 75 84 20 104 141 162 35 
116 92 57 136 117 86 47 108 4 97 29 54 159 58 174 161 32 40 72 154 50 179 102 3 83 185 44 132 144 38 187 119 109 134 146 55 67 115 10 79 74 9 90 133 22 118 177 8 176 112 182 66 65 23 25 16 200 
196 70 74 25 46 122 20 124 57 165 94 93 82 67 5 173 197 158 121 72 100 79 80 138 44 98 88 76 48 145 18 68 65 2 96 36 21 150 34 73 92 192 120 146 33 194 75 64 56 151 159 31 127 189 
69 47 81 39 165 70 158 106 104 3 36 145 172 20 183 72 161 127 97 173 38 83 134 34 62 42 132 119 146 144 96 50 43 45 46 58 100 176 186 111 159 112 136 89 32 52 122 118 95 143 87 
44 159 123 100 71 5 1 113 134 78 77 51 62 58 7 60 29 118 190 199 179 162 87 14 150 15 22 48 175 200 10 33 49 164 65 143 30 176 92 94 42 142 106 148 26 191 39 111 172 46 
40 127 123 143 63 27 39 86 120 28 131 148 114 2 13 144 95 172 186 56 38 3 50 195 149 83 5 190 161 170 119 199 147 141 52 42 117 77 10 81 76 23 69 191 73 87 72 59 58 134 12 90 
189 71 25 193 33 73 70 89 126 83 12 9 74 44 23 138 38 24 48 168 120 28 15 109 149 184 135 75 130 17 113 117 162 96 127 194 199 8 198 108 182 116 42 159 186 
164 49 74 70 197 7 1 146 36 145 106 198 32 14 72 187 47 161 78 133 84 119 5 21 81 143 63 116 132 3 162 87 71 177 4 135 108 191 175 86 139 171 11 22 9 123 19 6 115 
188 21 75 164 61 200 128 105 77 63 27 89 127 182 136 35 148 171 88 62 119 151 54 109 58 10 168 49 30 81 11 8 55 130 46 180 185 69 143 133 111 173 15 
76 105 103 99 42 60 51 118 197 12 179 74 165 45 104 22 27 37 9 92 96 139 71 78 182 186 133 154 136 19 168 90 7 110 187 44 47 175 2 95 34 32 199 163 36 8 185 123 
132 169 46 92 105 144 18 194 117 64 79 106 27 82 2 23 5 159 154 142 89 84 28 40 119 6 74 145 171 103 112 156 45 191 143 184 199 197 33 121 192 80 
140 106 38 169 30 200 79 12 37 100 48 93 83 39 3 125 105 59 51 189 52 62 95 167 176 31 97 112 102 124 20 175 162 132 138 117 168 157 21 1 36 57 45 111 6 47 128 
89 48 173 115 119 184 24 158 6 194 17 39 103 151 8 5 159 141 189 74 143 30 29 11 15 106 138 123 2 160 188 25 110 63 79 186 83 196 86 150 34 125 22 111 49 50 163 116 147 192 132 171 68 175 
134 93 160 106 7 129 71 140 32 102 188 132 195 150 91 69 108 24 114 27 171 64 8 20 168 17 133 3 47 94 34 143 37 163 100 182 59 141 189 173 29 55 126 61 151 9 89 164 23 22 109 96 38 153 66 57 95 
70 142 91 34 135 146 189 163 106 83 32 117 198 50 112 66 22 71 20 48 168 46 120 40 131 73 141 94 156 159 160 129 181 151 77 128 155 113 11 108 98 105 49 110 79 25 6 92 115 62 58 
141 97 146 142 26 15 122 107 99 119 19 151 31 11 84 85 2 67 34 160 28 131 186 57 33 7 35 111 81 154 191 104 88 54 185 79 45 140 82 110 44 138 
131 107 129 35 139 132 57 151 79 166 197 199 94 187 85 19 54 168 163 105 115 31 165 148 33 29 175 184 104 62 59 149 20 133 101 152 25 126 78 90 181 185 11 
47 140 42 149 104 51 128 40 142 60 120 76 12 66 175 20 74 21 152 85 30 164 75 28 155 143 182 193 124 91 80 108 195 79 3 44 26 170 138 38 107 200 147 7 77 162 
171 149 38 134 40 61 13 18 57 59 64 96 7 68 186 165 24 87 114 109 16 23 169 166 127 65 105 52 137 72 146 69 91 162 112 200 117 21 100 124 76 1 62 5 110 189 46 50 19 154 
24 83 20 146 8 168 39 163 154 140 116 188 107 184 185 10 187 141 2 66 38 164 173 32 151 196 134 78 23 91 61 81 60 126 122 177 138 17 5 161 174 133 98 129 57 123 
133 42 153 98 65 41 132 53 81 87 138 73 189 46 27 168 45 25 23 4 187 173 90 22 74 190 49 101 91 70 116 167 43 171 24 162 79 156 52 117 150 54 197 36 193 84 5 134 20 14 185 
181 79 160 170 86 94 155 121 48 124 172 22 8 52 84 189 76 19 92 6 183 173 11 156 199 197 69 81 136 101 147 171 85 118 192 91 95 16 14 127 142 184 51 33 75 73 60 175 105 152 187 12 150 96 44 130 90 102 168 111 38 100 17 
149 63 173 42 85 165 41 80 199 107 123 113 153 94 58 108 138 2 88 5 126 68 163 21 156 157 198 7 74 145 28 189 9 92 39 8 81 111 64 43 13 69 187 175 102 78 148 65 47 110 31 24 89 141 14 16 178 
179 82 149 143 170 130 99 153 165 159 48 195 8 133 197 185 33 138 49 6 47 64 175 77 15 132 150 113 38 79 89 66 14 166 60 23 25 32 9 103 98 172 151 51 193 119 116 35 59 122 
148 84 22 82 164 118 70 124 83 119 88 30 137 11 86 100 67 121 141 42 38 54 41 132 32 35 75 17 162 13 52 173 130 147 12 20 62 169 45 192 47 170 97 
180 98 5 111 182 23 10 185 167 94 54 41 128 181 192 88 71 6 138 193 162 13 146 22 113 196 151 39 1 66 144 126 8 76 50 152 104 159 33 25 16 28 84 4 135 72 129 52 168 158 11 85 160 86 183 161 157 
37 121 9 99 198 110 135 149 34 32 4 178 79 89 196 25 56 141 164 60 92 185 160 65 16 6 44 87 14 20 40 156 2 90 66 175 5 69 97 33 48 53 120 84 119 187 143 19 137 199 
195 57 73 198 71 155 67 93 112 88 172 94 147 125 82 70 171 30 116 121 136 8 32 148 16 23 33 40 115 54 118 102 49 179 165 190 157 1 31 20 69 104 63 89 59 143 108 200 182 76 117 101 129 28 96 142 128 141 169 189 106 
153 17 73 134 194 43 158 24 34 112 175 60 125 176 31 20 106 35 40 11 28 101 93 145 165 92 121 199 113 196 32 53 77 114 118 98 41 124 14 128 38 150 16 186 87 76 
159 154 164 185 123 197 118 6 103 179 158 190 66 101 166 193 147 87 64 13 99 104 200 183 108 124 92 34 52 91 81 8 17 9 100 57 109 90 41 125 175 176 42 194 178 33 168 85 76 110 69 181 35 78 106 133 40 
175 166 90 56 183 197 61 158 131 112 16 161 22 38 24 174 165 169 4 130 34 196 28 52 36 59 57 86 140 69 98 5 17 139 8 111 181 187 193 96 78 141 41 184 119 177 62 167 
160 56 142 174 140 169 190 132 70 88 48 47 100 183 1 149 73 96 18 3 92 87 44 68 11 199 146 196 108 106 158 143 126 114 194 29 34 188 49 64 9 154 38 83 2 113 26 60 167 193 175 32 189 152 62 
131 59 51 6 153 105 49 196 80 16 192 62 53 44 158 3 52 89 96 84 100 79 20 148 195 70 147 19 185 13 35 14 123 166 167 64 71 176 104 87 75 129 150 18 88 198 179 180 98 74 21 
125 143 102 97 130 25 23 151 154 141 72 7 77 120 22 43 111 184 100 128 140 59 11 9 5 51 17 16 107 99 127 104 13 122 124 61 147 190 117 6 197 175 96 91 144 116 173 41 38 159 101 180 39 142 139 62 79 
48 149 166 197 172 20 187 13 138 29 22 4 56 142 141 99 157 156 54 196 152 135 75 14 60 25 83 64 167 47 3 9 98 80 183 112 184 28 182 121 114 
118 81 67 90 124 178 199 59 155 135 87 116 21 192 27 172 167 144 79 11 64 104 198 136 48 91 200 147 37 52 33 28 138 62 70 122 9 36 98 72 4 191 8 19 120 65 146 173 41 
188 9 124 79 33 110 119 105 91 15 164 129 131 100 63 154 104 102 11 171 14 127 169 139 138 75 135 77 117 39 120 45 34 147 27 142 97 32 132 18 118 81 198 152 2 89 36 168 51 46 
88 69 122 74 109 169 120 158 18 16 35 186 126 176 119 36 95 174 139 141 7 102 31 21 159 157 132 15 54 147 138 191 178 92 198 29 93 23 70 156 4 148 68 172 136 90 115 168 89 
182 98 14 101 91 112 176 138 77 172 12 183 131 117 118 4 161 109 193 33 154 158 165 180 54 110 122 89 136 40 46 45 105 196 100 113 128 146 65 200 92 60 155 108 97 49 157 115 149 72 132 69 102 83 51 56 
76 115 52 91 78 35 146 130 70 62 184 82 30 13 39 60 177 44 197 69 48 56 77 26 5 181 195 154 81 71 66 74 106 189 140 108 3 150 63 22 110 138 104 
95 108 98 176 100 4 63 171 18 163 184 67 90 159 79 102 115 127 92 33 23 177 78 181 39 182 56 107 42 89 162 153 74 59 200 151 13 112 75 168 197 10 133 
6 149 140 11 2 155 78 124 76 49 190 158 82 107 171 159 106 8 79 120 143 46 119 177 50 16 10 86 136 123 174 102 148 32 112 108 144 21 38 195 130 176 89 41 169 30 36 160 
177 54 152 182 170 6 132 49 55 134 99 42 58 164 22 71 47 52 117 161 67 129 4 141 126 172 142 180 179 45 13 50 168 105 162 8 102 137 157 40 12 122 29 32 64 110 140 93 72 138 
172 72 142 179 36 102 35 181 78 175 46 165 29 67 109 169 184 137 105 48 39 27 167 163 25 113 101 100 127 60 110 183 174 90 93 26 132 3 20 97 43 31 129 121 15 146 199 17 40 21 28 
101 38 136 5 104 165 10 156 11 20 121 127 155 128 110 95 71 87 122 146 90 183 111 22 89 123 143 86 161 65 9 94 28 30 131 54 175 139 179 66 49 55 27 33 152 34 
200 13 118 159 78 151 34 144 83 125 38 166 97 28 45 52 177 73 77 31 2 109 40 180 17 12 35 104 79 156 7 128 9 133 102 152 137 107 65 91 117 173 126 23 170 94 192 84 
145 166 45 120 72 93 103 81 39 128 54 158 107 25 98 195 176 113 167 47 88 101 48 124 85 90 8 14 121 150 16 188 71 119 105 181 183 1 51 130 117 28 118 70 53 31 182 92 184 44 138 104 
3 122 156 139 100 94 178 68 71 136 155 28 38 86 2 9 90 50 16 158 159 99 150 160 29 188 147 126 149 85 130 141 88 97 165 194 170 1 7 56 89 121 51 
170 67 128 164 97 125 22 62 173 83 184 188 127 46 71 156 60 14 69 133 17 57 39 48 137 186 100 167 118 31 20 197 36 89 53 105 182 51 16 1 64 145 158 
158 196 37 51 99 23 30 180 189 54 170 144 188 134 43 18 85 19 70 192 94 15 164 173 53 48 38 161 138 9 10 61 84 14 41 163 141 79 183 5 82 143 106 124 29 114 71 115 78 44 98 136 120 55 123 103 100 
105 140 143 77 195 79 48 126 152 193 11 37 179 9 3 146 132 17 66 149 25 200 24 190 98 35 36 100 97 49 92 67 40 81 122 1 8 119 
11 188 47 22 97 184 52 75 169 67 99 33 2 82 14 83 149 174 126 21 139 16 56 172 91 180 127 182 125 153 4 178 131 167 165 40 45 160 199 200 119 115 152 168 142 150 
14 79 132 1 92 168 188 163 80 127 30 7 5 89 75 192 185 51 142 2 143 54 166 58 57 105 101 52 3 69 198 72 193 17 169 162 85 147 64 139 22 31 88 6 96 130 94 176 116 39 186 175 
28 137 196 62 183 175 97 159 31 117 50 143 37 167 173 191 146 78 179 107 153 192 65 198 136 135 76 190 151 197 162 154 82 133 13 160 96 90 152 163 5 103 108 47 134 142 130 181 
107 109 138 63 134 66 142 10 152 165 21 106 3 128 13 25 14 111 46 192 40 52 197 108 164 145 186 45 75 170 117 115 187 200 119 61 30 184 167 59 130 28 176 146 158 90 98 105 80 150 101 173 48 20 190 
39 136 131 78 1 164 104 7 172 118 92 120 198 46 161 98 83 126 158 45 79 197 156 130 165 40 59 191 119 180 14 67 91 41 58 30 8 4 117 63 152 146 82 57 72 95 18 22 100 53 195 190 86 75 103 
25 4 106 193 105 61 68 75 147 195 27 166 108 170 64 36 110 124 48 20 80 135 83 56 130 15 91 17 46 143 187 38 7 171 12 32 182 169 183 23 55 149 112 45 39 19 57 97 160 66 28 50 199 6 154 172 
97 164 129 22 25 16 123 2 105 89 112 57 125 109 158 69 176 5 77 68 111 72 130 189 34 61 71 116 95 66 182 10 190 157 172 92 145 122 166 52 84 173 14 42 13 147 91 21 
43 114 29 154 186 77 199 64 96 53 148 23 42 2 157 75 119 39 25 127 91 145 50 18 87 47 184 171 117 104 49 86 189 6 69 158 121 30 16 118 166 124 26 95 167 68 101 170 
153 33 9 191 99 124 95 131 79 12 20 165 154 28 103 97 159 113 175 160 192 52 118 112 122 64 196 180 197 45 15 179 134 47 141 162 60 109 48 26 200 147 129 176 
33 32 185 73 51 175 179 36 121 92 87 148 41 108 9 53 172 149 80 128 156 159 55 180 192 69 45 164 127 74 29 81 177 7 152 160 132 43 114 133 198 123 94 63 107 50 135 23 4 59 16 182 143 95 27 
38 4 161 10 162 151 121 88 188 5 194 90 87 49 89 150 64 189 54 67 19 93 9 128 134 137 135 192 60 72 176 58 26 86 70 169 51 123 139 3 163 2 177 190 16 157 29 68 57 
188 22 58 163 137 45 116 177 69 6 156 83 186 10 73 136 135 148 38 158 95 103 8 176 28 31 189 51 199 171 139 7 56 41 125 195 191 185 130 54 46 159 172 151 153 140 59 197 64 72 39 
147 2 22 134 118 14 188 83 88 111 32 89 175 33 141 58 116 197 19 98 182 124 130 119 199 27 145 190 74 69 192 125 50 142 156 114 15 186 176 94 121 177 54 126 179 157 76 5 169 113 198 
25 142 168 74 81 50 180 175 176 80 44 101 141 187 115 47 97 11 132 60 75 129 188 87 39 146 58 86 61 136 66 123 148 186 5 166 10 183 88 70 156 24 34 157 161 135 199 116 12 82 195 
110 98 147 94 86 184 45 25 128 161 159 154 183 17 129 150 58 62 126 56 99 198 82 53 49 153 181 60 186 187 197 36 26 7 75 163 74 200 190 122 104 96 152 21 32 
16 117 163 141 177 97 48 32 181 37 185 92 40 83 4 86 68 1 15 112 190 145 19 132 58 66 167 70 79 28 39 7 113 126 27 191 89 146 81 93 123 115 69 182 125 161 118 
58 36 28 132 88 73 148 41 126 198 147 142 34 139 181 191 185 108 40 160 99 45 84 143 161 109 156 195 83 176 90 60 193 53 162 128 10 196 165 110 167 194 1 140 183 17 
87 26 72 124 108 48 154 118 125 159 129 3 126 55 31 13 162 53 33 91 113 150 43 138 7 185 153 107 127 117 4 140 187 27 38 41 59 83 54 158 93 75 19 179 191 62 89 11 49 20 104 
32 142 124 77 148 94 181 47 185 74 184 106 156 81 194 60 9 45 86 93 146 70 49 136 80 57 19 43 187 83 2 178 35 105 56 84 135 28 31 4 29 
158 78 80 190 185 126 109 121 193 128 82 117 164 6 1 112 136 9 134 14 148 81 102 165 60 67 149 135 50 92 84 131 76 116 133 169 49 64 178 101 168 180 189 186 138 25 127 62 114 31 122 157 94 
145 16 31 61 74 44 142 86 194 12 100 88 146 137 97 185 99 24 189 191 92 181 200 28 32 133 106 73 157 76 162 57 59 143 109 186 93 169 40 172 45 159 6 48 13 69 167 70 134 197 164 90 34 30 8 151 116 187 166 192 21 46 108 168 82 51 66 27 17 
165 66 166 24 167 112 198 30 101 168 46 182 150 185 10 147 70 60 75 74 3 59 52 78 55 62 48 184 145 135 88 64 93 23 124 146 106 58 181 144 171 
95 180 67 185 140 82 96 44 48 26 42 53 197 186 38 134 131 191 66 179 142 19 33 100 61 27 174 156 79 104 52 74 12 99 188 127 5 152 175 1 35 
106 173 42 56 54 72 134 49 87 90 100 158 147 164 99 98 109 30 53 137 37 114 188 57 200 155 44 1 84 23 7 132 96 184 182 32 190 148 149 128 180 165 71 196 36 16 24 168 178 
147 130 35 150 43 189 178 160 156 137 154 19 169 16 179 69 187 57 165 81 18 195 23 72 138 143 44 9 181 36 33 75 56 164 113 175 67 92 188 30 37 
121 39 1 21 63 25 100 180 171 177 5 2 104 170 176 148 19 14 130 135 172 28 66 99 74 23 145 185 126 78 151 35 40 194 31 55 144 103 174 119 69 134 81 158 
106 197 72 94 151 111 194 168 99 64 162 185 37 114 25 103 48 156 147 50 32 74 31 100 55 165 104 89 122 132 145 101 153 8 118 82 143 177 171 16 96 161 24 113 139 179 5 130 77 186 69 105 97 12 
139 154 143 33 136 27 169 45 26 191 57 24 134 84 2 25 23 49 189 21 69 54 149 158 51 30 186 66 148 103 194 172 102 108 98 31 55 130 105 20 151 170 77 161 95 99 135 126 50 43 38 
73 156 41 159 11 64 153 83 189 170 148 135 126 138 19 86 39 124 163 115 74 200 111 139 33 117 96 49 81 192 10 3 179 70 144 193 151 121 26 58 47 45 88 56 177 145 25 98 174 82 
103 68 59 124 56 35 130 181 167 48 66 177 191 21 17 157 175 113 38 78 2 173 106 114 171 134 172 174 137 165 194 121 89 91 43 178 83 131 195 176 57 73 193 128 105 125 26 182 101 120 197 
104 123 114 153 159 92 163 142 182 35 58 175 21 22 94 193 16 97 25 93 176 26 194 178 63 167 44 47 120 24 108 60 3 8 84 83 103 168 157 14 111 68 133 102 90 183 48 117 169 110 170 190 62 27 
169 98 40 189 37 180 176 127 195 77 112 131 139 161 125 174 43 91 121 93 135 65 124 69 62 44 46 106 29 15 159 89 84 126 79 63 114 36 22 50 14 54 66 173 55 188 170 35 
77 113 167 124 187 153 195 67 58 35 154 118 45 43 192 55 68 199 190 57 84 156 151 59 18 141 65 166 152 180 39 16 70 193 136 168 48 178 157 13 22 117 86 37 52 169 179 53 26 
162 166 33 118 116 144 127 154 176 20 111 119 94 8 163 23 132 180 37 175 183 100 136 123 18 184 44 91 88 187 62 90 102 87 58 126 125 63 191 117 43 55 107 25 54 167 16 85 103 46 11 
136 86 199 110 168 14 60 134 160 170 18 100 33 138 31 158 48 61 186 83 166 171 194 188 73 94 74 103 162 179 7 132 9 79 87 91 109 78 82 155 55 175 19 52 125 15 159 12 21 23 80 146 
173 160 142 3 23 200 56 109 110 69 176 62 8 30 171 18 172 60 167 112 13 158 80 71 115 93 33 178 47 164 25 15 31 185 192 6 86 183 66 189 2 53 22 120 59 140 50 
14 164 184 115 35 158 191 199 62 159 31 140 168 166 10 92 6 73 55 150 126 188 32 51 70 117 154 97 69 98 61 38 59 107 157 76 129 77 84 21 193 176 2 130 13 200 53 19 137 165 
128 65 68 186 9 161 157 136 14 130 5 67 93 83 44 35 51 34 155 7 100 90 175 188 79 81 125 86 198 70 26 42 62 111 143 192 48 122 33 99 56 135 185 134 172 88 184 
36 186 102 62 176 44 83 17 166 133 117 136 185 12 199 1 24 42 23 134 190 152 172 78 196 111 76 183 181 115 59 88 40 39 182 60 46 8 84 174 22 107 75 
199 185 59 80 94 29 188 167 161 180 97 18 122 84 196 22 71 172 47 169 3 155 48 26 118 132 32 8 19 137 187 98 160 110 151 23 144 27 82 128 73 146 
107 16 154 22 33 133 63 11 95 143 82 130 78 85 172 57 98 76 21 37 9 199 2 47 24 35 135 89 124 139 117 179 158 195 91 64 131 17 164 103 137 43 8 200 136 194 
11 185 160 29 125 88 114 102 158 167 33 43 3 48 176 42 107 178 22 159 81 40 75 94 84 115 168 199 90 18 144 105 45 8 139 126 121 66 138 200 112 182 58 92 128 170 145 164 134 54 52 62 9 23 153 135 35 86 25 103 
86 94 72 65 168 119 4 177 89 95 8 77 98 142 112 103 43 64 99 74 160 132 157 18 13 172 111 47 158 78 127 93 170 68 49 60 165 137 37 9 26 193 36 91 131 52 22 6 83 141 54 41 140 50 
54 81 140 96 197 192 131 126 99 11 59 28 168 72 6 115 148 133 169 196 121 49 111 188 195 75 167 65 58 23 194 86 136 127 70 8 13 110 90 3 163 15 17 109 100 114 98 67 190 161 156 60 
196 164 106 170 40 176 150 140 122 113 37 82 83 179 11 64 116 105 145 33 42 46 51 155 191 159 109 76 15 197 123 24 50 134 8 184 192 32 156 88 52 132 14 104 143 90 29 98 