200
15 61 49 69 190 126 143 100 79 21 161 152 153 149 128 120 66 83 131 60 142 35 4 186 25 112 68 70 63 12 22 179 43 28 113 14 47 171 192 41 139 46 51 
16 47 45 166 15 119 175 132 4 111 158 168 41 36 77 48 64 198 115 22 101 88 13 171 174 105 82 137 187 60 31 50 114 40 133 144 102 124 190 42 32 104 35 89 141 172 9 123 70 148 17 27 56 199 85 153 
91 88 121 33 58 11 56 106 159 19 137 150 173 156 17 93 51 155 94 99 186 85 191 27 133 146 68 71 83 152 122 196 7 168 89 42 36 184 9 12 102 76 
155 26 123 182 168 149 91 2 5 191 152 179 141 132 48 200 63 156 192 71 118 130 54 33 190 8 136 119 165 178 75 11 108 1 45 158 138 184 92 70 81 133 30 28 38 194 177 139 135 84 15 20 175 47 23 46 
174 141 155 197 29 66 196 20 25 182 8 74 184 4 77 162 90 199 58 21 16 179 148 96 10 164 64 41 156 194 129 145 98 89 187 43 76 152 121 154 158 169 46 136 85 149 83 14 125 122 
13 40 177 188 98 109 141 166 45 54 27 35 89 71 77 23 56 16 198 172 42 114 81 85 55 192 102 70 147 44 125 93 73 180 25 148 75 43 92 11 76 53 46 10 69 186 51 118 119 130 39 112 
158 105 149 100 29 24 94 193 188 104 150 9 27 44 190 13 96 15 26 23 45 166 60 46 22 98 187 93 76 42 88 199 163 119 73 71 146 129 69 120 172 168 3 84 157 83 145 75 17 
196 100 129 172 125 39 77 195 156 137 118 33 73 87 179 102 61 103 82 5 56 47 97 80 116 72 173 79 113 9 149 114 139 184 148 70 107 68 40 146 123 183 51 25 108 132 4 106 119 134 
143 37 160 159 86 8 95 156 53 64 113 76 62 133 2 100 50 114 87 128 127 90 39 66 170 54 125 56 147 111 23 183 196 11 29 144 195 108 105 13 96 157 134 171 7 32 84 49 19 187 173 132 116 48 3 
124 191 24 70 181 49 5 65 51 195 39 136 18 89 46 68 165 61 30 54 131 11 114 142 130 99 143 153 16 57 6 55 23 
156 112 103 15 197 147 9 16 191 145 3 196 10 84 78 49 22 39 62 188 31 165 72 174 77 6 168 13 195 193 26 152 130 172 133 42 132 50 64 134 95 89 4 70 41 126 125 37 76 87 162 35 36 73 192 
164 52 51 20 55 177 81 3 124 74 114 77 53 184 165 161 160 59 118 189 125 144 96 92 191 48 67 126 172 131 32 149 110 100 49 162 105 169 143 58 198 30 84 185 1 115 159 187 
177 149 102 9 11 186 44 6 58 147 193 56 161 85 141 169 127 64 88 114 104 14 2 190 125 170 79 192 124 129 119 24 7 153 29 117 121 45 196 94 132 37 135 155 131 32 189 30 48 188 
130 140 153 47 170 180 195 196 168 100 67 1 36 121 80 19 138 165 29 117 182 142 64 155 158 28 5 186 13 137 163 73 50 57 93 176 77 97 123 22 147 70 16 133 24 26 120 146 76 90 200 178 43 105 
7 32 49 4 42 59 39 137 186 121 17 22 102 96 29 41 193 133 171 142 61 37 40 157 169 47 194 140 35 172 188 104 55 1 110 2 11 85 131 54 89 33 183 73 108 181 119 196 
32 69 116 63 131 132 35 115 14 23 11 101 66 162 43 199 78 169 194 146 45 157 135 148 109 183 51 134 155 20 10 57 24 106 182 49 198 185 2 73 180 55 129 196 6 40 107 192 34 70 158 22 48 5 
79 120 172 93 71 2 167 58 44 64 65 26 81 106 128 77 15 115 3 143 188 70 7 174 194 110 104 74 31 183 127 45 121 153 182 113 62 164 187 47 159 196 57 108 48 68 181 91 100 157 123 151 87 170 102 160 
112 84 91 153 10 60 100 159 42 106 189 46 30 48 160 147 74 178 37 182 115 22 85 113 69 199 88 130 155 43 36 80 176 21 127 110 157 185 61 149 156 143 111 144 26 
185 92 146 101 152 123 62 195 32 88 64 44 95 9 118 169 69 162 76 80 167 145 96 14 138 183 140 26 178 3 159 173 75 155 107 39 20 57 72 181 65 
25 19 24 49 16 28 125 30 136 88 65 40 147 53 158 138 81 171 97 5 163 60 148 162 150 152 142 168 181 100 59 79 192 32 126 120 56 4 47 191 12 160 92 75 96 68 66 103 52 188 80 91 
119 90 189 5 142 157 60 135 191 32 81 179 107 26 131 134 184 187 37 166 153 45 1 74 33 28 192 65 57 197 52 99 70 18 87 125 31 44 181 77 
124 199 184 166 104 186 16 197 40 15 30 83 108 187 32 189 117 39 191 47 157 11 156 24 113 183 119 18 1 96 14 80 67 145 139 170 28 85 52 63 194 7 45 89 136 102 168 2 90 
194 187 4 157 168 163 43 153 137 97 66 122 7 54 96 142 26 90 192 133 143 45 197 183 132 16 68 10 67 113 6 184 27 33 190 77 41 83 131 47 200 50 75 105 51 9 198 85 160 
16 20 13 50 30 184 158 101 22 194 28 100 106 102 37 103 129 154 61 25 186 195 143 36 7 97 179 117 172 89 14 32 126 199 31 80 10 77 146 124 76 104 
162 56 119 77 145 197 166 59 5 20 133 73 85 188 31 128 24 131 62 109 126 36 111 200 106 8 6 33 81 178 30 93 29 179 115 78 48 32 67 136 89 117 1 134 125 64 169 172 104 167 118 112 91 34 144 43 70 
52 27 152 23 111 125 64 137 60 180 11 83 160 139 196 142 4 170 182 17 109 169 14 102 55 123 7 19 175 147 165 200 159 120 179 54 184 76 78 181 21 69 171 130 195 129 128 43 61 96 194 173 88 18 163 153 70 
140 193 68 54 6 196 99 106 3 84 100 149 130 31 135 59 144 88 143 148 117 119 2 83 174 23 46 189 124 168 104 89 71 126 45 7 169 34 141 123 101 56 78 26 118 155 
183 24 131 78 21 196 182 57 108 14 101 94 1 122 59 151 36 121 64 22 83 116 77 20 118 63 30 149 188 164 93 31 148 46 130 112 91 200 86 171 184 138 161 97 70 4 
100 173 74 98 14 130 63 53 178 35 54 134 30 25 118 189 40 147 45 15 50 140 58 93 196 156 149 55 92 99 158 13 41 163 183 7 83 32 96 48 79 194 192 157 200 151 142 112 161 138 5 160 120 9 181 123 103 107 61 42 
28 91 124 78 149 99 82 24 176 153 127 33 25 80 71 172 117 142 29 134 92 121 167 34 18 12 63 106 22 20 118 93 13 148 192 60 147 186 38 111 54 86 65 181 10 70 88 102 159 103 61 73 4 
161 86 111 103 110 61 185 173 188 104 11 125 62 109 73 24 2 48 163 27 90 88 21 35 131 144 28 79 166 25 58 162 17 122 145 183 81 143 121 200 65 54 192 36 45 149 153 96 138 146 94 
21 38 80 144 125 20 15 131 188 75 55 151 13 88 132 2 24 9 184 62 16 81 200 187 94 160 150 118 29 52 22 164 117 12 110 124 122 123 39 91 198 65 19 25 189 127 44 61 120 139 
3 144 102 98 30 74 110 131 38 81 138 53 133 193 127 35 71 173 196 111 97 57 100 126 157 136 175 52 8 78 76 90 21 188 105 48 69 49 104 147 4 168 174 15 37 25 86 153 23 88 
16 117 121 191 64 37 89 118 70 51 92 164 193 76 160 74 83 130 45 103 27 176 110 198 147 159 194 40 131 99 97 66 85 163 192 180 190 179 30 25 96 63 101 136 125 186 139 151 80 197 157 142 
176 147 158 163 179 86 57 46 175 91 197 149 11 1 81 136 40 6 173 33 171 133 39 31 137 2 162 60 67 15 74 70 29 37 157 16 182 130 
174 45 88 90 14 116 11 135 165 101 185 142 24 41 183 49 173 134 194 91 170 58 84 130 97 75 132 57 141 103 197 2 198 147 163 152 28 144 150 149 37 138 186 124 18 171 80 146 44 25 67 79 46 159 31 3 112 153 
179 92 75 149 21 11 150 76 47 186 34 102 72 33 18 93 154 36 53 135 134 106 89 193 114 83 174 141 124 15 148 9 13 24 95 59 156 197 105 128 35 160 
111 142 105 174 166 148 112 32 130 191 135 113 46 98 54 80 92 62 42 30 72 117 129 121 63 186 179 120 140 49 76 33 193 119 118 103 173 109 127 4 190 196 
184 22 32 161 117 163 200 104 109 97 174 141 129 199 35 11 176 119 9 159 153 6 167 120 44 182 143 190 145 19 59 73 132 100 114 57 105 160 101 96 8 115 168 103 107 10 72 113 46 139 112 108 51 15 56 89 93 
118 84 181 61 80 171 92 153 191 105 6 120 126 169 189 73 180 22 117 184 43 167 42 134 52 8 136 115 2 127 34 15 16 187 190 35 20 150 140 177 113 166 124 99 29 44 123 88 69 183 
171 111 58 193 188 160 98 71 103 76 186 29 112 176 23 68 129 150 137 36 119 83 165 47 113 127 182 177 200 124 2 159 79 170 15 153 1 166 117 5 50 126 86 11 42 120 106 197 114 184 152 140 
84 123 18 143 136 69 15 54 107 92 184 183 56 132 172 11 98 156 167 192 41 169 2 3 157 38 51 109 55 112 151 99 164 75 29 6 163 90 49 144 67 198 174 181 114 7 170 40 
55 26 57 140 23 134 18 146 149 153 197 101 16 114 193 189 14 109 160 179 62 52 5 145 152 123 137 83 6 95 103 53 1 115 82 195 85 98 106 183 110 77 190 40 184 25 168 89 121 122 187 93 129 
169 126 187 81 7 144 36 54 98 32 56 146 100 40 21 58 162 193 156 121 127 39 93 17 76 107 82 19 51 6 122 57 49 71 84 173 157 72 88 177 138 164 159 163 13 114 61 115 70 134 75 139 179 181 
156 134 27 16 110 61 4 194 140 193 116 168 124 117 31 128 151 120 86 71 67 123 7 154 29 99 101 22 2 180 34 46 139 58 187 188 78 36 103 109 6 94 146 59 199 17 23 175 13 122 21 149 
71 68 171 178 122 6 83 35 47 114 111 7 160 27 84 142 112 108 69 191 18 197 28 10 150 153 174 99 38 1 4 53 5 148 98 167 155 139 127 39 57 60 102 129 123 101 133 45 36 67 
188 78 1 154 190 175 14 197 112 77 185 2 128 145 181 169 125 17 166 15 110 20 133 66 160 121 22 46 37 196 131 187 177 101 136 23 74 51 4 168 67 8 117 126 144 41 165 183 100 
183 9 13 156 75 103 51 82 193 175 16 168 18 171 135 61 58 105 65 151 117 60 134 119 2 17 178 50 114 172 79 109 66 122 123 146 126 29 195 187 33 67 128 133 12 54 107 92 80 152 196 25 98 4 31 111 165 157 
62 10 176 9 74 152 53 98 134 179 106 20 110 75 16 102 15 122 11 141 193 33 85 42 120 107 44 150 71 101 138 191 108 163 38 1 165 72 164 174 63 87 195 81 111 86 147 66 187 12 115 54 144 194 36 
176 118 172 84 87 11 197 48 186 14 121 41 191 155 105 135 24 66 59 106 153 139 183 29 170 168 192 2 131 80 92 160 185 126 56 108 123 130 9 23 98 141 150 
100 63 131 10 197 44 72 1 6 139 198 61 103 47 12 158 175 180 173 34 199 169 126 75 130 188 23 42 181 98 3 39 99 48 94 120 8 142 184 167 159 78 190 162 191 16 82 171 88 76 
32 123 55 95 85 40 33 167 145 128 68 121 75 66 101 199 70 43 58 186 153 133 138 180 193 20 195 57 181 22 12 92 104 114 152 162 140 26 21 179 117 
46 6 95 123 100 29 130 117 94 20 56 198 12 33 105 85 104 157 65 103 172 135 67 80 168 72 155 146 87 108 191 151 49 161 124 140 166 9 188 196 200 37 90 99 43 180 147 154 193 
108 90 27 147 85 81 107 4 97 170 88 142 137 125 42 67 99 177 117 82 84 190 86 89 71 198 100 15 49 29 141 78 176 30 57 161 6 44 162 189 23 31 106 138 48 38 96 151 187 102 10 153 9 123 26 
83 26 185 12 52 108 153 101 169 172 140 79 109 134 6 182 68 58 10 77 43 133 42 116 94 71 29 78 198 81 15 113 139 200 127 80 157 32 57 181 16 190 
180 81 97 106 94 175 60 185 191 131 116 25 76 13 53 82 136 42 72 145 6 50 162 124 39 144 95 98 80 44 3 114 57 117 111 171 128 20 172 178 122 2 141 8 27 9 154 104 160 149 173 
187 82 54 136 35 118 176 172 74 200 36 43 21 19 52 55 112 46 63 81 135 16 107 155 66 119 101 111 17 75 14 144 56 106 161 164 62 127 156 28 39 188 44 90 33 65 100 10 
41 123 48 140 36 86 97 29 174 3 12 17 182 144 122 184 75 73 152 162 111 5 59 166 137 31 55 52 119 45 116 155 13 44 
20 73 71 194 117 130 99 39 147 163 15 176 50 78 126 200 159 199 58 25 12 110 27 162 124 28 70 103 96 133 80 135 131 198 88 137 161 45 186 37 149 92 
167 20 21 126 180 154 123 131 186 46 2 48 120 80 150 62 176 184 1 35 157 187 175 77 172 111 177 18 122 159 26 146 75 56 194 30 7 116 160 199 198 
124 73 87 172 30 121 48 178 31 137 91 70 51 45 99 194 183 166 95 175 174 8 128 77 138 68 40 152 106 44 24 26 32 127 163 29 10 1 15 157 155 168 18 150 
11 100 90 145 151 171 19 125 73 128 57 25 191 38 102 60 107 87 32 146 147 179 49 112 17 135 155 186 196 168 95 153 177 173 43 31 76 133 187 9 193 108 
132 176 159 57 143 168 137 177 51 163 85 142 75 22 134 182 147 49 30 118 117 175 170 192 195 82 127 78 196 66 83 99 29 145 65 38 108 183 16 114 4 128 149 34 171 1 156 131 115 28 
83 34 80 176 113 147 139 96 127 141 159 144 140 26 118 158 148 190 94 199 25 120 9 17 19 168 137 11 14 84 138 13 79 100 126 5 191 90 76 28 73 111 110 2 170 161 173 
98 10 20 198 97 112 104 19 124 48 191 71 105 167 113 172 154 147 70 57 63 150 32 165 116 151 155 80 30 174 91 121 85 189 173 184 160 86 153 148 149 21 145 120 79 31 53 88 152 17 129 
148 200 57 16 105 20 198 171 117 79 185 139 154 73 169 124 125 50 115 34 108 194 94 9 63 1 5 152 52 167 135 48 70 129 104 120 100 86 191 195 110 49 23 96 99 77 47 91 
71 163 112 194 189 95 25 121 116 35 120 46 162 14 72 199 99 174 158 166 145 48 53 93 79 173 42 12 45 74 54 117 198 131 23 159 22 170 36 129 47 128 69 
89 141 185 133 52 23 177 10 92 175 186 94 145 41 3 77 107 17 148 82 166 123 112 1 181 55 157 196 27 74 8 96 198 116 146 161 178 158 46 20 136 147 85 61 164 
86 75 131 81 127 183 99 187 189 78 116 46 18 154 67 19 72 125 122 6 148 194 16 143 158 198 166 146 178 1 153 110 151 82 93 40 79 42 162 191 85 26 144 181 119 7 87 117 33 
162 30 91 101 89 184 4 114 66 166 171 16 76 10 200 150 133 17 35 152 52 168 11 147 1 34 8 44 21 172 84 80 71 116 82 185 127 65 79 106 178 2 28 59 88 191 6 173 86 155 118 61 25 157 156 26 78 14 148 99 
77 187 49 180 44 161 175 33 196 116 54 123 27 65 129 159 179 17 171 4 87 59 176 90 82 162 102 45 41 30 91 200 173 7 46 128 154 166 70 181 190 105 197 6 160 3 99 150 189 55 112 67 192 
37 91 103 77 67 128 139 105 38 8 153 84 109 188 49 56 99 51 177 95 123 11 121 104 87 114 130 173 101 93 162 161 44 118 19 192 69 144 179 39 116 53 138 
11 95 15 122 85 97 8 180 16 178 155 31 14 181 133 173 64 66 30 192 106 139 154 58 168 6 62 146 147 132 135 120 199 118 39 25 7 40 125 78 61 174 165 59 
49 106 102 79 182 68 21 174 133 29 17 12 132 33 178 127 121 91 109 18 96 190 118 177 111 89 67 172 116 146 35 94 88 47 129 34 5 150 141 57 
192 138 60 106 134 37 86 181 158 141 197 160 128 84 180 49 96 159 36 42 193 185 32 69 23 188 88 110 6 104 199 51 7 111 4 63 44 93 187 87 108 57 94 19 131 58 130 140 20 48 168 139 52 
85 193 200 163 101 9 5 92 120 7 140 14 147 133 186 156 19 172 187 116 56 115 152 128 117 38 33 24 62 113 34 70 178 26 3 123 88 118 162 41 96 44 121 119 11 188 175 102 51 6 80 37 64 
60 179 2 82 161 100 181 170 81 72 176 138 150 148 162 66 5 89 12 172 102 90 91 88 154 14 164 125 195 97 79 98 163 25 110 87 61 23 71 21 24 8 145 80 168 6 17 135 127 192 130 47 28 55 126 193 68 99 144 140 43 11 
131 30 145 63 73 159 138 97 171 16 117 107 200 124 112 25 47 54 120 45 79 157 27 197 11 160 69 189 152 28 51 163 55 33 122 156 155 175 158 134 91 26 59 70 80 
48 17 168 20 176 77 95 136 140 166 55 13 74 100 93 67 150 70 159 29 174 80 78 64 41 169 125 1 162 146 94 132 69 31 183 163 144 36 193 101 8 65 151 179 66 109 
64 143 158 50 38 171 103 132 183 118 175 48 107 22 24 155 193 40 112 159 76 99 94 18 147 32 59 77 78 79 88 14 60 137 34 20 30 198 56 70 102 19 182 134 127 55 8 36 53 65 152 
118 186 12 33 110 20 106 55 159 152 187 129 104 54 133 77 57 25 4 105 35 164 172 123 17 161 6 117 142 82 197 141 107 90 127 56 183 150 21 182 69 49 31 194 44 32 196 
133 51 54 81 103 123 70 56 135 102 94 71 110 118 121 156 162 187 30 2 69 172 43 120 63 124 178 116 57 68 44 85 48 108 171 189 147 166 8 77 177 88 194 125 
22 88 46 29 122 141 199 197 120 23 123 26 164 86 161 162 195 99 109 27 3 189 198 37 196 96 175 113 184 181 156 5 1 43 166 41 145 157 63 28 185 105 137 55 7 174 34 152 154 116 64 
169 93 147 101 18 89 97 40 102 9 166 7 196 120 72 70 193 179 11 42 4 128 64 124 146 145 176 50 54 189 46 12 112 109 156 75 143 27 197 44 104 167 192 105 36 186 158 168 149 
6 170 183 22 113 76 179 193 73 53 52 68 3 43 13 15 162 18 5 187 188 122 49 25 23 69 91 65 34 54 63 2 174 145 177 82 137 198 
65 141 167 45 31 156 104 155 28 151 70 119 33 149 58 173 106 133 66 97 116 83 130 139 153 135 69 120 30 95 75 136 193 115 41 96 147 159 103 54 113 49 9 35 
153 17 150 98 90 122 160 77 173 49 69 61 190 186 50 62 117 196 189 94 8 89 75 135 11 108 91 71 53 92 21 175 144 72 9 172 165 174 124 103 176 171 193 177 
83 90 100 171 2 54 33 131 198 127 108 19 70 74 152 186 82 36 169 125 59 163 121 112 116 97 44 13 26 31 32 164 159 7 18 76 101 148 184 65 80 166 161 173 77 3 158 75 20 156 106 30 103 27 94 40 157 122 109 185 51 
3 173 84 176 96 183 134 169 102 43 160 70 141 37 27 24 91 158 157 54 144 77 25 177 74 6 110 142 161 174 10 128 135 175 11 115 127 2 39 5 200 180 90 68 131 137 22 87 34 194 15 
33 109 88 87 123 89 94 36 191 162 200 31 121 57 112 137 81 144 122 42 21 115 150 190 133 92 64 54 164 71 125 77 114 14 23 62 9 53 22 5 
89 108 105 113 156 162 20 77 74 119 168 183 187 87 17 70 65 98 106 179 196 3 30 199 103 141 144 125 154 36 18 110 107 61 188 78 145 32 164 85 197 4 35 25 169 191 72 66 102 160 71 94 148 28 167 
152 90 6 52 30 179 114 150 145 40 48 196 190 12 112 37 134 38 155 129 125 187 68 4 76 151 159 19 87 42 136 29 141 176 140 34 104 186 126 123 50 182 59 194 20 
176 104 153 39 135 30 3 128 75 79 162 194 44 141 72 184 179 29 43 192 133 69 14 84 25 6 37 7 181 155 124 100 17 67 156 28 187 186 173 
90 158 198 75 32 64 99 177 112 156 195 101 53 28 98 173 146 145 186 80 56 109 7 117 125 91 13 166 45 3 82 87 66 74 51 155 88 55 95 192 31 190 187 167 100 79 68 
73 156 176 19 62 61 191 131 133 9 53 163 94 72 67 186 196 96 182 43 86 138 37 161 147 129 106 11 52 146 113 190 160 197 164 56 79 132 122 
95 133 175 120 68 158 169 172 31 75 12 194 138 89 26 19 178 144 86 59 29 153 39 126 74 7 182 125 150 23 34 110 5 64 176 157 146 163 123 181 83 20 184 127 54 197 15 196 22 9 124 106 66 142 76 102 
56 113 65 84 120 123 166 36 54 125 191 14 73 185 111 39 34 195 33 24 141 8 117 162 88 78 182 86 122 23 20 99 116 174 118 132 77 189 28 135 170 58 136 115 160 128 105 167 131 104 150 199 171 
121 148 141 44 167 51 108 56 131 49 171 130 46 29 181 190 5 48 94 87 109 176 65 77 41 194 42 43 189 149 50 158 91 6 38 122 7 33 134 
61 63 127 71 30 66 148 156 172 155 142 42 72 80 53 117 128 154 45 135 10 27 70 185 59 34 197 67 21 104 46 51 29 183 54 77 3 149 181 97 121 151 102 69 83 200 140 94 189 40 174 
128 24 39 12 66 145 108 51 8 165 176 104 47 27 79 18 20 132 155 44 186 193 114 1 93 17 167 88 129 199 177 185 54 77 64 101 14 110 53 7 140 102 94 160 133 29 116 57 62 9 33 151 161 121 111 158 
189 43 100 45 153 174 57 195 39 55 28 104 84 129 52 94 19 114 24 34 36 142 186 200 181 132 16 193 148 159 172 165 2 110 46 154 79 155 88 177 27 70 169 108 47 49 164 140 119 173 76 185 72 
54 71 146 136 104 17 46 159 121 2 199 166 111 163 156 62 190 91 82 33 138 30 162 6 3 84 8 183 167 165 171 194 177 76 37 109 100 124 80 24 113 26 49 77 89 15 195 96 99 22 74 123 137 13 145 
195 36 38 87 29 39 147 191 11 43 154 34 53 48 176 24 182 123 8 86 20 80 170 153 108 82 88 30 114 163 31 193 150 200 199 51 149 133 180 41 72 166 45 59 91 
121 25 84 101 155 31 161 24 86 165 2 132 116 192 56 120 119 181 100 179 53 93 175 154 66 17 97 176 15 52 65 75 92 99 39 102 22 7 72 27 172 191 158 152 33 81 115 127 122 13 137 148 
14 97 39 113 83 186 146 142 37 141 23 124 165 107 33 187 66 192 152 157 155 9 53 158 109 185 7 91 65 191 179 81 126 198 2 162 129 40 84 71 72 50 38 48 154 12 134 
159 27 133 49 61 179 178 91 169 142 73 161 115 25 24 200 117 164 30 17 16 107 54 18 125 176 167 81 151 187 56 148 190 57 163 124 158 172 111 75 37 114 96 8 70 50 88 171 128 3 41 74 126 86 43 95 181 
80 166 62 145 189 150 114 178 48 130 91 8 148 156 193 173 29 175 21 187 68 157 162 54 16 126 174 106 42 81 44 195 39 137 171 136 142 161 165 121 105 19 57 147 78 49 
190 53 8 9 91 125 66 117 139 172 110 46 174 98 54 135 129 177 192 100 163 63 55 158 88 103 50 17 101 49 87 62 178 137 146 162 39 82 75 113 141 195 22 136 166 4 15 175 28 
134 105 171 48 38 88 31 169 180 98 74 102 187 84 174 42 25 72 16 55 160 79 94 123 43 178 141 110 45 26 6 153 158 39 83 186 159 90 112 177 166 199 119 
180 81 184 128 34 43 190 100 137 171 96 66 82 136 150 148 197 91 141 108 15 101 157 75 64 130 89 33 18 31 49 12 32 114 45 109 77 139 59 17 158 138 113 181 154 69 133 122 47 
57 174 117 58 33 156 49 30 46 26 64 2 195 192 119 48 60 128 31 25 164 106 102 121 9 56 149 41 182 38 75 199 18 97 74 178 129 100 
18 68 42 162 71 46 67 62 57 120 47 36 29 137 130 134 84 155 80 6 1 28 88 171 25 186 165 90 39 92 41 94 128 65 119 38 197 131 109 181 11 78 114 129 168 180 
85 40 39 102 105 18 168 124 91 176 144 117 118 149 76 41 65 23 136 95 169 55 191 140 86 38 148 97 108 151 116 188 9 110 22 122 198 137 143 174 64 1 170 83 164 17 132 8 
2 188 42 46 52 37 56 180 133 12 9 6 8 127 118 90 43 107 117 63 103 13 44 48 148 122 112 70 124 39 187 101 126 72 196 153 125 10 41 100 106 174 92 110 
90 191 168 198 186 128 86 16 40 141 18 182 172 177 197 25 116 76 143 49 12 148 104 63 184 167 192 89 2 170 119 97 158 66 39 17 160 43 44 106 131 
72 16 82 117 55 126 115 182 100 167 8 86 58 88 70 140 74 104 200 69 155 135 83 9 144 131 150 56 68 192 153 113 28 45 191 76 97 71 165 129 36 65 60 137 125 67 176 179 
182 99 174 47 40 13 119 67 163 56 113 108 132 52 127 138 24 179 106 118 22 45 129 69 114 141 66 134 53 25 146 189 32 48 178 27 39 116 38 167 94 87 76 136 111 81 78 161 200 139 54 41 30 59 152 14 63 34 197 97 175 
27 180 34 70 142 28 148 117 193 197 82 6 4 97 164 129 25 30 80 76 38 19 163 113 73 63 74 119 32 188 72 114 57 171 29 191 40 8 81 64 12 50 185 144 
134 8 4 193 48 69 109 150 101 7 58 76 153 41 21 132 154 13 112 115 15 25 171 86 22 143 118 130 39 117 126 164 175 38 173 170 140 111 2 91 161 104 160 131 123 57 6 122 27 
161 192 182 141 39 104 7 73 82 167 124 185 84 32 152 157 40 122 78 164 112 134 14 198 154 129 66 64 20 83 67 29 96 76 176 1 168 159 123 51 49 194 177 45 17 97 26 125 86 38 166 172 131 60 145 41 65 
34 150 136 144 125 76 196 149 199 5 15 126 130 82 43 52 38 14 152 185 88 100 195 31 157 190 28 154 135 194 74 200 30 155 13 138 102 3 61 188 111 98 107 50 17 140 104 47 67 65 90 99 44 72 122 134 
113 179 177 45 32 175 98 48 200 110 85 144 161 44 31 69 131 46 114 143 3 186 155 163 28 56 119 90 58 141 49 60 146 120 87 121 187 142 5 78 130 95 191 126 83 104 73 97 88 23 43 
27 58 71 17 54 82 192 132 165 186 42 76 159 145 83 53 45 125 131 96 188 46 97 92 72 140 120 109 152 14 60 29 48 2 102 90 197 43 161 166 4 185 68 149 8 172 50 119 103 198 19 180 40 194 32 199 156 26 193 81 52 142 
41 84 37 140 53 148 82 179 61 138 78 135 137 22 150 10 40 161 13 113 93 134 178 159 197 106 45 59 2 66 168 27 133 180 114 102 141 120 87 30 24 12 36 32 185 96 56 105 65 
151 136 142 69 21 143 154 88 31 94 9 195 138 92 91 197 132 187 178 114 177 13 116 133 97 25 82 184 11 189 121 32 150 26 20 145 90 6 96 5 164 123 77 47 152 106 79 172 66 186 196 73 173 161 62 34 54 8 190 120 108 12 166 
105 194 131 181 20 135 146 77 92 96 60 119 121 161 48 137 132 59 64 40 107 50 197 198 122 184 179 127 11 153 33 190 51 27 116 12 41 168 183 24 1 114 106 44 25 47 139 
44 41 40 178 46 152 154 155 142 33 64 80 17 89 70 9 117 57 13 195 196 81 32 114 144 74 63 96 160 38 55 18 69 99 148 193 183 88 77 126 143 104 132 30 184 61 189 
89 194 179 132 112 110 63 168 142 111 165 75 115 9 170 171 72 169 26 93 155 99 181 196 62 76 67 47 71 148 56 141 61 37 106 52 147 25 45 17 48 84 100 97 1 
92 144 74 13 5 130 7 120 71 81 8 101 100 152 39 159 116 105 172 118 149 26 175 186 178 16 108 46 66 187 192 153 95 171 191 181 112 162 67 188 145 151 65 38 41 158 117 185 43 24 131 111 
147 10 4 107 122 119 129 138 136 168 36 26 112 151 18 51 86 141 194 142 199 11 72 144 14 27 153 6 59 150 154 191 179 29 98 38 35 167 139 166 34 156 28 53 110 75 77 50 121 
149 168 115 34 169 15 1 198 140 167 122 67 138 157 63 32 95 56 147 186 21 119 25 89 200 199 116 47 28 112 78 51 88 31 23 137 12 75 145 33 170 135 16 120 123 146 173 50 126 142 150 129 13 98 60 69 10 59 97 
161 143 4 126 36 11 100 125 8 191 42 39 123 174 196 73 187 157 169 119 16 101 74 2 167 23 79 13 63 104 178 113 80 95 32 149 128 158 147 127 97 117 9 
35 200 2 106 9 59 68 136 90 52 162 4 93 155 86 33 174 23 73 14 138 15 125 48 62 114 171 95 76 189 47 74 96 25 180 184 149 46 11 177 198 110 3 82 70 81 124 103 100 55 
11 49 78 150 36 166 45 25 196 9 194 170 147 149 43 179 121 105 148 120 40 30 16 151 109 181 143 21 119 200 80 44 8 168 55 177 175 98 75 92 173 37 124 112 89 117 158 29 48 63 162 
73 124 97 50 153 126 66 13 144 38 174 131 171 86 196 190 179 16 62 4 93 184 77 140 155 87 48 137 191 53 99 37 21 108 89 163 121 82 59 148 57 151 181 116 36 139 27 
4 34 143 180 22 10 92 125 158 191 25 113 121 68 47 177 97 86 160 168 33 107 117 79 130 181 200 157 56 57 110 20 133 199 42 5 40 35 102 141 148 108 
169 43 90 80 104 26 54 171 35 107 113 173 124 150 23 41 110 112 191 89 83 126 3 131 199 182 63 59 116 64 172 85 8 61 108 2 180 135 102 58 15 14 
130 141 14 174 167 102 110 117 133 177 96 197 44 168 169 29 61 131 20 121 161 191 19 75 4 64 124 158 72 33 182 49 159 28 153 95 36 125 196 78 31 52 54 77 
126 130 44 108 50 75 140 26 51 155 22 194 64 66 176 170 161 156 45 73 117 39 72 8 181 32 55 110 4 135 86 164 1 46 34 
99 38 145 184 14 55 171 149 43 19 166 79 191 119 139 92 41 29 64 161 100 76 15 27 163 159 53 58 121 113 40 142 131 116 101 178 155 154 169 195 194 45 75 188 124 135 52 164 123 77 
142 138 122 6 54 64 177 4 75 109 117 163 39 37 175 93 155 156 198 56 36 27 49 83 2 120 81 89 74 179 182 165 108 115 158 97 92 148 193 136 50 124 190 68 86 128 130 110 98 188 91 105 161 5 169 13 
127 125 140 186 30 118 189 46 106 101 20 130 174 162 23 173 14 21 51 156 163 99 200 1 36 81 38 96 26 170 89 188 123 10 131 107 144 63 54 29 128 157 105 164 34 141 15 122 
166 122 31 175 171 178 42 1 115 69 170 160 190 186 63 84 9 125 132 136 150 177 24 12 113 39 27 127 197 198 145 189 134 195 23 119 80 18 10 174 17 
172 47 127 25 145 79 148 49 154 191 122 36 179 31 69 158 177 9 130 27 193 129 152 2 121 164 42 33 192 160 58 142 150 113 90 91 72 96 196 56 32 12 135 118 77 44 87 64 116 57 89 18 178 
85 193 196 188 165 22 102 140 63 100 83 190 91 120 67 25 144 192 68 77 52 107 143 39 11 125 179 7 62 199 178 123 47 65 131 162 84 158 129 157 92 31 43 56 19 148 5 153 172 78 151 94 
36 175 73 165 45 126 96 182 183 158 95 153 19 53 160 94 24 169 68 7 3 161 191 43 14 185 44 155 62 108 84 105 131 60 122 117 69 102 79 8 16 31 74 48 170 
53 148 180 35 6 132 194 14 86 95 200 191 175 54 172 64 174 155 36 63 33 82 131 183 182 59 73 20 149 80 134 76 18 11 26 107 195 128 84 68 30 169 103 70 62 49 65 196 29 130 13 34 9 
114 147 69 30 16 164 99 37 104 158 70 169 91 188 2 118 128 106 194 28 6 183 134 124 64 46 199 156 8 168 176 38 110 107 149 113 77 145 68 144 136 101 135 115 98 88 66 192 193 127 20 141 27 65 5 200 154 
133 192 134 163 12 13 186 140 194 18 183 63 30 36 121 1 187 129 148 198 45 29 98 156 165 182 31 4 103 185 152 56 99 168 5 65 59 147 28 43 113 84 123 157 132 27 131 35 7 159 184 199 86 176 37 8 111 
124 79 154 119 70 37 92 200 130 110 20 144 32 116 61 143 41 97 197 152 107 7 125 131 156 199 77 158 188 170 46 171 87 65 50 60 81 96 36 3 169 90 134 121 71 103 49 74 161 40 137 
135 106 29 42 134 156 155 17 185 199 53 168 79 125 192 69 200 28 62 100 32 99 172 186 45 48 130 165 158 169 129 34 92 65 54 145 113 173 86 197 
66 41 149 104 65 5 1 61 200 144 154 52 88 26 81 11 117 36 105 120 19 3 80 70 176 185 180 127 123 58 194 78 92 43 49 121 125 83 48 4 20 76 171 129 150 170 
52 2 31 103 30 36 184 145 177 72 114 116 40 195 188 43 50 13 168 146 87 101 129 193 171 23 197 194 69 26 86 39 62 21 126 41 17 33 10 170 14 93 109 18 162 96 138 135 163 1 54 119 130 167 65 55 174 46 
192 103 127 99 187 37 125 69 181 185 5 150 83 65 45 130 158 60 119 121 66 53 148 77 105 144 47 110 194 24 152 71 101 73 91 104 140 120 165 56 
128 163 133 73 62 65 122 16 183 180 78 199 169 14 50 53 13 19 177 112 185 61 181 46 92 58 147 57 99 3 146 70 151 18 191 162 80 104 158 94 27 100 105 121 93 5 193 139 135 116 195 101 140 141 127 86 4 159 
168 83 184 193 150 57 99 162 93 130 197 183 176 78 175 48 22 102 42 170 82 160 148 187 29 173 177 76 111 141 3 9 8 44 37 86 142 95 11 165 70 186 4 84 88 94 174 139 45 151 63 18 91 180 123 107 5 149 
96 171 22 21 17 35 16 29 55 173 18 184 33 131 142 195 149 48 70 136 107 181 23 199 34 132 145 188 186 83 9 89 88 53 105 121 61 68 60 172 44 78 7 167 120 42 15 110 
84 186 151 138 150 159 100 108 68 136 80 29 134 5 190 96 75 146 14 154 129 155 78 35 104 98 20 2 88 7 109 67 141 115 132 69 144 16 168 51 64 105 4 148 145 89 94 110 24 163 106 
195 81 109 19 174 170 51 86 92 124 186 80 129 149 101 44 34 60 67 71 163 123 36 39 140 9 106 155 88 158 59 3 176 75 167 102 26 63 30 78 17 18 41 79 191 12 64 120 138 
127 23 144 175 17 78 97 34 143 43 60 115 20 180 47 109 39 181 89 65 171 12 192 41 9 95 26 46 37 18 32 174 146 87 136 91 75 177 100 156 184 119 29 50 71 56 
180 189 175 191 181 178 31 68 28 120 183 119 59 150 146 64 125 124 1 139 140 167 54 132 138 199 83 81 29 95 123 53 71 188 39 141 126 100 13 72 106 89 12 162 122 117 104 88 57 165 77 107 
161 133 71 182 108 90 91 12 77 97 112 54 70 72 79 25 35 145 93 20 67 82 19 173 16 200 44 83 52 56 105 142 156 153 134 58 85 11 51 166 107 69 129 174 102 76 5 31 59 155 
34 122 14 108 76 36 179 29 42 149 102 196 31 141 177 23 77 103 88 67 159 61 95 180 78 174 44 135 193 39 118 175 155 195 153 7 158 35 20 181 96 49 106 164 117 63 140 142 59 26 79 
83 125 120 32 144 182 95 17 165 140 119 111 148 197 106 5 118 81 68 77 163 181 44 57 28 139 12 142 192 167 90 101 49 42 88 113 91 34 
36 166 47 191 145 116 123 10 146 151 48 149 101 4 26 73 11 128 175 87 41 107 156 164 141 14 154 104 161 49 172 12 177 100 112 105 102 65 
2 88 130 40 165 185 162 25 140 83 70 53 67 109 84 143 183 22 167 134 97 47 120 79 123 41 107 69 31 179 173 102 71 82 108 7 38 68 170 103 58 21 176 94 125 61 200 6 
106 39 30 25 19 65 161 196 166 66 100 131 52 98 94 138 115 97 120 42 199 40 91 132 157 159 164 116 46 130 153 51 86 102 117 84 172 17 60 
91 3 131 84 73 2 79 151 14 62 128 113 22 70 45 180 134 50 7 186 64 33 75 177 156 27 63 136 126 148 124 199 153 4 184 158 138 181 149 11 61 20 23 47 130 115 39 53 120 43 48 198 112 77 
5 128 197 88 47 175 147 12 91 182 89 132 26 193 15 109 27 140 84 150 40 189 96 151 137 113 199 138 141 79 174 19 184 13 146 148 173 16 183 44 42 155 25 186 101 51 170 106 179 55 131 66 
176 175 64 85 14 67 113 131 183 115 134 193 185 26 13 181 153 41 103 171 156 97 128 36 22 139 187 152 192 63 119 143 17 9 182 166 146 194 169 50 77 54 42 142 150 159 
63 186 129 82 191 157 184 109 48 182 78 189 35 140 1 160 87 102 51 112 128 153 135 137 97 181 71 70 110 46 190 106 41 170 80 150 56 2 26 66 107 143 133 15 118 152 40 98 62 9 28 20 119 88 36 193 
12 167 60 7 76 181 74 147 190 48 42 65 25 157 123 195 108 151 191 125 61 56 96 115 55 8 30 15 177 81 194 99 24 87 82 176 137 120 165 57 17 104 174 101 77 145 106 129 6 11 2 53 144 50 70 
197 174 189 119 142 125 193 178 36 169 157 166 31 35 3 65 9 177 131 56 88 87 156 94 62 181 8 162 151 134 51 19 71 101 199 89 26 44 93 64 73 67 29 107 33 196 180 38 137 72 86 70 
42 74 153 181 117 111 87 162 186 109 133 107 138 85 114 113 37 65 17 176 179 184 142 61 11 160 79 199 193 39 89 101 33 38 27 132 200 197 169 175 159 67 108 135 58 194 163 46 36 97 99 49 156 189 143 173 83 2 5 73 147 172 195 
60 170 87 80 68 160 192 76 33 174 185 63 134 195 89 147 48 169 47 161 188 51 117 83 96 129 141 26 119 71 2 78 163 146 4 108 190 156 107 35 104 45 56 165 122 194 61 143 
77 190 79 149 174 64 41 172 181 59 139 116 54 63 184 18 159 113 152 120 189 148 186 34 49 156 89 195 183 92 96 35 104 103 170 39 106 84 71 50 87 57 93 14 95 179 199 166 60 100 30 98 177 
62 100 41 122 136 141 138 155 176 187 144 74 94 54 173 44 160 72 68 108 4 12 6 89 47 153 82 63 172 156 165 193 13 40 133 125 143 60 163 109 87 191 115 134 85 168 120 101 102 
125 14 107 144 18 193 73 187 140 124 76 161 109 194 143 198 188 181 127 68 48 132 111 46 106 70 145 108 19 69 173 82 129 4 56 74 191 117 29 25 61 96 
84 44 194 43 52 105 117 130 166 37 91 184 24 21 169 191 141 8 34 26 134 144 1 25 93 128 116 71 135 193 4 122 176 79 174 72 104 85 62 145 124 5 106 38 163 49 77 126 92 35 
89 6 163 14 200 112 109 114 118 156 189 51 73 173 147 56 161 52 110 60 53 155 137 124 40 71 103 152 160 136 75 34 191 185 26 184 188 123 16 168 45 133 
106 71 136 20 47 83 93 29 128 42 77 191 69 134 173 139 160 174 104 170 52 51 99 154 75 193 21 26 110 157 194 126 15 73 178 10 176 98 40 19 171 112 68 161 164 199 129 135 155 168 96 172 17 30 44 163 55 101 
194 115 96 5 4 137 92 120 28 171 138 170 16 116 26 14 41 63 162 103 95 164 195 17 55 74 146 141 169 117 18 111 39 149 97 80 147 35 58 81 
79 198 50 85 126 200 166 31 169 9 99 176 40 170 28 48 47 81 19 61 192 149 63 147 29 80 148 127 16 155 22 91 15 156 23 36 89 188 42 69 161 8 187 17 146 102 43 
115 176 149 135 22 58 110 157 174 41 5 40 8 127 83 23 51 28 180 4 60 125 156 187 169 179 70 153 39 140 3 65 32 43 160 21 133 42 171 126 93 96 26 168 24 190 88 12 
129 154 166 47 175 88 19 105 124 120 68 170 18 36 121 50 99 199 151 75 66 180 70 97 197 83 101 31 123 192 149 55 56 188 155 118 146 16 12 152 100 
131 197 50 171 129 34 109 88 41 38 87 6 149 3 143 68 112 159 94 36 123 1 105 62 15 168 176 100 24 52 30 60 37 122 93 157 158 81 101 115 195 193 142 59 22 156 151 169 84 174 92 14 198 76 95 13 125 200 
57 105 71 45 12 32 22 85 23 129 82 132 75 62 49 2 5 122 21 44 149 76 183 154 91 81 9 7 170 193 48 114 184 125 107 93 43 109 198 69 17 200 156 106 94 178 92 40 60 189 54 47 177 
141 129 190 33 28 161 91 31 157 7 183 113 150 11 41 180 178 15 76 6 47 17 32 118 121 13 51 25 123 53 57 140 142 85 114 72 75 20 145 45 153 148 185 175 
43 78 117 82 22 99 97 98 176 27 161 87 174 32 84 69 21 40 65 125 187 67 180 171 133 54 101 18 13 29 169 107 143 71 127 83 142 173 12 
38 110 51 34 141 23 158 121 172 188 1 7 2 13 176 39 125 87 145 90 106 55 108 40 143 126 98 92 54 74 64 4 47 171 175 94 135 43 71 95 184 102 
132 3 22 140 12 129 172 62 135 178 171 138 155 34 116 21 40 130 118 49 53 4 65 179 69 95 115 97 146 10 104 46 196 122 137 181 200 165 159 64 113 105 38 180 11 91 144 70 161 20 50 51 136 66 177 103 147 56 90 
154 116 4 108 104 21 129 71 42 20 105 160 170 77 93 6 31 1 145 164 11 94 30 111 144 29 50 72 183 151 175 84 34 149 23 120 13 75 185 148 63 123 16 73 115 
123 84 52 44 43 186 45 178 79 155 34 15 198 169 173 100 13 119 53 127 174 194 62 80 76 144 7 199 141 75 148 49 107 179 38 41 163 145 101 177 11 103 181 197 86 196 27 33 48 156 187 85 170 118 153 171 37 77 87 
67 148 172 181 22 89 102 193 29 178 81 123 4 26 15 170 126 82 16 49 121 36 45 92 96 149 179 152 93 147 34 24 98 199 182 59 174 5 69 130 175 139 128 140 66 200 120 154 61 17 23 134 60 153 
125 198 14 8 157 140 101 9 24 182 77 175 103 63 176 43 172 97 174 107 163 94 26 121 11 102 143 153 19 48 49 52 83 147 66 10 159 108 186 155 127 111 
15 145 27 26 163 134 167 135 17 91 96 87 191 16 11 33 144 125 81 95 63 114 138 193 128 127 68 8 71 62 13 48 92 132 147 53 14 5 3 197 9 28 38 121 83 47 84 173 29 
185 37 83 117 35 186 156 71 41 164 95 25 110 22 125 34 174 112 150 169 115 91 5 123 99 143 43 124 153 118 151 173 126 46 193 50 36 78 196 81 51 84 23 75 96 21 138 200 11 47 
193 32 53 6 126 88 66 51 133 131 60 94 123 65 23 105 187 16 113 42 83 195 36 149 68 55 85 183 115 2 80 186 178 54 59 120 168 34 141 143 69 12 67 
73 60 151 185 176 194 22 100 2 83 161 145 16 137 75 167 121 102 18 39 45 193 157 67 52 149 181 150 103 123 173 97 7 136 155 59 109 91 131 111 169 51 130 168 24 64 174 5 148 
78 121 90 39 174 133 152 28 99 134 59 197 150 162 148 66 151 194 4 187 131 57 71 101 23 14 186 32 136 26 180 29 106 53 55 147 191 89 103 142 70 122 183 116 166 31 25 117 76 41 