200
13 7 84 35 97 131 10 108 16 115 32 3 56 51 78 191 186 116 141 88 38 73 188 178 138 34 154 95 195 122 158 120 67 31 123 58 114 85 173 22 174 132 177 54 121 
193 32 135 186 16 87 184 38 140 10 52 164 118 179 131 139 152 73 107 197 68 40 14 35 13 61 62 84 90 111 157 46 172 102 85 191 125 55 136 22 113 141 67 183 9 81 106 120 45 76 123 185 110 
83 40 130 92 46 194 173 62 191 200 101 63 5 89 33 24 8 54 118 80 113 144 109 197 60 106 181 42 72 73 184 85 140 195 18 48 10 117 81 167 199 35 38 120 196 58 198 114 69 1 44 31 51 135 132 
120 17 162 96 7 85 156 86 32 14 76 155 38 40 107 93 171 112 88 80 122 43 116 50 102 25 10 124 135 136 83 127 197 152 101 153 187 178 70 24 183 52 20 200 198 33 57 100 128 41 
181 27 186 105 199 23 187 157 125 73 49 161 34 8 89 185 164 136 67 29 3 11 180 65 135 154 115 32 140 45 16 110 138 64 84 122 141 195 69 104 190 31 151 143 98 39 46 81 124 169 198 66 
153 104 13 195 105 101 54 93 197 11 47 103 7 8 25 188 200 73 85 136 79 177 137 122 74 150 51 61 9 35 32 88 18 39 34 29 145 165 119 129 152 
63 91 29 141 10 23 109 144 4 169 147 28 65 127 68 165 15 20 73 178 102 81 13 162 146 129 89 108 114 6 99 18 116 185 113 104 186 54 55 60 30 8 181 92 61 160 90 159 31 1 
44 76 142 122 17 144 43 124 112 18 111 83 101 149 7 156 86 22 160 126 69 46 113 157 26 161 134 78 141 20 136 162 90 108 45 25 140 80 35 52 47 181 87 103 195 6 3 5 189 70 121 128 105 171 15 
19 21 170 180 191 160 28 41 61 46 44 86 6 104 148 120 27 66 83 151 90 96 190 183 122 140 175 181 134 172 143 65 110 130 11 194 37 164 68 187 59 106 93 77 2 87 196 168 188 36 51 162 22 150 159 167 
7 28 196 63 59 37 103 78 73 176 36 54 143 4 129 96 70 27 3 74 2 86 114 95 199 33 21 53 14 88 158 100 92 136 76 171 119 115 31 1 107 146 111 91 116 191 25 152 101 17 
28 196 161 159 58 126 119 88 96 22 54 6 147 63 39 48 36 74 105 73 52 72 87 14 112 94 81 127 136 95 38 200 90 5 149 17 115 34 157 85 32 151 101 113 9 143 21 118 148 171 
119 26 115 104 72 128 89 148 87 63 144 120 149 79 111 57 191 200 109 88 94 135 192 55 107 38 118 86 30 142 21 80 67 46 155 185 32 198 81 43 58 71 47 
187 85 68 143 77 105 21 199 180 120 87 25 19 137 38 90 1 6 116 104 161 131 132 96 102 134 7 140 17 51 2 106 18 157 42 40 118 167 95 185 61 194 14 135 184 136 159 172 186 26 122 97 
147 34 42 62 118 105 146 101 140 99 129 100 11 186 28 4 27 90 76 32 41 109 169 104 46 194 196 74 17 106 138 150 199 84 52 10 93 63 86 51 126 165 13 80 136 54 143 173 127 38 23 131 2 117 53 
60 37 173 68 90 88 136 138 176 123 35 120 147 38 7 63 57 95 131 195 69 100 198 189 183 188 8 78 73 111 56 168 200 94 47 28 72 197 126 52 55 179 124 174 112 58 116 92 110 115 29 31 
60 188 51 78 28 72 163 74 20 18 43 2 77 5 116 121 168 1 138 127 183 158 176 199 95 55 179 76 164 132 122 170 152 145 21 157 48 56 63 154 99 
155 33 138 66 126 128 120 86 10 187 149 44 194 89 99 159 182 190 134 175 136 4 197 107 14 29 100 11 103 13 164 122 8 183 85 72 45 178 116 43 106 172 57 144 181 27 186 23 147 179 150 47 154 30 73 81 83 
179 147 199 156 71 123 6 180 25 82 88 3 57 103 130 118 105 185 24 68 120 96 7 13 16 166 102 80 46 194 144 170 114 37 84 81 55 110 155 78 124 140 8 42 131 53 137 34 152 125 168 
89 21 72 165 13 81 62 127 47 110 28 189 58 24 66 42 101 163 9 51 57 71 179 54 84 112 175 35 137 76 106 149 178 64 68 45 79 126 44 132 121 123 146 37 131 85 
167 63 153 108 139 100 44 147 195 97 165 57 86 83 65 118 79 161 120 130 73 24 123 54 41 46 190 133 91 117 104 200 174 64 176 87 4 146 196 42 94 140 59 45 189 112 7 8 175 69 115 16 
181 119 196 9 193 12 116 147 104 132 29 13 24 25 42 30 16 86 63 151 11 84 52 182 107 115 144 185 180 149 49 36 28 92 43 39 70 19 99 118 51 150 61 88 59 142 153 190 173 163 111 10 44 117 141 46 128 
8 66 23 149 122 26 38 150 133 141 9 161 181 111 57 115 109 97 1 196 127 80 120 31 11 164 79 139 140 2 32 151 193 175 156 185 85 33 113 29 27 131 81 28 24 184 
36 46 113 186 90 104 174 7 157 75 58 27 57 109 143 110 189 118 133 178 139 166 148 124 183 81 31 165 155 80 74 22 154 184 17 49 121 53 169 173 98 100 67 145 71 72 5 194 55 84 151 43 89 82 137 37 114 14 47 
126 19 65 127 3 107 170 168 49 58 119 78 184 103 84 74 122 40 196 194 164 154 141 116 18 28 61 130 92 64 21 165 4 22 175 95 157 150 163 136 20 83 132 128 47 181 125 148 188 137 155 
13 32 48 188 42 29 166 18 170 53 96 153 6 112 183 158 57 21 26 121 107 175 103 8 72 62 119 148 181 85 172 4 108 41 191 152 70 156 51 28 144 63 91 46 185 164 10 86 179 151 159 56 177 60 82 
186 173 8 188 99 43 22 58 123 162 143 182 30 13 73 179 115 83 97 71 194 200 189 163 41 36 25 12 193 183 48 151 166 146 174 94 92 53 180 156 
135 22 129 89 99 76 5 88 162 84 14 140 167 158 149 74 98 93 65 118 180 10 144 100 17 170 138 73 131 66 187 133 163 110 111 52 119 128 23 132 166 107 105 157 143 177 151 9 190 92 134 192 
92 24 105 100 10 187 14 29 72 7 200 53 158 68 94 69 42 25 126 19 167 155 116 144 9 33 99 139 54 171 194 11 182 95 16 115 176 22 52 15 173 122 21 181 172 84 46 37 145 186 
92 86 74 36 118 196 108 71 122 87 51 165 99 53 6 44 28 77 57 146 38 15 143 187 119 175 126 17 25 21 7 94 22 98 73 110 47 89 155 152 184 40 150 192 85 176 5 67 131 39 60 186 
79 138 112 200 176 185 174 81 7 54 35 21 187 12 130 49 26 125 57 37 50 47 84 131 126 145 152 58 66 142 48 196 113 121 167 75 116 17 102 96 
85 126 169 10 181 70 107 57 32 127 196 89 134 73 38 91 133 128 41 22 1 161 151 34 66 162 48 45 143 36 3 195 175 5 7 56 145 23 158 155 15 86 197 165 118 
72 42 110 61 47 56 115 117 14 67 11 158 12 78 22 91 177 31 38 81 51 163 95 152 130 119 53 100 5 2 44 141 98 160 109 189 1 35 33 37 25 39 194 169 92 4 151 52 147 6 129 106 118 66 93 
126 55 145 147 10 152 182 36 92 65 176 174 86 173 88 159 171 4 35 32 22 175 3 60 59 28 120 50 43 17 163 102 119 110 177 116 185 79 122 189 
119 64 36 113 1 191 116 11 149 165 101 129 18 168 85 6 175 198 50 118 197 106 181 31 51 86 143 179 124 61 76 140 200 82 182 14 196 42 55 147 98 46 192 104 54 5 161 81 139 83 109 72 114 163 73 40 
45 64 85 111 183 96 42 32 1 71 126 8 88 81 53 15 200 179 70 33 167 150 157 130 185 176 110 148 151 3 47 186 56 6 2 97 146 51 19 58 168 104 158 118 195 182 159 178 114 134 30 
39 45 86 113 180 50 92 80 26 85 184 64 89 57 56 63 127 181 31 185 103 77 176 125 67 23 68 133 9 152 126 130 192 191 49 139 33 21 10 69 55 142 11 158 145 200 169 34 193 29 124 
153 30 79 200 166 9 115 167 129 42 15 19 193 197 99 143 180 10 134 120 195 150 152 127 146 23 149 41 78 145 107 18 57 28 138 95 155 32 44 139 43 86 96 
46 22 117 29 199 192 160 1 173 14 47 12 178 31 68 2 70 13 76 43 15 3 186 157 110 83 119 69 11 172 200 65 196 4 159 32 51 101 56 147 73 143 113 141 162 54 62 71 49 137 171 
5 104 46 164 135 80 87 128 166 198 154 149 153 100 191 118 99 117 188 21 173 11 36 136 187 32 6 162 176 94 146 111 67 77 91 49 52 89 29 132 
162 114 144 161 195 176 56 2 175 68 110 113 200 169 64 148 137 53 91 174 67 29 51 151 142 4 83 157 146 24 152 97 96 60 105 43 150 160 58 13 104 73 140 153 34 3 54 70 
92 25 111 49 154 185 107 44 42 166 31 195 9 43 196 78 61 82 122 167 139 47 90 151 74 86 177 4 87 174 55 134 76 117 181 26 105 147 14 20 51 188 156 148 37 91 
172 170 194 71 115 32 133 138 126 162 50 75 198 89 41 13 37 143 147 137 158 146 35 66 52 187 34 78 21 151 20 196 3 18 165 99 28 14 177 25 90 152 95 199 102 19 142 116 132 108 59 140 174 86 60 164 
73 49 132 37 110 75 4 127 197 62 96 199 147 85 38 162 117 157 148 33 121 69 100 186 55 161 188 124 179 41 125 23 143 26 8 151 16 119 200 101 76 21 166 167 81 126 40 168 178 193 53 152 45 84 123 17 175 183 12 120 
141 103 91 71 122 101 9 20 128 123 41 193 52 92 87 150 8 144 21 188 129 56 89 17 171 3 19 116 175 37 82 159 142 151 165 191 169 32 112 98 173 162 102 115 164 68 29 145 172 61 99 187 55 80 74 154 97 152 63 185 109 
5 89 196 197 107 117 138 179 157 123 183 2 56 31 141 50 200 112 19 67 81 152 20 127 119 35 36 129 62 162 43 111 153 79 80 8 172 17 184 144 68 170 137 125 48 
162 116 38 164 21 108 149 158 28 65 74 172 66 141 2 14 117 5 129 84 9 52 118 178 123 110 159 184 39 105 25 8 147 12 128 171 99 199 50 23 58 157 167 3 34 120 139 193 20 18 144 83 169 187 77 
8 15 38 92 157 151 156 179 135 185 170 138 115 139 6 53 97 35 71 130 29 54 59 30 141 149 172 32 41 61 68 111 96 24 117 19 200 162 23 153 72 103 163 17 67 12 126 131 112 195 107 155 173 
158 196 26 165 96 51 75 176 123 110 71 183 171 98 187 62 166 3 174 91 185 31 162 126 45 54 136 16 25 150 148 88 80 68 164 11 192 30 114 99 87 
194 111 134 103 153 90 154 85 41 62 195 80 199 39 163 38 36 177 166 104 91 102 21 23 160 170 30 5 98 94 185 43 146 106 61 173 142 24 
190 138 4 33 73 45 107 174 70 76 164 65 62 159 115 57 118 36 161 155 152 75 90 42 183 91 186 172 51 131 87 96 78 100 54 106 117 46 194 52 112 93 102 30 98 187 147 34 89 191 153 74 
123 48 70 148 83 113 35 165 21 40 173 139 138 16 38 13 157 168 78 25 100 146 14 167 58 41 19 9 111 52 122 91 141 187 29 32 34 1 186 50 160 164 6 119 129 63 68 3 135 153 133 61 
42 27 109 15 155 2 113 4 186 46 178 200 103 196 199 169 93 154 72 191 112 177 32 51 174 99 115 75 44 64 8 142 50 74 76 39 117 66 143 90 141 125 91 170 152 195 14 53 132 144 120 65 21 28 131 11 88 
35 102 143 106 26 43 174 23 32 68 52 155 58 177 99 87 18 112 100 72 66 29 57 121 156 47 167 171 163 132 140 169 10 40 184 28 179 14 91 193 170 133 65 93 162 25 
20 190 122 10 160 38 177 180 40 119 170 50 19 178 80 47 87 28 55 132 103 143 149 6 141 118 200 3 107 90 164 172 165 97 34 134 86 48 147 14 30 114 123 125 11 193 156 112 1 7 77 131 64 188 81 68 69 
187 134 123 159 169 41 197 116 109 23 74 130 158 2 191 160 183 33 44 15 110 80 153 54 129 73 107 68 139 172 75 185 188 76 138 82 18 105 103 148 34 119 175 94 120 43 168 173 81 36 7 84 71 104 12 99 97 91 16 92 127 
40 175 159 167 179 38 184 87 1 81 25 35 182 92 105 69 186 163 79 31 65 190 131 151 86 32 78 95 157 128 155 36 138 44 132 97 154 45 122 15 99 102 83 134 16 101 191 
168 97 117 166 18 12 68 114 131 118 197 122 19 136 158 127 133 58 106 25 100 152 105 75 61 17 188 23 65 116 29 170 143 141 93 50 20 63 161 89 195 36 137 4 30 156 22 115 174 160 15 81 37 31 148 53 138 
26 30 100 12 180 195 65 156 76 60 194 86 198 118 134 200 188 88 189 15 124 51 57 19 175 150 3 167 103 107 154 185 133 23 74 11 40 117 53 110 24 35 1 46 
10 130 101 70 78 161 107 155 77 133 33 72 47 102 100 21 122 110 81 132 42 63 9 125 136 20 145 165 83 188 66 84 
33 29 154 7 164 93 166 128 73 198 58 84 171 192 74 181 176 42 122 199 161 103 188 80 85 16 107 104 97 133 184 83 25 40 190 3 15 183 
41 157 153 32 34 7 175 2 99 49 101 65 57 107 66 163 165 112 184 105 44 9 128 98 189 21 93 92 6 83 173 24 51 127 47 148 149 162 13 62 71 78 91 
118 171 160 169 2 14 45 173 200 96 170 75 165 111 154 49 198 19 38 178 3 107 151 105 78 127 68 43 67 134 89 166 64 92 136 25 115 142 152 139 99 194 48 98 126 50 73 196 61 85 199 123 93 161 
14 15 3 93 16 168 81 139 187 186 128 148 131 113 95 7 57 101 25 102 141 125 75 91 44 123 110 107 198 51 104 188 169 197 11 21 59 151 12 36 195 170 71 20 10 191 96 185 166 136 89 194 
179 19 107 5 34 99 84 132 52 80 195 70 143 54 96 169 155 114 93 192 111 183 140 193 122 131 35 129 138 113 102 89 198 82 40 66 92 178 98 164 154 161 117 95 36 130 100 94 24 20 62 
27 197 38 52 24 9 190 114 57 158 90 200 50 183 7 69 84 171 136 182 199 184 185 112 56 170 46 5 124 142 53 91 148 85 125 33 139 58 180 20 104 100 77 168 73 172 61 126 132 117 164 
46 19 83 98 141 197 61 42 147 143 79 103 186 156 153 27 72 115 94 52 70 53 170 22 188 175 184 93 5 122 59 134 106 169 177 150 9 32 75 142 195 31 30 17 189 155 107 119 68 118 130 74 104 64 199 
12 159 137 99 184 125 1 153 92 77 2 75 5 178 95 104 151 109 199 174 73 164 195 47 194 122 106 123 191 154 111 141 29 180 36 118 62 93 40 167 45 200 147 32 198 176 23 196 39 120 
139 115 119 134 158 18 19 48 55 168 175 156 167 130 80 9 66 186 108 40 142 54 36 53 116 44 114 47 15 91 85 71 38 51 45 102 121 57 62 161 28 92 7 2 149 154 192 131 13 
15 128 38 107 54 162 92 168 97 135 139 103 195 8 199 200 75 3 56 100 155 154 43 79 36 171 132 137 5 28 176 184 20 80 65 177 183 104 179 94 150 
194 173 74 119 172 76 157 73 193 127 154 66 169 4 110 198 80 158 59 90 115 51 64 50 181 89 8 136 40 96 21 100 88 164 113 195 171 25 35 145 87 152 72 186 190 31 83 38 99 167 177 10 
12 79 144 42 162 61 123 44 90 29 74 23 149 68 184 111 102 178 78 18 35 48 84 154 26 88 108 125 190 99 179 38 47 141 186 103 107 19 55 199 127 95 152 114 63 
193 173 190 34 85 137 16 126 59 25 52 110 141 28 12 179 3 166 53 188 128 83 17 134 155 147 185 11 142 84 194 104 154 172 161 107 152 23 66 196 120 133 163 129 115 117 47 168 19 116 70 15 114 32 
182 165 11 50 116 126 6 26 88 173 34 102 81 38 189 3 5 70 119 110 158 60 180 131 120 2 31 156 86 1 27 198 193 7 169 90 161 99 129 43 171 122 40 17 65 62 112 186 29 106 166 140 130 170 82 177 154 55 10 89 67 20 15 
60 55 93 24 44 66 58 165 175 88 121 180 92 102 52 23 50 101 104 77 75 188 196 150 191 171 112 83 200 199 6 177 178 190 167 164 138 41 173 108 10 98 97 70 11 124 181 94 29 134 111 14 16 155 27 46 71 117 160 
199 93 43 143 148 86 42 48 150 170 52 194 111 50 106 115 130 92 81 80 67 119 135 69 23 63 66 157 114 174 110 91 62 97 85 79 84 76 74 161 57 30 189 156 55 151 
133 80 58 187 99 154 52 41 16 106 27 159 34 160 129 135 38 142 104 168 161 169 136 2 43 127 172 19 8 83 199 70 10 4 171 94 50 100 75 156 141 183 88 188 92 197 55 89 109 191 82 163 14 166 
173 65 59 157 184 172 74 39 105 29 13 111 145 126 153 46 109 16 104 116 195 149 96 166 174 147 36 67 161 148 150 164 186 133 198 142 106 188 54 81 9 128 182 183 
71 151 88 18 104 56 114 62 10 160 200 102 157 37 110 59 124 152 123 41 61 51 113 139 90 134 24 173 15 1 176 146 179 195 132 32 50 16 119 103 163 96 166 80 42 8 
132 187 66 188 192 56 20 176 174 158 148 189 173 164 144 182 195 71 186 146 150 37 30 185 166 97 108 22 45 69 114 104 95 19 33 75 102 116 6 115 94 106 12 
197 116 68 198 23 76 22 147 45 132 78 163 124 131 96 49 93 60 48 64 183 190 84 122 8 127 157 3 125 90 179 118 168 39 193 140 54 192 75 69 160 173 155 18 14 174 44 82 4 12 36 112 138 55 86 70 
45 18 89 2 105 178 88 7 32 200 132 57 3 131 22 43 83 23 144 11 182 142 140 34 30 91 90 99 35 114 185 101 161 136 95 73 55 98 56 104 12 75 92 19 77 17 54 123 84 5 59 120 63 
93 55 124 86 85 112 197 131 41 162 132 34 80 152 135 188 139 169 185 76 73 44 151 97 199 89 23 187 90 150 178 64 18 25 96 161 165 174 106 171 182 200 119 
74 51 148 172 26 146 123 110 141 59 122 24 88 179 20 72 34 171 99 4 129 173 56 60 101 100 160 76 134 3 81 182 8 135 46 9 130 66 119 38 140 40 61 102 111 186 70 17 87 197 184 153 
64 117 188 116 178 81 86 93 147 59 189 43 24 146 180 200 138 23 179 131 1 46 89 168 80 2 94 14 144 55 27 176 106 19 5 18 71 150 75 157 65 21 132 30 28 60 174 72 
163 82 110 4 173 188 75 192 17 86 177 106 112 92 19 109 147 62 22 13 150 142 25 29 197 105 162 178 60 36 31 35 6 113 3 65 11 145 72 90 157 169 1 176 34 2 49 114 68 43 139 
17 41 31 193 103 29 116 120 37 75 34 113 129 142 4 125 85 9 58 21 36 82 102 183 189 20 181 123 80 150 12 25 147 144 56 84 106 33 115 10 145 54 94 108 14 182 90 8 96 119 111 73 146 42 110 
89 11 48 200 44 137 117 56 12 70 96 112 105 41 102 148 39 194 109 13 2 92 29 53 169 119 121 83 114 188 9 182 127 20 118 192 146 128 155 54 90 8 186 172 165 125 50 
52 134 71 90 159 182 122 12 58 76 1 179 4 11 105 157 74 162 21 27 151 78 101 139 143 166 48 6 129 131 33 35 125 73 128 18 116 10 81 153 70 132 15 197 121 83 196 170 
27 19 36 193 132 124 57 128 62 176 63 91 122 5 50 178 135 29 64 45 31 98 99 81 174 194 82 125 130 161 141 136 39 23 179 152 144 105 7 115 165 73 87 106 104 109 44 162 3 17 70 12 76 94 171 199 42 84 192 
183 88 100 130 188 23 110 73 82 181 137 99 71 97 154 128 70 11 164 163 49 86 80 117 96 161 2 87 85 14 195 41 78 50 9 158 52 42 111 160 123 172 7 13 120 182 150 186 54 15 114 8 119 112 65 101 81 
75 53 115 65 162 100 7 197 123 61 113 156 10 50 68 154 41 89 39 178 51 25 49 40 63 161 146 182 150 81 116 200 99 20 52 192 111 124 184 48 142 140 44 180 186 119 55 103 94 133 32 127 31 97 
175 106 189 179 56 109 103 181 7 67 140 139 183 28 87 126 168 81 160 94 124 195 145 167 122 151 61 129 27 64 15 158 24 33 170 36 108 114 55 3 85 110 76 69 186 152 26 162 10 173 197 41 190 62 75 112 135 148 32 93 131 178 47 161 68 21 44 29 74 141 
74 132 6 75 190 187 143 96 61 123 32 183 67 107 196 52 175 191 111 170 158 151 14 131 27 80 135 53 144 136 62 63 4 57 186 198 152 92 147 128 160 84 50 60 66 185 64 125 82 9 127 
15 91 26 120 20 182 165 89 39 124 115 178 114 84 170 145 86 109 143 29 131 140 66 193 105 69 64 92 49 28 76 157 12 186 11 118 130 151 107 74 55 79 
188 162 1 159 13 42 98 37 97 11 179 107 118 195 145 56 32 196 117 178 16 148 140 63 175 81 64 10 28 79 120 71 24 149 171 138 67 186 99 177 192 15 
127 82 77 9 35 10 112 190 178 4 101 63 129 37 47 200 11 124 90 97 80 184 158 172 145 18 195 50 70 122 147 102 105 30 62 78 143 93 43 40 177 25 87 133 146 64 86 139 98 111 136 166 13 154 48 148 
130 74 96 165 194 150 13 100 35 69 156 44 174 75 47 117 123 56 91 20 139 153 171 181 159 128 183 79 26 60 82 95 184 40 137 126 196 169 1 57 113 90 135 104 106 54 55 22 199 
153 151 123 152 175 48 109 144 64 154 66 108 185 192 61 34 23 121 162 32 5 62 50 186 161 166 174 182 44 96 129 159 27 157 89 180 49 107 99 81 74 145 29 95 199 101 
27 26 187 122 48 83 16 118 70 56 52 134 178 127 37 91 89 73 90 174 132 110 165 195 39 7 145 104 42 166 53 76 121 116 67 143 197 81 46 188 64 98 29 176 62 61 95 189 71 55 17 44 103 123 102 21 14 140 138 157 144 28 
192 76 51 138 32 83 39 97 15 69 107 65 183 139 150 124 115 59 185 53 90 197 28 58 23 167 135 178 164 112 4 10 17 27 169 109 184 20 50 134 180 190 57 144 102 191 43 200 70 14 64 91 199 121 
116 4 162 3 88 169 59 187 106 96 10 11 148 102 63 132 123 43 98 83 8 196 90 38 157 61 14 74 198 19 143 151 103 125 115 120 44 200 128 182 111 6 105 56 137 145 34 175 183 160 184 81 
162 83 68 99 192 126 111 177 139 156 182 140 33 132 154 78 50 144 71 96 63 131 73 74 113 117 56 151 112 13 53 79 87 59 115 185 4 160 30 44 146 18 169 7 121 114 42 100 64 180 2 191 101 49 86 
66 60 195 137 78 109 165 69 55 101 92 149 116 58 17 166 71 24 49 25 174 130 54 150 52 144 122 18 156 143 44 124 8 99 114 164 91 36 134 47 10 187 86 113 178 147 132 6 
14 63 179 129 65 5 39 35 123 66 117 69 130 151 150 200 81 181 79 6 89 21 77 55 23 180 34 9 74 78 20 99 60 40 13 12 158 127 162 76 97 177 190 72 110 183 67 193 7 139 49 
56 191 140 6 13 181 149 174 157 27 109 96 61 134 85 138 176 150 143 185 159 178 8 110 14 88 57 111 172 28 94 77 179 81 46 5 11 127 101 131 41 186 40 89 160 141 144 156 187 194 18 55 87 62 
163 3 19 9 195 66 84 32 17 75 92 118 113 182 85 76 86 117 116 121 2 49 14 67 101 110 97 13 154 53 128 138 50 173 171 34 79 82 109 89 57 167 178 73 77 
160 12 10 171 180 50 145 31 55 62 179 58 47 54 71 66 61 162 142 192 189 63 60 25 93 123 17 136 174 175 4 169 140 27 2 143 69 41 45 100 157 59 24 72 186 98 21 166 94 37 95 134 195 64 
20 139 138 185 124 159 184 68 116 163 157 71 195 123 113 1 74 42 8 129 170 7 111 114 164 29 146 79 98 46 92 86 189 137 176 151 25 147 135 
76 87 154 98 85 190 136 22 34 67 55 106 103 137 161 180 92 14 105 126 134 189 158 178 175 120 32 23 100 145 77 129 7 139 127 3 156 44 150 160 89 196 171 111 12 152 123 131 52 94 121 
99 32 46 104 2 38 122 194 19 55 180 137 58 182 144 139 27 193 40 70 78 90 176 83 173 130 141 175 86 15 177 147 9 188 134 126 33 125 48 35 181 73 105 29 124 43 155 59 85 75 106 92 187 160 5 169 72 18 23 63 
74 169 75 102 193 164 176 12 108 86 45 180 96 91 125 197 129 192 47 118 27 35 2 185 131 114 137 71 105 15 170 109 64 101 128 123 41 196 174 21 154 90 39 10 77 115 22 158 62 67 93 49 167 51 194 8 83 
52 53 135 61 143 54 131 158 155 165 30 125 150 74 4 11 85 73 114 45 8 15 90 47 168 92 87 152 100 174 200 137 82 65 172 102 19 80 96 25 20 44 171 141 50 181 
122 70 193 51 115 36 52 97 152 2 108 170 162 128 106 91 103 22 155 34 8 119 78 11 3 149 159 85 7 130 102 195 63 64 86 38 133 172 191 40 117 141 200 194 132 23 30 
178 155 48 185 108 40 75 85 192 173 135 183 111 54 134 151 35 90 124 7 64 121 115 167 147 131 68 71 172 197 103 94 65 18 166 144 130 1 10 102 34 112 79 92 141 57 87 81 187 72 132 3 23 163 139 78 
12 20 113 66 102 142 5 62 111 188 101 139 182 10 200 183 70 11 68 26 150 32 114 52 130 125 47 21 116 15 89 75 91 149 28 173 57 118 37 86 146 148 121 50 1 138 193 184 159 42 94 22 44 165 79 180 72 175 100 
13 101 30 46 106 172 152 133 86 179 28 88 77 24 42 180 4 7 21 91 79 10 44 99 55 141 157 34 115 15 33 16 17 177 84 122 72 108 73 57 149 80 153 188 184 147 124 103 1 68 
106 58 95 20 102 186 189 113 64 130 14 179 52 41 87 43 167 84 97 72 45 46 90 122 39 38 57 190 3 123 145 187 47 74 50 21 32 104 144 143 163 197 65 176 
80 67 66 164 115 99 154 138 94 106 161 46 149 13 34 11 120 168 111 3 57 160 170 190 124 54 188 29 62 50 27 20 87 23 169 18 130 58 122 196 31 14 184 139 156 35 95 39 12 125 32 126 2 21 
34 33 137 139 150 70 170 91 24 12 153 55 165 90 200 78 86 166 83 32 159 188 176 199 29 129 156 68 45 75 135 11 177 140 82 27 43 143 73 173 38 151 66 6 193 113 25 51 87 187 132 54 21 146 10 136 
194 126 33 15 2 181 12 9 156 90 188 118 131 109 172 157 122 138 198 46 18 95 190 55 193 185 20 121 167 123 43 145 127 22 17 162 130 101 4 3 13 1 86 200 67 52 73 179 150 37 81 72 94 199 169 196 128 
115 178 43 102 114 100 106 153 25 19 120 23 139 68 134 1 30 161 87 164 137 143 194 53 174 8 132 158 74 130 165 88 199 99 131 109 188 163 98 166 16 180 187 
60 171 126 56 103 92 22 44 57 166 29 89 80 117 9 110 41 173 24 83 66 1 152 186 16 200 33 164 116 73 88 28 120 170 191 130 13 178 67 151 158 8 51 5 4 118 17 54 133 6 59 113 148 99 123 124 96 181 64 
19 2 183 144 54 67 86 109 111 135 15 142 132 43 178 159 177 20 120 169 83 163 48 97 117 171 138 176 71 18 104 45 99 46 107 98 26 55 44 193 101 133 160 122 187 90 1 81 191 91 154 199 51 78 108 63 62 195 93 
100 108 198 15 8 36 58 139 141 148 118 91 89 180 94 173 78 92 114 110 82 160 4 146 132 23 134 125 171 103 65 122 175 126 18 96 5 43 74 176 80 144 151 184 185 34 133 116 156 172 130 164 
86 87 181 67 101 30 154 184 175 2 187 118 5 171 145 158 59 115 71 197 196 89 124 112 147 168 174 36 129 54 18 80 133 111 140 93 52 177 63 88 182 142 65 24 43 45 110 144 180 167 
19 65 136 17 43 197 110 62 190 180 167 11 33 152 144 148 195 147 30 28 35 48 24 169 29 31 14 92 133 155 97 73 189 15 47 196 120 109 122 191 124 42 77 118 8 72 163 139 36 102 184 
167 57 93 158 109 55 31 138 128 177 4 45 148 155 99 7 144 105 19 161 62 87 130 14 189 200 24 22 170 71 96 188 197 36 11 145 43 120 91 80 104 16 76 61 37 139 70 
113 63 156 46 61 12 127 17 90 87 60 89 72 93 39 120 192 27 56 21 160 190 88 154 97 69 44 195 191 77 4 101 106 8 31 147 151 111 24 
32 34 125 196 88 96 98 135 111 174 119 44 141 27 136 86 64 193 171 161 186 133 10 104 179 51 46 83 109 76 151 72 130 169 55 108 160 145 14 45 73 37 175 6 92 7 
24 30 173 55 120 160 185 170 162 32 129 133 153 154 75 104 35 103 47 18 59 164 140 3 90 121 127 97 73 167 124 110 68 165 83 36 117 113 114 166 9 64 136 194 118 122 115 171 89 198 66 20 94 
13 150 102 81 191 80 47 27 1 145 114 29 15 30 160 84 151 88 193 19 56 200 68 171 109 166 105 183 2 93 194 18 157 120 111 112 82 52 92 170 54 14 64 94 173 57 195 63 50 159 121 175 73 174 22 
103 196 52 134 198 185 143 121 119 102 88 65 190 53 39 199 54 157 186 3 84 137 80 59 89 78 99 13 16 93 113 154 82 79 151 147 101 123 21 165 43 24 1 179 69 81 114 19 42 27 172 56 152 64 124 
123 72 195 171 76 20 60 162 137 42 161 53 130 27 135 129 116 198 23 191 57 142 177 190 186 136 151 31 172 167 183 59 113 145 154 91 77 164 126 134 58 96 124 51 122 125 165 36 158 138 22 181 
110 8 58 27 66 153 195 54 17 199 121 31 83 152 109 107 78 9 105 49 133 166 124 68 168 163 37 162 41 35 103 197 132 88 74 100 99 177 183 114 55 72 56 62 147 13 165 176 142 184 
3 69 82 195 158 75 140 151 27 97 39 133 198 83 185 176 100 47 155 114 108 174 12 4 169 112 157 186 146 51 188 129 76 143 13 171 119 123 93 5 89 92 2 
6 89 17 171 59 65 129 39 48 126 144 4 178 193 167 141 142 5 138 96 15 93 139 2 24 151 81 10 62 189 119 165 175 11 70 13 8 63 192 169 14 76 109 190 130 107 187 57 133 
103 148 112 13 163 90 40 146 19 188 169 18 133 189 111 168 23 109 87 42 24 121 101 6 119 196 175 132 110 57 67 45 167 157 72 97 192 143 69 38 108 
14 74 30 127 100 158 118 165 144 42 5 154 136 177 174 115 123 45 120 152 16 186 80 106 99 179 17 133 57 95 50 1 15 64 47 142 146 105 51 145 37 108 182 84 167 55 27 178 56 
197 68 46 115 151 65 140 88 97 92 174 78 198 114 136 173 41 170 82 96 195 104 156 85 20 126 118 199 69 148 121 34 124 23 47 55 179 184 109 143 37 22 2 28 51 127 63 62 36 110 100 177 119 102 108 
18 135 81 199 130 42 195 9 34 119 83 102 105 5 53 107 94 99 185 27 139 165 186 20 200 95 13 40 146 2 143 22 125 154 144 3 91 149 64 73 14 80 8 92 174 161 
57 113 191 54 52 182 66 45 110 8 165 153 83 7 51 163 67 183 76 47 178 161 38 159 168 71 172 22 24 129 32 160 46 92 44 2 157 105 112 124 21 174 63 175 184 116 188 190 114 136 5 72 89 171 150 1 
134 115 52 40 167 85 125 147 81 65 107 68 36 66 156 133 21 77 160 72 76 62 174 123 42 192 159 30 136 8 91 155 44 12 138 86 49 
196 175 168 34 57 93 193 174 149 88 153 112 27 96 75 43 64 156 172 155 186 137 139 5 179 135 198 53 101 121 105 180 200 9 107 66 23 13 184 140 52 159 117 11 54 119 194 103 160 38 132 26 195 171 10 99 37 14 94 42 31 29 
114 183 28 136 27 102 93 117 172 21 123 148 3 100 157 126 168 195 25 138 8 124 40 17 110 44 79 182 127 7 84 140 86 18 98 125 162 105 45 158 160 12 71 46 152 99 89 81 185 191 197 174 175 52 103 
33 182 16 30 133 44 170 147 86 36 92 129 23 96 125 131 94 107 127 138 192 37 179 95 187 166 178 194 109 151 164 70 200 117 101 77 153 98 158 190 59 85 28 31 99 181 120 161 6 
40 78 10 115 161 102 155 96 29 140 42 200 137 185 196 39 135 79 124 19 147 87 153 91 83 20 197 167 51 84 108 37 7 170 86 26 14 199 49 138 119 192 35 
50 148 86 93 85 110 15 116 114 72 14 77 145 155 178 43 157 42 197 18 66 41 170 54 103 46 200 33 34 188 195 96 167 159 38 21 168 158 132 17 125 180 134 7 142 146 128 20 32 11 108 151 80 84 126 67 
23 40 83 122 57 11 51 139 79 101 48 12 87 170 174 137 92 115 95 35 127 147 65 193 191 124 165 96 181 75 144 195 24 173 166 63 179 43 9 25 55 126 77 61 41 
116 71 140 153 46 68 178 184 61 103 77 11 27 188 143 95 39 154 34 21 152 187 156 115 105 113 118 185 8 54 47 22 179 12 37 17 19 
166 44 48 17 183 141 86 109 66 105 131 158 190 37 77 152 22 104 115 82 40 21 14 58 171 24 97 74 112 90 194 169 75 163 9 167 191 100 69 6 91 193 181 168 85 29 35 120 79 188 178 103 84 119 
108 63 67 9 92 101 158 190 40 43 47 180 124 187 104 114 56 44 192 122 62 136 23 139 131 178 21 31 88 128 78 27 41 186 26 147 11 102 197 82 25 200 94 35 75 93 133 42 181 132 175 179 166 5 22 129 32 194 119 172 98 195 145 135 
170 109 33 195 185 89 132 112 29 10 150 188 50 52 37 126 144 42 122 45 72 30 134 70 36 78 6 2 32 149 160 57 191 138 92 62 82 16 98 18 4 161 71 196 184 116 162 113 40 44 25 43 93 
25 141 55 116 119 146 20 39 98 196 161 156 66 157 167 47 145 162 134 49 163 178 121 45 6 83 50 77 21 143 61 186 97 149 4 37 166 130 181 40 176 67 51 158 88 195 200 160 
1 159 90 128 149 96 41 76 102 167 39 125 132 58 198 164 24 71 17 91 69 62 168 16 44 106 140 60 70 186 155 52 123 56 68 98 5 118 158 130 111 64 109 73 23 49 67 133 138 172 72 
142 29 12 166 64 66 199 23 186 18 24 154 161 113 127 47 135 28 59 169 114 56 53 80 4 164 69 87 143 172 17 72 50 74 37 147 158 200 176 146 52 31 112 110 126 
191 143 73 103 109 26 25 163 186 105 22 57 120 76 179 128 41 18 91 4 75 68 66 58 124 149 159 139 153 97 8 142 200 175 53 199 166 119 102 181 196 198 54 195 47 118 161 
16 184 38 75 43 47 61 5 178 85 98 101 116 70 56 131 24 169 190 23 107 27 132 153 35 11 88 78 46 51 84 174 80 137 13 175 144 40 167 77 165 108 161 147 183 2 99 45 196 105 8 94 120 192 135 141 
111 127 181 112 173 135 48 28 121 32 68 153 154 16 65 125 145 1 133 199 79 174 172 147 93 138 27 25 55 57 104 42 90 144 151 36 70 150 46 35 160 109 183 73 96 31 92 122 184 155 190 171 10 
56 119 11 98 25 46 131 38 44 165 35 9 67 105 55 113 50 7 177 123 147 154 76 97 143 178 115 195 173 33 13 190 142 95 17 166 141 88 108 156 
9 128 54 129 90 124 172 62 144 158 196 185 130 8 49 107 55 184 153 141 199 7 105 38 57 166 32 198 200 83 51 92 93 131 143 101 167 78 152 170 168 182 173 110 142 193 80 74 190 123 40 118 177 109 102 165 76 
50 82 59 89 22 98 141 40 43 121 57 20 140 129 60 118 34 91 90 109 8 178 73 64 180 156 183 152 146 13 75 133 11 76 175 157 187 194 31 5 127 92 153 196 62 155 170 72 190 81 68 195 145 197 188 167 77 
153 26 191 38 39 130 98 9 91 199 45 144 8 134 31 89 47 42 104 44 7 40 48 133 85 71 102 61 43 69 82 92 169 152 88 176 107 163 184 95 27 192 4 195 113 46 120 101 198 53 
32 121 200 180 56 61 21 78 196 126 33 24 141 26 165 181 123 156 114 53 80 134 179 85 153 186 192 19 177 72 27 106 171 172 193 16 199 34 47 90 164 162 150 175 137 49 117 76 108 
103 22 74 24 167 70 50 42 9 175 170 181 2 145 25 39 133 122 198 108 190 111 154 67 186 54 155 166 51 163 17 90 171 124 130 5 77 44 46 64 121 60 16 48 65 100 79 191 118 
74 172 31 191 163 54 14 115 97 6 197 170 19 44 134 89 138 62 176 82 119 140 73 141 133 99 157 166 42 7 121 29 136 103 51 130 112 173 196 148 48 24 188 194 61 23 59 132 34 159 87 94 160 20 
73 25 122 167 88 107 60 119 121 49 48 39 96 23 196 130 26 198 134 165 148 150 41 145 159 63 186 62 131 37 172 164 18 76 77 153 57 27 156 79 98 78 99 160 114 187 103 188 151 155 72 43 
111 150 68 43 3 160 133 41 164 126 154 9 20 189 74 169 114 27 170 35 51 142 146 175 195 138 153 161 157 46 100 58 53 136 147 166 28 137 13 56 120 117 37 106 125 130 92 190 30 67 197 70 127 
9 154 16 34 76 143 174 51 147 197 134 92 63 43 118 72 144 137 194 65 57 55 35 150 169 69 15 182 180 160 18 84 112 198 24 125 80 68 141 177 
7 5 199 123 40 73 120 70 85 157 155 66 52 129 101 176 36 62 137 168 107 136 118 97 82 126 64 194 102 110 87 198 100 162 76 179 46 44 23 111 14 150 55 53 135 31 63 193 167 32 182 
190 164 130 42 62 167 18 174 66 47 25 131 139 93 177 75 52 65 165 49 193 122 147 118 198 73 27 146 161 24 200 152 57 182 54 175 94 108 188 9 145 148 92 113 88 127 119 160 53 63 16 45 111 
38 8 106 164 76 124 53 143 163 48 130 133 74 107 95 70 150 44 28 62 122 194 89 60 186 175 97 173 4 69 125 33 136 141 82 73 200 112 46 83 158 109 11 135 10 131 172 129 65 183 123 
105 77 44 124 70 47 46 50 165 175 112 42 9 2 65 155 166 120 116 113 163 190 158 171 180 90 72 132 25 133 154 76 96 13 54 55 45 160 114 141 144 183 87 182 191 83 28 193 151 176 17 143 38 
124 33 131 72 79 174 51 14 15 26 73 148 165 21 178 175 122 83 85 115 159 199 158 62 47 78 80 61 179 189 119 74 55 3 200 171 139 39 49 28 130 114 106 38 1 184 77 160 23 44 110 70 92 
103 148 139 105 84 26 1 75 143 48 42 125 57 67 170 131 129 107 41 140 82 141 80 173 33 23 97 179 178 144 53 99 142 77 52 200 158 20 186 112 15 98 168 195 135 50 111 89 121 138 40 30 79 157 199 
17 43 74 56 172 95 144 141 136 9 151 173 197 93 186 44 124 156 170 20 66 129 58 107 40 164 125 110 137 196 55 178 68 34 177 161 143 188 131 25 181 171 24 33 101 61 92 109 22 19 115 31 98 167 157 163 193 29 
39 89 135 169 184 67 108 134 79 15 30 182 105 99 60 177 10 180 155 172 20 84 78 162 153 181 36 110 124 111 28 40 165 69 193 48 123 29 117 85 33 119 16 35 
25 160 42 52 70 53 175 102 133 138 123 85 27 110 159 69 184 182 33 96 1 127 116 6 119 104 134 139 170 176 163 125 74 199 95 49 41 66 73 197 32 181 168 54 
35 96 161 4 99 114 149 175 194 74 183 198 54 122 38 92 136 157 100 71 52 103 85 141 174 43 138 94 109 181 64 1 67 147 123 105 82 7 173 193 145 84 151 23 121 91 159 62 17 95 19 81 150 89 106 153 46 
116 53 18 34 89 143 26 71 104 15 25 187 92 17 84 190 169 43 163 2 64 189 19 139 149 148 72 145 105 138 192 120 78 80 174 83 45 156 194 117 151 129 180 132 173 16 35 56 107 95 47 88 69 
161 125 147 151 107 196 91 21 111 84 27 115 168 184 18 104 74 54 73 187 5 110 172 13 9 163 197 186 100 26 191 121 124 116 109 65 143 67 126 181 37 98 179 58 190 102 176 36 
41 22 7 105 92 178 158 28 31 190 8 112 122 36 180 60 151 97 120 197 25 175 110 24 34 184 133 3 90 193 176 164 163 86 5 74 17 145 156 125 195 177 9 70 148 104 21 150 153 
106 56 115 198 83 168 65 34 177 145 176 101 73 186 33 110 138 79 102 187 98 90 191 170 172 160 26 141 88 185 86 200 169 91 81 94 144 192 17 190 28 87 77 35 125 82 197 21 
60 114 141 65 150 97 45 23 171 101 86 157 25 50 69 92 158 194 77 9 64 4 76 35 90 172 123 2 16 144 26 17 115 48 104 134 178 100 161 43 199 93 55 80 131 15 133 
115 149 100 158 45 101 65 139 53 71 96 160 116 3 177 83 143 126 173 188 124 22 36 69 176 61 29 157 23 91 46 200 97 56 134 180 187 125 13 191 2 141 66 24 181 152 196 118 77 60 67 108 162 
33 49 105 18 58 120 152 144 12 82 81 196 79 124 140 135 36 30 146 65 111 130 98 47 22 108 25 7 2 149 48 93 199 41 13 5 132 114 35 100 102 21 44 197 182 55 160 63 72 
140 56 129 35 71 52 135 192 7 26 166 2 133 5 117 90 70 95 174 98 83 107 91 164 163 51 50 43 182 29 175 28 180 153 143 17 154 132 193 14 155 13 23 1 92 196 73 171 195 77 138 38 151 105 122 63 94 87 93 68 156 66 79 
123 17 55 194 119 50 48 99 42 5 161 27 136 105 9 39 44 110 180 193 182 63 79 179 184 191 51 121 101 4 192 13 46 117 114 103 145 151 29 125 82 93 166 149 76 30 28 
195 72 149 152 137 79 141 6 63 57 147 26 175 110 43 55 76 39 87 58 41 120 135 99 25 170 24 127 9 66 16 150 115 165 60 199 161 85 59 90 74 15 54 166 82 119 116 44 1 77 95 184 118 121 84 
19 8 61 137 173 32 58 20 92 66 79 86 136 109 75 127 179 73 99 15 167 107 23 26 117 193 84 33 108 126 
9 17 132 126 56 5 133 180 60 27 136 167 182 54 160 128 80 20 96 74 65 195 93 104 150 50 71 179 157 172 109 120 193 181 197 21 117 164 170 141 70 92 151 161 145 158 72 159 118 100 
152 25 39 131 3 150 165 126 182 123 76 141 113 1 63 9 55 193 52 198 172 50 164 56 34 10 156 144 128 122 67 184 2 187 100 93 148 102 162 180 12 133 105 74 44 36 
60 38 64 200 187 163 68 198 145 85 128 196 114 111 98 142 182 29 12 48 137 27 91 107 151 157 102 95 186 136 80 100 179 194 34 89 146 87 162 36 79 
37 46 111 181 178 104 143 89 131 72 80 53 129 190 175 22 94 150 73 70 196 189 169 172 160 86 119 120 176 26 115 123 148 110 187 44 21 191 64 2 186 163 113 36 54 170 43 136 
161 26 187 165 75 121 18 67 24 28 195 145 62 63 105 151 14 111 23 178 171 183 169 131 97 17 72 192 196 150 168 179 49 120 89 130 58 50 42 32 13 197 70 87 3 143 9 113 110 
67 134 103 49 58 66 147 128 41 151 106 143 78 144 108 107 190 70 92 57 95 196 152 35 90 20 64 159 194 186 1 131 37 69 148 126 99 96 113 8 63 167 153 139 133 31 123 52 77 79 140 161 162 135 5 181 15 47 40 6 156 3 197 188 174 
3 125 185 146 101 153 120 157 195 198 11 9 30 156 132 180 129 34 95 88 118 22 193 41 184 42 160 52 143 21 197 29 14 186 93 175 72 152 126 67 192 194 45 200 97 161 20 24 74 166 62 10 109 31 137 165 48 163 199 38 111 
92 17 43 65 168 165 144 100 88 180 190 114 45 127 3 31 6 66 175 151 126 55 134 4 111 76 147 2 139 185 82 91 83 80 146 194 161 182 57 196 125 85 34 37 167 63 195 99 177 181 117 15 
70 42 168 133 178 191 73 139 182 39 60 64 120 15 154 63 166 169 162 101 135 67 3 124 58 160 4 93 62 12 5 34 130 196 143 192 170 77 132 164 80 156 
38 146 42 183 140 196 74 119 5 16 163 71 173 134 120 18 177 14 97 139 123 160 49 75 10 13 66 185 100 155 60 98 162 89 52 62 188 156 132 158 67 3 43 69 65 46 169 121 82 174 76 
78 156 151 36 96 184 174 4 15 140 112 67 82 40 91 104 26 54 131 81 12 146 84 122 35 65 20 163 101 62 45 153 11 160 3 120 127 74 119 173 155 43 30 196 58 113 100 147 115 170 143 37 182 87 69 145 171 38 47 34 52 28 6 192 