200
183 179 33 121 128 59 2 68 116 146 111 167 48 148 77 132 53 73 52 174 86 28 105 8 200 60 182 9 137 23 178 39 123 165 74 55 89 186 134 153 157 6 97 125 42 142 149 103 47 130 161 11 115 19 109 158 194 78 29 171 10 127 152 192 184 26 49 180 45 98 168 66 177 102 18 25 163 164 24 91 138 185 57 50 122 67 75 90 4 187 139 124 181 135 92 84 62 104 154 72 3 44 170 5 160 
149 173 188 160 78 55 31 175 38 22 70 152 44 171 8 95 104 158 40 87 159 6 23 3 182 144 66 45 71 130 42 139 133 200 167 194 111 141 162 94 41 157 179 97 140 181 186 61 16 21 1 84 115 172 18 13 53 17 169 4 29 85 52 192 51 122 83 126 168 65 14 50 143 27 100 119 77 199 170 26 48 68 96 187 125 166 124 79 92 93 46 
84 81 69 168 145 131 125 79 91 2 126 104 180 96 115 138 118 150 166 148 66 77 59 61 34 12 21 170 76 195 112 31 163 149 58 192 45 187 128 30 154 156 19 135 68 44 136 143 23 46 117 172 74 105 6 194 92 177 184 153 111 87 161 57 13 181 9 39 95 137 43 200 60 42 18 63 164 151 38 85 47 147 49 121 55 54 1 134 51 102 191 159 56 183 129 141 106 75 11 109 90 142 40 
121 23 89 22 165 16 15 143 198 104 200 69 134 106 7 10 127 180 55 156 98 24 26 147 102 109 138 31 37 193 81 183 171 159 73 80 82 135 150 108 126 130 145 178 1 79 19 110 57 40 72 107 38 64 120 168 59 9 122 176 99 49 61 86 115 2 175 129 42 153 148 131 191 146 196 85 75 66 35 101 74 90 185 161 128 155 184 144 173 162 177 164 188 87 53 95 51 199 17 137 27 83 151 93 33 65 
48 130 20 141 109 161 146 149 157 36 112 102 110 64 186 59 164 180 113 173 179 104 101 106 168 97 197 40 116 25 45 32 147 172 46 103 13 30 43 6 114 77 33 167 159 31 80 91 39 175 126 84 142 58 96 78 82 23 124 85 155 87 165 181 171 51 1 72 88 65 162 83 50 185 131 133 199 24 169 99 135 55 41 15 195 145 14 98 132 153 10 189 134 160 100 35 74 19 76 117 70 105 
99 129 3 61 174 5 45 62 53 30 130 2 123 134 197 73 70 138 16 191 54 198 159 11 190 51 128 165 55 93 152 189 137 82 56 87 79 19 52 126 111 106 66 158 131 8 89 180 94 77 10 37 24 90 60 34 141 154 44 115 78 17 83 103 7 163 71 23 63 108 120 42 48 186 150 25 183 76 169 127 110 170 32 59 112 36 88 156 109 97 47 178 18 155 117 57 14 164 114 69 196 200 148 15 1 122 199 65 167 
26 86 33 20 19 87 178 21 75 113 155 103 118 151 34 127 48 60 65 148 181 67 149 109 55 133 11 173 25 24 37 132 120 22 112 9 194 183 168 98 141 114 195 97 85 83 77 76 193 68 43 186 140 58 175 136 189 122 144 14 125 161 73 8 93 95 40 13 91 62 12 46 167 146 196 6 191 169 180 199 32 84 4 28 41 117 198 156 61 116 30 185 
192 6 153 172 109 2 189 41 61 17 119 101 60 50 79 20 130 162 39 103 23 69 86 146 164 36 64 106 12 82 105 118 169 199 18 159 175 32 30 74 76 178 11 49 137 194 166 75 158 198 174 150 59 19 7 104 143 126 144 177 57 96 131 183 187 43 168 1 114 100 113 58 93 27 117 188 121 127 151 142 191 45 107 135 78 125 129 181 122 73 193 90 
7 3 96 61 152 46 72 94 65 116 71 131 125 115 37 132 160 81 4 107 174 110 106 88 144 87 183 141 57 170 133 93 42 19 155 49 89 167 177 47 128 45 101 73 114 143 120 69 121 78 119 54 172 146 41 29 40 162 193 130 165 169 28 157 90 66 150 36 95 98 97 112 151 86 52 10 23 126 91 1 58 18 62 190 99 63 178 
190 194 44 28 179 99 47 63 35 110 156 145 104 106 36 6 162 141 147 73 56 65 76 98 174 15 124 84 12 175 101 27 198 195 173 100 55 168 105 117 130 126 31 129 68 92 67 86 103 40 45 118 91 140 97 134 154 95 196 1 9 87 172 80 135 165 72 74 187 70 4 53 57 167 144 170 143 133 119 127 5 112 77 38 137 43 146 
160 186 49 106 175 16 57 182 108 107 115 169 196 66 32 51 168 19 26 187 162 17 82 36 76 50 155 146 101 178 25 124 179 140 133 189 165 83 40 95 45 125 136 96 111 190 104 30 73 192 65 103 79 131 112 39 130 110 173 6 8 1 47 128 147 184 87 156 48 3 114 171 62 122 74 137 142 24 200 105 98 55 75 7 41 197 72 18 12 46 188 139 23 64 195 123 159 27 29 180 149 91 38 
8 81 69 173 123 96 42 107 131 25 65 71 121 91 150 104 172 148 79 114 199 184 76 99 159 192 116 57 10 154 77 138 185 63 60 34 147 59 7 167 56 26 186 162 115 111 36 55 64 83 128 89 47 165 160 106 130 120 3 108 166 171 143 175 40 88 151 66 146 190 45 139 20 48 180 193 18 72 136 78 17 28 22 188 94 30 74 168 58 82 191 41 101 127 140 14 15 52 11 38 197 113 105 181 92 182 19 
88 135 141 124 114 180 84 58 197 38 7 64 184 2 44 20 147 181 100 62 125 40 73 66 145 173 113 183 53 94 46 91 92 103 189 155 70 200 123 121 99 175 25 127 112 195 76 144 159 193 67 33 108 98 82 109 80 152 93 115 71 89 95 129 133 176 139 96 3 48 30 153 151 132 32 61 85 188 165 190 75 49 156 111 143 31 47 16 17 59 105 28 174 57 117 5 179 15 
54 39 171 49 68 57 45 140 26 60 141 172 176 17 73 179 152 48 125 132 65 130 85 181 44 131 95 121 21 40 91 110 66 185 51 189 161 30 137 100 35 41 144 112 83 12 97 43 116 28 96 103 157 111 138 99 122 53 50 178 118 186 136 98 119 192 104 146 135 75 155 188 27 29 77 52 38 173 109 6 7 70 197 2 5 193 166 170 19 159 150 133 184 139 196 34 145 82 42 108 187 16 156 151 
111 199 142 88 143 48 167 98 155 10 99 96 80 109 126 41 166 108 141 115 133 22 168 117 137 71 127 26 110 69 17 198 25 131 44 56 130 12 147 107 140 153 37 40 95 45 30 134 92 159 19 119 138 194 118 73 196 102 67 13 16 139 31 114 182 38 164 28 23 60 58 129 74 4 128 6 123 93 47 154 122 35 191 121 171 150 145 84 5 85 65 29 184 55 43 18 148 
78 69 131 177 60 146 161 192 186 89 197 36 62 103 176 199 81 198 17 143 40 51 154 173 6 124 49 111 11 104 93 178 63 21 162 79 148 53 121 48 168 70 82 14 96 83 29 164 179 145 50 64 182 15 195 185 66 34 175 188 45 35 2 115 189 65 174 126 155 132 13 170 4 99 90 166 30 163 156 19 118 55 159 
23 130 31 186 152 150 158 97 169 184 126 196 90 37 22 59 88 94 14 167 177 39 180 157 62 35 123 170 29 118 33 173 11 137 57 168 82 43 15 28 6 149 52 19 100 141 13 95 191 179 138 48 187 108 76 193 20 160 146 124 112 16 102 183 132 41 142 54 144 188 50 129 198 134 185 71 83 58 154 66 96 2 8 119 12 49 78 115 84 197 46 64 80 125 161 56 151 182 32 111 181 4 127 103 42 
115 52 200 139 67 48 22 165 134 184 98 176 55 11 183 142 159 114 24 105 152 45 77 31 86 116 29 27 64 19 173 43 169 195 23 83 59 12 57 36 38 199 30 141 181 28 103 79 73 155 157 96 2 180 44 150 9 41 109 3 46 112 107 194 6 8 39 148 156 153 171 104 94 42 117 131 91 35 125 186 53 127 130 1 167 149 32 20 15 178 126 76 164 144 196 102 174 68 
35 166 1 91 171 178 70 93 179 90 148 68 144 57 14 18 145 27 15 26 9 174 33 78 116 147 162 157 41 113 101 5 129 140 192 29 63 135 197 8 190 92 156 47 31 83 194 137 169 130 107 193 117 136 143 159 154 51 103 58 181 151 77 3 79 36 102 56 42 89 123 32 52 121 185 39 120 165 60 170 16 74 48 11 139 132 34 155 17 128 4 176 55 12 160 7 6 
73 133 113 100 57 106 97 88 71 33 118 168 198 172 64 112 76 190 116 66 61 32 13 127 145 47 194 23 107 117 26 42 180 5 62 110 82 80 49 103 86 68 12 35 130 18 144 115 134 83 74 78 65 79 197 102 67 7 131 173 156 176 183 81 17 54 184 182 200 152 8 111 166 125 162 129 199 136 43 128 56 119 151 153 24 92 70 59 109 149 177 93 159 174 178 114 34 157 
98 188 119 66 37 7 198 78 109 28 64 125 91 87 68 145 126 56 161 94 106 158 62 26 88 124 81 59 29 200 138 140 157 58 179 95 44 97 69 32 16 61 168 143 43 114 195 175 49 137 146 113 14 65 77 2 166 70 191 135 129 31 50 142 24 41 185 73 167 38 136 132 47 117 193 111 144 180 152 116 74 3 178 171 183 148 67 72 181 112 
80 15 84 109 30 145 42 12 45 190 27 101 23 44 154 50 55 81 77 178 191 135 90 169 4 181 48 136 152 98 59 34 163 115 128 192 159 2 196 69 122 143 105 37 89 68 18 123 96 49 179 71 158 174 156 28 56 151 53 165 75 91 161 171 119 117 73 17 142 144 188 148 193 25 177 153 38 150 72 194 103 182 102 40 64 46 79 43 186 110 170 95 173 184 195 33 180 66 112 146 7 168 137 187 
20 90 4 11 45 51 85 195 108 111 95 34 140 174 37 64 29 196 198 194 185 39 102 151 114 137 160 128 119 8 93 177 9 125 172 66 48 166 52 77 58 57 154 15 82 75 80 71 96 17 120 191 2 84 182 38 110 55 86 190 18 175 150 126 142 184 6 155 76 152 187 163 42 189 43 67 107 135 5 50 130 181 1 87 22 178 73 88 103 193 170 136 156 35 146 36 106 3 56 143 89 169 115 133 24 147 46 188 117 70 
63 4 98 107 140 167 6 136 30 89 26 139 23 75 92 40 197 178 82 71 154 101 118 48 142 172 121 55 33 175 132 32 176 157 28 78 86 35 148 180 60 44 187 186 134 7 31 5 124 43 163 25 39 125 37 177 1 109 159 184 83 117 143 36 77 42 11 131 183 164 120 150 119 21 70 20 18 115 94 137 49 193 68 114 171 100 56 138 170 168 169 155 96 79 195 
6 189 91 170 47 141 128 119 35 154 37 67 132 124 92 104 187 197 60 15 147 153 111 200 44 93 129 171 107 191 142 33 29 164 159 40 192 1 139 179 135 24 181 175 169 52 65 7 39 108 56 62 95 85 160 133 148 12 89 59 36 183 53 11 64 42 137 118 131 87 51 66 22 134 168 90 123 158 78 5 161 13 173 77 152 68 58 63 122 127 114 115 82 149 144 98 176 99 69 57 146 74 106 143 182 
161 77 143 91 66 198 178 64 134 31 140 135 40 11 20 63 179 165 24 33 150 75 99 45 94 57 47 82 154 41 116 2 180 67 12 74 46 121 199 4 105 183 142 30 108 109 158 58 39 162 56 132 152 102 171 118 70 36 96 193 155 127 87 19 177 78 164 107 14 69 76 184 55 29 7 73 27 1 114 151 192 136 112 146 119 170 21 117 15 197 159 186 176 81 104 54 174 103 156 160 125 37 
131 194 145 151 50 152 146 158 44 110 168 59 191 184 35 97 37 179 155 186 91 167 58 173 96 116 22 183 82 121 71 200 185 32 141 19 136 193 188 34 99 90 100 153 102 142 62 154 103 115 63 139 14 41 88 87 57 42 70 26 150 75 8 172 189 101 4 28 128 33 48 120 2 39 68 66 129 52 92 45 106 157 156 144 18 174 177 47 11 114 76 130 122 135 80 74 113 67 81 56 10 86 
146 85 193 76 24 97 21 175 18 90 103 153 140 12 100 181 187 152 112 114 101 119 174 37 166 67 89 1 130 121 33 138 150 113 156 126 7 17 49 63 141 94 60 157 108 86 22 155 9 109 106 170 65 191 82 29 55 46 96 10 172 168 178 81 139 42 136 161 45 98 149 93 30 15 92 75 66 165 177 27 122 107 180 189 173 167 13 61 186 123 199 137 158 14 105 
37 48 87 177 9 192 162 30 86 176 61 18 175 57 45 14 55 81 127 134 28 159 182 111 15 143 160 25 145 141 17 36 44 65 19 117 174 39 146 198 16 129 114 180 119 105 148 170 1 194 190 110 140 31 147 172 97 11 158 89 82 165 108 66 95 23 54 193 157 102 167 76 21 99 63 43 169 133 189 73 35 161 34 187 91 152 2 106 124 113 191 103 184 195 104 84 60 56 171 130 33 64 109 26 
47 187 180 41 53 91 72 194 143 6 130 183 129 58 87 81 121 67 49 76 8 75 184 28 150 152 84 146 181 15 99 186 83 131 3 26 80 22 172 95 70 31 89 149 32 174 56 148 13 191 71 46 59 101 18 16 160 162 107 197 171 79 54 193 44 200 14 7 118 165 114 109 159 68 11 137 5 37 36 136 12 124 55 24 157 178 135 112 61 29 57 38 43 97 
66 183 178 125 68 37 99 124 33 59 58 191 156 130 4 106 39 35 13 154 108 75 97 81 175 186 171 86 135 159 91 109 71 200 146 184 114 176 3 30 187 113 24 157 93 80 149 133 15 62 148 158 164 74 95 165 41 32 69 199 103 36 85 152 56 10 34 143 115 42 181 17 198 38 21 70 77 5 118 110 88 82 26 102 123 63 150 155 76 98 18 2 29 96 161 117 19 
50 54 78 107 169 81 109 52 187 18 46 88 120 33 51 137 6 116 79 140 31 135 48 5 121 53 199 73 146 189 97 138 198 122 58 161 94 196 159 65 115 118 152 125 83 43 177 55 99 7 134 70 111 126 136 30 27 20 92 184 183 101 49 56 145 8 13 98 186 129 67 17 130 63 141 24 44 180 41 21 114 195 72 91 147 178 171 11 144 85 162 19 105 175 113 102 
184 157 172 27 142 134 130 162 99 156 176 48 1 138 124 29 58 57 164 129 163 7 78 67 137 19 65 87 191 83 35 120 144 175 43 109 72 5 98 68 79 189 24 139 66 111 106 81 186 4 194 97 94 92 28 25 69 13 95 133 153 115 143 154 49 150 100 32 20 128 141 146 160 36 200 199 22 174 123 17 39 80 31 193 183 60 131 26 135 74 171 145 
122 31 98 191 59 38 114 162 76 69 133 103 99 6 184 123 182 113 139 171 137 20 7 163 179 80 95 135 187 153 154 88 53 170 130 195 174 19 57 16 183 83 146 22 93 196 108 128 82 156 152 186 117 149 3 78 55 180 175 92 169 97 192 200 35 61 107 71 94 73 77 194 23 160 189 27 164 127 91 49 172 81 136 12 14 65 129 185 84 54 63 72 64 29 126 111 150 40 100 165 110 197 118 51 
131 62 19 43 71 49 165 68 137 29 155 139 104 105 122 47 143 90 121 134 93 126 110 171 135 170 128 10 33 179 190 89 152 161 97 58 25 5 51 15 199 191 192 41 16 200 73 34 195 54 185 55 48 173 59 77 120 160 187 117 141 18 168 44 45 96 42 95 158 111 113 153 144 125 24 183 14 23 69 188 167 85 4 20 78 129 53 17 31 70 181 27 84 138 189 164 
165 189 106 48 25 23 30 50 182 104 94 160 122 5 73 29 117 87 135 69 58 16 138 40 33 163 185 12 76 71 44 172 59 108 46 61 79 195 140 97 124 88 107 83 159 70 184 194 180 26 18 24 168 84 86 10 130 137 31 150 161 78 9 174 154 164 41 116 82 93 102 177 98 85 126 112 114 158 19 109 152 123 91 136 54 119 181 95 6 183 65 11 57 47 8 144 146 192 
100 132 188 23 139 182 48 177 57 176 183 61 181 111 125 80 110 174 163 162 24 9 93 104 39 138 4 67 55 105 103 150 31 98 95 6 166 118 25 178 123 86 92 102 26 161 164 29 27 79 175 17 62 130 199 96 7 21 172 109 40 30 77 15 22 157 120 69 71 127 133 68 142 143 38 74 107 184 73 119 148 192 108 91 131 58 140 197 44 173 56 64 145 87 83 180 169 53 28 
55 188 83 46 163 49 75 58 88 97 57 151 166 108 146 119 87 37 197 157 112 160 39 162 13 170 70 30 11 200 2 135 34 14 52 121 158 192 4 23 74 10 3 140 159 196 68 120 129 137 183 31 153 21 175 141 22 63 66 117 92 154 186 172 174 169 143 142 99 44 155 149 93 15 124 12 167 132 123 145 134 187 100 18 69 82 150 138 41 60 165 139 190 127 180 89 43 194 53 
66 112 27 92 171 176 140 18 198 51 93 97 169 179 77 165 116 129 187 80 23 33 111 106 37 152 161 99 155 94 197 55 164 31 74 185 121 127 47 76 24 144 85 60 98 3 181 146 124 135 46 159 14 138 134 148 83 64 103 81 17 175 29 1 11 114 25 26 5 174 160 130 136 96 115 63 102 100 8 126 68 113 151 19 173 178 38 131 186 56 194 132 
63 127 46 42 142 179 43 185 4 15 173 41 75 89 192 16 100 167 7 90 26 156 54 151 176 146 81 198 106 190 183 44 95 125 132 10 3 153 12 66 102 128 122 118 78 145 120 164 87 139 86 115 24 67 178 189 158 76 135 188 5 200 141 98 101 124 14 13 143 109 11 36 194 71 154 182 47 9 2 110 130 112 104 55 51 22 169 88 62 148 84 25 37 79 149 172 64 34 60 140 74 
44 147 193 75 94 171 17 21 69 122 30 32 38 169 157 87 184 15 109 52 61 125 88 195 27 48 177 95 113 135 26 7 154 164 107 162 183 81 99 8 134 19 175 31 126 91 136 79 53 12 11 72 155 129 190 18 2 40 168 62 54 78 66 93 179 178 36 166 14 121 187 5 43 142 165 132 35 114 77 198 141 49 89 47 139 56 145 127 189 191 9 170 123 131 128 192 76 149 153 74 160 
101 45 93 180 153 166 105 87 200 49 148 35 184 52 24 57 102 188 182 23 9 66 110 135 19 169 75 4 192 70 172 59 17 6 27 143 170 97 131 152 119 146 177 22 196 137 51 90 18 179 160 2 61 20 140 124 136 117 1 185 171 157 62 154 125 28 14 25 83 109 80 88 40 73 47 99 3 139 189 112 12 68 31 48 156 54 134 114 85 106 173 197 138 120 82 94 65 44 
190 53 80 133 152 182 38 86 189 8 146 118 22 62 137 134 73 173 99 167 147 123 132 23 75 119 156 78 185 41 197 98 46 162 171 60 107 47 111 83 178 52 112 84 21 51 160 85 15 29 159 130 199 131 106 32 35 168 7 77 136 124 40 191 177 45 81 17 49 150 20 65 33 108 10 30 64 117 153 72 102 91 195 154 184 24 170 169 186 56 55 200 82 59 97 128 172 94 87 139 187 3 14 157 174 120 122 96 18 129 103 5 48 194 
73 149 115 27 132 181 35 47 38 154 167 55 41 178 75 3 158 15 104 121 50 136 6 96 1 161 36 87 30 134 176 133 179 40 147 49 21 18 25 101 32 173 200 74 108 46 119 165 2 172 145 157 125 143 37 99 68 126 58 29 13 105 66 170 24 62 14 110 93 51 79 111 69 82 199 187 141 92 86 22 42 10 135 168 120 95 193 71 129 
101 173 29 137 12 113 144 179 22 42 154 3 112 175 105 85 141 185 148 23 177 10 26 138 95 102 191 93 5 71 109 16 73 107 118 69 11 121 134 2 8 27 81 43 28 63 125 66 91 103 64 15 122 164 117 190 183 153 152 1 165 87 74 94 84 82 151 157 6 86 139 160 46 168 90 35 54 123 129 100 188 9 51 47 127 14 133 116 158 18 77 146 65 195 192 161 115 114 
18 101 94 26 123 80 99 188 109 147 100 152 73 98 115 38 75 52 194 89 159 160 36 79 76 97 72 74 177 161 110 118 60 145 191 93 175 137 136 173 149 63 5 129 190 43 39 54 195 88 181 143 151 121 176 127 171 91 30 44 112 134 13 196 48 64 28 84 199 78 148 170 69 32 116 165 61 23 114 9 164 47 40 96 146 45 7 11 163 113 22 53 3 128 2 17 
54 138 40 178 144 59 112 105 179 43 133 76 36 85 200 190 193 20 9 177 146 196 109 3 84 160 41 159 88 114 172 104 49 171 62 66 57 96 102 46 197 187 52 157 73 143 53 156 79 95 42 173 186 6 80 164 140 44 94 39 68 142 13 35 30 61 101 45 127 195 65 135 27 132 152 199 89 25 26 91 184 55 129 15 137 147 145 139 110 12 19 183 1 90 10 188 161 63 11 191 21 50 92 
148 37 130 139 94 186 82 49 18 113 16 75 6 57 56 103 187 99 76 118 181 79 19 1 127 92 119 67 171 7 149 46 115 180 175 29 100 144 23 107 111 159 192 35 157 98 32 166 5 41 86 168 136 133 109 11 174 58 91 152 120 72 125 185 2 126 15 96 137 176 134 43 14 197 158 12 172 36 102 155 195 66 146 27 24 87 13 22 190 191 17 165 101 52 81 114 55 143 42 33 194 177 151 
175 181 67 173 116 8 199 156 192 151 198 153 170 107 1 128 9 112 172 28 124 42 96 194 115 105 159 86 138 165 182 162 123 35 41 65 155 33 11 17 56 146 34 47 160 4 87 161 21 13 38 200 191 196 22 73 140 101 185 85 16 74 197 95 149 44 83 43 48 134 24 166 164 32 50 52 178 121 180 51 99 90 54 71 168 190 76 30 144 3 141 150 20 132 14 163 157 174 
166 72 22 165 196 32 84 173 77 124 174 197 154 49 93 59 94 135 2 21 44 36 101 198 190 118 163 89 180 177 11 103 64 155 109 110 68 169 152 105 142 87 179 144 170 23 153 200 149 137 128 8 183 17 150 1 5 14 116 27 191 122 47 139 171 78 75 146 162 113 85 16 92 96 107 104 127 157 79 83 99 69 168 54 147 63 82 188 186 66 151 130 
43 100 130 138 2 104 143 164 167 67 32 147 122 40 200 162 107 103 179 183 140 35 19 66 156 134 153 163 85 128 150 148 79 23 125 157 110 132 152 75 176 52 45 65 188 83 171 81 126 78 6 106 136 135 96 74 44 71 49 25 91 189 168 145 169 5 34 61 73 117 184 154 142 112 102 90 139 95 131 87 57 39 98 94 16 3 4 124 119 42 127 191 105 173 115 101 14 55 120 70 186 56 170 151 159 175 161 11 
43 165 82 1 87 179 58 9 130 25 174 46 128 103 48 38 186 124 180 193 18 127 145 156 42 59 61 181 47 161 183 89 23 143 71 81 73 106 92 56 155 120 27 167 197 169 70 84 140 126 69 119 114 19 12 200 68 146 160 49 78 139 184 101 32 96 2 107 86 168 144 152 129 176 111 192 6 175 199 17 138 185 14 173 102 141 66 189 172 149 190 41 62 57 51 125 
157 79 22 86 30 1 197 136 183 2 199 46 6 172 58 130 120 198 10 105 108 18 93 80 114 32 34 121 38 169 191 83 87 163 144 122 180 98 62 16 66 155 185 112 186 175 181 37 177 192 150 56 13 165 35 170 65 133 154 81 109 187 59 102 69 25 178 194 14 174 162 43 131 179 71 4 129 92 160 151 84 41 74 47 156 153 189 95 164 110 
49 50 194 26 103 169 35 46 131 200 191 115 41 40 176 122 143 58 199 68 189 29 34 65 80 95 175 88 112 129 159 45 70 98 183 187 81 97 111 30 182 3 101 152 78 42 20 197 71 184 178 144 100 14 56 141 174 188 156 196 66 168 82 89 166 6 32 108 153 87 99 150 60 36 148 139 158 77 63 17 172 9 130 132 109 47 117 154 181 72 
44 35 64 51 32 30 149 26 78 19 97 163 158 3 142 34 67 65 175 6 186 7 177 185 188 131 180 198 101 83 70 150 66 47 60 146 29 184 1 154 120 28 63 105 176 59 179 12 192 181 37 94 23 170 74 100 130 82 110 143 161 18 39 11 89 72 4 24 124 160 43 38 92 10 71 5 68 141 2 57 199 108 196 189 115 178 15 40 116 16 22 48 98 104 
192 29 23 31 114 147 158 136 187 39 150 142 25 198 41 89 84 124 80 171 52 61 174 138 102 48 90 169 54 6 159 184 15 106 24 83 189 20 186 51 37 116 109 12 143 145 196 140 161 131 19 32 146 26 22 135 170 53 191 76 17 10 167 120 27 82 94 43 113 190 130 104 197 149 63 185 111 86 162 49 85 166 117 21 68 3 200 195 183 65 30 96 182 64 173 155 153 178 91 58 157 66 164 151 101 156 
114 17 82 69 161 175 153 192 182 177 117 122 25 27 86 66 1 14 193 89 65 198 189 110 141 26 99 190 127 139 136 178 112 94 115 8 52 166 144 91 200 6 33 172 38 13 76 149 108 4 171 152 51 12 42 55 168 191 83 188 61 37 10 100 121 18 19 29 11 106 60 162 147 30 103 186 9 143 3 185 102 197 73 47 34 98 20 97 36 123 23 92 48 109 155 71 
78 79 94 91 180 93 12 197 19 81 36 52 189 122 124 198 133 144 121 151 84 87 33 92 86 54 152 179 30 56 99 23 114 111 26 68 132 148 17 65 103 60 15 3 128 105 162 73 31 159 48 131 163 27 113 53 35 125 32 88 44 171 13 64 193 196 153 147 136 70 168 96 169 21 38 7 89 158 175 117 8 170 72 106 9 177 174 25 184 5 85 109 142 150 98 135 37 187 118 
95 106 118 175 69 104 128 138 20 153 85 18 141 125 189 190 127 179 53 181 71 115 184 143 96 158 191 134 108 74 135 34 162 87 3 82 36 112 114 83 21 193 159 177 156 12 27 52 194 6 94 25 197 169 149 117 4 81 89 102 139 100 55 98 50 164 140 79 173 43 165 31 124 70 121 47 92 180 161 35 63 186 196 8 66 5 120 76 1 22 42 13 17 75 133 176 148 132 72 131 88 30 61 93 
182 6 19 184 136 123 127 72 81 33 3 102 104 7 14 46 90 111 147 107 88 94 25 181 38 76 57 188 153 178 161 29 89 124 159 108 167 54 40 146 83 87 120 189 24 193 69 130 187 145 79 110 39 91 131 70 157 154 176 73 140 144 61 116 28 180 179 122 119 8 1 192 113 12 15 16 68 43 139 174 105 141 92 75 100 177 58 166 55 95 
121 77 3 184 37 171 130 56 161 79 60 104 179 200 126 9 7 78 106 47 75 112 186 13 59 20 167 71 190 96 92 142 119 172 30 62 51 102 109 107 8 21 46 52 144 189 66 199 91 158 155 74 97 93 72 2 173 141 28 160 82 123 94 159 98 140 42 145 34 80 151 116 73 166 153 36 99 182 191 4 95 41 29 163 122 132 129 103 185 6 57 150 
16 35 155 142 41 104 176 66 84 133 168 143 179 53 197 88 112 31 64 61 156 85 116 163 108 138 186 152 119 145 44 11 96 98 91 40 69 178 52 190 81 174 17 141 128 162 9 121 27 194 172 153 94 65 110 43 101 6 102 173 131 7 147 86 165 130 71 63 158 114 25 79 47 70 20 120 74 37 122 125 107 105 171 181 42 1 135 175 198 21 13 170 
117 191 186 102 39 3 107 78 134 157 147 168 32 129 197 45 29 27 145 26 152 73 194 176 111 133 95 184 84 65 187 163 62 31 97 91 185 94 148 50 81 172 16 9 113 131 47 170 136 199 55 164 6 142 86 188 68 173 92 198 114 19 119 174 178 75 154 34 122 12 150 67 82 64 144 25 88 66 10 24 200 59 132 121 90 101 46 56 166 137 177 72 161 40 112 38 54 99 116 183 96 143 181 28 83 108 
23 154 69 55 26 115 184 183 82 194 145 87 85 112 179 18 58 168 129 37 39 45 21 142 187 29 198 119 132 25 46 192 114 5 40 135 143 106 90 159 200 102 56 124 122 100 118 17 67 153 11 130 13 174 163 162 12 156 120 62 107 63 101 131 121 22 160 16 199 195 74 177 8 43 84 169 103 83 139 108 125 117 91 34 77 65 95 50 20 4 144 
53 167 47 136 62 123 45 2 9 25 97 191 43 107 28 109 183 54 128 58 181 192 49 81 198 163 21 166 14 133 186 147 169 118 29 148 153 33 199 161 106 104 157 197 11 175 16 63 20 116 156 108 67 76 75 57 119 142 111 138 12 84 82 55 32 140 56 146 114 15 51 66 158 5 184 130 64 90 85 137 88 36 93 117 7 10 34 6 98 69 99 190 71 4 42 141 189 
50 27 51 178 183 150 74 54 101 173 22 38 65 153 28 132 157 55 123 48 88 170 2 105 133 99 131 73 4 187 144 100 6 29 14 53 142 188 40 41 12 52 93 25 167 121 23 31 85 1 21 61 179 160 161 127 138 186 76 44 174 26 162 114 67 118 148 169 70 75 9 17 136 91 45 104 145 47 71 97 177 122 33 39 16 94 90 62 185 180 83 56 154 20 134 59 3 113 96 63 198 81 42 140 11 141 57 139 13 95 69 92 
105 184 55 132 130 144 32 182 85 89 23 65 156 129 7 137 68 150 200 25 162 75 154 197 163 170 107 40 37 158 160 119 30 179 190 13 165 10 166 183 159 115 128 112 108 48 33 136 188 20 64 63 110 111 87 49 147 118 141 80 21 117 174 1 66 96 18 175 187 109 78 191 88 27 181 15 126 51 149 28 97 93 145 99 26 155 102 186 164 167 
67 50 193 144 174 186 100 20 170 196 101 74 60 153 56 58 195 18 88 75 146 22 158 44 119 47 42 169 154 135 150 104 179 54 145 21 164 185 70 14 91 25 127 63 112 177 152 96 105 194 162 115 191 141 73 77 142 33 78 113 19 128 134 138 97 89 122 27 55 80 173 182 102 24 129 163 2 107 166 93 188 37 10 30 39 1 7 52 38 31 3 35 
194 118 21 136 185 95 107 60 82 160 177 94 3 41 181 170 59 12 89 141 108 62 115 167 8 112 125 168 86 85 16 36 148 200 64 195 109 169 116 52 66 166 102 4 65 46 38 146 132 98 191 57 76 97 157 92 110 130 31 53 44 184 37 50 45 149 183 111 137 6 172 22 173 190 25 34 104 33 134 9 187 103 120 15 128 163 133 193 199 105 182 35 161 26 175 186 75 
16 59 66 26 145 78 119 124 36 32 118 113 107 186 96 87 106 31 13 174 196 171 91 102 79 108 197 74 55 112 58 101 20 68 23 179 95 156 130 10 114 193 163 6 139 83 19 135 103 200 136 62 38 189 2 162 153 21 120 52 152 122 30 54 150 143 51 157 172 24 164 132 195 89 42 138 141 90 173 14 35 140 60 178 84 159 148 27 5 73 76 
99 130 162 197 37 160 175 152 158 147 30 126 176 184 188 12 93 159 2 196 9 166 77 92 181 135 45 73 80 131 51 108 53 17 102 163 52 57 61 133 113 142 31 34 40 15 149 23 66 35 185 49 78 6 187 24 44 62 104 55 161 22 59 200 198 177 125 20 100 103 36 87 83 171 186 151 132 89 154 27 120 134 13 86 97 76 148 65 72 54 114 110 190 
162 108 111 198 50 95 78 191 171 146 116 124 58 136 166 141 135 73 115 160 192 22 48 87 55 138 169 59 159 196 170 30 194 132 89 145 32 90 33 61 34 178 91 134 149 165 142 103 12 126 82 4 102 107 105 101 88 10 183 80 99 120 190 54 130 195 41 157 121 71 150 174 21 133 152 144 46 97 60 179 76 9 139 63 129 11 161 128 5 164 43 1 
173 57 190 100 44 187 114 14 71 168 175 122 186 180 78 82 63 138 197 80 183 171 96 45 108 101 109 193 195 66 21 70 165 26 130 83 9 121 181 72 116 37 36 7 32 110 123 34 164 20 104 157 58 43 99 18 76 135 158 61 137 49 150 115 6 1 10 112 35 4 97 102 46 23 133 42 146 160 8 156 47 124 11 105 155 52 152 68 60 15 84 170 103 29 51 79 13 177 163 22 176 120 194 184 147 140 98 94 
151 96 146 156 45 11 66 68 183 39 135 5 31 70 61 37 105 126 26 88 84 87 186 124 38 136 110 1 104 169 103 51 40 76 12 101 125 83 199 153 176 184 154 25 152 174 139 20 161 198 121 188 195 4 190 3 177 55 166 119 162 102 19 27 122 46 180 15 21 191 33 10 8 64 49 158 150 117 94 41 59 159 53 62 123 78 149 77 44 
113 109 68 114 26 77 189 187 154 80 197 159 89 149 69 65 150 82 30 87 181 175 67 44 90 50 123 28 163 83 191 176 13 8 1 86 155 137 168 31 112 158 116 43 63 118 88 162 103 96 117 134 92 61 48 165 167 200 132 99 27 172 38 24 148 66 169 11 128 51 14 105 60 171 122 46 143 23 166 179 59 100 178 22 3 157 40 42 4 7 41 180 
65 190 140 8 29 154 81 125 161 95 133 77 46 69 87 172 173 59 194 187 108 169 31 3 57 83 23 6 107 88 102 168 70 155 34 106 73 13 36 82 142 165 156 189 27 56 90 129 151 20 116 40 162 143 48 5 166 85 99 18 132 127 176 170 122 11 191 12 10 96 7 80 138 101 141 128 183 115 79 117 97 146 177 130 66 47 94 144 104 60 41 28 195 49 30 26 17 71 39 186 135 74 180 178 72 112 
3 147 179 189 178 127 154 75 190 106 35 165 103 97 74 5 23 12 81 7 6 159 24 191 194 50 41 195 1 21 112 149 174 2 34 86 87 150 10 54 199 45 61 138 172 141 200 183 85 126 26 123 25 187 39 96 155 31 132 109 131 171 173 185 19 64 119 22 133 140 84 95 43 107 156 114 99 68 170 116 136 139 130 164 186 175 88 100 153 18 125 120 169 37 108 146 14 71 166 148 76 158 184 
33 73 142 139 93 87 89 138 180 96 58 160 85 86 103 95 32 25 24 174 178 54 67 55 148 50 36 134 182 71 5 8 106 112 21 35 181 185 82 114 113 144 6 34 61 109 94 51 140 52 43 117 83 2 162 190 135 137 118 46 26 168 9 20 179 116 70 16 91 188 115 17 195 149 72 104 12 172 166 169 19 161 79 74 157 111 191 167 193 1 105 194 84 175 120 147 159 63 68 41 40 
164 70 50 188 179 187 24 198 18 147 76 44 90 183 130 92 30 192 85 174 58 16 33 60 173 110 61 109 141 62 98 12 6 47 165 182 81 53 133 11 152 2 93 180 120 134 3 116 184 169 121 157 137 172 48 151 189 145 59 8 106 177 78 36 4 178 20 111 80 40 96 46 102 105 117 19 73 37 112 41 51 136 125 84 22 32 108 
31 160 140 47 27 98 157 149 33 192 107 197 145 67 200 42 171 73 17 186 75 148 191 100 43 103 128 5 131 34 156 53 152 110 4 146 89 121 76 68 187 13 178 132 143 97 164 177 104 102 61 72 92 167 194 86 15 82 124 22 135 20 111 30 79 127 142 54 10 115 130 179 39 46 37 147 99 195 175 123 56 162 144 170 188 23 71 
182 45 158 175 198 139 135 65 149 153 195 109 12 137 114 96 163 32 167 113 142 179 120 4 166 52 66 102 62 124 39 177 115 123 22 148 77 20 54 131 190 138 103 178 76 87 180 86 34 112 51 196 105 63 164 31 28 59 133 26 191 60 93 187 168 170 176 106 53 33 41 21 16 118 188 154 29 173 108 152 101 125 174 161 159 40 30 162 9 48 58 155 197 117 79 99 43 3 83 84 146 27 
20 179 185 11 119 181 56 141 162 199 76 186 170 196 36 26 130 163 13 34 63 157 175 52 38 198 61 102 138 125 55 78 189 75 133 16 178 121 122 6 8 187 54 27 94 73 17 129 183 5 29 150 50 124 197 193 115 191 65 84 64 109 113 88 57 140 80 118 117 85 96 24 42 43 44 28 25 145 155 45 99 12 4 184 48 123 72 14 31 69 164 23 194 176 168 59 161 131 142 100 111 
30 34 85 196 37 106 19 96 86 197 12 165 99 49 173 63 111 51 16 78 24 163 76 84 33 81 145 181 107 154 14 152 38 56 17 114 142 97 176 95 18 4 70 43 167 116 121 53 71 156 194 134 112 187 159 149 74 199 88 59 39 42 6 184 100 50 155 11 133 60 189 98 75 5 174 185 141 55 2 182 136 128 183 125 64 7 73 20 32 169 160 57 66 36 
50 89 176 188 106 129 200 162 149 56 81 199 156 133 173 165 122 87 137 58 132 145 29 1 86 2 186 190 46 163 194 17 184 77 155 128 62 35 63 100 151 53 195 168 10 99 64 175 98 97 22 196 47 159 179 157 43 153 7 79 191 45 120 112 105 154 65 73 13 3 108 15 90 5 134 83 113 148 74 131 30 185 146 101 167 169 34 78 124 180 114 91 82 143 130 23 40 126 70 52 170 36 182 
78 188 134 146 65 148 141 28 64 176 5 101 125 51 36 105 166 167 138 118 185 173 127 170 15 137 58 174 83 59 136 140 39 79 99 23 76 108 182 171 31 192 2 42 50 156 56 66 90 115 13 47 102 32 190 165 14 198 67 69 123 3 93 92 162 143 4 82 109 49 77 121 145 95 45 195 25 7 161 178 197 35 62 89 139 111 86 100 43 196 177 113 186 
69 171 58 135 149 89 56 49 156 140 102 177 92 29 37 63 52 180 160 197 9 85 179 87 57 81 118 145 78 174 128 196 75 117 84 101 185 80 164 36 44 162 8 198 24 105 120 31 167 23 134 18 110 190 121 4 109 10 90 115 152 53 181 143 71 7 103 159 20 136 139 122 1 48 28 191 83 62 45 40 77 43 27 
191 105 5 112 134 141 110 44 96 161 36 33 198 100 77 150 84 58 51 128 160 53 45 124 10 144 71 122 60 153 2 25 64 49 178 29 50 48 75 38 140 7 104 125 143 74 175 52 40 190 127 54 27 118 102 131 173 30 101 156 91 165 149 145 81 99 189 37 59 67 41 119 115 95 78 159 43 132 185 116 4 3 94 172 23 90 42 86 72 168 9 113 21 107 26 123 146 70 11 76 6 151 176 138 155 194 
68 190 101 104 83 47 125 160 92 32 163 9 42 132 189 82 200 34 62 23 66 116 91 54 193 58 106 5 123 27 41 177 168 75 74 143 162 93 151 72 136 115 59 183 150 139 67 157 65 192 155 169 112 134 173 195 154 180 196 40 174 38 149 105 181 198 6 148 36 63 119 31 130 97 113 191 76 158 21 20 140 98 107 95 15 109 164 46 142 12 135 121 60 77 184 145 13 108 89 166 127 17 
178 136 141 184 138 153 85 57 19 191 29 194 122 88 157 58 72 56 100 97 95 86 92 84 24 173 99 185 46 114 135 187 28 75 116 104 41 40 156 23 4 67 69 176 179 70 68 108 193 52 103 22 129 119 6 168 38 13 47 78 16 113 148 123 197 186 199 50 59 160 25 111 154 167 115 80 1 118 180 60 71 121 98 165 120 159 55 30 12 155 54 150 35 9 137 
176 178 113 70 139 4 104 19 126 129 164 84 119 28 51 191 152 103 66 85 127 99 76 162 179 23 75 196 148 195 47 16 132 56 22 122 121 63 153 156 40 133 137 184 180 9 35 102 87 181 193 17 151 131 25 200 91 45 175 183 42 134 185 120 192 79 64 49 3 145 8 194 96 143 1 60 171 108 93 27 159 110 117 72 130 65 172 170 160 128 97 109 6 197 125 166 86 107 190 
84 13 95 115 175 56 32 21 182 197 47 62 63 155 146 78 64 41 160 30 116 90 29 139 193 180 51 128 72 174 108 46 156 34 5 166 112 186 145 96 196 133 124 12 11 167 7 61 137 3 45 25 117 129 43 31 122 48 10 27 190 66 26 172 19 114 88 18 60 58 1 198 130 120 183 68 36 98 132 140 119 70 135 177 57 37 154 14 143 100 127 176 144 194 22 153 168 92 87 9 181 
57 197 79 75 2 61 44 24 3 145 27 52 20 85 59 177 130 28 58 166 50 53 109 176 60 91 33 184 193 86 181 149 39 148 12 104 25 100 48 134 69 10 137 89 34 122 80 47 198 162 37 55 188 15 119 143 135 13 186 95 105 191 180 183 167 121 93 19 96 173 127 1 157 107 170 94 66 144 71 125 156 98 38 165 32 129 88 174 171 63 194 117 147 136 
159 177 135 139 113 169 97 65 164 157 149 188 23 44 39 88 8 34 129 37 31 90 118 107 78 19 59 168 147 187 92 110 154 95 41 50 189 16 53 42 130 170 132 66 125 36 81 121 151 45 155 145 199 126 67 175 38 180 4 144 108 109 140 7 6 46 124 85 104 153 58 186 68 35 167 198 9 25 102 143 20 195 28 191 2 160 182 120 106 13 134 148 136 71 61 98 15 79 
39 188 34 170 111 102 108 107 197 103 182 17 160 76 147 186 196 165 92 163 116 122 158 178 169 144 57 115 109 100 126 63 195 95 156 78 21 42 60 200 112 47 28 43 104 171 18 45 32 87 167 2 48 192 55 113 66 51 12 187 56 46 168 135 36 99 62 175 24 58 74 50 199 191 73 132 13 6 59 82 128 150 26 61 41 69 9 142 33 
51 85 103 54 192 49 25 60 136 187 97 152 61 110 66 151 98 10 153 159 92 22 189 119 167 45 132 72 83 156 64 91 133 197 88 182 143 131 41 15 108 35 37 69 144 150 124 184 185 107 135 162 199 99 34 127 3 146 191 33 93 53 106 94 100 157 161 183 87 174 121 186 76 77 4 134 59 30 23 89 7 193 31 21 2 70 78 44 171 160 170 36 14 47 142 164 117 40 96 17 63 111 128 176 29 13 168 11 9 104 178 116 
119 126 48 59 121 15 74 73 18 105 153 190 125 50 63 61 158 28 78 164 185 83 165 159 103 51 154 70 79 192 17 87 81 106 91 173 77 44 135 31 194 193 171 68 24 115 140 150 82 127 142 27 11 108 2 99 9 16 75 43 90 113 22 92 49 98 118 39 66 35 13 168 26 111 167 62 160 181 23 176 120 139 67 177 58 46 110 8 12 130 5 76 14 47 56 114 37 196 101 95 52 162 163 3 
84 73 144 180 193 29 95 36 107 200 65 28 177 61 6 30 189 194 155 132 32 66 130 117 126 131 161 77 2 55 43 139 71 162 83 196 113 160 183 136 105 38 154 150 57 143 195 33 114 34 167 17 14 175 68 192 10 185 181 129 42 20 76 31 80 1 54 168 39 186 35 104 182 9 116 90 46 27 103 93 69 89 122 5 191 166 151 72 147 125 88 21 145 7 67 179 134 63 146 153 
178 172 69 7 54 91 9 165 59 65 55 153 58 84 101 95 34 11 43 28 117 154 32 46 14 181 126 131 37 13 135 171 22 80 152 157 200 163 112 140 173 51 61 4 129 166 127 36 62 24 128 5 188 39 40 182 93 179 15 197 31 167 199 10 134 110 130 92 194 192 83 175 53 88 48 18 21 137 96 198 105 189 138 25 33 79 57 177 195 73 119 1 185 150 125 89 190 
12 125 85 25 178 154 200 132 169 95 63 83 61 146 77 58 176 87 130 96 189 150 152 46 31 183 84 42 110 75 100 196 156 6 72 197 120 127 187 39 14 9 13 188 27 148 136 4 54 199 119 149 174 131 168 48 122 66 155 57 143 65 33 26 134 141 94 38 5 89 170 135 76 80 90 190 167 107 126 29 112 81 67 113 117 34 115 82 101 185 50 16 49 124 109 30 73 41 43 157 138 161 163 15 71 32 44 10 
83 84 104 24 194 150 147 33 46 17 20 45 57 148 99 89 8 2 55 48 181 124 28 159 73 136 27 71 54 75 139 60 68 191 106 187 85 123 37 171 183 172 5 167 160 144 200 77 102 196 151 66 80 34 108 107 129 103 59 170 166 14 142 141 10 184 182 115 127 13 190 112 87 113 133 94 168 163 109 95 92 105 82 128 134 40 64 186 120 140 164 91 195 175 51 152 39 131 38 
44 111 161 141 96 48 196 98 137 144 72 140 178 117 11 194 19 86 46 151 51 102 114 30 47 4 168 70 81 181 127 76 27 24 63 66 88 160 62 9 172 85 10 42 180 167 28 45 84 187 115 164 99 197 150 106 154 49 52 64 103 55 5 56 184 112 122 175 50 185 153 12 182 8 74 87 155 130 186 32 162 165 126 105 68 125 177 152 157 40 179 174 190 54 22 142 73 107 
36 119 133 47 162 67 196 140 161 85 90 69 93 27 79 123 45 80 18 40 166 56 128 26 86 158 110 42 163 94 72 111 20 70 63 148 200 188 157 82 138 1 76 73 124 165 179 189 112 182 132 32 153 15 52 194 19 60 74 141 150 178 101 136 39 114 64 192 159 121 87 17 48 5 31 71 51 191 3 61 53 120 174 176 122 113 59 103 81 129 62 172 37 100 22 181 68 171 106 146 4 23 118 184 29 43 143 57 
194 8 74 71 45 184 151 154 96 1 165 81 145 124 174 191 73 180 158 161 14 13 121 100 37 7 50 94 89 176 126 112 199 171 192 27 61 86 190 51 69 31 181 80 23 11 139 137 163 58 75 70 6 186 39 200 22 115 43 28 168 77 78 95 54 57 101 26 175 107 52 178 138 170 196 117 29 134 19 34 116 149 147 173 179 142 48 5 102 156 193 97 129 197 20 152 183 136 132 90 18 110 10 16 155 72 120 64 140 17 141 
107 151 69 14 36 94 114 62 181 133 74 185 172 163 76 128 113 25 152 26 119 125 78 35 123 167 122 180 192 143 175 117 160 56 97 51 170 1 165 18 100 188 95 40 197 47 59 190 44 191 88 71 3 89 61 93 29 92 50 144 116 16 157 5 147 66 111 8 138 145 146 121 37 196 105 60 12 68 10 80 139 131 142 115 141 2 150 87 55 178 11 173 90 4 65 140 73 174 
146 11 195 128 87 66 117 78 133 72 101 176 47 88 126 5 182 198 35 130 148 69 3 37 154 18 100 137 119 62 49 55 13 32 131 29 22 86 132 113 110 26 42 8 115 185 79 172 116 51 45 53 107 196 152 197 73 44 166 138 104 163 108 96 179 84 58 187 181 12 81 183 156 174 194 92 74 75 85 68 67 98 10 50 1 112 28 97 160 60 177 175 
126 153 40 174 21 127 140 78 129 117 199 154 135 70 133 197 28 29 8 194 33 27 145 57 61 142 168 96 31 115 25 181 128 52 11 58 95 76 81 79 116 190 6 51 147 187 12 185 5 151 64 20 59 100 10 182 121 178 111 56 93 43 3 136 158 84 77 42 195 166 169 120 118 131 83 163 102 101 125 179 176 170 171 160 88 108 175 4 65 9 23 36 143 193 39 
32 61 180 161 148 41 184 129 100 67 26 69 194 34 97 95 99 15 159 154 101 124 30 127 50 51 18 104 160 189 168 94 9 126 123 166 178 70 20 111 19 186 138 149 92 90 11 197 93 63 45 177 64 77 76 36 110 191 193 181 80 109 52 62 120 121 88 103 134 198 112 139 72 196 4 43 133 49 152 23 105 65 162 12 192 8 25 167 24 87 117 172 60 176 83 188 182 48 68 37 28 
106 121 152 122 148 84 4 26 141 163 133 94 147 55 174 198 90 63 142 44 79 189 65 88 6 14 37 67 57 71 140 153 100 64 36 96 162 195 15 146 160 145 178 12 126 190 155 13 166 109 29 59 76 89 54 176 171 159 165 28 181 110 73 175 172 158 43 200 144 112 185 81 105 17 23 72 93 62 124 197 77 192 60 70 25 188 170 91 85 31 168 113 11 53 69 38 127 34 154 151 179 116 164 130 187 173 95 182 
199 108 141 138 13 94 75 85 78 4 69 111 182 121 20 8 86 22 42 26 53 125 36 45 150 192 67 100 119 148 164 31 186 195 37 15 178 149 123 24 48 99 61 46 54 127 29 200 1 32 92 3 77 170 14 155 73 197 158 167 79 56 57 65 133 152 147 81 190 6 58 93 137 82 113 21 33 88 156 179 40 90 47 160 142 5 30 18 188 41 172 116 7 50 162 107 28 
35 15 108 124 46 198 136 192 62 144 79 60 20 10 69 197 112 86 151 31 185 55 187 125 169 139 176 74 165 156 95 157 140 93 90 27 186 98 71 174 44 102 73 123 50 162 4 107 53 172 6 118 22 191 80 47 87 105 42 163 99 51 40 161 126 148 133 130 145 37 23 190 154 5 120 14 67 103 11 34 128 121 29 57 9 158 178 134 149 170 96 184 
79 184 43 120 3 121 32 171 182 132 168 65 35 48 20 1 34 187 89 44 94 69 58 39 109 33 83 101 189 16 25 155 125 2 13 118 6 169 78 60 54 157 163 188 37 179 67 190 80 197 167 63 181 164 52 95 29 12 107 82 176 194 114 149 11 23 14 117 146 106 17 160 85 102 104 143 72 56 196 147 112 15 96 172 192 21 
99 45 78 98 54 73 192 151 102 180 63 77 105 135 154 191 40 156 6 119 70 81 194 57 147 121 103 61 9 47 126 11 17 21 22 64 53 18 155 149 157 173 150 111 161 143 91 84 20 3 176 101 189 138 134 184 110 140 145 14 163 148 7 42 75 162 181 59 67 115 195 69 120 38 43 108 39 28 125 76 79 30 100 94 175 13 26 88 158 116 5 46 107 198 36 87 62 83 49 68 164 170 51 132 10 
168 141 199 171 41 193 188 149 31 34 60 191 81 170 99 137 118 46 176 93 27 85 84 129 146 167 100 158 198 87 160 143 187 28 21 128 151 19 63 115 48 58 162 164 127 140 94 169 134 102 5 68 78 200 29 20 192 177 88 173 35 50 96 123 172 125 132 108 39 105 66 185 97 32 179 109 104 71 7 82 45 13 90 119 8 174 12 56 178 154 75 184 70 145 142 89 
29 156 127 170 23 45 111 47 11 162 104 71 70 41 58 73 123 91 168 24 30 152 169 149 178 174 126 64 59 28 189 31 32 13 117 84 158 155 146 15 196 131 167 57 139 34 171 184 164 148 7 141 42 200 154 121 96 20 63 130 62 97 9 6 12 48 115 56 134 194 81 140 66 186 78 157 197 26 135 177 101 89 65 25 21 39 188 191 173 8 179 172 198 175 52 75 143 36 120 102 83 46 77 27 18 53 5 
187 105 152 24 80 76 189 82 158 1 4 6 172 104 91 138 100 57 13 55 20 25 12 200 112 69 170 67 78 87 16 117 45 99 127 54 114 88 59 18 64 177 168 164 129 15 39 145 17 194 163 44 193 159 89 11 106 113 86 73 156 32 119 40 31 148 144 173 116 72 101 2 125 68 85 33 192 22 9 51 27 103 46 183 3 155 48 23 49 96 197 165 128 123 94 81 
161 143 195 89 117 198 20 106 146 159 55 164 181 73 88 136 105 189 138 32 49 127 112 14 103 109 187 63 50 26 19 21 170 139 151 104 75 65 119 128 188 193 46 200 5 97 87 191 91 153 27 115 61 184 157 197 123 175 9 77 95 45 172 79 18 144 56 62 76 121 69 149 108 179 72 39 134 133 60 78 1 162 173 7 168 158 12 94 122 83 160 196 36 
106 95 184 76 7 178 119 157 111 82 123 101 190 63 97 51 42 78 103 92 137 15 67 140 120 192 79 105 114 3 10 188 54 135 74 186 26 38 154 104 5 124 81 138 6 22 160 173 176 31 182 133 35 179 167 34 13 91 126 193 59 99 45 36 75 191 29 183 65 116 156 115 145 98 181 168 143 23 199 21 171 43 58 86 56 180 90 24 8 149 19 163 121 125 64 107 18 150 20 141 175 57 
26 111 25 113 75 89 50 171 177 123 132 87 148 64 137 164 46 48 133 20 78 151 58 176 173 158 24 37 31 139 126 180 10 69 102 85 124 14 166 66 193 45 81 7 153 172 134 122 96 15 70 86 16 93 17 197 30 110 154 59 184 157 125 128 3 127 8 40 168 34 149 144 67 32 82 129 65 106 196 182 43 198 155 169 
89 190 63 95 169 67 121 158 92 82 2 156 42 136 88 179 62 149 10 8 14 61 184 74 152 65 77 177 157 60 165 52 99 199 90 117 68 38 20 70 170 98 161 116 128 115 51 112 48 28 17 102 196 197 91 191 24 22 126 139 155 26 37 36 44 200 29 21 105 9 104 180 131 168 133 113 192 43 120 15 109 175 124 96 187 154 173 87 25 23 194 134 189 64 
110 126 27 37 178 130 44 51 12 121 125 119 190 181 186 23 135 35 6 176 112 124 69 114 59 42 70 156 100 102 166 161 143 48 71 183 77 137 43 86 62 40 96 103 106 81 55 111 24 141 33 56 32 138 72 73 9 53 167 19 79 64 60 78 4 89 84 136 99 175 52 90 194 123 170 117 160 142 38 146 149 133 147 197 93 91 148 7 107 
19 3 139 134 30 195 155 96 45 153 190 111 66 192 156 44 13 142 90 86 27 109 161 62 119 59 41 114 16 148 73 61 4 147 79 193 32 117 15 12 143 53 167 49 108 85 170 112 57 159 38 89 24 80 83 106 123 141 93 116 157 39 122 8 197 124 95 166 168 184 64 145 162 158 175 63 35 9 28 26 150 74 196 103 126 131 120 88 58 180 200 102 1 198 178 82 144 72 186 46 92 152 14 104 110 189 176 107 
84 22 118 147 50 172 192 90 8 86 43 152 164 45 121 133 134 99 155 149 7 28 76 198 94 101 92 173 41 61 82 151 15 2 62 104 130 70 186 163 150 138 87 136 25 66 53 68 63 145 153 73 75 89 125 64 27 74 200 1 102 14 51 97 175 195 116 60 177 183 11 165 40 170 34 184 197 191 91 159 185 54 189 4 108 166 137 35 57 193 131 171 154 58 36 32 6 179 196 
158 193 38 43 165 85 34 134 154 22 188 6 197 80 33 149 74 114 66 115 140 17 166 13 151 124 107 61 194 130 133 128 15 28 192 163 153 182 37 100 31 60 87 89 181 121 102 169 73 179 113 19 116 49 117 41 120 168 167 150 57 110 104 109 65 132 200 187 36 199 118 135 75 77 157 11 142 1 82 12 81 45 148 173 147 152 25 171 180 191 88 46 
192 95 52 137 188 166 186 56 119 5 175 72 184 81 84 162 59 198 139 141 125 144 58 80 107 2 30 25 16 143 49 102 103 121 189 99 50 146 157 33 60 173 136 191 93 31 181 70 130 10 1 171 148 183 123 13 168 151 39 132 117 140 145 21 135 172 110 42 55 36 17 82 108 169 193 38 24 118 91 29 43 40 87 155 178 120 11 73 100 74 64 51 160 
110 112 146 1 141 199 101 118 184 104 13 198 96 128 161 185 127 51 124 44 177 14 35 76 189 99 155 81 48 85 7 182 193 126 144 197 148 88 169 82 191 135 180 150 163 37 69 40 2 3 52 190 11 97 93 98 17 157 92 83 74 156 23 162 26 120 113 138 20 183 77 159 90 122 131 9 130 18 152 165 173 106 21 132 41 64 117 111 58 115 24 62 42 31 32 8 71 109 194 59 87 129 79 174 45 196 
145 198 159 21 154 164 117 183 148 34 125 17 9 15 10 16 172 149 196 193 153 175 143 5 129 93 51 142 18 8 77 71 190 114 99 44 61 191 131 118 130 121 108 170 167 28 74 163 132 107 150 52 147 199 112 139 133 157 36 106 186 195 174 32 96 98 101 3 171 194 138 166 97 105 162 90 94 141 2 110 35 182 158 48 67 120 151 72 84 4 180 41 39 103 23 119 6 
108 13 29 39 155 99 40 68 116 177 134 147 165 114 57 34 59 118 80 191 92 25 128 172 144 166 100 4 148 47 145 107 140 60 138 6 76 171 85 139 52 133 7 45 18 187 77 113 130 154 51 20 176 8 38 41 46 183 142 96 182 189 109 48 179 17 164 194 180 131 106 90 91 1 87 192 115 101 15 95 173 37 50 88 136 151 184 195 66 153 157 26 125 163 98 132 12 10 152 
177 35 20 134 51 198 41 196 1 146 169 19 50 185 116 100 43 72 142 175 188 67 153 148 65 200 133 110 49 91 40 98 3 123 144 94 9 87 69 106 197 34 15 174 161 167 147 199 90 173 127 156 154 182 6 4 151 83 119 113 22 195 163 80 155 171 27 59 86 25 52 115 102 125 12 186 76 168 191 23 162 104 136 190 46 176 118 62 139 137 84 105 95 181 75 166 58 68 11 189 184 33 
92 163 91 190 54 27 134 126 168 170 157 30 137 113 196 153 13 3 149 98 21 17 103 166 47 19 100 182 46 197 143 187 44 131 38 84 106 172 142 178 140 179 39 20 41 97 76 169 189 6 186 191 93 64 118 72 171 68 35 89 151 125 82 8 53 67 192 43 102 198 188 115 173 45 33 152 148 146 176 147 29 63 90 52 183 4 107 34 10 177 130 61 156 32 25 144 15 167 
32 198 124 43 5 199 76 65 155 169 17 140 171 15 99 56 12 8 31 30 125 6 71 34 148 96 23 62 182 29 80 54 14 70 120 176 36 11 1 72 98 28 10 84 174 101 55 159 4 187 181 105 200 172 2 188 19 48 108 114 53 183 134 146 122 139 93 39 190 90 27 9 67 149 20 88 168 123 60 33 110 127 129 191 136 145 196 165 143 40 52 126 152 50 184 97 61 92 167 77 82 69 37 79 18 144 73 91 192 64 51 
6 175 165 3 169 119 82 178 20 114 191 77 158 12 152 63 41 193 98 14 84 58 163 100 90 170 134 181 139 185 104 105 62 24 151 35 168 121 183 172 160 59 145 30 18 161 150 164 97 15 51 80 198 54 42 159 187 16 95 64 60 122 27 195 141 39 197 133 146 87 5 71 81 106 174 33 125 53 56 127 55 154 11 148 200 137 8 25 9 37 157 43 126 129 4 66 99 
58 138 196 1 37 126 193 188 94 133 112 24 14 61 147 87 164 134 153 93 143 162 77 191 39 71 136 54 44 19 51 47 118 67 95 105 183 9 70 156 178 80 84 38 90 127 99 155 97 169 7 26 72 125 16 49 5 181 64 75 103 21 102 66 149 150 59 111 180 124 173 91 69 43 88 140 168 25 76 123 41 167 159 17 63 165 40 13 190 113 
164 45 156 123 106 71 63 82 194 11 135 154 13 9 20 109 116 200 148 195 91 147 118 126 171 73 66 69 188 193 48 163 185 179 146 59 197 90 15 132 110 165 43 47 58 117 5 23 34 2 155 128 31 77 131 105 95 162 10 81 189 151 37 139 107 65 192 108 104 119 29 25 198 79 76 7 157 53 100 160 33 122 168 14 140 143 102 127 172 72 136 120 187 83 44 84 190 141 62 
42 148 167 17 86 6 156 135 68 123 85 46 33 38 5 83 118 84 119 4 121 45 35 26 98 66 193 142 166 180 110 75 163 93 18 183 132 72 43 116 171 157 71 196 25 87 153 129 181 198 107 79 49 128 3 51 29 97 179 127 20 39 100 184 78 190 200 15 95 10 186 32 112 63 114 189 113 88 130 44 92 137 172 188 1 131 187 59 41 173 103 143 90 69 99 199 138 48 140 185 122 24 
172 198 96 106 154 125 146 68 44 133 42 76 181 25 147 4 38 200 173 92 93 112 170 86 81 88 39 59 94 175 167 134 70 78 123 27 41 33 64 73 51 13 195 117 8 34 183 188 184 162 26 47 10 31 30 171 1 62 191 99 19 95 91 35 50 80 139 176 32 5 3 114 89 166 179 153 40 74 22 71 56 72 36 189 14 182 98 120 144 142 151 21 58 124 174 23 
46 69 53 7 102 79 191 182 65 122 43 14 44 36 12 164 161 195 97 200 63 132 150 58 179 99 28 199 23 119 51 141 176 57 168 174 100 152 103 148 181 180 93 20 67 77 70 30 26 89 24 72 39 110 32 116 130 42 124 83 197 41 151 27 144 127 66 3 128 85 137 120 95 92 106 88 56 154 133 48 158 171 22 86 183 147 149 140 34 198 19 74 60 21 11 
34 103 30 69 21 48 92 131 38 146 79 191 85 185 28 81 35 24 163 73 136 78 124 159 98 178 169 43 45 117 33 190 129 148 140 160 134 23 167 50 153 105 6 162 157 128 10 11 46 154 36 42 4 14 152 120 47 170 19 113 155 75 193 122 25 118 63 84 3 15 101 91 8 22 32 89 90 184 67 151 109 144 65 17 1 200 181 
155 173 12 28 132 49 196 35 78 33 15 59 98 21 70 65 181 148 76 89 81 105 165 116 4 36 45 142 182 126 14 164 39 198 104 38 159 167 140 134 42 17 190 77 82 51 32 24 52 120 152 150 85 175 107 66 166 160 122 194 125 191 192 139 197 158 1 99 172 109 149 6 200 87 143 145 187 154 56 37 178 62 127 171 115 112 102 162 184 68 117 72 168 180 103 3 151 47 161 144 199 73 
138 170 147 96 25 192 110 34 54 81 64 72 133 74 150 33 2 124 90 195 40 48 24 12 59 121 93 160 78 100 19 126 156 179 173 11 88 161 185 60 131 103 97 144 159 135 146 57 119 191 86 151 182 153 77 193 70 172 52 37 18 197 38 194 140 1 130 127 157 15 43 14 41 45 85 50 27 42 165 28 51 154 35 13 107 116 91 163 118 104 158 190 128 66 114 145 47 
104 101 112 2 147 14 100 157 184 103 155 123 77 192 113 170 199 134 65 87 139 198 61 7 148 132 38 56 86 106 177 195 29 21 183 164 82 73 96 26 146 59 137 124 36 11 163 180 40 129 156 117 28 91 42 88 80 194 49 70 175 10 161 133 173 98 37 144 154 32 114 60 190 162 179 85 136 51 186 23 78 12 93 138 176 76 130 19 108 127 166 110 66 172 24 15 102 47 39 52 
165 18 35 131 120 146 133 121 40 151 69 57 65 103 182 172 124 136 108 114 179 10 60 82 99 27 187 45 13 200 163 29 159 61 15 89 28 68 54 102 72 41 199 104 38 25 67 70 166 180 101 191 76 3 148 168 83 198 153 169 155 2 176 113 49 173 85 59 5 117 77 62 189 154 100 32 33 125 171 79 55 14 150 188 190 66 162 192 44 126 52 9 142 6 167 87 7 194 109 17 
148 64 5 82 47 172 25 170 167 176 126 156 173 196 37 56 177 163 175 149 182 40 174 94 11 76 81 62 120 78 194 27 41 1 96 158 100 58 164 123 65 104 141 121 22 55 71 109 178 151 127 23 17 101 26 187 135 191 129 66 147 113 80 154 50 24 51 33 83 63 21 153 169 103 95 3 150 8 138 18 72 108 106 68 134 61 190 168 38 128 15 88 
24 167 116 165 121 54 196 3 4 148 57 8 179 55 99 35 64 149 112 85 172 164 47 70 87 75 26 124 56 189 97 84 44 197 76 175 200 117 138 185 15 31 186 104 163 126 160 42 153 91 190 59 88 16 130 120 193 19 37 13 92 129 188 90 151 9 156 86 102 184 22 40 146 134 174 52 133 62 93 113 144 173 30 170 48 177 29 111 182 145 80 2 95 114 46 10 194 38 21 147 51 132 63 25 106 23 12 180 33 
136 173 93 190 137 68 101 188 189 186 52 124 63 32 21 130 140 151 10 18 100 125 87 8 45 60 171 138 67 121 61 9 97 183 14 110 78 22 92 128 76 147 36 108 118 2 27 192 163 158 39 95 17 162 72 159 13 199 66 49 47 116 64 33 170 180 115 4 172 179 129 53 139 57 54 19 143 50 161 195 127 25 156 178 35 193 80 135 7 104 94 48 177 58 149 91 187 20 
38 63 5 14 195 56 21 155 72 152 171 44 146 122 108 85 106 97 51 138 66 161 33 157 147 175 113 68 104 176 61 93 22 194 86 186 126 130 90 19 41 190 84 151 64 62 184 115 13 153 103 92 29 37 52 83 174 193 143 4 91 131 10 192 67 87 79 127 47 181 117 165 32 164 80 156 160 70 40 15 150 199 185 27 110 3 20 158 16 88 121 46 82 60 139 124 112 
129 43 133 30 170 1 31 197 34 74 135 56 99 33 5 120 60 104 105 124 85 47 195 116 131 143 164 95 45 145 163 125 8 16 21 77 181 25 4 65 140 108 81 38 137 28 151 68 128 168 192 73 167 97 171 139 12 72 194 149 189 188 9 199 183 27 173 141 152 52 180 26 113 175 17 22 50 159 114 196 174 36 42 102 32 190 130 11 7 55 76 40 48 111 91 14 84 39 46 49 158 10 29 23 87 191 80 69 
77 181 108 56 58 167 43 112 93 92 169 3 67 4 19 143 196 104 129 127 157 11 120 79 145 163 179 133 41 177 174 25 106 128 32 51 29 171 100 60 178 12 71 121 148 189 123 47 150 78 15 65 166 126 57 200 62 140 132 191 190 122 97 46 23 5 44 50 109 94 135 111 186 13 142 183 63 193 139 197 144 103 10 136 80 198 73 152 162 188 
191 70 99 164 169 3 31 200 75 140 102 40 126 160 121 127 4 151 93 54 63 59 124 155 1 100 184 25 88 161 128 182 81 42 138 80 19 71 142 185 131 123 129 18 137 105 134 114 15 176 107 168 115 199 84 143 130 39 190 48 21 147 159 30 85 77 29 112 66 133 69 92 187 108 45 24 6 110 22 90 118 181 197 120 12 141 150 58 157 109 179 65 7 125 37 136 78 89 153 46 167 193 51 16 170 173 
189 28 195 178 67 172 194 31 77 122 167 41 165 103 112 111 1 120 114 81 74 75 143 7 151 18 146 157 150 130 5 49 171 46 92 136 56 126 144 50 123 110 55 116 162 59 185 80 40 118 11 84 129 69 20 191 88 119 99 113 86 72 87 183 30 48 160 71 44 57 142 132 25 83 17 109 156 168 38 2 117 3 93 52 138 34 107 176 78 166 
63 149 53 67 96 56 163 33 181 66 151 15 6 132 164 191 166 97 122 139 3 123 98 195 117 8 24 49 142 178 186 54 28 188 100 176 77 187 167 68 101 26 72 61 9 34 145 12 37 75 50 23 192 172 104 182 170 94 148 153 38 51 147 125 99 70 156 58 27 138 109 82 112 4 55 89 36 22 31 43 126 18 175 95 168 190 184 102 87 74 136 73 193 131 88 30 141 196 14 121 17 
3 13 108 79 189 163 93 38 74 14 61 84 138 56 127 136 160 168 48 112 39 181 148 53 200 142 100 128 90 46 150 17 19 88 184 12 195 139 176 9 122 165 129 76 20 27 4 26 104 145 103 118 22 159 131 40 172 146 126 133 95 124 171 156 49 8 51 58 116 123 101 50 149 188 23 7 164 137 110 113 135 71 143 106 97 141 87 152 144 196 45 
159 47 36 2 23 193 86 22 6 27 157 198 50 184 108 105 80 196 34 79 14 122 138 175 26 131 99 30 100 136 101 74 199 62 98 83 162 31 32 191 51 146 43 195 20 154 151 119 54 17 185 190 104 115 63 81 107 129 169 171 123 192 39 21 163 42 58 95 72 9 161 130 121 46 200 13 25 137 29 197 18 173 176 109 145 127 167 48 147 194 1 28 114 181 73 35 188 52 70 125 68 71 103 45 174 57 182 164 90 
178 143 66 135 57 179 70 74 148 50 43 45 68 106 89 33 1 25 181 5 145 84 127 22 59 34 172 116 150 62 4 142 56 158 28 13 54 157 137 20 87 65 194 60 8 163 58 38 3 141 90 96 40 121 184 182 128 49 173 195 164 51 41 166 118 177 102 15 197 126 108 97 200 95 156 93 53 81 192 132 98 165 61 139 18 183 122 77 35 134 91 189 42 186 123 64 27 129 101 
135 172 126 174 97 23 66 19 67 77 118 107 45 114 108 89 74 137 22 171 68 34 139 96 185 122 191 83 6 24 110 112 51 113 63 10 158 103 98 88 101 198 166 152 106 156 183 133 27 117 1 140 15 84 44 138 50 188 170 119 3 41 93 105 81 176 193 159 38 99 16 55 53 60 17 12 136 33 123 141 131 190 64 76 42 180 54 25 31 26 186 75 40 128 36 43 197 192 142 91 71 127 194 
28 133 138 114 77 31 15 73 148 27 49 26 5 171 187 99 38 163 158 190 67 168 165 50 145 157 7 87 122 84 167 35 124 137 128 166 24 11 76 6 13 199 184 41 91 179 97 108 118 198 169 112 101 61 109 53 18 115 19 111 82 119 93 89 9 132 127 156 103 16 52 140 57 172 191 88 130 192 62 75 193 121 83 161 81 176 4 14 125 141 48 23 195 56 189 180 39 170 
144 20 56 67 23 154 7 158 43 10 143 128 76 165 168 18 105 133 86 87 59 191 47 145 19 170 119 85 4 103 52 176 189 115 73 155 26 53 3 172 99 74 64 89 169 125 65 91 11 54 6 33 195 27 77 34 140 31 80 22 42 120 121 62 14 114 84 16 199 129 49 164 132 92 28 139 109 196 163 194 90 112 151 95 70 142 182 149 153 40 134 13 51 94 83 110 150 117 
168 89 2 50 125 27 145 17 116 121 123 119 111 183 126 31 176 99 112 179 197 191 29 114 24 79 93 47 70 149 28 134 19 1 118 95 82 200 104 72 60 69 147 152 193 49 167 9 63 192 21 131 75 102 84 177 37 14 42 101 65 155 137 110 148 129 164 127 30 175 44 33 56 20 5 78 171 45 92 51 178 48 195 166 188 88 140 80 38 181 41 18 133 139 153 124 184 53 98 160 73 66 43 117 
106 113 17 138 118 186 40 121 22 81 1 196 190 160 67 156 188 96 144 162 136 28 112 166 68 102 109 154 75 56 44 197 142 48 195 26 146 108 153 178 123 29 94 165 187 194 6 59 110 73 31 189 200 103 38 2 62 131 199 61 114 71 54 25 163 168 45 176 139 8 169 175 126 116 65 35 88 115 155 27 74 55 167 77 36 58 145 119 21 
22 49 139 179 54 81 38 30 59 151 170 190 14 48 185 138 90 71 26 13 84 197 95 3 46 8 60 173 102 2 193 182 181 175 4 115 78 19 108 162 183 32 93 83 180 67 29 24 154 20 74 75 36 72 116 47 186 148 18 164 125 12 166 56 195 11 189 15 174 89 132 141 70 31 6 25 107 5 43 176 64 126 58 137 121 146 191 152 16 130 122 39 100 77 199 96 51 131 87 194 61 144 86 
39 33 173 131 113 197 26 177 55 69 196 42 124 158 143 52 71 139 9 187 30 100 96 64 36 35 12 193 198 190 38 200 19 149 78 105 109 5 45 106 172 151 80 29 90 41 107 83 138 88 49 23 46 175 104 66 111 89 180 11 43 93 2 34 101 94 97 183 17 185 188 145 137 73 195 120 47 25 95 1 167 148 117 91 67 181 171 108 87 53 72 61 116 86 157 133 163 
63 139 174 22 1 35 76 97 140 4 116 47 5 82 72 136 78 37 3 56 26 167 81 188 120 59 128 46 95 155 74 152 112 57 145 21 162 168 196 52 189 177 138 71 102 182 65 144 99 16 192 119 29 101 61 110 181 166 55 7 25 197 14 69 185 60 148 32 31 85 87 179 107 45 199 171 191 66 103 121 51 125 17 28 44 39 131 36 49 
97 182 193 185 141 16 84 20 4 132 66 80 159 138 144 176 92 147 96 196 62 5 58 34 188 109 198 86 57 68 9 26 53 19 10 170 75 116 158 167 67 11 78 95 76 173 37 163 32 152 124 107 88 70 133 161 113 49 125 72 59 43 174 12 102 64 191 71 81 179 187 108 126 112 110 90 41 85 50 8 56 137 51 38 74 149 114 121 200 181 135 29 177 33 30 101 82 2 140 128 
125 134 53 141 73 50 62 112 65 165 176 23 58 94 102 153 22 156 150 83 193 71 122 155 110 38 84 67 75 162 99 192 69 127 64 33 3 111 70 82 200 187 144 104 96 46 174 68 169 182 117 190 61 55 108 147 103 81 63 160 158 49 115 151 51 199 106 6 146 24 142 131 126 188 140 88 105 186 133 1 128 100 139 34 189 143 137 16 196 175 152 123 129 37 36 98 
93 36 81 46 122 171 114 96 72 73 126 63 133 24 127 25 113 150 6 138 59 77 192 200 18 165 156 56 26 68 180 186 157 31 53 108 167 143 95 177 3 100 112 80 118 67 88 151 148 182 191 183 195 193 5 176 34 179 181 101 37 70 51 86 116 15 49 153 178 90 16 174 4 39 159 45 8 187 115 136 146 109 1 79 142 40 111 35 33 47 41 82 132 145 152 131 140 
6 164 46 181 79 166 155 102 132 50 193 189 198 143 151 191 115 13 194 186 87 101 9 1 133 149 178 34 12 72 139 158 174 5 167 110 179 41 92 38 18 103 163 98 104 180 94 177 19 131 123 31 59 45 39 67 22 89 156 77 96 173 49 62 119 75 28 84 53 125 52 127 85 196 76 183 138 153 145 44 130 10 122 108 4 35 141 36 29 197 30 11 26 48 83 73 
106 154 63 16 134 48 15 193 65 19 157 129 105 78 138 21 69 127 12 153 57 71 28 68 77 149 198 88 61 38 60 196 140 128 124 141 176 123 197 23 91 20 120 49 97 74 184 126 75 98 8 3 150 2 108 118 192 161 54 159 37 122 158 81 100 155 92 14 194 107 181 135 50 42 102 165 170 147 183 121 56 41 72 76 174 90 85 200 67 189 
197 162 6 107 113 158 21 101 43 111 61 191 2 179 96 81 15 149 130 44 35 80 56 123 86 193 141 190 164 17 157 18 199 132 12 165 155 66 150 52 126 183 29 9 182 98 192 135 92 114 100 120 27 177 138 7 200 10 174 89 137 95 194 160 38 188 134 83 1 143 148 147 189 195 60 128 85 93 94 146 51 142 40 24 104 184 121 161 67 84 176 97 65 28 75 78 5 91 152 117 129 99 109 69 
191 150 41 158 142 103 25 20 183 52 173 7 111 176 43 95 15 51 54 119 186 50 12 62 149 22 27 161 132 131 148 76 93 200 155 87 189 94 57 108 157 1 49 10 99 136 129 174 169 106 141 177 89 2 190 123 8 115 107 81 28 180 138 3 82 113 100 69 192 156 171 88 130 45 78 184 151 17 4 133 96 5 117 121 91 16 124 196 73 197 128 48 11 185 75 35 116 146 24 21 63 64 97 36 118 114 101 182 44 84 58 
79 94 22 123 74 40 99 177 111 197 110 186 130 8 34 194 155 64 181 170 152 132 23 42 118 65 69 125 142 83 163 51 19 168 17 158 7 72 129 147 56 39 78 59 141 5 9 113 50 84 174 2 18 38 114 37 93 77 54 25 76 156 137 68 124 52 41 131 188 66 148 196 6 88 29 58 32 43 11 128 24 75 198 53 119 106 190 
99 85 22 25 19 41 10 1 183 185 197 176 81 95 110 106 169 35 181 46 190 51 66 24 113 76 108 195 44 14 42 90 198 120 121 72 142 184 84 171 135 114 38 29 49 112 28 82 144 109 182 6 3 156 69 50 131 9 166 94 137 177 53 17 159 67 188 34 2 187 116 92 139 26 56 93 146 192 126 62 172 155 58 180 63 43 68 103 162 122 73 80 16 55 140 150 129 119 77 143 104 115 154 100 196 23 148 
129 128 4 94 106 130 26 164 117 147 151 146 138 197 39 127 175 25 12 14 85 144 141 98 43 199 157 58 80 11 114 152 73 113 161 177 170 95 30 198 33 122 41 173 168 47 62 42 103 29 1 15 118 70 50 32 19 126 46 75 136 86 61 134 71 160 154 135 186 96 181 111 172 133 31 155 21 34 90 18 196 51 92 77 22 108 72 123 35 5 57 24 176 48 145 124 56 100 102 195 2 149 
105 104 134 101 10 175 5 182 111 131 44 69 150 133 139 108 77 27 141 38 12 49 61 127 100 174 126 184 47 155 87 135 179 34 54 109 113 114 149 129 42 190 33 98 8 28 154 122 124 36 3 160 118 194 52 178 14 24 23 142 107 43 173 70 90 2 195 110 40 62 151 138 200 20 37 78 153 29 30 48 76 170 63 144 140 79 116 53 143 9 75 91 156 171 130 102 115 57 
28 129 17 108 153 116 140 177 69 39 96 20 88 49 84 44 124 46 199 51 193 45 172 98 162 171 122 81 68 13 70 4 128 113 159 92 191 125 77 35 135 175 112 200 79 83 123 176 104 12 152 16 11 146 50 168 42 2 139 132 87 142 27 143 187 63 134 5 62 14 7 138 103 115 119 66 61 85 43 141 73 47 89 59 22 160 25 165 188 144 192 114 76 10 18 118 181 56 148 117 52 174 190 127 37 40 
154 91 88 184 108 62 103 162 192 173 146 147 83 177 13 8 52 34 26 30 92 6 70 190 199 172 60 48 99 183 105 113 193 166 131 77 56 27 10 37 16 110 163 64 114 28 195 54 130 9 1 176 66 53 85 72 164 43 79 161 50 143 101 33 63 39 49 135 29 36 22 136 95 169 178 185 81 68 102 67 145 179 125 18 165 168 159 74 38 78 86 19 106 175 104 152 58 142 167 23 20 128 126 
24 122 34 191 51 100 189 73 140 57 117 58 48 112 75 142 59 23 80 71 114 128 84 81 159 116 150 4 8 39 126 52 37 199 163 138 171 174 16 28 160 32 181 38 172 94 21 67 11 176 157 187 49 124 91 194 90 135 62 196 183 82 145 46 200 173 41 87 12 197 158 146 106 31 25 77 29 33 101 98 120 7 152 119 53 69 65 54 5 105 10 93 190 78 104 143 13 55 97 179 2 108 131 121 103 193 188 45 
185 33 83 163 177 99 31 102 127 26 75 188 130 140 183 25 60 192 117 40 39 113 150 74 135 200 198 142 71 164 111 84 108 18 46 189 91 118 62 55 149 174 195 105 157 106 4 182 173 48 162 89 128 107 52 121 82 141 152 187 196 87 92 110 112 73 171 76 120 103 81 148 20 24 136 159 129 145 156 59 29 166 96 190 178 51 16 168 44 151 175 158 54 95 199 85 90 155 13 154 37 170 179 167 19 14 63 
66 46 147 125 165 191 118 97 79 41 76 170 113 20 142 160 60 85 63 32 80 22 122 24 180 168 59 29 57 161 129 53 86 176 171 190 16 105 174 189 182 37 64 101 181 127 144 107 48 58 195 36 164 28 1 71 45 69 43 4 81 197 98 92 17 3 26 8 55 91 140 23 173 50 128 115 162 167 42 9 96 187 93 88 196 157 73 74 169 27 119 47 143 188 178 153 114 68 193 
6 11 113 60 137 43 193 181 85 187 108 95 129 47 19 138 31 106 63 26 4 49 110 53 102 28 149 62 9 24 82 131 39 79 8 147 7 81 76 114 142 124 18 172 22 177 150 109 87 200 191 80 90 37 30 32 107 78 23 164 157 66 158 188 117 197 54 103 165 101 41 153 98 176 1 72 44 99 14 20 75 94 190 183 144 174 104 55 120 56 184 132 57 16 196 89 77 70 21 40 121 
35 108 14 44 66 80 19 89 68 86 157 67 70 106 174 78 97 123 27 42 127 84 2 191 5 117 176 139 39 25 1 17 200 64 51 50 122 77 172 197 194 75 113 114 182 82 155 13 153 102 190 134 147 22 162 61 47 136 60 164 129 111 196 55 161 59 11 101 148 165 185 62 52 105 72 141 26 21 81 187 45 119 41 140 34 90 103 133 98 109 143 10 144 116 135 79 40 53 175 16 159 58 167 
78 188 75 164 17 1 186 11 191 73 6 91 134 119 97 24 53 48 146 26 59 49 165 20 154 160 22 76 5 86 140 32 90 89 84 93 185 12 118 197 13 136 123 60 66 4 52 58 81 112 107 55 127 199 170 34 189 37 159 18 168 7 138 50 36 125 155 21 30 101 74 141 144 104 42 92 103 132 88 3 79 117 28 143 126 38 177 121 29 
151 39 160 103 90 62 48 162 120 12 86 35 177 8 106 98 65 69 148 137 107 159 116 182 1 75 21 195 145 123 44 102 97 136 193 100 59 161 82 23 130 124 18 73 3 14 17 105 150 132 111 2 128 13 92 152 189 46 54 199 31 186 88 67 5 169 101 91 96 188 36 146 22 25 200 173 83 157 166 164 19 117 134 49 37 55 104 30 63 185 171 112 187 28 170 52 138 60 165 175 153 71 108 178 53 78 135 131 7 147 
109 60 29 177 54 126 187 83 67 138 168 105 37 81 117 2 167 23 15 129 94 97 161 162 118 16 152 40 56 142 128 20 108 156 102 139 179 36 176 194 125 111 170 95 68 107 61 34 69 164 135 1 172 42 191 43 141 11 188 136 12 159 93 17 127 100 130 85 101 49 150 78 123 153 200 22 106 25 148 84 91 57 143 181 163 79 98 
95 88 117 40 38 41 91 8 33 35 198 54 194 64 92 160 165 188 175 100 129 52 149 126 73 135 9 127 18 47 166 167 136 178 170 45 7 189 146 140 131 168 34 125 13 105 82 174 144 67 77 21 153 190 31 53 159 154 50 20 164 76 3 27 99 90 30 37 17 147 97 176 51 120 32 184 79 4 6 66 65 134 72 103 191 130 124 26 25 56 74 36 157 115 122 69 63 24 83 1 132 197 
166 65 24 100 114 187 152 77 26 73 88 55 145 69 1 188 155 127 118 125 190 34 31 138 143 84 18 58 90 64 168 112 117 17 83 41 102 110 36 135 153 101 20 189 56 32 79 137 27 170 128 13 71 116 134 150 47 148 111 198 183 29 30 122 54 124 67 151 95 92 174 157 22 33 89 74 63 23 51 140 199 103 43 178 130 14 197 172 82 15 60 113 37 3 119 11 185 42 4 59 52 107 12 167 61 121 
200 16 104 149 128 160 82 131 12 187 63 23 40 52 69 85 87 45 97 7 48 162 125 105 1 86 122 176 139 17 95 36 78 56 179 148 174 133 57 96 4 113 61 152 106 181 39 53 42 68 161 196 19 191 84 145 14 66 189 49 137 199 90 5 43 170 159 27 83 77 89 110 154 21 134 101 71 180 108 55 143 34 184 98 192 99 168 35 
85 84 61 80 33 158 191 145 18 168 28 55 195 140 73 91 76 147 51 114 103 93 150 171 101 53 70 97 38 68 43 30 95 31 57 39 67 66 16 164 2 27 126 5 34 134 6 82 117 22 14 17 199 198 89 32 65 50 124 143 69 1 24 144 74 153 189 26 7 181 159 121 62 52 48 109 129 94 11 163 154 100 63 12 165 92 169 59 122 120 107 128 71 47 110 77 56 180 
94 130 100 69 73 89 113 158 163 25 199 29 56 38 101 185 123 108 164 99 35 54 8 30 67 2 175 184 3 155 75 64 177 127 138 41 48 176 142 14 110 115 53 82 141 1 181 131 60 95 179 148 119 178 182 116 47 198 79 32 17 133 194 173 44 76 23 81 22 134 39 43 83 162 150 196 93 63 111 129 24 188 105 80 31 66 34 58 160 11 106 77 144 170 10 71 28 
102 160 198 134 46 199 57 167 143 94 135 92 129 12 114 93 192 4 162 8 144 182 123 180 78 183 109 85 38 50 200 40 98 154 141 146 68 84 99 163 116 108 124 133 81 158 2 113 190 104 17 189 152 117 80 170 147 187 175 35 47 173 107 111 21 169 16 79 14 42 55 67 161 22 176 54 128 181 132 63 151 37 45 23 66 130 27 195 178 150 157 13 11 184 51 60 71 177 74 
58 42 97 119 36 115 166 82 183 122 7 195 41 144 14 54 28 190 43 5 186 16 111 51 61 185 87 59 177 53 167 143 159 98 112 60 13 76 133 125 163 134 149 29 161 27 75 32 88 198 23 146 153 11 116 79 70 65 180 141 147 108 55 33 124 8 181 121 35 6 158 107 176 156 175 165 155 128 129 77 99 188 184 83 102 114 40 56 135 95 57 25 168 127 52 34 151 93 
167 128 146 103 147 46 52 108 172 176 183 173 141 11 110 137 111 40 91 142 177 197 109 62 86 88 98 73 145 196 84 132 159 101 179 163 178 174 57 77 184 49 189 150 38 50 43 169 139 168 129 119 198 78 35 45 61 59 133 13 160 71 76 6 154 188 12 104 126 117 134 90 120 99 140 96 19 152 87 47 175 130 69 143 85 65 22 148 144 9 121 48 23 74 170 158 67 106 72 100 41 56 138 81 10 125 192 29 155 20 
65 164 128 130 80 150 93 97 117 167 92 102 149 57 114 94 185 43 4 175 35 8 116 155 69 136 161 168 22 139 196 113 51 81 87 194 179 15 86 131 74 103 126 41 53 76 198 165 100 104 135 23 147 141 25 152 122 162 186 56 12 124 50 90 123 63 75 132 31 46 29 3 110 84 183 48 138 125 182 154 78 59 112 7 157 173 119 137 67 49 61 82 178 127 30 88 129 107 17 77 28 156 45 159 146 54 34 33 180 21 95 89 68 148 72 142 192 177 27 47 193 6 
64 130 140 104 146 166 97 3 139 115 109 26 53 119 174 16 167 150 112 154 123 164 197 56 188 94 103 55 195 124 19 157 170 129 163 153 35 40 11 121 173 22 191 185 144 111 141 145 49 194 14 37 161 29 2 117 57 79 25 42 98 1 48 107 72 113 168 34 8 45 110 102 38 155 96 80 12 36 65 122 95 152 108 85 133 88 52 138 190 41 127 60 176 90 
107 89 163 52 19 88 115 95 7 78 73 59 33 160 47 8 195 123 132 29 124 30 4 181 174 12 199 118 58 143 164 126 147 178 28 22 27 106 155 133 9 24 166 144 96 159 23 134 41 177 196 167 17 91 60 92 122 70 97 139 14 69 131 145 148 13 121 21 113 103 125 68 162 175 57 82 194 165 157 116 154 117 44 90 150 26 173 152 137 191 
46 123 133 19 115 23 159 8 191 102 7 63 167 59 10 197 39 142 120 138 87 73 18 96 83 106 1 22 145 91 112 49 20 92 127 158 82 119 105 165 193 182 187 139 141 78 64 192 166 80 101 62 149 68 84 107 27 175 76 69 179 154 169 33 196 77 72 36 98 146 54 114 100 156 89 43 143 103 53 152 126 153 90 125 38 183 29 172 48 15 40 34 3 30 111 2 140 97 
127 100 7 36 153 45 188 160 84 150 170 13 16 131 155 68 164 48 145 140 167 158 85 5 81 34 43 94 32 189 97 177 109 21 152 77 93 176 74 78 24 197 108 149 193 10 171 186 116 41 56 146 136 105 112 135 106 156 98 11 157 198 139 72 69 181 172 18 90 151 126 46 76 144 88 23 70 47 133 128 192 35 64 3 73 174 29 121 122 159 22 80 
176 146 160 125 147 105 161 190 194 150 178 58 171 175 50 102 128 126 96 56 158 59 170 46 143 4 162 81 177 49 6 32 94 55 142 23 138 121 111 169 54 10 14 199 114 22 130 18 85 101 132 151 97 129 197 86 166 191 163 83 156 118 100 134 88 90 168 15 165 122 68 185 38 70 11 179 7 91 107 72 17 34 42 82 193 103 104 119 84 152 47 116 187 99 71 
67 48 24 153 160 81 99 58 166 26 154 80 70 39 157 147 161 16 57 50 86 118 109 71 158 146 43 152 168 37 92 115 62 128 108 171 123 122 192 110 125 119 34 63 104 133 103 106 89 12 194 52 183 198 170 148 20 13 85 5 54 65 184 73 136 47 196 178 190 177 25 17 83 95 82 42 175 90 138 11 19 75 195 165 120 91 121 199 56 131 169 94 180 179 107 139 101 14 159 114 30 111 105 98 59 38 143 167 6 53 129 116 49 
122 125 118 160 53 187 140 162 10 171 188 184 191 112 154 72 93 29 92 64 147 170 186 41 74 155 133 66 110 130 31 138 57 166 200 15 141 81 165 62 135 108 26 131 65 50 56 152 98 136 79 88 116 21 124 17 8 134 113 40 82 91 107 4 189 49 126 23 85 71 176 105 121 190 63 129 86 55 169 114 6 128 183 39 20 195 87 58 32 7 16 197 
155 77 89 82 146 18 163 43 49 15 84 63 31 74 167 65 140 54 98 176 64 136 134 200 126 52 99 184 46 173 152 93 186 144 33 55 185 148 8 7 141 95 109 128 53 156 113 175 94 158 28 181 83 37 145 6 12 2 123 26 196 35 32 188 5 4 69 187 174 47 193 125 44 20 197 171 119 61 180 16 138 117 159 130 106 103 161 
6 84 181 143 123 134 18 173 98 27 116 54 162 97 175 4 164 168 153 56 64 114 122 31 21 108 47 35 40 38 109 133 2 137 119 160 131 88 103 136 67 43 94 121 61 113 30 199 77 172 33 198 20 188 151 102 166 128 44 99 49 138 25 51 182 11 69 52 13 130 80 167 178 3 50 158 42 57 163 141 90 152 157 1 147 34 135 148 100 71 63 179 176 115 70 185 75 