200
186 167 160 113 125 45 126 25 169 5 34 66 150 82 76 87 161 80 181 119 54 142 85 18 12 124 84 24 117 6 49 94 180 36 30 91 158 27 67 92 156 95 20 
75 133 176 86 74 138 93 188 124 163 145 199 161 191 118 156 189 47 155 16 192 95 175 96 113 105 92 33 13 30 125 174 180 68 107 87 136 57 43 184 187 77 85 56 182 134 139 49 9 148 71 
177 187 23 140 40 36 81 188 39 186 158 21 91 131 32 130 157 44 9 60 170 80 151 135 111 136 119 108 83 41 127 143 125 99 92 102 98 27 183 54 55 68 73 63 114 78 153 117 173 88 168 198 189 160 190 
175 199 41 124 113 178 69 162 186 17 73 131 44 34 65 126 75 32 7 191 30 37 112 142 125 141 58 120 98 195 13 35 155 21 81 169 70 100 139 50 51 168 159 99 182 128 
48 61 97 145 84 79 29 18 175 7 20 152 149 58 51 192 53 50 16 173 194 76 46 93 1 186 81 131 151 95 193 165 113 17 166 162 34 124 147 170 92 198 126 47 57 137 182 19 54 122 25 26 63 112 190 130 83 
15 156 179 64 175 55 137 121 83 25 18 33 177 69 35 106 133 176 185 20 164 79 27 72 62 50 193 23 93 182 67 126 159 102 1 189 163 81 42 139 197 178 172 103 183 149 114 63 
173 134 148 5 161 90 183 137 45 13 82 59 115 157 143 4 198 27 92 176 57 65 188 100 81 179 126 189 40 99 26 180 133 56 72 49 186 32 64 109 171 52 114 164 172 181 139 
73 33 200 154 197 59 28 147 170 46 148 19 98 149 62 121 95 176 50 183 39 164 94 190 113 175 165 17 141 112 114 92 150 80 64 152 78 157 128 106 115 101 58 60 90 
122 76 61 2 134 182 146 114 116 89 155 83 21 186 151 172 112 162 150 125 25 3 86 137 131 26 194 103 128 119 132 30 130 195 190 12 60 45 188 118 147 70 171 65 78 198 44 163 64 168 199 185 66 106 200 143 42 96 90 
128 169 70 185 145 61 99 27 12 129 90 122 188 102 112 72 45 40 108 18 106 55 126 189 119 159 38 42 39 80 183 148 95 88 124 77 117 71 16 13 34 85 118 69 143 66 14 190 142 33 22 152 
80 119 169 25 82 19 147 50 85 140 175 75 47 28 90 24 91 70 100 20 199 87 197 79 191 131 164 162 184 46 139 172 183 137 161 95 108 124 84 134 
184 61 59 161 154 195 15 160 114 87 103 54 192 19 177 83 38 113 1 173 88 10 129 9 152 172 27 180 116 176 193 197 58 95 31 142 144 105 39 23 33 165 133 110 20 24 97 125 183 94 45 
85 94 10 176 97 2 150 200 15 65 110 24 139 35 99 23 48 179 16 45 52 184 130 143 54 27 4 80 106 59 167 132 88 70 18 19 60 68 155 14 7 116 186 125 34 142 151 79 89 22 50 81 198 
97 27 189 150 112 64 159 81 188 109 174 200 37 114 76 34 176 179 164 134 125 120 18 82 117 69 147 78 141 16 165 13 85 98 60 26 160 186 185 143 130 122 10 144 100 15 96 
106 166 12 29 111 100 87 97 144 103 136 6 64 27 102 42 84 13 24 39 31 34 176 104 186 191 140 150 178 118 74 81 73 109 128 14 190 130 131 117 
13 101 58 87 147 127 194 197 62 84 69 10 22 178 14 168 199 63 79 152 41 24 118 189 2 82 33 113 39 5 139 18 
145 166 47 172 87 85 71 180 5 199 35 184 194 55 128 84 124 50 60 25 136 182 105 23 8 196 57 167 146 165 137 162 76 157 114 31 95 171 176 134 4 117 147 98 111 82 43 100 69 139 83 54 19 
75 196 197 166 159 36 84 42 97 5 131 63 88 99 190 10 173 14 54 34 46 134 130 172 192 116 115 49 127 145 16 157 19 6 93 78 73 1 189 183 139 39 47 118 13 
48 126 137 158 189 179 98 110 94 151 69 73 60 13 91 5 185 165 187 133 37 92 26 177 93 11 39 50 42 99 142 12 116 65 200 8 104 76 141 156 173 196 143 22 184 17 174 113 82 190 115 18 128 79 
28 110 140 158 168 84 106 120 148 118 65 126 166 6 12 194 103 52 24 176 129 182 119 133 86 48 73 23 193 1 68 97 150 196 82 22 5 185 98 179 153 174 45 11 160 76 53 101 162 
68 124 182 172 165 160 131 83 91 73 153 3 4 39 130 55 195 9 93 181 118 164 87 151 180 102 71 51 133 123 58 127 36 122 97 168 199 33 114 115 136 169 54 86 79 94 129 143 
108 92 76 99 88 110 53 185 104 197 36 114 136 10 147 64 71 13 16 28 169 171 95 38 180 120 51 19 102 91 111 32 188 66 54 73 39 144 90 35 164 20 181 159 115 170 40 189 131 149 63 193 134 70 
40 178 96 68 130 141 179 67 163 99 58 60 164 170 154 44 88 20 62 186 86 94 197 89 12 190 172 75 33 6 17 98 129 145 188 13 3 80 28 144 26 70 121 169 55 115 151 181 77 90 182 102 117 74 31 
199 191 59 40 49 131 60 196 99 182 13 173 20 38 36 141 107 168 172 30 15 54 152 82 78 34 16 12 156 1 162 66 185 76 187 48 179 96 133 46 90 125 120 128 155 188 145 124 104 100 154 189 28 116 108 70 85 164 197 198 25 147 11 63 
39 41 30 61 138 168 65 11 17 78 133 149 50 137 164 83 97 104 85 143 9 1 153 152 175 58 34 24 84 158 86 33 162 52 170 6 192 29 108 198 183 160 109 5 191 163 
182 115 7 162 51 151 112 145 119 19 105 41 60 193 133 73 78 111 76 147 81 5 23 176 170 191 88 75 106 156 185 37 152 195 14 86 30 84 136 31 163 29 160 9 165 95 77 
153 156 169 179 49 166 159 158 84 186 7 163 130 161 1 91 77 15 111 12 154 98 42 51 178 90 31 149 46 174 134 125 13 123 10 141 94 66 44 107 71 64 121 6 191 30 28 3 100 105 198 54 14 102 124 176 197 73 
36 87 157 76 42 117 116 168 153 171 161 199 100 129 44 198 24 23 174 20 142 8 180 64 151 145 170 67 166 70 177 139 22 95 71 154 152 29 111 92 11 127 75 188 63 160 82 179 48 66 27 115 136 65 
76 148 28 77 43 120 164 194 47 130 57 152 175 88 72 75 73 187 169 156 143 121 105 30 103 115 171 101 102 40 78 33 129 67 181 122 64 178 168 155 15 5 25 26 142 170 117 200 100 96 
100 105 66 93 52 153 25 181 76 72 47 84 69 98 24 191 101 145 49 56 172 27 173 147 26 9 158 29 157 192 136 74 58 156 167 1 171 32 94 2 90 61 174 107 4 
133 76 26 168 95 114 33 155 158 116 167 196 53 181 193 27 162 79 200 56 45 143 190 71 37 23 34 153 48 100 134 78 157 195 194 92 43 142 110 32 173 112 172 103 52 38 126 87 185 160 17 132 109 136 15 198 57 12 82 74 
39 122 59 31 129 100 111 137 87 22 168 127 125 103 143 154 114 7 140 88 42 126 3 4 151 159 62 81 55 43 69 66 107 148 117 30 53 56 118 65 174 196 104 141 82 169 
105 192 21 197 145 153 25 147 126 148 160 62 63 16 96 107 181 183 179 185 113 12 83 50 58 89 157 172 135 190 55 141 54 184 137 31 66 163 79 198 193 8 36 23 2 73 81 10 6 120 108 29 139 
143 74 24 161 145 199 18 100 150 102 41 85 200 13 128 70 10 166 44 75 62 196 65 197 168 191 134 195 5 140 53 1 31 172 101 39 4 14 104 25 192 146 129 90 15 66 
67 6 164 78 121 133 111 136 118 22 91 183 132 147 4 43 154 198 71 48 122 58 106 169 13 179 87 145 17 137 185 175 195 38 109 152 59 192 131 176 123 180 
171 93 60 58 163 106 167 162 141 115 89 97 53 80 188 145 157 112 198 1 124 160 196 83 182 21 77 24 40 155 156 33 71 28 153 76 22 119 42 3 118 177 18 172 133 47 
126 165 62 19 59 97 94 144 146 104 86 157 155 14 89 186 189 166 42 137 74 31 173 79 163 56 26 170 138 133 4 200 143 114 82 125 111 43 108 65 136 185 130 182 131 199 153 122 118 175 77 81 162 193 
195 56 135 65 176 67 197 59 177 43 134 171 132 22 198 194 157 130 133 71 97 51 40 178 156 123 31 35 145 116 118 55 24 148 79 111 155 183 12 61 199 82 108 69 57 144 185 146 10 87 73 84 150 90 170 
137 34 147 46 125 104 52 83 159 200 55 74 88 86 77 19 10 163 73 65 12 18 15 71 16 138 64 58 113 103 183 150 140 25 75 22 167 108 8 62 194 3 82 79 166 21 164 131 32 110 53 
64 43 200 38 47 99 71 149 7 144 117 164 145 29 10 120 66 199 77 100 85 166 192 87 88 86 83 140 153 169 36 62 95 180 22 113 191 177 3 132 61 23 168 79 111 75 48 157 143 82 109 148 24 131 
137 58 153 4 26 47 155 50 16 34 178 163 83 25 44 150 184 54 119 135 145 3 97 60 165 93 147 84 100 169 193 85 59 108 92 43 109 171 160 151 199 76 167 49 166 52 186 105 
162 51 32 171 173 53 105 65 180 122 100 134 151 189 99 18 58 56 70 6 46 78 82 10 111 132 149 54 147 9 187 185 37 195 19 196 45 133 182 36 200 191 28 154 15 27 141 112 152 
167 94 171 162 146 98 192 126 37 74 83 38 137 93 65 109 136 180 2 105 35 41 17 145 31 29 190 66 169 73 95 159 49 32 187 40 157 128 194 182 154 135 67 195 
23 27 184 162 34 72 102 135 100 108 160 77 198 71 200 111 123 87 158 75 98 144 195 58 152 46 174 65 115 148 3 84 73 191 185 49 180 105 186 41 4 192 164 150 67 156 170 61 163 177 143 167 116 28 95 68 76 9 
144 70 93 152 133 179 76 192 150 170 153 161 154 127 110 106 83 91 168 58 145 147 60 101 7 10 116 102 191 141 98 194 9 94 121 87 135 20 175 81 31 13 63 84 107 1 178 137 189 149 74 199 159 123 131 126 138 56 187 42 12 160 
79 51 139 157 132 63 192 118 152 128 122 170 39 59 196 193 8 183 162 42 18 44 24 72 55 114 172 27 64 169 176 95 138 50 5 11 168 99 90 
11 77 29 79 169 148 78 18 195 165 89 168 110 72 143 93 152 5 135 114 178 36 192 151 183 158 17 128 179 182 41 2 40 57 81 30 144 112 118 122 190 58 50 
164 5 200 127 155 104 79 142 60 158 78 187 108 154 166 81 177 171 31 13 116 110 98 51 169 20 40 19 195 57 113 55 163 35 173 28 83 90 130 140 24 188 71 131 68 
24 111 130 61 81 44 163 198 129 180 166 91 145 188 56 200 2 137 55 52 7 83 149 96 116 86 164 124 185 169 151 175 135 197 1 143 159 27 160 69 103 105 18 62 182 123 43 99 30 80 191 148 144 41 98 
25 74 168 46 86 59 155 4 141 85 17 154 11 197 13 164 19 123 71 107 165 184 138 6 191 67 106 137 5 113 143 47 139 102 147 92 33 135 105 8 41 161 126 133 
42 21 185 193 115 144 149 182 158 74 131 22 61 188 86 48 4 166 79 103 147 56 162 67 106 90 161 87 155 127 195 27 113 57 119 38 105 128 171 62 26 46 169 5 82 199 165 152 88 104 189 190 
196 49 128 61 53 170 105 58 181 41 192 31 143 20 179 189 195 148 55 144 82 151 185 104 39 139 109 57 140 184 13 95 91 62 30 159 66 100 68 84 141 96 137 110 7 120 129 149 25 194 
163 77 5 109 85 31 200 155 189 119 22 106 136 191 160 181 148 117 68 151 34 66 131 129 190 121 55 198 76 164 52 36 196 133 20 158 132 39 168 173 123 100 42 94 156 32 180 112 74 58 
66 116 62 41 159 112 183 102 174 27 12 33 21 200 77 182 17 163 90 73 76 177 75 172 180 142 3 58 154 135 79 171 1 187 13 22 55 5 191 173 61 126 119 72 42 123 24 137 18 103 
191 21 199 52 130 33 196 104 17 81 121 32 58 39 54 91 170 56 53 126 49 23 163 38 190 193 10 140 88 3 117 122 182 148 135 96 161 115 168 142 46 86 136 159 184 108 128 103 48 6 157 97 
86 37 135 98 166 45 159 145 32 185 30 96 160 195 75 133 127 2 191 94 7 117 42 51 68 92 124 55 49 85 122 87 163 176 38 167 179 162 161 137 31 129 144 126 194 101 
145 75 155 118 170 5 48 68 7 77 100 135 192 89 81 193 124 51 137 85 187 29 17 125 2 76 99 182 92 71 38 47 120 179 178 96 177 158 31 111 138 183 139 195 109 154 129 52 176 58 105 
102 138 101 81 4 195 156 159 129 30 57 84 111 164 96 45 25 55 41 151 149 110 5 53 12 107 64 89 8 68 181 120 35 166 16 44 196 42 86 103 21 59 98 185 200 145 39 52 119 94 109 187 54 137 190 47 33 36 23 
32 166 35 113 191 60 128 37 41 79 95 58 161 156 24 173 150 8 140 108 104 98 199 149 172 67 135 130 76 167 124 102 7 110 80 182 74 88 185 105 139 160 13 46 127 114 151 12 176 38 68 50 188 138 153 141 
134 101 105 17 190 125 3 41 150 183 160 9 77 132 123 157 104 169 165 197 195 141 19 162 164 194 196 36 79 130 68 45 168 180 85 14 159 167 48 8 198 98 13 118 81 184 24 111 67 182 59 23 26 155 
184 99 12 25 38 137 9 5 88 196 127 142 67 64 173 51 151 110 144 116 159 10 198 73 119 86 101 44 54 178 147 49 168 135 30 85 150 165 182 40 52 120 179 81 180 199 118 126 
39 140 101 112 162 127 71 119 114 68 8 85 51 6 32 87 52 192 34 195 49 143 130 64 132 139 135 124 54 110 77 165 121 177 37 33 103 148 40 170 163 155 16 23 159 
77 184 5 136 135 119 6 191 196 192 186 164 121 98 90 75 146 24 154 28 138 117 151 101 188 123 172 185 131 127 93 33 87 18 147 166 46 120 74 111 148 106 16 70 195 149 3 45 176 134 180 22 178 67 
22 7 118 176 39 117 159 67 29 112 99 164 125 182 15 14 146 9 196 186 82 144 162 192 27 151 194 58 8 120 127 74 153 61 40 187 80 150 91 28 62 147 92 46 6 69 167 
197 138 34 195 39 37 73 43 42 169 170 181 7 102 13 95 185 141 174 38 103 125 81 149 139 101 107 128 172 44 25 4 110 94 19 127 168 152 126 171 189 157 133 86 144 143 176 32 192 118 182 9 82 20 80 28 122 
169 40 28 164 196 79 115 54 98 137 108 174 1 80 163 68 10 86 185 33 85 184 129 43 24 27 53 136 149 9 92 91 140 34 155 110 88 52 141 30 142 156 22 139 82 32 133 134 76 77 
140 29 94 23 51 103 95 72 59 158 89 118 109 61 88 197 50 91 149 128 74 115 63 126 73 64 104 108 38 83 60 6 97 188 35 28 44 120 144 178 200 159 198 112 43 1 135 
82 199 92 48 59 101 169 197 166 160 110 44 21 57 126 114 56 187 23 58 144 130 122 115 182 87 3 132 191 116 183 138 188 105 2 112 20 189 60 52 177 185 145 125 53 149 143 83 174 66 172 74 13 62 170 95 
10 179 85 139 75 98 104 32 86 112 113 87 111 174 128 146 167 77 38 140 199 191 158 160 6 17 130 150 106 19 14 105 144 78 16 198 115 81 4 137 64 100 159 102 192 135 49 133 141 30 132 169 180 193 
136 107 164 138 28 63 9 34 122 177 24 197 90 104 22 175 110 125 71 128 154 84 156 199 144 161 23 198 109 174 13 162 10 4 195 152 11 73 126 158 93 42 120 147 142 45 
40 76 17 10 50 35 153 143 196 167 176 144 31 98 138 163 22 27 70 44 38 28 181 86 39 2 73 62 89 155 21 127 57 48 190 105 142 193 102 95 133 36 
47 183 142 200 184 167 118 67 138 190 195 75 161 145 113 192 119 46 163 30 107 29 7 6 54 117 169 141 77 85 158 111 93 133 157 10 155 174 144 44 159 
128 199 19 119 67 29 65 54 61 190 170 27 164 33 173 21 26 198 3 92 22 15 137 20 39 44 4 70 74 125 191 111 143 8 38 183 194 101 43 165 121 154 146 18 71 78 
91 180 127 169 113 51 192 118 199 98 126 152 30 175 84 187 53 117 39 59 80 15 23 37 45 100 95 124 43 191 50 73 34 68 198 173 170 2 162 63 120 168 142 140 188 163 97 64 132 184 31 196 67 
88 87 164 171 145 44 78 157 85 72 57 34 135 121 54 39 138 134 18 197 40 56 28 69 29 170 182 11 63 23 153 96 146 136 26 139 183 144 76 174 165 159 100 181 2 4 128 107 163 179 
57 127 22 171 81 111 189 196 102 53 113 195 9 193 29 59 191 116 41 31 14 112 17 148 36 138 110 145 135 20 161 100 44 123 134 75 66 71 54 99 5 26 45 165 30 186 200 28 19 1 86 137 24 
124 184 23 110 145 134 37 138 95 195 192 132 2 118 159 53 44 26 81 171 170 66 129 39 141 119 199 69 182 27 60 152 72 93 36 89 40 191 54 137 100 144 186 63 62 148 194 164 29 196 113 174 47 10 57 
75 88 141 150 25 174 181 142 9 26 31 137 96 48 154 197 175 145 113 108 130 14 165 42 8 110 89 29 131 18 73 47 3 69 83 100 35 193 126 124 139 140 166 24 94 
6 33 190 39 38 40 37 171 100 87 183 60 16 178 21 59 198 112 96 47 186 19 194 153 13 48 11 151 51 161 143 5 31 66 128 46 139 54 
129 11 197 1 64 189 3 187 144 49 98 92 74 199 166 23 36 130 65 102 106 153 59 66 125 85 90 97 156 148 82 183 99 123 13 10 157 176 8 181 
32 85 37 115 49 151 14 69 5 88 61 96 77 192 139 26 65 6 58 57 166 47 130 107 15 33 123 7 55 143 76 3 155 125 152 13 197 95 86 127 60 97 48 112 45 121 128 103 200 133 180 4 175 
170 167 166 123 39 32 138 177 99 144 96 160 24 1 117 16 188 162 191 11 153 51 126 119 106 42 19 52 37 105 80 141 136 31 90 115 179 64 17 107 28 133 14 68 155 38 112 168 7 161 181 40 165 20 66 190 65 
170 184 43 157 120 40 199 140 171 151 159 33 17 126 25 6 78 149 176 39 68 36 180 160 3 106 45 142 145 41 189 21 12 124 162 48 192 118 188 116 67 153 5 134 185 173 103 9 121 49 
11 196 70 44 188 16 89 153 176 5 18 30 20 141 190 27 143 152 148 198 58 26 17 25 172 180 158 87 165 52 116 115 194 103 107 41 142 88 1 38 155 74 195 166 45 15 
81 66 145 2 53 72 129 34 24 169 120 149 183 69 17 57 41 170 121 50 56 168 123 61 180 163 188 11 14 162 25 1 60 90 13 181 119 167 159 151 150 185 158 166 80 40 10 105 103 62 146 75 139 
58 172 125 151 139 190 26 21 49 180 137 140 9 178 37 195 188 157 65 163 40 2 20 156 171 112 197 55 51 23 136 56 50 25 92 130 71 61 134 131 173 122 81 76 69 155 39 170 192 148 66 143 
15 2 11 40 152 38 32 139 148 119 1 51 179 79 62 134 89 188 84 16 21 17 163 44 12 63 159 176 69 45 161 31 35 56 158 153 88 147 75 125 114 189 68 99 146 149 28 102 160 
103 39 143 116 168 40 18 32 75 167 89 12 101 159 55 51 22 162 3 151 166 59 29 97 164 87 111 61 13 23 157 26 170 176 102 106 171 121 178 161 145 122 81 185 78 84 67 173 189 10 66 
182 67 139 98 9 122 192 77 96 36 102 87 174 161 146 142 110 71 57 190 162 159 47 111 148 78 169 196 165 163 194 88 23 33 129 114 170 37 131 133 13 189 58 187 92 172 173 84 94 
97 133 23 189 70 54 30 173 80 169 9 155 94 27 63 46 38 85 122 103 161 10 124 176 24 34 82 166 48 8 51 22 7 119 139 185 100 148 128 180 11 108 
154 195 21 22 130 27 64 155 125 161 49 196 111 156 67 52 119 66 140 185 3 35 19 184 157 194 55 137 92 175 173 1 74 120 158 177 131 102 45 11 147 
176 140 192 162 50 66 173 5 138 155 80 93 1 130 8 188 73 94 28 31 200 7 149 182 56 158 95 175 131 121 156 68 126 89 163 184 64 57 3 99 199 2 157 22 19 103 133 86 41 91 143 
99 30 190 63 41 110 18 95 149 109 45 140 2 196 157 133 186 135 119 70 193 19 173 47 6 156 5 21 123 199 146 160 77 43 72 125 175 105 92 36 
140 129 67 65 160 12 122 158 99 89 8 23 56 185 45 43 103 19 111 162 182 58 1 90 107 21 194 167 27 172 127 174 109 180 92 37 106 175 101 197 104 130 154 137 78 143 155 53 156 159 169 128 30 13 
77 8 177 158 2 44 99 68 140 166 108 150 151 71 180 67 5 22 40 137 144 52 131 31 116 10 26 112 160 153 1 111 46 135 17 156 81 162 11 165 92 93 170 43 113 65 194 174 59 28 159 74 172 12 125 
58 123 75 56 79 81 57 167 24 170 82 29 55 184 143 193 129 89 109 176 126 115 105 121 52 128 146 14 23 102 49 150 155 197 137 33 124 130 160 2 9 122 78 161 108 169 177 
142 81 74 119 147 185 177 179 173 21 174 111 126 41 122 55 143 38 18 105 88 172 12 131 123 14 175 25 36 135 15 169 80 108 13 67 194 90 20 182 136 37 5 
187 23 148 138 80 161 137 49 63 116 156 129 4 58 3 27 71 157 89 56 141 8 163 45 105 19 74 60 112 139 14 135 175 20 147 130 17 44 144 43 48 30 69 167 66 114 110 125 99 59 
40 10 93 108 64 4 133 46 57 151 101 157 194 100 136 3 22 18 180 61 82 170 200 144 76 167 158 169 125 80 19 121 92 110 24 94 149 164 134 119 13 87 7 42 165 23 98 117 49 172 140 95 
149 136 150 176 138 109 57 28 75 40 77 34 162 90 105 11 7 76 147 44 113 186 52 154 4 137 99 17 165 121 172 79 24 118 198 182 14 31 74 29 42 119 27 170 32 115 69 133 41 122 30 177 185 53 78 110 15 132 
139 34 88 20 173 192 68 63 94 197 45 60 30 135 56 158 193 142 149 114 183 113 117 170 73 61 29 132 120 16 122 62 187 165 107 191 127 164 65 168 58 8 99 157 
163 148 76 29 34 131 59 58 6 120 54 106 87 96 44 150 80 21 160 125 121 3 103 126 168 27 91 65 50 172 89 10 15 199 108 69 184 183 134 187 116 194 124 185 127 188 119 45 135 22 141 23 88 71 154 
132 121 179 144 147 141 62 85 112 120 94 88 193 58 54 81 187 49 134 128 185 102 122 146 170 32 67 163 20 109 195 177 51 167 137 39 9 194 126 83 84 119 55 31 29 65 12 15 90 154 92 6 149 
131 117 109 55 199 60 174 39 190 183 163 52 67 160 153 155 69 48 70 15 147 176 141 142 171 94 119 112 22 37 126 184 51 114 144 24 111 34 59 19 152 32 25 159 
29 30 17 130 194 97 68 26 60 106 52 176 196 113 96 100 187 69 57 49 42 59 98 195 186 44 27 41 51 2 33 12 82 163 124 162 93 189 144 85 50 158 43 71 197 
88 119 109 150 20 197 9 63 177 188 15 8 187 126 50 26 13 53 184 112 170 124 175 123 6 163 94 161 80 45 102 148 51 83 142 105 143 35 116 69 10 36 151 82 
192 155 27 72 131 82 161 81 184 84 143 101 24 58 94 189 116 50 45 152 139 137 112 183 70 158 151 30 33 153 113 185 186 65 2 170 173 191 145 133 32 200 75 156 
191 33 135 66 196 125 126 95 123 41 22 156 3 176 37 97 39 11 133 96 90 55 67 146 166 44 24 102 163 10 99 59 130 150 183 25 48 139 78 158 38 189 
164 53 151 40 122 35 58 180 43 93 94 120 121 142 119 182 103 178 25 100 104 140 165 114 148 31 158 67 116 57 184 96 70 14 146 190 136 7 41 125 15 52 162 106 170 163 188 135 161 183 160 131 
20 48 177 183 22 77 12 70 52 99 65 116 39 58 100 59 186 196 93 141 117 115 137 113 169 19 78 47 192 62 61 147 76 66 123 195 45 185 68 180 89 146 200 98 191 150 198 31 173 13 
73 173 38 123 40 42 147 160 161 183 27 104 153 22 69 63 119 49 3 174 140 181 26 178 58 97 35 88 145 137 15 198 28 17 44 60 89 155 127 91 76 37 152 184 95 32 57 94 72 130 
171 107 166 146 5 151 106 104 53 67 161 62 76 69 86 158 64 82 95 42 167 200 68 98 126 8 152 81 114 186 103 4 155 136 36 9 47 79 184 183 164 118 130 26 138 31 54 10 185 162 113 134 14 116 139 
33 1 8 4 197 166 77 48 39 135 175 148 124 5 19 171 134 76 101 178 117 107 188 74 2 123 147 40 112 179 180 78 110 152 170 16 12 121 69 72 51 100 164 95 105 59 126 50 
133 156 3 21 168 180 125 175 115 14 59 9 89 167 183 147 153 182 17 159 146 101 163 32 6 130 152 119 194 7 131 198 47 170 98 158 112 149 121 151 200 190 196 31 12 37 137 142 87 134 46 104 160 109 68 8 22 169 62 129 
180 171 178 187 138 186 166 127 190 69 163 153 131 172 36 96 158 8 28 84 55 143 116 29 159 82 19 51 23 67 21 44 124 200 142 18 196 175 139 155 149 123 100 22 165 81 177 110 7 66 152 26 137 183 68 122 136 114 
153 38 44 84 13 49 102 186 196 95 110 61 76 107 88 68 132 19 106 183 200 175 83 115 48 120 45 98 137 31 18 122 109 188 54 112 12 28 174 180 167 9 148 24 158 
134 146 186 28 15 14 74 192 120 155 104 189 171 53 131 72 99 32 40 149 56 157 148 130 150 161 23 64 113 167 10 125 101 63 17 182 119 170 141 82 55 29 160 187 177 196 3 184 176 135 190 110 1 
60 10 21 46 178 180 182 72 174 32 36 151 74 198 161 57 18 136 100 61 140 20 38 124 65 153 64 77 35 47 15 183 37 9 112 162 167 16 2 196 67 141 169 83 154 123 
100 41 62 117 54 9 85 103 111 153 36 104 91 11 63 93 143 154 90 106 73 168 26 198 114 102 125 82 58 51 182 61 97 77 87 3 10 109 72 53 139 20 178 99 200 183 155 1 170 
101 22 40 196 191 29 63 150 67 57 52 189 182 148 183 154 117 195 166 103 14 164 74 20 194 186 102 174 4 109 126 116 176 83 61 64 70 181 24 137 33 85 58 124 161 157 91 
188 103 55 62 75 85 129 29 146 132 127 73 100 88 102 182 27 96 35 113 174 114 6 155 45 191 23 8 99 140 122 63 92 171 109 81 137 83 53 148 
165 109 70 143 65 37 195 86 96 100 115 116 35 193 46 131 5 21 166 139 89 90 29 47 187 156 197 132 137 123 190 144 141 192 9 42 101 180 94 152 191 158 103 121 68 135 172 56 32 55 154 97 14 88 10 176 
80 97 96 154 124 35 108 63 53 38 50 93 81 113 27 45 49 60 118 178 82 131 191 147 54 76 140 134 106 129 126 152 111 44 164 85 195 199 110 190 200 122 21 115 
144 4 131 2 161 118 74 24 10 120 83 62 174 129 56 5 27 90 185 1 78 77 175 181 36 179 17 126 196 106 159 59 102 11 200 156 49 115 57 173 133 105 21 123 96 113 
91 185 167 32 70 68 87 171 37 99 65 102 156 2 73 1 39 127 98 200 153 158 177 13 117 108 95 119 114 81 3 64 57 190 9 155 14 152 173 80 109 193 93 12 86 27 24 140 60 149 4 
61 192 175 170 55 83 124 108 78 37 197 169 168 1 50 167 74 194 113 5 92 132 176 65 32 97 67 45 157 54 31 131 140 142 134 43 172 20 68 56 120 106 187 181 70 137 10 160 96 82 4 163 154 123 112 102 103 7 150 6 104 184 19 33 
182 157 180 163 94 59 146 139 102 101 132 200 3 169 174 51 76 121 155 45 74 152 111 184 142 63 125 167 71 181 32 194 148 56 64 21 65 177 172 198 18 197 48 143 61 164 115 81 16 28 62 
47 65 46 9 179 175 52 167 8 145 55 139 73 186 190 155 130 144 43 188 174 75 69 96 94 15 79 4 195 59 168 146 81 24 165 197 157 10 90 103 131 67 51 70 159 19 171 17 153 34 
141 29 167 10 12 179 23 121 58 96 98 175 21 136 94 85 49 176 192 66 28 52 56 89 53 171 114 163 188 123 77 165 138 32 57 140 124 34 80 20 144 
68 62 21 166 105 94 167 178 98 27 147 48 69 144 197 195 132 59 78 180 96 18 191 81 86 153 189 38 111 9 55 114 150 182 29 80 14 108 15 91 13 151 174 136 92 181 49 157 117 155 137 199 3 112 185 5 23 128 60 37 
86 39 104 21 115 63 154 170 91 15 182 89 9 3 24 187 123 143 165 126 48 40 124 4 5 122 35 162 11 51 142 18 107 109 146 78 22 141 95 37 192 92 117 45 114 102 53 132 199 180 156 128 97 
68 165 116 127 35 199 101 154 103 157 62 131 198 176 53 13 168 136 200 142 126 9 31 163 130 60 42 162 38 184 46 40 100 139 77 121 122 74 69 
108 99 114 171 90 156 93 81 141 100 12 56 82 137 167 35 71 37 31 19 25 89 20 26 38 53 36 170 178 2 162 50 180 6 198 69 45 150 177 72 199 7 142 124 42 92 66 24 166 65 194 21 107 191 185 
22 169 86 123 162 103 141 17 117 163 187 114 34 18 77 112 87 11 99 126 153 42 113 7 145 191 178 38 166 2 189 31 140 197 60 186 177 76 14 83 176 27 9 75 150 66 172 63 102 158 180 190 138 
197 108 45 196 55 50 44 41 62 3 38 97 75 168 101 165 54 59 95 139 191 171 76 169 67 137 143 63 200 113 186 161 176 122 98 117 144 157 154 187 193 33 47 56 69 57 109 102 146 49 93 61 172 43 
143 63 43 130 99 55 151 118 112 115 17 129 30 182 179 150 97 31 3 35 37 75 162 2 171 187 26 15 66 70 53 100 82 28 86 132 109 22 190 21 
54 95 9 7 11 107 50 115 61 122 19 5 76 96 166 69 151 174 58 32 185 73 49 133 6 25 148 120 17 130 116 56 91 126 114 86 184 135 191 78 163 140 45 39 35 100 37 66 103 94 52 110 172 43 170 57 98 41 111 33 77 121 200 
140 171 50 77 57 72 170 190 92 115 112 46 65 68 100 59 76 71 177 2 25 176 129 45 134 58 82 188 146 147 185 63 75 98 39 70 37 
66 59 127 160 87 128 196 78 122 69 89 107 198 33 189 85 170 6 98 184 16 7 18 52 28 57 135 119 101 2 17 200 65 11 86 187 192 81 50 115 90 132 4 112 62 13 79 75 46 108 157 
94 123 152 195 74 3 143 91 173 192 146 48 39 59 93 66 189 141 83 134 20 172 67 118 165 156 92 193 32 99 34 62 138 175 69 145 11 129 109 86 125 95 55 52 78 15 137 40 121 111 126 
65 118 187 156 171 33 140 117 45 77 122 158 104 8 133 129 66 98 32 143 84 103 52 27 199 152 144 36 19 179 163 14 24 198 59 192 155 186 195 60 82 102 23 50 131 78 69 172 146 189 4 110 42 72 134 191 176 
72 114 131 48 78 104 31 84 115 163 150 177 132 126 71 143 4 164 109 89 162 74 145 192 167 28 70 198 19 1 61 12 66 29 127 97 169 133 55 83 101 155 106 194 13 54 148 199 10 
188 9 40 10 88 68 92 107 119 32 25 73 136 37 122 131 180 155 200 154 86 140 21 65 14 153 135 146 187 157 115 49 81 96 84 71 13 34 50 79 29 94 167 62 44 31 19 3 198 141 190 47 97 52 7 127 142 106 
22 193 23 124 186 61 95 15 80 191 195 72 128 174 69 45 199 105 146 64 38 56 44 197 14 154 82 135 148 37 52 122 40 163 130 150 49 75 160 129 178 77 167 12 103 98 172 99 104 51 68 65 71 181 70 47 141 67 
57 17 35 172 167 2 40 180 168 107 189 45 77 38 24 41 49 134 30 197 34 163 76 78 72 58 23 156 83 33 26 18 28 5 154 85 10 43 111 75 88 36 140 68 142 128 175 56 
117 43 159 128 127 37 135 63 89 38 131 75 167 110 144 112 64 73 85 149 103 34 143 87 17 93 161 9 168 69 176 114 157 141 96 184 138 109 150 197 140 172 121 194 108 
35 51 103 30 64 91 123 39 11 148 22 8 130 199 110 16 185 104 9 33 194 17 42 87 152 151 192 150 100 98 61 45 5 97 113 14 138 26 114 187 41 177 70 154 111 63 182 50 24 
49 195 2 196 89 113 53 55 137 116 29 98 155 166 142 117 8 127 80 40 47 106 174 171 76 102 38 33 52 84 87 184 20 10 163 157 63 90 188 147 44 192 186 121 182 62 193 167 7 178 120 151 86 109 175 32 144 77 
52 5 198 85 42 22 187 179 146 117 166 67 190 191 103 114 45 93 169 92 101 99 87 8 125 63 100 6 58 65 51 68 160 59 66 27 49 25 197 115 194 40 83 
144 85 15 39 106 69 126 191 108 100 147 61 133 102 189 130 13 9 120 171 170 197 45 158 59 34 41 110 96 188 199 173 60 134 95 64 136 38 186 178 160 152 146 14 8 153 169 117 1 44 142 78 20 
83 64 107 137 47 9 13 41 181 88 21 148 136 52 95 188 32 61 173 152 81 5 170 154 42 26 79 197 130 106 59 118 23 109 161 3 112 99 19 28 58 49 53 178 86 156 182 147 63 85 114 
24 141 111 159 29 47 5 28 74 125 167 194 84 46 42 140 104 122 8 65 16 176 35 115 169 113 25 175 187 158 157 26 151 191 44 147 45 127 12 150 112 198 123 196 114 10 87 153 70 77 81 107 189 164 51 
155 143 87 25 84 83 158 152 114 64 20 33 21 3 59 79 150 177 128 119 36 192 71 40 30 118 82 195 134 200 116 184 193 28 111 45 27 31 130 187 80 104 125 180 75 168 95 41 107 37 115 
12 27 147 100 155 167 35 45 175 32 118 103 180 131 78 176 161 195 145 135 119 42 91 190 54 73 23 123 170 43 8 70 120 132 48 122 151 63 144 28 169 50 181 168 94 24 126 143 57 102 
37 82 38 127 195 84 29 148 91 168 60 53 86 119 169 107 158 96 2 72 117 13 167 121 57 90 41 62 130 141 199 51 154 115 187 94 81 189 48 142 36 4 112 125 143 50 24 31 104 9 162 128 188 165 153 180 92 111 66 71 
161 2 122 59 114 151 58 157 70 6 80 92 29 91 38 86 173 26 93 170 140 66 94 194 145 27 133 141 180 44 53 125 98 30 124 108 36 19 190 184 175 95 171 107 191 131 1 24 
37 65 146 88 192 7 128 186 38 101 120 36 40 127 117 31 60 148 55 86 91 30 132 93 28 83 143 126 75 98 99 43 139 130 8 135 156 80 18 194 72 158 17 3 166 92 152 33 46 162 
190 157 1 107 109 122 116 69 44 95 153 70 85 57 191 125 87 112 108 152 99 20 159 19 105 31 141 25 114 183 115 47 48 101 67 53 91 30 134 92 3 155 51 150 72 94 200 167 84 27 193 
10 87 6 146 18 191 94 200 58 39 14 64 49 45 75 55 158 115 89 4 83 54 128 152 52 22 61 176 85 194 185 161 43 27 171 104 88 56 60 95 69 184 67 62 32 168 77 124 114 72 
56 45 36 60 144 31 83 53 12 186 25 94 28 87 150 26 109 171 20 49 183 149 114 68 41 59 111 93 96 192 69 3 14 82 33 44 139 1 165 126 104 195 117 95 21 196 102 175 
173 135 169 90 163 56 154 106 79 159 76 98 27 89 34 91 70 12 28 88 180 112 72 176 184 151 120 11 164 109 172 156 59 168 146 50 82 107 1 124 199 7 2 45 118 183 55 190 186 117 87 178 198 96 167 51 111 
74 43 134 177 183 24 37 85 25 88 142 112 31 60 188 109 105 171 5 11 56 136 20 100 4 95 46 83 155 36 26 17 118 92 70 42 131 82 185 157 89 44 133 62 170 198 9 51 64 132 94 
85 23 178 129 195 62 86 56 132 87 144 198 48 92 55 2 189 66 103 39 49 175 190 115 36 75 6 41 141 134 142 164 9 44 98 74 173 109 26 127 168 89 37 148 193 106 54 71 72 25 126 33 171 105 104 161 53 145 102 114 108 137 167 27 
77 127 101 6 88 29 193 161 109 73 168 99 182 50 35 113 8 120 152 25 64 49 53 40 7 165 174 48 163 167 23 63 24 200 123 179 14 112 142 22 70 58 189 180 11 185 60 66 21 178 75 192 39 44 
62 128 99 115 181 50 160 60 51 12 171 47 19 17 155 179 21 61 174 37 129 101 135 169 84 122 26 164 109 100 78 140 76 131 8 175 14 132 189 82 5 75 89 95 73 166 41 
113 39 51 48 134 80 17 40 120 58 137 37 68 81 28 27 148 149 59 196 15 95 130 168 112 34 85 174 122 108 90 18 172 169 186 115 5 63 88 41 183 84 78 20 49 133 197 191 165 184 175 82 56 157 
144 158 99 155 56 184 43 126 163 164 196 188 145 129 195 30 60 146 94 152 1 125 82 44 85 128 154 130 72 127 13 175 114 133 142 88 59 69 103 98 143 197 173 181 118 96 64 39 116 17 161 36 117 112 148 71 31 41 
193 114 192 32 85 82 20 61 16 173 4 128 21 126 164 47 31 163 155 166 3 184 28 145 88 161 45 46 34 74 170 29 25 135 40 132 159 55 199 9 154 24 101 153 65 102 146 119 50 191 60 53 
99 49 152 66 176 185 11 97 69 193 161 198 43 126 150 187 135 90 35 155 127 41 72 51 149 65 10 60 32 114 96 47 29 200 166 85 21 1 142 40 89 48 118 171 74 22 27 154 94 165 110 4 134 23 68 46 
75 193 22 38 138 197 85 139 65 162 101 150 73 156 151 188 173 103 86 57 77 114 200 192 52 23 82 131 68 106 182 28 62 74 26 83 25 181 29 113 100 109 107 133 96 154 168 45 126 3 5 117 37 44 89 46 55 99 95 137 88 8 119 176 
195 179 38 138 76 165 129 29 28 121 7 125 162 9 22 51 104 185 77 112 133 75 117 156 135 148 79 160 159 65 177 163 115 189 136 141 184 180 150 30 113 17 128 54 43 86 186 187 41 175 36 83 88 169 48 42 
97 89 9 65 140 30 115 12 6 145 7 84 100 182 94 181 23 194 141 31 24 59 161 11 54 63 137 46 33 36 175 86 17 144 176 174 99 146 21 135 166 18 127 102 126 68 134 95 34 122 
110 151 24 124 54 161 53 73 179 86 167 42 183 12 93 193 140 19 150 61 163 170 184 125 196 90 191 111 91 88 156 97 92 197 7 48 89 5 101 74 83 168 181 192 3 37 59 18 107 31 30 
116 197 128 165 121 69 166 20 2 172 54 124 77 184 175 14 27 164 148 89 111 44 19 104 72 66 75 120 118 68 28 32 30 70 127 95 198 97 78 144 194 94 65 137 130 
195 2 174 156 166 198 5 78 4 128 94 185 92 115 165 154 126 91 97 172 124 152 177 81 186 8 148 74 11 180 129 70 167 160 29 114 106 35 191 171 98 140 6 190 49 113 145 93 163 25 45 37 116 
17 169 184 100 71 135 196 154 12 141 182 120 63 159 92 80 105 129 65 170 46 2 188 13 20 161 84 57 56 117 200 8 88 108 27 126 189 35 134 185 64 152 6 87 59 172 96 186 15 90 122 38 26 146 83 138 104 7 14 132 
200 138 106 103 199 40 57 110 198 82 44 115 54 184 175 12 125 186 133 62 162 3 91 38 70 134 100 117 171 28 96 153 36 147 127 19 192 48 95 6 68 142 97 
23 191 15 86 47 4 193 144 29 133 16 148 118 79 115 113 67 194 27 164 61 150 130 134 88 123 197 187 45 119 38 163 199 63 179 151 57 6 41 161 109 111 
173 57 186 97 20 87 28 136 141 6 27 113 14 192 33 103 35 129 75 45 47 178 7 19 124 182 13 171 164 61 128 165 180 52 24 69 56 197 82 149 23 
12 175 90 53 7 110 122 85 193 133 69 94 109 156 154 192 2 171 17 145 153 43 127 28 113 40 116 84 74 130 42 115 143 81 21 86 54 49 164 184 1 61 161 63 99 118 131 22 60 114 189 155 179 44 134 95 35 83 185 
165 82 111 30 199 151 1 144 154 22 126 78 31 58 167 85 21 130 65 52 7 71 33 80 173 75 172 120 29 124 193 53 170 23 127 
89 194 176 49 97 130 20 2 21 170 179 119 147 57 24 117 109 9 92 37 23 6 54 65 121 94 4 127 164 172 55 68 5 120 51 61 64 131 77 60 136 151 43 187 59 17 114 148 100 26 47 36 42 75 118 
6 11 195 3 120 12 10 8 160 72 192 18 47 80 85 118 25 112 173 75 33 188 114 111 60 162 54 161 107 119 73 109 39 116 101 158 184 38 104 79 196 57 108 166 115 35 197 7 110 46 68 102 
183 168 156 174 44 104 63 107 74 77 132 126 117 176 186 111 171 17 72 173 52 41 19 61 50 196 33 60 92 96 161 167 91 159 102 166 11 146 127 153 2 83 112 66 55 137 180 177 106 13 139 12 109 148 
26 65 19 176 51 66 196 20 42 107 194 175 171 22 133 14 33 130 169 59 68 38 124 147 24 63 191 90 162 159 44 9 103 6 91 125 83 138 110 137 56 112 52 88 49 97 180 85 37 94 10 35 31 58 164 100 102 
23 166 157 93 1 100 76 110 4 14 3 200 115 176 188 177 15 135 105 5 107 27 148 134 117 64 63 141 161 77 128 112 41 144 9 190 79 44 116 120 37 150 175 7 171 184 13 179 160 198 
58 147 195 42 122 141 171 182 57 153 89 45 29 126 54 80 190 155 200 131 98 197 139 43 68 105 134 48 152 64 106 74 2 102 3 135 143 136 117 101 149 115 24 103 19 178 169 
143 85 48 7 116 2 51 186 198 176 36 9 14 193 155 191 68 83 148 106 121 82 150 138 28 102 189 84 49 167 74 23 92 67 63 151 183 86 162 22 113 24 109 87 59 3 129 170 128 195 10 
145 90 6 105 53 197 88 7 19 140 155 130 18 14 68 134 152 195 83 51 176 194 42 16 141 200 80 171 24 52 76 198 65 120 3 108 163 139 89 164 117 2 37 10 150 107 45 87 180 165 22 188 
125 82 175 55 5 43 15 47 10 51 134 73 89 71 122 154 136 117 19 33 143 3 9 156 53 23 79 109 187 86 138 104 72 18 163 193 186 149 123 58 93 161 115 60 158 128 84 31 8 114 
188 59 2 159 101 168 76 63 137 30 26 110 134 4 34 185 149 25 175 69 11 82 108 133 107 144 56 196 54 166 156 197 173 42 68 150 152 77 130 141 178 158 122 15 192 45 55 73 27 53 50 120 123 24 121 135 44 49 40 74 
2 44 157 57 147 160 83 64 43 170 72 74 193 131 180 69 153 77 173 33 40 107 122 47 86 148 142 164 140 195 12 34 117 183 46 126 110 45 92 141 5 168 191 35 18 139 30 177 179 63 89 25 62 129 65 52 101 81 
135 140 51 78 20 71 76 22 6 158 93 69 103 181 46 173 170 178 168 192 169 148 144 5 41 197 190 188 163 125 194 153 164 122 31 33 101 12 37 57 55 26 96 180 
29 105 77 43 97 99 39 84 159 200 114 152 156 126 102 31 174 56 95 79 157 146 16 103 189 5 142 185 193 127 120 94 178 38 195 45 17 147 182 149 89 73 133 20 60 91 52 172 9 64 
51 140 154 122 35 130 163 58 123 183 189 110 141 175 167 34 4 171 128 63 84 105 60 56 148 160 155 120 9 192 26 52 42 188 77 76 12 197 200 91 70 38 31 103 65 144 57 21 43 47 62 86 44 48 187 194 153 72 
36 184 64 108 93 115 116 60 66 191 167 176 46 91 148 58 53 17 20 19 118 34 198 117 173 84 55 110 139 77 120 32 76 124 160 61 52 24 18 31 63 89 71 42 199 114 105 183 74 152 185 135 166 
195 187 106 49 70 191 86 34 113 173 150 67 68 179 167 193 146 81 80 23 170 101 127 96 16 65 22 75 50 174 183 60 130 27 126 199 149 122 189 144 94 38 166 151 145 135 78 18 24 8 11 6 33 12 105 128 134 178 
60 35 111 79 114 5 196 162 175 61 143 174 142 7 74 169 188 36 119 9 24 141 73 67 84 127 27 100 70 132 133 33 28 13 110 25 44 161 118 189 139 152 163 38 53 49 177 186 199 149 31 3 69 
197 142 102 130 178 51 11 93 132 70 181 17 161 4 34 200 150 177 37 80 28 16 131 133 196 92 73 104 147 38 40 61 41 74 24 55 141 155 69 9 59 2 77 123 83 45 168 198 144 21 68 
158 107 76 169 123 199 67 125 9 39 81 34 115 29 119 49 53 177 72 40 8 132 124 186 44 13 139 187 114 143 164 176 112 135 14 54 37 153 58 194 31 48 110 19 195 189 137 99 116 170 127 92 159 42 