200
198 39 24 163 187 185 34 112 42 175 5 162 11 9 159 85 50 111 38 184 144 107 191 76 140 100 36 57 142 200 51 16 183 128 118 189 125 52 69 123 148 15 8 193 23 188 127 54 114 98 99 21 97 
157 34 31 185 22 10 150 107 41 164 136 163 61 20 3 84 188 186 39 117 100 171 114 52 190 169 113 67 36 161 160 64 4 128 88 16 51 137 152 192 176 104 105 90 32 27 94 19 43 194 191 102 6 35 71 197 14 133 55 
71 61 177 84 149 166 9 72 131 8 2 26 192 187 74 34 35 116 57 24 97 135 42 118 85 96 31 93 39 67 169 145 198 172 171 11 89 80 164 94 101 190 22 188 184 65 143 
192 15 134 191 177 2 63 56 94 105 57 130 171 126 103 88 59 199 71 70 27 157 58 112 117 125 108 61 95 73 181 167 102 146 133 22 48 5 89 47 54 6 158 45 145 75 169 193 110 76 46 140 188 164 
76 173 120 77 190 39 13 112 132 4 66 69 140 181 61 22 194 27 67 124 53 114 176 187 19 177 23 96 117 1 104 54 174 80 56 70 137 143 105 162 183 111 163 152 200 150 185 144 
18 157 93 60 62 84 103 129 97 55 120 172 59 87 132 4 15 170 176 52 54 29 46 135 179 174 92 124 45 130 89 107 42 73 125 171 200 2 163 47 198 41 
157 142 130 60 147 54 108 137 197 24 84 20 148 169 78 156 134 138 166 163 79 188 96 16 28 172 69 196 82 93 168 141 184 88 187 143 9 194 171 66 126 22 53 42 
73 53 58 40 3 136 59 151 141 21 29 43 1 162 131 153 70 149 63 24 96 110 11 118 28 160 64 19 147 57 33 56 158 135 116 137 165 174 161 185 90 
149 83 16 65 3 57 72 163 123 118 111 160 141 146 125 94 79 25 36 110 108 145 165 143 67 43 14 195 101 33 161 89 92 99 98 170 1 156 91 185 169 109 7 106 192 30 37 130 58 131 95 177 105 
36 40 174 97 99 168 148 111 83 137 157 135 29 87 37 81 85 72 92 143 112 25 164 200 57 134 198 142 169 194 106 48 121 19 175 195 73 108 24 65 93 2 13 149 161 68 79 131 51 89 77 98 62 
32 156 78 98 16 55 142 40 69 191 35 185 100 51 8 14 91 18 92 124 75 21 159 42 165 157 127 136 145 134 85 1 110 88 167 189 143 163 73 41 17 170 46 96 103 50 114 176 144 158 93 44 182 81 3 162 
193 85 185 176 184 106 39 152 16 51 98 45 58 48 21 125 22 145 108 188 66 168 174 13 133 179 96 175 38 178 83 63 173 91 134 103 161 167 159 32 139 28 162 33 143 24 79 156 140 77 100 124 197 144 59 87 60 195 101 34 172 183 105 47 36 
140 21 133 118 177 47 10 19 64 27 20 114 159 195 91 51 87 16 138 149 156 150 60 157 49 188 50 153 28 122 63 191 79 155 5 54 39 15 83 176 86 12 76 124 36 134 162 57 141 161 
9 40 151 65 86 95 102 148 43 2 186 127 108 25 53 76 117 188 27 169 79 110 17 183 125 154 170 75 113 70 136 92 94 85 20 142 63 187 93 30 171 60 157 116 11 128 141 147 67 73 107 
94 22 38 99 102 6 77 71 95 133 118 70 173 175 31 180 183 176 62 159 151 4 104 172 100 167 115 103 178 35 67 189 13 75 81 1 182 80 58 60 56 157 27 76 88 29 86 
101 152 31 12 184 140 22 169 136 46 1 7 199 13 154 44 87 142 144 125 151 24 55 115 89 2 34 20 77 138 194 25 117 35 149 108 79 9 158 88 78 11 64 50 56 69 173 146 127 132 180 54 139 114 147 97 
81 49 178 123 28 110 14 117 190 98 189 26 80 56 133 53 115 74 86 168 111 122 32 179 200 182 65 107 78 11 199 18 194 75 192 104 125 160 30 29 66 169 126 153 100 180 137 159 121 
189 122 60 118 67 182 123 179 61 147 6 40 44 168 28 133 74 31 48 110 124 183 27 11 17 103 148 180 32 35 169 98 59 66 117 77 186 129 57 93 75 30 137 185 22 146 43 194 
85 39 30 137 177 49 29 154 2 40 27 63 193 200 41 34 187 126 164 158 92 171 109 123 68 184 151 75 84 81 138 121 145 186 197 21 8 160 56 131 80 5 28 93 146 157 194 100 66 10 48 87 31 13 24 163 
48 78 2 14 7 145 84 187 164 79 72 27 23 86 116 22 153 142 21 92 162 130 137 121 93 13 103 70 101 77 188 155 95 133 68 41 149 183 39 112 185 144 156 160 117 16 100 37 46 61 
123 102 92 185 137 172 149 56 82 110 132 68 19 33 20 115 117 128 44 30 165 47 12 90 126 166 62 65 112 80 177 119 1 60 183 105 79 11 129 8 83 154 144 118 135 113 39 75 31 138 13 136 
134 7 200 183 72 43 108 181 149 96 128 20 52 2 137 26 174 102 65 12 144 163 35 148 29 3 157 78 112 18 77 4 73 97 15 16 121 5 150 171 
53 150 136 73 196 176 183 118 63 61 98 1 174 69 124 84 20 80 188 195 30 197 26 5 105 92 142 177 153 131 99 126 55 68 114 148 85 166 198 116 47 103 38 
84 40 1 82 76 103 117 127 145 67 135 124 169 139 180 80 30 19 16 66 133 75 158 173 187 49 104 29 148 64 85 137 126 159 128 89 99 184 47 107 3 199 109 168 7 8 195 188 10 170 12 190 73 129 147 193 28 106 55 197 155 164 
97 135 124 152 128 172 101 85 183 184 158 179 182 43 67 28 61 157 121 94 151 167 106 16 120 194 68 104 26 14 138 10 187 122 32 9 56 73 150 62 145 169 
72 61 17 132 80 74 107 168 199 63 195 22 3 130 99 86 116 46 183 174 89 36 111 142 85 145 82 50 114 153 65 58 152 175 138 143 109 35 160 156 159 184 25 76 155 38 39 45 66 100 23 64 34 
127 30 194 87 5 29 65 73 120 34 177 55 163 178 60 153 146 71 93 13 116 15 142 81 4 173 176 19 161 136 91 20 42 2 18 66 33 139 50 69 164 152 44 191 157 128 89 38 14 85 143 187 111 100 82 
117 57 38 59 29 87 7 25 24 159 89 199 124 147 100 83 8 39 92 195 192 79 77 165 91 115 142 94 12 56 179 136 19 17 13 37 112 93 156 18 182 121 180 169 189 172 134 185 
140 55 128 162 32 59 129 30 72 22 158 50 187 49 52 10 123 164 192 112 111 17 134 27 119 38 80 156 33 161 145 8 6 185 143 196 77 69 44 98 24 137 94 107 106 15 58 41 28 19 
24 9 60 165 69 53 108 18 113 34 63 177 156 44 14 154 196 157 142 179 173 126 132 49 115 167 27 176 143 174 150 78 80 116 125 21 148 163 41 67 160 88 23 35 153 19 189 76 170 54 17 144 29 140 
135 179 18 176 180 16 152 103 71 195 115 52 148 33 82 150 2 126 198 147 62 81 19 190 191 104 92 47 177 162 138 21 109 68 105 113 85 64 122 129 124 84 121 69 182 127 54 153 174 181 15 3 
11 146 18 86 188 130 134 152 55 165 175 88 29 114 113 103 72 2 148 117 40 110 63 69 25 198 105 52 73 12 153 199 150 158 17 34 76 194 38 102 
149 45 132 12 8 189 119 125 184 82 68 174 70 9 166 170 114 31 106 75 76 165 61 40 124 102 121 65 196 101 39 41 66 116 139 138 78 171 50 191 21 117 64 29 172 86 193 195 27 128 
162 95 158 200 3 87 119 101 64 190 177 178 181 155 169 12 164 136 197 124 51 65 150 90 82 59 114 55 32 1 80 109 199 27 38 126 68 165 43 56 198 36 97 30 19 98 118 127 192 77 103 174 26 16 153 2 133 37 113 
178 115 98 108 172 2 177 53 107 152 26 73 36 183 179 113 16 164 136 93 68 3 72 106 188 77 11 103 30 97 132 192 149 44 60 137 146 15 101 141 189 81 79 63 165 18 181 47 64 62 57 45 22 89 56 123 
61 198 144 194 9 117 132 34 127 168 35 106 47 84 197 79 199 192 12 73 134 148 75 173 72 196 2 105 180 190 193 26 50 1 94 128 102 138 187 118 126 67 10 97 169 189 145 150 13 155 60 
44 188 128 176 200 194 95 75 147 189 148 111 88 132 164 114 124 34 193 199 118 112 144 127 101 97 105 80 152 158 74 159 62 178 123 131 20 190 78 9 60 50 125 10 175 191 108 28 
108 23 116 32 72 105 93 142 94 157 98 34 100 67 186 15 62 82 83 191 179 145 162 61 73 77 185 170 1 29 46 168 28 26 156 39 109 27 12 89 130 196 
125 38 122 66 184 20 12 68 19 106 135 118 92 21 153 192 140 159 190 164 197 98 185 3 149 107 187 75 13 1 109 62 139 155 148 161 33 28 115 171 90 179 57 124 79 120 26 87 141 158 2 46 168 178 5 
122 19 125 177 75 32 146 148 150 182 110 83 165 92 55 66 115 56 164 130 109 89 14 43 70 46 24 144 8 167 127 128 65 173 18 51 161 170 10 11 121 100 111 195 82 33 196 132 
103 192 197 172 130 131 162 29 132 118 73 153 88 168 105 94 45 30 146 116 6 165 84 95 51 70 182 99 109 63 108 33 87 11 20 2 139 191 114 173 19 133 
154 59 178 110 43 101 199 11 188 45 27 163 191 142 171 130 87 67 6 192 3 66 165 57 137 170 94 104 174 127 81 73 1 177 84 185 145 7 194 83 179 135 44 183 69 168 
115 22 78 110 136 2 14 18 93 188 73 51 198 65 194 179 42 61 82 133 53 117 58 172 186 131 66 173 154 199 47 100 153 40 177 94 25 158 75 195 142 34 8 72 114 79 49 9 
51 63 200 64 29 193 147 94 186 136 142 103 27 128 192 112 11 146 71 42 100 58 91 30 56 187 18 16 37 126 132 21 101 67 35 96 47 
4 73 128 192 75 153 71 130 98 197 152 41 100 185 145 139 68 148 157 182 170 195 164 133 60 56 35 26 196 119 69 65 167 147 33 6 176 138 74 168 179 49 42 12 47 103 
26 55 73 161 200 165 139 104 80 152 177 145 173 193 11 63 196 134 50 125 178 53 83 79 40 148 153 67 109 199 4 190 106 20 68 38 166 186 6 16 135 64 188 171 39 97 189 
36 80 69 187 65 56 127 178 174 98 43 21 169 163 171 116 84 146 132 193 185 35 4 155 12 166 48 6 24 190 122 52 31 13 79 183 45 179 195 94 143 61 158 57 44 110 23 49 186 137 115 
4 146 78 86 67 181 132 197 47 136 61 98 96 81 130 74 133 104 184 92 147 101 156 200 119 169 55 19 58 18 10 172 95 127 12 50 102 107 198 20 54 
176 102 179 51 160 13 83 54 149 105 166 162 19 151 171 189 73 168 163 87 96 198 130 17 79 88 98 158 94 167 150 61 99 43 177 111 29 30 173 84 89 45 47 161 181 24 75 178 180 66 
108 104 152 163 83 85 16 13 92 169 138 101 111 187 122 156 157 26 175 33 87 132 182 133 181 46 76 86 78 90 128 105 139 29 95 193 48 198 37 36 119 140 170 145 11 27 130 1 65 59 165 
65 40 160 70 124 13 2 133 161 94 73 187 129 145 1 192 102 173 83 136 52 125 106 34 176 162 152 123 188 95 196 182 44 41 147 49 130 100 10 140 62 43 12 159 53 174 119 132 11 72 98 199 175 
123 87 172 31 141 58 181 1 130 6 51 200 160 197 32 84 80 125 180 179 129 163 157 85 100 47 29 74 72 149 2 162 22 61 133 60 54 153 109 
126 180 7 173 130 8 121 72 17 164 43 99 147 66 192 97 82 102 94 64 113 81 109 79 135 14 198 100 5 187 195 91 56 63 184 30 166 118 149 80 194 172 23 35 51 46 191 163 155 131 
31 30 156 88 89 4 49 186 48 146 132 170 79 195 91 90 125 70 83 154 52 67 62 138 199 179 160 171 81 193 177 13 16 77 1 7 159 98 192 182 141 61 95 76 66 127 108 5 148 6 191 
146 84 192 6 195 137 149 86 46 107 123 40 2 85 92 23 74 34 194 131 82 136 165 11 155 32 29 141 138 24 108 152 95 27 193 115 16 56 176 48 161 110 57 
150 73 91 191 17 8 140 120 118 165 101 55 21 107 4 86 93 157 143 34 19 193 176 180 15 44 16 53 47 45 194 40 28 25 141 155 35 65 149 5 66 117 130 113 95 183 
39 89 3 121 65 47 137 9 108 176 1 186 42 60 94 133 18 91 159 114 4 128 122 144 177 151 13 55 129 150 199 78 175 170 149 152 83 124 10 100 172 196 8 35 174 112 72 165 63 193 28 118 179 68 
82 106 146 173 8 133 179 70 115 131 12 48 192 195 83 197 172 60 113 9 62 135 75 26 153 188 159 194 81 29 43 110 15 171 95 94 44 174 4 65 52 
122 115 127 78 108 136 6 181 65 12 175 34 146 72 104 176 168 150 4 186 69 182 29 105 183 110 132 8 71 64 170 18 28 142 135 154 187 149 42 92 157 198 63 50 143 
187 69 159 154 105 126 65 183 150 18 95 146 191 114 27 72 13 7 85 180 37 195 189 115 192 123 81 6 79 131 181 45 167 158 124 58 134 52 21 14 35 30 130 103 36 15 57 12 
43 163 47 48 49 36 130 106 64 191 38 100 109 4 112 95 170 20 54 73 3 169 117 2 18 25 192 149 90 52 171 5 186 26 101 33 140 111 86 113 82 137 23 
65 39 58 81 38 179 120 35 180 77 54 149 173 190 177 64 6 21 189 80 114 197 122 198 130 98 25 31 37 82 10 102 112 172 166 73 115 83 15 51 74 187 79 155 194 191 101 76 150 145 69 110 
79 177 44 175 19 182 118 125 30 190 119 142 94 8 71 80 95 12 77 84 76 57 74 171 153 26 35 144 23 158 150 75 116 105 14 137 13 152 102 78 199 143 186 32 179 53 46 4 106 176 103 41 156 121 59 134 
200 93 61 35 193 16 133 137 2 31 111 44 62 145 147 103 53 165 8 187 178 170 33 112 34 139 80 104 74 152 138 71 59 161 189 115 154 188 99 46 24 122 179 89 73 129 13 153 26 164 105 198 
97 14 87 85 171 107 186 123 3 75 47 130 153 34 45 17 132 166 197 56 21 27 189 73 188 10 138 103 62 50 60 148 22 93 176 156 170 57 133 67 59 108 40 150 184 106 80 43 51 121 26 33 198 154 58 9 
54 12 184 114 139 111 18 136 113 40 137 42 92 84 134 85 27 43 157 33 179 194 49 118 19 195 165 198 26 174 5 7 190 70 132 53 17 56 39 24 
184 140 54 192 42 65 25 107 14 79 38 139 15 69 156 148 133 146 161 125 36 71 5 3 18 44 127 30 194 177 163 76 46 129 2 166 48 134 9 200 68 190 109 24 181 189 
34 157 98 140 117 120 96 20 129 106 160 198 23 118 57 127 108 21 35 91 80 142 164 10 31 97 197 149 33 139 124 104 176 25 167 107 200 138 115 159 45 46 184 148 39 67 19 
172 140 137 156 23 193 110 59 158 60 175 120 125 32 114 144 73 42 107 171 29 45 101 155 47 139 74 183 31 141 106 27 81 11 174 7 16 176 94 1 104 185 133 196 136 108 62 85 98 67 30 182 129 5 100 190 169 119 
155 188 89 151 124 134 177 78 153 15 164 99 51 182 104 20 96 125 133 166 5 40 84 8 14 41 4 135 33 146 137 126 181 85 179 136 66 113 58 54 97 200 169 105 87 75 178 161 73 
67 137 3 186 119 143 64 102 95 112 85 114 80 100 120 45 81 44 163 140 155 190 174 78 185 142 63 2 128 15 146 127 4 27 188 194 198 181 98 147 97 59 125 86 31 184 96 
145 3 52 36 73 57 134 187 135 184 60 160 177 43 159 35 107 32 116 186 181 191 29 92 51 38 103 22 130 120 105 59 154 26 10 175 76 100 20 102 138 174 170 162 53 9 75 167 139 
150 163 119 24 199 174 156 176 133 10 23 158 46 65 184 36 41 6 4 8 62 64 86 78 80 130 61 72 160 157 139 168 56 45 152 193 49 11 35 83 182 109 70 43 42 22 27 107 51 151 14 38 25 138 134 116 89 32 162 69 197 
48 157 64 109 62 184 37 164 123 193 100 3 143 134 144 179 181 63 189 135 173 52 80 152 160 26 105 169 18 17 91 138 142 188 171 55 154 178 107 90 45 69 
11 43 128 17 4 177 24 36 157 21 178 158 37 70 101 15 196 150 81 145 14 139 137 49 119 79 169 63 96 134 18 117 39 72 19 144 40 65 58 45 111 141 171 189 33 132 121 108 84 124 152 153 90 181 138 149 
187 79 138 122 62 195 72 30 152 154 160 153 77 15 113 1 191 4 151 172 200 33 178 119 13 180 148 89 54 130 84 186 50 26 169 116 184 107 101 24 165 5 32 14 67 100 179 63 126 158 
103 193 35 111 16 133 184 100 164 54 5 180 153 12 145 126 34 85 147 86 96 62 157 90 181 84 95 38 18 22 63 83 91 28 88 94 128 127 10 179 15 87 106 137 29 124 76 130 20 120 
17 138 84 100 20 73 200 196 71 30 63 43 97 50 79 48 88 57 7 11 22 59 90 33 37 198 107 140 119 16 112 70 145 182 134 
102 9 12 183 39 85 160 173 21 104 108 197 152 62 13 90 49 119 143 103 189 191 63 60 75 28 178 88 46 138 53 43 16 7 54 137 36 169 10 47 141 200 171 148 97 14 129 92 124 193 20 130 76 199 100 67 78 35 151 
65 107 157 125 52 30 158 91 127 197 81 110 199 17 148 119 37 191 68 115 24 23 154 102 134 71 121 74 46 118 34 175 19 178 53 73 62 5 29 63 124 21 161 64 26 3 165 47 85 183 15 93 
31 58 15 42 53 60 48 198 120 75 127 111 141 35 135 54 10 166 179 177 161 137 158 152 82 140 117 27 172 80 71 93 196 110 11 143 191 88 101 149 125 62 17 87 19 136 178 69 195 
116 141 148 136 90 163 107 162 160 129 34 152 81 38 40 62 177 101 58 86 31 21 106 190 139 55 169 143 119 24 103 154 122 27 172 33 185 92 186 7 43 115 144 188 157 95 61 110 26 98 53 
62 144 121 139 97 42 58 156 40 57 145 160 179 196 77 135 173 161 98 13 73 28 125 54 12 49 50 190 9 151 21 51 105 38 185 180 46 169 120 10 
2 127 23 47 41 98 95 100 55 49 198 146 118 42 188 6 178 195 24 156 20 66 177 3 75 125 111 157 150 63 78 76 52 166 192 36 106 31 92 137 112 19 7 91 77 70 116 88 89 145 143 161 144 
23 24 52 87 190 116 146 69 65 55 11 140 60 129 80 91 12 3 27 165 50 77 115 197 172 106 66 10 1 19 196 119 89 14 161 70 79 148 31 122 185 26 188 94 98 25 145 71 
127 116 50 32 121 26 118 149 144 61 17 91 165 89 181 199 71 196 14 126 13 55 187 191 120 56 33 15 193 20 77 143 147 109 108 151 135 48 157 195 73 164 168 82 140 182 
85 10 126 109 6 110 96 81 130 52 91 42 168 41 12 70 49 171 34 184 166 28 16 97 169 98 92 170 65 125 127 106 39 77 144 196 100 154 27 50 143 19 13 129 198 172 
145 77 158 78 37 190 79 122 120 156 11 32 81 199 7 41 183 16 139 30 4 101 110 198 15 54 155 192 90 95 174 2 84 112 49 180 
193 132 3 189 197 158 6 139 140 94 107 186 27 28 108 49 40 26 163 64 9 76 106 24 162 54 183 161 142 159 73 70 138 200 135 126 198 141 90 149 156 182 38 16 121 10 170 57 86 84 35 85 194 157 4 
178 75 82 61 102 34 79 152 139 110 114 88 129 89 147 8 154 2 160 156 21 54 168 78 127 145 189 77 161 74 39 164 98 50 132 107 
28 56 77 182 86 173 122 12 189 199 13 103 27 177 178 44 190 57 53 156 11 68 101 113 169 158 54 184 196 85 183 194 151 186 9 108 170 144 80 74 175 121 134 99 84 87 
170 50 126 10 84 197 20 111 19 119 180 14 66 182 118 163 175 199 72 196 117 151 134 97 39 156 40 23 174 79 112 121 55 110 179 11 48 6 82 102 190 9 148 145 21 31 157 183 96 186 59 87 158 188 28 
11 135 122 20 65 117 18 64 194 195 144 193 108 192 80 38 161 128 116 3 156 172 81 27 28 170 10 126 154 43 97 14 56 114 7 177 196 19 185 6 35 145 189 169 
116 158 108 118 167 4 44 109 29 166 42 169 14 134 138 58 121 15 89 51 28 77 100 49 57 9 186 101 97 136 43 195 38 36 144 85 63 132 2 181 53 189 25 3 154 170 69 106 41 47 
4 194 164 84 77 51 108 61 114 142 189 15 168 177 14 63 20 122 58 55 158 48 88 71 132 133 34 54 143 174 56 149 157 190 9 103 160 60 144 98 135 37 178 179 185 41 50 163 82 
3 199 144 175 114 174 141 77 22 139 138 136 92 154 5 87 135 197 121 70 122 44 49 105 108 193 130 68 172 75 12 8 163 152 11 7 48 195 71 200 
22 107 148 162 140 139 130 1 25 167 53 178 36 136 135 106 161 171 35 109 188 117 46 99 183 65 134 87 16 193 6 34 83 115 37 125 163 92 71 93 3 198 133 78 175 70 79 132 189 126 68 147 170 94 196 100 10 
18 148 160 107 39 68 29 17 118 90 145 144 82 102 51 151 131 85 12 130 69 11 177 104 155 49 161 174 152 156 1 38 127 166 189 172 109 62 48 163 87 117 111 35 192 23 157 167 45 153 95 71 9 83 47 84 10 169 164 54 34 
169 26 10 102 1 49 53 120 112 167 24 139 193 183 23 9 141 187 181 41 70 179 97 159 142 151 188 15 91 101 64 192 132 168 
108 184 20 168 26 2 15 45 119 94 121 53 128 101 97 1 77 115 69 51 43 158 38 103 76 19 167 61 144 17 84 74 28 199 71 141 40 78 79 196 57 138 44 134 112 192 197 87 182 12 27 11 72 52 
120 141 56 33 42 37 16 132 189 94 20 12 124 81 200 69 48 149 173 172 165 183 136 25 50 185 75 198 34 169 61 182 99 82 35 102 88 131 62 154 142 176 91 129 9 186 100 199 3 188 44 76 
126 107 101 180 79 4 62 170 80 90 104 166 197 141 108 124 92 110 142 33 189 178 119 15 14 53 146 71 2 193 36 155 191 21 22 156 72 48 168 49 164 99 165 63 51 192 121 32 185 114 98 
95 194 79 77 104 166 141 117 45 154 91 123 152 193 180 20 32 64 190 6 23 173 63 15 11 31 44 35 41 175 140 174 12 82 149 113 164 184 18 128 116 72 34 4 187 100 24 60 107 65 158 179 172 115 
151 102 138 24 59 198 64 25 124 15 5 139 68 175 123 46 152 103 115 31 69 48 17 79 157 195 191 111 70 118 168 98 2 42 155 131 50 182 
182 59 114 178 134 170 118 190 197 36 5 4 185 64 72 168 83 32 161 119 63 121 38 139 162 23 138 70 152 133 143 163 41 60 127 96 131 144 107 2 21 174 160 49 31 113 37 50 12 74 172 164 9 187 
9 168 193 198 33 12 136 158 58 84 115 51 39 82 25 176 35 65 77 94 29 190 178 61 200 199 127 186 68 160 134 36 108 85 113 156 111 165 69 87 89 119 46 10 24 97 139 189 131 63 
177 162 17 26 55 74 98 127 72 48 39 197 142 35 103 135 180 182 112 146 198 65 117 76 129 14 171 6 82 73 118 131 166 2 169 89 68 128 97 24 151 185 67 136 1 90 29 173 78 69 153 80 102 170 164 56 105 
102 7 100 125 41 38 181 16 91 191 9 22 94 144 68 93 189 128 30 69 75 4 96 110 117 35 176 14 95 54 113 50 166 182 149 57 12 145 79 10 153 55 86 59 124 106 148 195 177 114 65 136 163 89 37 
87 151 53 187 26 197 184 112 167 189 41 97 38 98 74 73 94 86 24 129 40 34 114 46 61 19 116 183 9 31 134 163 67 136 173 39 166 117 52 
131 145 153 59 180 92 11 200 32 14 69 124 17 82 122 4 127 21 18 197 88 81 117 90 62 40 112 55 42 102 191 196 147 190 58 8 43 189 108 134 113 184 47 80 9 116 87 
77 176 160 17 75 182 106 84 124 137 149 40 26 27 131 199 164 50 1 49 118 139 120 174 104 37 126 10 29 9 127 81 64 66 98 183 155 119 5 92 61 
78 183 187 62 109 100 84 126 147 57 4 29 148 28 44 122 37 110 168 92 143 10 107 134 5 61 121 199 22 64 162 1 88 99 21 155 20 136 114 71 165 
110 66 106 53 34 58 167 123 30 14 152 145 105 171 139 103 141 159 56 91 61 108 188 76 181 189 21 172 35 142 31 32 70 2 
196 151 135 62 66 13 93 124 186 95 33 43 23 11 109 161 2 96 108 112 105 162 102 117 137 149 175 69 180 139 41 16 126 132 192 177 144 5 71 90 1 57 34 32 26 37 60 
170 82 191 43 80 154 21 185 30 97 103 40 121 104 186 200 168 60 190 123 58 134 165 55 59 17 178 47 193 160 152 28 157 151 147 62 31 15 106 68 100 39 16 64 85 194 35 
63 8 132 3 73 189 27 181 38 93 109 33 47 84 20 103 86 94 190 149 174 110 72 175 82 85 150 188 76 26 154 14 23 41 30 196 192 
153 92 81 125 61 103 107 140 21 16 166 20 5 43 198 175 121 28 14 2 56 164 167 36 114 149 93 110 17 24 68 123 191 190 75 109 200 33 32 108 151 18 152 98 159 171 144 178 97 4 197 137 
56 92 130 37 13 193 57 162 142 36 66 21 84 39 80 150 41 9 98 141 63 104 159 191 107 128 23 1 195 86 68 15 34 173 136 18 127 111 151 3 53 152 94 105 172 8 137 129 199 170 
155 51 194 188 111 169 148 183 135 102 73 71 79 33 78 192 136 168 178 92 105 34 125 145 163 106 69 186 82 179 141 29 80 85 191 76 48 45 133 63 50 21 166 100 75 187 
5 137 111 88 99 165 180 25 83 77 69 127 133 171 154 158 181 153 199 183 143 163 71 162 68 39 196 86 62 6 136 72 101 81 27 146 200 56 
190 96 65 193 173 172 124 142 53 94 117 75 80 17 86 63 195 184 143 105 92 20 140 134 137 100 129 112 174 83 33 168 40 186 115 133 145 10 176 28 125 152 91 169 141 144 57 89 166 179 102 25 31 153 22 19 
50 25 96 18 170 136 175 133 135 195 110 57 40 158 134 163 143 161 85 191 47 128 88 64 139 91 13 181 17 188 82 93 154 180 39 112 95 148 59 137 199 176 62 76 157 31 192 
37 133 117 156 60 198 74 115 179 65 199 52 21 138 51 35 1 174 17 180 113 193 146 103 190 142 164 181 9 197 196 18 149 19 104 55 161 29 185 182 171 
175 136 6 39 60 18 11 114 170 135 110 80 168 199 13 147 34 128 28 163 185 77 12 162 159 195 101 102 5 70 23 173 37 75 57 68 125 152 51 25 104 24 141 111 139 108 33 131 145 153 151 79 121 31 
143 6 119 173 121 179 181 39 141 124 166 16 1 97 14 157 70 175 80 51 189 30 108 71 81 40 167 169 4 129 67 83 139 183 154 164 54 144 12 128 33 17 52 84 63 156 69 180 117 9 46 87 155 37 
114 60 112 30 137 70 182 53 36 143 178 7 21 162 154 87 171 184 24 76 157 196 161 44 17 86 89 34 170 195 190 194 4 97 19 111 102 93 177 158 92 142 200 130 77 31 23 
135 155 27 186 36 71 1 67 98 40 145 68 105 47 147 11 118 159 31 187 81 180 193 14 120 110 138 179 90 190 87 173 16 86 24 131 77 106 137 84 111 133 54 166 34 141 37 48 42 107 154 59 80 158 
172 25 118 57 40 100 2 125 148 159 21 165 192 103 33 14 187 36 144 93 173 27 71 188 131 108 199 182 171 135 174 37 22 133 75 50 158 107 186 29 1 161 122 24 45 44 77 151 124 
24 121 146 79 31 168 90 68 85 197 69 29 87 6 173 136 64 147 145 51 150 82 67 192 107 198 101 57 125 21 118 109 18 167 162 52 
50 38 153 60 20 40 187 9 62 26 73 52 65 170 87 145 118 72 126 56 96 32 45 132 169 42 53 180 97 199 161 155 142 79 160 156 6 4 192 48 41 190 139 7 51 49 98 76 77 61 138 141 
163 105 58 41 3 106 60 165 124 43 10 160 128 19 179 189 37 9 166 8 101 55 159 167 197 111 193 127 137 98 196 192 107 169 157 104 23 53 164 152 198 110 175 
16 163 141 47 156 37 116 145 44 194 26 130 35 30 48 59 41 140 51 50 33 167 97 187 152 139 157 186 89 185 6 101 66 95 75 94 90 175 135 172 99 5 21 162 114 158 196 40 36 54 65 
41 24 161 45 52 13 182 165 127 34 65 164 58 173 177 149 198 57 97 142 128 122 119 48 160 183 175 140 145 121 17 69 67 73 43 137 120 193 181 50 18 20 191 64 186 15 77 123 195 70 12 4 154 135 95 51 105 2 
112 145 91 100 32 94 73 63 148 139 175 22 67 70 144 66 97 122 10 199 92 109 110 11 121 7 36 78 106 80 115 46 13 135 60 72 4 155 74 153 163 75 169 105 12 28 29 181 
134 165 97 122 132 119 172 124 74 175 83 136 6 199 95 133 59 21 197 191 3 161 46 93 164 10 107 196 25 114 179 81 72 53 70 42 58 8 194 151 128 89 127 178 24 167 96 86 39 31 
82 11 51 124 96 107 112 34 144 21 97 106 16 69 108 142 176 194 184 119 120 195 35 8 129 152 59 27 94 66 101 43 109 70 170 2 171 182 153 139 172 162 135 28 141 44 158 118 148 55 157 14 81 149 122 23 48 
195 122 29 114 5 126 120 79 71 21 153 131 7 141 64 142 63 81 117 57 42 2 166 182 47 144 35 133 174 18 175 69 154 24 66 127 143 22 118 20 165 138 19 75 158 173 188 121 8 10 17 111 61 70 77 84 139 55 
158 72 185 73 130 164 36 75 94 13 16 55 100 189 74 78 25 199 68 105 198 7 123 45 172 79 145 154 127 21 184 161 19 65 192 33 89 76 167 137 54 140 31 26 146 104 64 50 179 96 
151 185 66 130 45 193 168 41 75 143 200 169 162 39 124 158 134 180 72 50 132 142 186 145 90 190 97 136 140 113 33 197 171 122 73 69 104 89 27 137 46 125 64 68 105 12 96 147 152 24 198 67 82 177 114 99 83 16 88 176 111 106 189 161 
173 13 39 153 51 159 162 89 67 142 157 81 71 152 185 4 183 5 61 117 12 1 138 16 174 29 163 192 196 78 132 85 97 103 86 148 133 121 56 69 50 30 139 144 68 177 160 
187 160 81 174 121 162 35 124 158 193 56 100 89 96 101 103 113 119 125 14 136 99 69 132 9 166 7 173 39 130 144 118 137 151 13 54 75 178 154 102 55 164 82 156 52 8 79 127 163 147 
27 140 136 38 43 28 123 151 102 195 107 63 11 167 16 118 148 42 14 23 71 133 126 44 7 20 139 193 30 26 113 137 68 74 177 169 89 95 170 164 10 1 158 130 165 121 149 157 101 160 99 59 
26 105 82 112 198 56 137 164 79 155 9 7 47 120 95 160 139 150 168 86 11 59 74 29 10 125 178 163 87 3 81 182 5 84 30 158 183 172 126 71 197 122 27 12 121 199 63 185 
98 175 36 37 134 82 151 145 141 128 193 149 86 12 173 114 136 108 156 159 22 194 94 63 178 83 40 87 5 146 182 140 16 21 20 57 93 121 137 95 1 125 186 69 91 153 75 191 197 96 84 100 117 198 11 74 105 30 167 
3 90 108 134 24 181 26 4 144 161 11 75 175 51 98 9 155 160 88 127 19 133 197 178 193 199 62 12 153 38 165 20 92 83 157 179 124 129 46 186 72 85 77 113 132 121 139 146 78 45 64 138 93 42 130 159 119 29 84 25 36 110 50 
193 102 120 138 150 54 129 70 35 59 84 41 185 40 153 167 48 158 145 169 155 180 85 179 166 44 47 198 144 195 107 16 183 58 27 123 67 71 9 19 55 149 4 32 163 162 18 60 
193 154 166 127 8 141 115 139 90 200 181 163 77 44 189 53 7 31 71 14 45 97 16 191 129 18 162 153 24 28 48 86 112 124 37 64 110 51 
14 23 142 183 186 24 1 65 68 174 22 45 134 85 166 39 98 92 31 80 82 7 165 37 108 184 79 150 170 172 97 196 76 36 30 140 200 136 18 167 46 193 67 40 54 10 188 122 119 112 32 128 
170 59 20 188 144 117 101 55 196 114 146 13 173 68 35 161 3 108 116 9 53 95 142 111 33 136 8 150 133 181 52 56 165 156 57 81 103 22 62 151 10 16 178 39 49 61 194 75 186 176 183 86 167 123 21 89 195 
174 157 151 149 198 36 84 143 193 186 194 32 30 116 60 63 181 40 5 13 146 75 23 25 34 180 159 118 49 148 22 73 56 179 2 172 65 165 129 59 31 62 163 57 191 
118 180 149 15 99 192 83 117 168 79 73 135 165 142 91 124 171 139 150 166 191 186 57 8 25 128 107 197 172 76 189 70 14 49 156 92 141 86 184 167 19 183 158 179 187 16 115 104 114 98 159 170 162 144 157 109 
113 75 105 103 25 26 165 136 74 46 132 140 57 121 160 131 96 16 187 81 82 176 2 173 79 50 51 117 5 35 12 90 161 32 118 139 162 172 55 73 104 31 183 45 115 63 163 37 164 98 76 156 27 124 166 64 
140 34 110 23 188 27 166 167 39 146 32 65 147 107 134 76 130 31 63 186 41 164 45 70 136 120 175 8 98 20 58 46 121 137 174 52 17 170 26 144 108 64 13 43 30 75 172 117 145 162 124 77 
74 101 76 122 137 133 21 42 64 125 116 173 156 199 141 176 80 126 16 103 59 160 93 30 157 96 82 120 19 186 184 162 14 127 60 138 90 72 191 65 115 163 43 147 87 179 94 54 
143 173 111 160 145 167 34 146 102 125 158 134 196 185 127 195 69 47 13 104 98 56 20 71 53 119 156 130 172 88 39 189 62 26 165 198 70 112 55 24 36 
83 185 65 93 193 90 67 106 11 151 12 63 198 28 20 161 26 88 13 130 123 54 152 30 38 154 29 73 184 7 84 132 69 102 50 125 144 9 149 89 91 155 177 48 141 98 92 
190 161 7 132 199 82 11 14 52 68 89 10 154 115 38 6 77 50 56 66 15 22 136 2 126 4 125 84 80 160 73 104 74 27 175 184 150 95 145 59 166 122 92 98 30 45 25 140 178 151 164 19 165 142 131 86 13 75 
89 49 11 94 137 80 120 106 4 182 155 95 63 128 151 127 19 168 194 122 60 163 143 136 47 32 29 132 146 34 191 25 103 196 141 75 81 39 126 16 8 100 91 37 138 24 142 177 76 73 139 43 92 69 88 
161 39 145 127 144 26 11 60 151 113 180 24 99 89 195 37 72 199 140 17 150 128 51 173 197 15 1 58 68 57 174 12 165 28 131 13 193 184 164 118 124 54 117 
83 95 165 19 180 30 8 76 68 26 154 17 133 170 79 52 142 74 54 105 115 195 145 51 106 140 73 186 90 72 131 157 9 179 152 130 188 49 20 98 2 141 111 82 143 155 
156 188 133 149 194 181 122 152 196 83 89 93 139 128 185 130 90 46 157 97 13 114 138 145 84 179 126 105 171 51 67 162 70 98 135 40 80 85 180 29 12 8 55 183 27 10 159 81 2 49 64 9 123 39 
11 190 195 89 151 31 49 41 146 8 13 179 29 82 124 140 114 126 152 153 161 105 154 12 112 51 118 168 141 34 73 52 97 136 38 1 120 72 147 5 132 177 20 129 139 182 107 184 
7 82 89 150 92 122 19 109 154 187 143 67 1 152 182 134 9 49 2 47 61 193 50 132 158 119 108 188 98 5 52 96 190 22 173 71 42 105 147 170 120 95 140 177 30 73 124 165 97 131 191 6 11 141 53 27 184 146 
68 95 70 20 142 187 10 74 125 138 90 177 157 4 133 102 103 117 2 193 45 111 19 197 34 131 98 152 39 143 159 27 198 179 3 37 105 169 107 35 86 135 153 77 123 40 199 141 53 167 64 24 29 
174 40 32 150 106 21 152 8 149 35 160 102 157 9 33 34 50 112 66 172 86 76 101 188 168 135 159 191 179 46 193 115 151 178 148 56 196 142 155 28 182 120 85 128 42 57 169 11 80 131 181 64 177 145 163 55 41 137 30 133 
146 3 94 87 84 153 121 109 194 147 157 81 70 62 23 141 148 192 125 186 177 108 103 53 151 21 7 49 67 102 131 137 46 152 127 197 107 47 119 98 33 117 65 
40 155 125 131 45 194 12 135 192 49 184 182 144 149 191 94 15 177 132 11 190 113 168 117 151 60 98 169 4 153 99 148 72 97 109 129 30 100 164 68 142 138 193 25 146 
162 119 196 95 143 86 105 12 45 184 17 158 26 24 87 10 49 115 165 175 42 186 167 36 172 100 99 102 112 39 7 38 139 106 176 59 151 181 121 179 129 104 41 90 73 198 124 18 
191 134 76 130 125 3 142 98 101 164 36 182 24 16 47 82 61 25 74 79 83 121 34 69 99 28 4 17 9 87 119 107 50 48 7 131 14 167 10 18 146 2 139 70 91 75 94 165 93 
91 107 42 59 54 87 105 57 33 181 186 115 89 97 72 130 9 94 14 40 142 126 178 193 148 38 118 45 50 30 149 187 177 65 24 196 102 198 11 93 136 122 6 124 64 92 163 160 153 176 61 190 151 
19 161 123 189 74 3 176 181 49 107 113 7 126 69 14 120 75 58 186 63 61 136 79 87 47 46 139 65 6 54 192 22 97 151 39 2 180 33 42 117 199 4 128 175 
93 128 82 168 48 188 96 53 25 138 165 12 193 52 101 98 35 3 118 113 41 87 85 58 136 153 183 7 151 150 174 103 148 189 6 76 152 69 121 190 43 155 33 105 21 28 132 81 197 62 57 143 182 135 15 
193 149 141 140 43 15 152 53 79 16 128 62 40 159 107 58 196 118 36 200 83 121 127 144 41 124 177 46 103 49 101 30 74 155 24 129 154 12 91 5 163 51 27 133 184 137 125 109 
128 71 103 57 8 137 22 95 6 179 121 159 10 165 123 176 148 66 98 105 116 58 33 51 23 197 47 34 199 26 31 96 30 88 141 150 42 5 140 69 153 92 12 111 72 182 73 172 
157 153 137 72 134 96 124 168 69 183 50 1 57 177 132 12 26 80 10 122 103 114 125 91 97 116 92 15 144 59 37 179 178 51 63 131 32 145 133 135 117 171 104 
185 168 6 152 49 57 45 154 149 122 15 5 27 69 56 13 111 30 68 108 37 11 65 63 106 51 121 174 55 139 171 73 198 12 2 101 136 59 23 170 31 
156 167 5 40 165 163 93 30 57 34 46 107 166 72 49 19 108 173 4 140 81 162 181 114 164 62 91 95 23 133 9 170 70 82 27 35 139 98 54 42 126 43 21 3 158 63 84 175 31 180 67 142 75 13 
95 37 186 81 49 12 17 175 115 79 90 74 195 135 91 145 47 39 144 84 126 119 15 80 182 64 106 149 143 27 46 170 42 75 157 105 76 102 97 34 117 141 190 35 165 70 200 
92 30 161 28 145 165 199 62 195 175 70 196 103 131 25 146 135 181 47 125 42 154 52 150 76 39 77 63 190 123 66 164 38 160 54 43 127 151 74 57 138 35 95 162 200 64 121 12 49 18 83 180 45 6 58 168 99 81 174 17 119 31 
130 125 127 186 56 146 28 88 24 76 185 103 161 49 18 107 83 15 114 171 31 60 122 53 179 102 150 160 36 92 151 77 52 62 123 196 159 190 177 181 17 110 16 139 120 
4 170 123 122 35 72 120 71 134 108 49 48 67 77 189 75 52 74 165 22 133 113 179 147 171 94 34 168 145 149 59 198 187 99 50 116 177 60 70 86 180 125 161 31 5 150 
178 169 143 51 188 163 105 190 165 28 184 31 69 158 101 78 137 107 25 192 70 73 136 128 167 144 133 89 172 92 104 174 54 40 100 41 63 162 123 111 45 17 86 91 11 18 50 193 126 15 59 108 183 
148 21 197 172 151 146 56 91 60 69 26 47 20 88 196 12 59 35 175 140 99 18 97 112 89 143 42 120 80 111 5 101 14 109 133 184 92 161 23 200 15 182 119 125 1 25 22 149 79 152 
156 48 151 168 121 138 12 19 91 33 66 25 77 163 182 194 167 3 7 24 103 26 110 154 196 159 53 68 126 39 71 183 74 65 109 1 162 16 87 173 73 76 72 157 148 100 136 67 
1 143 180 11 115 18 2 199 69 155 42 138 107 45 186 95 123 38 176 139 21 156 9 83 29 140 105 20 28 124 71 82 5 101 102 195 93 132 146 189 192 85 47 12 39 8 194 161 187 
91 185 61 82 121 54 160 92 94 18 59 43 151 133 180 14 170 148 128 168 65 145 46 139 200 119 57 171 106 101 150 2 132 178 115 44 149 71 127 114 63 144 154 72 47 153 38 166 76 19 89 
164 14 72 132 109 3 170 141 59 1 7 39 64 151 152 76 53 5 99 185 128 60 103 181 44 24 105 19 112 119 47 20 130 196 86 62 36 27 127 163 29 25 51 50 
163 74 160 198 4 97 116 1 195 35 37 20 2 7 191 12 46 149 70 165 65 85 71 122 82 58 13 148 84 172 43 99 161 23 182 137 32 92 101 24 14 3 113 128 51 64 153 119 42 
60 147 89 64 172 193 67 75 192 46 138 110 97 95 65 102 37 79 94 49 36 17 113 15 11 35 181 139 116 98 125 185 62 101 1 18 106 33 91 28 90 155 108 109 30 171 93 74 151 131 
5 63 31 95 47 36 116 34 110 69 139 83 115 92 182 39 2 85 3 88 71 163 106 117 196 130 66 170 123 179 162 105 180 24 127 67 62 172 121 103 46 17 157 192 91 37 167 126 82 178 
167 2 192 108 53 144 163 119 122 38 31 79 117 37 1 4 102 80 41 27 147 86 56 197 110 13 11 76 150 193 135 61 33 154 104 81 188 60 72 169 115 54 151 62 118 158 133 42 165 
93 54 36 122 98 151 17 4 51 131 9 99 182 128 138 3 28 185 114 67 197 34 35 41 45 53 58 55 166 39 84 61 167 189 171 140 60 100 102 42 2 191 88 116 190 29 44 119 195 130 129 
115 54 164 102 163 96 24 150 139 127 93 195 146 99 69 77 19 147 123 50 170 159 97 200 79 1 191 12 173 165 86 106 56 47 182 46 74 142 156 172 55 118 36 103 57 37 145 64 33 148 44 198 189 144 121 131 4 141 73 167 133 89 
115 36 150 95 66 195 27 103 166 7 2 158 91 5 67 19 132 16 62 32 149 53 161 89 10 56 126 144 37 167 184 135 18 119 17 136 71 185 42 58 93 55 25 43 
160 162 53 33 149 86 108 124 45 47 188 9 126 94 10 93 136 192 26 104 194 28 96 43 54 55 40 76 81 58 122 185 146 142 60 118 23 137 31 159 179 24 133 178 193 155 13 12 121 66 84 196 198 
23 120 198 29 45 51 187 199 168 69 30 149 148 93 81 165 170 83 46 140 38 123 78 97 114 158 131 85 92 132 7 180 57 100 40 183 36 86 179 155 135 173 126 190 195 91 116 33 161 110 75 184 87 
159 62 131 19 166 65 36 92 73 52 12 172 89 107 96 34 135 110 174 143 129 109 100 144 79 7 183 41 45 85 151 68 24 102 2 58 139 48 117 192 23 191 164 39 145 105 80 123 
43 133 138 6 123 101 139 62 32 88 65 78 97 34 155 164 84 188 71 50 131 143 89 81 193 168 181 129 36 195 3 31 10 196 66 200 176 48 1 49 68 170 53 107 117 106 144 23 156 59 146 64 104 150 87 
16 51 28 37 101 164 171 154 57 128 159 24 179 36 124 54 138 134 200 42 96 157 111 130 26 17 63 145 185 135 86 174 91 92 106 112 196 73 118 4 100 46 122 79 80 123 120 43 32 34 143 88 
78 10 44 120 76 17 178 193 68 106 198 48 110 5 173 89 70 46 19 22 64 34 6 52 139 186 115 199 148 147 79 37 1 183 101 179 117 126 67 96 