200
162 154 170 189 73 3 158 194 53 15 174 55 127 68 91 114 103 131 144 65 92 98 196 140 193 130 8 42 39 64 180 2 96 66 185 188 32 109 173 142 5 138 119 19 71 149 136 77 76 81 128 74 72 87 150 56 116 37 48 160 79 139 107 59 112 166 187 143 94 93 120 102 18 24 195 97 137 20 22 184 108 113 121 181 17 28 80 123 85 100 38 62 60 61 145 67 14 31 44 13 151 177 29 89 156 186 146 161 70 69 152 
199 81 117 161 176 155 116 94 69 174 85 90 17 125 173 100 55 139 131 149 193 180 132 108 75 78 46 128 48 154 98 105 82 163 18 158 107 97 9 37 47 130 73 146 8 89 91 29 61 106 123 86 96 197 110 1 76 54 168 65 194 66 187 68 63 129 6 184 177 33 26 113 40 165 166 20 16 58 143 45 51 28 137 53 185 119 22 57 148 159 4 142 144 124 77 30 62 70 34 
92 139 59 142 27 50 189 153 157 191 196 67 105 20 145 5 143 33 43 4 131 32 165 77 97 64 91 117 15 94 6 175 108 174 185 98 162 8 63 86 178 112 156 109 80 69 141 9 13 29 126 125 83 30 198 163 123 70 122 140 193 74 148 28 110 146 111 76 182 184 121 40 21 171 155 164 24 160 68 89 34 180 187 170 161 48 101 84 154 192 136 65 128 19 183 39 23 100 96 106 167 75 135 44 137 38 49 47 113 169 1 36 119 177 42 
37 85 100 196 111 43 52 176 14 22 70 23 87 116 51 3 151 195 130 119 17 146 41 47 192 44 170 114 123 76 5 53 171 167 20 125 129 9 184 16 86 18 83 31 26 175 74 199 142 112 198 81 157 69 11 186 8 80 172 77 78 187 28 180 183 162 65 200 2 144 127 126 163 189 156 106 38 32 98 131 56 148 42 90 15 164 122 19 188 191 104 89 194 88 54 55 97 118 165 115 
22 137 152 13 51 96 4 32 97 62 127 94 23 108 166 76 16 10 84 85 163 110 37 167 77 1 136 8 139 183 195 42 91 50 71 165 55 132 47 162 53 100 189 200 89 7 168 61 142 3 19 186 90 173 92 116 126 109 35 150 147 95 20 182 27 70 128 197 119 28 29 56 43 131 34 72 196 118 184 81 24 48 105 64 6 143 12 74 154 170 129 123 17 45 190 120 65 107 
28 60 187 52 153 181 48 100 198 90 173 74 149 110 94 78 21 185 63 135 73 15 111 2 179 36 59 170 144 98 97 182 93 150 75 162 32 167 58 19 145 40 43 172 26 88 68 95 44 64 146 163 101 171 143 178 102 89 84 119 87 5 127 71 27 76 148 147 31 77 184 183 186 197 175 29 91 118 49 65 141 168 81 79 14 51 159 128 174 191 176 82 47 131 38 190 3 177 180 137 123 42 192 188 189 
139 72 39 49 136 37 50 111 143 141 109 128 153 38 152 126 132 62 45 123 89 156 33 31 32 154 56 41 131 69 120 157 57 118 164 66 171 113 108 86 90 97 74 25 189 21 5 75 176 177 78 99 40 163 127 133 193 167 116 43 194 79 114 14 84 159 198 144 173 155 175 18 15 60 46 182 85 161 183 54 135 35 29 195 187 77 103 22 27 142 185 59 130 104 53 55 17 94 48 107 138 34 122 
141 101 181 82 153 25 169 11 22 62 3 148 48 174 87 73 137 179 99 173 45 72 171 85 29 49 81 2 89 176 12 98 129 147 195 194 56 37 1 113 39 17 117 28 190 162 154 60 134 76 186 40 105 126 4 42 144 121 33 31 107 54 32 24 182 172 198 38 118 196 79 41 135 59 20 200 149 102 74 187 23 130 132 35 5 14 30 15 78 146 94 68 104 93 92 103 51 61 116 
15 30 131 101 77 51 79 123 90 124 170 177 56 166 128 73 2 105 125 33 155 140 21 179 163 72 198 17 102 161 165 29 139 200 173 92 192 13 50 35 19 63 20 27 116 106 137 75 4 146 48 46 34 136 22 60 103 11 142 195 148 120 68 25 62 47 76 183 38 159 178 132 169 109 91 49 31 18 55 97 69 83 118 54 45 80 153 3 143 23 130 156 149 181 133 152 16 114 81 10 74 194 100 40 71 53 151 117 
49 176 156 139 17 39 132 192 55 130 177 82 70 16 151 34 25 79 174 160 162 186 75 158 180 133 197 45 103 185 22 184 92 134 129 72 142 27 157 164 60 77 143 116 124 76 181 155 166 128 200 187 67 138 141 5 123 12 29 98 36 47 69 106 183 42 136 46 35 179 90 86 163 108 109 43 169 97 9 161 121 178 131 105 117 168 64 83 101 38 153 191 198 26 66 112 95 28 96 110 
172 21 161 151 168 165 8 75 52 155 67 191 141 134 4 138 73 200 173 13 184 192 193 163 82 114 121 111 94 178 38 66 133 44 102 116 51 122 87 32 61 127 56 105 145 190 132 19 60 119 63 16 124 37 142 27 110 199 81 130 109 79 80 85 189 59 98 28 126 113 41 186 159 47 22 148 120 175 15 196 164 176 23 30 187 45 108 64 36 49 9 
68 84 57 136 51 72 77 50 73 154 117 56 113 44 47 123 188 124 69 144 97 173 132 85 164 29 26 20 112 138 149 179 103 115 104 126 24 135 64 48 95 199 41 67 27 145 118 94 42 195 196 190 86 146 52 39 89 129 63 131 82 15 192 65 189 33 167 198 194 91 62 174 168 114 147 61 13 143 5 40 163 10 60 176 16 96 183 28 171 81 34 53 90 157 8 
144 78 27 166 184 190 87 169 66 104 12 182 170 92 73 113 57 40 172 28 161 9 140 196 105 17 16 60 56 112 180 179 107 115 174 11 187 74 126 1 157 47 121 48 41 160 116 36 195 176 15 3 98 164 35 55 151 39 148 141 84 143 52 93 142 139 20 25 18 130 128 5 81 24 19 80 186 159 108 193 69 82 64 86 102 158 50 124 31 194 163 44 181 119 90 199 109 88 
159 180 82 104 90 53 50 30 196 55 127 44 182 200 115 134 105 125 74 181 57 143 139 78 40 148 1 83 39 146 38 174 133 54 179 62 187 184 149 58 80 145 6 163 188 121 7 79 42 81 132 21 23 107 8 45 15 186 20 48 160 118 34 36 137 100 70 22 157 150 117 24 51 152 35 101 63 172 113 25 165 4 162 60 109 131 64 167 175 27 76 92 108 96 114 18 136 94 192 61 177 141 156 
6 32 138 109 130 176 152 53 56 74 110 72 85 91 79 13 120 128 177 178 96 100 81 7 140 45 117 98 63 23 86 3 43 173 161 26 147 8 80 89 129 88 65 30 121 200 64 11 62 107 24 21 156 54 143 141 166 167 25 168 38 36 40 132 68 153 192 17 58 101 33 127 61 154 199 14 59 105 46 52 187 35 126 84 20 71 122 73 136 148 12 29 4 197 1 9 22 162 191 183 31 108 
103 158 170 10 194 108 48 149 13 45 5 52 11 2 104 43 138 169 199 174 73 102 23 63 44 94 140 69 42 189 71 120 36 4 186 84 24 56 77 122 126 198 179 159 190 200 59 173 171 96 111 32 33 72 168 20 100 114 175 99 154 131 61 185 70 85 95 79 105 157 191 39 133 18 119 80 54 60 172 165 86 188 12 76 142 78 9 27 151 112 47 182 64 53 146 
35 34 186 187 199 157 169 197 150 7 73 56 108 80 162 8 2 154 116 164 143 58 4 44 182 47 194 41 115 183 66 9 139 10 177 178 109 79 137 173 97 128 200 130 74 89 193 161 1 180 120 15 172 129 83 81 43 55 160 36 31 163 19 32 184 140 152 13 90 21 76 176 153 20 105 70 117 155 57 151 107 146 170 78 29 168 159 158 134 147 121 33 179 68 149 5 51 
53 100 110 91 92 47 35 58 93 146 145 1 127 102 126 38 59 55 76 16 50 136 131 112 198 189 154 80 176 27 56 129 42 49 181 141 62 23 174 37 164 84 173 97 153 48 186 143 19 158 108 194 123 170 192 14 140 9 113 88 148 142 24 116 167 41 81 120 57 82 77 133 188 13 111 104 114 29 200 183 180 149 73 78 121 160 139 89 79 124 175 195 52 34 44 7 26 4 130 101 2 70 67 156 25 
42 60 78 56 134 104 126 194 6 65 92 99 135 91 68 17 1 105 103 9 167 156 168 157 86 70 107 52 82 73 87 137 154 128 182 181 97 158 118 77 196 149 100 85 40 139 190 36 109 189 51 3 161 24 163 112 62 18 132 39 69 47 177 66 174 101 164 25 123 13 72 84 178 146 119 95 63 11 5 114 159 193 58 140 188 144 111 96 166 127 162 31 184 116 155 4 28 41 170 54 22 195 198 64 183 175 71 75 
74 55 64 108 9 178 13 84 56 195 22 48 12 144 122 8 171 37 5 51 28 90 140 166 47 104 107 100 59 173 57 152 27 163 164 193 106 142 151 134 130 16 137 127 120 14 182 141 52 159 189 88 179 160 186 132 149 3 147 188 92 43 31 146 26 115 169 116 96 46 80 15 17 176 85 129 131 54 191 93 4 95 97 1 177 102 60 2 
53 65 78 140 123 157 35 186 63 3 109 144 158 62 15 106 26 151 197 131 91 156 27 164 56 36 90 150 126 51 133 173 198 148 46 93 67 45 142 64 200 24 102 32 193 31 79 94 167 77 30 105 14 125 59 103 141 101 154 52 115 47 117 181 55 73 194 37 72 184 180 160 169 99 119 174 139 75 39 29 17 199 120 33 7 175 130 145 54 11 113 92 129 74 196 111 138 9 100 96 84 6 178 179 
49 5 98 19 9 71 4 185 95 15 8 20 181 34 10 162 175 72 191 101 1 135 80 37 113 106 14 73 172 24 33 53 200 174 88 83 84 25 127 139 118 32 107 179 70 62 39 61 65 11 155 2 7 131 104 50 93 194 112 76 163 189 86 63 100 133 196 195 128 45 159 168 58 143 51 145 156 30 105 91 192 116 29 117 47 173 125 102 81 182 75 97 144 
16 47 82 4 69 15 123 154 168 95 55 78 140 103 84 93 52 188 111 9 67 14 18 5 172 25 24 193 114 85 163 149 101 147 102 110 98 76 112 139 194 151 64 107 137 71 174 79 35 118 32 189 133 11 30 105 38 109 180 26 91 97 130 177 65 8 132 159 88 191 181 86 196 120 152 53 94 142 178 155 27 117 171 41 200 157 173 187 128 3 143 99 176 161 146 49 74 
192 117 72 166 169 85 140 81 36 134 51 1 18 50 92 131 133 184 61 171 158 71 127 174 165 115 23 112 21 125 128 146 150 153 197 77 16 28 27 43 136 176 38 49 15 145 147 185 33 91 118 94 99 35 64 104 8 62 157 172 80 42 177 139 194 37 59 126 98 191 5 160 22 26 168 124 123 45 167 161 183 200 100 179 70 110 75 3 129 29 102 144 14 13 30 19 12 
189 8 112 195 32 64 125 14 50 183 13 71 70 45 162 96 23 85 98 159 175 176 91 197 188 182 149 26 68 174 184 33 55 34 185 133 110 44 186 166 151 103 120 41 57 129 118 81 139 92 82 80 19 9 94 78 104 171 134 90 124 18 135 122 37 168 27 198 115 179 107 132 10 60 84 173 54 46 95 165 65 15 30 66 83 119 146 117 38 43 158 89 88 72 152 52 86 138 22 196 155 69 105 178 7 100 62 101 106 109 
63 188 49 169 112 183 85 114 127 23 107 25 62 80 187 184 171 73 28 31 197 131 172 152 194 185 167 144 150 76 153 10 192 161 12 44 6 4 181 115 128 27 130 168 113 15 42 48 34 40 118 177 30 120 79 52 124 2 158 156 43 84 20 136 18 103 129 106 176 61 24 149 121 116 38 59 66 53 148 126 105 68 21 65 160 163 119 39 33 139 56 45 175 154 178 104 99 159 133 
29 130 178 162 146 121 88 145 56 11 129 124 190 66 164 135 132 200 47 73 60 36 184 43 18 159 70 110 171 82 141 10 131 14 115 7 40 148 46 179 71 142 16 55 76 6 20 154 85 48 136 188 21 123 5 72 98 101 57 24 155 125 63 133 109 187 75 172 104 38 151 185 140 13 26 41 68 12 102 78 186 173 107 167 23 89 33 176 182 196 119 53 79 160 74 195 3 62 113 116 9 103 193 174 25 95 39 42 34 83 77 90 91 152 50 
95 147 6 149 53 83 199 60 134 161 69 1 74 61 186 12 193 162 39 5 107 120 192 20 157 191 94 111 3 175 73 37 100 52 176 170 200 98 80 64 169 58 77 76 112 126 180 84 65 2 41 159 113 11 45 115 109 72 8 51 62 4 34 81 56 47 128 59 57 188 91 150 40 10 127 79 160 183 26 35 131 29 141 86 19 132 116 197 93 118 24 103 13 143 33 70 105 48 148 
153 195 179 17 7 122 73 27 149 162 94 108 151 186 24 99 10 18 136 69 104 90 80 103 158 185 97 75 172 196 48 65 28 109 119 135 144 32 9 178 146 31 55 22 168 6 107 12 161 53 120 1 87 3 140 126 167 192 63 15 115 2 5 150 110 190 189 169 132 57 113 8 77 44 68 39 187 21 100 200 157 173 199 170 164 160 64 96 129 121 130 60 41 194 181 106 
44 65 116 57 101 94 88 135 140 122 124 149 21 111 92 25 74 33 150 142 161 93 166 190 156 129 195 60 189 127 131 117 170 52 186 163 192 40 196 51 3 121 125 49 96 9 91 99 148 144 8 126 85 104 67 50 22 46 200 194 176 14 177 39 48 15 79 113 11 2 73 24 61 153 23 89 193 54 139 145 188 81 43 173 66 147 47 31 41 62 95 108 68 185 181 98 132 84 172 26 171 182 151 199 
144 26 19 134 130 63 127 173 47 84 59 1 137 82 80 38 36 56 142 140 147 93 155 9 175 185 7 163 123 13 160 103 69 89 139 195 166 60 179 184 79 53 104 112 99 48 145 17 176 97 33 58 21 6 135 64 96 180 157 162 192 146 164 30 42 95 94 52 128 133 32 171 178 100 71 129 40 20 4 46 55 8 148 98 73 62 29 106 156 151 143 154 193 158 15 88 76 90 122 196 54 
118 4 123 115 185 43 17 38 117 79 102 6 190 175 136 121 191 16 148 44 34 147 31 146 160 52 186 72 5 29 80 45 141 181 138 48 88 63 130 183 172 92 87 23 111 108 162 39 86 170 101 174 91 62 67 164 49 161 120 143 83 60 149 129 144 107 188 176 56 124 151 145 78 159 22 82 11 59 8 65 97 15 77 157 1 90 75 76 25 106 184 7 99 195 3 21 167 40 
108 46 56 30 125 21 27 7 2 124 138 28 177 68 58 169 83 182 15 22 3 199 103 164 69 70 76 147 180 183 152 156 175 49 116 8 118 36 25 136 48 9 145 168 45 148 24 144 77 16 123 186 189 146 31 101 91 85 106 81 167 90 64 94 102 113 195 130 39 184 96 42 74 185 67 89 194 55 112 142 40 26 163 60 154 63 54 115 66 12 141 196 192 62 143 73 181 161 171 65 153 95 107 17 35 
175 153 135 95 50 117 79 18 152 188 9 17 125 159 12 5 93 32 109 3 145 59 53 57 48 89 71 49 169 103 69 83 10 91 198 14 200 182 27 26 141 197 139 112 183 66 146 163 150 132 22 162 187 142 144 190 114 35 52 87 110 62 196 173 102 155 127 136 28 158 64 2 116 191 25 100 97 101 55 61 199 151 167 121 181 67 105 7 75 54 113 108 73 194 154 94 
127 13 24 73 60 99 120 94 14 62 126 121 110 145 173 23 8 134 112 128 191 175 187 40 167 97 150 28 10 21 104 164 77 186 7 193 144 70 190 93 129 194 195 5 155 135 58 72 111 67 151 33 49 91 71 139 41 140 18 116 34 108 98 142 82 192 95 146 54 61 9 169 124 86 148 53 59 132 87 149 80 153 141 163 114 15 36 17 
51 174 149 118 86 92 75 43 197 195 21 57 144 85 98 3 49 103 168 71 15 24 184 82 169 148 133 192 96 145 114 79 91 16 90 13 45 35 111 160 58 47 17 198 128 6 121 61 70 78 14 11 83 33 100 157 156 41 127 196 39 62 123 59 48 10 173 167 52 50 200 142 134 60 54 27 74 89 19 63 137 175 151 31 120 117 108 72 143 194 132 199 136 154 109 
178 80 82 81 18 73 55 158 62 50 140 126 42 135 190 165 184 44 83 25 45 8 1 4 156 121 127 170 189 196 40 187 132 106 198 64 69 57 38 98 7 181 76 22 109 46 136 171 11 148 138 147 2 150 72 154 128 97 48 183 77 199 122 21 111 84 59 119 67 20 151 134 24 43 63 157 172 28 160 75 191 5 52 161 130 93 
73 44 85 52 114 31 112 130 74 126 133 4 125 113 25 158 139 45 151 159 53 80 1 100 76 106 183 86 134 121 154 24 90 81 132 14 41 164 135 77 65 55 42 59 9 156 15 91 141 27 162 6 108 187 161 129 179 32 152 189 11 56 3 72 198 64 7 147 23 103 51 145 199 26 168 166 70 39 120 10 170 88 200 105 66 142 8 78 193 167 96 116 136 71 127 119 146 84 123 37 18 82 197 195 169 194 117 93 143 196 
64 188 176 198 155 131 191 47 48 157 179 38 72 55 79 36 142 146 33 180 183 122 12 49 148 169 51 32 174 172 96 132 90 62 101 41 7 8 170 196 57 16 187 152 134 88 44 118 27 166 29 82 1 109 92 26 104 28 14 19 136 137 3 84 10 115 50 94 61 70 13 30 113 121 151 63 135 21 126 80 52 85 158 168 95 66 200 193 194 164 153 22 159 65 
124 95 123 134 175 68 59 2 149 81 109 62 192 45 153 110 72 184 30 179 69 195 48 107 8 35 171 43 26 44 129 169 182 99 65 106 118 98 178 198 111 143 12 7 186 9 147 42 49 76 115 27 131 19 101 28 113 15 167 157 52 188 94 57 128 78 176 152 133 3 119 85 200 172 132 31 196 185 63 50 103 32 137 145 13 97 86 163 53 33 180 37 194 114 173 74 6 66 108 88 14 84 158 
119 105 18 195 36 156 57 151 171 39 184 71 103 149 7 192 55 132 126 120 8 133 122 42 28 147 98 46 172 77 23 148 53 92 186 99 104 180 88 163 106 102 49 187 178 67 121 27 52 188 76 143 170 94 158 50 182 43 30 176 118 4 146 197 68 13 152 113 150 11 97 166 190 117 25 140 145 63 130 56 181 169 19 112 93 193 38 155 69 135 70 66 168 74 58 123 78 62 189 173 44 29 110 136 161 17 191 35 183 95 142 73 12 
198 64 41 53 195 77 31 142 1 131 97 172 148 93 88 40 147 181 116 124 27 155 78 38 193 179 72 111 37 6 103 164 18 71 76 186 61 56 3 8 152 4 161 91 12 62 120 168 128 92 117 189 113 24 43 125 177 68 146 47 176 58 153 83 84 75 69 199 138 184 183 79 87 109 45 33 115 55 10 99 170 74 127 26 139 160 180 169 80 154 19 44 101 112 14 5 126 16 
16 174 57 5 134 132 136 20 79 196 105 195 146 80 10 27 130 109 170 188 50 3 117 53 126 60 119 135 7 129 51 40 102 25 107 75 90 71 87 124 41 70 32 194 49 30 157 61 69 47 93 184 175 167 168 148 24 58 162 121 172 158 26 15 190 67 66 127 65 42 180 150 198 123 169 197 156 45 145 84 200 101 4 189 182 36 54 100 46 37 99 91 155 179 17 137 6 88 78 
57 6 29 191 163 1 26 87 50 40 77 180 122 93 80 92 115 135 90 189 177 18 194 108 65 62 152 12 123 17 3 195 172 156 42 140 89 192 45 78 162 185 111 58 182 139 165 52 84 82 145 60 16 38 4 103 151 25 11 183 64 74 130 143 184 69 14 113 107 168 49 53 142 85 188 153 200 134 68 37 30 59 73 46 86 102 187 41 141 96 95 32 56 71 55 39 81 174 131 91 13 76 121 137 
50 92 32 169 98 64 46 25 134 130 47 135 185 2 157 8 188 60 117 86 28 33 76 172 174 147 42 7 15 21 126 38 51 122 26 116 81 151 161 102 75 22 111 127 106 136 189 36 163 85 184 11 16 54 165 40 150 104 148 88 168 192 84 132 68 48 87 14 73 74 160 44 9 63 99 24 149 156 10 121 196 153 114 177 109 77 90 95 5 152 58 43 173 140 55 101 139 49 93 198 138 37 
66 171 199 130 76 27 2 136 102 175 61 69 167 182 41 44 150 108 55 65 107 62 149 137 79 145 48 140 125 115 174 93 43 127 30 54 135 21 111 158 156 25 37 179 106 162 68 103 117 194 83 124 180 49 73 75 94 97 7 160 90 82 57 197 183 100 159 161 92 71 116 139 47 45 72 141 168 133 15 31 9 196 173 126 109 200 33 169 185 56 59 77 110 81 10 131 188 189 132 195 95 85 60 20 104 148 155 98 
19 39 65 121 120 117 112 13 11 46 166 60 156 193 49 183 150 10 69 113 89 98 162 189 4 5 3 45 149 184 191 18 131 102 163 142 20 17 144 22 116 127 30 21 169 152 70 198 105 158 196 12 81 2 74 182 78 52 9 16 31 42 82 23 43 133 134 176 93 53 110 139 155 114 107 27 157 58 143 59 174 181 50 165 124 56 138 125 115 194 28 129 103 147 90 48 66 36 6 55 
179 171 108 182 153 29 20 83 77 26 60 99 128 180 126 47 39 49 57 40 13 103 16 31 82 34 159 161 30 71 54 91 46 9 158 87 109 166 110 55 1 149 74 67 33 134 156 199 51 81 191 32 7 50 28 2 136 6 132 157 151 97 118 58 138 78 113 27 14 195 133 152 122 192 164 193 5 127 3 119 37 64 8 36 200 94 146 12 148 53 18 45 75 92 65 68 102 
36 167 84 181 114 141 9 97 57 63 103 151 70 184 111 46 22 7 89 73 107 166 45 106 192 52 6 126 32 187 18 60 10 140 182 86 51 102 95 150 47 130 115 48 160 172 26 136 189 138 143 109 39 33 24 146 193 112 85 165 68 62 41 122 105 179 30 61 83 3 11 188 40 176 142 195 55 197 23 8 200 148 173 196 35 153 43 163 117 199 121 34 94 147 44 81 198 152 174 
96 124 157 120 104 86 113 131 27 14 110 91 55 80 51 108 34 74 182 183 5 173 40 22 12 73 60 99 137 193 142 112 130 41 72 88 168 7 121 165 66 138 3 59 67 52 36 24 143 25 82 166 85 47 89 97 44 101 43 94 188 119 54 194 163 145 68 152 189 48 30 107 184 93 118 78 9 109 37 71 92 155 45 153 75 195 177 169 158 81 18 13 105 39 
96 12 159 90 24 161 21 173 177 184 132 194 152 19 105 39 8 145 179 136 111 87 71 68 100 169 75 180 140 30 164 99 128 195 123 97 168 20 28 124 197 76 127 165 2 58 69 183 104 144 121 49 148 139 4 191 120 134 5 95 92 188 150 52 77 119 138 6 17 50 14 101 172 82 60 170 36 91 109 9 114 147 122 88 45 38 74 83 11 22 149 196 185 98 129 53 125 48 43 84 187 115 142 
16 133 134 23 79 128 149 196 41 172 151 90 104 93 18 86 40 199 30 70 160 180 193 15 139 74 32 81 152 38 21 69 118 195 166 25 103 19 87 57 85 98 68 64 51 161 150 31 137 37 39 92 179 20 108 72 12 130 171 184 28 76 89 44 11 175 131 13 183 112 66 91 174 164 154 191 105 189 116 99 129 169 102 4 80 58 53 50 113 49 96 177 182 127 26 142 101 143 34 114 47 6 36 
176 12 16 173 140 169 148 55 112 170 95 94 111 103 199 160 35 146 68 15 7 34 48 153 44 164 108 121 59 102 166 86 120 23 171 129 157 90 174 5 91 61 97 85 159 105 72 177 144 145 1 52 41 132 158 56 4 38 154 14 116 54 31 29 141 26 198 2 81 42 115 101 43 142 21 190 124 71 106 184 79 110 137 189 27 131 69 156 117 18 183 162 28 70 93 47 51 194 22 63 147 133 9 64 175 40 
148 153 86 184 4 81 2 140 147 116 8 194 163 55 46 110 169 57 71 122 180 72 103 138 117 89 135 66 175 195 137 127 20 179 33 14 19 166 158 30 69 192 186 111 156 35 102 154 187 112 15 193 173 182 164 31 124 60 56 144 141 134 50 118 176 7 177 95 168 189 165 85 53 65 43 196 139 21 97 178 48 185 171 9 128 125 25 123 59 174 150 172 34 16 190 133 199 100 92 113 170 90 36 45 63 94 188 157 107 93 77 78 
74 50 197 77 134 139 42 191 46 181 1 199 49 149 137 10 47 182 87 84 162 17 164 184 195 89 23 152 158 88 185 159 174 128 99 64 54 108 9 85 96 78 102 13 21 107 155 169 76 86 38 56 39 29 144 97 157 18 141 34 172 125 142 91 140 120 37 31 121 178 14 196 192 114 98 2 115 101 53 79 62 25 130 41 180 123 33 66 4 58 104 153 124 112 136 71 81 27 193 63 7 75 82 5 105 20 48 173 44 138 59 183 160 143 45 179 
27 19 83 17 74 111 128 102 13 70 87 58 127 59 69 161 47 112 130 38 125 186 79 119 15 97 26 11 4 124 158 144 181 178 115 78 46 80 143 20 142 160 41 103 150 12 195 31 174 9 179 18 16 73 184 28 173 121 118 63 8 122 89 157 152 129 116 120 131 54 5 194 1 32 64 91 55 175 42 134 44 196 72 163 191 93 21 53 65 99 7 113 155 61 164 188 92 159 33 
97 141 104 67 40 193 174 94 127 62 77 117 73 81 59 170 27 139 2 168 147 198 129 143 172 152 150 98 125 90 200 188 17 44 134 63 25 41 43 109 177 164 14 196 82 37 118 144 120 173 95 36 184 49 158 39 182 74 28 100 46 54 105 48 52 155 176 140 12 93 115 75 186 197 66 107 83 167 29 7 20 13 135 34 64 116 70 18 199 122 71 132 30 92 124 163 
28 135 146 65 52 2 100 122 127 116 158 31 156 120 191 166 170 130 101 91 124 59 80 183 125 184 102 199 109 14 134 22 182 157 41 149 35 79 85 180 187 198 47 161 128 77 44 160 6 106 185 165 147 55 140 82 151 121 115 56 178 15 76 17 132 181 51 42 193 196 148 143 173 87 36 67 18 69 110 45 19 43 108 136 174 154 164 118 33 75 70 104 48 60 83 96 197 167 
177 24 74 15 116 173 84 70 105 114 69 91 8 126 183 157 85 20 73 136 119 6 86 192 54 80 47 28 170 107 46 72 38 197 135 11 63 3 166 31 96 179 123 71 50 34 191 44 128 16 158 56 178 1 133 165 21 26 147 188 122 159 58 55 66 171 67 184 18 125 53 190 111 189 79 161 153 90 88 169 32 120 187 75 112 35 143 152 57 89 87 37 118 83 198 117 40 36 132 110 137 174 7 176 
162 98 85 119 76 175 44 169 9 153 50 200 7 195 68 179 136 96 1 145 155 123 140 93 82 142 74 118 13 36 172 149 20 31 141 49 197 10 146 163 117 43 106 148 12 73 30 135 160 29 147 25 126 183 67 33 138 102 92 184 120 166 6 156 180 16 132 28 54 186 51 188 58 27 192 144 116 19 45 32 70 91 35 75 77 187 48 8 11 46 139 167 101 47 14 152 
75 26 131 46 196 154 22 134 164 193 16 147 97 117 170 28 98 116 35 132 36 149 56 186 121 94 8 168 69 159 167 163 195 180 187 127 12 96 102 84 192 200 5 142 63 24 15 110 99 67 140 169 76 179 128 183 82 190 11 124 49 53 115 70 62 107 113 152 148 42 111 34 172 14 182 122 39 112 109 177 30 43 114 87 141 145 166 68 71 2 129 160 79 1 125 181 93 133 130 135 
9 193 5 124 157 123 44 196 111 28 77 32 108 136 128 57 98 86 151 117 74 40 194 133 110 22 69 35 166 19 87 143 188 1 63 14 97 186 107 167 105 130 179 36 30 173 168 195 2 61 154 55 187 89 189 127 158 12 84 183 8 64 25 192 7 163 176 138 181 185 33 27 115 67 92 42 81 34 49 112 175 37 96 139 149 79 21 71 46 119 91 18 94 31 41 24 85 80 101 171 73 39 15 26 
193 197 185 81 160 6 199 132 151 191 190 40 153 55 163 96 65 194 45 31 87 11 108 181 56 61 12 57 49 26 27 115 175 195 82 16 64 188 148 139 152 22 19 41 171 184 62 2 196 198 72 143 32 150 90 182 3 112 111 162 14 71 76 113 166 141 125 36 21 15 122 37 110 138 121 54 9 157 180 88 33 174 59 29 73 105 129 79 78 135 91 116 53 186 101 39 189 
167 63 11 170 138 23 68 119 16 106 131 97 112 190 57 105 107 28 19 56 121 74 192 191 31 48 100 186 79 133 152 166 45 123 103 14 130 88 193 151 87 129 92 187 108 89 185 195 137 75 114 25 194 15 10 38 24 12 44 163 84 82 21 71 159 83 139 78 169 122 132 145 156 5 118 125 172 34 111 197 116 33 147 39 42 157 13 155 55 102 62 20 3 198 37 144 6 115 53 1 177 158 110 171 29 98 160 76 69 52 
119 199 92 33 196 2 6 101 81 73 160 90 104 117 39 3 188 197 44 137 149 46 29 195 32 168 161 15 30 28 169 164 70 38 184 177 66 139 190 135 142 58 56 54 21 87 88 192 78 200 187 26 76 170 25 145 84 43 19 152 129 141 132 127 181 191 107 96 80 5 4 151 105 173 99 82 121 166 106 68 22 125 186 158 133 23 48 146 63 110 113 150 193 1 118 185 194 74 77 47 126 157 189 40 112 172 153 12 
81 171 137 140 27 87 198 124 194 59 50 82 135 78 138 142 195 26 83 128 168 159 123 43 19 105 134 103 41 148 119 175 144 88 79 46 117 133 86 72 100 38 169 39 109 33 2 52 170 146 150 114 10 112 102 177 130 55 180 91 193 115 89 166 73 92 143 121 30 167 185 118 161 99 152 25 17 7 151 178 11 173 65 40 47 182 54 85 57 1 163 13 34 176 98 
163 75 184 175 166 105 139 147 119 179 37 137 43 157 185 114 158 69 108 149 11 150 141 134 34 159 50 138 192 172 155 148 173 21 72 140 90 197 189 161 169 12 130 168 96 109 162 59 103 170 68 135 127 73 23 86 32 41 125 195 131 1 62 30 78 120 74 167 181 132 35 10 33 61 121 193 48 154 113 58 190 18 99 3 111 126 106 60 57 194 92 
15 64 120 179 41 53 106 69 95 135 158 72 73 109 2 149 136 48 67 139 140 25 125 6 162 137 60 193 145 17 65 105 131 104 45 190 75 76 40 78 30 153 197 148 52 152 107 175 155 29 100 196 195 185 123 200 101 97 176 170 8 182 118 50 96 33 110 142 194 167 26 44 27 61 51 12 129 117 49 113 19 146 172 191 160 174 1 46 42 134 84 108 188 74 3 9 83 198 
133 101 68 81 174 44 107 56 161 51 135 140 128 84 89 34 138 40 102 86 93 58 37 42 43 153 121 120 104 53 168 76 152 59 61 162 19 115 113 78 67 171 16 130 155 132 100 25 28 190 175 54 9 31 200 80 183 41 157 33 23 83 95 194 10 3 46 2 184 149 144 13 12 62 73 165 185 167 176 160 1 29 103 47 64 148 137 141 145 96 91 77 4 156 199 52 122 191 170 7 
158 136 178 22 119 27 111 132 157 89 19 148 177 115 39 10 81 188 141 14 24 4 190 163 142 121 16 129 18 102 28 1 114 36 59 100 153 186 195 73 134 82 122 191 56 96 47 52 118 104 61 137 95 185 192 71 140 72 49 170 41 194 199 53 88 181 92 87 43 90 33 97 113 65 35 93 98 165 5 25 151 167 172 147 57 159 184 101 60 2 155 106 17 79 58 38 3 
197 54 22 162 129 191 102 48 171 133 116 123 25 94 51 151 200 163 5 189 149 64 1 31 92 150 36 23 44 61 176 38 57 43 73 145 63 185 166 131 169 72 59 62 154 34 160 180 55 118 107 120 6 168 53 193 79 178 50 167 24 98 46 132 70 15 19 111 157 95 35 138 198 100 76 42 155 27 41 115 170 16 172 124 114 82 9 97 
115 5 157 170 105 175 56 160 10 15 162 21 126 46 198 164 182 199 154 135 40 42 178 24 113 70 59 167 74 124 121 99 100 191 179 95 12 22 106 86 171 192 131 93 91 9 63 67 37 109 166 35 173 90 81 161 38 200 54 119 19 36 103 39 25 138 153 111 7 188 8 50 71 104 144 143 136 77 184 163 189 27 28 128 185 196 176 16 102 80 89 174 187 66 32 132 53 156 123 68 52 141 1 
132 146 46 12 126 33 193 66 127 200 21 186 2 145 96 99 63 196 71 27 87 173 168 31 123 65 56 157 80 180 11 26 179 17 70 119 78 95 191 62 139 67 38 57 68 159 79 198 15 22 8 190 134 44 60 189 16 81 199 50 125 181 197 19 170 97 13 149 116 45 49 88 6 174 163 113 148 154 195 121 162 29 1 155 28 41 169 133 136 177 34 30 93 103 151 37 69 9 35 18 172 59 153 175 194 
114 5 183 21 59 57 194 30 163 77 6 64 141 20 180 38 127 8 56 181 68 191 92 172 27 82 36 14 75 130 151 96 105 7 62 97 147 178 42 23 176 40 133 184 33 67 140 173 132 153 95 146 55 137 112 108 13 15 149 150 138 1 192 196 50 123 143 107 51 84 45 65 52 109 3 154 89 110 187 128 60 44 47 28 4 135 157 152 182 72 136 155 85 111 124 144 161 165 162 41 17 115 185 9 48 
55 24 3 123 83 10 190 168 58 84 118 82 131 152 146 48 6 180 119 111 175 200 156 27 79 181 99 177 140 91 34 64 86 97 189 89 2 163 110 68 50 37 87 187 116 194 122 188 148 57 137 107 169 36 171 117 22 67 93 121 112 7 59 11 95 197 32 109 45 135 198 88 186 182 43 94 100 90 101 158 128 51 77 125 19 74 160 133 46 161 60 29 179 178 21 42 149 115 61 113 136 103 9 196 
188 83 45 4 184 95 126 63 114 79 133 176 68 157 14 136 117 124 166 80 81 8 71 151 198 41 147 185 26 190 131 69 52 16 40 55 137 161 28 65 167 119 1 31 121 23 106 195 160 153 90 64 33 37 27 138 51 18 129 9 10 148 61 193 6 5 163 170 17 143 97 146 172 42 128 32 115 104 22 116 46 102 2 154 173 44 179 3 156 181 38 92 118 58 105 60 200 
153 133 60 42 107 116 114 44 93 55 123 84 9 140 83 146 88 21 154 90 198 170 189 1 132 162 158 106 135 199 144 45 157 164 57 182 6 143 115 148 29 24 126 58 179 183 187 92 139 28 27 62 75 80 173 160 3 192 4 167 127 46 87 16 86 48 89 138 177 18 156 145 2 196 186 41 10 37 99 51 147 91 119 7 110 35 172 12 109 200 122 130 165 117 33 193 38 65 141 5 32 174 81 19 188 54 149 74 69 151 134 72 118 150 
47 126 182 113 55 16 4 159 101 14 141 187 157 82 56 152 184 54 169 95 185 41 50 27 173 122 48 32 40 63 134 18 177 197 121 194 147 107 7 96 86 103 153 64 69 13 181 67 90 65 19 92 25 172 160 132 142 139 180 73 168 93 108 193 36 145 200 119 21 8 43 161 42 115 114 104 117 2 100 148 66 155 118 106 128 44 6 123 129 171 116 179 23 88 165 38 143 189 17 84 68 127 
71 169 118 31 123 80 175 197 137 192 63 193 7 124 53 32 92 16 62 95 61 183 9 26 117 59 10 163 14 39 55 88 141 97 165 27 127 160 8 196 43 189 70 135 91 115 36 6 64 154 200 90 100 23 149 89 81 194 34 146 28 17 75 86 30 102 113 73 15 46 1 166 184 87 96 18 171 195 110 121 52 66 161 153 76 159 142 198 190 85 93 42 56 11 182 128 58 177 21 103 
72 191 151 167 76 18 184 180 185 56 81 128 105 149 91 58 28 87 95 104 17 24 22 50 4 181 13 62 157 82 140 69 153 89 14 9 79 156 134 144 25 113 43 77 120 115 148 39 38 31 37 108 20 169 195 88 84 93 116 141 11 101 26 190 174 35 110 52 3 162 176 197 65 1 42 172 103 200 135 85 117 186 29 163 15 73 147 44 118 100 16 122 183 177 189 168 59 32 150 98 
65 18 14 13 86 107 189 185 8 63 145 128 40 25 140 123 77 146 33 96 101 12 191 168 137 93 106 44 173 166 180 4 108 127 160 82 70 144 136 79 62 9 158 72 155 22 54 57 102 2 80 5 111 131 17 46 94 6 105 135 76 194 66 45 53 114 47 170 100 120 95 175 30 152 188 149 169 182 157 197 199 69 49 104 48 37 84 91 52 174 1 50 11 24 113 186 38 141 159 167 15 196 154 28 177 150 73 88 55 
87 58 25 78 196 162 134 27 70 83 183 157 13 149 57 140 152 65 88 66 47 144 146 102 153 81 12 18 19 164 32 61 103 147 195 116 46 95 167 2 159 114 37 111 60 63 86 44 180 91 14 51 176 38 48 194 145 170 136 35 126 31 115 85 185 181 142 184 50 84 130 75 10 127 188 98 171 6 122 64 129 166 80 175 163 36 158 74 55 161 39 71 108 8 23 141 187 11 139 
99 182 185 86 188 139 125 64 131 133 56 165 42 82 75 193 149 68 132 142 111 4 190 134 51 146 98 92 144 36 186 121 96 104 88 69 93 154 57 163 87 102 196 140 157 152 37 22 3 145 200 32 127 176 130 116 28 76 48 95 17 10 89 14 124 118 166 34 59 9 66 175 58 150 49 119 27 137 46 25 179 77 33 
44 155 97 185 62 80 143 142 40 110 192 93 146 173 12 100 196 82 23 179 168 140 170 88 120 109 65 20 145 22 15 135 37 43 78 69 49 154 152 175 149 151 42 181 61 165 96 117 166 125 137 113 30 39 6 45 21 199 13 38 176 98 81 55 147 77 148 28 197 89 187 190 64 107 188 92 182 16 31 156 131 68 74 171 19 132 5 106 198 150 200 159 95 114 121 3 116 59 75 18 191 90 161 26 128 51 7 25 103 144 124 87 
153 176 186 196 80 109 199 160 165 148 46 19 40 58 124 179 181 7 185 27 54 5 137 152 170 59 23 20 161 87 4 142 26 36 130 50 133 131 178 164 116 135 53 182 33 79 154 44 156 129 16 49 30 107 99 192 15 62 25 97 119 55 12 66 121 114 183 39 112 24 166 45 169 1 172 125 191 2 144 52 96 200 38 174 198 74 134 106 194 60 105 8 155 82 11 195 110 108 113 
45 28 2 178 116 145 159 36 174 192 170 32 147 69 54 199 81 166 89 77 53 126 131 142 55 22 109 19 182 102 119 13 191 127 38 172 146 152 82 177 161 98 175 3 95 35 67 66 183 149 129 15 78 59 12 90 169 107 50 108 23 144 151 44 75 16 4 40 171 120 137 7 153 83 134 25 138 188 157 10 196 62 87 79 99 52 190 136 49 167 194 92 180 72 
123 188 181 59 29 66 61 48 42 58 70 83 77 55 100 132 184 73 110 112 80 177 52 172 143 103 164 140 191 183 8 182 89 44 63 75 79 43 35 185 187 4 158 86 64 167 32 111 126 62 45 121 193 145 160 107 19 155 196 161 1 11 101 162 13 159 166 6 198 197 34 171 157 56 96 173 82 84 85 98 65 156 91 51 
51 179 174 23 146 45 77 111 172 38 198 154 147 153 181 82 40 79 15 64 80 32 20 105 31 134 129 130 98 73 42 126 65 39 107 156 192 160 30 186 59 4 22 99 183 13 106 50 27 114 78 138 81 137 197 75 162 70 177 66 90 136 119 83 41 103 168 104 117 170 25 6 63 133 151 173 135 43 149 167 171 199 180 161 96 185 18 191 164 84 131 165 55 
17 8 84 31 49 120 90 72 77 86 64 2 172 25 69 184 122 146 59 55 167 27 197 33 191 130 116 121 44 112 179 99 66 162 34 47 93 62 144 87 141 190 102 7 115 15 200 70 158 107 56 96 4 79 194 1 103 75 3 171 166 95 105 124 138 117 127 161 6 187 193 74 169 12 18 52 147 50 80 36 175 133 111 198 143 83 137 113 139 5 165 101 142 134 30 54 104 97 174 
180 52 110 32 99 25 44 190 95 33 125 67 150 17 5 154 77 192 137 130 14 117 86 31 9 138 189 57 20 168 132 184 36 78 112 27 183 145 51 139 173 129 115 126 54 29 84 114 193 46 96 4 53 120 174 188 121 47 89 103 194 108 10 166 65 12 88 97 63 152 38 158 13 163 70 2 107 149 143 76 196 45 79 7 75 72 6 136 179 59 164 43 39 140 21 
159 106 34 36 103 164 186 176 105 50 21 12 132 193 146 147 114 62 185 87 191 75 22 42 15 174 59 154 198 192 169 123 92 122 43 25 95 93 135 183 33 94 60 51 44 48 139 19 182 158 189 81 199 82 180 3 125 5 80 30 161 196 117 66 131 35 144 52 141 63 134 172 162 6 2 100 124 128 167 195 69 136 28 32 79 184 23 9 138 18 111 24 38 27 121 119 107 1 181 99 140 178 155 77 58 53 55 56 116 109 148 194 113 72 126 187 
108 65 196 56 3 124 30 194 137 46 20 191 141 1 44 181 67 118 159 146 41 13 14 120 45 178 98 183 187 48 8 32 133 111 186 19 163 57 122 130 99 104 64 66 77 115 179 121 150 42 158 71 5 51 78 36 100 102 21 74 165 50 39 107 86 83 195 112 54 140 189 79 24 174 143 114 9 60 106 91 10 84 127 176 148 52 135 168 166 116 76 169 188 62 18 70 131 95 97 156 110 25 164 
143 174 75 1 72 161 105 69 182 38 181 165 31 70 18 56 125 160 190 54 178 140 104 8 22 115 168 41 198 103 73 194 127 196 91 50 199 96 144 89 52 35 146 154 45 170 110 100 179 189 81 77 34 177 188 84 97 137 23 28 30 13 6 186 113 121 126 61 79 78 57 145 129 37 184 191 60 80 162 53 195 141 83 94 44 20 46 120 128 42 99 109 47 43 151 21 116 
143 141 116 31 12 30 14 182 173 5 171 198 49 50 137 133 11 127 57 28 96 108 200 71 33 197 53 165 159 41 40 29 135 169 75 35 23 91 180 7 97 124 152 48 24 6 138 46 1 131 191 157 93 100 164 25 61 16 34 179 81 114 119 166 39 148 2 21 134 3 115 113 8 125 62 54 105 188 142 144 170 183 107 151 102 
51 171 175 69 154 72 182 126 117 194 35 45 12 109 49 99 147 79 183 107 19 82 150 34 122 179 166 10 163 5 30 84 181 73 89 39 162 83 70 167 172 80 132 104 184 200 25 68 78 198 176 74 164 127 76 144 41 143 91 155 185 22 161 178 75 106 180 90 151 28 53 86 81 33 31 115 146 6 46 158 44 120 121 27 191 97 54 20 134 98 116 57 177 16 199 40 71 125 23 92 
171 128 133 124 136 152 88 52 153 69 60 19 177 146 104 138 148 115 103 135 50 125 173 129 12 30 145 157 14 62 5 79 73 170 93 58 63 156 114 36 85 155 176 94 67 70 109 143 180 20 154 83 15 25 151 98 59 74 78 51 84 165 166 101 99 31 144 147 192 87 137 65 38 142 162 44 175 108 168 181 89 3 33 141 2 61 150 81 1 10 184 183 29 106 139 174 191 16 39 195 21 127 121 55 68 102 90 
89 179 74 189 148 42 92 79 144 84 197 154 193 64 48 40 149 46 37 184 145 20 200 54 173 57 55 183 178 121 19 159 132 1 142 180 62 160 94 31 176 122 53 102 174 153 147 18 3 75 134 22 56 73 195 90 12 76 191 181 118 163 6 158 98 95 41 2 93 150 7 126 32 166 156 5 23 172 101 71 115 167 70 124 49 111 198 51 29 125 192 9 133 68 143 186 130 4 50 61 35 120 114 85 34 10 169 17 
46 197 179 180 30 144 4 57 82 175 192 178 88 138 37 86 27 135 95 157 60 147 117 150 31 15 114 196 70 143 25 71 200 105 51 40 97 116 24 121 184 159 47 96 151 64 84 112 140 13 11 181 188 10 55 122 145 131 35 3 28 183 41 123 52 45 80 92 66 133 172 108 137 83 136 177 6 1 167 8 149 158 61 62 120 129 2 36 23 171 146 87 176 22 
43 169 117 48 171 55 7 95 16 19 123 85 32 51 90 86 26 100 164 189 148 177 104 73 92 161 61 136 35 45 113 141 128 42 188 31 134 65 183 29 40 93 107 24 56 89 72 120 131 21 165 179 170 91 144 30 175 118 23 112 102 196 121 190 50 75 77 159 52 174 158 156 8 193 88 178 66 41 96 67 162 191 145 116 83 150 160 154 197 199 142 
34 153 9 150 144 69 99 71 21 105 178 51 187 79 29 70 156 134 141 54 1 81 3 6 15 196 18 25 28 43 24 22 116 94 19 146 139 16 87 80 185 131 194 78 93 199 145 184 197 92 179 108 124 151 169 164 57 2 36 20 46 198 58 111 120 115 140 5 68 117 180 122 191 160 4 91 181 38 163 66 138 84 171 72 159 64 103 127 14 75 31 
6 145 23 126 53 120 9 165 89 160 39 65 149 193 150 52 141 116 51 55 142 181 68 135 174 164 21 32 78 194 113 171 124 18 109 40 132 42 180 140 108 196 58 8 62 22 118 144 127 137 63 75 123 185 111 178 125 102 134 87 19 96 128 192 163 34 153 14 173 25 15 176 70 27 159 33 131 81 139 182 69 60 129 155 115 184 30 147 195 166 186 80 138 50 3 157 162 112 154 10 43 45 167 146 190 97 
190 11 46 147 132 165 142 108 71 106 125 99 96 48 162 61 8 179 130 53 21 27 135 92 152 97 144 81 22 101 23 107 131 66 6 89 52 120 76 82 143 158 134 69 56 159 43 32 24 115 182 151 193 44 174 153 196 116 20 189 164 45 49 94 55 166 64 163 141 169 60 177 70 33 198 181 178 161 58 54 86 83 79 186 18 126 13 184 1 16 117 34 41 47 9 72 176 
19 12 38 170 134 193 27 155 54 9 67 10 93 89 138 41 75 52 91 79 7 80 25 105 88 146 49 157 72 154 36 195 196 184 162 131 47 42 44 28 69 31 169 165 29 82 66 120 84 48 127 1 124 194 40 46 191 140 53 96 128 143 33 34 179 78 111 151 73 87 64 119 26 21 100 16 8 108 118 56 186 126 90 183 23 
129 16 166 30 27 142 151 7 95 135 186 196 52 185 25 169 14 163 46 69 55 18 80 92 189 51 29 22 182 162 195 108 8 19 153 76 121 20 124 109 24 45 116 93 58 4 31 132 72 137 158 164 65 70 81 89 155 152 174 41 113 138 83 156 120 13 197 35 139 50 187 57 39 149 88 136 119 96 148 78 68 194 172 115 181 12 99 26 
139 62 145 93 68 106 67 65 127 72 8 108 53 66 23 114 120 182 14 110 191 173 47 193 167 181 140 41 89 13 26 52 50 190 25 160 22 59 170 143 76 179 112 103 38 100 9 146 11 162 51 10 107 2 91 57 19 159 122 124 133 88 21 81 98 116 130 43 5 49 175 136 185 80 161 85 28 150 94 125 74 15 157 17 192 34 64 63 16 3 158 171 111 132 55 153 196 
21 177 198 53 150 40 175 155 95 67 105 171 152 129 2 119 38 37 183 108 96 142 72 3 10 167 123 187 114 165 140 179 132 25 91 64 29 164 192 154 166 46 115 78 20 173 60 116 161 109 190 185 146 84 135 32 121 107 22 41 26 92 197 77 9 88 125 189 68 138 76 158 111 65 31 70 131 133 118 81 85 136 49 163 143 45 145 147 33 159 120 102 58 4 169 
106 88 157 137 138 102 22 32 15 13 99 116 86 197 195 171 173 40 61 59 46 150 50 177 145 29 132 94 64 68 57 2 1 185 23 166 114 7 78 71 149 176 140 124 17 159 65 136 110 84 165 105 33 119 91 190 144 184 128 162 87 62 151 89 85 123 14 19 26 127 198 47 69 90 92 55 74 5 118 108 8 146 95 27 174 81 182 160 75 25 49 188 126 28 77 44 109 54 43 20 
100 58 15 101 105 29 62 157 135 30 68 134 169 82 81 34 48 156 13 118 11 96 104 102 124 150 128 55 33 115 114 16 38 147 126 32 14 112 194 67 162 17 64 86 111 160 7 177 18 119 80 78 10 85 94 92 165 152 117 2 50 103 153 20 40 146 74 176 132 137 196 181 164 198 46 130 172 183 44 1 35 52 53 144 63 106 98 171 158 151 107 5 138 90 3 36 113 
177 93 145 25 132 117 175 158 167 191 189 17 43 36 122 183 115 77 74 171 178 14 10 156 146 139 39 198 27 111 29 131 152 119 34 187 147 186 49 184 104 199 141 66 85 130 48 46 176 129 40 180 58 112 13 164 5 185 21 11 135 1 28 86 51 127 159 57 160 15 45 9 161 50 133 95 110 106 3 61 84 7 107 125 72 200 67 197 101 68 19 42 23 91 150 194 96 37 75 123 
105 25 29 90 35 58 27 121 68 11 174 40 34 3 75 132 142 74 181 165 190 107 129 79 124 111 185 194 130 198 87 93 41 65 180 47 92 10 128 46 173 133 145 64 155 61 159 144 15 161 63 109 171 54 186 149 2 85 23 24 113 6 62 150 196 48 50 80 147 5 138 168 141 134 18 143 53 184 84 77 140 59 125 137 167 120 188 
116 144 153 3 184 124 103 83 154 72 74 59 101 88 179 183 64 54 109 44 108 91 189 75 148 193 30 174 165 87 21 185 89 140 155 11 71 173 170 110 177 35 67 117 139 181 81 197 125 49 178 6 51 157 7 18 150 16 168 42 120 194 166 28 53 37 191 32 62 40 149 159 56 196 19 119 63 200 186 199 167 190 152 126 61 137 136 92 134 141 106 142 82 158 112 23 100 180 46 97 4 45 70 36 105 160 147 
18 130 61 119 50 24 89 34 66 13 179 64 183 35 85 156 92 65 101 74 122 189 158 47 191 197 187 90 12 127 55 99 38 22 152 167 1 135 42 133 63 181 176 145 141 160 28 3 153 59 49 184 19 87 116 98 41 147 136 126 175 170 33 26 115 25 10 56 62 163 31 109 199 111 188 154 174 123 52 120 165 150 4 108 105 75 53 195 178 16 168 132 54 23 
104 26 41 122 139 137 61 187 7 183 44 108 84 72 132 67 127 22 39 33 93 197 65 148 14 30 185 138 94 1 40 155 85 167 194 73 110 181 8 28 179 130 29 145 158 47 48 135 21 129 124 126 147 196 166 116 125 99 70 191 123 119 78 50 56 117 101 52 3 189 42 68 165 199 63 140 75 162 89 198 27 18 159 54 79 80 69 175 178 192 91 168 34 149 176 38 152 188 114 13 81 12 11 2 
122 140 16 98 192 11 157 52 71 76 96 139 23 91 82 45 70 118 12 184 108 1 67 88 77 59 200 183 14 189 185 181 146 149 40 162 150 160 26 36 131 19 35 49 61 94 81 127 133 166 55 34 4 84 151 148 161 179 7 198 168 113 182 106 135 175 66 194 90 173 78 143 51 129 18 158 85 153 164 107 105 196 74 180 38 176 134 92 119 178 128 64 47 97 130 167 9 
39 143 26 96 118 12 62 197 164 28 142 131 156 181 126 63 199 163 75 159 20 27 188 129 138 109 100 195 69 95 153 173 53 90 134 191 72 155 25 193 58 162 127 135 190 49 89 77 32 56 29 108 44 146 4 76 121 61 154 97 94 158 14 51 132 186 124 102 104 13 116 55 71 112 80 47 137 145 122 174 21 117 172 123 93 42 125 92 169 17 66 106 141 101 74 40 139 64 82 185 46 24 79 140 78 150 57 33 70 130 175 
193 147 148 75 2 101 166 105 104 53 185 60 180 102 1 7 59 187 98 95 18 115 20 11 173 100 76 27 163 46 22 130 129 157 91 58 118 35 133 8 93 127 169 176 119 63 61 199 145 26 73 71 106 33 84 85 134 177 112 9 52 42 30 86 132 111 179 189 80 164 94 82 38 89 10 135 168 28 56 200 34 172 99 170 83 162 137 158 197 19 136 92 123 77 107 151 5 146 190 128 47 57 17 78 159 195 13 54 4 45 113 64 
43 77 3 53 167 25 178 190 146 65 80 124 22 47 115 125 95 21 57 113 121 90 79 61 150 119 84 186 161 12 180 130 163 75 9 10 38 66 99 185 171 133 111 60 32 8 169 23 2 30 36 181 15 127 137 193 91 62 45 142 59 41 140 149 54 78 156 17 98 158 144 198 34 148 89 188 68 184 152 138 173 14 109 24 100 179 46 88 196 42 108 145 49 76 191 102 168 
6 146 131 193 173 195 58 153 135 28 133 24 36 164 182 66 65 162 170 174 160 54 5 126 56 108 57 77 97 48 14 200 23 52 79 197 151 41 78 7 107 26 175 76 123 120 75 177 33 32 115 128 40 25 144 22 145 119 60 161 137 114 138 116 9 4 68 167 191 59 143 184 134 39 172 122 99 83 106 103 101 187 185 141 159 188 19 50 179 71 165 129 140 156 8 80 12 124 70 92 64 
26 137 85 27 173 117 83 152 136 129 183 118 130 21 51 50 125 120 37 174 72 121 142 182 197 48 67 144 62 180 43 175 107 111 94 112 13 198 165 188 3 64 40 191 75 124 195 148 138 192 86 78 104 88 108 2 16 76 126 146 4 59 41 106 25 133 60 1 164 141 196 6 29 162 77 103 178 109 19 184 167 11 5 145 147 65 116 114 187 143 123 70 113 91 73 56 38 122 66 
137 101 89 35 174 164 180 17 160 195 9 25 166 124 146 86 28 97 81 165 7 20 143 179 38 140 122 18 103 67 175 178 16 197 135 133 57 176 32 21 36 53 158 119 90 50 188 111 112 102 161 194 47 56 60 95 69 99 156 98 155 104 100 23 55 59 51 185 142 68 144 153 189 93 181 58 11 42 80 26 41 171 110 145 162 118 187 157 92 105 71 5 15 106 186 1 163 29 84 123 150 183 193 148 177 138 
83 18 92 10 123 133 36 138 151 110 158 153 85 106 69 159 152 58 76 37 146 53 96 98 174 47 34 64 26 8 194 161 93 27 104 79 11 66 164 140 3 13 125 91 87 184 126 115 200 129 50 89 35 38 44 75 72 29 90 175 1 67 65 14 131 142 193 32 190 15 160 63 49 30 155 55 61 84 188 73 186 168 119 41 99 45 97 181 117 70 43 169 132 78 196 185 172 137 156 136 144 141 95 39 179 192 17 154 56 51 124 
97 167 165 48 152 75 176 15 113 192 98 82 198 89 128 146 143 4 51 188 194 16 168 148 7 30 41 181 173 157 11 49 141 182 134 91 170 78 169 183 58 70 171 77 180 195 118 20 64 172 126 114 186 178 63 95 115 54 39 92 119 189 56 3 147 100 57 132 37 174 191 136 124 105 80 29 185 135 160 112 149 69 129 120 45 179 109 144 25 44 190 31 127 61 59 154 
115 66 168 170 194 150 27 41 136 74 1 106 33 78 81 21 71 146 12 77 139 141 135 138 112 113 73 149 24 132 195 43 167 121 10 7 163 176 9 180 3 109 186 174 183 197 59 199 118 185 6 72 40 124 107 44 178 192 126 98 87 38 145 131 62 134 31 179 116 79 23 147 68 2 91 32 159 64 119 99 5 191 18 75 101 51 60 158 36 128 55 19 120 165 54 4 181 
115 2 191 46 96 9 32 118 55 51 177 141 35 110 157 56 76 151 186 100 165 158 83 27 61 121 84 53 139 11 101 138 58 130 103 12 72 54 129 91 133 146 122 25 198 79 13 40 117 152 50 125 183 42 185 108 10 104 154 94 24 170 74 33 199 189 111 97 26 120 119 161 89 105 43 92 179 62 128 147 149 200 57 180 192 107 66 71 85 176 47 171 113 123 30 18 162 172 
142 91 138 55 121 84 198 47 152 95 93 187 135 42 90 157 124 179 30 177 130 3 141 126 34 65 191 68 145 4 136 96 2 167 22 38 110 102 182 56 176 134 133 115 59 186 24 58 51 57 160 195 131 158 75 105 9 159 67 64 94 106 27 109 192 85 73 97 197 83 21 162 178 14 150 33 111 25 63 140 180 54 46 164 196 61 101 113 185 119 168 117 137 
179 59 60 49 174 178 168 39 183 28 150 107 111 13 131 103 102 87 3 119 143 41 187 30 4 38 93 129 37 137 67 140 12 78 180 101 8 19 108 46 153 118 141 91 90 113 95 7 65 115 24 125 138 158 190 171 123 88 35 76 157 73 18 128 159 155 121 26 112 72 16 11 29 149 194 172 122 48 42 82 148 147 136 77 175 188 21 5 15 181 200 97 45 86 43 
79 73 115 52 5 57 89 194 146 35 62 24 144 74 101 168 178 6 149 135 134 7 4 28 129 38 18 193 14 169 83 92 86 95 36 113 96 56 176 109 145 77 147 30 78 43 82 46 137 54 61 31 196 47 67 100 141 138 117 37 132 128 34 173 105 198 20 42 143 48 107 177 159 186 51 164 116 45 197 114 22 94 150 191 65 19 179 81 142 112 153 180 58 11 103 1 122 26 93 167 15 199 
59 199 161 155 110 56 127 76 75 80 182 138 103 78 13 101 196 151 175 179 172 154 167 185 99 192 72 156 190 6 36 2 23 130 136 31 26 124 24 79 107 3 114 69 51 93 22 165 74 66 19 9 81 42 10 158 48 54 62 186 146 148 1 142 5 123 108 52 7 168 35 169 195 132 145 58 91 194 188 40 15 84 61 126 118 177 129 197 55 96 163 28 122 143 37 17 116 
176 5 51 12 65 118 64 141 155 128 25 53 178 124 160 116 82 2 88 68 31 115 4 38 24 17 190 148 197 40 10 194 32 8 126 161 104 52 162 127 136 140 167 121 146 96 63 109 43 169 61 145 21 20 15 70 134 78 193 76 27 170 131 163 122 29 57 130 113 132 35 168 179 26 85 56 98 192 133 71 110 174 93 86 18 101 90 119 114 199 106 30 47 150 
89 157 9 184 174 58 119 17 109 182 27 108 199 31 175 46 196 186 88 113 134 82 45 1 56 21 112 61 32 64 146 110 62 129 83 102 197 49 4 11 149 20 66 166 55 74 124 143 52 180 153 33 77 7 50 128 67 135 2 37 133 18 132 115 41 92 183 44 15 43 159 138 97 90 125 13 169 173 38 142 176 116 131 8 105 117 198 69 158 200 114 85 151 161 26 10 23 29 
47 40 170 92 136 5 187 165 1 4 85 20 72 7 71 16 193 182 189 64 100 175 118 91 76 39 12 46 106 50 102 103 149 9 18 190 163 88 99 30 137 10 86 52 140 68 129 6 28 186 75 139 24 159 192 154 169 166 26 84 176 126 42 27 145 22 44 125 14 134 123 61 56 109 121 160 94 167 198 184 194 98 3 172 81 161 115 114 130 83 141 21 101 188 180 2 196 67 53 
34 7 65 58 121 151 105 178 115 71 133 153 41 190 129 189 10 155 12 70 127 40 134 77 46 122 69 145 48 91 171 101 19 60 182 20 78 15 63 28 2 181 97 112 14 130 144 29 30 72 39 11 35 8 199 59 110 123 104 95 51 135 146 158 116 193 74 37 61 187 128 27 83 170 165 23 113 109 53 73 67 161 108 163 106 142 5 38 57 87 36 25 43 64 107 179 84 45 188 9 90 137 102 
48 141 121 21 187 96 173 92 198 71 155 183 177 75 109 24 52 83 196 64 118 85 150 31 105 130 11 195 175 65 10 182 106 148 151 189 140 181 54 46 74 135 16 197 25 62 23 9 120 41 178 167 66 97 88 124 138 73 14 27 129 137 161 77 190 7 22 132 112 110 154 69 38 156 40 174 139 169 53 200 76 59 26 164 36 117 47 116 114 89 158 192 136 98 184 160 119 125 157 94 18 176 61 
37 115 83 31 85 20 157 137 51 138 61 154 35 155 127 10 11 24 148 52 101 130 156 114 73 88 140 164 95 118 190 129 70 44 43 146 28 38 45 116 99 173 78 132 68 25 82 108 193 168 103 110 123 100 40 19 141 66 86 56 152 77 198 178 143 151 94 131 55 187 162 54 170 111 57 125 47 36 48 8 97 14 17 161 195 167 200 89 102 174 153 58 159 192 67 122 145 199 144 91 189 186 39 196 181 80 139 
178 160 38 177 141 44 176 123 156 81 173 101 191 106 102 181 79 92 77 122 115 7 179 37 3 114 185 88 125 130 58 189 133 74 194 69 46 29 149 80 35 192 151 68 91 116 31 59 45 63 143 199 168 12 67 94 146 8 154 170 39 152 120 164 75 200 34 27 145 30 96 25 109 104 172 108 155 6 132 57 139 113 158 66 183 85 60 84 153 112 41 22 136 98 61 188 118 65 54 161 43 127 19 72 
189 33 43 166 76 181 197 141 99 58 180 38 111 149 41 26 59 9 75 157 15 123 155 10 24 163 153 173 39 45 51 126 195 49 98 104 32 68 125 171 148 129 107 90 200 119 82 156 190 188 194 198 62 184 72 131 128 7 34 105 91 29 183 81 1 116 27 106 96 36 112 145 60 164 86 12 18 88 193 121 133 73 46 70 143 167 137 74 14 135 55 48 169 160 122 37 174 176 3 177 5 175 
64 43 2 117 1 88 98 155 175 14 187 158 107 173 67 44 134 90 70 176 119 199 111 23 118 69 17 50 68 9 65 75 113 116 83 159 131 146 86 19 188 132 36 141 20 179 150 93 31 54 79 81 126 168 149 125 157 152 76 6 101 89 3 85 121 74 136 193 127 104 84 170 174 166 92 5 139 40 55 160 115 162 182 120 110 59 52 53 200 96 94 164 39 185 186 8 133 46 108 66 
174 146 71 110 72 86 133 125 190 152 134 127 76 144 16 139 25 162 45 89 121 54 118 115 167 64 195 32 130 147 177 1 69 140 150 37 165 107 98 104 12 7 96 196 119 49 11 170 63 185 77 48 171 42 103 47 191 21 117 149 183 10 126 197 141 145 101 50 15 60 108 176 62 94 180 169 124 90 198 155 74 100 33 51 120 128 55 66 106 113 193 88 91 156 123 67 153 200 
62 44 158 34 131 142 78 68 153 143 135 160 178 82 161 195 91 137 19 3 111 138 180 156 18 26 171 13 172 1 23 115 9 31 46 89 163 101 191 168 145 67 7 35 152 57 10 83 124 2 109 194 149 100 90 181 51 22 25 174 42 54 190 193 189 188 199 175 38 77 150 65 45 134 170 17 197 64 5 159 60 14 96 21 151 52 105 104 113 123 114 154 133 63 30 55 47 24 73 
115 68 187 53 84 100 45 74 161 77 98 92 198 176 13 57 17 157 75 101 165 147 133 168 9 46 174 129 81 82 190 195 169 67 55 142 16 3 31 51 106 141 126 160 125 60 146 30 121 179 171 131 193 24 69 117 83 93 23 111 188 118 58 91 167 15 80 87 113 107 54 173 145 158 70 194 134 114 182 175 170 110 153 41 37 164 66 90 44 156 151 27 103 61 138 35 120 19 148 49 20 18 191 1 29 21 105 
123 82 102 74 168 129 80 44 190 67 60 169 154 91 55 122 20 131 32 18 179 146 13 152 134 53 65 27 170 121 155 119 38 160 6 173 149 34 69 21 195 3 15 125 182 79 197 126 196 156 109 178 94 148 166 118 111 136 70 165 138 176 63 198 78 151 101 142 171 10 110 89 137 124 57 193 127 99 14 143 135 199 77 181 8 115 187 140 185 163 92 93 153 150 96 33 194 100 46 174 81 112 133 172 189 72 61 49 28 54 162 11 7 35 
127 168 39 47 79 82 151 99 159 86 94 106 104 23 9 162 61 141 51 41 144 31 38 35 177 192 55 147 153 42 139 102 97 155 60 115 128 65 187 33 10 84 1 49 2 130 21 66 34 186 30 171 101 117 5 3 56 4 53 44 193 13 52 11 50 85 78 70 18 89 125 145 16 20 36 198 111 27 120 7 110 96 68 83 121 182 194 132 166 119 140 
151 94 159 89 145 176 14 139 173 13 84 66 38 141 183 2 33 15 90 196 146 77 128 135 177 72 126 157 9 182 197 32 118 96 120 3 175 63 10 57 192 6 62 5 98 92 7 114 49 168 36 130 162 150 97 119 17 103 122 58 167 78 76 74 187 164 115 186 191 18 144 50 134 56 41 147 22 1 102 59 110 47 198 155 31 106 181 28 169 40 44 55 185 161 52 87 93 12 136 170 158 153 23 95 105 152 127 
200 183 8 66 108 196 6 60 13 22 54 85 119 20 138 35 193 26 19 107 97 69 91 167 145 110 56 188 84 98 64 1 101 147 191 81 30 149 77 4 83 31 12 176 29 182 74 175 160 57 21 187 195 102 197 178 53 153 32 93 47 96 99 155 122 154 100 146 86 118 34 127 198 120 111 82 94 184 121 55 143 24 51 95 164 36 89 174 189 2 171 117 170 33 80 134 142 132 162 72 157 7 
82 44 107 3 109 161 27 99 97 64 33 129 164 100 53 150 153 119 69 12 50 127 106 1 65 22 38 11 158 40 156 138 34 149 195 86 117 83 155 168 146 84 171 32 118 159 192 113 36 128 123 90 41 24 31 172 160 139 51 144 14 194 142 77 61 134 35 87 81 198 199 136 180 186 200 143 6 196 184 60 18 30 68 147 78 152 112 140 116 46 21 43 110 193 96 115 101 132 167 105 73 174 98 131 125 93 157 71 120 135 
145 31 58 191 138 17 135 170 124 117 98 3 109 147 165 127 179 14 49 65 116 120 106 164 2 172 33 29 18 144 182 123 130 160 92 195 143 4 194 1 8 114 198 157 60 84 119 162 38 48 192 23 108 96 42 137 105 115 121 141 88 89 93 86 107 173 6 32 175 24 159 77 9 16 74 66 83 152 25 53 129 161 100 91 168 12 43 27 34 122 20 128 35 39 193 19 163 150 103 76 153 185 158 41 101 73 134 75 118 82 132 197 169 79 81 140 188 68 95 199 
163 97 30 59 162 45 164 112 168 109 77 12 176 110 124 96 42 144 140 158 95 116 113 111 149 88 32 80 123 49 40 155 70 150 33 106 122 190 119 142 199 6 198 53 187 41 200 126 78 37 23 143 108 145 47 28 15 57 101 89 82 54 180 146 179 67 20 188 61 84 127 58 151 172 157 102 64 5 153 183 31 24 91 17 152 138 38 169 76 159 51 182 74 86 60 8 98 
94 163 75 96 43 32 116 51 68 176 11 48 136 26 159 6 35 195 14 149 173 77 114 119 28 150 15 170 2 53 178 165 69 183 67 63 97 13 154 193 140 49 36 70 33 61 41 3 156 111 80 134 162 128 104 39 31 129 85 30 91 177 9 54 84 4 160 60 171 133 175 58 99 117 122 27 141 66 126 21 37 42 73 45 92 78 18 120 76 190 180 8 113 191 46 200 
47 60 77 111 135 2 61 20 165 153 147 23 113 71 196 8 25 139 117 73 62 179 185 137 18 166 68 48 145 32 26 150 82 110 81 17 97 127 152 12 74 80 172 126 86 16 69 107 55 177 170 19 30 141 1 194 58 28 52 83 124 41 138 191 178 104 9 186 197 29 130 35 148 67 45 123 176 114 122 6 14 79 88 192 90 182 136 65 154 40 167 131 184 98 101 144 46 189 51 36 75 151 84 
30 159 149 101 71 35 117 179 80 186 49 81 54 143 180 146 45 109 77 191 123 168 188 195 187 83 110 106 120 114 29 46 185 95 108 43 92 147 47 127 52 137 177 26 125 154 151 175 165 162 14 169 97 189 107 17 105 126 90 112 100 5 145 160 196 84 65 63 193 172 173 74 194 139 148 198 133 24 183 99 141 96 152 98 51 66 41 21 115 57 34 56 111 129 138 67 182 28 37 1 153 6 
195 183 108 114 84 116 4 20 35 27 30 13 132 21 38 44 94 173 41 11 76 73 140 181 93 166 71 200 191 139 48 143 49 164 70 86 74 141 185 32 161 45 133 103 102 169 134 88 16 80 52 107 23 198 77 186 1 29 62 9 31 36 194 10 104 63 135 121 142 118 100 152 25 96 147 153 66 95 37 150 124 149 130 39 193 17 65 174 34 98 64 58 128 
82 188 186 189 187 178 85 41 60 83 52 196 38 90 154 104 191 139 20 145 156 68 165 124 50 84 109 122 96 164 34 66 78 26 141 39 113 194 159 5 171 135 74 150 47 75 125 81 14 168 44 146 86 64 112 180 138 106 63 117 9 42 48 17 65 193 184 137 108 69 167 182 151 162 94 173 61 169 25 49 199 102 23 45 119 111 170 51 177 57 174 27 147 149 7 161 1 55 195 40 33 121 143 59 56 15 134 
196 151 127 30 69 195 102 132 6 68 143 59 15 40 55 171 108 111 191 184 180 70 39 146 54 149 165 136 160 97 45 79 120 78 63 48 141 182 7 118 77 177 147 26 74 163 104 49 85 34 114 96 73 76 8 138 42 183 35 33 145 188 140 50 158 185 44 150 112 100 154 130 101 200 10 88 53 121 18 135 159 162 86 144 105 139 60 72 189 175 115 3 9 82 161 65 29 134 178 17 24 194 126 142 176 80 
122 76 188 71 58 79 190 53 3 84 77 7 141 133 128 167 134 170 62 135 19 191 160 111 156 90 115 52 27 175 1 200 97 101 186 73 187 42 34 93 54 12 21 183 185 164 23 61 33 67 15 95 124 148 88 72 99 2 131 150 31 176 198 189 180 85 152 91 144 17 184 74 16 26 96 112 5 106 149 8 153 121 36 173 195 139 83 37 182 81 38 103 18 155 159 
176 3 78 9 178 156 128 141 162 165 136 168 35 129 104 193 22 57 27 71 147 39 60 106 7 181 180 103 144 95 159 126 55 41 11 69 34 67 43 145 70 138 68 185 73 23 179 195 132 164 184 115 113 134 10 110 143 101 135 47 96 17 137 142 163 50 167 74 19 42 199 157 81 2 120 177 186 133 31 166 154 121 25 46 192 85 187 111 91 56 188 64 194 84 87 
54 45 118 168 152 18 136 9 184 75 138 1 197 181 165 53 10 163 145 115 85 14 64 199 164 133 109 88 30 21 155 186 170 44 196 134 46 33 139 96 43 179 198 15 104 200 22 140 58 99 36 4 183 38 108 47 117 100 77 19 92 193 177 97 60 175 189 128 135 112 161 160 121 31 72 48 120 190 166 37 87 187 7 141 148 3 26 76 69 159 80 41 154 84 
168 4 194 13 191 94 71 40 76 111 72 189 16 73 174 24 134 39 105 45 159 70 21 82 80 86 122 107 59 125 17 196 19 31 114 58 14 65 32 63 155 103 96 176 193 185 47 7 10 183 29 36 146 23 78 170 147 173 120 162 130 197 48 53 74 182 116 133 55 81 50 179 145 164 28 126 124 101 98 140 166 87 108 187 37 137 136 56 143 67 64 83 144 43 54 12 77 177 3 69 62 
106 139 166 92 1 111 108 115 47 57 162 81 168 146 62 91 109 187 48 50 97 67 120 128 165 43 124 171 82 137 24 77 10 173 163 56 121 17 37 75 182 89 181 26 126 169 102 153 161 38 140 105 25 199 112 39 54 133 59 116 87 170 41 145 68 179 2 64 197 55 70 130 99 114 16 191 117 186 34 98 123 125 113 29 40 143 90 147 190 46 18 21 164 95 132 13 104 31 19 176 159 65 135 53 196 58 
156 162 92 13 116 109 186 94 153 143 11 39 59 196 66 87 180 115 105 79 17 106 163 125 148 22 130 154 110 137 27 118 152 126 145 32 34 123 91 188 56 2 14 150 165 101 84 7 190 134 139 171 53 192 46 168 25 67 26 97 78 99 61 111 38 23 100 193 158 6 142 113 199 48 70 81 155 146 86 127 9 64 107 147 51 189 28 73 102 176 157 121 82 20 19 16 131 98 177 55 
53 58 183 114 100 185 141 37 17 154 46 69 72 65 170 42 24 107 190 97 129 29 77 85 189 195 60 148 63 153 146 75 139 109 162 61 173 191 31 120 99 20 55 88 178 1 64 131 125 137 45 167 13 145 78 14 200 21 28 27 179 150 156 133 81 144 108 194 36 87 135 177 32 111 199 187 175 166 49 118 68 168 101 136 121 18 10 176 140 165 52 76 122 93 26 112 3 192 105 56 79 71 
102 85 132 41 48 124 37 66 86 190 65 9 146 166 15 75 152 24 153 23 28 128 109 173 105 145 38 1 164 3 30 191 192 82 52 74 32 11 172 69 67 120 91 72 93 193 134 7 88 178 84 168 188 182 95 29 139 156 79 114 135 117 176 170 51 130 187 78 56 46 33 175 118 13 45 26 121 151 110 133 42 189 140 58 2 197 200 89 129 131 185 99 59 174 106 162 76 17 143 10 158 87 19 
170 88 77 68 152 74 32 5 89 6 38 95 119 116 46 159 72 73 134 164 99 192 144 175 138 199 60 148 31 47 143 197 3 118 25 153 80 69 129 96 1 174 108 43 188 28 114 44 150 105 101 107 102 146 71 93 27 160 4 168 142 161 178 155 137 82 115 196 157 200 141 8 67 113 34 182 10 147 87 14 158 104 91 124 53 190 17 103 29 15 120 63 187 198 22 176 125 19 55 
129 40 9 192 156 75 176 200 61 17 70 141 131 115 100 7 146 19 95 44 66 79 120 158 159 12 54 128 106 60 185 183 136 92 155 63 102 196 57 101 170 45 117 13 47 49 71 169 139 173 2 73 31 97 6 23 165 35 67 191 72 178 90 56 197 83 182 148 10 80 76 181 20 62 116 30 177 190 132 147 187 123 195 3 112 5 4 22 14 34 26 104 172 64 50 33 188 41 82 153 74 166 11 
18 32 136 154 106 135 187 48 56 134 77 85 35 52 195 144 133 147 155 72 119 182 191 38 158 91 53 31 102 109 4 51 39 92 20 13 17 33 176 101 88 99 120 94 65 151 10 87 166 137 114 61 143 100 162 55 127 125 82 140 145 27 179 161 7 152 168 12 118 115 156 177 95 21 146 19 104 116 165 57 3 58 108 11 54 90 175 121 171 157 29 42 
92 172 69 122 183 102 25 5 59 88 153 186 164 199 123 14 9 176 187 79 77 155 89 149 189 74 174 24 158 170 166 101 169 83 132 150 196 195 99 124 111 103 37 159 175 146 2 113 58 78 96 178 11 190 197 148 94 156 120 131 180 47 140 45 160 106 163 54 50 119 44 108 110 85 93 51 70 118 112 49 152 4 3 141 138 200 128 16 107 84 179 
101 66 142 84 83 9 106 2 60 158 67 92 72 113 54 89 31 50 156 155 10 174 141 25 5 38 81 165 15 130 131 87 102 198 96 90 194 200 85 137 186 180 161 185 104 82 181 61 76 95 170 59 191 65 41 94 63 111 20 168 39 64 19 53 58 167 107 49 157 193 13 163 160 79 48 52 120 136 30 97 151 24 149 184 178 164 62 197 114 1 195 86 71 116 47 
29 57 77 179 117 192 35 112 155 12 186 64 128 87 166 46 58 61 81 97 43 160 184 133 60 171 14 34 5 125 70 68 110 15 66 105 71 174 131 27 32 113 169 196 154 129 152 136 38 98 149 118 145 123 4 7 114 69 178 168 182 143 82 86 24 173 40 3 111 36 67 200 91 109 191 62 80 72 189 88 21 106 140 26 138 188 95 89 119 101 33 195 76 127 122 144 199 18 49 19 181 6 134 
45 161 92 152 199 198 173 73 88 111 81 158 191 155 10 172 159 197 46 110 90 84 182 22 122 33 169 69 194 66 65 150 145 114 147 167 19 24 11 189 42 117 2 164 125 127 25 112 196 141 126 23 41 166 146 12 54 44 171 181 38 190 6 93 62 142 16 129 162 61 75 5 67 39 50 143 140 121 175 123 139 78 36 157 26 43 180 186 113 17 137 71 29 156 96 160 177 15 51 57 134 80 128 135 116 
198 67 66 102 151 92 181 46 10 65 40 78 60 141 117 17 176 121 130 97 45 143 99 85 50 91 131 43 138 8 116 192 86 42 115 103 79 81 179 16 34 13 55 61 108 75 71 89 28 41 51 180 147 167 47 80 193 129 24 73 52 104 128 150 53 127 29 33 158 194 168 146 3 174 170 152 136 26 106 184 39 35 9 140 94 54 163 21 36 100 165 38 133 20 59 64 122 175 199 
76 96 53 3 172 1 18 105 191 59 9 19 64 132 184 161 160 30 195 66 77 4 156 93 68 141 41 174 169 43 144 112 58 123 178 165 194 32 137 65 134 29 182 143 166 154 177 116 82 180 146 37 183 118 39 38 158 16 57 149 152 173 139 103 61 176 162 13 5 85 6 148 99 72 157 138 94 86 197 42 84 185 122 175 51 28 81 54 131 73 17 67 192 88 111 163 69 70 71 124 135 140 129 
196 24 66 23 95 3 8 82 186 185 153 193 120 4 72 87 63 148 144 108 96 124 158 159 145 75 101 200 94 167 12 48 140 139 79 84 184 107 117 188 132 20 40 105 89 122 37 41 110 52 164 53 183 33 30 26 86 46 78 88 6 99 168 64 62 54 175 59 197 142 69 138 136 126 25 106 109 98 7 31 27 16 71 100 182 141 152 
128 85 180 67 22 49 68 175 57 196 73 26 181 186 65 116 200 147 14 23 149 87 168 71 104 37 27 108 43 39 74 77 118 55 70 173 191 13 139 141 42 97 29 182 52 161 192 76 146 16 185 115 80 61 135 122 54 64 30 41 190 6 126 189 51 89 197 24 176 98 150 165 45 60 88 11 124 131 86 199 145 17 121 163 8 78 32 4 170 95 91 174 40 44 
81 56 35 111 193 25 22 97 178 21 46 200 45 116 154 18 197 135 53 187 87 130 117 118 137 181 73 172 88 94 27 119 59 57 54 16 2 146 6 84 127 168 55 23 40 31 182 66 62 175 65 106 12 5 36 148 76 9 101 115 152 167 20 78 163 7 161 122 151 134 114 41 15 51 150 90 160 110 170 140 50 96 29 17 58 49 105 177 141 77 34 143 107 74 11 157 1 30 185 136 180 133 72 8 158 174 67 
19 111 122 45 184 112 123 179 134 58 43 144 1 32 86 36 181 99 73 166 49 25 177 63 2 81 10 72 136 139 151 13 195 162 46 22 56 6 12 107 39 129 97 88 23 89 183 21 173 192 161 47 188 54 3 24 130 8 80 55 53 92 138 169 120 59 27 121 93 165 126 102 119 145 104 69 197 167 101 178 14 18 199 115 118 176 96 180 133 90 141 85 57 110 16 186 152 137 68 77 52 140 193 194 200 172 44 170 91 157 
3 196 96 182 72 112 168 33 22 113 79 192 115 66 35 56 67 86 190 60 73 34 131 119 63 162 178 173 21 170 121 164 120 186 98 75 11 185 118 89 169 53 171 7 184 32 109 114 126 99 52 26 160 156 62 198 31 128 46 36 81 6 43 68 188 69 165 95 18 189 28 14 143 150 54 139 154 106 148 16 172 181 146 136 25 82 133 105 19 137 84 153 130 144 161 83 4 140 177 194 40 
123 102 74 24 11 98 114 194 101 164 53 193 18 10 160 183 8 68 141 196 157 189 120 143 170 172 49 80 131 124 62 122 136 127 129 135 84 155 137 27 92 140 25 69 26 82 109 125 71 32 191 144 149 66 41 108 97 154 107 2 112 54 116 159 17 174 85 47 133 57 197 39 95 192 59 96 12 147 161 180 113 76 42 148 72 6 30 31 130 186 13 23 165 158 28 83 153 169 138 199 91 4 162 15 40 7 163 20 
59 187 175 194 111 87 7 93 51 88 135 77 186 106 66 157 163 109 196 81 42 70 78 96 44 9 170 118 75 116 185 124 149 6 142 20 33 107 189 57 50 64 30 173 86 182 168 99 156 45 125 10 24 148 155 143 152 127 188 197 198 102 61 52 2 138 73 136 14 23 153 53 133 178 108 98 128 15 19 174 1 79 80 159 3 160 26 95 65 164 191 150 54 190 17 200 120 
40 161 11 181 95 109 111 180 21 192 165 114 134 54 191 70 102 26 197 167 133 23 25 186 126 10 182 31 144 15 85 141 75 125 162 27 58 139 71 122 153 86 19 123 97 91 93 41 92 120 175 59 66 56 193 99 188 170 100 72 187 9 6 74 113 55 101 20 3 98 37 129 183 174 119 166 189 117 155 135 17 132 127 163 29 148 152 112 173 177 149 160 
25 158 117 126 105 146 40 62 27 89 200 196 9 102 132 197 155 100 20 42 193 98 183 16 112 174 192 52 68 22 124 75 185 123 38 106 122 128 46 14 12 49 90 120 160 184 195 59 164 61 73 147 17 182 149 165 121 141 31 137 94 129 135 187 60 13 116 78 54 127 125 99 140 10 8 85 103 157 29 51 48 169 88 21 84 77 43 113 114 181 6 55 180 92 97 39 111 67 194 56 76 156 95 150 72 93 118 83 188 24 167 
173 1 81 170 43 98 124 109 14 179 66 153 152 88 23 41 44 91 155 176 183 55 111 4 145 200 178 42 75 97 80 13 172 60 52 165 21 31 195 40 148 130 58 28 6 2 188 117 136 63 10 192 168 54 125 18 3 147 101 78 194 73 94 169 197 39 123 199 48 74 61 127 95 90 166 120 154 131 193 86 110 122 190 159 46 51 150 114 82 119 138 100 174 126 139 71 17 116 33 96 
136 41 6 30 87 133 49 65 183 98 32 123 75 62 42 200 95 58 193 21 55 166 1 78 47 8 186 108 189 9 100 117 91 188 13 174 102 114 105 110 151 104 172 184 29 22 111 169 56 37 19 85 120 18 80 73 139 70 192 67 61 167 141 112 182 178 132 96 135 97 82 63 14 156 134 34 76 155 168 158 74 113 33 163 121 179 10 84 26 88 175 101 143 23 122 93 115 185 92 126 173 
175 86 195 149 63 157 132 150 125 7 198 119 85 158 179 41 17 46 55 83 162 133 61 187 72 58 48 52 16 153 102 43 93 196 91 68 177 107 33 137 81 95 147 34 168 47 178 20 143 140 105 170 192 130 172 181 161 8 22 144 66 40 104 74 185 152 118 75 101 5 13 141 3 30 94 79 14 84 44 173 77 188 171 49 154 164 128 167 54 50 146 87 78 25 19 122 131 163 114 27 6 57 142 
154 87 24 185 120 119 113 136 99 60 94 130 47 55 62 92 179 91 25 77 18 90 88 52 156 46 160 126 59 58 170 157 165 180 42 10 15 86 12 28 148 79 163 114 96 97 135 19 176 50 151 184 181 95 6 196 37 122 33 186 61 123 44 133 112 150 3 108 138 178 174 143 171 191 17 74 111 38 80 124 51 69 197 26 85 7 106 147 82 39 153 144 109 32 53 34 4 103 9 98 5 41 199 
90 91 79 49 55 72 13 17 40 155 76 11 166 27 24 65 199 144 69 100 1 130 181 74 136 58 82 110 195 41 45 149 54 57 89 188 118 114 103 121 50 44 33 25 43 6 117 19 53 2 154 42 47 153 171 87 78 174 167 32 31 21 37 156 169 109 102 96 200 196 4 145 189 179 67 112 51 70 170 107 52 3 60 152 175 133 10 56 193 26 5 63 111 119 80 59 93 183 97 101 131 36 95 98 14 
101 149 157 195 189 63 160 71 91 172 10 122 46 40 67 27 81 33 170 128 155 135 187 25 44 104 118 115 138 173 95 72 66 45 197 121 32 154 117 196 55 7 78 200 62 194 68 150 58 69 30 54 84 6 74 175 137 191 100 88 182 110 29 116 151 146 70 109 123 51 107 24 120 2 80 76 153 113 22 143 85 177 181 83 105 3 166 26 31 125 16 64 124 163 82 161 111 106 87 179 141 1 171 183 65 114 
42 159 8 102 196 188 6 13 143 62 93 28 150 178 18 5 91 176 142 63 172 121 101 65 1 10 122 11 104 115 25 32 41 21 109 81 83 77 20 125 181 54 199 61 123 88 155 145 110 17 85 200 168 154 134 192 174 166 149 175 35 130 75 137 117 128 4 73 97 124 195 92 194 165 14 57 171 198 152 156 56 29 60 151 80 183 127 103 131 33 111 187 40 64 70 167 120 158 177 16 27 30 
87 54 163 39 49 134 1 61 4 191 7 34 74 113 195 137 37 100 17 158 44 157 109 193 15 116 164 178 126 13 104 59 144 92 133 132 58 152 179 27 156 155 3 89 142 185 29 161 8 64 141 160 177 26 165 140 60 10 82 14 199 106 147 120 112 198 143 154 173 125 23 72 2 38 77 35 118 62 78 51 11 41 75 150 84 131 65 162 91 186 6 182 119 196 
6 98 82 40 28 119 153 62 76 107 175 57 34 27 112 126 132 1 193 63 39 54 92 83 68 86 146 113 182 177 135 150 120 180 14 117 25 19 163 51 49 32 60 159 41 56 154 77 93 70 118 84 50 147 16 161 75 136 59 137 181 179 99 43 199 94 167 45 139 81 26 131 171 155 30 152 178 128 115 162 4 184 186 44 121 12 174 195 65 72 140 144 87 23 18 46 20 192 122 110 90 
77 152 153 25 41 150 93 44 132 161 175 16 124 111 178 63 3 102 5 91 195 131 149 156 192 184 176 99 200 81 62 19 79 141 113 181 90 22 37 134 75 50 42 53 7 112 104 33 168 114 47 165 144 159 49 172 191 139 65 136 78 177 38 23 120 1 59 45 52 133 67 157 71 106 30 73 92 116 154 20 46 43 29 185 135 54 80 18 11 198 6 167 12 109 160 72 4 97 122 
70 59 35 107 84 101 160 75 128 134 138 115 193 131 140 126 156 196 83 154 93 162 27 148 54 8 106 105 191 129 19 121 63 79 99 12 53 30 61 192 76 194 159 175 90 34 161 89 67 86 133 65 172 198 110 122 73 16 117 29 165 197 163 139 116 43 32 111 11 80 199 177 180 41 136 6 147 132 64 68 69 13 158 200 37 168 141 5 102 
160 37 122 127 123 157 195 185 41 112 63 24 84 48 70 74 95 81 47 68 93 109 69 72 172 11 99 52 125 3 135 100 87 20 92 148 151 6 113 44 65 154 144 55 105 176 94 164 96 124 183 138 89 23 140 10 161 158 119 64 115 143 111 35 187 58 146 22 80 16 177 91 117 139 149 86 88 170 178 32 71 4 56 28 190 166 189 15 59 85 198 51 168 103 150 73 152 97 163 192 39 167 118 34 153 
189 85 91 36 98 22 119 96 49 174 129 97 186 181 163 143 155 67 146 55 197 79 18 170 30 64 3 15 4 61 190 133 159 142 195 62 162 175 26 125 122 135 172 14 31 178 12 149 11 176 77 45 123 124 101 90 59 160 121 35 70 10 33 84 72 128 40 167 161 198 179 182 131 65 169 44 24 86 54 106 188 134 28 41 193 145 105 113 88 6 29 60 9 74 180 114 48 191 
52 196 20 1 181 71 90 66 173 157 30 64 67 178 145 144 129 146 121 21 17 2 142 152 58 87 176 159 117 39 99 57 101 3 35 190 137 63 132 91 48 118 28 134 77 68 54 171 55 136 97 41 47 179 140 27 169 187 184 195 42 180 65 127 192 174 139 156 198 115 141 116 105 150 62 79 19 103 13 188 83 73 49 11 102 151 50 120 31 197 166 161 89 76 148 7 78 23 38 111 138 61 155 131 
51 190 122 170 85 62 69 136 103 29 141 54 150 91 65 140 185 67 44 2 111 26 39 4 121 160 66 168 40 197 30 142 82 129 126 35 81 127 8 175 146 12 38 153 23 22 179 79 157 113 120 180 89 166 110 33 176 16 36 169 95 139 9 151 7 114 108 53 90 68 152 186 46 47 74 100 123 19 21 155 78 149 43 50 104 198 73 13 75 145 18 17 128 177 93 34 135 70 56 63 92 64 131 1 24 199 101 109 174 86 
123 56 120 60 82 163 164 61 139 138 199 79 76 1 97 165 180 22 92 192 191 19 36 133 188 4 20 122 13 125 41 43 65 119 187 52 66 12 54 44 64 62 141 33 112 51 145 116 154 189 136 27 50 30 68 29 115 167 48 118 9 96 182 144 8 134 155 166 67 73 31 63 5 146 101 55 148 107 7 25 42 151 150 193 32 104 46 184 153 160 128 170 91 174 38 70 85 140 35 179 80 18 93 185 152 49 40 186 103 196 
193 1 62 8 57 195 87 84 162 101 121 110 4 27 19 171 103 55 144 31 145 134 119 128 63 23 197 52 90 29 47 82 117 133 113 177 102 165 190 79 108 54 75 175 182 13 68 98 56 61 21 141 152 46 77 104 125 185 130 92 39 36 159 100 58 72 37 3 176 51 85 172 168 156 81 186 25 200 184 22 199 167 114 157 179 49 183 40 91 45 150 12 158 65 153 105 111 163 143 127 83 187 149 33 14 30 138 93 99 86 74 38 5 34 43 11 131 73 
5 133 88 161 111 58 104 57 163 157 68 120 21 130 28 63 143 128 51 84 75 100 141 89 178 107 94 192 139 38 73 176 190 6 67 106 98 46 65 78 146 119 168 112 60 180 80 116 99 194 24 25 172 165 36 115 10 59 185 15 162 144 71 41 173 193 177 43 49 136 129 174 158 166 125 113 149 127 79 2 171 81 109 156 26 55 179 138 34 17 123 118 196 183 97 64 170 87 
64 100 140 89 68 77 175 114 25 40 107 168 76 134 38 131 150 119 102 124 87 106 156 142 9 42 95 34 21 146 110 58 151 53 49 75 84 18 7 43 57 4 130 182 45 47 166 59 125 97 113 145 10 71 66 108 39 187 91 19 144 127 143 162 193 72 37 154 94 186 6 169 177 192 109 73 93 79 191 88 194 141 133 12 8 63 3 36 136 16 189 147 85 117 122 190 138 
73 58 77 111 155 88 132 55 113 145 52 188 38 169 11 156 116 109 196 65 112 128 194 95 124 127 137 158 167 28 21 147 34 15 174 12 48 13 195 165 168 200 130 63 186 176 86 160 36 16 53 84 159 30 81 69 141 187 91 46 42 134 100 37 85 49 72 172 139 4 146 190 54 162 123 184 152 180 70 135 183 99 17 115 33 57 29 93 129 2 
116 147 57 36 114 14 174 166 80 136 30 154 199 28 190 5 16 135 85 95 48 84 4 10 75 21 156 181 121 29 78 186 184 109 17 124 71 189 151 144 145 76 185 172 83 153 171 177 118 27 40 9 61 43 138 89 23 39 126 15 196 160 38 130 165 148 44 24 167 18 137 162 94 98 79 134 72 11 8 179 69 68 97 161 180 49 173 133 60 111 73 65 34 22 46 77 163 