200
182 63 138 88 195 17 155 192 112 36 132 54 118 13 74 168 109 169 157 165 159 194 179 144 107 119 29 81 55 173 93 66 178 58 128 30 90 91 45 48 137 60 71 24 59 98 141 142 187 164 86 26 162 61 19 120 158 21 121 126 80 49 124 69 100 79 27 170 46 160 147 6 83 44 199 181 56 171 200 95 89 180 133 57 40 94 190 77 146 134 35 172 82 18 177 14 127 136 3 
109 165 6 123 56 50 186 175 66 89 62 114 172 38 137 44 143 18 81 149 141 59 120 103 101 58 61 29 197 162 7 180 163 33 3 86 177 24 111 91 110 189 135 19 191 176 164 55 200 157 92 88 159 161 90 21 63 87 193 182 130 95 31 160 22 196 145 125 41 70 28 188 94 187 115 85 179 117 106 64 12 184 119 118 171 121 126 146 72 11 147 158 100 136 102 181 139 99 93 195 104 199 132 173 
158 110 113 109 196 180 29 106 80 185 22 140 69 70 139 39 54 193 150 152 52 98 14 187 48 135 130 75 171 18 99 17 124 138 104 173 199 133 160 184 179 153 12 94 123 2 125 59 21 154 174 1 78 68 55 155 156 132 86 51 108 57 37 6 82 89 10 136 97 148 13 91 65 195 47 137 141 35 38 149 119 40 126 127 95 15 107 26 33 64 83 90 20 93 16 121 72 60 144 
72 88 82 110 121 73 193 55 34 31 120 42 148 191 107 103 132 141 177 90 100 44 94 8 57 182 61 104 37 167 154 20 150 186 138 187 147 114 165 149 62 83 137 78 18 74 93 76 122 178 192 50 84 89 118 79 184 81 116 22 197 168 161 123 157 28 160 171 14 10 16 43 102 64 151 189 91 195 127 40 156 49 12 27 39 180 59 129 98 47 56 
58 34 141 111 150 15 161 25 104 29 46 180 160 103 42 116 80 20 163 152 13 17 130 102 110 91 176 186 18 183 164 159 14 195 133 81 136 122 48 200 86 47 83 64 145 11 85 30 125 88 52 65 172 72 33 196 129 134 166 19 35 175 49 181 182 93 101 165 8 82 149 146 96 126 50 66 92 137 76 54 27 45 179 191 74 105 187 131 128 198 140 157 142 44 117 12 
101 95 51 178 34 138 49 15 188 175 127 37 23 108 17 141 64 115 45 118 56 163 42 166 81 59 103 35 119 123 164 82 7 74 53 198 107 186 104 143 40 28 55 137 193 152 33 142 151 94 96 145 177 170 52 165 161 22 146 11 183 27 44 77 20 113 47 87 80 191 88 124 2 12 187 111 140 100 16 75 120 65 136 155 148 84 3 160 83 154 180 43 14 18 1 190 110 135 48 199 179 182 200 
142 38 122 176 188 62 56 68 58 87 73 182 110 165 14 103 96 197 192 112 27 149 45 70 128 161 46 74 23 59 18 69 66 191 193 43 31 26 22 156 48 102 127 145 148 131 179 135 90 150 2 51 98 37 25 120 42 72 180 187 164 199 163 34 53 104 6 168 82 159 29 158 67 106 36 61 117 146 189 63 11 109 12 39 196 99 184 115 132 147 40 175 195 100 88 181 97 152 13 155 28 89 75 80 190 151 178 166 93 65 
139 191 145 92 69 163 49 29 172 23 129 136 81 133 59 185 5 11 62 99 114 200 171 154 93 150 32 20 82 30 86 109 189 179 40 52 35 78 186 80 16 159 197 25 151 169 73 10 157 196 33 181 91 161 74 77 34 57 55 83 137 132 174 183 124 68 4 53 162 168 149 119 125 142 177 50 79 104 51 115 182 110 193 95 21 178 43 134 102 184 103 64 120 
96 151 101 109 163 148 12 25 62 167 131 61 60 26 143 149 125 97 142 177 133 191 18 145 51 87 17 110 190 189 11 66 134 192 29 75 52 104 117 98 90 10 115 92 120 169 178 95 123 21 196 91 128 47 111 200 152 147 50 43 114 69 194 94 193 48 76 31 78 174 14 38 28 166 146 42 165 160 161 44 124 141 74 144 86 85 37 136 40 132 68 122 168 80 102 67 24 13 
71 116 113 70 8 140 166 24 85 108 41 118 65 107 37 17 47 141 25 129 145 134 135 153 159 106 162 87 148 22 158 174 16 123 40 151 98 102 157 11 4 128 75 52 178 23 188 68 96 150 94 110 142 199 182 161 195 168 101 97 99 149 137 156 143 58 39 132 32 55 86 133 139 84 138 29 12 146 181 3 114 45 72 67 189 170 49 38 191 88 154 100 90 121 21 9 89 124 
77 69 41 65 133 136 75 21 104 59 54 43 168 74 189 195 9 115 116 51 166 180 144 150 99 156 62 197 14 107 44 163 199 162 8 137 13 177 181 161 153 87 90 172 93 17 149 57 139 141 126 128 121 165 28 78 100 109 84 151 124 176 97 113 58 134 38 64 132 194 29 19 50 7 67 10 173 61 36 40 46 60 42 71 155 142 193 31 96 49 5 188 105 81 159 56 154 32 35 101 2 182 178 187 95 191 140 169 6 66 
56 2 162 123 115 51 114 147 108 198 65 121 64 160 4 129 133 105 89 187 170 118 119 43 173 93 9 35 30 20 23 146 78 112 184 124 17 132 85 137 152 151 192 175 69 7 10 130 29 94 141 163 182 134 106 103 157 66 125 38 77 61 16 34 90 145 113 6 122 13 142 5 50 62 63 84 71 76 128 136 165 3 60 183 116 168 54 140 18 98 48 24 171 176 179 180 67 185 149 158 150 28 189 104 
156 5 194 174 117 166 195 60 113 149 107 144 9 138 81 52 32 72 64 119 80 125 135 54 39 178 57 28 165 131 35 136 182 168 11 189 132 133 42 40 186 48 147 7 134 46 18 161 191 181 12 197 43 76 104 95 140 173 188 115 148 33 74 155 116 53 170 3 151 69 89 199 41 164 93 31 124 121 26 73 51 19 58 100 196 152 63 150 49 50 158 22 167 141 1 169 77 67 153 21 123 62 71 
39 65 194 180 160 133 185 22 74 56 178 170 125 168 177 104 63 130 151 183 58 162 43 152 23 182 4 17 101 121 103 115 72 33 86 154 34 71 3 76 55 191 51 184 53 97 6 73 52 143 135 15 7 96 165 158 118 189 31 150 29 42 193 200 40 127 176 1 5 141 108 92 9 100 136 137 25 198 11 59 124 147 70 67 89 91 
145 19 45 53 78 77 195 73 181 27 156 133 163 168 93 3 90 102 116 187 143 107 194 185 59 100 167 171 38 158 193 75 200 97 173 72 64 144 94 108 81 101 31 126 188 125 192 141 117 89 184 146 14 121 91 51 127 26 60 18 169 154 52 70 30 6 176 162 42 47 140 123 166 198 177 57 22 118 25 37 142 5 175 23 149 40 76 199 155 43 98 41 106 109 20 
48 91 130 183 143 8 139 79 149 115 29 192 176 4 150 117 190 35 185 171 133 99 116 174 70 111 75 21 12 158 59 53 42 60 148 106 164 22 30 152 105 146 144 154 38 6 102 72 24 95 167 71 76 56 177 97 39 128 189 93 50 77 191 159 20 49 89 135 166 151 82 88 45 10 196 54 3 141 160 81 17 118 119 108 68 34 
27 152 9 153 177 78 179 70 87 68 93 80 120 72 10 119 59 189 99 194 61 71 123 54 175 103 185 91 46 94 159 55 41 56 12 126 98 191 114 163 140 52 92 14 5 169 198 184 82 187 95 157 132 20 162 115 136 66 193 173 45 186 130 86 151 97 167 110 199 63 183 74 160 11 25 149 6 60 81 1 111 135 164 37 100 39 171 16 3 150 23 43 
75 30 169 165 131 110 114 151 178 119 193 146 148 122 145 101 51 192 4 137 185 37 102 87 3 116 34 42 147 15 174 172 38 195 43 53 80 160 5 39 197 142 130 182 54 177 13 40 164 134 121 74 7 189 128 88 1 92 23 91 72 168 20 66 65 184 76 120 149 79 48 90 9 115 140 125 112 45 29 83 6 198 170 33 55 161 136 179 188 25 199 19 127 28 143 52 141 12 2 171 187 166 
102 24 123 199 126 81 196 90 1 110 106 129 13 98 2 169 15 101 194 38 174 31 133 162 96 150 145 172 157 139 88 49 138 152 173 45 50 48 195 51 186 128 32 159 108 132 78 104 58 122 116 130 163 120 82 97 178 127 185 111 62 166 43 44 180 103 165 5 37 11 84 105 18 117 59 153 34 134 85 74 20 63 197 155 156 144 87 181 175 115 35 187 148 61 160 192 80 124 28 26 146 143 47 
27 31 179 29 58 5 176 145 72 99 198 95 82 128 98 23 15 100 77 32 55 185 94 158 68 163 24 200 18 42 16 141 184 151 40 148 108 93 56 155 51 131 112 17 41 143 137 33 195 50 65 199 8 129 34 64 103 78 101 157 61 96 6 126 12 35 36 167 79 88 19 26 164 89 180 121 116 45 3 97 146 105 66 48 159 168 119 178 118 136 177 191 4 123 69 170 196 83 152 188 
105 64 97 13 121 153 10 190 196 2 74 131 68 163 37 184 164 36 32 38 56 90 122 115 170 140 102 193 3 92 160 143 129 113 87 59 89 26 144 110 8 123 46 191 28 109 151 23 47 158 91 141 11 112 22 49 65 116 58 138 176 171 111 1 174 9 167 127 199 155 50 67 107 117 161 135 182 16 84 63 86 71 39 69 133 40 54 62 100 27 
37 185 97 3 72 41 34 136 63 123 91 176 175 93 21 186 150 27 61 153 134 121 164 74 15 58 170 114 4 144 196 28 33 127 70 32 26 179 142 57 38 174 55 119 117 87 54 111 86 51 197 98 146 178 67 56 62 184 195 192 79 24 167 76 16 101 14 180 124 6 36 64 7 100 168 171 187 102 2 133 60 42 71 118 107 138 13 125 92 90 116 193 10 80 48 84 83 
107 28 113 37 121 175 189 10 159 52 128 43 20 110 36 115 116 195 15 27 63 67 165 190 148 6 140 12 122 92 54 170 157 62 149 124 198 81 118 185 177 172 166 77 154 178 89 97 55 143 130 153 134 184 91 101 137 181 7 158 65 88 18 131 99 25 90 14 127 39 17 136 173 168 58 24 117 33 40 180 87 196 167 100 96 71 193 74 132 73 194 146 72 8 135 51 21 44 162 50 119 123 163 
40 39 92 96 99 185 76 82 47 151 136 197 134 64 187 45 155 198 37 95 33 31 180 152 36 90 195 143 2 146 157 173 20 168 128 69 119 91 63 78 116 165 192 154 194 88 150 161 23 58 83 196 148 84 42 193 105 104 19 188 124 98 9 12 120 93 182 190 171 1 166 103 107 32 49 10 147 25 53 35 200 16 125 72 186 109 61 57 149 169 97 22 62 30 199 
194 32 49 173 195 9 17 101 44 91 48 81 47 52 39 147 29 7 8 171 23 67 199 186 135 37 63 160 159 184 132 137 189 10 187 65 45 129 149 102 116 181 138 50 75 182 79 73 109 124 139 59 18 72 60 192 84 141 41 90 97 142 144 15 24 74 163 154 108 196 155 114 92 43 30 54 161 14 113 93 64 179 167 82 127 66 89 99 36 169 5 104 158 175 200 62 110 190 185 
156 162 87 89 20 66 174 98 72 46 79 122 102 104 115 178 36 38 60 197 29 166 168 136 105 21 183 159 155 44 64 19 35 22 100 9 125 88 157 123 13 70 54 3 134 76 152 128 65 131 69 138 58 103 63 48 185 150 149 176 141 15 47 7 194 171 39 127 192 73 189 148 43 51 61 165 129 57 77 133 121 97 30 173 120 146 137 41 1 179 113 28 33 110 106 177 42 196 163 56 147 
94 163 146 127 53 92 50 72 175 125 73 20 34 114 7 165 76 135 159 52 17 99 129 107 6 71 22 132 195 49 59 142 152 45 102 37 149 48 151 82 169 1 95 145 61 106 118 43 39 44 105 68 188 134 148 101 176 174 156 23 161 41 155 67 81 55 192 4 170 21 62 140 42 193 93 187 85 144 70 190 51 64 40 200 84 103 29 31 15 198 5 
61 46 26 194 157 54 40 109 62 198 87 170 9 139 23 166 189 200 169 117 138 175 43 91 193 59 179 144 134 136 182 110 65 19 4 42 120 6 44 68 118 93 56 162 77 116 80 177 2 31 64 124 99 152 135 18 161 35 55 172 89 38 11 186 45 22 148 98 90 165 173 82 168 164 105 167 12 37 112 121 50 196 73 181 119 41 103 57 51 191 7 149 70 97 147 195 13 36 143 123 111 21 
172 145 50 138 18 130 174 183 37 98 41 53 155 45 44 116 110 81 103 144 54 181 134 26 12 188 182 7 164 35 180 66 59 60 5 131 78 25 175 163 8 86 178 43 69 168 65 135 167 113 157 179 9 83 151 132 198 2 85 148 91 152 95 143 68 82 161 16 105 171 52 56 89 32 100 11 176 185 119 136 169 128 48 114 27 121 189 118 146 3 99 96 30 10 36 141 150 40 31 153 92 76 1 75 49 20 140 126 14 
143 66 132 26 107 198 54 16 123 56 82 43 105 197 79 124 160 29 65 113 91 99 112 94 165 127 195 175 89 177 18 120 164 146 32 119 130 186 97 181 95 126 193 187 40 33 196 12 190 92 55 86 77 101 93 137 192 15 166 60 44 61 188 85 131 1 71 104 80 8 115 100 25 183 125 148 48 111 72 53 5 116 158 167 103 24 118 50 78 136 150 39 161 41 184 37 51 36 
59 20 19 27 189 187 120 46 105 144 165 28 79 88 14 101 197 162 147 118 74 92 95 86 54 90 7 104 100 57 148 111 91 113 81 96 2 80 192 115 103 180 188 196 68 132 166 15 160 9 190 84 45 200 108 73 63 41 159 122 179 141 36 34 37 193 85 70 114 24 129 181 13 75 61 87 4 29 184 116 131 51 71 138 11 191 135 112 177 183 98 194 89 156 143 42 153 169 93 176 149 137 
195 30 97 49 67 72 116 119 46 151 47 184 190 171 112 183 126 180 22 122 83 57 176 11 71 182 61 191 152 63 96 81 91 177 158 54 128 187 41 56 92 145 107 188 150 75 43 186 77 59 104 153 25 175 156 42 40 134 84 143 87 13 167 24 165 115 162 154 37 98 8 125 95 93 10 127 169 110 99 44 166 20 74 66 21 29 138 159 19 163 
114 163 88 193 170 14 147 56 8 177 102 136 181 135 82 184 179 127 192 191 182 123 121 72 198 126 124 76 130 148 81 85 161 112 94 133 174 149 152 35 113 65 128 111 30 165 34 171 97 84 137 36 154 3 95 141 54 26 61 66 164 52 13 6 87 96 22 153 58 140 195 51 80 166 18 24 5 199 42 155 23 110 90 57 146 2 83 63 138 75 178 186 20 173 
128 12 82 188 102 36 87 76 58 104 5 164 42 74 155 52 114 145 50 176 195 165 85 192 97 51 163 171 54 185 162 19 183 108 118 8 22 14 43 81 148 6 134 117 27 181 77 161 4 33 167 175 159 16 130 31 147 57 126 144 37 132 20 191 138 141 136 71 86 113 72 135 133 89 48 78 121 125 98 64 184 200 68 62 67 84 199 49 193 189 187 53 7 18 140 180 95 170 88 177 179 124 47 99 
89 100 52 55 87 194 29 99 82 152 151 183 130 6 163 159 176 59 68 153 44 8 58 84 119 175 95 3 197 108 36 123 157 73 19 179 11 53 188 33 20 138 122 141 168 174 126 190 70 105 43 162 200 12 150 83 1 38 51 98 74 106 191 42 50 16 26 166 118 167 24 97 145 135 193 107 5 180 39 116 72 172 165 88 169 133 91 67 13 155 143 109 63 140 177 28 77 
60 31 133 106 159 175 28 84 100 92 144 132 200 48 83 114 24 46 65 39 171 169 136 137 23 34 187 82 98 150 99 135 95 173 194 71 167 96 1 130 199 109 94 11 56 155 37 35 105 33 50 42 185 143 63 53 163 116 43 104 193 74 62 191 41 108 89 7 26 197 55 172 51 196 25 151 91 152 139 140 59 70 29 134 58 22 76 128 178 20 73 111 21 75 30 61 195 110 
149 49 75 21 30 159 106 87 58 98 60 36 28 51 121 123 100 22 115 150 170 124 116 134 175 43 15 176 112 165 45 118 155 95 108 164 54 80 163 25 135 188 48 190 166 31 94 29 81 136 145 139 122 102 9 40 64 19 18 198 32 90 88 182 167 46 83 71 47 84 200 85 39 34 17 78 4 169 23 66 61 195 6 73 27 62 141 154 114 126 125 189 172 93 162 96 53 173 113 183 120 117 10 7 44 3 41 24 
137 69 129 134 64 22 139 9 28 196 61 53 11 83 21 188 10 63 197 15 58 18 16 26 2 94 3 95 153 19 119 52 157 174 104 141 87 181 114 178 125 136 111 43 154 7 100 96 186 12 46 89 35 41 86 163 177 180 170 126 85 167 57 102 45 79 39 128 168 97 71 110 151 116 67 172 175 59 138 105 127 103 
87 197 47 16 104 169 180 76 199 99 112 144 194 145 58 21 186 40 66 45 182 122 101 125 143 157 177 17 93 25 18 4 139 135 96 7 128 113 138 59 190 103 195 37 36 95 64 146 131 106 110 168 153 189 10 155 26 176 13 24 126 148 149 23 38 196 52 42 198 119 35 141 53 78 108 30 160 27 90 178 124 54 181 14 120 171 100 72 179 167 43 74 3 65 115 158 163 175 57 188 165 91 88 
156 199 120 11 23 28 198 15 75 106 54 20 149 7 74 79 58 113 77 161 157 78 129 93 43 118 182 121 89 88 14 146 174 68 116 155 172 85 154 27 178 3 39 112 59 192 32 67 105 92 100 13 189 130 1 48 141 56 10 4 143 47 57 60 98 63 163 117 140 83 142 37 191 184 6 169 52 133 80 123 179 110 185 119 73 29 50 71 126 9 8 49 64 24 168 150 173 151 21 180 132 30 114 186 134 45 138 51 18 
162 56 154 167 95 80 91 28 181 57 172 106 38 128 119 148 177 61 50 75 67 73 58 97 190 129 55 113 101 151 123 121 196 200 112 59 179 139 36 125 94 26 37 163 199 29 176 102 10 11 107 182 124 164 157 103 31 183 66 30 98 155 27 22 20 45 165 62 135 25 143 99 130 198 2 127 117 111 76 65 116 197 140 64 71 92 47 52 142 70 17 133 158 51 171 192 15 188 150 63 90 194 32 184 13 134 
191 84 187 124 193 81 132 138 59 53 185 77 175 18 36 65 22 27 93 76 182 24 133 60 122 9 14 34 46 121 35 85 144 197 171 67 196 79 103 68 87 28 115 164 114 181 111 26 48 61 161 123 74 11 186 158 165 32 57 4 7 195 101 98 49 71 128 39 162 16 130 95 119 96 170 149 125 109 154 189 20 5 83 155 156 179 52 13 136 69 140 178 33 141 118 126 55 100 73 15 150 102 169 176 137 107 6 174 43 31 92 
100 127 55 35 154 9 19 12 179 66 57 37 68 153 18 87 107 130 6 169 155 27 67 8 102 104 48 28 30 110 134 106 129 86 17 52 97 98 125 126 178 45 186 39 29 42 143 170 76 182 77 141 117 114 144 44 59 122 23 137 172 78 109 200 160 26 123 11 133 193 111 180 7 34 140 40 36 50 90 161 14 113 13 171 69 168 88 70 119 181 72 139 175 159 157 75 189 4 108 120 81 176 199 105 94 25 196 145 32 96 15 93 158 61 38 
121 107 135 90 79 113 81 45 159 96 9 43 171 151 29 117 99 2 149 174 170 5 118 61 192 184 92 88 70 200 37 19 183 147 58 35 194 185 62 11 129 162 65 25 120 64 133 82 138 52 182 123 89 134 172 4 71 32 66 59 110 168 101 156 76 181 146 93 132 199 154 26 106 143 23 85 1 150 72 114 77 158 27 80 198 197 75 108 104 112 128 30 153 54 28 78 6 83 49 122 
184 90 119 25 85 75 198 41 185 122 1 116 82 74 71 49 96 19 51 175 79 93 27 130 28 98 121 176 77 156 108 5 18 163 16 148 172 125 178 106 53 88 38 46 65 144 63 190 177 162 155 15 146 153 195 43 87 44 10 40 7 139 105 158 60 137 154 76 58 136 164 17 31 67 196 168 39 68 24 62 57 6 171 72 69 37 29 94 66 117 104 56 97 167 159 115 120 128 142 193 126 20 197 47 199 135 173 133 111 
88 99 168 174 104 146 136 113 125 115 186 59 135 124 181 37 92 13 183 173 189 63 47 95 38 85 96 7 118 154 180 70 31 86 166 102 177 51 90 83 182 190 26 148 112 156 155 45 129 60 75 32 153 97 142 11 140 94 67 128 58 36 196 193 195 42 1 197 127 5 89 72 157 200 167 56 21 62 123 79 55 141 138 77 17 106 178 28 54 
140 151 73 68 79 162 190 172 182 24 129 37 54 21 97 57 88 119 86 177 76 53 126 75 145 6 149 143 52 127 77 34 15 100 179 171 9 130 178 46 85 169 175 101 41 165 157 174 107 19 25 98 153 187 123 163 197 99 10 108 62 122 134 192 168 167 136 117 4 67 40 26 199 194 173 191 196 170 5 124 89 152 84 70 184 48 125 39 45 103 32 3 
116 117 97 110 3 18 25 22 169 104 119 12 102 131 100 140 52 7 125 43 159 157 34 158 82 167 87 85 155 180 65 126 164 136 40 77 81 94 20 13 37 199 30 118 152 72 147 51 6 57 127 103 133 162 168 98 142 105 27 50 185 47 145 181 139 26 59 16 128 29 115 113 91 141 36 83 1 5 74 182 53 178 42 163 73 19 9 174 60 92 
143 114 162 128 199 24 11 87 157 142 109 93 94 121 66 195 197 113 120 67 170 176 158 193 156 126 1 118 61 13 198 148 76 122 56 44 19 140 135 34 174 55 57 40 125 16 152 88 194 173 153 8 131 104 70 146 129 132 29 25 119 171 68 177 137 21 145 166 100 110 10 62 139 80 138 164 6 83 45 79 188 32 81 59 155 117 53 108 163 37 27 74 86 180 181 5 4 169 42 101 116 50 84 71 69 
88 34 49 121 153 25 56 11 5 35 141 143 73 159 74 64 174 2 147 195 9 77 96 27 54 23 30 175 36 8 19 28 111 196 148 89 48 188 122 102 189 99 152 115 67 52 114 117 4 191 80 126 105 155 199 151 165 160 108 43 79 183 171 181 83 113 178 65 116 157 66 72 16 169 200 185 198 166 29 20 164 133 61 162 41 13 40 12 134 59 86 21 125 158 167 85 101 130 94 110 
52 27 147 180 125 77 133 168 176 158 194 156 126 28 58 150 92 37 111 200 31 64 183 48 160 23 20 11 22 59 7 9 34 18 81 195 26 71 151 70 139 14 36 179 121 61 6 76 155 41 135 144 117 189 12 109 73 60 3 161 167 164 13 112 84 184 90 110 115 187 188 19 54 96 30 35 45 196 159 87 105 122 143 118 171 15 97 94 153 124 88 170 120 107 193 132 148 191 8 78 127 79 46 103 182 33 40 
51 181 114 17 72 6 133 131 106 77 125 74 171 185 59 113 110 184 126 159 124 47 9 15 100 42 48 109 196 118 188 62 189 172 112 182 18 67 200 187 43 25 96 175 58 135 44 107 14 123 105 34 149 13 150 177 40 134 194 64 81 41 116 139 190 27 197 170 166 39 138 148 174 161 144 55 164 117 127 179 120 35 165 180 195 87 173 140 23 99 103 162 53 158 157 33 38 88 70 97 3 153 163 50 10 29 143 108 65 78 8 5 
164 140 166 7 14 141 37 116 183 45 174 6 112 30 118 95 58 76 126 90 61 52 189 143 39 81 66 169 152 136 194 72 24 130 120 47 114 42 181 35 131 55 168 13 148 18 197 137 134 87 167 8 113 77 107 146 34 198 29 82 124 74 117 135 54 171 78 36 106 153 16 27 69 62 38 121 179 15 122 150 49 195 199 75 155 48 98 73 
28 60 91 47 12 126 31 181 136 185 168 40 57 140 171 175 21 95 155 156 100 37 149 82 113 178 106 22 189 117 125 77 76 26 137 194 32 13 63 165 101 154 53 90 144 104 18 87 39 177 112 33 122 34 44 192 11 120 25 198 197 102 119 183 139 200 1 130 157 118 199 127 23 70 59 5 163 188 17 138 110 51 65 30 153 135 46 75 145 73 84 176 29 179 78 96 92 133 16 83 55 69 129 58 161 66 99 148 50 3 167 109 150 128 
18 62 90 163 115 54 124 66 108 200 134 125 158 53 22 28 93 109 191 187 60 192 68 87 74 121 114 196 135 169 180 148 41 43 107 141 30 23 101 20 104 181 106 112 199 179 17 2 69 81 4 162 14 195 130 198 184 149 63 78 156 8 183 146 144 127 185 36 6 73 52 46 35 42 157 172 133 49 160 1 152 145 102 173 171 89 188 137 27 120 96 10 178 3 132 
92 164 129 177 14 63 4 17 96 41 159 134 122 168 171 36 67 160 167 29 20 138 135 190 21 194 7 147 127 30 45 32 33 100 93 28 178 173 141 22 161 109 46 174 131 197 123 192 110 77 12 152 111 16 172 89 106 113 148 145 189 85 179 187 40 11 6 50 72 184 99 121 146 79 80 196 150 74 70 116 143 84 139 199 95 151 61 105 108 71 69 144 107 64 154 188 163 1 49 2 82 26 
45 49 169 11 8 170 33 69 28 41 102 38 101 108 152 156 164 155 42 198 34 22 122 130 181 3 80 98 40 182 136 39 106 92 70 107 197 142 151 43 100 166 15 149 147 128 129 148 159 99 187 73 78 47 174 24 165 125 82 154 168 173 77 94 48 31 153 134 90 13 32 119 127 178 74 158 4 124 143 199 175 179 190 89 146 133 167 65 116 121 60 83 1 26 91 195 114 192 171 150 54 135 63 131 87 
46 112 116 5 157 135 133 39 168 22 94 141 174 156 95 138 79 1 190 177 37 60 139 132 21 105 38 125 35 153 102 41 11 20 196 107 65 150 93 199 81 76 114 34 14 83 33 106 51 127 184 151 149 23 87 134 53 179 104 121 113 54 40 197 73 152 159 45 13 36 7 143 52 24 128 193 61 67 71 200 144 145 26 19 161 98 96 192 10 175 91 183 44 62 2 186 66 137 146 63 
155 64 187 170 164 195 158 100 44 77 194 122 102 146 41 191 93 86 36 90 176 40 184 25 11 190 35 4 144 189 68 66 179 61 181 167 38 152 127 31 71 19 123 21 140 180 46 54 101 27 159 125 199 165 183 51 163 48 2 60 3 95 1 124 17 96 28 85 80 161 166 15 49 119 82 134 116 32 52 42 39 16 169 6 72 74 136 99 118 29 50 160 192 14 107 111 143 133 87 88 92 145 8 43 7 104 
175 149 76 180 137 84 57 29 63 168 55 59 161 12 200 11 197 157 1 142 126 106 130 171 64 62 67 124 190 75 135 58 81 143 183 123 45 114 128 15 192 193 199 48 89 174 102 122 40 26 109 195 198 117 25 100 36 17 115 13 177 112 42 16 98 176 188 37 158 136 186 88 138 54 80 160 87 162 22 72 146 9 93 179 119 3 46 30 151 150 96 191 91 187 51 
172 51 126 17 118 183 66 154 43 38 26 92 4 63 49 78 53 192 59 177 189 19 41 70 58 178 7 56 89 165 85 127 123 162 147 28 133 20 71 168 196 36 156 117 96 50 116 2 119 37 187 153 143 72 44 112 31 159 64 84 145 111 150 182 11 108 184 65 198 121 27 30 12 199 197 33 42 164 181 151 152 24 186 191 22 135 144 200 106 136 141 104 87 9 32 146 107 179 98 1 
19 191 81 72 91 140 9 118 108 160 123 89 37 34 2 100 75 117 124 125 41 53 95 161 87 13 63 55 197 129 189 170 84 121 177 126 179 27 60 68 133 173 106 138 109 73 134 45 155 180 44 46 7 49 163 25 67 8 52 152 47 136 11 199 36 79 58 157 174 98 96 88 154 64 144 21 194 148 4 24 28 114 22 23 196 135 12 92 85 86 
21 179 190 184 31 155 79 130 19 152 76 181 134 138 55 137 192 93 151 131 58 12 24 40 199 182 188 126 99 60 110 148 153 26 173 45 135 41 107 172 104 2 158 13 185 118 169 178 124 36 97 56 92 180 23 127 120 1 57 25 166 33 35 171 22 7 102 183 83 112 111 109 38 193 74 81 122 66 156 113 200 147 95 61 54 114 132 14 32 100 85 177 17 84 46 62 94 89 
137 134 78 107 67 15 119 127 73 52 44 178 148 146 37 165 121 70 182 153 161 192 38 164 195 6 39 133 11 21 159 76 13 4 124 25 113 116 120 188 181 28 131 175 41 115 66 40 59 89 65 81 105 170 34 117 26 24 106 103 8 62 85 97 51 56 150 5 79 125 152 145 168 122 143 69 126 112 91 2 183 3 132 147 20 156 179 88 110 50 118 12 104 157 61 138 27 169 196 71 166 22 60 154 193 
193 110 157 132 14 156 25 116 29 20 165 21 85 107 76 72 166 52 36 189 173 23 141 199 177 135 159 115 69 91 82 172 58 106 175 108 144 99 12 154 7 64 185 67 26 151 39 80 140 41 130 194 143 112 86 3 57 98 18 90 123 42 54 162 197 155 5 6 28 11 84 158 30 125 127 124 136 105 94 10 109 101 50 160 87 44 33 145 96 103 168 119 138 190 61 45 48 73 167 
85 79 55 103 29 41 20 148 175 1 83 163 50 143 183 71 86 198 97 156 64 81 2 136 165 18 73 181 192 70 63 39 69 139 7 152 37 17 132 150 58 12 174 33 114 194 99 109 25 154 59 158 145 124 193 74 43 61 92 115 164 177 116 122 167 54 153 53 11 94 26 187 100 138 170 155 130 91 49 107 95 161 30 126 178 111 182 118 87 45 32 93 102 188 131 105 196 9 5 104 117 44 195 169 90 89 106 184 119 135 185 
151 174 97 189 105 25 38 188 98 75 12 73 125 56 27 90 91 22 191 194 100 133 35 145 130 34 187 168 21 41 60 134 101 154 192 182 49 193 113 195 196 80 198 40 58 117 14 45 43 47 153 76 164 10 81 179 178 87 131 64 50 7 183 157 65 110 112 107 166 11 132 13 23 138 93 42 62 78 139 69 129 72 70 143 9 83 116 52 177 200 184 32 46 109 121 150 173 77 190 
42 152 73 155 187 40 71 31 127 164 29 198 121 83 174 183 142 8 188 197 109 28 43 59 79 100 107 191 55 192 160 101 16 149 99 126 49 45 150 178 115 27 80 3 168 62 90 122 139 7 106 163 47 189 179 186 76 156 110 9 92 132 34 185 21 35 77 108 144 10 104 102 72 97 194 103 123 170 20 165 17 175 138 89 
143 162 42 56 144 99 49 73 123 102 38 158 177 11 92 189 65 1 67 20 146 153 108 115 106 7 55 91 193 183 145 125 194 66 29 9 8 136 168 170 70 190 135 130 24 126 105 133 109 13 148 132 124 77 184 178 164 53 74 104 21 64 57 43 186 84 120 160 199 54 156 26 119 98 80 129 96 138 94 152 12 196 83 150 45 3 
116 161 121 22 54 35 44 131 138 196 174 64 51 46 128 17 105 103 57 14 155 95 81 157 16 120 2 188 159 10 144 179 31 190 150 192 69 86 194 26 78 200 112 123 168 77 74 61 52 7 80 43 56 110 15 41 187 79 66 109 117 136 71 47 145 36 111 28 184 72 139 114 191 162 142 134 49 186 151 198 27 93 172 94 3 193 147 171 67 87 97 164 182 
12 23 89 87 13 56 75 113 133 197 17 200 73 14 142 185 143 184 194 123 58 188 79 42 169 16 187 109 119 176 192 122 98 41 110 61 177 11 150 94 160 70 132 78 31 45 138 149 102 153 129 27 30 128 66 180 151 144 22 74 49 181 141 182 137 37 199 101 196 90 72 36 106 136 64 1 97 121 93 83 21 76 191 111 51 162 145 38 146 84 114 68 99 158 34 193 171 10 80 92 59 40 44 148 157 32 174 
167 70 125 71 163 26 98 136 53 116 115 194 35 119 122 150 67 188 25 157 191 46 92 195 130 65 4 123 14 44 52 114 20 88 48 33 146 158 141 13 118 78 45 174 112 75 73 27 15 34 132 16 91 39 162 190 5 43 81 68 164 196 62 60 142 145 3 76 50 124 22 128 156 30 181 105 2 155 153 61 32 56 90 17 166 10 168 18 89 74 101 7 24 139 99 111 59 23 
142 80 71 81 62 132 157 173 72 65 41 57 143 15 119 36 54 150 51 164 100 194 116 88 53 40 82 129 31 155 27 137 133 48 79 13 14 199 84 37 28 23 96 69 99 154 107 42 174 131 76 47 68 140 97 35 135 4 169 67 83 186 8 55 200 64 105 113 25 115 139 192 103 112 188 66 172 124 179 26 144 141 74 145 122 50 184 121 176 58 91 7 183 191 
14 160 109 22 106 133 175 191 192 129 151 121 66 69 108 120 199 91 48 39 136 78 148 181 127 13 63 197 182 71 163 161 52 83 45 196 177 6 113 36 50 57 168 85 9 99 135 42 164 134 154 122 70 34 119 35 31 40 126 1 97 53 128 11 194 156 56 111 179 190 77 165 17 8 132 186 5 130 23 55 49 25 21 198 188 103 157 112 19 200 140 95 4 92 149 158 59 93 18 73 32 170 184 101 72 159 75 173 137 87 94 143 7 
53 120 98 126 71 194 199 188 45 36 60 74 162 29 132 88 123 67 186 15 37 151 140 92 157 9 11 6 62 134 150 16 131 185 83 142 76 86 144 177 113 77 25 40 97 129 195 176 128 32 161 103 18 3 33 85 54 197 146 106 189 44 102 164 91 192 172 165 46 181 135 47 183 174 180 193 184 196 10 187 163 95 31 125 41 155 43 72 7 110 116 101 149 
124 47 13 167 160 180 86 24 144 53 34 42 63 36 185 92 165 121 18 104 64 54 140 118 67 169 22 188 27 68 49 82 172 112 133 175 88 129 183 131 39 113 93 51 75 79 122 33 182 12 130 26 198 9 200 128 196 15 43 72 163 149 178 114 126 41 65 29 148 166 109 4 44 145 123 125 194 116 14 60 152 5 150 134 80 73 193 71 45 16 58 192 106 146 179 107 
87 163 20 106 175 157 43 160 54 114 15 190 28 11 153 91 186 124 86 53 140 198 6 75 46 200 137 40 96 23 151 159 67 165 59 103 42 105 85 184 171 70 92 44 125 176 99 102 32 93 51 158 101 161 68 1 26 182 80 12 90 112 47 69 172 97 50 174 191 169 83 16 129 144 133 52 149 95 138 196 111 56 134 109 131 8 192 57 107 48 35 74 113 117 89 45 34 132 13 30 147 
30 106 8 101 167 71 109 96 86 173 112 57 130 74 93 183 181 104 166 125 72 40 12 164 127 150 55 9 121 80 37 193 118 169 64 34 61 154 117 129 91 90 200 188 19 103 162 82 196 159 124 87 149 95 148 175 24 177 116 151 52 137 145 157 17 135 89 152 11 146 44 70 195 54 20 4 139 114 97 98 43 39 187 172 94 160 156 119 53 51 84 194 105 3 29 174 178 15 67 113 
47 130 68 46 91 1 73 136 189 49 4 93 179 81 89 50 26 106 63 172 16 193 76 187 42 170 180 97 125 103 108 111 116 70 104 83 191 90 121 100 113 98 183 138 199 186 160 115 44 192 58 128 157 51 99 30 87 94 18 129 64 8 102 117 38 22 127 66 151 20 140 175 31 45 96 56 25 71 101 137 62 112 164 154 146 40 162 105 148 109 195 
125 83 31 154 167 77 108 162 85 41 147 124 100 168 131 73 158 65 106 57 130 19 50 69 141 93 142 175 146 99 76 172 156 86 122 81 150 116 40 196 155 95 174 87 127 137 67 8 71 148 102 160 59 189 37 135 13 30 115 166 44 18 182 177 185 164 60 56 49 78 82 92 17 6 173 22 94 178 5 1 7 28 179 190 33 163 105 159 165 152 3 68 139 70 170 183 9 
85 175 137 173 133 94 190 5 100 55 156 112 163 15 146 192 184 52 106 42 32 123 177 44 166 31 64 13 19 37 113 194 144 150 121 167 172 130 99 1 84 92 23 60 161 198 49 115 159 196 171 63 101 119 53 34 66 108 4 142 72 6 11 189 136 16 197 98 79 104 185 33 27 48 58 8 118 169 182 17 73 152 145 2 25 149 195 131 67 157 147 83 181 178 80 70 62 124 91 29 128 43 51 
59 152 4 109 181 19 76 155 29 199 30 27 91 180 53 57 117 194 178 97 45 167 192 145 73 185 54 95 48 196 94 179 135 162 134 112 166 111 7 141 33 161 1 99 85 28 17 35 90 24 106 56 131 172 34 198 20 87 123 182 78 89 98 65 175 195 6 197 149 150 153 44 177 25 171 132 36 191 16 168 186 139 3 143 189 137 193 5 80 8 
178 24 164 200 172 80 3 1 157 79 108 184 127 111 44 190 140 194 29 89 46 124 160 182 49 187 50 105 81 125 32 67 95 91 35 143 173 161 18 142 115 141 168 6 151 69 169 156 144 73 75 57 5 155 66 102 36 199 63 99 68 48 170 183 88 90 37 42 128 38 4 137 40 71 158 179 87 85 177 119 109 54 198 8 118 58 33 148 74 133 22 181 77 20 195 84 192 138 
60 113 197 196 33 12 22 49 191 34 176 190 100 36 127 121 61 192 37 69 92 51 178 172 170 179 81 6 181 159 182 31 47 42 118 25 167 185 73 116 104 189 24 134 129 157 65 188 19 106 93 63 117 83 198 107 126 163 130 94 4 62 10 124 146 98 56 165 140 122 11 54 120 139 156 102 71 97 35 27 158 137 21 88 78 114 184 91 89 32 87 95 174 101 
62 155 178 33 31 64 74 117 75 143 122 66 113 166 81 108 142 44 97 38 191 120 90 153 45 83 140 63 195 30 116 114 184 111 34 132 29 87 129 144 123 95 145 46 77 59 12 65 19 158 50 147 160 200 193 48 37 27 105 80 182 86 154 127 165 187 61 112 9 168 40 56 5 179 82 172 101 135 10 138 197 151 134 119 136 181 199 2 42 103 141 150 107 106 194 99 167 190 148 186 47 157 
102 103 192 179 91 5 155 186 197 116 119 99 133 104 77 17 29 2 168 97 171 65 148 178 88 8 156 110 85 107 151 66 135 75 105 9 120 21 96 136 152 154 190 164 181 46 106 59 14 34 117 101 100 134 139 122 1 78 160 173 10 47 43 180 49 158 31 146 50 163 141 184 162 108 22 140 182 150 196 3 143 80 198 94 147 132 113 76 38 30 188 125 70 62 165 144 
84 53 168 116 120 23 103 147 51 74 26 62 171 32 173 19 38 114 9 34 124 192 129 155 146 174 57 77 31 54 52 55 180 94 97 162 85 107 22 125 58 17 193 61 60 170 130 28 167 78 11 6 175 136 43 109 112 89 35 142 37 59 177 83 18 96 42 189 80 67 88 91 131 176 186 65 139 138 70 133 79 2 7 127 48 149 128 45 200 143 82 71 33 21 66 126 144 49 183 39 141 169 90 10 118 98 
158 155 10 136 144 43 165 185 44 64 23 39 139 40 50 26 31 75 91 18 189 184 97 83 137 34 200 1 6 119 46 149 127 120 166 153 145 195 92 37 87 182 62 20 183 177 35 76 176 5 103 2 84 4 180 193 16 112 181 159 51 7 178 49 143 197 89 131 116 108 174 123 33 168 60 134 196 148 24 19 122 98 45 156 135 199 111 59 73 95 52 167 105 124 147 125 47 86 175 115 157 142 72 164 114 
118 38 193 61 88 155 142 187 78 16 108 184 96 104 117 114 168 55 84 3 194 191 21 125 66 161 56 192 138 107 98 133 62 63 115 152 198 196 29 116 28 185 13 4 147 148 71 189 31 111 93 127 60 143 35 186 183 126 157 44 12 2 82 99 79 20 190 105 174 25 72 123 15 68 128 47 36 102 167 135 90 92 46 83 130 163 57 1 176 40 77 87 7 162 164 26 136 149 64 95 14 34 50 103 23 200 30 132 10 
23 18 91 57 1 72 28 158 55 21 9 168 7 89 66 97 79 132 43 22 182 139 2 200 83 122 191 126 96 127 133 31 157 110 194 137 4 53 33 171 148 196 59 85 145 197 115 176 46 78 153 119 184 51 67 104 65 161 87 114 41 54 77 19 45 143 44 174 144 109 10 93 192 181 129 25 164 142 37 108 12 185 101 68 163 179 71 178 82 150 120 39 24 99 100 177 11 3 131 156 146 187 15 123 
41 75 197 48 24 67 2 79 135 108 127 78 120 137 92 18 9 136 173 158 192 31 140 87 172 86 101 65 100 190 57 58 167 17 16 93 193 54 28 176 82 178 133 36 69 166 22 29 186 131 90 23 77 194 72 8 39 110 162 156 123 15 157 3 25 159 145 5 148 150 62 1 126 21 142 74 81 4 66 32 195 152 105 84 64 196 183 165 94 35 30 83 60 88 175 73 164 14 
17 158 59 31 69 185 30 140 147 113 196 80 96 56 135 110 76 178 97 75 184 114 152 94 143 109 183 48 170 91 81 84 107 21 136 103 193 192 24 25 32 46 68 106 72 101 160 88 41 8 57 125 121 144 191 127 18 155 182 54 42 148 61 132 77 171 66 197 190 9 74 22 40 89 62 154 133 5 71 29 180 177 63 186 138 27 128 181 2 139 14 51 119 199 129 23 167 195 120 134 161 95 44 122 188 36 
63 7 182 98 164 115 132 116 104 11 58 189 2 180 173 113 121 178 24 17 106 76 165 147 56 99 77 195 172 5 193 12 40 49 97 117 176 124 152 59 13 3 78 39 109 135 30 79 133 15 171 168 159 42 55 44 74 45 108 22 194 111 8 131 31 1 43 154 91 89 66 119 123 32 114 140 102 143 25 20 130 146 90 197 120 60 170 191 134 70 80 160 169 148 67 16 96 28 27 71 84 129 155 37 149 179 174 4 
66 117 156 146 189 108 3 149 136 145 71 165 179 82 180 110 135 45 133 58 188 182 81 115 43 1 84 49 177 50 142 137 41 122 33 63 191 158 157 69 27 38 161 46 183 130 124 12 106 4 148 140 141 48 57 155 114 160 37 65 74 78 129 120 87 153 2 170 121 92 100 15 111 167 86 195 166 96 17 80 6 99 168 131 9 91 178 51 70 36 169 20 10 30 79 143 
141 127 172 163 198 77 158 131 134 31 160 17 32 140 89 30 66 162 133 74 59 42 39 139 116 84 6 63 37 2 156 38 171 157 70 182 41 98 9 153 130 159 179 58 54 27 85 195 103 29 167 1 56 35 62 78 197 112 88 99 97 11 155 82 192 109 181 13 80 46 8 151 144 36 92 152 111 122 3 115 34 75 168 114 184 102 180 126 33 108 83 196 120 100 185 53 150 175 24 20 101 96 117 16 193 200 190 
189 89 130 119 169 65 90 58 69 148 39 37 116 43 60 46 23 79 185 73 95 177 11 50 36 166 51 139 111 137 165 10 158 105 115 61 186 129 86 178 33 118 101 192 55 59 38 103 184 52 78 97 134 9 7 42 160 143 145 200 77 94 56 161 141 6 125 14 108 156 127 155 109 176 199 133 54 62 32 154 112 29 151 92 146 87 19 172 24 173 44 5 31 20 123 93 45 195 152 197 
82 186 155 170 183 22 90 73 148 86 125 175 52 34 117 68 48 98 19 3 63 85 87 187 184 151 159 147 30 77 38 109 28 84 33 142 105 135 92 169 133 78 93 195 128 45 23 182 124 51 192 17 14 120 174 26 7 66 115 153 88 16 95 167 43 46 112 191 96 198 32 21 172 15 106 144 100 79 161 64 168 126 11 130 180 35 67 74 70 25 41 24 152 47 156 171 71 10 9 101 20 114 75 
78 82 32 155 188 142 88 191 112 7 182 159 17 22 147 152 146 19 41 62 67 20 178 29 9 10 153 45 28 3 34 115 168 119 40 186 65 128 69 43 53 1 37 35 103 124 107 84 122 89 101 109 61 160 183 104 133 158 154 121 36 127 192 93 167 60 140 137 170 161 95 72 42 87 58 116 172 81 12 174 71 47 106 4 171 48 138 57 190 176 136 141 31 75 156 24 118 26 131 79 97 15 
89 125 136 39 27 107 129 179 65 47 25 112 83 131 2 142 90 130 133 95 194 138 7 11 154 69 110 3 116 115 165 81 197 56 187 101 119 94 66 152 36 80 157 169 186 59 193 17 144 74 30 86 8 171 41 68 104 93 141 16 57 85 34 146 137 122 140 121 35 170 10 23 82 200 73 44 151 24 178 72 63 77 198 29 188 32 183 71 46 159 54 50 120 52 20 79 28 
80 171 1 36 31 178 43 10 128 124 81 110 131 197 39 105 38 21 152 151 57 68 54 184 136 56 35 173 123 155 168 49 140 2 125 129 146 132 165 169 160 13 62 159 30 91 26 15 94 113 157 4 119 121 185 14 150 130 134 189 7 95 11 37 40 200 20 66 22 60 196 97 52 135 84 67 195 90 147 139 177 154 111 17 48 104 59 63 103 47 6 137 106 170 42 73 126 79 23 186 120 86 175 163 29 
96 146 119 44 47 18 199 145 200 125 86 55 135 169 27 91 39 10 136 54 162 122 5 109 85 98 50 196 25 15 19 49 68 92 71 138 90 9 164 65 103 126 99 165 152 161 42 20 175 194 57 31 111 181 141 186 23 77 30 11 6 143 74 137 75 117 79 144 185 84 178 2 197 72 118 191 184 140 59 78 22 41 105 81 97 113 154 67 14 168 95 
54 79 170 19 171 57 166 68 41 33 172 25 2 162 181 112 16 43 60 55 38 168 58 7 194 139 132 27 63 59 161 143 167 111 173 138 37 15 190 46 128 176 145 22 8 10 129 80 69 26 154 9 124 191 42 125 144 136 134 103 137 120 149 50 189 195 18 133 117 93 83 84 48 119 160 86 118 21 185 199 106 77 163 75 95 89 152 5 66 34 130 71 4 104 
77 133 68 108 158 125 189 47 98 107 176 4 188 14 139 20 74 12 88 96 195 182 38 109 145 149 101 113 65 173 148 39 42 146 102 86 5 78 110 8 159 138 19 136 132 92 64 29 79 85 89 30 6 129 51 7 143 2 179 27 17 170 66 181 194 48 124 126 140 168 28 190 100 117 130 26 41 95 156 174 52 119 70 131 87 75 73 147 24 31 
55 126 197 30 31 200 110 122 108 146 58 119 6 180 90 48 163 162 123 150 14 19 185 7 191 164 43 124 175 196 140 63 59 93 133 78 114 155 176 9 76 8 183 68 138 165 79 32 121 69 84 4 46 26 89 38 131 195 5 198 194 36 102 100 25 130 54 105 66 147 132 61 109 111 143 64 145 179 144 13 135 184 12 39 45 44 11 24 156 141 148 3 86 81 49 99 2 34 117 152 98 127 161 193 128 
35 173 78 89 72 91 140 101 190 50 31 79 107 77 192 119 161 114 143 45 160 135 113 97 86 58 43 151 187 200 27 108 24 112 11 138 176 19 20 116 38 199 131 129 120 5 163 134 165 67 26 167 166 21 152 29 104 169 28 96 56 147 51 178 157 122 48 133 40 73 185 30 83 64 16 52 159 69 154 109 117 136 168 142 65 12 70 172 36 183 88 195 80 100 124 182 85 121 66 
163 169 107 79 64 166 68 85 10 60 157 45 27 54 146 141 36 61 82 185 66 179 128 187 100 62 102 35 94 57 76 174 115 81 93 86 176 78 41 75 198 142 121 175 195 43 136 39 114 26 46 53 77 58 55 44 19 71 37 56 149 153 168 200 65 52 97 173 69 154 3 40 134 189 98 7 80 172 16 2 74 148 197 150 152 162 12 84 108 15 92 196 
24 172 65 66 35 163 180 117 3 21 191 22 63 155 23 30 15 4 149 152 85 136 121 142 138 47 179 168 169 151 178 113 57 43 147 199 126 89 99 144 41 11 64 146 182 53 68 87 55 59 122 56 162 52 1 195 156 13 196 6 84 103 73 44 42 67 105 158 86 165 159 125 92 143 127 106 76 139 10 120 192 32 177 27 98 186 61 137 58 157 51 77 
61 56 81 57 154 111 89 171 95 83 45 166 14 50 138 69 127 80 20 62 144 118 6 55 85 93 19 36 141 190 151 16 134 10 124 96 49 3 128 182 150 105 113 191 133 183 174 47 163 15 31 170 74 91 25 37 143 106 187 152 90 160 161 131 68 103 158 79 44 147 88 35 173 132 197 65 86 94 142 121 136 12 125 43 184 155 122 104 149 181 39 52 34 179 159 
70 60 128 140 68 62 176 104 168 21 187 170 172 69 159 96 67 179 97 160 42 8 161 78 171 63 166 125 65 74 141 142 191 77 11 103 52 122 3 36 51 132 148 130 54 154 79 143 9 129 98 49 189 116 25 24 200 15 95 139 1 101 180 71 93 92 35 118 146 186 90 2 112 145 121 76 192 28 43 7 87 66 124 55 82 135 184 190 163 56 195 164 174 153 83 185 193 105 
171 181 178 50 10 153 155 193 6 75 170 177 51 2 70 126 124 63 18 164 68 147 32 119 4 39 115 44 176 163 65 160 198 196 92 43 38 175 49 189 195 64 125 28 3 48 172 156 180 146 90 7 128 91 56 19 29 26 194 52 17 36 141 118 23 121 111 165 145 157 197 183 99 25 113 138 5 33 71 8 94 40 104 100 21 136 54 148 67 86 103 9 161 
136 16 19 197 117 137 134 115 100 96 5 198 144 164 179 180 142 177 94 28 36 38 148 31 122 74 56 124 120 63 143 83 118 123 110 104 66 155 184 17 178 79 153 156 150 131 125 33 160 128 195 146 162 147 163 89 138 192 93 108 42 6 196 71 50 41 45 188 158 165 194 132 85 102 43 77 21 173 175 70 95 72 113 22 2 51 119 190 130 88 101 61 30 174 176 82 59 193 9 
95 176 167 198 20 146 52 155 41 99 7 163 126 96 171 98 180 162 127 122 195 32 183 129 113 179 173 28 39 37 191 194 134 145 137 130 78 125 31 120 124 184 33 54 1 18 135 40 74 88 63 87 188 143 131 196 97 65 193 156 187 102 136 182 44 197 147 185 119 67 64 105 186 150 77 21 55 60 46 70 76 30 61 79 72 51 114 115 140 12 109 73 158 123 81 151 161 138 160 58 82 85 200 53 
63 75 198 39 11 50 103 73 43 175 124 195 21 144 193 120 153 110 48 116 12 147 3 155 188 107 86 76 143 74 108 34 40 163 127 77 138 6 29 156 84 31 81 197 186 132 164 71 37 58 129 64 194 10 135 25 30 165 146 49 112 52 56 93 200 139 114 79 171 115 148 41 111 196 191 177 137 105 101 168 33 44 92 78 141 170 145 118 180 46 162 26 23 54 13 100 149 199 140 122 67 53 185 182 85 
12 93 84 106 190 128 55 63 29 131 71 66 77 33 97 89 133 165 17 158 178 188 10 72 171 4 87 90 173 191 116 154 147 113 76 36 88 126 2 170 25 182 105 144 184 57 166 194 70 40 50 157 140 92 150 44 162 115 161 125 112 52 22 31 200 8 78 27 104 18 189 62 159 60 127 119 146 58 156 38 34 120 9 49 195 43 137 95 85 152 179 192 37 94 186 183 199 53 42 132 196 
13 18 60 14 173 65 51 148 23 124 55 154 48 26 165 11 98 163 142 193 12 93 73 17 157 97 176 188 131 200 96 19 95 134 6 159 89 129 80 191 94 158 185 79 177 169 99 117 180 8 136 7 64 42 83 186 168 196 45 90 16 125 21 174 184 50 9 110 152 172 199 37 111 164 141 31 46 112 179 161 140 32 69 113 116 68 171 127 30 195 2 120 72 81 166 114 39 88 66 106 
65 132 140 76 48 117 35 157 123 13 22 152 183 61 195 185 32 89 144 88 30 197 98 18 11 86 52 87 109 155 78 84 115 134 145 198 23 50 162 66 158 174 171 99 41 176 146 120 4 70 153 128 95 181 149 67 72 19 96 126 165 40 29 57 173 105 188 177 79 194 191 93 85 129 139 21 56 16 114 53 15 31 64 80 169 28 168 73 10 148 20 161 12 49 24 36 37 58 141 75 45 137 25 113 59 38 5 
78 130 13 7 184 178 139 51 19 97 171 48 147 116 44 5 115 89 185 135 95 2 40 126 179 50 93 37 197 67 125 43 103 200 9 21 79 53 60 64 105 188 177 49 66 196 15 28 161 163 175 195 133 122 154 176 62 142 101 86 160 23 150 77 107 140 22 52 159 16 119 82 148 61 84 131 172 102 70 166 34 121 138 123 164 94 152 129 45 111 54 104 47 41 182 191 85 
29 12 49 134 186 53 155 31 89 63 61 163 111 72 156 15 153 62 145 135 23 46 121 187 132 149 108 127 30 128 102 164 40 178 113 143 27 140 78 1 151 172 54 48 34 101 2 59 200 84 195 51 171 123 154 136 35 20 196 183 184 144 158 170 28 87 98 37 129 44 10 83 120 119 76 64 81 122 180 66 141 110 14 22 4 42 52 6 109 16 96 
114 165 83 60 155 2 93 13 103 65 182 118 61 43 66 35 151 18 98 134 81 140 126 190 184 47 45 29 86 59 48 139 102 104 192 144 8 1 152 90 158 30 41 173 23 69 22 127 57 141 157 32 110 40 99 174 145 54 38 42 147 64 130 153 92 20 191 180 96 166 6 111 100 171 121 85 136 12 156 71 73 28 188 124 105 24 3 88 39 183 16 112 74 117 123 17 72 101 186 200 78 49 
95 91 123 45 133 128 4 137 105 124 37 200 111 93 171 43 155 26 100 52 9 114 159 24 168 39 53 74 55 99 177 141 136 30 7 118 40 178 146 8 87 84 131 19 121 75 169 112 194 163 97 1 176 88 140 186 70 132 2 192 125 6 90 17 18 44 187 85 63 54 116 184 86 135 92 69 185 149 51 94 130 157 107 102 113 64 31 115 49 195 28 160 
37 40 188 187 117 14 21 177 42 76 184 15 110 34 26 178 50 180 22 132 105 33 154 168 71 158 62 159 93 61 199 157 73 138 118 182 67 109 127 53 104 108 45 174 10 134 74 78 146 18 144 163 81 11 41 49 56 198 130 13 12 190 44 170 68 120 3 4 1 195 98 64 23 136 79 51 155 172 122 84 55 142 2 57 139 119 107 148 151 162 70 94 29 58 28 181 92 106 100 20 149 99 
57 173 108 164 196 183 169 166 31 148 140 84 44 56 68 49 5 112 47 111 155 109 63 200 26 105 107 21 19 167 9 142 72 4 147 51 99 7 18 32 121 86 187 189 90 85 88 92 156 118 194 163 168 42 190 45 66 43 181 59 170 37 76 117 80 12 71 195 60 104 39 154 127 23 64 73 184 101 175 98 94 192 191 113 180 53 54 126 141 176 50 178 160 35 74 144 177 95 
152 70 71 188 56 93 15 200 46 90 65 21 117 88 47 138 81 120 104 162 72 89 174 178 142 62 157 2 82 177 42 23 43 59 134 22 17 68 9 184 112 139 126 119 116 4 193 10 187 149 111 20 91 44 182 35 175 3 52 13 192 100 61 28 41 171 169 198 155 26 179 186 133 6 75 12 33 76 85 96 40 19 132 37 69 163 30 167 129 118 140 141 60 
39 174 150 30 97 41 1 136 188 184 53 6 93 76 140 57 78 24 104 55 66 128 59 172 51 164 142 42 193 13 162 72 108 84 98 120 170 179 19 47 141 60 190 192 194 25 105 149 109 33 81 14 62 102 111 65 187 11 100 173 23 189 73 110 186 133 83 103 175 9 152 160 3 46 167 87 34 119 64 77 112 12 131 8 88 138 94 10 37 80 52 63 113 197 69 134 166 28 22 143 115 
83 101 3 127 193 32 128 199 159 18 15 12 48 139 69 62 46 149 111 65 57 76 77 64 191 142 153 54 72 180 52 160 89 42 181 197 34 163 14 145 78 126 41 26 103 138 115 107 80 129 132 51 100 157 22 79 55 96 37 117 9 156 141 150 167 176 99 188 47 178 134 161 114 39 88 110 179 108 58 87 102 43 8 13 152 38 173 112 59 2 131 67 86 24 75 120 5 49 196 151 45 97 162 109 30 50 146 92 27 164 
51 54 50 35 200 100 91 165 60 180 144 75 125 169 17 131 183 5 87 181 135 29 19 30 45 132 90 176 40 89 66 175 15 68 152 32 154 64 104 153 117 48 61 101 49 168 119 192 107 114 116 179 149 146 173 62 134 147 38 69 43 42 95 97 182 74 84 53 63 193 151 112 137 103 145 37 2 3 195 11 20 34 39 1 164 76 110 150 143 52 47 122 33 188 198 196 197 123 
179 170 145 113 85 134 96 174 169 135 25 15 186 121 157 125 176 63 177 1 158 68 52 194 57 3 112 175 162 59 56 61 91 156 51 18 79 78 107 33 21 187 55 43 152 108 23 89 147 199 151 183 185 74 90 149 128 196 32 181 122 54 159 48 27 160 83 119 163 178 133 95 22 118 92 80 87 193 64 167 26 84 115 140 6 114 19 146 38 173 136 47 172 184 58 98 188 30 104 137 65 88 46 14 4 142 41 195 7 
5 111 170 11 76 106 183 143 161 118 175 164 191 148 18 149 127 29 12 16 147 165 36 72 154 166 48 7 10 24 57 104 54 23 49 125 120 129 109 177 192 60 150 32 39 89 195 187 190 130 167 124 71 108 134 160 152 33 155 20 79 172 34 171 116 46 97 146 19 189 83 42 194 153 9 75 38 140 45 70 41 87 102 1 179 199 44 92 139 26 98 142 81 110 114 100 180 74 58 186 
160 8 153 47 173 175 78 71 102 12 194 165 171 79 31 87 145 85 117 158 130 103 44 195 180 73 56 26 189 116 123 25 75 76 187 181 92 142 43 100 128 163 115 21 150 41 105 99 166 46 93 192 4 49 133 112 135 113 67 27 10 137 198 109 125 40 69 77 178 20 38 191 168 183 62 118 5 94 96 57 136 19 84 186 74 140 54 90 
69 195 165 183 189 121 76 138 17 111 134 117 142 129 96 155 87 42 140 153 66 100 143 93 45 168 16 199 186 80 120 164 14 188 104 97 63 156 99 132 178 40 95 154 179 147 180 35 89 94 60 152 136 184 79 19 119 55 200 12 149 5 50 196 33 103 67 74 109 34 176 141 192 175 29 43 30 102 3 191 112 78 23 135 194 53 54 57 2 47 36 65 158 84 41 128 72 18 81 173 
146 76 39 160 100 126 80 52 108 137 141 145 20 120 200 166 31 56 144 63 66 64 18 152 114 90 133 172 53 49 189 7 191 70 165 88 95 23 105 134 98 73 192 87 171 75 182 91 124 184 117 150 104 181 82 5 169 77 136 178 194 112 57 195 197 156 174 99 183 168 125 30 177 143 103 188 164 13 158 29 94 199 179 111 115 26 21 81 93 175 9 187 190 48 67 
23 2 100 178 182 31 164 86 148 36 29 92 130 121 146 183 195 13 167 111 171 89 118 168 153 77 104 120 71 135 75 140 1 19 196 51 192 64 82 17 197 141 67 143 170 12 108 3 133 27 10 103 69 142 175 55 109 134 65 4 151 139 7 11 58 114 42 174 188 63 160 30 40 116 8 152 157 184 123 73 90 162 155 72 187 49 125 9 173 113 44 93 149 74 161 126 136 102 85 177 68 176 159 66 34 138 150 25 194 
158 59 129 179 44 139 198 55 94 67 61 195 1 171 103 86 51 157 48 9 57 95 12 97 131 83 50 54 81 99 96 33 143 91 15 142 124 8 22 135 74 36 34 90 69 93 42 163 145 185 140 58 76 164 154 104 189 196 166 71 52 16 13 141 98 35 45 73 187 199 102 5 19 117 89 114 43 21 162 146 127 41 10 132 194 136 147 148 14 108 156 87 188 183 62 26 92 77 120 161 174 123 11 137 64 105 40 3 
112 138 11 1 180 75 195 108 144 136 53 147 59 13 27 186 163 105 37 193 173 185 165 40 156 150 86 23 38 52 10 171 22 63 85 70 5 82 50 119 36 132 92 32 162 9 64 124 196 96 106 116 12 170 62 84 77 152 140 178 123 41 121 93 58 131 76 44 26 115 74 47 19 151 29 118 43 102 187 128 34 135 18 130 88 125 55 57 8 127 111 56 28 137 183 100 157 126 67 24 146 154 95 
21 144 150 35 172 137 145 149 62 44 36 33 129 89 141 112 65 133 55 88 165 13 29 41 105 177 195 46 31 23 134 117 100 127 197 140 158 54 78 139 39 57 188 17 160 146 130 185 97 58 74 86 104 45 157 2 152 49 94 27 82 138 14 28 53 126 162 166 16 91 171 69 184 85 170 52 199 10 101 75 3 61 7 6 193 142 113 93 63 25 180 132 118 181 56 73 60 37 189 80 34 51 153 109 154 66 174 92 120 
130 79 168 42 144 94 91 48 20 26 129 71 162 198 38 5 98 158 110 69 86 165 57 45 170 164 33 138 101 147 161 1 30 118 192 99 160 183 29 54 179 3 22 24 17 133 127 180 156 103 92 47 14 53 74 34 188 28 12 18 85 111 66 150 36 62 171 89 175 11 154 132 88 37 65 6 121 107 119 102 200 194 59 2 61 115 105 23 106 13 124 120 81 60 9 145 134 87 46 172 70 72 112 8 108 131 100 185 
113 131 14 60 138 18 187 144 153 74 91 133 25 183 82 177 64 30 199 172 147 26 63 77 4 101 20 45 58 148 73 94 126 155 53 129 80 102 54 120 81 114 23 161 146 33 79 96 38 134 168 98 2 195 156 154 116 142 182 180 8 31 198 194 165 90 49 5 55 149 6 11 12 160 139 99 185 78 150 88 42 135 10 3 71 200 127 36 197 43 111 84 145 163 107 1 100 112 83 
98 103 19 134 125 87 185 189 191 156 188 33 117 111 105 194 174 56 132 83 79 158 135 165 22 108 13 25 187 177 34 104 157 110 199 160 4 195 155 64 26 35 65 67 182 38 10 6 142 77 92 28 21 85 29 153 172 176 60 62 49 42 44 148 71 58 162 52 130 66 124 149 137 121 39 69 46 171 197 196 113 136 70 159 1 32 150 63 107 112 31 101 99 68 200 102 3 54 123 40 161 141 89 140 
148 25 198 56 121 95 128 2 10 87 146 36 123 66 150 113 68 72 92 102 183 182 154 82 96 39 174 135 171 103 67 41 58 73 188 142 158 37 192 175 133 80 181 147 145 70 78 151 84 3 16 90 86 109 168 199 176 157 11 49 48 149 196 132 166 143 88 173 100 52 144 45 8 54 117 119 167 19 28 51 177 162 140 107 137 116 43 38 125 
180 119 190 35 144 130 5 113 147 139 141 73 124 52 10 15 95 101 59 116 194 133 17 179 18 186 6 62 114 85 76 36 172 105 176 184 134 43 103 196 42 123 84 53 127 112 98 77 83 117 91 200 100 151 104 189 177 181 191 132 93 129 145 11 168 182 86 163 34 40 47 178 118 79 74 3 29 94 165 109 115 49 175 46 173 99 193 48 128 54 27 198 187 135 41 13 171 122 148 75 23 138 12 33 120 92 162 21 65 
5 35 184 42 174 65 142 110 115 56 39 200 145 98 116 50 175 108 25 172 106 194 154 73 109 179 164 185 11 132 124 156 178 55 147 40 34 13 186 58 163 144 82 85 43 26 104 120 151 118 188 125 4 150 193 10 16 131 31 83 20 29 12 196 101 53 176 199 140 18 37 149 61 48 46 169 95 99 189 15 133 72 33 177 167 135 21 6 86 14 3 38 159 130 80 138 96 123 1 165 71 182 9 171 122 2 152 87 168 94 113 158 119 
25 182 111 172 98 121 68 46 175 81 115 97 151 83 168 117 141 144 169 73 163 174 49 179 22 5 171 129 87 11 125 165 170 145 6 105 91 18 7 75 71 185 40 90 195 89 109 15 48 132 99 128 88 161 124 192 72 9 184 10 27 122 139 130 123 127 188 164 138 199 85 60 187 173 8 190 186 137 57 183 135 41 94 12 106 149 133 108 45 70 1 198 107 80 
107 170 151 94 10 109 150 128 65 52 35 29 111 36 182 41 49 171 71 59 155 53 90 39 130 180 23 168 92 160 74 15 14 158 159 30 105 167 112 124 104 18 87 60 156 163 89 198 148 9 86 131 139 118 188 69 101 31 56 40 6 47 96 191 61 161 19 133 93 88 73 165 57 51 32 85 192 152 64 83 21 154 103 24 108 67 126 149 50 132 113 43 102 44 189 28 145 144 184 193 2 177 16 172 20 58 82 66 
160 75 164 194 81 155 116 122 143 165 159 139 43 186 156 97 147 121 119 141 85 199 59 71 99 187 126 108 142 42 140 86 107 62 180 149 55 90 77 111 88 70 39 162 25 153 69 9 104 29 101 58 163 68 34 168 61 134 131 92 87 73 21 27 169 181 51 28 3 36 45 19 76 188 114 113 193 137 16 102 161 56 154 145 95 31 177 83 184 1 118 15 135 178 136 148 54 22 196 11 172 65 195 198 189 167 52 157 13 
171 187 61 12 20 39 72 172 66 29 65 116 35 157 48 109 70 163 55 168 195 184 9 136 90 56 73 7 166 165 110 142 67 131 104 175 94 18 129 34 8 91 127 139 27 162 102 199 197 19 10 58 191 135 118 182 15 78 54 37 59 82 144 85 69 5 198 180 126 2 154 186 137 141 43 179 133 152 76 140 169 47 174 6 81 49 178 64 32 119 88 112 177 159 143 96 125 103 113 101 71 181 
137 86 125 26 152 169 79 193 162 98 188 69 131 61 81 22 133 30 196 179 84 153 113 116 87 120 33 24 166 16 128 110 171 94 109 163 58 53 55 59 101 72 64 90 167 27 18 127 126 184 199 190 168 103 7 99 75 139 132 106 15 177 192 60 46 20 19 200 148 197 39 114 112 29 111 57 56 187 80 49 149 93 5 107 175 40 96 134 78 121 9 182 44 71 45 1 12 23 10 6 104 100 186 165 2 135 76 178 
105 156 183 50 48 110 12 63 185 184 51 167 64 1 85 108 13 172 87 162 77 9 61 170 104 191 196 130 81 194 44 134 136 182 177 14 86 100 178 188 140 28 137 56 126 113 160 128 175 119 26 141 2 127 7 98 89 111 122 186 18 4 159 117 153 193 92 93 112 103 97 34 189 107 114 88 25 57 197 180 70 139 169 133 144 181 190 31 80 33 150 163 24 
160 26 10 169 6 20 54 53 16 50 66 121 146 168 89 106 93 27 94 62 132 41 115 137 63 138 56 186 143 31 52 116 97 139 104 49 74 179 182 24 7 34 28 90 117 71 9 176 174 187 79 103 144 109 200 13 45 110 91 80 198 29 133 170 69 19 163 165 51 113 140 96 78 157 122 85 92 46 177 18 3 30 83 191 86 57 188 64 76 199 4 55 88 33 156 23 172 111 162 39 128 
116 163 77 120 123 7 144 102 76 135 103 185 146 78 141 47 54 200 33 27 186 159 44 57 31 8 183 106 17 128 168 13 93 113 125 94 26 74 4 169 126 193 60 23 157 68 9 158 5 132 58 12 197 10 184 138 164 55 39 89 82 143 199 87 124 180 118 37 165 195 127 16 24 71 11 18 25 2 81 121 75 179 182 42 139 52 142 15 172 107 137 3 196 130 108 156 88 151 40 28 175 
57 58 137 60 125 68 41 81 169 157 86 108 155 30 12 132 44 90 91 69 112 78 136 170 154 61 143 53 117 40 172 29 190 64 16 72 75 126 147 104 19 51 197 156 111 175 95 162 56 100 131 17 106 173 138 11 5 37 188 82 166 8 54 22 36 52 7 4 151 67 141 3 194 177 42 129 165 73 32 26 13 135 71 70 24 114 158 10 85 35 14 139 124 76 66 128 198 134 80 
36 97 21 58 12 142 71 95 99 67 6 9 190 77 194 100 157 182 4 139 171 11 105 27 160 8 132 35 163 41 18 60 32 149 7 108 10 40 24 141 154 127 70 183 61 38 119 200 83 150 178 13 75 121 47 125 86 191 14 78 168 112 126 169 140 29 85 79 51 185 16 186 74 65 20 57 63 143 189 17 50 197 158 173 107 159 172 118 180 170 44 56 96 134 
127 141 108 178 107 184 36 86 154 124 166 63 89 165 32 153 29 123 19 173 126 47 12 197 167 14 57 78 33 200 98 5 13 50 189 20 146 116 49 171 114 130 119 160 134 106 64 99 182 156 168 105 53 26 196 69 115 9 27 179 81 169 96 177 56 35 135 95 91 68 82 48 183 131 97 143 125 3 128 92 61 24 181 59 158 16 55 164 117 104 58 101 76 28 102 62 7 80 145 100 93 17 132 6 66 
90 118 146 10 77 156 188 155 144 113 38 194 71 67 88 53 52 85 171 54 152 173 147 199 189 66 22 137 110 29 21 119 135 154 47 63 128 162 58 183 46 95 35 11 138 176 160 130 169 132 69 163 182 3 45 111 126 178 50 94 19 51 72 17 13 181 49 43 64 97 106 116 32 61 109 31 192 125 98 44 23 57 39 158 33 186 129 82 193 
79 191 16 78 6 102 158 96 100 166 46 160 38 93 197 56 117 183 101 193 195 133 194 40 106 151 86 98 74 137 54 167 67 23 136 121 32 135 141 164 37 80 152 41 144 43 64 173 182 153 25 105 65 14 66 109 62 162 24 85 45 122 186 11 189 175 61 156 73 118 108 188 143 44 57 3 42 163 15 170 33 10 4 178 128 145 187 139 99 174 8 126 155 130 134 114 179 115 150 92 
174 57 116 51 96 112 177 20 54 6 193 13 113 179 48 162 138 86 19 161 197 73 181 108 107 65 50 35 100 173 62 82 144 187 165 111 104 63 46 53 1 59 200 25 70 72 132 49 183 3 154 176 68 92 40 153 29 94 185 175 128 43 42 120 15 36 137 39 121 182 27 98 34 66 184 88 97 26 123 75 85 83 95 7 89 158 180 24 191 11 80 118 170 41 21 130 93 110 143 150 122 159 45 33 87 119 37 164 
133 26 169 144 86 131 40 88 104 15 161 125 95 74 173 138 136 114 69 45 10 153 172 141 97 158 130 147 78 150 66 91 68 157 13 42 4 3 143 193 187 51 170 57 80 19 118 84 90 11 46 154 119 196 122 65 55 174 137 54 63 61 94 31 81 195 111 159 44 163 113 191 64 96 165 177 103 127 134 7 98 188 162 149 185 83 49 152 58 110 32 184 178 107 148 181 27 112 192 72 
161 114 10 46 88 176 4 120 26 2 48 78 89 168 75 185 199 172 164 119 132 123 72 55 84 125 105 40 100 85 67 95 115 29 173 99 79 70 77 62 149 5 174 24 187 135 71 177 35 195 165 43 138 188 180 179 38 116 17 20 192 49 151 148 144 28 150 73 110 106 74 23 39 107 178 198 8 139 159 50 194 184 160 127 94 156 12 158 133 81 121 83 65 47 54 145 181 60 134 41 58 183 1 52 19 197 64 91 90 
152 178 191 135 3 177 63 66 59 98 154 13 90 175 30 50 96 157 116 83 168 23 51 48 21 65 114 197 136 159 141 164 107 91 20 86 127 10 52 95 199 72 118 115 77 156 139 108 94 112 179 42 43 69 129 14 15 32 111 57 133 74 153 121 85 1 143 7 119 2 84 131 150 44 49 130 200 41 195 138 60 80 149 187 183 39 103 12 71 194 88 193 45 25 92 55 16 155 171 151 
170 149 161 100 77 74 120 91 50 32 25 36 200 155 5 186 189 132 178 109 160 108 156 57 198 56 45 144 84 105 103 35 176 2 115 17 117 167 61 193 151 23 80 143 177 163 95 10 93 145 81 27 31 183 51 7 8 157 165 70 127 52 16 58 147 48 64 141 59 88 20 107 114 125 78 11 97 34 44 185 99 26 1 184 65 98 162 171 197 43 158 181 169 19 191 37 138 121 
16 154 128 176 100 124 83 157 85 1 86 31 136 98 117 111 96 109 50 93 55 153 108 120 152 76 94 2 112 194 102 144 6 77 9 129 17 163 78 71 12 173 179 30 68 143 151 148 95 170 137 59 138 19 177 132 174 171 21 18 62 127 51 56 131 125 3 25 159 74 178 181 65 4 105 185 5 122 196 80 39 60 135 92 43 110 147 69 14 79 186 166 
144 28 175 43 92 58 189 8 116 59 82 168 96 29 66 56 166 6 170 193 199 94 60 24 40 33 104 177 30 156 52 75 115 21 162 27 2 117 188 178 137 173 62 132 174 108 51 97 190 5 157 54 125 102 155 64 128 143 42 186 142 164 197 200 18 4 105 192 138 13 77 98 112 81 109 159 90 191 185 10 70 114 133 34 184 101 74 7 110 194 11 136 25 89 9 83 
71 17 52 156 50 49 189 107 159 139 10 102 116 113 26 193 47 101 154 42 15 140 37 121 72 79 184 45 11 144 106 82 28 170 114 191 175 31 87 91 34 60 134 55 197 44 23 80 8 111 199 148 132 135 61 168 41 136 124 48 161 125 2 153 150 181 70 127 185 78 32 190 177 123 75 155 14 95 89 138 169 35 133 146 112 171 86 104 176 12 65 19 145 1 69 147 
11 180 37 159 7 48 123 76 184 32 77 47 153 35 25 12 81 6 179 147 74 80 200 23 197 41 149 186 40 140 75 55 68 95 144 52 26 134 167 156 120 154 56 20 183 160 66 17 89 34 189 111 36 107 164 178 121 105 175 72 118 194 129 141 122 33 146 181 171 49 106 177 115 15 198 187 8 27 39 2 165 145 117 137 142 109 151 192 112 170 62 193 38 90 108 196 84 113 54 190 21 86 29 59 102 100 188 5 125 143 19 110 104 127 133 169 148 9 45 
128 187 13 182 142 141 178 88 157 149 51 48 175 163 158 155 117 21 5 189 86 166 101 22 118 67 161 20 64 110 41 37 131 195 1 33 57 173 130 56 154 174 79 111 104 66 83 192 133 171 89 18 144 73 124 45 80 90 61 59 132 70 170 53 17 169 7 28 115 113 78 30 72 190 136 49 16 29 6 68 126 193 125 167 177 172 69 122 34 75 109 42 50 197 165 74 91 93 191 52 179 2 152 
18 136 150 75 37 33 170 196 4 114 148 86 57 157 155 105 96 187 135 26 141 6 115 42 9 39 145 61 195 99 52 100 80 176 175 119 59 111 30 126 128 31 192 65 164 137 84 64 172 77 186 116 156 131 2 159 54 76 199 191 200 182 134 107 101 7 47 149 32 14 142 19 110 146 68 12 74 41 113 104 163 85 194 169 88 24 34 1 152 5 94 130 129 11 50 66 197 140 91 35 180 144 138 23 143 198 167 93 13 28 27 185 
161 129 13 194 146 105 108 174 46 80 53 173 122 24 28 190 152 76 164 177 181 5 160 145 52 7 169 184 31 16 10 135 150 65 168 85 35 128 91 102 18 82 11 59 64 185 26 96 131 63 6 94 179 188 19 49 9 15 106 33 88 139 78 154 32 81 23 133 67 119 30 72 109 115 57 117 114 37 50 124 
180 20 175 66 181 124 30 97 141 53 168 197 91 21 57 41 144 72 172 22 38 169 143 123 189 163 82 76 139 48 28 177 127 59 56 125 164 112 29 81 98 191 39 35 87 25 194 36 94 146 45 13 193 147 174 16 15 54 80 92 122 165 17 85 152 51 46 170 34 50 128 32 159 198 9 4 84 105 195 88 102 47 23 95 78 37 89 132 183 154 65 
46 171 121 87 72 18 184 167 82 8 107 13 24 129 103 40 39 45 35 141 194 157 51 85 173 115 38 197 1 61 146 106 151 7 69 113 178 86 189 68 126 148 88 4 137 139 161 26 48 97 44 109 143 100 101 180 22 158 162 166 94 93 144 140 9 122 152 136 181 120 90 80 74 28 116 196 70 14 149 187 65 95 56 132 43 188 47 83 183 10 11 89 169 98 12 20 64 145 29 142 131 105 102 15 191 57 23 175 60 130 53 54 58 67 
101 71 200 83 105 126 147 94 15 106 176 142 148 37 100 131 152 29 150 28 120 9 96 145 144 97 141 115 32 151 42 27 49 162 156 99 81 181 73 174 78 93 122 170 171 192 146 187 123 24 77 167 25 31 159 18 55 149 36 64 87 17 59 182 35 47 153 50 19 186 199 63 180 166 40 53 127 13 190 164 173 48 179 107 194 1 76 116 193 185 163 11 177 43 165 8 195 168 66 39 57 
59 83 110 49 169 87 27 128 186 190 135 79 188 14 12 13 136 184 20 84 43 52 151 38 80 196 159 124 114 94 34 142 42 23 98 109 167 21 156 100 68 93 28 122 118 92 66 44 64 173 57 164 51 155 194 33 99 47 113 37 108 69 165 127 97 160 148 1 162 121 62 134 74 6 181 163 132 22 143 154 102 103 18 147 200 182 10 161 172 183 150 
98 50 159 181 71 128 53 4 51 81 47 153 87 52 178 12 115 22 42 120 39 184 82 162 195 109 70 142 54 45 139 136 133 118 60 192 29 138 141 57 145 18 135 1 24 129 2 86 16 197 41 151 32 49 175 97 169 95 25 117 36 189 77 112 113 55 34 92 102 152 164 168 108 26 90 17 15 116 43 131 123 160 182 56 132 8 99 21 199 158 146 183 134 93 119 114 140 173 190 3 33 100 110 186 174 44 63 163 143 
81 110 118 191 85 147 91 148 141 136 52 38 157 137 98 56 80 138 174 84 190 196 70 83 175 41 181 185 109 96 2 93 28 144 184 170 8 197 121 5 143 156 19 95 117 29 105 73 77 151 127 200 97 128 79 36 35 124 11 194 18 61 1 149 37 45 115 47 43 106 182 75 65 40 102 150 23 131 188 107 44 82 142 164 180 167 165 176 55 63 76 140 78 187 135 145 
169 151 46 96 179 111 150 192 164 91 122 106 182 100 12 26 102 183 93 47 157 168 36 105 189 130 2 197 161 80 198 154 116 57 119 108 81 55 65 33 86 188 56 62 74 140 125 63 87 155 181 126 124 78 200 23 129 139 134 24 13 73 153 194 28 67 49 152 142 196 3 40 103 171 1 180 15 170 127 112 114 17 177 199 25 156 45 160 37 52 115 11 132 83 19 166 
35 80 139 192 26 70 156 97 119 181 33 60 148 127 187 109 141 175 19 121 199 131 66 185 40 48 103 42 197 10 138 194 47 62 75 38 16 154 167 90 93 106 155 171 169 72 50 46 73 49 56 142 18 8 22 172 116 44 176 124 115 27 98 160 193 88 68 133 57 186 108 135 67 58 164 13 89 3 157 177 53 78 77 196 166 52 145 87 191 21 123 132 9 84 29 111 161 71 182 
158 32 185 65 39 2 12 128 64 17 111 25 42 186 172 15 147 37 126 187 146 79 38 91 181 168 164 113 43 5 177 131 30 74 154 127 162 36 88 150 77 132 95 145 80 139 29 174 76 193 161 97 34 19 22 129 23 104 60 6 179 45 52 27 142 7 117 110 165 47 124 68 192 82 141 78 106 50 163 122 101 58 171 66 35 149 195 188 57 140 28 81 54 197 167 87 136 194 190 155 123 100 130 
105 42 5 126 102 32 122 106 41 162 153 112 120 37 45 130 125 179 89 138 98 77 157 2 159 34 109 155 132 39 190 54 7 73 15 172 22 148 59 60 27 26 187 111 115 174 139 184 96 49 117 20 43 140 104 84 116 29 127 91 186 160 51 110 193 90 93 21 16 165 169 75 88 11 103 71 195 87 31 35 183 14 12 141 
1 156 138 150 111 113 197 33 66 94 123 8 75 158 169 192 38 71 6 31 144 166 18 175 148 173 199 198 30 107 120 145 179 23 164 17 41 117 49 65 181 83 139 180 174 127 32 160 34 14 80 146 141 74 4 69 54 62 63 161 39 67 90 35 28 45 15 190 56 122 20 147 137 11 162 159 196 60 135 115 78 2 96 155 152 131 184 143 110 52 46 116 132 87 82 16 121 140 9 100 185 88 167 81 58 47 92 61 183 128 157 163 26 195 
88 107 120 114 84 123 199 117 96 193 80 14 111 110 10 43 151 145 56 159 63 157 50 129 83 125 132 86 85 198 185 191 38 57 90 66 153 99 48 122 105 94 121 22 9 127 46 189 144 91 68 26 54 45 181 47 82 147 1 154 200 140 36 76 7 118 40 78 55 134 156 93 19 171 8 163 130 33 61 18 98 64 67 152 197 20 158 168 182 69 13 11 42 92 81 4 23 160 194 29 39 131 100 164 101 161 6 146 141 
157 58 90 83 1 117 198 126 145 20 130 141 173 70 29 73 191 76 18 3 31 190 175 6 187 142 93 180 169 22 127 163 108 115 177 112 85 8 34 114 60 106 128 99 131 125 146 95 152 140 199 25 2 82 55 74 51 86 158 43 123 181 26 136 79 17 7 176 194 133 61 193 56 63 103 94 104 47 148 164 28 39 53 12 111 195 57 107 68 40 109 35 182 5 155 160 84 64 154 54 124 67 166 62 149 41 59 80 52 42 33 
125 2 38 182 14 107 110 128 119 82 3 46 6 35 112 118 4 130 143 113 167 34 40 129 186 135 179 19 109 49 23 185 92 52 12 5 24 140 48 60 95 199 75 104 188 86 190 136 79 11 76 151 173 111 88 59 134 39 71 51 63 145 157 193 184 194 172 93 55 32 155 29 168 144 149 94 87 115 126 43 147 163 20 191 97 177 122 1 169 31 165 7 121 137 22 62 
50 166 147 29 33 95 191 72 83 156 103 88 139 194 127 144 102 169 25 84 171 75 116 63 198 28 122 125 31 10 38 173 43 110 85 41 185 177 1 101 86 13 57 59 49 15 55 126 193 54 74 52 140 46 11 160 34 19 170 81 183 90 175 179 155 8 129 184 42 135 153 30 162 71 131 82 157 53 92 78 48 188 145 61 64 44 159 7 108 174 66 189 167 2 172 39 152 168 178 163 5 121 23 
64 151 81 171 143 10 47 42 28 95 1 131 93 103 117 145 184 121 46 188 24 29 126 76 40 83 21 97 152 153 13 5 155 7 44 174 14 172 170 149 169 52 86 94 98 85 140 6 57 148 197 112 92 189 84 11 41 191 71 2 4 66 178 51 190 77 180 123 63 154 33 74 12 67 70 138 183 114 193 139 105 141 132 179 48 39 137 113 165 108 43 142 164 61 173 146 90 107 147 80 8 200 186 37 32 82 18 25 194 88 119 187 
163 126 154 181 92 188 16 158 5 34 79 192 68 137 87 98 58 159 8 118 184 50 155 73 114 32 127 189 194 197 112 29 182 54 195 176 198 41 76 59 191 51 80 199 91 139 187 149 151 75 99 131 31 190 30 147 97 167 153 35 60 170 133 78 12 66 46 53 173 122 130 129 200 152 119 128 134 69 193 105 168 17 14 108 64 37 116 67 132 83 186 110 157 44 177 88 171 6 136 142 104 26 55 61 63 89 94 
149 117 171 190 20 196 121 30 177 101 108 130 124 67 95 3 45 100 112 118 172 58 181 77 155 32 122 61 34 147 84 199 96 85 144 23 114 31 109 119 59 145 92 111 132 193 71 127 115 159 66 21 2 51 22 40 7 120 131 90 187 56 4 162 44 176 141 143 146 83 183 17 63 182 33 163 15 69 41 47 73 180 18 89 55 97 170 12 186 168 52 25 142 152 8 74 161 140 166 70 81 156 88 197 86 104 75 157 123 135 14 
80 81 18 66 112 65 102 149 36 133 134 117 76 186 96 25 161 105 100 138 55 23 155 82 90 20 157 187 24 160 101 135 34 89 136 113 40 151 19 180 42 45 175 22 63 120 14 16 142 169 29 15 17 174 54 166 75 127 116 104 194 68 12 50 181 115 52 195 165 189 88 106 109 156 26 71 191 141 178 159 84 162 48 95 172 137 147 3 44 177 92 8 
25 140 46 180 183 68 77 144 142 200 170 198 109 119 176 130 43 146 171 161 112 4 86 169 96 92 99 40 127 38 145 185 5 69 153 199 79 30 129 194 22 159 175 107 89 174 124 70 115 6 82 60 58 182 114 147 151 148 28 98 165 120 113 192 154 42 184 118 160 33 141 85 13 87 189 187 39 61 100 2 188 91 123 97 128 8 134 74 163 32 149 19 197 24 73 75 101 17 
193 24 70 182 60 163 12 99 89 83 31 184 61 5 122 138 55 67 190 105 145 106 120 154 128 174 118 189 146 68 157 17 97 158 155 132 71 27 11 186 18 34 36 109 78 15 144 134 4 25 85 66 22 198 199 194 183 127 3 179 164 90 188 121 56 52 175 124 168 131 123 42 75 133 172 57 59 176 32 148 197 2 108 165 7 112 79 30 6 51 47 137 1 129 142 185 140 156 19 169 
52 190 98 64 191 126 136 55 72 49 18 70 37 180 125 71 75 181 124 32 73 163 123 29 153 121 15 197 30 127 78 192 116 113 63 13 68 168 150 156 92 76 187 115 143 139 132 66 142 34 172 39 111 54 24 183 170 94 173 131 67 60 166 175 141 193 148 10 114 35 27 41 146 186 103 50 196 56 2 7 6 74 154 119 117 11 157 86 84 20 138 144 130 182 135 112 51 99 147 133 161 38 31 
39 163 65 34 25 152 82 109 9 23 133 62 89 40 31 114 159 4 88 8 59 168 37 51 93 183 17 54 124 154 144 162 195 135 16 110 67 29 187 128 182 140 186 103 96 75 153 181 46 173 171 42 68 79 2 87 138 151 50 167 53 100 94 147 43 80 141 18 12 61 7 164 84 130 131 81 178 10 11 52 102 26 14 143 69 106 122 56 28 197 198 191 185 161 13 129 
47 166 169 92 124 95 119 180 1 91 131 102 65 164 45 175 184 121 187 39 161 179 193 37 41 177 128 176 111 27 114 77 142 52 63 86 85 183 172 59 199 182 70 109 98 163 80 16 194 140 7 72 30 170 146 35 21 84 108 23 74 171 58 147 46 57 25 60 188 31 122 103 105 9 81 32 69 89 162 56 6 151 150 67 83 24 
21 31 6 20 147 47 168 112 32 122 85 164 104 189 109 107 8 90 92 40 4 42 128 181 174 28 130 97 180 98 138 114 70 50 68 183 93 16 77 167 185 9 172 102 129 62 200 148 162 13 143 79 156 94 108 82 178 34 165 199 155 33 161 197 159 125 140 179 67 10 60 2 158 17 7 5 131 35 71 188 84 115 101 55 119 51 154 73 151 11 36 182 196 116 59 117 74 113 145 72 14 89 61 
139 56 58 19 77 130 76 74 84 171 132 64 90 12 27 198 31 129 25 107 146 41 40 75 83 82 183 22 91 47 81 165 86 18 186 114 175 4 157 153 15 26 97 177 142 173 67 54 59 1 163 156 16 73 89 71 109 24 126 61 196 87 68 161 30 66 55 200 174 122 7 120 95 34 111 123 98 188 9 92 44 96 63 169 105 131 57 70 119 124 60 164 136 79 128 194 33 143 
76 82 28 60 14 198 71 17 143 167 88 99 104 8 30 36 199 154 194 65 64 135 78 188 85 182 112 164 149 125 6 95 91 9 162 70 179 4 175 31 49 67 141 42 113 195 18 187 3 15 146 140 115 178 87 111 184 23 75 24 110 7 159 153 35 183 34 2 126 109 180 169 127 69 134 58 63 124 89 158 27 66 79 22 163 176 174 123 147 45 181 93 144 11 190 92 21 46 155 33 161 43 156 51 
129 15 103 44 124 150 102 112 47 11 122 113 114 1 157 70 190 193 62 127 71 166 128 101 14 31 41 178 52 132 160 197 66 99 78 138 151 67 23 144 137 72 169 161 9 154 174 36 65 185 49 39 69 53 56 167 181 175 85 75 187 195 147 170 83 76 198 82 200 90 13 172 136 158 25 153 180 182 183 91 26 81 133 116 93 51 163 141 120 19 186 168 35 131 130 192 24 165 74 173 140 68 111 104 110 179 28 73 59 54 89 17 
23 66 39 122 18 15 126 24 134 55 57 33 149 103 88 4 118 116 158 49 185 5 53 176 60 142 135 109 7 156 82 85 106 113 115 117 67 138 114 2 83 145 157 10 96 193 198 196 36 1 179 45 107 200 13 104 3 91 131 105 27 59 32 28 137 42 11 72 164 52 112 177 169 81 120 189 50 34 97 46 128 132 75 37 127 19 79 167 51 194 78 92 110 100 130 165 121 175 64 95 144 171 154 93 133 197 102 111 25 94 30 183 20 22 129 
134 200 20 184 170 191 165 42 92 69 107 39 19 114 75 90 76 156 141 74 22 47 132 113 8 197 117 163 70 71 56 149 101 25 160 52 62 147 112 51 58 81 152 82 104 45 168 16 84 21 26 140 50 111 192 78 46 5 86 188 2 23 146 100 3 7 125 66 89 110 126 174 41 24 80 177 55 43 61 28 72 122 38 64 95 77 195 138 118 130 139 91 172 9 67 115 127 36 133 88 144 13 106 31 30 173 
71 49 13 131 52 44 195 162 110 159 61 18 54 171 126 138 53 91 36 172 112 154 198 95 11 96 56 155 99 188 26 39 101 168 125 178 75 93 81 149 46 200 47 184 177 161 124 157 68 31 137 194 2 45 182 62 116 82 100 132 58 135 84 167 199 174 86 41 165 30 7 150 57 8 42 187 108 60 35 74 152 90 38 173 22 104 111 151 24 106 186 164 4 146 65 113 145 158 147 191 19 183 163 85 117 196 92 175 88 189 
49 27 54 61 95 150 6 57 99 14 194 37 165 12 195 167 83 97 200 30 139 121 178 144 18 53 137 66 81 5 17 181 173 143 197 157 70 140 133 24 20 116 177 159 106 33 136 145 192 187 28 67 129 84 50 183 112 179 199 193 15 86 123 55 74 41 82 104 89 39 60 163 68 186 148 126 45 111 44 113 110 40 29 23 76 142 77 189 
13 18 149 96 169 174 7 55 85 193 142 92 105 180 2 198 25 187 59 1 165 107 20 3 34 191 135 102 57 53 83 146 75 63 11 6 127 43 88 200 44 125 73 144 65 41 197 21 48 139 141 36 148 161 50 19 69 74 114 101 186 47 133 173 145 138 17 39 131 157 190 40 171 153 121 10 158 137 58 184 56 71 183 54 15 162 24 61 33 115 128 178 130 179 177 60 45 79 49 82 113 62 
106 24 87 136 90 85 60 112 137 95 50 140 197 41 123 6 198 89 43 113 101 163 100 27 130 78 186 115 54 25 74 88 76 161 15 58 149 169 141 138 99 148 192 71 28 96 77 122 46 152 172 31 52 35 63 126 36 114 183 159 70 191 170 1 194 44 173 61 146 55 131 73 196 105 155 104 182 51 117 34 20 37 151 9 195 67 178 165 158 118 120 109 119 5 8 199 2 14 83 