200
199 60 196 128 58 33 5 174 86 94 36 102 52 129 112 152 140 46 81 179 193 198 167 187 183 69 158 186 61 168 82 50 62 96 26 131 123 101 57 118 108 80 125 32 20 149 184 11 7 55 56 25 200 157 92 164 72 139 70 104 44 105 175 40 166 136 132 48 185 146 126 182 160 89 77 154 28 54 53 177 74 176 15 150 115 66 2 172 63 84 106 31 8 37 147 113 161 145 45 170 83 
58 93 171 55 100 166 168 44 174 4 29 187 196 122 127 115 113 149 143 90 163 53 164 16 63 130 147 10 180 160 81 186 194 25 140 32 154 48 102 177 33 101 179 76 200 24 132 95 9 31 124 26 20 99 5 97 72 69 54 178 46 169 86 184 66 157 75 35 12 192 150 28 162 60 6 126 3 65 117 77 59 152 139 176 21 199 1 133 137 119 106 30 182 121 142 173 92 114 145 107 71 50 172 185 83 14 85 37 36 23 195 153 27 
90 125 99 77 56 49 102 39 112 54 14 185 58 61 25 119 159 34 64 78 114 163 88 137 15 74 68 47 42 57 192 191 183 139 156 28 174 175 184 35 20 53 103 151 173 127 136 71 26 115 84 106 82 194 158 147 133 140 118 160 104 37 16 130 110 152 100 6 179 154 101 123 148 145 128 188 8 169 75 126 93 67 19 189 5 113 124 135 121 131 122 38 91 111 52 18 92 97 2 172 193 72 199 197 132 55 108 165 170 9 176 
14 59 177 121 38 60 35 51 196 31 113 27 98 8 74 71 22 163 182 109 181 100 95 40 189 76 45 32 115 99 75 108 111 128 176 41 62 90 153 33 155 28 46 192 133 54 55 188 105 7 25 56 53 174 191 23 63 151 185 137 61 6 10 36 123 12 132 78 29 157 106 169 88 80 193 19 9 107 125 160 168 21 69 131 48 164 68 2 72 91 199 47 187 136 143 5 84 
173 99 83 59 54 14 24 98 171 55 176 20 3 57 72 13 185 71 177 147 161 52 27 100 41 18 102 170 86 159 44 42 158 174 199 81 181 50 125 10 122 23 38 47 31 15 139 94 114 149 4 115 19 26 113 17 11 85 196 145 142 116 136 128 162 141 77 193 132 91 63 133 200 96 58 164 121 127 51 21 144 186 166 111 73 189 130 153 48 2 22 135 37 107 61 33 62 175 68 104 140 182 1 92 
3 88 195 118 111 95 74 67 77 91 179 18 42 167 185 12 56 60 133 139 199 49 99 170 130 175 33 31 200 101 103 115 70 9 178 129 40 198 23 157 15 72 37 29 150 192 164 14 146 13 112 122 25 142 51 11 126 44 87 43 24 184 96 140 180 10 124 121 63 127 136 7 86 84 4 71 54 48 64 110 66 46 30 168 52 120 171 163 36 156 83 169 165 94 17 131 174 2 197 109 191 
173 112 157 194 72 90 166 110 130 31 176 95 124 149 118 67 10 71 177 103 185 189 193 49 6 142 97 145 92 183 84 47 52 73 125 35 198 126 127 178 129 21 115 81 79 22 51 88 147 100 32 4 107 70 56 48 36 140 8 186 61 26 144 53 113 55 119 23 195 28 192 59 121 184 101 187 78 105 27 179 143 50 164 131 76 150 24 167 109 146 196 80 1 156 180 85 159 15 13 69 104 82 169 98 168 152 
92 109 25 191 4 3 96 197 38 138 60 16 145 170 200 50 124 189 171 167 20 141 181 40 163 98 194 66 100 103 195 122 67 47 118 13 152 159 7 59 84 79 73 119 153 85 77 27 65 120 39 196 31 128 130 123 1 135 30 99 82 125 146 46 150 71 53 26 64 83 168 175 161 115 78 75 160 107 132 176 112 177 154 183 169 12 180 198 14 21 126 52 54 155 186 74 49 34 199 76 51 33 28 32 158 136 148 137 
68 120 199 110 164 17 145 177 6 52 98 156 33 159 194 169 187 123 101 118 114 78 94 116 2 163 70 193 168 180 162 129 4 19 18 173 62 104 60 117 53 20 144 89 73 133 121 31 149 45 79 165 64 29 91 86 80 160 126 198 14 95 48 155 3 146 157 42 97 44 142 185 112 135 40 27 172 12 200 143 74 21 147 24 111 56 58 134 179 105 23 84 15 72 90 10 171 191 131 103 28 55 32 197 130 189 124 138 127 176 192 107 93 99 
103 123 54 153 56 4 141 199 134 168 182 178 162 128 167 7 101 139 84 194 154 196 100 16 90 64 195 68 9 190 191 66 59 165 86 148 179 6 36 104 183 173 5 78 164 38 175 120 60 92 156 72 42 47 88 34 67 94 61 19 125 107 142 181 133 50 24 21 28 171 13 65 40 15 157 105 118 112 121 159 69 58 39 55 172 200 192 130 176 33 185 77 82 2 20 127 75 23 131 44 197 49 79 124 160 109 
97 60 95 114 187 83 189 153 130 116 34 174 113 51 16 41 102 17 190 21 20 23 103 115 1 76 48 151 55 45 185 46 36 163 92 93 18 172 32 141 44 165 5 104 28 30 194 35 87 78 164 131 133 196 80 29 72 170 62 117 56 67 140 178 162 26 59 58 184 88 143 134 146 96 182 119 109 12 186 65 77 110 144 6 37 84 57 132 
140 189 88 125 36 193 170 182 32 19 118 80 103 190 24 113 64 143 121 105 114 146 148 122 178 29 48 27 75 111 161 34 166 41 160 187 194 72 8 93 133 61 110 172 76 199 186 69 117 104 130 128 57 55 70 94 155 62 47 162 123 40 184 98 15 174 71 63 89 9 78 185 135 90 102 124 13 11 159 56 141 168 144 169 6 195 158 177 171 14 45 84 181 154 16 95 26 175 97 2 4 87 91 74 173 167 164 137 17 33 81 151 
127 166 73 175 74 79 191 35 163 30 45 61 98 185 101 37 87 155 80 148 86 193 172 76 144 164 29 52 165 12 41 36 43 109 194 93 7 110 28 122 75 65 5 19 135 92 18 117 145 70 184 38 154 150 97 115 151 40 64 142 112 22 182 138 137 139 8 156 125 48 44 42 171 108 158 10 167 177 147 133 132 124 56 50 100 6 189 62 84 179 16 116 55 200 180 121 183 
9 86 129 187 149 56 99 198 113 153 91 123 166 59 167 115 178 2 119 182 25 61 42 48 199 105 175 51 172 77 52 176 180 139 107 137 191 31 177 110 32 173 131 8 3 6 75 169 155 16 47 122 125 4 82 148 160 127 133 130 40 36 181 23 15 53 147 35 117 5 50 193 174 142 94 100 84 28 128 136 43 163 70 152 168 69 197 22 17 124 183 24 19 189 30 114 102 79 12 34 
88 163 157 9 124 99 185 58 73 33 68 143 165 79 195 109 25 48 3 50 6 133 194 26 192 180 5 81 71 96 139 18 35 38 175 145 87 126 69 80 47 193 179 82 169 146 30 183 138 106 75 125 104 27 128 113 94 76 7 174 91 102 10 200 59 78 93 161 44 86 132 12 1 105 168 65 85 142 115 167 31 34 89 141 135 66 92 21 172 111 199 134 22 140 54 152 19 97 14 131 119 64 173 120 29 70 108 17 49 103 40 45 181 197 
2 47 137 168 107 115 35 46 32 188 10 102 135 110 194 191 40 72 97 122 160 80 69 133 99 136 156 84 90 42 178 142 24 114 85 52 86 176 28 154 101 8 187 27 50 55 151 3 75 161 173 117 89 18 134 88 14 126 155 145 129 44 125 12 127 96 181 158 93 63 159 146 54 95 11 13 116 62 70 113 183 143 195 171 77 19 128 123 
77 75 27 65 14 26 35 88 116 179 63 182 9 195 138 123 52 11 151 131 197 61 189 142 100 46 103 34 176 54 140 161 137 24 49 167 6 144 87 84 146 55 69 177 47 48 86 132 81 44 153 53 193 198 173 128 80 98 156 188 74 57 76 5 126 169 42 104 31 22 62 50 83 79 117 111 71 183 82 147 129 32 154 29 165 45 93 23 106 85 168 64 30 99 200 171 108 175 109 90 38 70 12 15 187 
6 100 98 13 43 22 72 99 77 115 149 185 124 121 35 171 141 112 163 11 110 118 76 168 133 172 146 78 53 164 5 101 126 60 116 82 92 27 173 9 85 89 68 111 44 25 30 64 74 197 147 49 71 161 143 3 189 80 156 104 20 177 132 62 83 95 152 69 127 195 123 55 131 66 178 86 128 120 28 192 15 90 154 37 16 54 186 63 125 165 103 40 96 136 135 167 84 134 183 93 159 114 
66 56 37 20 43 9 146 127 112 170 118 72 74 185 166 198 102 14 47 49 106 59 92 176 82 34 51 195 29 113 53 44 155 13 141 16 101 192 39 131 98 12 86 4 104 193 87 132 5 45 63 159 174 175 134 110 151 35 55 64 15 41 161 10 32 163 137 200 107 93 68 21 70 73 79 154 95 88 75 76 180 91 99 160 62 120 172 126 3 165 26 65 58 117 129 173 61 130 80 105 67 144 42 152 
180 163 122 53 36 161 25 5 29 86 34 24 66 82 101 62 174 175 2 45 74 123 139 128 146 121 120 132 117 140 190 191 125 90 9 1 184 80 131 18 129 156 103 126 72 58 83 11 54 33 8 67 173 192 63 28 26 76 88 106 3 199 159 185 152 171 95 91 200 183 198 51 94 193 37 38 42 81 21 108 166 56 87 170 19 142 145 10 64 
5 8 67 37 11 130 52 157 26 50 164 138 15 155 79 62 33 20 117 196 193 53 106 171 197 75 198 103 181 173 151 91 145 161 77 185 10 116 142 134 28 105 156 126 85 144 9 80 30 121 166 137 36 29 81 82 54 42 22 64 192 63 179 140 167 172 169 111 69 174 184 96 7 165 152 98 2 19 46 118 125 43 135 146 177 175 119 128 49 4 66 101 51 104 159 59 71 86 65 148 
146 4 117 147 110 157 181 116 179 200 82 168 105 24 39 14 65 35 163 46 76 17 104 7 98 194 33 174 175 52 170 99 80 187 85 32 69 122 26 160 97 21 71 112 61 159 41 13 193 73 138 143 31 123 156 5 49 141 47 151 166 161 100 92 51 173 148 68 102 53 95 108 152 23 54 167 172 164 111 129 79 178 18 165 177 133 131 195 64 88 27 94 101 124 145 84 44 93 192 162 137 48 15 155 50 
96 17 95 40 189 163 6 46 124 66 129 181 156 186 128 80 64 139 125 97 74 4 5 56 126 195 120 39 92 127 35 30 158 82 2 123 114 7 187 37 155 67 102 138 14 142 77 110 50 136 176 184 152 27 88 159 63 146 86 170 93 193 60 90 183 89 198 57 169 197 22 140 28 73 9 115 71 166 143 147 11 70 78 41 141 137 83 31 190 177 149 10 161 34 151 29 55 182 191 72 
192 116 188 90 67 12 2 17 172 149 37 104 140 14 175 54 85 181 7 22 35 93 180 196 30 156 16 174 82 179 106 34 191 185 125 36 131 103 139 45 60 79 74 143 166 9 109 49 170 91 114 5 78 77 87 148 58 26 10 127 43 121 145 137 142 70 76 97 123 39 128 167 84 6 146 165 144 187 134 152 61 108 102 59 48 55 41 20 153 96 94 115 151 
42 135 20 136 48 44 100 36 47 133 111 71 70 103 3 14 175 119 1 26 147 128 45 73 140 86 124 6 79 137 74 170 35 121 117 199 189 99 43 134 8 27 176 53 171 160 177 169 192 78 87 107 98 163 31 179 112 15 188 77 157 152 108 142 173 110 69 92 49 184 196 4 168 58 82 181 39 151 144 91 97 161 2 83 198 153 65 38 96 18 148 174 80 123 32 195 67 54 126 50 72 76 
170 76 78 93 199 1 175 105 20 21 41 63 184 144 189 147 126 34 81 88 32 127 179 57 109 194 154 200 92 128 22 49 96 47 187 197 17 53 174 28 2 181 58 116 73 143 80 130 71 129 166 43 138 48 100 161 24 55 38 82 150 85 45 64 68 12 8 134 40 74 5 159 135 59 155 125 3 106 140 148 142 151 25 50 149 123 87 15 7 171 19 11 
87 71 179 190 4 108 48 173 37 64 118 145 184 120 82 33 146 23 52 115 90 2 100 94 188 22 61 135 92 67 44 159 113 128 55 47 109 89 97 18 169 155 160 99 15 144 114 38 16 176 187 124 9 116 112 40 98 75 28 126 57 41 147 166 39 132 42 17 180 193 143 49 194 7 131 181 110 8 5 12 76 34 29 83 196 158 85 133 93 185 25 
164 16 116 13 94 153 75 37 30 178 100 59 82 7 175 150 141 200 198 3 160 73 10 26 49 192 83 162 2 38 115 43 105 163 161 113 45 187 170 92 74 9 48 137 157 146 55 76 123 127 95 21 129 145 20 62 14 33 41 190 120 98 18 66 44 125 106 69 149 88 32 8 134 80 174 148 188 4 11 31 197 168 147 42 177 89 126 1 122 167 23 110 138 27 124 182 35 97 79 72 195 
21 126 130 189 99 23 153 67 118 177 196 48 95 86 107 63 19 11 41 55 56 2 127 150 129 124 149 27 138 171 136 54 174 72 43 61 145 70 132 100 185 12 20 71 148 50 44 42 53 96 199 200 9 108 147 187 131 160 77 17 33 167 169 30 46 103 162 38 109 195 52 85 62 154 198 59 4 57 6 106 133 101 191 161 141 119 111 166 121 15 40 105 113 13 68 140 190 134 36 
171 70 119 72 120 58 87 164 50 77 139 2 68 44 200 40 100 73 137 105 36 153 83 103 112 43 24 138 32 75 194 185 92 195 94 102 196 182 21 28 82 181 177 127 107 88 198 6 108 31 157 64 187 124 192 74 90 125 66 85 169 175 65 18 133 101 71 63 142 15 152 128 47 11 29 52 163 149 118 81 151 184 189 98 14 13 17 76 147 99 23 49 148 161 106 59 86 56 8 167 
42 149 115 168 118 76 61 63 148 139 59 58 52 128 162 102 134 87 141 124 114 68 69 143 79 5 100 154 2 123 22 25 43 30 161 133 171 89 77 103 7 165 151 174 189 152 166 40 104 74 23 138 14 65 85 15 146 172 90 193 4 28 125 97 197 17 142 144 88 107 158 160 163 156 109 8 84 1 36 135 57 116 196 9 147 105 173 34 157 119 187 6 155 35 113 
92 41 68 72 89 176 16 4 49 14 79 34 60 183 112 121 130 193 38 104 170 151 17 197 137 43 156 83 138 195 59 114 198 152 33 2 55 188 30 173 26 35 200 100 133 189 177 85 73 40 175 143 132 144 165 97 101 58 166 39 139 87 161 155 61 81 11 25 148 182 88 131 140 116 1 46 185 149 180 135 145 47 69 12 154 123 187 105 75 102 160 77 64 168 9 93 126 45 146 98 129 103 22 172 28 86 19 94 196 167 7 107 8 
120 121 82 156 39 65 97 141 81 32 61 158 134 117 154 52 44 64 38 129 106 153 9 128 157 159 139 27 98 76 20 197 187 50 182 170 162 112 136 123 118 177 5 172 93 53 83 6 34 58 12 188 29 4 57 49 195 113 21 191 164 2 59 74 144 174 91 171 95 28 181 122 88 22 160 180 8 99 108 167 178 43 15 104 71 36 1 94 10 87 196 148 189 
62 183 180 189 192 195 24 110 122 129 124 10 111 71 65 15 3 31 144 130 58 14 94 174 8 191 53 163 182 17 92 33 95 107 72 57 85 56 190 49 153 117 81 156 179 186 197 148 149 145 105 26 76 131 116 40 68 88 50 87 77 173 200 170 42 60 139 127 11 82 20 128 147 171 37 19 141 146 120 45 98 36 96 157 27 185 12 176 44 168 175 140 165 169 51 177 52 23 118 181 151 38 32 66 
170 67 187 89 173 87 125 142 193 70 120 23 96 62 80 50 55 18 92 64 180 4 118 82 169 58 68 17 139 42 48 19 97 185 116 15 141 32 2 138 11 86 59 24 195 49 159 37 186 197 154 90 155 165 41 36 156 44 102 143 95 25 130 22 190 72 136 98 14 60 7 183 200 43 31 114 57 85 3 13 53 40 144 119 188 137 194 46 127 88 51 184 16 109 140 77 38 28 81 71 135 83 171 104 66 121 
113 60 132 193 10 162 103 141 24 157 67 78 69 182 115 169 158 54 144 39 95 123 11 183 176 186 194 66 65 137 43 20 7 4 166 76 106 155 184 87 12 104 48 35 47 124 164 82 100 174 188 112 73 37 131 117 180 13 31 110 44 2 197 14 173 97 75 25 90 128 34 140 109 129 198 168 83 81 154 29 33 127 177 49 6 30 175 68 72 101 134 99 41 179 167 192 187 85 125 114 148 1 38 172 21 
198 190 108 35 27 21 20 130 116 179 18 141 137 113 119 147 142 176 191 65 159 164 86 68 44 13 161 67 73 74 23 24 53 5 134 197 81 46 36 45 115 75 146 47 70 40 59 132 6 38 122 93 3 28 34 196 153 193 90 148 123 72 124 184 1 140 96 188 183 182 151 172 133 63 158 131 62 19 105 48 170 71 98 80 78 49 83 112 101 126 92 69 129 102 58 51 169 165 11 128 56 2 
39 64 69 96 45 4 28 192 26 118 47 121 41 29 112 143 193 111 177 105 166 57 15 150 188 184 13 20 3 58 87 181 61 36 59 25 84 165 130 139 32 82 132 10 123 136 151 199 83 156 5 27 67 169 62 95 191 173 66 185 194 86 17 85 140 55 172 90 75 120 42 8 37 183 135 174 98 99 186 122 81 114 182 142 167 100 109 107 79 91 119 110 158 51 157 197 102 187 163 35 76 88 33 34 168 94 
174 38 170 111 82 193 117 94 23 122 8 162 159 127 85 3 106 10 49 149 19 183 172 40 135 57 53 24 131 158 110 36 124 32 120 88 169 65 75 189 176 80 59 25 27 64 180 150 56 107 109 42 58 144 97 86 178 186 60 175 165 48 114 171 81 43 98 119 74 62 78 187 33 101 100 108 70 22 179 197 50 116 125 121 71 134 104 
89 96 144 84 118 151 14 61 27 48 150 81 195 29 182 72 41 10 13 152 193 100 179 133 66 79 110 16 197 117 32 34 164 78 44 56 76 23 124 51 54 74 86 148 15 132 136 64 183 67 1 115 192 6 50 168 35 149 145 4 112 69 107 26 12 8 91 165 140 155 126 65 119 30 39 42 57 75 37 109 49 9 105 31 180 80 184 46 169 190 128 185 199 18 156 129 123 
109 11 155 23 175 153 180 43 26 192 81 199 24 19 12 99 58 110 27 95 198 108 102 35 171 77 72 28 53 139 36 63 105 184 87 116 124 182 125 179 65 169 122 79 47 13 67 152 22 56 178 60 5 89 200 57 55 144 132 66 29 51 4 45 114 106 194 49 162 170 40 142 38 128 62 133 88 161 176 69 126 93 86 112 154 190 32 82 94 84 111 174 74 143 165 52 160 
31 136 117 165 66 27 77 121 92 147 193 175 46 3 38 97 89 83 16 114 133 6 10 200 146 185 183 110 135 132 141 81 109 187 17 179 152 96 99 64 131 13 148 28 35 119 56 126 39 173 93 107 172 191 122 94 76 57 178 156 50 55 154 181 5 190 34 63 54 167 159 150 101 49 85 74 21 129 14 86 196 25 195 115 78 40 29 198 44 160 19 105 113 9 71 98 106 140 158 166 59 102 20 103 120 149 161 157 69 174 88 124 
90 65 102 25 129 103 137 13 53 28 192 54 174 105 21 182 44 32 200 123 131 81 165 134 14 154 193 184 155 88 60 94 84 128 178 172 31 126 83 89 62 189 122 57 196 109 68 72 113 35 41 93 185 133 104 73 186 150 187 107 130 19 98 100 118 33 26 18 55 160 91 120 124 59 159 119 142 24 56 29 157 140 135 175 114 79 39 132 164 36 95 6 153 30 168 82 115 139 67 87 166 117 45 151 171 167 
105 145 187 15 80 112 196 113 46 28 43 108 101 72 169 155 87 103 160 95 37 52 184 137 13 49 11 121 33 185 126 91 18 157 47 116 182 177 10 198 85 56 150 109 172 186 195 99 167 193 81 98 124 88 29 35 22 200 17 2 27 159 42 25 55 131 48 102 129 188 191 117 176 179 154 5 34 6 94 135 147 158 1 16 114 30 19 166 40 36 9 
63 182 115 122 187 186 153 32 163 38 189 28 64 12 165 83 19 150 111 103 194 146 124 192 101 34 113 71 99 70 26 131 162 4 159 135 100 180 52 134 169 154 56 73 75 24 13 78 190 132 43 167 25 140 97 123 85 109 130 41 200 174 9 84 17 54 168 53 120 58 77 61 112 107 195 199 62 178 67 47 37 188 57 142 158 1 191 89 20 151 166 94 80 11 171 183 15 
197 130 161 105 23 63 191 79 153 106 195 144 120 171 112 179 172 135 67 147 91 77 143 151 22 90 53 111 50 75 121 11 42 183 85 177 60 176 185 71 8 40 108 116 186 99 100 48 119 162 166 16 86 150 182 29 110 115 149 101 66 193 78 156 37 70 17 170 73 128 54 175 139 159 109 168 200 72 189 81 1 137 146 69 6 87 138 198 167 117 35 55 32 199 44 140 145 21 62 49 93 2 61 164 165 4 155 127 59 
25 168 22 113 17 41 172 44 99 3 127 54 38 37 83 116 100 16 183 114 112 102 145 149 178 142 188 93 137 52 141 110 129 133 15 117 158 165 191 77 184 107 89 32 143 98 139 8 177 45 131 12 108 91 10 132 82 167 147 136 181 120 124 57 86 159 88 171 166 164 185 150 192 36 101 111 74 7 27 146 62 174 30 160 193 14 197 4 64 19 151 134 163 182 115 76 53 5 118 187 97 60 75 122 84 26 
24 81 71 4 144 29 184 167 6 11 92 84 115 116 111 98 160 187 109 190 96 87 39 7 128 185 12 35 82 74 183 69 192 179 104 126 83 25 130 26 78 37 147 166 51 143 28 2 36 75 50 46 161 134 70 158 165 191 169 124 180 15 188 13 141 175 62 102 200 22 86 1 5 9 112 60 105 54 148 135 125 79 100 17 121 107 196 40 145 44 146 152 156 27 61 181 120 153 182 63 14 73 
146 37 137 175 3 145 109 111 123 33 125 148 114 165 124 155 191 119 130 30 112 57 51 96 113 138 144 102 10 83 40 74 46 15 186 170 18 26 121 55 184 162 95 187 200 27 69 99 28 68 21 115 128 164 17 116 52 82 105 84 44 194 198 36 108 106 139 87 6 65 97 73 85 80 24 195 158 182 67 56 160 147 190 19 34 103 149 156 173 35 32 193 169 110 120 134 8 93 75 154 90 7 77 189 50 196 22 42 41 62 64 131 39 25 91 
2 169 49 182 94 122 129 143 114 110 15 8 175 168 90 125 70 26 170 172 34 40 142 78 79 158 23 185 25 167 71 149 30 200 102 53 131 163 54 63 89 176 77 130 93 139 161 7 181 190 132 13 74 140 64 35 179 147 51 86 195 80 55 72 173 148 42 85 87 58 193 123 10 116 97 98 46 1 135 188 14 92 118 39 62 21 5 146 22 150 16 95 48 33 29 159 57 156 119 141 155 17 128 171 133 
94 197 133 22 165 98 54 85 143 158 76 110 97 92 6 137 105 164 139 126 81 5 87 192 70 34 82 117 135 49 95 163 55 114 153 168 121 184 185 8 166 61 40 155 106 154 191 62 20 147 35 41 128 89 37 50 7 161 134 73 150 171 195 112 38 173 186 77 140 159 21 48 149 72 142 190 109 14 64 4 151 80 86 111 125 172 75 78 157 56 100 138 11 19 148 127 178 152 59 
34 45 49 113 179 55 162 31 157 114 166 44 123 99 22 193 62 17 71 120 172 16 182 142 177 14 178 6 3 111 109 173 94 122 187 137 68 138 136 130 9 96 7 155 167 160 153 164 5 80 57 108 85 175 200 152 112 139 61 60 93 47 192 191 105 198 194 8 161 63 64 74 33 30 70 59 101 65 156 21 29 41 188 159 13 133 1 92 146 95 118 102 27 165 83 145 
9 54 199 148 88 104 90 107 37 188 170 193 86 174 164 117 22 14 25 45 58 132 20 123 96 182 43 79 165 168 83 69 50 85 115 112 21 139 34 160 3 39 143 18 106 61 179 172 156 158 144 92 4 187 114 130 8 126 29 64 76 17 72 41 70 177 102 47 111 35 66 129 103 19 142 56 150 73 167 151 75 65 46 33 178 99 190 2 1 7 84 60 62 74 149 87 68 26 191 97 81 118 
100 59 87 141 160 180 120 77 17 22 118 2 122 60 173 81 151 113 4 86 112 69 10 62 137 95 15 105 40 21 6 197 131 88 46 178 132 199 145 194 133 127 126 5 42 147 168 67 8 25 20 136 200 186 157 50 24 109 48 76 84 3 16 192 130 73 36 107 58 119 190 64 70 78 195 55 165 187 61 72 82 91 43 94 138 162 53 18 51 184 65 176 139 116 144 115 68 47 75 111 29 155 175 174 102 117 63 45 89 196 80 125 1 135 
113 102 46 156 26 38 185 98 69 75 78 77 56 134 28 43 44 170 115 140 114 42 4 124 92 159 68 2 194 24 169 18 164 84 85 62 3 130 135 13 80 17 174 91 11 19 138 49 137 149 54 112 189 67 29 178 104 141 195 116 182 144 177 60 52 99 79 1 151 23 50 51 173 158 96 9 107 193 199 162 121 16 175 32 167 181 146 82 108 41 129 5 103 152 10 192 74 198 7 148 117 27 12 35 160 109 
126 4 135 44 78 82 23 106 64 118 109 77 85 115 41 177 93 37 153 74 3 68 11 143 156 192 113 196 1 193 149 164 43 155 160 184 88 110 157 174 133 42 19 45 162 108 103 182 51 59 142 7 9 92 144 63 167 190 53 40 49 151 65 127 101 128 141 107 130 75 104 178 122 20 39 191 120 188 30 173 12 152 14 6 29 105 146 34 166 81 10 171 98 55 87 13 
67 38 132 62 114 77 84 168 198 195 75 11 192 5 85 155 182 72 31 136 59 35 96 158 106 169 65 187 191 52 78 119 33 129 181 152 123 80 58 71 105 26 194 121 47 104 184 160 70 190 41 40 143 12 49 118 157 127 107 83 42 117 137 45 17 149 3 29 175 79 88 95 50 76 34 68 27 164 43 122 135 23 61 87 60 1 93 189 159 39 94 113 
91 157 3 73 30 34 1 41 140 72 24 65 131 10 5 159 137 26 139 187 169 2 179 37 198 129 54 90 101 38 31 35 171 168 64 68 149 167 118 154 166 160 70 11 172 180 96 76 97 150 93 25 138 153 161 182 122 119 113 173 126 156 151 57 85 9 186 120 50 117 141 59 191 33 148 20 69 194 125 82 132 170 32 78 62 114 108 165 107 45 53 67 39 84 15 77 181 19 185 
144 37 191 172 29 24 161 115 179 28 165 157 11 30 173 32 10 121 58 166 150 62 182 190 118 116 137 154 167 33 153 91 109 61 66 72 51 81 93 67 174 52 139 178 68 35 119 65 141 38 171 54 148 31 39 194 71 164 56 94 103 151 101 26 135 146 43 42 170 15 114 69 108 197 14 140 78 131 7 46 96 126 4 155 57 189 107 181 152 183 2 176 21 113 84 19 8 92 5 
124 78 69 155 164 36 57 178 4 11 8 130 18 160 150 52 32 67 159 157 63 189 76 104 119 68 71 153 186 115 98 185 92 99 62 188 10 132 175 102 46 48 184 107 9 168 166 55 140 23 54 35 39 163 41 64 158 129 147 6 127 65 47 70 135 81 1 114 143 2 146 172 162 79 90 161 144 120 43 61 173 196 123 83 24 34 53 91 190 121 100 
17 32 52 136 178 10 157 40 73 48 84 69 24 27 140 12 124 60 182 119 66 53 155 7 115 3 123 131 106 77 99 96 146 170 33 167 88 79 160 14 51 159 4 80 133 120 22 118 74 31 57 45 5 64 13 176 93 163 121 90 168 68 156 100 87 67 112 1 19 175 164 59 114 144 147 142 172 29 81 199 46 54 132 153 91 171 134 193 116 191 198 181 38 141 109 151 
73 137 178 13 163 159 121 110 55 16 57 106 76 50 118 89 88 45 81 59 64 103 200 17 143 47 98 174 18 60 51 11 199 189 52 54 20 77 71 95 39 37 83 116 1 74 165 126 128 195 192 21 132 167 122 43 119 117 193 94 58 168 99 19 112 5 176 154 120 63 129 49 53 69 28 153 41 151 29 113 34 4 149 35 48 187 9 46 12 150 135 90 155 38 
109 50 68 81 105 158 163 48 119 143 37 144 101 134 142 100 30 126 66 56 60 98 26 133 111 174 41 90 69 92 5 89 20 93 18 118 110 145 2 130 170 148 153 46 166 23 181 17 167 80 29 21 175 1 78 198 97 19 52 164 45 154 83 76 189 87 12 86 16 31 65 156 95 129 140 149 187 150 131 6 4 115 186 67 42 127 99 120 62 116 112 172 195 54 183 180 
22 51 113 97 74 32 62 146 85 125 128 38 167 182 100 65 190 56 163 104 21 35 54 108 6 171 197 120 106 172 33 75 53 187 42 19 39 181 194 45 153 40 136 91 68 8 183 3 150 47 179 107 17 50 20 158 115 103 166 9 141 61 142 18 192 58 139 127 69 170 173 198 145 135 191 177 13 83 30 76 133 157 49 118 143 27 15 10 138 180 162 23 156 155 52 140 78 168 119 149 60 109 12 152 93 102 26 94 66 
193 52 106 186 180 179 57 136 93 123 159 116 39 19 17 8 197 31 64 53 115 56 165 69 59 99 70 170 71 124 148 72 196 150 101 81 34 189 183 87 63 157 120 13 15 195 100 58 146 143 41 80 98 155 147 166 90 114 11 153 94 178 36 22 126 158 30 40 103 79 182 43 91 125 168 73 21 10 2 144 176 169 164 49 152 102 82 173 96 33 108 67 37 54 134 60 68 25 
87 173 139 172 133 18 70 38 74 34 20 115 1 121 164 76 64 79 46 109 69 42 196 61 63 119 185 145 23 41 36 75 40 130 113 176 129 53 179 118 15 83 30 90 163 116 160 165 10 107 86 21 191 8 198 183 132 199 134 117 151 68 19 35 2 99 95 100 156 138 88 194 103 28 108 141 158 157 162 59 72 6 85 159 
129 20 58 143 99 36 176 177 45 105 29 25 196 75 184 78 69 168 112 198 85 97 41 57 23 145 89 166 164 136 68 156 81 46 155 19 7 125 49 55 87 40 6 79 187 182 165 142 59 157 127 3 77 38 76 183 171 114 109 116 96 199 137 167 189 60 126 90 173 61 144 10 54 88 133 27 197 118 24 124 65 122 43 92 108 11 121 37 21 8 170 63 140 154 35 192 71 150 151 
35 114 96 22 104 9 167 136 120 119 110 31 18 140 10 53 85 197 146 115 109 187 116 67 26 64 32 79 159 186 73 66 181 139 43 108 19 157 78 102 5 103 107 70 200 156 131 29 86 143 155 59 192 36 193 126 37 172 162 71 149 184 75 54 154 4 15 60 195 127 100 57 34 61 174 177 178 89 3 63 49 112 30 188 65 77 171 121 142 161 58 132 88 56 52 163 55 168 199 84 
41 66 100 65 150 130 158 1 2 161 149 31 97 117 75 70 126 168 80 131 133 4 48 79 40 85 163 175 190 98 58 18 105 16 135 118 177 36 183 96 10 64 120 49 59 196 155 61 148 91 188 159 189 146 181 25 42 63 73 89 147 199 173 54 14 103 55 46 12 171 22 53 178 194 176 83 38 122 143 90 109 67 169 32 21 129 170 124 115 154 140 160 110 182 104 142 37 192 184 71 60 15 76 180 28 137 17 119 7 164 62 111 128 
85 46 95 127 116 14 66 142 15 60 111 161 189 107 75 45 82 157 121 58 170 54 153 16 163 166 198 97 183 102 25 136 24 35 196 13 19 17 69 80 71 123 29 113 83 146 106 90 143 190 50 108 199 12 122 96 51 160 147 57 182 162 135 6 119 68 134 164 200 137 78 39 79 7 101 76 171 172 9 187 184 149 139 48 159 30 145 120 65 173 177 23 37 53 144 133 185 89 112 52 86 188 1 
35 115 30 95 17 112 119 4 100 177 179 45 189 57 168 146 65 93 78 140 138 25 46 39 89 170 183 86 29 123 176 22 149 75 59 99 190 52 87 197 139 130 133 3 23 132 125 60 151 12 42 153 50 150 127 166 195 128 148 6 62 48 69 174 162 171 152 98 96 181 33 34 5 67 129 81 156 15 7 21 120 113 185 2 106 18 37 193 8 68 109 172 200 136 70 26 192 97 72 161 27 91 
81 171 66 99 51 6 86 12 76 73 145 65 194 59 130 58 20 133 157 172 5 138 126 97 9 16 41 71 111 105 79 43 3 100 46 199 30 10 188 156 153 112 109 4 84 115 53 35 2 25 154 159 169 123 7 32 11 140 18 117 119 23 136 116 132 50 95 83 107 40 166 200 163 19 29 28 103 197 175 189 170 98 128 96 57 36 190 44 101 87 54 148 34 75 151 37 90 1 89 174 
84 81 26 185 72 131 85 76 7 100 110 200 93 173 168 98 75 120 171 134 164 25 111 13 126 174 37 129 115 122 198 49 65 45 53 61 107 104 180 136 188 105 68 30 36 133 191 138 193 8 22 92 116 165 170 89 119 94 91 149 123 43 147 113 101 15 28 58 135 46 108 51 95 48 9 19 79 23 153 77 199 117 54 5 152 62 69 99 118 80 32 162 
124 39 1 18 178 64 52 82 125 147 17 53 180 179 115 134 40 95 108 77 169 185 170 104 61 8 107 181 20 80 31 110 106 47 12 100 138 23 176 160 96 37 137 89 144 200 66 158 131 162 182 62 19 25 190 105 85 33 141 156 9 97 4 139 172 187 3 30 164 26 153 192 13 49 145 50 119 114 173 135 28 191 130 142 55 48 86 41 93 42 166 174 24 56 6 146 194 159 188 175 88 103 
145 198 54 36 93 95 17 12 47 181 56 83 192 177 174 96 27 40 14 67 159 49 105 39 32 21 116 160 88 45 149 3 101 55 70 157 155 165 38 189 118 30 8 152 135 136 15 146 78 180 172 51 184 13 4 87 138 133 129 107 71 126 69 106 19 68 147 57 154 72 16 48 53 161 200 94 195 166 46 153 92 79 108 104 86 66 199 64 144 164 2 28 185 125 89 97 120 137 73 37 186 141 85 10 131 130 115 
164 143 191 90 12 26 25 129 154 181 42 40 73 135 33 36 195 187 165 58 20 192 167 91 101 119 138 78 57 173 188 118 110 155 106 107 24 162 67 81 17 38 175 115 22 112 125 4 7 87 18 80 172 144 27 54 15 60 194 130 19 84 70 179 133 131 104 163 151 152 156 64 53 47 157 63 72 158 170 95 147 134 31 62 28 88 89 51 136 171 2 69 66 109 8 99 168 11 92 145 34 161 185 30 13 
8 31 57 110 41 74 49 1 62 173 117 198 56 3 193 47 54 166 45 104 51 6 5 35 189 46 137 61 164 17 30 133 68 21 95 2 199 34 80 149 191 187 155 144 172 184 154 86 92 85 131 105 118 140 73 108 42 181 18 192 114 185 25 14 147 142 24 168 100 93 195 125 23 124 180 102 146 103 177 50 126 194 10 163 88 196 106 16 158 139 123 141 55 32 159 151 120 67 58 81 78 29 138 11 97 115 
196 50 139 63 45 148 59 112 149 85 51 172 115 198 162 159 80 7 188 170 192 126 142 39 40 84 141 101 12 165 99 199 157 130 48 8 174 135 177 88 68 4 93 106 122 83 15 64 82 55 181 3 143 103 121 25 123 164 161 104 195 176 54 156 110 71 87 56 46 145 9 151 94 60 42 77 58 191 89 155 113 117 105 75 144 96 97 11 76 180 187 150 57 179 23 134 37 18 67 10 36 24 154 109 70 91 26 
152 197 102 117 183 186 31 127 136 160 170 14 94 80 114 90 140 119 61 9 149 60 67 184 105 118 169 55 46 68 125 159 7 158 157 48 41 177 121 195 100 72 173 91 13 57 192 75 43 10 120 25 66 73 151 153 189 69 133 182 106 113 137 154 155 32 122 139 146 156 65 53 165 24 50 110 8 145 174 101 70 96 191 141 126 92 86 15 28 22 17 83 130 162 134 129 19 38 104 40 21 128 107 
23 122 49 79 178 18 173 57 76 15 146 153 19 84 45 25 7 174 171 78 35 101 77 70 136 55 157 40 61 1 167 20 102 50 82 13 133 187 170 124 139 110 168 159 142 37 118 112 96 130 151 11 44 125 21 103 176 113 169 12 28 135 16 143 51 17 65 73 22 145 4 180 39 69 83 63 155 99 181 162 9 100 184 74 98 54 158 26 52 129 
193 132 195 95 17 113 1 35 53 98 38 170 104 159 152 163 111 21 59 119 175 144 48 109 151 39 90 44 61 96 169 122 149 150 145 56 180 196 136 199 15 71 91 153 72 37 198 110 89 189 46 106 129 32 162 2 112 116 76 165 93 12 187 65 43 172 155 34 20 114 30 88 142 102 60 140 84 141 73 42 164 40 118 77 158 51 62 188 67 147 5 138 148 36 54 7 63 41 200 26 184 117 100 33 
165 183 108 48 125 167 74 168 102 186 15 110 25 80 103 89 118 3 178 141 70 129 106 34 176 154 1 171 109 155 158 175 20 54 24 51 127 198 30 41 28 140 14 21 39 104 150 157 194 55 121 197 23 136 172 162 10 19 193 95 126 38 112 100 88 174 105 149 47 191 93 134 113 177 58 190 36 184 116 139 98 166 27 99 22 192 189 179 124 132 33 85 26 161 8 7 35 163 17 56 43 49 94 78 18 65 199 
69 168 92 106 128 62 133 96 89 115 145 28 152 102 20 161 30 78 120 126 11 80 47 124 174 8 57 75 159 146 100 49 45 79 6 63 99 185 182 5 175 23 17 186 150 66 139 130 170 166 183 189 104 113 108 52 25 48 60 64 72 1 123 121 114 2 155 158 188 105 181 27 132 154 70 172 18 117 35 140 37 157 171 36 119 125 180 32 143 95 197 53 112 178 42 167 43 33 38 97 
177 61 24 48 178 1 139 160 186 11 167 137 190 179 188 198 41 200 172 8 125 55 90 4 119 159 58 196 126 59 98 180 113 81 7 173 176 73 124 6 12 78 128 72 47 87 17 130 14 40 121 54 189 43 45 22 85 182 18 31 147 197 149 170 13 132 38 155 118 76 53 16 134 143 9 10 105 49 57 187 80 102 142 181 95 166 175 133 3 91 68 120 
36 193 16 50 140 142 146 26 155 136 112 57 104 67 190 27 100 17 53 68 32 147 199 58 97 178 46 22 138 196 168 29 42 177 162 66 184 75 74 8 101 117 30 166 151 7 21 192 134 163 24 130 135 96 133 69 64 31 73 179 92 84 189 108 93 159 174 77 165 131 200 86 5 185 139 123 35 129 44 52 195 82 141 103 15 126 34 18 115 110 2 70 45 132 160 39 127 121 49 55 116 182 114 51 183 56 38 78 122 
156 163 151 41 75 23 32 196 18 9 94 77 171 134 180 46 154 68 79 90 199 10 19 136 125 197 179 133 2 143 165 35 71 120 66 111 1 152 5 141 40 161 175 54 38 101 98 37 6 47 30 93 29 200 17 144 178 105 63 127 13 70 16 109 162 191 89 170 95 173 164 140 142 53 108 167 72 147 20 100 132 51 155 74 15 85 14 42 21 137 131 130 139 113 25 119 150 138 39 50 107 48 
155 84 26 195 44 13 103 136 107 120 41 180 53 54 33 121 175 113 165 30 35 185 78 146 110 97 109 147 49 75 12 160 168 71 19 197 104 48 76 92 46 140 193 129 17 112 145 36 65 72 137 152 88 50 61 32 27 170 57 11 105 198 99 199 169 25 38 164 127 173 161 190 157 111 108 63 31 135 6 67 34 191 24 142 151 128 102 101 20 56 15 51 43 66 154 
28 61 161 108 180 117 15 41 196 145 3 43 16 4 116 107 54 147 44 177 195 20 136 39 125 96 169 74 199 173 153 31 158 174 185 172 130 160 35 129 87 144 135 143 38 23 115 82 92 181 68 89 75 189 162 56 57 53 76 127 191 33 19 97 7 111 164 183 66 30 114 10 42 184 6 137 197 47 11 157 112 95 106 91 17 34 78 194 178 141 77 93 26 139 32 22 190 12 81 67 163 62 200 
63 62 163 133 41 91 40 108 186 18 168 185 161 73 83 88 189 122 32 67 110 143 200 187 144 196 147 142 43 134 192 23 150 76 51 157 169 12 47 158 180 70 28 82 68 35 107 93 156 71 125 31 128 155 167 1 129 188 81 117 27 120 164 75 95 183 166 154 72 119 151 174 136 102 146 69 139 42 126 106 50 90 99 100 130 9 54 118 195 86 45 173 78 96 15 16 74 
175 27 159 194 181 63 179 110 69 136 60 38 24 67 169 102 96 193 182 174 30 151 133 162 150 3 171 114 36 84 147 35 168 23 117 189 158 163 98 116 177 107 9 12 86 108 4 92 178 118 49 145 197 61 76 122 154 62 137 16 70 139 66 17 99 125 58 7 115 53 188 176 2 46 81 148 79 112 180 37 65 95 97 18 153 109 135 72 157 120 172 89 10 91 43 31 20 50 165 192 
69 96 132 103 20 182 110 99 181 124 177 174 161 121 146 84 94 58 160 73 187 33 98 111 153 71 12 60 176 40 172 88 24 180 4 25 169 21 163 38 117 193 76 158 150 106 5 89 129 44 115 164 64 3 125 19 90 61 9 79 54 47 162 133 6 142 15 108 14 188 81 55 147 192 168 78 102 46 65 118 59 120 191 114 173 113 97 152 198 131 116 196 195 43 143 154 49 
134 1 152 52 125 79 8 87 105 196 167 183 15 168 113 85 55 124 147 103 195 35 76 67 177 157 163 99 60 118 97 11 160 22 172 137 75 30 116 129 139 101 143 110 166 3 115 102 155 63 77 100 18 185 120 28 108 199 88 96 73 27 158 142 153 184 23 53 51 188 34 128 5 37 13 121 26 7 56 161 32 98 90 19 193 104 135 2 83 150 10 50 25 111 162 180 197 42 106 59 109 48 
77 200 133 189 95 183 47 18 49 99 154 174 56 12 182 110 116 178 106 33 173 57 19 16 146 59 135 58 104 86 163 78 136 198 2 144 24 9 100 112 43 196 65 147 26 149 50 193 180 184 75 89 41 121 155 139 162 13 97 22 71 103 74 88 186 52 141 27 85 148 118 113 94 81 120 138 111 140 124 15 109 127 105 23 37 3 32 46 82 42 169 102 179 11 73 61 17 64 165 185 129 192 63 
27 126 189 79 30 175 93 14 38 110 196 142 6 15 191 64 32 97 125 109 9 20 131 141 158 82 143 130 12 134 96 44 39 127 1 155 57 42 33 111 102 135 118 117 157 101 107 192 75 133 182 173 105 54 177 100 78 172 5 10 139 113 65 149 150 165 95 28 59 174 163 166 73 154 86 62 52 34 22 41 43 151 136 24 103 91 132 51 114 122 123 50 194 170 45 129 
121 182 99 156 191 2 198 83 134 34 97 7 54 35 179 23 71 72 66 22 158 162 63 18 49 163 155 77 165 50 43 118 12 70 152 57 106 176 111 88 117 93 113 11 114 110 154 29 140 142 20 132 193 196 4 19 94 90 86 109 190 186 107 108 120 82 41 125 129 16 168 33 89 194 124 9 76 36 123 44 189 147 73 112 6 28 74 81 183 131 122 62 75 38 171 137 52 84 51 199 
48 158 185 68 167 23 145 192 146 157 34 100 179 119 172 92 80 65 142 152 75 37 171 135 74 72 123 103 21 81 113 122 170 79 11 59 150 194 42 57 8 111 159 109 18 40 132 38 15 25 99 55 136 85 61 26 52 94 89 71 83 187 118 5 29 1 58 155 174 112 188 70 67 131 35 53 178 153 24 91 156 16 90 166 88 78 163 6 49 160 115 144 154 69 134 130 125 124 
7 93 125 115 28 24 53 12 94 159 160 85 161 191 13 88 92 15 50 116 75 110 148 168 87 146 176 64 103 197 111 45 72 2 163 33 123 16 51 167 171 83 42 107 182 130 67 22 77 47 11 121 138 3 49 112 90 198 32 71 31 127 91 144 199 152 63 74 69 58 126 70 9 175 25 136 192 133 95 174 195 149 169 155 158 27 35 36 78 170 23 122 177 39 100 153 154 
137 63 172 138 22 48 109 13 167 5 195 51 184 175 35 110 8 146 113 149 72 129 73 80 19 71 44 37 185 169 116 27 43 60 176 9 21 104 18 82 163 150 50 91 39 174 92 179 142 38 25 144 190 33 191 69 128 108 162 30 17 159 200 106 99 4 55 86 120 136 47 34 65 7 124 90 32 160 81 62 56 84 42 164 180 12 28 
127 200 55 29 104 110 141 63 27 179 49 60 96 123 106 111 173 166 175 22 25 156 66 181 53 38 189 72 83 177 117 8 2 65 169 186 188 147 198 62 17 167 73 149 174 6 15 9 136 116 154 155 191 98 178 113 185 45 89 130 194 4 46 124 172 92 36 87 118 121 82 3 42 190 192 150 61 30 52 93 164 184 16 5 19 109 41 47 152 78 80 101 151 183 18 14 44 76 95 128 132 71 114 90 91 67 33 103 157 100 
22 38 150 27 180 2 104 26 51 93 164 40 86 176 175 72 73 178 198 28 17 63 169 160 43 153 81 29 61 82 8 106 69 14 30 139 68 83 141 172 145 74 4 79 48 99 97 36 155 132 92 182 137 32 192 96 190 77 167 64 157 193 146 187 136 112 65 152 85 25 109 18 80 7 134 188 71 13 47 46 3 5 135 10 39 31 173 122 45 60 151 186 118 89 162 66 147 54 94 181 149 108 124 171 154 
18 36 118 29 56 125 3 177 200 7 184 189 165 162 58 171 42 136 59 192 175 199 116 195 87 158 140 112 137 52 159 183 45 152 169 92 172 180 75 79 76 163 149 155 94 102 156 37 10 104 32 106 73 47 72 78 103 16 63 111 13 129 1 9 191 131 114 65 85 141 46 19 148 126 44 30 197 168 22 80 128 86 70 6 99 110 179 2 193 20 105 21 39 
84 140 149 112 22 23 37 199 65 145 49 24 119 133 44 147 105 165 151 158 91 70 68 189 80 101 175 31 136 184 43 60 15 192 174 104 131 194 157 30 176 129 92 113 11 48 64 191 77 38 123 143 14 122 82 16 53 103 47 55 161 19 79 12 42 171 52 195 3 198 178 87 32 35 50 114 128 89 5 168 183 188 93 83 134 94 1 169 200 146 173 120 177 127 139 81 90 152 54 155 41 2 138 
10 59 87 101 137 9 108 156 45 93 49 110 32 64 142 43 3 148 163 113 74 181 185 151 56 123 197 20 129 102 85 179 91 138 69 65 94 195 109 175 131 80 194 55 178 82 162 66 42 199 44 15 191 18 139 118 7 146 68 133 8 6 62 120 99 190 106 141 183 114 130 25 11 12 168 111 150 30 17 77 176 112 115 166 31 72 36 160 200 140 180 78 152 92 161 119 24 53 29 122 21 97 164 96 
180 125 194 48 129 11 157 75 69 83 19 82 10 152 111 165 36 181 102 184 173 43 105 169 56 139 163 170 9 22 77 92 183 120 81 199 116 122 78 176 187 76 155 24 200 100 74 99 17 68 64 7 53 128 171 31 158 98 145 162 73 117 35 175 3 12 15 179 138 113 32 196 188 33 79 130 18 107 60 21 55 39 134 5 85 93 119 87 156 57 101 1 115 
167 166 162 160 200 175 194 113 178 74 191 37 31 179 124 1 177 150 133 69 155 34 38 28 15 199 107 161 79 93 52 114 56 144 40 42 123 149 151 152 49 121 189 67 4 128 86 84 9 183 44 75 30 130 57 164 198 137 134 26 182 171 108 83 48 87 14 140 22 143 127 41 131 118 43 94 10 19 168 77 146 92 101 54 188 141 12 116 78 29 197 21 132 104 82 63 46 32 73 72 111 51 135 7 102 145 
128 24 99 19 166 1 127 115 65 186 57 149 195 138 101 175 41 26 116 21 117 171 88 112 179 77 131 143 103 122 152 199 123 140 71 76 81 107 2 137 142 4 42 108 49 141 46 75 135 53 91 113 30 29 83 144 180 36 184 168 147 51 15 150 56 100 89 93 33 70 61 159 79 82 183 177 119 164 64 146 145 173 151 95 39 17 133 129 158 114 78 136 92 125 98 130 20 176 185 28 62 154 74 192 169 3 132 
58 128 173 94 39 53 56 195 4 152 86 184 59 70 178 32 115 76 19 144 64 75 136 167 5 192 97 38 154 54 197 8 148 150 47 139 194 29 66 72 87 90 68 138 162 16 120 74 118 40 153 89 183 48 199 129 95 114 122 79 187 151 104 174 163 43 55 7 149 2 30 25 88 109 57 121 31 158 9 42 170 176 156 168 119 14 126 73 105 60 106 45 10 34 
198 130 13 165 103 47 164 180 106 113 141 44 177 155 39 134 27 138 188 197 68 95 29 92 4 64 33 167 86 75 144 151 178 49 193 149 66 87 37 128 154 152 170 126 55 90 24 196 140 74 161 158 30 88 56 110 132 176 15 168 199 1 17 173 85 118 22 58 109 83 52 77 70 65 59 46 25 172 98 111 116 82 91 166 195 129 3 179 105 20 123 114 67 127 100 142 89 73 41 146 148 174 
11 86 6 7 99 71 98 159 44 182 35 126 172 175 117 150 103 178 72 59 154 24 196 67 112 158 130 140 124 87 135 134 189 63 152 111 29 168 13 194 38 121 115 66 197 174 54 76 15 181 4 100 164 199 198 55 52 90 61 39 36 48 180 51 187 10 82 93 81 95 162 43 107 41 42 56 144 149 145 110 49 40 94 26 68 177 139 64 31 96 78 193 163 17 132 69 8 131 108 46 146 173 45 190 92 27 136 
97 157 132 23 91 50 13 41 92 34 27 126 187 77 113 40 7 186 142 192 82 73 42 79 14 63 47 130 184 94 81 36 3 135 78 95 177 56 172 6 156 121 19 85 174 115 9 200 89 112 144 39 74 123 183 103 109 22 98 153 12 69 118 38 93 18 25 101 87 162 119 141 68 99 180 125 169 194 11 190 76 152 46 62 150 108 28 168 51 49 80 116 16 189 90 159 166 196 
196 95 88 178 53 63 138 51 190 34 69 73 29 46 4 12 136 200 149 176 38 101 147 39 151 125 48 109 114 192 97 162 193 118 121 47 198 72 153 105 108 122 96 123 143 180 92 25 6 131 9 117 164 182 52 3 70 87 165 15 140 150 86 130 21 103 195 188 18 183 54 184 115 99 94 134 91 189 139 128 133 81 163 174 41 154 93 22 45 104 49 17 119 161 5 
45 143 76 146 115 8 197 82 9 181 3 32 148 85 110 153 27 22 135 158 103 78 175 46 130 100 139 200 80 40 90 101 157 151 126 137 149 62 55 163 106 124 6 170 96 19 36 194 53 13 37 118 132 156 138 127 10 70 49 154 174 7 152 87 185 173 191 123 198 134 81 38 71 166 44 131 179 95 121 116 136 97 68 102 88 72 165 119 1 47 54 41 172 25 61 18 83 145 51 33 109 93 30 142 67 161 63 52 192 184 189 48 
62 174 154 58 82 196 94 4 150 105 12 84 177 185 36 135 95 92 96 64 71 103 145 11 1 42 59 190 162 187 44 195 137 57 170 108 167 45 110 163 131 126 169 31 37 168 29 125 91 139 19 102 7 186 175 143 159 81 16 28 192 116 79 199 140 52 80 181 5 153 99 73 49 54 3 191 87 2 27 55 171 14 33 133 104 118 155 43 141 15 56 83 47 134 66 70 93 117 86 98 106 78 146 
107 106 67 91 101 38 60 130 117 74 24 68 47 50 90 123 125 179 65 118 85 57 115 200 35 173 95 144 137 27 102 49 143 191 171 51 99 142 44 166 131 32 111 18 134 160 23 94 178 170 139 52 43 88 188 77 3 11 16 167 79 198 162 5 59 108 138 132 2 58 185 184 36 194 103 190 169 9 105 148 12 156 81 161 14 83 55 127 183 41 163 61 172 197 140 42 121 192 53 182 39 129 31 155 
75 28 191 13 164 5 72 181 47 118 69 153 14 119 112 180 73 177 103 92 68 7 139 11 46 178 173 36 37 88 129 15 140 59 8 66 114 64 61 1 190 40 198 106 166 96 3 23 122 104 49 110 152 18 149 169 123 53 91 97 143 60 167 138 16 24 186 132 151 31 77 4 116 189 183 74 43 83 127 56 199 54 55 63 90 170 125 27 71 133 107 76 162 174 65 85 6 45 109 134 78 2 111 42 175 194 48 197 
171 183 17 92 144 37 28 132 35 68 119 169 72 113 41 48 47 46 27 117 5 98 101 24 9 154 143 120 54 59 62 134 192 194 26 81 167 161 88 172 61 184 18 99 137 129 147 44 175 90 139 173 181 195 168 82 170 128 152 108 135 200 196 153 124 32 162 11 49 63 34 67 115 131 55 50 163 104 156 158 142 126 97 31 106 13 85 65 91 166 66 75 16 39 121 73 105 112 136 110 93 21 70 22 
91 12 196 128 69 58 192 150 36 55 39 135 145 2 14 142 94 51 183 83 81 79 195 77 72 43 114 13 169 57 116 149 134 95 106 46 188 109 156 89 199 185 111 164 17 179 170 175 33 78 122 16 21 189 104 157 132 171 151 47 62 66 127 161 9 53 200 144 34 113 190 42 90 44 197 174 124 22 120 11 20 148 85 176 118 168 126 99 158 159 125 25 153 19 143 88 54 73 40 193 133 177 
40 67 19 184 103 187 110 112 133 111 61 47 157 146 190 12 178 54 34 43 180 76 159 56 113 134 89 57 135 122 79 121 38 125 73 114 82 93 29 117 31 50 196 18 63 9 144 3 151 59 27 150 173 197 30 52 131 166 77 90 7 10 35 94 192 140 6 69 81 152 8 130 58 153 75 199 188 92 154 100 96 80 62 200 91 120 66 115 186 193 84 107 33 194 191 95 64 141 101 165 1 21 179 99 189 132 198 158 105 195 108 162 53 
169 180 21 163 2 137 58 39 183 81 79 182 103 57 131 71 168 59 107 43 89 124 60 7 146 106 74 84 14 37 72 54 73 135 50 38 86 156 134 177 125 83 46 130 96 70 11 66 102 25 166 121 186 111 172 64 171 185 181 49 3 29 8 112 30 150 136 149 104 61 138 42 127 40 110 115 116 176 63 128 76 165 148 31 35 195 179 157 15 69 122 68 190 62 
69 151 54 107 49 52 6 184 84 70 63 90 8 58 149 71 47 153 91 86 191 61 102 28 9 186 15 75 87 27 165 162 181 175 23 174 154 122 60 20 126 138 133 117 128 73 48 189 68 42 127 195 163 35 196 103 135 46 141 30 62 142 125 93 98 34 118 79 183 159 172 45 10 171 77 104 164 152 158 185 33 95 43 65 197 123 38 167 19 178 89 56 170 132 147 92 116 83 18 140 199 187 39 64 
111 6 61 49 168 143 181 133 177 68 4 169 44 25 83 59 165 42 188 13 48 57 85 132 126 156 2 110 144 137 158 24 118 159 55 125 112 176 124 38 105 196 29 170 87 62 79 150 91 175 82 9 149 187 171 127 51 114 97 178 146 70 78 141 46 119 3 92 32 163 161 5 84 173 107 33 180 194 66 166 60 93 109 189 95 20 10 99 198 157 18 12 140 39 116 21 200 7 67 139 191 35 164 
118 52 198 161 189 165 33 142 104 157 100 164 58 148 117 192 182 190 172 159 97 20 133 42 132 119 50 47 85 196 139 70 57 78 156 150 147 120 106 5 125 45 152 115 111 81 96 22 94 135 131 14 41 123 180 39 173 160 107 80 188 177 184 13 102 90 129 149 2 200 8 103 73 167 89 134 28 79 38 62 54 95 3 67 16 37 43 69 6 12 187 34 140 56 194 137 153 
57 151 26 36 22 3 187 112 95 61 1 40 14 198 73 129 96 138 31 12 71 108 152 115 179 200 149 78 182 196 23 177 52 102 70 139 97 10 162 28 77 83 32 172 122 194 186 65 33 148 142 170 72 173 99 114 25 171 127 143 197 103 85 9 60 137 53 140 141 168 20 111 24 160 133 45 49 199 195 163 174 4 128 191 37 106 16 120 125 164 8 50 135 153 18 17 105 159 94 38 43 193 110 
160 169 49 3 47 129 196 177 200 42 116 27 80 152 2 15 191 125 135 197 144 155 167 22 137 132 13 30 161 98 29 55 172 133 119 168 39 7 186 14 109 199 12 28 41 112 23 158 34 40 130 91 92 36 25 105 45 84 96 128 93 173 153 83 147 121 8 37 190 131 74 187 65 148 136 9 157 77 176 6 60 43 117 10 18 44 48 134 100 194 163 61 127 69 178 95 67 31 145 179 82 99 164 182 
153 117 83 67 74 135 10 179 39 171 21 7 136 4 149 134 51 26 28 75 58 163 92 84 119 172 50 77 15 161 114 184 3 24 64 190 200 193 174 20 79 90 126 23 168 150 31 54 139 131 13 48 36 91 120 198 86 30 12 129 144 101 95 124 169 165 115 97 5 123 157 104 88 155 41 121 192 49 76 138 1 18 142 127 146 130 122 106 94 14 178 110 96 82 16 196 111 118 113 143 187 128 177 162 89 65 35 8 156 80 71 
2 161 108 75 154 65 62 192 84 149 94 164 29 56 175 188 83 85 8 120 54 1 19 136 142 112 121 59 67 41 157 116 107 138 109 9 134 101 173 178 48 169 44 40 17 78 146 89 68 7 187 132 144 21 153 195 79 133 20 171 15 72 162 125 26 6 148 168 27 53 77 177 42 28 69 18 198 82 32 51 43 23 117 140 16 25 110 193 97 58 63 37 3 191 113 73 
120 182 130 19 9 117 123 108 128 191 51 24 56 142 63 85 57 71 114 28 34 68 30 6 192 47 143 150 2 148 133 140 10 93 35 86 18 87 99 179 106 141 39 198 94 29 79 119 160 194 88 64 165 145 82 187 188 36 23 54 3 26 124 60 46 136 173 5 185 112 157 70 13 155 129 158 105 67 16 125 174 97 14 159 121 7 151 102 115 131 161 167 
37 125 5 173 174 26 123 30 50 104 157 49 15 187 151 120 199 150 124 87 165 161 163 62 98 177 116 106 43 64 20 83 17 92 3 16 142 24 133 69 36 34 184 181 135 101 170 46 27 72 48 56 31 4 134 136 166 84 105 79 21 119 41 99 156 40 51 71 147 10 23 111 102 155 18 8 108 176 117 127 189 143 25 12 33 180 138 149 14 1 89 182 137 141 145 107 
106 76 19 23 33 93 107 149 22 122 154 1 102 82 34 42 6 197 125 115 67 179 196 188 26 71 29 164 127 9 198 37 7 165 69 184 194 63 147 62 44 169 50 94 73 116 66 187 91 189 95 139 98 80 152 146 163 172 108 171 16 36 53 174 182 114 124 58 123 85 200 28 32 104 103 87 153 148 60 14 138 47 75 144 43 158 79 55 57 133 137 186 17 89 101 81 40 92 192 20 135 88 
34 166 35 157 146 183 112 155 79 38 178 182 99 76 80 48 190 139 84 53 60 32 96 94 114 119 170 75 118 45 127 177 133 74 194 83 192 11 86 85 37 189 163 152 55 105 180 63 143 8 144 46 10 12 198 159 7 137 3 21 50 2 78 9 111 188 135 103 69 199 150 125 97 195 66 26 72 43 6 71 148 19 179 164 110 167 106 5 104 191 88 108 171 89 124 165 109 56 52 49 54 158 196 29 14 
154 155 164 76 22 14 109 169 24 175 74 102 101 148 27 75 116 171 34 187 142 184 1 73 19 6 42 49 180 122 195 32 125 85 127 29 3 17 68 112 39 106 197 95 153 47 58 145 59 94 113 191 77 181 114 111 91 182 158 4 45 61 20 63 189 137 134 54 18 69 103 9 50 124 37 147 11 162 166 36 174 183 194 43 118 96 165 136 192 105 156 15 86 10 151 7 44 119 157 
106 162 1 142 8 174 20 3 96 54 4 121 184 140 118 42 183 173 37 57 165 53 41 114 60 29 167 115 145 116 179 81 71 66 151 163 105 38 159 58 139 143 18 193 149 152 147 192 126 11 154 50 120 47 40 95 94 82 13 32 178 5 15 36 136 27 160 2 164 83 108 194 117 84 168 19 62 43 110 72 146 200 86 85 45 124 153 195 181 148 122 68 180 199 99 17 112 175 135 172 100 61 176 91 109 
70 72 192 31 15 18 111 16 10 106 77 121 120 25 199 146 27 61 73 115 5 138 75 56 67 40 103 69 137 173 91 22 6 153 9 97 159 164 14 3 128 11 83 63 144 86 150 102 89 71 135 181 4 2 79 29 117 126 50 197 76 127 37 151 64 176 47 66 140 177 188 80 129 139 13 195 93 32 168 161 41 183 90 42 134 169 43 124 54 94 118 130 122 12 160 84 113 52 148 105 85 51 123 30 180 
82 78 10 196 48 186 158 25 51 152 153 47 79 66 118 49 150 61 167 9 113 115 193 11 63 181 45 108 149 92 43 126 180 128 36 18 168 175 146 86 188 157 192 122 29 26 24 95 116 136 138 147 105 15 144 104 37 109 55 164 184 142 163 154 125 191 160 39 21 155 102 124 73 114 33 169 96 170 198 76 16 178 85 183 111 117 182 70 89 65 119 112 74 162 94 31 199 100 19 131 151 166 148 84 133 28 165 
9 46 94 177 35 116 12 90 196 195 85 93 64 119 8 96 18 55 88 153 110 147 78 54 48 105 56 179 152 122 197 60 21 15 69 87 124 142 173 163 80 193 26 130 139 164 50 76 128 129 38 176 136 5 112 175 180 120 16 45 70 57 27 117 43 151 168 73 62 125 194 44 118 39 154 113 74 25 13 51 166 150 100 123 75 133 141 109 182 106 42 59 92 161 132 32 3 184 31 
99 178 98 57 102 4 29 81 131 52 135 101 106 86 65 148 94 54 76 80 116 70 67 47 142 3 18 64 143 170 151 68 195 134 163 111 145 87 119 137 139 161 198 75 177 126 93 82 128 6 72 156 197 124 150 71 14 147 189 185 173 90 5 164 23 141 107 165 167 79 192 35 16 157 8 38 109 1 152 171 85 33 191 42 25 154 127 158 100 132 125 140 96 89 73 112 168 181 97 180 88 40 61 
12 17 165 199 84 146 43 16 113 36 163 8 128 177 141 153 162 187 62 159 101 49 74 179 196 157 52 145 166 51 46 25 2 112 88 106 100 69 174 103 90 178 59 44 121 3 169 24 70 14 197 130 57 154 58 35 23 47 79 124 136 167 105 28 114 98 95 116 86 129 75 123 55 185 87 119 32 22 37 142 156 4 122 181 54 67 133 150 170 131 13 161 30 186 92 21 77 19 
188 49 15 81 120 46 66 28 72 13 158 139 54 86 107 200 175 126 145 9 22 26 152 125 182 73 97 114 35 51 74 157 111 144 23 134 8 173 21 112 195 171 199 191 143 187 184 104 162 58 31 85 196 129 119 93 146 64 133 108 154 103 165 102 170 71 177 30 52 164 166 77 55 17 150 123 115 155 147 75 198 106 128 190 76 186 193 149 148 32 98 172 29 
33 109 43 5 88 102 185 66 136 77 146 191 64 177 90 78 92 154 129 68 31 10 107 180 122 144 123 166 32 138 20 151 121 135 34 82 186 169 196 103 170 86 71 130 38 50 14 125 133 104 111 49 112 3 94 113 53 74 46 142 23 70 148 51 150 41 54 197 84 89 35 58 83 100 2 173 1 189 116 13 187 141 30 47 85 80 182 132 59 184 147 24 200 93 152 52 179 115 79 114 6 164 167 172 15 
68 101 159 122 20 111 196 24 2 5 79 106 81 34 43 151 120 86 133 11 64 176 82 142 150 171 17 127 72 126 21 15 36 172 42 55 158 105 26 40 163 63 198 37 69 1 177 165 182 77 50 160 118 83 32 188 46 162 181 109 193 102 45 51 25 61 60 38 95 12 167 189 93 67 173 175 115 59 136 87 85 121 3 7 108 180 71 185 194 123 35 58 6 114 23 153 29 169 103 132 179 113 
100 110 136 64 88 147 61 180 153 36 139 183 193 128 151 19 187 137 33 101 58 196 86 113 11 145 178 127 35 12 47 135 161 121 55 181 74 79 59 120 23 66 158 50 150 118 82 162 198 103 10 78 22 172 99 189 199 148 48 31 5 54 94 106 77 37 8 123 42 108 75 174 18 28 29 146 56 81 85 93 190 156 15 170 143 105 34 
25 187 64 165 147 45 145 161 92 41 38 177 85 168 10 74 86 95 9 47 77 63 137 174 158 140 50 112 117 98 78 51 192 15 181 171 17 67 169 21 103 13 128 37 5 149 110 159 127 23 155 89 148 87 139 91 176 61 136 81 146 16 135 122 199 52 163 170 96 164 123 154 108 69 30 190 120 132 189 94 2 151 200 56 70 84 24 172 31 134 125 20 186 53 26 14 116 7 80 131 68 114 106 6 194 35 43 126 144 
123 15 89 92 57 91 56 38 64 197 153 102 177 128 192 168 67 194 65 189 185 18 78 115 127 68 60 86 166 141 172 136 164 94 41 188 32 22 181 105 84 147 51 200 70 111 11 144 106 190 125 69 184 26 114 48 50 31 47 27 16 88 9 62 193 76 132 53 63 174 117 35 149 80 121 2 112 199 152 130 7 4 138 179 24 116 83 173 23 46 159 113 12 178 
21 155 7 188 147 150 163 34 41 105 19 9 180 183 48 166 96 108 133 173 49 74 121 184 76 118 146 24 81 199 158 70 77 60 175 124 5 63 75 40 67 138 176 106 152 25 59 88 46 27 32 35 97 182 125 26 56 54 107 181 130 177 198 129 195 139 13 65 154 110 143 12 168 117 33 11 114 134 31 55 36 170 53 78 93 86 116 165 89 142 145 189 39 98 61 17 164 126 109 
179 21 66 113 132 175 96 100 32 187 185 8 16 150 105 154 164 176 83 2 153 146 137 159 48 128 194 64 112 78 177 161 180 124 117 1 22 7 109 196 54 131 88 90 67 106 170 27 79 34 193 80 158 3 20 52 136 152 104 178 188 72 24 63 87 13 9 76 46 173 49 148 47 160 28 191 127 142 138 144 149 162 74 75 102 15 5 70 29 198 155 44 141 40 165 163 81 
31 130 83 24 45 178 1 186 9 137 75 112 20 125 119 27 142 50 34 21 200 18 48 68 191 56 103 79 189 126 129 102 98 22 166 52 85 65 100 93 185 197 15 169 91 32 165 46 192 176 105 173 70 28 7 167 87 80 160 153 106 168 108 171 16 134 162 55 199 97 121 74 184 141 12 69 175 17 118 60 193 132 152 89 139 145 113 49 155 61 144 71 47 23 11 147 8 196 42 6 19 133 77 64 198 59 96 156 37 138 109 
84 3 74 135 31 139 151 176 154 95 122 92 51 136 77 120 47 186 9 187 180 102 42 143 73 144 200 150 158 46 87 86 174 28 17 30 81 129 2 192 185 134 167 7 149 26 70 1 90 76 14 85 34 93 89 50 191 91 25 29 65 182 18 172 5 124 141 48 13 132 99 69 142 106 138 23 190 116 75 27 188 44 37 153 88 166 128 152 131 54 61 165 60 49 22 111 100 146 160 181 195 161 
196 71 69 129 138 40 142 132 59 181 117 72 58 31 127 154 130 192 29 195 194 25 131 185 174 180 188 49 165 186 14 133 134 200 28 37 145 107 55 152 168 124 136 97 126 114 123 141 167 21 3 122 171 30 198 112 8 34 175 108 161 150 119 10 101 48 53 81 33 12 26 164 32 36 90 42 93 139 65 51 63 78 191 183 13 160 182 156 22 50 24 103 170 
71 50 199 169 40 183 152 188 109 167 126 5 49 138 70 93 39 120 175 94 184 105 111 117 64 185 168 78 46 55 160 77 159 23 194 68 102 150 151 170 101 153 29 145 161 147 123 107 99 176 7 182 34 122 158 69 47 24 100 28 53 177 192 164 62 195 18 84 196 108 56 2 1 97 63 51 119 197 57 154 58 132 165 112 14 143 73 155 26 9 181 31 134 82 187 98 30 166 198 128 125 106 32 79 121 142 75 129 157 115 81 42 
160 140 86 109 42 53 194 166 179 46 8 118 119 65 137 94 78 122 199 138 69 63 145 90 163 26 148 64 158 47 59 180 92 134 39 144 159 96 128 149 51 82 1 106 136 141 130 105 91 103 83 125 50 7 127 44 111 183 193 28 45 121 2 38 60 40 167 67 190 107 100 58 81 147 151 62 6 43 169 113 139 99 13 181 173 89 165 133 135 110 98 29 191 117 71 
3 61 80 157 184 111 147 12 22 51 164 108 128 54 163 53 31 140 102 79 67 40 123 175 99 118 141 153 62 89 45 100 173 149 16 107 90 17 198 55 133 43 58 77 158 32 191 24 56 46 134 47 11 78 19 106 37 136 13 86 112 142 30 174 177 150 120 115 190 94 105 179 171 4 197 59 139 199 176 181 76 71 132 72 85 81 117 127 155 34 23 25 192 166 103 87 131 26 21 66 135 38 
155 134 1 87 166 175 15 102 101 105 136 161 106 115 144 116 83 167 157 169 149 182 20 123 187 130 92 172 2 19 179 148 147 52 31 174 184 118 25 110 135 139 180 132 79 55 14 8 59 99 3 81 65 109 193 138 154 21 91 177 48 168 24 41 75 76 30 57 103 18 95 23 146 97 122 171 195 160 42 108 104 51 120 186 22 96 124 143 7 86 183 32 112 145 100 40 64 129 56 176 73 156 71 107 
52 164 156 90 117 61 143 199 125 134 56 120 132 163 33 60 140 45 190 74 29 133 34 123 64 71 59 126 81 173 180 141 174 170 91 63 30 198 151 8 11 72 46 147 115 194 43 129 2 58 17 118 100 149 14 4 88 28 73 111 80 107 154 116 96 175 37 110 171 178 92 113 167 48 112 75 24 97 131 124 184 188 62 10 25 51 41 135 165 161 122 197 65 146 189 137 5 70 79 155 145 
96 193 78 199 31 135 182 45 67 93 86 196 97 69 144 173 83 29 94 139 108 152 118 59 153 49 131 35 149 99 75 16 109 79 188 192 158 195 77 181 187 82 91 95 170 19 51 183 148 155 129 76 42 32 147 10 172 134 13 17 63 168 89 68 43 12 2 8 36 120 132 177 62 138 157 111 112 90 142 176 106 58 41 107 87 44 72 26 1 18 145 179 189 169 136 165 137 126 33 3 100 116 180 113 
178 85 50 21 113 62 27 8 87 95 54 99 176 92 152 19 171 124 83 57 127 94 67 68 145 12 164 23 100 125 16 188 160 13 81 158 154 193 35 151 104 84 189 153 196 182 86 22 128 49 44 60 101 170 134 36 26 40 76 144 149 114 14 199 41 173 138 167 59 105 9 52 179 102 61 82 78 79 163 146 65 77 89 69 96 80 177 51 46 4 97 108 198 142 131 31 75 43 64 56 32 93 130 
7 3 66 31 10 104 53 175 146 24 13 162 64 171 173 56 42 49 179 191 166 141 184 181 107 17 172 117 86 46 159 71 74 38 137 174 48 125 95 32 122 110 194 169 68 52 61 168 182 16 55 121 131 160 114 20 99 33 63 158 76 9 199 67 72 112 165 128 101 23 192 78 21 58 183 22 6 153 50 163 34 136 40 35 119 96 116 161 103 186 187 89 148 18 178 79 152 
58 151 68 126 90 171 9 149 83 190 89 88 159 22 10 173 121 118 178 196 184 78 38 64 163 92 54 28 36 33 1 137 70 158 7 72 110 76 170 60 82 96 188 193 65 31 128 181 124 152 80 15 52 25 127 21 104 94 134 43 44 57 61 174 42 136 138 66 166 168 51 122 99 102 112 56 169 87 160 34 131 167 67 125 59 119 100 197 30 75 4 154 198 117 165 2 130 6 182 189 79 
37 129 117 175 150 182 47 13 33 149 147 151 55 194 27 112 190 48 196 154 106 82 38 171 156 136 155 159 97 120 64 50 3 144 16 83 141 49 69 79 96 90 109 66 101 189 44 140 185 124 95 104 91 89 116 199 60 131 192 57 157 74 172 180 51 77 127 142 88 118 36 45 80 184 53 63 39 166 176 1 107 12 121 102 92 130 195 23 81 170 94 138 8 31 65 5 108 42 145 134 76 167 
161 121 132 101 23 123 83 51 178 122 72 45 60 164 50 69 10 12 169 118 61 85 98 78 44 77 37 165 52 145 57 157 170 80 79 20 47 168 75 158 162 140 156 27 160 46 149 8 35 74 18 19 39 113 96 16 84 142 106 66 26 110 22 58 127 90 65 3 97 184 7 186 68 5 133 171 70 137 191 174 130 42 150 117 81 143 43 9 62 199 55 21 188 33 120 196 109 176 
198 14 133 124 96 47 54 16 42 27 122 32 52 176 159 156 147 53 74 157 48 145 33 66 98 70 182 152 57 44 49 75 4 22 61 88 134 140 170 200 132 91 103 9 175 127 197 165 148 155 168 79 19 28 58 100 1 41 12 60 97 84 190 2 150 146 10 105 178 195 55 92 25 184 149 69 114 43 123 29 87 56 85 169 3 194 31 8 
194 32 86 168 29 37 174 20 31 16 141 51 197 163 60 102 111 116 153 126 183 88 125 70 58 149 137 69 184 19 46 122 156 25 28 92 48 17 87 26 76 164 91 166 75 82 192 103 105 179 133 23 89 30 136 5 121 78 21 147 41 15 22 167 8 199 71 117 52 135 112 124 114 50 42 97 68 148 128 127 145 108 162 159 152 18 195 83 1 12 59 178 142 
66 11 120 10 80 132 39 54 88 56 93 104 164 126 171 156 9 115 81 52 82 74 188 113 28 174 70 101 92 159 76 36 31 103 186 60 163 137 195 169 165 41 146 131 125 134 109 114 55 90 91 71 85 100 141 73 49 68 79 22 98 45 185 187 193 107 123 118 199 5 110 12 111 86 140 2 78 29 116 64 161 197 46 175 33 105 138 145 95 
194 120 45 151 96 14 97 173 128 28 190 164 162 166 132 186 189 61 129 134 187 8 93 156 82 50 90 13 66 70 124 6 109 89 114 51 142 3 113 23 63 140 123 107 92 170 196 30 60 119 77 34 155 103 144 38 76 136 145 4 95 68 101 31 72 86 15 192 69 153 171 94 167 111 85 174 19 157 91 172 9 112 81 62 125 88 18 64 104 161 130 116 25 11 2 188 20 121 179 150 137 135 98 47 195 22 
115 143 175 135 195 155 120 89 109 129 144 76 74 67 139 36 5 189 63 148 183 56 77 2 6 9 61 33 170 69 75 122 151 87 49 46 132 70 149 81 65 180 166 138 197 103 60 11 13 134 78 124 98 7 174 105 59 55 168 133 28 52 21 86 51 159 178 162 142 145 117 111 108 53 163 22 153 18 10 130 161 66 176 47 4 131 57 73 100 43 123 169 199 88 171 136 187 40 99 12 184 91 1 106 30 126 37 121 
38 49 9 24 180 32 94 138 95 31 162 104 157 59 134 145 10 11 46 58 90 140 166 183 120 35 18 119 142 13 85 112 121 101 21 137 159 73 153 111 15 43 146 156 154 22 39 93 19 52 6 78 179 17 79 51 53 148 182 76 42 132 108 149 128 118 66 130 181 169 3 187 147 67 136 160 150 190 40 41 34 86 198 127 47 129 48 125 193 168 200 131 189 81 199 87 196 65 144 122 82 62 102 54 45 75 37 
67 85 176 174 139 29 63 134 188 121 96 191 32 24 74 135 42 47 106 118 92 38 151 51 59 72 52 156 149 130 56 105 179 89 146 99 26 27 43 58 65 157 115 64 163 200 178 31 116 2 182 83 20 70 82 13 112 36 46 12 173 23 48 170 14 168 108 60 75 137 103 21 44 119 169 143 110 161 22 189 84 147 5 164 7 150 128 45 77 138 165 71 177 187 158 152 114 94 19 1 131 144 
177 18 67 83 108 52 200 193 13 17 92 152 44 61 132 175 190 53 33 22 136 146 173 140 84 183 149 62 169 168 63 188 182 59 76 161 116 189 199 29 186 47 150 14 134 97 21 82 86 55 181 124 115 7 89 148 1 6 194 38 8 30 98 43 155 147 176 178 197 96 122 42 137 113 130 68 58 158 36 48 45 24 163 185 80 50 32 10 120 153 179 46 196 99 28 64 157 139 100 12 180 107 127 15 105 114 192 56 
89 50 134 136 199 82 105 18 54 61 31 85 188 97 169 167 36 101 28 132 71 196 148 62 146 102 32 186 16 1 60 183 125 157 175 58 69 121 34 22 47 159 182 10 144 149 165 9 116 103 64 164 8 189 87 161 176 45 12 143 91 185 68 192 51 113 110 180 4 7 43 14 160 2 135 171 142 38 92 109 83 133 126 57 152 95 67 156 123 178 117 65 25 119 90 73 154 40 124 17 53 108 106 107 77 46 6 15 80 166 76 
35 124 114 200 49 196 170 191 30 37 149 160 74 140 164 101 69 88 165 121 8 93 137 40 168 29 99 102 199 167 175 98 27 113 134 25 162 198 36 150 23 156 81 80 65 14 100 91 34 172 152 72 39 117 15 44 115 2 129 133 142 4 87 79 173 58 139 131 189 6 181 197 104 12 146 125 186 3 159 166 90 171 119 7 45 157 194 9 89 110 116 48 106 17 180 182 21 179 41 38 126 50 154 97 57 55 
107 136 173 33 84 164 123 134 141 138 113 198 169 74 76 137 63 8 65 108 72 145 26 139 81 176 83 121 28 174 153 196 117 50 71 5 78 19 1 94 67 154 39 37 120 160 104 157 175 188 155 61 70 128 35 116 159 112 20 163 187 53 3 32 46 11 49 148 64 114 86 144 24 166 41 55 130 25 87 12 23 58 59 149 96 97 199 80 6 73 190 115 142 69 79 158 22 34 
120 8 67 90 41 47 174 116 10 20 102 163 86 200 155 13 104 162 2 157 6 73 192 64 105 142 106 50 156 188 168 51 25 76 196 176 70 186 18 83 72 173 101 39 146 34 97 179 17 123 121 152 164 151 12 194 136 100 21 56 159 138 185 69 113 153 82 119 95 129 26 59 31 131 45 30 114 80 140 61 71 9 68 29 158 191 117 169 33 195 43 16 35 187 58 125 148 96 126 197 46 130 199 5 
92 76 152 158 138 110 38 77 195 36 175 140 169 139 50 90 88 78 70 52 59 58 46 194 64 116 31 13 163 63 1 178 114 124 61 101 11 75 44 83 39 91 196 82 199 125 14 192 72 179 3 99 143 109 156 43 71 120 9 184 183 197 32 37 60 176 15 66 74 2 123 12 119 53 81 174 154 10 98 112 42 186 141 108 122 94 68 200 18 33 19 100 51 129 84 147 22 47 96 21 142 24 132 181 177 
189 171 135 21 49 69 145 88 190 9 18 99 7 176 3 91 157 127 93 128 115 170 70 124 123 195 114 132 156 154 167 38 104 55 19 177 116 112 17 51 64 79 153 22 139 50 27 109 107 31 73 59 76 77 36 16 143 66 100 169 151 102 121 150 133 84 184 35 140 2 89 187 42 136 67 80 163 15 54 181 118 106 34 138 166 52 146 20 65 197 56 94 126 58 192 10 25 108 5 12 87 144 74 155 14 32 86 60 122 
128 161 28 94 123 15 199 6 159 41 79 178 25 117 4 113 53 148 26 45 107 163 190 141 54 3 99 91 80 34 88 184 192 151 42 111 162 82 109 185 175 68 47 20 177 172 164 90 127 62 98 112 22 75 89 78 33 43 171 24 38 96 59 191 156 157 97 39 5 14 36 166 110 83 188 72 93 137 120 74 21 129 85 147 29 71 195 56 198 143 181 131 153 115 63 73 102 132 108 142 2 170 55 11 152 31 19 1 125 12 
134 116 24 82 8 42 99 104 135 50 22 172 117 26 102 48 98 74 12 20 144 160 184 179 145 6 187 109 199 149 39 60 43 94 170 97 14 86 36 167 196 63 185 69 132 72 10 151 100 25 156 194 61 84 30 87 148 32 52 153 120 17 106 168 57 13 76 15 83 115 169 152 138 140 164 34 174 112 105 190 191 162 54 46 19 5 131 81 200 3 158 146 101 189 55 193 177 90 41 121 103 113 126 21 1 49 28 
132 195 167 23 154 158 17 108 16 170 152 90 59 198 78 2 190 149 14 41 7 119 25 151 135 172 117 186 164 147 37 8 39 121 193 9 160 69 102 133 1 46 50 128 97 173 82 32 107 54 10 166 65 3 111 144 185 197 66 168 142 84 74 4 146 106 27 145 181 95 19 61 62 44 67 98 103 194 71 188 100 91 159 171 140 192 5 124 36 104 80 34 155 
142 122 4 14 44 113 23 117 77 47 105 32 99 102 151 115 68 152 84 193 94 154 106 166 123 33 7 136 173 121 124 139 155 64 143 1 128 13 130 90 53 75 110 71 21 108 97 2 22 78 167 194 172 180 70 149 5 85 137 174 38 185 101 88 126 125 9 140 175 29 79 109 198 195 8 69 92 12 91 18 183 82 196 186 34 17 133 135 144 191 55 36 28 145 56 200 25 30 46 67 138 119 52 190 
33 51 102 174 196 124 60 145 125 179 83 172 68 65 166 61 137 182 43 130 22 107 111 62 153 115 157 10 160 132 41 167 100 156 11 168 56 74 12 80 47 52 86 121 136 2 103 59 42 159 109 192 88 195 155 120 146 84 85 181 126 199 141 114 90 16 14 118 39 99 143 105 161 18 164 180 55 28 108 198 7 45 191 96 53 82 54 69 134 6 93 
106 52 127 22 182 101 151 132 44 125 165 9 42 145 114 118 34 139 198 166 96 188 36 53 58 24 104 130 154 50 26 191 189 167 196 41 193 10 98 187 2 172 129 135 185 186 161 169 48 112 150 6 175 103 3 46 181 39 90 124 163 25 71 199 178 15 140 155 119 143 17 99 108 40 7 13 152 183 59 65 137 156 105 85 74 64 95 27 76 171 84 78 123 93 66 184 117 1 21 86 82 37 
133 75 8 169 41 91 13 93 7 98 121 104 24 58 192 128 131 108 177 194 20 45 9 32 136 132 14 134 110 153 78 40 101 118 19 89 81 183 33 145 77 100 187 148 2 158 106 186 80 73 188 193 198 83 178 103 64 6 135 36 88 147 86 35 197 167 109 74 65 115 92 69 140 139 152 122 87 27 141 111 119 168 39 144 130 164 90 189 199 34 48 54 15 150 154 63 165 84 
192 33 103 48 22 27 88 61 179 58 10 182 132 64 147 142 156 34 8 143 197 134 63 140 120 198 131 119 165 109 14 174 176 116 184 24 148 4 167 121 26 157 154 151 76 47 80 91 78 136 5 21 69 150 133 90 83 172 25 84 199 141 71 190 12 68 169 75 194 57 178 196 55 137 115 59 50 187 100 77 16 42 128 112 193 144 30 173 38 74 15 104 113 149 23 99 
70 40 37 45 48 158 41 165 152 83 79 14 74 168 181 100 124 59 28 149 49 2 114 12 199 56 144 43 10 64 55 97 85 127 58 130 109 57 23 52 135 154 128 44 200 140 69 11 53 93 34 94 32 157 1 61 169 167 147 193 111 196 47 129 122 65 38 178 33 190 119 138 30 5 67 123 90 166 160 134 4 36 139 188 13 105 91 50 148 155 156 46 183 131 84 95 17 179 
16 14 177 88 187 156 134 132 70 179 38 23 101 64 32 195 106 47 66 89 20 46 85 39 7 149 161 40 105 131 18 67 69 3 119 102 196 120 95 115 17 10 82 45 13 37 71 180 111 167 148 185 164 34 103 114 152 192 172 35 168 93 79 144 154 133 104 42 92 117 83 184 116 8 36 182 141 99 150 15 130 110 107 65 1 165 197 63 59 48 194 
114 175 67 159 38 25 131 181 98 164 158 49 139 11 132 183 174 116 149 30 107 144 69 118 75 106 13 101 21 93 156 173 188 68 102 179 79 160 129 134 197 40 143 3 92 12 85 161 146 199 120 135 41 20 81 80 157 111 26 47 152 1 36 70 153 57 23 56 35 60 104 191 200 37 138 187 99 172 151 128 43 88 196 27 54 110 51 125 2 7 122 77 44 82 6 48 198 112 
20 13 9 15 76 38 200 189 85 187 158 167 87 44 176 47 174 2 7 113 103 42 4 168 119 27 98 139 73 93 120 35 186 140 18 60 106 148 89 6 1 51 99 96 77 30 88 48 136 10 43 146 32 194 175 3 24 34 29 188 147 149 5 137 21 66 55 143 145 40 19 74 127 191 183 199 71 171 177 162 179 11 58 112 75 50 114 117 12 70 46 92 83 
177 168 118 169 163 44 172 119 5 23 123 35 198 46 8 38 179 115 188 124 199 93 148 185 152 89 200 39 162 12 138 194 95 79 167 146 129 63 34 45 137 159 120 68 58 36 2 134 84 49 142 82 11 60 139 171 189 113 147 156 65 197 100 54 180 191 83 43 176 75 1 110 7 106 51 192 99 195 190 18 
141 138 81 194 12 53 49 70 68 91 38 74 28 163 142 128 104 62 185 76 166 14 107 200 152 198 1 188 16 180 39 173 122 110 175 181 89 27 30 24 139 125 137 67 184 17 32 80 4 47 45 7 131 127 183 171 22 124 189 100 109 48 156 121 179 193 43 23 58 123 63 57 162 126 129 77 192 118 170 190 33 154 36 54 164 31 120 84 96 2 29 35 113 78 64 145 52 147 149 26 9 42 165 11 44 
38 176 138 74 126 52 84 32 148 193 144 147 179 192 134 194 78 174 60 100 140 53 90 4 3 118 99 56 149 170 168 153 104 167 159 105 171 27 187 182 83 114 68 190 28 35 24 81 198 180 108 48 122 25 163 73 69 117 17 89 72 185 129 45 130 70 155 91 36 50 162 127 76 92 37 33 96 44 166 145 154 111 184 143 16 102 121 47 157 133 186 199 
179 105 13 60 110 83 70 196 33 121 166 72 93 29 131 154 34 11 3 120 128 101 85 18 17 195 136 69 153 94 57 26 129 117 118 192 25 185 31 62 180 173 79 186 89 75 168 39 43 67 190 155 122 30 130 158 200 90 46 169 141 142 82 32 140 146 55 9 102 109 59 139 112 165 111 157 14 144 12 197 88 81 4 84 45 7 65 163 8 187 23 164 63 49 95 175 71 5 167 77 115 198 99 143 
51 103 111 177 122 10 147 163 182 50 125 72 59 174 197 114 186 192 151 187 23 130 113 115 196 84 119 100 198 54 110 188 70 165 175 173 124 150 34 57 181 142 60 12 153 138 157 189 117 53 170 64 71 95 87 98 143 88 74 35 49 141 109 191 29 160 99 28 40 118 56 48 20 45 41 37 82 27 11 158 85 176 69 42 167 
120 78 51 138 146 148 166 150 79 87 61 186 74 16 58 169 34 105 82 48 198 118 145 136 56 97 98 114 45 171 177 86 59 64 8 23 24 77 20 9 193 115 4 194 38 179 66 88 73 139 131 175 101 53 95 33 124 156 178 102 99 147 174 29 44 57 130 47 199 6 52 94 3 46 123 196 121 14 42 134 195 112 159 76 103 151 91 49 113 126 37 10 185 127 13 190 184 
18 176 68 118 132 55 147 172 4 67 142 89 189 62 180 107 129 186 15 136 82 171 116 188 102 173 181 112 2 183 22 93 154 48 36 19 195 47 110 52 10 51 146 100 190 143 76 25 74 122 38 106 30 79 111 78 3 194 64 134 127 85 178 21 43 101 114 77 57 96 56 125 126 6 94 34 71 90 163 75 54 167 161 168 149 113 28 45 156 130 99 7 187 91 133 197 69 41 158 40 131 9 117 24 174 148 151 20 97 
37 23 42 194 15 179 188 187 4 118 21 95 145 81 27 165 85 53 180 138 154 109 3 123 134 125 52 152 35 22 20 101 175 47 146 162 117 7 73 111 38 61 176 77 87 100 91 12 157 92 108 49 32 14 93 167 135 50 56 62 82 155 90 177 191 39 126 40 150 182 44 132 198 68 19 55 141 5 43 1 65 143 31 140 17 181 9 71 36 13 46 
145 12 99 77 187 102 195 13 112 30 181 169 188 193 191 116 55 130 96 109 7 11 105 59 58 36 167 160 110 142 140 143 121 118 27 82 135 35 176 54 90 88 2 41 161 132 122 74 38 148 57 180 15 26 183 103 153 192 198 64 76 158 124 171 196 150 163 172 72 129 16 8 52 66 185 175 94 9 186 177 149 200 69 115 156 22 10 104 95 45 3 199 123 49 127 114 107 131 
78 19 164 8 97 42 68 189 17 65 186 30 7 23 75 32 154 194 133 113 98 88 200 118 111 147 116 171 163 12 34 192 107 77 45 117 29 89 172 144 149 174 51 16 22 123 103 79 49 191 71 18 161 15 126 108 2 138 54 120 81 57 136 178 44 102 177 160 62 152 199 158 76 40 92 183 173 198 28 10 63 6 132 148 91 176 87 50 25 119 35 33 46 85 55 106 101 130 162 131 135 
190 70 66 93 60 8 130 148 54 56 182 146 110 171 113 88 175 78 81 77 135 120 155 178 25 189 122 169 69 94 30 184 91 33 48 177 2 86 95 198 179 163 111 181 85 43 84 49 121 7 116 172 137 108 125 149 140 124 44 170 24 129 154 139 21 118 67 27 4 42 168 167 11 29 158 183 10 123 37 165 65 138 197 117 5 134 89 191 104 1 32 194 141 157 92 109 31 159 145 
23 87 189 118 143 9 112 34 92 176 117 114 199 160 67 37 54 86 90 21 65 82 149 153 105 173 139 180 115 131 137 181 146 157 108 47 172 17 6 15 151 51 46 38 84 103 186 192 97 135 10 198 3 101 133 164 83 124 196 31 136 88 162 123 28 109 33 190 71 169 26 68 59 32 72 8 107 36 167 79 129 35 183 161 64 171 39 184 120 14 40 18 
170 195 196 181 125 52 186 87 36 184 136 149 19 20 25 8 115 97 67 44 42 99 37 23 165 70 17 169 111 7 49 130 77 127 61 141 100 95 29 144 46 180 81 146 14 105 66 140 6 122 194 174 112 179 57 84 190 63 9 199 187 30 118 151 145 178 153 73 123 41 148 189 58 102 21 93 177 155 28 78 91 160 129 176 114 55 1 108 32 157 109 138 193 75 197 200 134 191 126 121 82 188 64 
128 162 132 159 2 92 170 124 26 12 8 118 75 184 197 141 102 179 103 117 158 155 101 113 133 88 144 62 97 105 77 138 156 182 5 54 178 81 1 169 3 123 146 165 73 40 174 67 15 69 29 95 167 53 150 194 181 137 195 130 9 172 164 68 186 200 66 86 191 6 161 10 106 120 70 72 104 149 107 55 45 14 185 108 4 180 41 171 151 188 154 115 198 142 87 153 168 46 78 38 143 25 61 175 134 20 109 82 85 
6 182 32 99 42 112 86 118 22 124 52 9 44 84 184 186 46 50 122 132 121 103 101 43 72 175 147 30 167 48 172 88 98 89 195 29 70 110 74 75 111 171 2 5 71 34 189 1 185 169 166 54 123 19 146 85 93 199 187 81 116 148 177 49 194 10 165 73 26 35 17 62 117 198 114 28 104 102 8 13 142 105 41 139 15 68 143 45 20 160 129 138 125 