200
33 15 183 198 120 141 75 20 146 71 181 173 8 9 31 145 174 118 88 196 143 72 147 188 119 25 26 162 124 62 121 52 105 27 115 24 96 127 78 129 48 85 99 125 186 76 94 166 110 153 54 69 165 63 109 74 160 5 16 22 169 35 40 192 128 2 159 84 122 194 93 82 6 95 17 13 47 185 90 86 60 135 158 42 97 49 133 175 65 176 83 142 187 4 193 182 92 152 134 80 
79 88 67 55 94 69 146 140 15 121 1 152 155 39 171 64 41 159 137 57 44 128 68 59 181 85 177 86 21 38 111 92 133 129 114 19 119 143 188 141 199 104 51 78 95 149 30 191 178 102 24 89 176 71 179 72 162 35 108 173 106 34 139 53 172 186 98 183 134 148 157 33 153 54 66 131 160 23 99 26 156 31 168 105 154 20 124 63 4 113 190 10 65 82 193 17 166 49 96 91 62 93 25 75 120 132 170 
80 182 103 183 131 158 200 198 82 70 67 58 9 110 170 76 11 193 116 83 191 96 159 173 164 23 197 84 10 128 89 130 40 129 28 47 92 86 42 111 45 138 94 98 189 78 6 7 172 53 77 156 157 54 38 35 140 71 81 51 114 112 25 26 135 136 49 69 106 148 132 199 168 113 145 107 101 57 74 63 100 91 153 104 108 56 64 177 119 154 179 163 59 32 90 196 55 66 142 17 134 155 31 161 16 167 
64 165 89 40 157 105 111 28 153 41 162 5 81 59 104 138 159 128 135 96 83 23 29 76 100 189 72 87 2 146 122 74 199 46 143 200 65 184 131 47 32 11 151 173 54 36 147 172 38 136 95 15 183 48 8 190 88 191 34 56 26 181 107 115 140 149 24 167 145 114 84 1 132 186 9 97 30 174 161 25 176 144 44 99 101 130 82 79 109 119 21 45 123 61 37 85 
154 150 173 12 38 195 69 83 23 1 106 156 143 80 86 75 10 16 90 42 134 182 71 74 122 127 137 128 142 53 31 171 24 132 58 39 131 191 98 141 52 36 163 95 151 68 129 94 6 121 183 102 124 82 180 33 178 188 34 51 115 72 4 101 111 166 62 135 107 169 41 162 17 196 116 64 57 147 30 185 194 43 81 21 165 35 99 28 198 187 105 9 29 63 167 186 50 88 149 153 125 120 
53 70 122 41 100 146 80 86 142 101 81 78 138 153 172 190 36 192 148 18 8 65 136 128 35 152 20 16 19 11 22 29 147 177 88 5 1 56 90 84 111 79 156 149 54 63 129 116 51 187 127 124 87 60 61 47 150 140 110 9 165 114 98 189 66 121 50 37 141 163 106 55 195 126 27 69 68 145 168 83 191 188 105 3 40 44 194 94 154 15 183 31 158 176 
100 175 150 177 87 105 84 115 23 79 36 42 200 159 64 166 52 187 82 74 72 180 75 25 58 109 155 49 83 141 38 188 143 147 40 113 182 86 106 199 94 47 22 29 99 126 28 160 120 136 112 123 167 168 185 108 129 131 135 104 110 17 103 12 178 142 46 101 14 37 89 13 151 31 154 41 184 92 76 137 54 11 192 20 107 102 165 70 156 128 71 179 69 3 121 18 148 
4 72 17 6 46 99 32 135 196 28 126 96 75 95 74 21 138 157 18 129 90 175 154 132 58 160 197 41 11 145 100 199 40 14 153 118 166 64 146 31 127 169 164 1 198 39 27 152 73 124 191 141 194 68 115 87 71 139 78 195 182 61 63 149 50 29 66 52 184 9 45 36 55 53 176 104 47 19 193 24 167 54 89 170 62 82 192 20 81 156 
111 88 164 196 76 160 43 122 180 13 104 134 36 107 51 21 116 52 75 131 34 136 137 123 17 81 84 59 68 106 155 175 96 61 159 1 200 170 103 70 125 126 171 69 53 8 114 91 181 65 87 40 142 166 66 162 6 82 4 74 42 46 41 128 135 154 105 72 187 26 3 173 193 14 25 151 120 89 144 143 83 132 167 55 172 194 129 79 147 121 149 112 11 186 35 37 156 5 15 110 18 19 102 33 174 95 90 177 119 
194 135 101 165 188 133 197 40 170 43 16 147 177 48 83 114 152 176 195 87 82 75 112 24 77 172 47 89 134 151 64 38 20 119 92 139 13 179 173 103 3 45 68 118 88 53 182 129 85 121 162 55 76 22 69 200 71 81 19 26 2 181 5 180 141 15 193 18 25 12 35 185 156 100 167 149 97 54 111 62 130 109 164 32 46 175 150 132 34 74 65 140 96 178 102 37 59 39 
106 131 46 43 165 19 48 20 84 181 196 39 142 15 139 153 24 8 152 89 112 79 96 58 6 44 26 100 180 3 117 162 127 101 178 149 9 37 141 4 52 103 179 28 167 74 172 182 105 98 7 25 143 29 114 12 124 67 86 32 187 157 164 169 73 118 150 121 130 107 66 174 135 91 193 145 81 158 192 51 183 27 195 47 76 69 72 71 129 160 22 132 70 189 59 33 64 17 90 133 95 
175 133 48 71 184 81 194 47 74 27 165 28 122 67 21 55 166 172 132 171 192 83 107 29 66 68 57 11 32 5 185 170 36 59 100 33 134 13 97 130 117 31 197 135 98 10 154 93 114 199 146 139 54 34 90 17 187 15 131 167 88 115 198 163 143 144 151 23 137 168 190 80 85 79 200 42 7 87 120 157 147 40 52 161 141 169 75 116 162 19 138 82 113 76 149 
82 184 67 12 170 106 197 187 64 21 63 93 183 193 56 36 179 143 9 44 172 83 129 114 101 34 109 35 200 50 68 151 94 7 113 185 107 139 166 150 95 112 178 132 140 130 180 152 123 158 131 165 167 192 66 177 85 1 51 125 19 176 75 120 99 10 90 164 171 73 37 96 127 60 108 102 141 175 52 124 41 58 117 147 38 27 22 163 199 168 146 190 196 32 128 39 86 77 191 
171 148 55 191 121 82 115 180 184 140 164 90 37 21 108 119 120 50 149 85 35 60 94 25 93 175 38 52 151 7 98 111 109 58 70 142 136 17 53 59 33 16 169 27 116 80 88 182 177 106 129 187 144 66 192 158 124 134 143 190 181 72 122 157 197 110 79 173 34 170 114 155 99 141 147 42 163 103 48 8 54 61 100 130 194 186 125 22 185 9 139 150 146 
9 176 97 184 121 159 163 162 137 63 150 145 28 31 133 114 50 190 18 149 156 30 109 68 12 108 16 168 154 2 84 117 24 46 51 60 66 53 126 29 44 147 196 72 34 144 181 128 179 85 124 69 94 23 186 170 120 187 35 26 125 88 17 64 140 131 199 47 62 136 143 1 157 127 38 106 90 10 77 4 61 185 141 151 113 123 191 11 21 173 48 169 33 198 37 6 25 80 59 178 161 118 81 135 160 96 167 
1 31 38 187 157 130 66 29 48 196 52 35 166 181 18 58 56 185 144 59 162 193 145 191 10 149 186 40 192 80 146 14 171 46 120 112 158 134 51 24 177 160 41 103 118 167 15 98 39 83 195 53 179 114 126 154 121 45 139 183 188 6 136 119 86 101 5 26 150 113 17 138 20 156 61 69 148 127 62 143 70 129 25 3 111 92 142 102 197 78 28 72 199 57 110 42 117 161 180 67 84 
169 91 150 158 140 163 57 19 86 125 116 198 130 200 15 184 2 182 119 25 3 127 12 106 128 172 39 90 176 59 71 53 155 131 117 49 31 85 65 123 54 160 70 111 109 178 138 63 173 94 37 35 7 14 105 132 190 166 181 51 38 177 29 77 66 142 20 18 145 103 28 48 93 101 23 9 159 146 167 179 5 136 58 115 120 122 191 11 183 174 8 41 75 1 92 87 124 16 21 
85 182 106 145 73 113 81 25 111 136 195 27 133 93 138 91 154 96 95 165 82 66 64 149 181 178 58 108 10 6 190 104 39 188 35 26 189 115 53 199 147 102 56 124 152 22 159 174 28 67 80 47 119 59 126 9 15 163 143 17 131 116 164 129 139 198 179 107 75 70 125 130 162 144 151 36 19 29 197 155 137 94 156 7 46 112 54 90 103 183 192 141 52 146 122 16 48 60 86 30 99 37 8 38 
171 109 188 140 123 117 50 36 122 131 30 42 199 77 151 124 67 12 6 13 94 73 17 176 198 103 179 189 181 134 125 165 57 35 21 48 191 108 139 164 192 135 72 55 11 186 69 170 190 18 9 90 10 130 20 40 163 136 2 88 79 29 184 187 177 92 174 113 100 183 75 128 166 148 8 185 147 70 160 157 65 197 53 138 34 144 178 71 44 
144 135 137 157 27 6 65 165 179 2 8 153 58 103 1 95 77 51 78 99 174 151 123 154 88 21 92 168 194 116 45 136 19 183 192 143 81 52 189 67 63 17 28 70 86 57 128 16 197 42 120 185 190 87 127 160 167 166 11 64 59 115 161 75 105 119 47 134 108 39 49 176 101 149 107 93 41 104 94 32 114 113 10 200 170 199 31 173 193 66 73 122 83 7 147 25 196 198 175 180 100 38 130 50 156 178 112 138 148 34 84 
166 141 42 48 63 113 105 140 194 136 97 121 27 36 142 115 138 127 132 23 52 102 67 34 107 186 200 8 91 43 2 20 123 13 92 175 114 83 17 159 183 149 98 131 57 160 165 90 184 77 40 191 84 68 196 197 176 146 130 12 116 5 9 180 47 54 55 106 4 129 29 192 72 125 71 65 124 154 51 168 73 100 76 19 28 39 15 151 118 163 78 33 31 198 93 14 119 158 66 157 
76 121 14 115 93 173 183 34 36 180 175 155 104 91 105 168 24 84 188 138 26 48 181 191 43 107 174 164 103 192 102 179 66 160 176 171 94 64 51 146 150 169 100 140 61 148 42 85 72 78 59 113 136 114 185 135 1 52 197 170 132 10 159 28 68 31 74 97 38 57 109 151 106 18 11 108 63 199 128 70 126 200 165 134 137 90 154 56 6 162 7 130 145 13 67 177 40 
44 94 117 141 4 3 187 163 104 30 67 21 158 124 36 5 107 134 33 185 128 47 183 53 121 54 129 140 89 99 65 142 165 151 130 200 39 59 157 35 79 149 193 43 7 12 48 146 84 144 196 62 105 195 188 50 136 110 15 127 83 155 154 176 119 106 182 123 90 161 120 190 181 96 179 80 97 180 46 24 66 131 189 159 137 171 132 64 93 49 17 172 103 164 116 2 
92 77 110 131 135 157 52 117 51 192 195 76 8 45 94 136 64 46 82 36 38 142 150 49 53 130 138 199 16 159 112 29 140 183 115 144 200 83 50 2 5 163 187 58 176 40 171 71 4 42 68 145 34 84 109 32 81 168 113 95 149 28 22 23 191 137 101 87 33 126 11 127 151 141 174 123 182 10 61 48 152 1 65 107 124 180 74 155 86 167 15 179 25 102 
9 65 152 176 84 66 90 39 33 171 86 43 62 114 123 7 200 3 100 57 126 48 58 140 92 101 38 97 28 24 172 193 98 184 61 156 99 73 37 71 81 196 157 154 87 125 124 26 64 109 30 29 118 63 192 15 190 164 4 102 199 137 155 42 91 136 27 18 94 17 110 153 77 53 54 182 47 142 95 83 185 179 139 197 16 82 35 146 2 1 46 72 11 79 180 116 198 10 14 93 169 128 150 158 151 60 70 134 133 195 20 119 49 
29 34 150 4 96 58 56 16 109 105 193 74 9 167 99 180 159 79 118 195 194 62 119 162 169 81 141 86 11 18 27 155 55 39 132 92 190 49 133 170 3 117 128 179 76 124 36 53 47 95 70 71 116 78 115 85 106 137 146 101 67 2 161 166 64 145 42 73 63 102 1 148 94 57 22 33 93 130 184 112 191 15 144 134 158 165 50 38 153 186 138 25 89 125 149 156 121 10 108 164 171 28 188 177 131 91 82 196 142 163 172 183 
6 90 68 123 70 192 114 176 188 30 45 64 112 21 8 62 13 83 26 20 67 189 140 71 135 169 107 50 81 11 154 1 175 190 106 14 69 29 132 155 167 131 195 124 196 113 110 168 52 18 177 141 66 133 77 147 120 25 57 59 41 182 12 108 91 101 172 126 48 183 152 181 194 178 73 117 138 58 105 56 94 93 157 104 86 150 39 49 171 158 
77 21 139 122 184 124 60 188 135 79 102 16 134 87 50 128 189 153 4 132 142 74 30 119 63 108 85 98 193 198 29 71 33 194 103 140 160 26 32 80 12 58 192 173 96 18 55 152 65 11 25 172 8 7 84 5 141 22 171 105 175 149 127 190 174 91 81 89 113 107 145 82 15 154 97 66 164 48 178 24 52 170 93 36 61 17 200 177 179 73 106 20 3 147 167 114 
182 8 154 79 106 15 174 151 147 25 167 44 71 120 48 88 77 45 18 191 89 6 170 178 135 61 68 99 180 78 94 134 105 162 192 46 59 107 183 140 193 121 67 54 109 74 123 173 17 38 111 11 113 70 189 128 125 136 126 118 31 158 76 30 185 137 85 80 83 172 7 36 19 138 4 103 156 188 28 75 90 177 69 200 179 171 26 143 114 37 27 127 12 110 32 24 66 122 21 129 187 5 115 132 184 33 86 16 57 108 116 
42 65 124 64 62 154 127 169 97 35 185 118 67 98 18 134 171 196 19 142 183 82 139 198 89 109 106 165 120 15 41 155 160 80 140 194 130 75 104 178 23 114 83 84 163 27 175 145 90 29 66 50 59 68 88 55 162 161 81 25 158 79 63 4 123 94 69 74 51 195 126 31 28 44 110 129 111 128 103 54 156 176 48 52 173 5 199 133 174 102 157 193 2 144 105 151 77 58 148 71 138 182 39 192 
164 2 193 199 29 163 16 69 115 87 138 55 102 198 192 133 127 86 68 93 112 3 110 141 72 39 89 67 12 22 77 90 120 184 7 119 33 17 21 153 40 44 167 175 200 98 131 155 165 185 139 88 162 108 6 123 95 1 196 66 126 54 61 60 15 5 94 99 142 179 104 124 121 158 8 166 150 147 188 134 156 45 146 181 64 96 149 116 50 111 76 197 92 20 62 70 122 30 53 
89 135 115 114 175 53 149 182 167 171 155 100 91 24 83 150 11 144 117 52 195 50 59 168 127 111 126 28 136 123 3 56 106 20 104 119 84 48 170 77 92 169 137 4 37 145 35 163 62 49 172 68 63 183 46 179 192 190 141 120 93 69 51 13 147 90 10 151 197 8 166 67 81 42 79 129 47 124 97 128 41 102 29 45 178 71 177 184 138 74 173 12 116 107 113 33 164 85 101 
194 158 43 2 159 90 157 26 62 79 15 145 94 50 38 120 106 147 128 141 156 36 54 81 85 151 127 110 80 153 52 14 56 78 188 177 28 24 196 155 133 186 139 142 37 25 183 162 172 66 144 103 169 21 198 117 11 39 171 138 164 47 35 104 12 60 23 96 59 181 154 75 29 149 125 57 123 168 118 95 9 152 175 134 170 136 5 100 72 1 189 112 99 32 73 70 173 53 68 108 124 190 34 131 82 114 185 88 44 143 69 31 49 
91 84 12 149 186 51 20 184 100 22 124 138 166 62 161 5 42 119 26 189 192 14 109 121 45 132 9 80 197 108 35 176 103 54 97 43 87 126 65 110 48 68 142 90 127 154 83 145 76 179 190 2 40 188 72 24 38 33 21 200 182 94 74 172 116 47 141 147 39 177 13 135 111 56 78 107 185 82 101 158 104 193 79 117 4 173 198 133 77 41 63 139 152 170 162 163 15 19 75 164 156 10 157 
10 99 94 69 193 55 149 43 67 5 17 6 61 187 188 51 23 14 63 165 44 108 122 168 30 66 102 172 173 3 73 87 192 159 81 178 82 133 174 41 18 129 132 123 64 138 106 58 150 121 127 13 92 15 9 170 143 114 154 179 36 166 176 88 91 45 96 60 142 33 93 136 131 151 16 48 32 90 25 47 19 83 175 86 113 85 190 1 75 148 2 34 152 42 162 186 128 57 62 54 185 
50 162 6 180 110 129 8 92 46 56 21 193 173 69 59 94 64 91 192 185 38 9 151 161 100 87 114 19 26 24 35 132 106 111 54 37 88 55 195 57 82 47 157 13 149 43 4 170 81 188 44 174 158 181 7 103 5 148 115 176 169 187 12 18 126 194 189 67 22 130 145 123 93 66 60 120 177 122 104 134 23 190 29 152 96 28 124 42 163 33 156 
41 166 129 143 49 14 79 181 77 74 89 61 159 6 10 55 65 121 36 200 59 25 175 168 32 9 112 163 109 120 147 130 145 64 87 167 123 91 52 51 95 178 15 164 132 81 90 146 97 33 197 189 161 155 198 157 72 92 7 158 169 126 18 78 170 154 17 50 162 153 187 11 66 165 39 124 176 107 110 117 85 171 113 193 119 134 29 56 4 101 195 88 100 186 184 136 13 135 180 54 70 
200 180 122 123 70 81 170 69 109 121 134 117 99 20 141 46 140 97 167 2 173 150 86 172 89 15 179 29 39 13 163 63 159 24 10 185 116 178 115 71 136 162 25 26 34 68 108 107 183 112 22 33 17 143 104 189 144 59 152 82 176 77 195 184 3 160 158 62 197 18 125 166 88 132 190 83 85 148 14 124 60 36 7 168 5 61 118 196 110 4 95 137 90 16 157 101 
110 27 2 121 23 115 127 161 100 40 116 98 106 193 197 143 33 120 126 13 85 25 113 181 80 10 187 70 43 31 114 18 167 196 75 103 122 119 123 87 77 52 94 68 200 186 37 21 135 108 66 17 182 72 136 69 160 91 137 45 132 174 78 153 54 60 177 199 179 51 90 178 34 48 124 131 11 16 20 194 26 8 5 134 73 30 79 57 102 56 145 89 138 163 65 148 38 158 105 
34 53 158 83 131 190 184 60 21 178 181 109 164 39 157 12 62 127 198 172 3 146 61 82 67 54 196 145 119 24 59 4 156 8 165 78 142 130 10 108 9 48 177 96 56 170 189 98 88 41 176 68 192 7 120 115 105 50 86 51 49 168 186 143 70 6 187 44 121 1 133 171 63 151 46 84 73 193 128 19 45 77 31 16 101 55 90 166 43 110 65 144 22 107 93 58 180 
62 145 196 144 34 103 137 78 116 109 99 54 35 135 127 141 32 27 154 46 8 20 47 37 147 157 85 187 7 165 58 199 88 77 125 2 168 111 130 138 194 92 57 153 119 178 132 9 83 173 90 114 40 82 59 102 155 30 110 184 183 167 71 133 51 129 172 52 149 17 156 107 146 191 180 5 13 74 84 81 48 151 45 186 16 166 185 128 6 195 93 4 189 97 94 
126 165 16 61 67 178 52 155 87 46 91 102 148 96 122 188 24 104 101 71 172 150 51 7 1 145 113 98 119 30 131 50 170 108 157 176 32 5 65 36 130 12 193 68 20 75 112 114 34 177 109 97 25 45 47 115 152 19 156 184 143 93 161 118 117 125 14 90 89 163 88 66 181 22 9 199 133 174 92 154 151 3 26 164 48 141 146 139 54 35 171 116 144 21 70 168 182 142 
110 101 33 122 165 11 158 56 153 34 60 191 70 68 9 189 53 117 130 36 180 164 55 126 64 192 182 25 120 54 35 72 67 167 109 10 169 179 22 198 146 97 131 46 93 84 48 160 59 112 71 21 196 187 87 151 58 104 57 137 79 108 39 139 5 96 78 190 129 138 23 40 152 47 95 81 92 144 162 99 
145 60 179 164 56 185 79 23 50 195 181 170 47 169 31 127 151 33 4 153 11 64 176 71 189 96 144 98 115 35 62 99 152 172 103 129 135 101 58 63 193 15 116 2 81 83 132 133 100 106 72 188 74 128 91 66 119 175 174 40 124 161 45 73 141 92 134 173 80 112 143 29 125 59 13 36 155 186 192 159 68 126 148 6 183 30 19 108 146 138 165 117 182 61 
107 187 95 86 198 138 125 105 139 170 53 200 106 90 102 136 3 158 192 156 29 153 27 141 40 140 60 149 166 199 123 16 109 80 24 76 62 88 121 163 117 64 177 152 189 35 146 173 52 182 150 197 103 118 186 127 50 133 171 100 91 134 42 172 143 81 193 78 157 174 79 55 195 120 191 89 101 10 176 77 58 70 96 122 160 41 169 8 34 147 32 48 39 20 4 112 87 31 51 104 165 44 
119 62 68 195 36 49 99 25 150 38 116 137 144 176 86 70 136 16 156 59 95 47 148 43 191 177 41 106 66 194 23 200 193 141 85 172 185 127 145 192 42 11 188 57 166 75 55 198 181 142 24 105 124 184 164 170 110 111 91 100 77 190 186 32 189 4 120 92 83 8 18 117 63 7 182 58 162 154 10 69 135 158 73 40 157 96 48 29 9 183 53 178 101 15 
123 161 42 8 1 198 94 44 81 117 145 63 200 112 132 91 4 154 23 152 12 193 3 113 100 116 95 186 26 189 102 108 139 43 76 178 15 136 111 118 196 168 177 36 7 32 20 165 174 155 181 74 197 92 53 149 156 70 6 144 164 25 57 114 122 46 49 169 115 89 67 185 105 71 51 41 190 55 18 79 83 134 158 104 33 199 34 11 84 21 133 54 78 153 162 10 148 35 69 
112 176 97 43 158 59 52 87 30 196 191 56 175 15 184 28 64 24 189 79 187 200 99 154 113 96 124 159 179 108 162 62 22 21 12 23 27 18 155 103 14 177 148 11 127 73 147 146 45 115 92 119 19 166 98 144 76 122 89 25 93 32 106 152 17 65 157 71 77 69 39 35 46 34 125 116 142 60 42 10 68 120 90 143 192 130 29 129 131 49 165 78 41 4 173 198 16 194 83 164 109 193 40 174 123 1 105 170 80 
33 182 154 157 149 176 109 27 152 164 83 86 181 148 177 199 47 113 136 179 189 141 2 137 162 174 79 121 84 66 166 127 104 17 68 7 74 194 91 128 71 156 186 53 72 37 172 65 131 105 180 114 26 40 55 20 115 25 196 51 50 123 184 188 143 92 32 46 56 150 171 133 183 48 3 142 97 94 99 120 135 81 54 87 146 160 101 193 23 132 153 108 126 1 145 64 173 24 76 116 134 169 98 192 
116 195 81 111 196 118 184 110 148 30 143 127 86 53 103 32 185 165 94 73 15 162 49 129 140 64 36 112 8 120 147 60 194 106 164 54 70 96 84 40 19 63 161 26 123 186 28 71 188 119 5 14 178 33 174 37 23 126 176 59 181 100 134 79 155 24 191 78 160 20 104 171 173 150 114 153 158 122 42 62 193 61 13 31 45 91 76 137 163 6 142 183 92 146 149 200 172 27 44 66 93 72 
99 86 72 183 128 40 9 166 77 15 17 194 83 116 173 146 190 47 59 22 37 55 171 60 145 35 30 188 154 167 13 74 179 54 198 151 3 57 69 21 184 96 160 168 181 45 111 121 143 165 88 103 85 98 138 20 169 6 78 11 140 62 161 39 124 129 93 92 141 16 113 185 87 61 2 32 24 136 144 49 42 170 5 41 34 70 126 189 159 53 200 199 
13 106 197 58 56 28 135 136 107 181 76 64 90 27 166 74 151 30 42 93 105 145 61 8 21 130 155 83 168 132 33 152 122 12 37 14 48 119 150 24 99 22 55 39 195 97 57 175 154 125 193 87 80 143 67 148 5 167 192 124 186 137 163 118 1 194 196 20 84 16 123 11 128 71 169 9 45 18 59 121 53 32 7 185 77 102 104 190 54 140 110 172 176 138 41 
62 43 31 98 81 119 142 54 173 49 154 176 83 40 86 104 52 51 170 46 45 155 76 25 150 163 168 95 130 134 175 109 111 61 158 8 189 180 99 152 166 6 172 136 75 193 124 186 56 159 32 15 9 63 125 18 50 2 5 59 47 198 112 10 107 138 192 185 16 143 68 71 74 14 19 58 145 17 190 78 126 24 141 177 161 3 93 87 23 82 69 90 72 26 33 195 65 120 156 
151 21 2 183 121 35 167 131 81 39 179 158 17 118 51 40 86 139 103 56 93 84 7 58 178 117 129 154 150 33 198 107 187 114 47 36 8 133 77 177 49 53 60 1 99 170 30 73 90 116 144 196 72 37 14 34 62 115 25 146 43 128 3 138 92 82 29 31 98 149 112 23 76 168 194 169 181 100 10 61 41 4 106 191 64 52 147 50 87 57 18 83 6 67 97 12 122 42 155 157 111 66 96 145 69 195 175 182 143 188 135 
164 30 116 102 195 62 49 85 6 95 74 182 80 157 100 123 166 9 143 40 99 198 169 46 145 51 192 61 193 43 113 77 118 45 112 21 120 172 12 174 26 84 111 86 75 14 60 136 94 176 141 97 103 8 47 133 78 132 52 3 107 168 148 177 121 146 70 108 58 187 173 151 35 139 28 37 31 140 159 104 189 83 126 175 67 137 87 71 183 96 36 144 155 162 156 82 2 171 65 134 10 93 19 
82 200 96 117 133 148 165 22 105 160 147 107 169 190 26 6 48 34 175 177 32 159 139 129 36 58 61 108 188 192 135 91 178 49 110 13 81 4 136 18 120 137 90 79 143 132 44 37 103 43 128 40 87 194 62 149 157 100 33 95 85 27 99 3 138 57 60 116 193 69 162 83 54 112 77 189 104 16 119 39 53 59 68 141 187 195 161 113 106 52 
170 16 105 22 112 153 64 90 39 199 200 61 174 164 46 128 169 43 160 193 56 159 12 181 161 183 129 135 29 80 124 108 151 86 19 33 26 184 97 120 147 173 117 92 21 84 3 171 102 91 196 158 87 116 131 89 95 194 78 141 17 191 122 47 51 162 103 142 180 5 93 118 41 36 127 150 2 85 27 66 121 35 154 25 83 81 119 111 68 140 133 71 65 156 58 115 195 20 178 134 126 59 77 123 189 52 145 54 144 
46 102 192 127 20 14 3 180 13 118 123 130 79 100 141 43 41 148 40 179 190 139 88 110 89 24 99 126 52 95 107 163 55 154 157 176 193 73 188 103 121 195 54 145 63 105 134 199 28 92 147 177 68 7 171 109 189 184 194 119 25 112 45 125 160 129 172 60 106 155 17 159 191 56 82 120 44 35 26 8 27 93 183 11 30 57 161 101 85 61 131 18 196 5 151 124 16 164 53 185 136 158 
187 90 192 57 119 61 83 51 171 105 75 150 41 9 38 189 147 177 22 158 186 56 162 176 137 60 96 36 33 139 182 115 20 48 14 133 127 44 183 170 68 146 30 4 16 88 62 50 98 17 122 92 156 32 111 193 157 43 95 37 132 2 116 138 141 18 167 27 40 113 199 175 97 3 114 52 23 179 165 74 78 131 12 184 15 121 173 100 76 140 70 101 29 53 181 46 81 89 11 104 93 10 66 174 172 
59 146 121 120 139 125 110 89 126 38 178 62 100 36 170 68 164 87 70 197 56 186 138 45 195 189 99 75 31 39 6 150 157 144 80 48 192 92 43 18 55 1 145 193 58 148 88 82 50 33 76 64 199 54 168 44 25 71 63 61 13 156 141 40 159 179 101 176 133 81 171 123 161 183 134 51 167 28 114 153 196 132 35 149 188 119 135 14 162 15 152 67 98 104 73 174 
38 4 122 9 191 105 125 75 140 15 128 54 82 103 81 88 106 136 68 90 143 138 168 171 167 124 166 99 164 56 28 57 149 84 178 6 58 98 40 158 134 73 132 22 96 29 162 64 50 52 199 94 100 188 70 51 150 101 165 121 145 110 25 79 60 141 172 131 117 66 180 74 152 31 77 55 16 179 83 76 183 109 111 62 37 69 130 184 8 53 87 153 35 97 120 160 156 14 198 197 154 44 24 59 169 42 
35 132 59 86 104 78 144 16 173 51 162 133 61 169 122 23 15 188 191 100 48 131 102 25 119 111 198 83 69 54 44 98 146 136 40 189 26 34 124 107 55 31 193 32 116 141 2 56 103 152 38 88 143 160 65 142 1 99 68 41 30 168 171 175 200 178 165 130 33 67 53 117 140 120 195 27 60 45 147 110 185 118 179 172 106 137 8 89 73 50 135 157 10 105 183 192 126 76 167 5 194 115 148 46 108 
118 191 142 8 127 100 146 47 140 110 60 200 22 158 147 189 120 90 125 143 46 192 28 104 186 3 169 88 130 144 35 32 109 132 194 20 98 80 72 184 172 78 113 168 69 136 87 152 34 6 30 83 74 2 25 82 67 162 1 187 177 137 97 195 17 145 155 116 176 86 173 21 15 77 94 50 138 160 26 188 175 92 129 40 166 91 95 44 13 5 53 58 167 101 181 38 
75 37 13 128 189 104 167 15 7 43 125 44 78 133 57 149 200 114 182 91 45 171 48 166 72 148 27 89 176 170 181 20 159 30 152 70 61 121 97 35 175 65 74 22 69 168 11 137 87 106 117 177 186 86 71 108 49 103 79 90 88 99 122 54 156 150 10 76 8 3 107 183 18 198 36 191 138 4 95 113 143 120 31 144 190 25 52 23 169 101 60 80 119 158 26 2 173 50 187 115 5 193 195 85 24 112 147 
160 168 166 25 94 138 178 97 141 23 24 80 71 55 64 101 125 147 172 100 30 70 34 169 4 57 102 151 133 126 154 88 108 179 19 17 68 62 142 103 150 77 134 66 122 87 2 49 39 10 76 173 143 148 163 37 185 106 152 192 186 40 127 145 6 123 53 130 20 91 82 28 110 1 105 9 119 197 113 48 74 164 162 200 135 109 21 42 85 
83 76 87 13 3 50 189 128 49 187 78 107 124 123 191 18 42 30 59 133 138 93 186 46 17 99 57 31 84 16 79 36 28 159 160 61 68 8 180 167 44 91 25 77 35 125 114 102 27 20 22 33 109 15 121 90 179 174 176 72 178 196 200 54 156 116 23 162 173 105 136 2 21 9 101 172 197 190 94 74 14 126 137 65 153 37 96 193 163 6 161 158 122 146 39 12 147 11 29 110 111 98 119 
47 30 169 40 32 52 16 155 62 43 156 22 130 114 122 154 86 135 26 11 200 160 112 13 113 74 170 106 68 23 84 55 139 180 166 134 194 148 87 21 146 184 20 12 171 71 142 132 18 63 152 27 2 120 3 140 29 100 103 98 186 158 197 138 189 60 109 116 115 83 42 164 19 162 31 82 54 181 35 129 36 118 75 185 
134 80 169 187 91 119 197 168 174 111 100 89 66 186 131 30 33 74 152 59 138 179 2 82 90 6 198 95 34 191 13 12 183 160 69 87 110 153 58 94 42 49 144 31 147 139 165 93 56 112 141 61 109 130 40 24 133 104 178 10 132 167 151 192 72 98 164 62 85 43 113 121 175 46 136 176 126 163 190 106 27 86 21 71 76 44 103 96 65 32 15 128 105 70 39 29 67 194 53 189 172 38 150 22 84 60 57 118 171 142 9 8 48 181 5 155 129 
15 181 191 90 159 86 85 108 87 10 95 62 126 138 61 184 70 174 107 47 64 179 7 113 39 192 5 54 102 111 163 160 89 32 38 194 117 131 164 1 177 105 9 51 46 122 196 169 156 31 68 173 78 153 72 127 142 116 29 11 53 35 56 48 73 71 124 135 198 132 161 187 137 6 33 27 82 178 103 146 97 94 158 96 166 36 147 3 134 100 197 183 139 130 186 144 19 112 188 16 110 118 63 2 30 
88 18 108 42 96 27 92 20 31 39 136 71 185 124 98 141 43 196 25 152 107 168 110 74 61 101 17 60 26 118 194 193 51 38 84 33 14 80 146 144 37 7 155 163 46 65 128 69 197 148 154 22 150 82 181 167 132 143 122 59 55 100 50 135 83 64 158 198 166 182 127 111 6 87 11 75 81 16 9 200 184 85 169 178 79 40 68 91 105 175 29 19 188 45 47 153 3 145 
87 60 133 112 163 137 75 52 47 42 162 41 29 79 156 139 65 32 147 111 57 126 141 164 103 67 110 77 72 177 182 11 130 12 49 3 169 159 53 70 19 64 38 178 78 24 123 2 131 99 188 55 30 194 97 90 115 135 186 102 44 98 106 116 89 25 10 198 28 150 146 50 1 7 83 17 74 180 191 5 153 91 117 184 88 124 125 68 26 21 86 27 48 96 132 192 43 104 85 183 122 8 105 173 69 165 
89 154 128 50 167 131 182 54 153 123 64 194 175 114 43 80 71 137 85 11 92 31 93 15 161 135 68 21 53 19 183 25 119 22 37 91 155 49 162 39 112 14 144 107 192 188 69 103 44 195 133 124 78 66 102 8 4 166 77 97 95 165 190 127 116 105 90 51 74 7 197 152 200 115 5 196 169 87 83 63 157 181 171 147 9 125 81 1 33 16 118 172 130 185 2 73 117 170 138 173 151 34 189 141 178 82 
186 61 72 60 200 130 46 184 133 166 79 48 158 134 25 44 170 144 83 28 8 110 145 151 106 159 192 177 69 92 21 174 183 40 108 141 171 182 33 198 113 153 20 18 19 195 27 88 54 81 154 189 114 157 196 80 39 62 197 26 155 103 165 82 58 91 118 77 122 99 50 13 188 162 35 104 84 129 11 105 93 111 179 85 
32 63 94 111 4 90 8 147 12 77 76 85 120 22 55 121 145 182 146 98 3 84 105 106 53 66 159 143 199 9 28 114 41 178 166 65 47 168 125 89 196 175 186 189 161 93 26 30 117 142 95 10 170 29 133 132 131 184 137 172 129 148 71 5 160 49 158 52 193 156 11 171 118 185 64 130 127 68 191 59 194 67 173 198 61 70 34 153 44 81 169 190 140 51 1 88 37 72 115 144 24 163 7 
85 17 151 39 127 46 161 122 152 126 108 19 102 187 118 92 59 148 34 135 166 10 162 35 12 94 80 172 120 78 141 30 165 137 8 1 163 193 70 77 55 9 142 2 144 29 104 117 53 82 64 89 88 83 76 111 160 190 13 150 114 61 147 191 188 79 81 145 20 112 5 84 42 128 67 33 18 175 167 87 124 115 177 71 179 173 60 199 132 7 157 105 
47 85 48 66 125 190 102 94 22 65 4 118 83 29 45 197 147 12 21 130 149 109 9 119 192 155 158 64 141 99 61 50 161 128 75 194 187 123 101 196 7 156 1 143 26 132 84 3 162 82 129 31 142 133 34 105 139 87 198 78 96 62 60 175 159 131 52 10 106 53 174 24 54 74 124 68 182 59 100 89 107 134 49 111 108 189 186 11 
81 46 31 21 195 123 166 142 20 172 165 34 71 13 112 66 125 185 73 24 28 186 180 199 187 55 51 37 198 169 162 179 52 45 61 163 56 191 72 102 150 3 41 173 40 30 63 122 17 174 194 74 75 82 159 141 183 39 48 105 119 200 54 149 145 138 111 19 137 32 29 113 136 114 92 15 158 10 57 182 65 161 25 155 38 167 168 157 144 86 27 148 
118 37 107 168 53 121 39 57 2 162 139 169 191 172 62 154 178 72 100 76 153 180 101 63 108 109 59 3 48 47 152 173 142 6 133 41 16 71 69 1 45 50 22 200 26 161 40 174 135 123 51 21 75 92 134 186 117 115 81 116 91 165 124 33 105 132 66 111 158 43 171 96 155 185 131 94 103 170 198 80 8 112 34 82 97 188 29 64 20 110 176 159 114 55 141 95 125 157 
150 174 4 183 64 161 90 118 160 61 39 11 37 147 198 103 98 71 30 165 155 32 140 6 29 45 87 127 144 48 115 95 180 28 44 81 75 34 105 66 85 197 128 2 113 56 188 193 73 121 173 101 187 163 26 49 7 194 43 58 175 25 14 116 82 122 106 19 133 117 139 166 181 93 129 170 119 199 153 9 132 104 47 114 136 100 33 151 146 70 171 192 178 50 92 112 12 23 
83 179 23 3 159 14 168 144 150 126 93 64 72 189 161 124 82 102 116 88 91 70 199 97 156 121 162 18 33 130 125 12 177 137 191 68 155 176 181 57 136 187 44 120 28 165 175 182 117 143 195 65 75 45 174 198 171 101 186 106 89 29 60 109 140 6 84 123 122 167 151 5 107 132 172 48 39 52 105 194 96 15 73 34 1 55 63 94 16 30 92 78 146 180 98 
59 166 141 9 79 144 195 60 3 159 28 49 138 90 74 104 87 136 47 161 91 198 183 192 43 99 137 168 176 135 132 33 164 54 6 73 5 147 151 179 163 15 32 78 61 35 56 139 85 53 44 103 189 126 118 153 25 112 41 24 127 119 84 175 114 180 11 50 165 105 120 70 146 45 98 8 140 77 30 36 4 156 38 109 18 20 37 10 145 172 26 83 57 106 75 116 196 194 171 133 72 27 12 
133 65 174 107 188 69 68 61 165 58 134 77 181 41 167 136 40 171 146 112 158 78 24 117 184 140 70 190 9 75 10 105 25 76 86 135 60 153 4 14 7 67 12 125 79 147 142 35 151 121 98 26 180 56 38 92 156 109 144 54 127 34 116 103 18 179 111 169 63 189 155 110 13 106 159 1 88 55 80 36 192 97 186 187 33 73 5 119 8 137 28 84 138 53 30 176 173 91 72 161 182 199 120 154 113 2 195 3 
114 119 9 172 71 155 46 128 75 148 61 49 57 62 169 132 35 70 191 7 156 54 111 100 55 66 193 41 30 146 3 143 149 115 175 168 127 29 6 123 98 135 160 5 108 59 185 16 176 182 1 192 51 136 93 27 48 53 121 76 109 200 47 190 178 129 138 24 20 140 112 196 154 86 124 67 189 21 52 184 120 137 159 40 88 81 89 95 110 117 80 63 10 96 72 56 12 165 32 163 122 102 4 13 152 25 34 84 91 23 73 164 130 134 173 187 44 38 
131 154 32 123 7 141 107 139 76 16 20 41 11 9 49 184 24 92 143 91 125 73 148 118 74 86 132 68 55 34 80 179 163 166 67 47 173 95 114 157 172 22 149 83 119 50 23 104 30 40 110 193 167 121 196 176 98 1 152 4 164 82 15 178 81 102 153 6 183 199 175 151 186 122 3 21 150 165 103 57 117 156 126 43 25 70 162 54 200 75 99 142 181 52 61 105 28 180 135 94 66 
111 148 70 110 57 106 162 195 74 128 133 189 35 165 113 58 127 115 15 18 116 75 87 94 171 91 93 81 37 55 181 2 150 39 73 200 156 105 41 28 72 71 32 33 26 38 164 4 161 191 125 142 168 51 149 12 46 119 198 118 120 134 69 139 92 90 29 147 98 17 112 10 129 103 76 68 79 194 88 159 65 22 138 109 108 14 64 166 13 145 56 167 123 1 
92 50 147 179 182 178 127 1 18 134 7 77 45 40 101 29 17 117 67 62 68 114 46 91 118 84 188 111 51 89 136 49 174 163 112 88 126 175 191 20 64 153 63 11 99 123 121 71 120 35 103 144 24 176 82 54 2 150 3 26 148 151 189 170 183 187 154 95 173 31 180 152 38 110 186 16 13 113 5 135 137 157 199 83 57 55 164 25 198 27 69 6 53 96 128 108 
101 145 144 149 199 12 67 28 37 75 34 57 134 71 148 93 56 196 115 109 190 102 152 61 89 191 9 188 146 43 135 4 116 17 182 10 7 63 172 52 70 114 193 66 48 6 24 55 25 39 81 176 60 139 183 112 72 79 54 159 69 45 122 68 140 181 185 195 85 90 42 8 49 76 163 125 31 194 53 99 179 36 97 153 124 110 65 162 51 151 100 189 142 141 35 184 64 155 20 108 
97 151 71 148 12 31 95 14 195 38 152 75 80 153 169 180 107 130 134 156 175 74 91 2 106 150 61 30 167 111 82 20 40 58 173 19 65 172 155 164 188 144 51 179 37 70 132 143 64 63 1 158 171 86 36 35 128 187 60 103 90 15 194 4 136 146 123 73 176 189 59 85 89 157 183 29 174 10 116 62 45 166 9 33 6 42 131 182 83 5 168 41 127 165 115 
196 132 26 166 64 69 128 193 134 39 102 130 75 189 198 57 7 131 187 165 86 99 88 179 177 145 31 152 109 119 169 168 106 143 111 90 47 45 174 185 107 23 68 157 37 127 58 188 83 28 48 151 183 30 62 101 199 32 175 197 160 146 148 184 74 121 71 10 9 4 155 87 91 190 8 176 38 173 105 3 42 80 60 114 72 59 138 100 76 11 186 112 116 125 104 29 98 2 
200 147 1 69 52 12 27 87 56 188 39 135 18 42 145 196 79 152 72 74 122 95 190 41 31 165 99 98 96 171 164 22 6 37 163 54 167 29 185 101 48 146 61 53 131 21 144 40 162 11 140 32 15 17 19 133 139 166 25 182 71 33 102 128 68 89 8 9 97 108 45 23 93 118 35 153 85 184 13 88 197 155 81 158 160 38 195 59 64 115 119 66 104 114 34 191 63 142 187 30 14 141 5 57 3 132 
50 86 46 193 141 93 133 179 181 112 85 42 3 124 21 26 25 103 28 145 156 109 199 121 57 96 185 169 154 104 71 171 73 66 195 72 56 2 11 134 35 132 165 102 84 125 101 81 100 17 34 78 148 9 190 143 164 158 49 45 174 89 64 36 47 39 196 187 135 68 80 116 37 197 63 114 182 32 150 159 70 82 178 144 65 83 18 194 115 142 105 88 44 129 22 177 127 192 162 27 98 138 
149 190 17 54 20 147 46 177 36 191 21 140 82 59 77 60 166 97 173 170 57 152 32 107 44 3 126 198 172 163 37 135 174 95 100 78 73 179 131 169 25 50 196 120 167 143 51 125 185 42 184 153 10 119 189 58 99 49 195 127 134 35 31 186 1 98 181 104 86 7 188 47 41 84 43 155 157 63 178 158 24 148 171 146 70 19 79 96 80 150 75 48 187 162 26 194 102 175 114 129 112 113 110 200 105 116 2 128 16 199 72 144 85 176 
174 193 187 116 133 91 55 163 90 183 83 114 117 107 143 32 160 20 1 177 190 52 58 151 66 176 42 28 12 152 17 135 79 85 26 148 173 48 43 192 198 122 115 80 189 138 165 132 40 111 140 112 14 186 57 35 164 120 13 59 110 106 179 53 21 155 27 129 123 128 41 36 2 72 54 130 195 25 139 50 31 119 146 180 22 51 23 74 73 105 87 161 121 145 108 98 100 200 68 18 178 131 
184 192 137 138 68 190 105 30 84 158 19 5 162 157 3 13 176 22 39 99 134 20 150 35 61 24 161 50 2 69 41 188 147 179 154 63 18 27 78 127 112 106 141 197 75 6 47 107 80 198 160 185 174 104 125 199 144 140 65 66 14 85 194 128 25 178 36 159 23 151 76 122 33 169 164 29 177 149 55 130 34 49 17 136 97 26 170 1 7 109 15 110 31 74 101 189 168 
86 92 90 174 98 18 152 55 136 192 139 124 63 56 97 166 83 38 182 33 46 47 172 196 11 78 84 118 64 72 24 116 59 20 197 117 178 176 88 45 190 43 9 4 79 120 74 189 185 99 26 171 165 69 153 106 1 53 109 141 149 131 58 188 5 137 8 147 151 121 2 130 37 68 148 125 110 145 25 122 105 31 57 157 113 138 13 186 132 
3 122 35 149 90 54 120 132 1 144 36 119 135 193 166 128 129 83 138 121 4 127 177 18 31 151 173 103 147 78 186 102 76 168 184 112 56 43 61 167 68 23 71 188 109 145 100 70 174 92 15 158 91 134 116 157 50 113 26 139 44 66 169 114 152 9 200 133 176 33 195 125 187 86 156 196 194 80 140 11 69 175 199 154 40 59 55 51 178 106 155 2 42 8 143 13 46 45 124 10 163 98 48 28 165 
80 159 121 134 184 42 105 38 78 153 131 54 43 41 10 100 69 52 140 179 104 114 25 197 120 174 171 155 22 61 180 119 65 92 48 139 157 143 200 1 12 34 191 186 30 59 126 28 113 21 173 90 116 87 183 133 95 135 103 99 63 117 72 118 195 158 127 162 147 125 64 71 4 32 82 124 123 88 156 107 55 23 15 94 57 148 168 37 145 49 150 
113 54 63 67 95 121 163 11 122 175 144 82 110 96 71 167 49 84 112 165 44 21 107 90 141 111 91 80 93 169 62 106 89 16 160 132 159 176 158 189 12 133 153 74 177 70 118 60 39 81 109 157 48 126 92 191 193 174 6 3 59 83 162 31 148 136 99 154 187 53 164 116 2 79 138 166 51 150 14 194 28 147 40 181 130 85 42 68 119 61 135 114 105 30 190 25 101 125 152 5 168 66 
181 23 35 186 33 189 20 115 8 31 86 43 13 66 121 102 4 92 130 55 46 90 177 146 192 52 5 44 190 184 123 54 62 137 195 73 18 197 129 94 122 76 151 169 95 61 41 101 38 26 153 185 161 108 159 109 56 117 134 58 132 194 1 53 64 2 87 89 170 84 71 25 120 147 51 81 98 7 60 133 200 105 142 168 124 48 14 97 49 135 175 29 
164 123 149 69 21 133 152 129 182 151 141 180 50 155 11 172 157 119 67 92 60 131 32 91 116 135 6 4 96 59 44 56 136 191 189 83 19 39 121 25 156 97 3 159 158 8 122 106 153 55 46 33 89 197 167 14 54 175 45 132 20 22 145 78 34 165 7 148 127 76 70 63 61 10 93 146 163 47 87 109 166 104 79 120 58 105 36 12 68 181 173 65 37 62 
5 99 6 162 149 70 90 172 117 177 58 42 143 198 125 175 27 122 168 76 49 197 166 25 98 191 182 104 44 118 32 154 148 13 185 61 109 11 89 147 17 40 134 16 195 128 140 26 87 34 10 64 187 45 151 167 65 135 193 103 3 144 7 133 91 46 110 20 102 66 94 127 86 178 186 59 131 137 38 78 43 115 176 80 165 116 37 200 108 184 24 114 60 63 179 79 4 159 141 119 111 189 
84 65 199 130 180 7 22 153 10 57 182 164 187 151 62 128 91 108 21 30 42 179 112 190 39 47 77 177 134 76 16 191 157 89 198 58 173 55 72 145 92 35 80 114 156 13 9 24 31 186 25 83 165 120 71 87 32 2 166 5 132 178 189 66 174 18 106 140 101 126 118 111 41 75 160 141 52 45 69 28 188 194 137 169 143 135 123 125 110 104 146 90 113 133 122 26 159 162 96 99 172 192 150 149 
125 57 45 126 56 158 188 192 48 111 96 114 78 65 137 135 115 101 14 138 86 85 81 28 129 187 84 179 132 184 175 68 10 198 140 191 18 64 136 19 55 67 29 79 167 177 41 190 39 62 151 123 97 170 9 23 50 17 133 195 162 169 71 51 54 109 20 157 73 72 58 11 182 69 36 119 7 30 88 156 124 34 159 104 44 134 120 33 189 61 82 168 143 121 22 147 173 16 153 91 3 193 118 
103 101 45 127 150 181 81 90 137 167 71 100 190 89 79 168 50 145 189 134 22 4 147 160 91 199 18 184 47 62 68 32 110 170 43 187 84 175 144 59 112 178 118 49 117 174 157 36 109 192 3 34 191 55 138 7 38 102 31 42 73 159 75 120 64 108 195 53 106 148 129 63 97 142 8 2 135 27 92 162 130 56 121 122 146 183 128 94 23 20 133 33 166 30 9 60 165 52 182 197 
69 84 189 17 160 61 66 62 167 151 2 48 98 177 128 196 95 70 165 20 123 199 157 145 29 73 74 131 59 194 140 169 92 180 148 85 75 56 39 76 72 91 57 139 1 183 45 130 99 119 47 186 144 27 23 100 30 126 82 11 93 149 28 181 94 49 171 9 71 58 178 46 115 77 195 161 4 78 81 79 65 7 136 147 106 68 21 52 124 5 22 80 97 6 26 122 175 40 89 
188 33 82 174 73 6 192 67 2 118 190 61 197 160 93 44 133 50 112 32 27 200 196 127 102 129 62 161 39 89 170 95 94 142 76 98 7 162 80 71 3 29 56 113 15 22 46 120 148 164 35 5 74 159 135 28 54 105 9 189 193 179 119 183 68 30 181 114 58 21 13 64 45 186 65 132 96 141 125 17 173 104 139 130 11 52 36 23 26 48 184 138 195 136 79 18 137 14 180 81 185 85 100 176 140 88 156 
58 149 32 93 163 24 3 69 175 97 137 200 92 66 108 28 7 143 9 76 27 22 172 18 184 144 183 34 160 189 21 72 176 142 84 116 78 169 29 109 188 131 191 198 168 45 54 55 146 64 41 13 12 37 129 53 148 23 70 182 38 52 40 186 118 5 125 94 162 98 89 62 136 82 113 161 11 20 4 199 122 133 56 170 190 80 88 
101 87 76 99 120 104 55 190 166 93 85 119 57 176 20 164 137 133 158 184 189 38 64 47 156 134 49 13 171 123 128 115 62 2 159 170 15 175 141 22 172 75 27 187 44 116 56 86 31 126 39 178 196 102 195 7 182 148 107 65 3 90 78 69 33 173 70 26 181 19 29 14 152 125 43 83 124 73 48 40 113 35 197 146 174 42 34 163 136 139 117 179 162 28 18 
104 100 24 128 185 87 172 85 167 76 63 152 191 169 43 124 180 131 22 41 186 94 134 17 183 7 181 163 155 14 174 107 119 53 81 118 4 139 99 147 142 145 96 193 91 184 113 13 30 40 164 65 190 116 67 187 48 199 42 144 37 15 58 143 1 112 176 121 83 200 165 177 89 34 82 61 68 95 10 101 154 125 29 49 45 19 194 66 130 192 25 158 103 80 151 38 136 98 26 168 150 127 149 78 162 
46 16 167 24 153 34 14 43 36 178 61 148 98 69 30 187 165 40 78 104 183 101 191 197 9 176 39 169 65 112 141 73 111 170 115 130 83 155 86 142 3 68 198 129 161 145 190 52 33 162 134 1 102 62 132 60 50 154 182 23 82 41 113 135 38 117 120 70 85 7 87 94 136 63 93 56 192 37 179 140 66 25 27 189 92 29 124 31 84 71 58 95 180 6 177 199 137 
136 57 10 3 93 50 133 178 101 31 113 200 123 61 142 85 51 9 175 114 164 53 196 47 165 137 179 75 177 161 32 193 172 180 76 16 14 30 173 17 34 6 122 66 160 147 129 185 29 70 139 2 98 198 110 83 126 167 118 5 155 143 191 69 78 62 134 124 41 145 54 59 195 88 55 102 71 183 89 149 187 159 4 184 46 131 73 82 103 77 174 68 18 74 86 181 168 36 
128 82 180 104 138 45 53 123 175 77 94 37 68 136 199 137 64 176 86 110 113 26 160 167 184 18 7 24 127 83 163 187 186 33 72 157 185 169 89 9 79 31 135 69 119 27 78 106 93 55 43 98 11 87 13 171 56 109 162 189 44 85 71 16 10 96 54 42 48 196 131 121 102 190 155 194 81 153 120 47 195 178 198 57 75 168 58 91 132 193 3 181 143 20 38 50 158 134 67 92 125 192 
51 15 64 112 161 166 122 39 154 35 119 68 2 124 135 130 148 97 180 79 168 143 114 127 182 18 198 49 102 158 86 12 20 190 22 73 95 47 24 120 48 167 42 177 108 121 111 29 55 179 199 133 92 185 56 189 65 197 145 163 69 82 77 147 28 192 118 59 110 27 139 164 21 174 191 19 129 162 96 176 200 32 3 85 187 109 63 106 98 7 137 169 183 37 195 13 107 16 67 150 
84 162 158 106 33 6 150 167 12 139 181 4 81 186 97 66 14 179 119 35 192 159 103 29 50 188 122 199 36 78 172 49 200 173 91 22 144 138 54 32 161 124 28 39 133 67 149 20 190 89 196 160 148 11 79 90 41 130 21 98 77 47 59 183 74 155 3 83 102 87 75 9 152 169 147 72 86 113 60 111 30 42 15 96 93 101 163 13 10 127 16 136 140 126 198 25 92 145 178 64 2 27 73 123 
79 105 103 47 14 12 110 40 139 165 59 71 20 87 200 198 162 74 8 199 44 54 39 78 186 160 130 7 24 138 196 85 67 190 120 72 31 57 143 167 17 144 99 83 123 101 133 126 36 116 119 1 91 128 145 4 175 75 32 179 5 182 38 152 26 146 117 178 21 22 185 49 88 93 173 90 62 121 124 174 42 137 18 29 153 108 169 64 48 
180 62 6 187 162 172 142 85 59 98 51 118 138 96 152 32 136 78 21 137 124 5 129 41 164 18 88 67 54 63 23 57 92 17 14 158 42 177 29 9 190 89 182 79 95 38 181 101 119 178 133 193 39 49 192 100 175 80 25 34 198 163 183 141 148 81 87 93 20 44 195 47 56 146 144 91 194 176 12 31 71 140 109 165 69 107 108 130 26 82 115 139 50 48 3 46 72 66 97 55 200 
80 56 144 152 64 130 26 161 110 145 69 46 164 83 86 136 97 42 24 82 61 54 45 192 74 16 158 23 124 37 71 128 194 159 196 101 33 138 43 149 93 79 27 142 174 157 115 11 32 140 34 186 108 169 189 47 162 38 200 118 99 17 119 132 44 173 13 193 195 84 178 78 181 155 12 104 154 153 75 185 57 95 121 156 19 72 163 167 15 123 62 
104 116 25 30 85 143 155 15 166 38 78 113 63 181 62 162 50 21 97 146 11 42 125 29 139 156 158 47 79 157 191 147 90 128 52 111 107 130 167 1 196 81 109 74 173 174 171 68 194 136 8 26 67 141 55 101 86 182 70 33 135 129 117 57 176 58 84 123 76 16 193 75 69 200 54 72 45 138 184 98 95 106 119 103 169 124 102 159 73 189 151 10 
114 164 153 160 108 14 79 143 184 194 180 57 185 126 98 84 16 168 42 199 123 90 26 167 41 10 188 25 46 31 82 77 76 1 191 23 144 85 64 58 101 112 17 105 145 113 172 65 162 96 2 124 97 146 156 4 37 118 93 195 66 89 59 39 147 92 44 72 60 53 9 134 174 52 21 176 141 106 50 122 100 125 68 83 186 40 18 28 109 48 81 115 130 56 34 103 20 3 116 117 32 62 157 181 
32 81 67 194 83 20 178 175 86 171 173 147 170 95 141 62 64 103 199 92 2 58 5 106 165 7 159 37 14 112 36 46 53 49 60 31 146 164 127 23 55 80 186 133 181 33 163 9 15 113 188 142 192 136 29 110 129 17 143 100 152 45 138 174 16 40 96 104 1 61 30 102 74 156 56 50 43 190 48 97 75 57 12 39 124 122 93 149 27 63 132 99 82 85 13 125 115 139 108 196 
6 89 54 104 176 97 22 9 171 147 31 186 5 68 197 151 93 158 123 86 129 82 45 146 145 40 26 112 182 100 51 193 165 103 164 91 170 198 23 55 35 109 39 16 60 10 64 74 2 38 98 37 83 11 187 179 58 191 113 161 84 14 49 80 79 181 128 95 52 115 138 149 173 168 78 59 15 177 124 137 178 1 99 148 21 142 96 134 144 155 117 126 57 66 157 7 169 61 195 199 174 163 34 150 29 
105 94 175 38 31 100 20 126 180 157 62 69 184 125 159 36 6 99 182 130 174 61 138 113 29 148 179 96 70 50 93 19 186 129 45 64 5 71 167 111 161 176 95 17 146 79 145 158 57 35 75 120 123 166 163 59 177 187 196 12 84 140 104 119 18 172 171 169 200 154 67 142 102 28 1 162 128 173 107 52 188 198 66 137 47 42 77 73 14 98 160 165 90 9 48 101 189 39 136 43 114 65 152 168 124 193 54 87 80 144 83 4 
197 111 47 138 150 164 149 156 31 93 36 76 175 181 119 23 194 170 196 186 77 151 35 180 60 84 50 105 158 39 178 136 88 19 122 157 198 24 32 78 102 30 15 114 182 128 4 108 115 66 152 192 190 143 7 33 17 121 168 160 25 183 176 141 179 58 174 45 103 177 117 27 57 37 86 21 130 72 80 65 71 99 85 161 97 133 185 52 55 9 139 38 112 83 49 159 20 142 100 13 148 199 29 166 118 124 48 
119 103 146 6 190 97 24 155 25 78 13 51 18 75 105 120 83 21 141 87 38 95 96 165 197 149 172 159 2 142 30 1 91 66 37 115 99 180 175 62 70 19 61 57 193 36 121 28 116 136 199 58 169 31 196 27 151 33 69 76 11 164 167 177 187 72 44 111 17 198 171 162 52 148 32 8 176 114 39 14 26 118 138 53 15 117 113 48 181 80 71 46 179 122 108 140 184 110 109 123 34 23 153 5 173 125 
33 109 130 147 184 135 98 80 18 25 172 129 177 119 82 143 94 44 175 92 138 106 192 87 19 188 140 84 132 53 161 171 15 107 89 169 198 145 26 77 96 21 144 97 64 41 76 13 120 9 101 74 149 168 78 71 63 1 112 95 65 194 150 162 153 180 48 14 178 103 52 29 195 122 72 61 5 85 199 118 91 134 42 38 108 102 185 60 124 137 17 165 148 66 58 45 
62 194 182 175 183 122 121 145 151 60 143 53 24 102 193 22 97 18 27 58 68 114 187 190 65 135 9 141 191 69 150 81 39 188 98 154 44 36 7 130 49 115 176 158 108 80 30 164 149 32 29 42 156 34 84 163 134 51 178 6 103 57 127 43 139 37 55 105 142 8 119 66 172 71 92 168 132 86 16 159 133 75 147 171 177 173 111 128 140 184 15 25 31 50 
57 136 49 138 134 192 128 158 94 132 70 30 160 92 15 137 59 33 112 120 24 86 153 150 20 72 34 74 5 106 11 149 81 187 88 28 173 79 39 114 89 178 156 40 41 126 104 6 31 168 165 101 129 17 8 46 161 35 13 1 85 133 176 23 109 162 184 69 44 29 58 146 63 21 50 163 100 96 97 16 32 48 75 65 82 147 91 113 197 45 164 181 135 83 
33 148 102 85 134 133 49 184 112 56 180 165 156 105 122 185 138 94 170 198 158 51 30 139 40 90 20 72 88 15 177 193 64 93 118 4 32 52 164 89 28 117 183 189 161 195 35 1 104 126 96 66 121 152 197 196 178 68 29 108 157 3 7 92 136 17 192 19 26 86 25 6 144 79 13 171 61 22 83 76 154 2 175 9 123 57 54 146 75 44 159 115 23 41 127 101 70 168 140 5 109 
157 96 63 138 1 5 21 145 14 58 140 165 127 178 168 91 188 110 9 153 7 116 54 3 35 6 73 177 107 37 194 182 196 44 29 13 152 99 11 85 139 186 162 2 187 122 68 135 23 179 56 174 100 32 111 50 106 164 16 48 43 93 36 118 92 175 104 147 103 57 83 30 191 151 79 156 170 120 74 51 125 18 144 131 76 173 169 121 141 148 10 154 41 67 113 136 146 193 8 
146 53 40 197 21 125 173 175 48 88 13 187 135 109 122 62 172 184 93 119 37 23 117 102 156 136 80 143 20 105 94 123 131 141 83 150 98 4 11 24 165 171 194 52 174 164 189 106 89 118 110 160 153 12 104 69 116 149 162 155 22 195 74 115 30 3 73 10 198 67 42 137 61 139 133 36 76 193 43 68 169 63 58 185 147 72 196 132 126 19 41 190 71 113 114 14 17 95 16 182 200 65 26 18 99 
188 39 68 200 35 11 7 21 105 183 194 26 100 107 140 168 13 195 17 129 172 145 18 92 19 4 158 160 135 187 198 137 152 12 15 109 141 43 97 61 3 27 153 90 89 71 62 24 136 31 59 166 88 159 181 177 57 193 175 161 74 179 111 112 2 42 154 93 165 23 69 48 84 58 101 76 54 78 189 9 95 180 174 190 49 167 148 130 40 72 149 5 163 196 156 186 33 199 
35 44 56 61 157 68 9 95 84 81 83 62 90 102 59 80 120 55 195 164 178 181 162 36 67 3 70 165 38 71 153 8 106 134 183 49 89 187 194 2 12 88 155 100 169 149 37 117 10 161 188 69 78 168 130 163 27 75 4 98 47 60 63 112 21 93 91 34 52 22 198 184 76 28 5 13 11 96 74 160 125 127 136 79 26 41 126 23 29 110 99 103 152 39 17 
120 106 114 79 34 66 196 184 93 64 99 179 189 82 102 60 128 174 26 15 185 130 188 198 78 190 104 74 144 54 47 171 35 45 25 116 85 30 33 134 55 164 42 178 56 18 49 62 73 2 155 192 126 100 68 158 90 10 140 145 31 152 181 91 103 72 12 101 81 115 97 59 142 41 71 108 123 65 27 167 168 76 139 40 44 176 153 143 96 127 183 57 113 111 177 98 147 1 160 197 107 11 
156 168 68 33 157 37 187 128 127 9 23 177 159 47 85 162 185 78 58 166 76 152 2 149 82 178 163 36 133 94 135 146 86 125 189 53 110 180 67 109 57 12 5 61 112 16 60 111 89 55 10 137 97 183 108 101 31 99 25 103 102 28 141 91 196 45 73 199 83 20 65 200 14 119 158 165 26 49 121 147 176 3 30 184 44 38 155 139 132 186 92 50 22 172 87 126 138 29 173 39 167 88 96 19 69 1 104 
52 130 72 60 1 28 175 196 19 194 188 181 65 150 112 34 148 75 84 178 127 142 106 97 177 98 104 90 168 46 44 37 100 113 192 199 7 96 9 71 22 67 70 163 8 78 49 131 3 27 4 57 32 15 118 102 5 54 10 171 165 134 183 182 86 149 83 91 87 172 126 170 62 99 136 56 137 24 39 92 129 81 103 139 185 152 20 151 187 144 101 125 195 41 82 161 164 191 93 11 162 69 29 138 12 110 
77 81 144 25 141 47 197 3 130 108 106 192 149 4 98 95 6 17 35 198 38 24 129 131 86 107 127 176 83 56 33 49 137 191 37 103 189 184 163 80 150 29 147 32 194 117 109 185 153 123 116 148 114 175 55 100 18 21 118 112 110 105 180 135 68 63 183 58 154 178 82 128 142 94 53 61 181 171 172 19 174 157 22 70 111 20 132 169 140 160 39 9 193 51 14 167 200 138 162 120 16 45 165 52 88 161 23 79 62 7 66 46 15 122 168 124 
151 63 150 81 135 166 99 192 12 43 194 49 71 64 29 136 59 86 168 62 179 167 154 108 39 121 20 74 157 140 193 55 200 195 26 171 5 7 111 170 177 156 116 188 138 15 18 56 50 181 182 95 131 115 103 113 94 41 148 77 149 9 52 82 32 122 110 106 196 22 125 142 25 107 80 127 102 66 163 164 187 191 134 104 38 72 153 46 130 75 161 101 83 23 180 184 2 24 173 146 69 112 
26 116 18 184 19 98 153 128 17 27 39 163 170 157 22 148 72 121 193 91 127 115 182 69 192 137 123 96 81 44 67 189 196 85 35 104 83 120 191 118 30 53 139 147 68 188 59 190 95 6 65 135 66 54 112 162 154 200 165 32 12 21 16 31 150 3 161 61 89 136 145 124 52 24 29 64 43 77 180 63 4 60 174 41 158 106 129 134 8 103 33 82 178 194 114 167 122 56 93 51 45 185 94 117 20 34 125 
185 69 84 71 16 111 118 2 45 140 174 180 93 197 60 188 130 25 96 30 79 182 129 10 149 114 141 87 194 59 163 105 47 195 13 33 106 55 181 134 153 172 81 31 76 109 156 85 143 191 170 165 126 128 146 108 97 135 19 161 113 43 160 144 133 123 34 58 145 67 28 11 14 116 18 54 95 164 8 155 12 78 68 90 169 186 175 42 56 158 120 115 142 138 
10 116 27 17 52 191 199 154 59 168 193 192 63 3 79 126 28 133 55 24 2 19 152 6 96 129 102 114 164 137 92 163 4 182 62 136 97 171 21 200 83 148 174 131 106 105 81 166 57 124 125 103 117 144 173 139 101 87 189 161 153 150 80 67 82 22 122 90 165 50 51 155 93 194 184 45 29 195 183 110 128 25 167 30 23 15 185 158 170 176 94 38 13 74 61 14 162 
94 68 134 34 101 10 59 100 166 194 84 186 77 158 87 51 123 21 5 58 126 185 81 76 38 46 78 45 65 145 23 98 1 198 60 177 200 110 55 2 102 189 91 155 32 197 130 191 190 61 164 14 56 120 49 26 118 108 24 188 136 15 11 116 53 6 27 73 124 152 44 139 156 106 174 13 71 175 159 57 95 144 143 70 18 154 12 119 131 33 62 72 129 192 28 31 8 7 90 75 173 42 163 41 
74 5 14 184 7 187 49 90 107 42 9 40 133 197 194 153 25 177 109 85 171 50 48 21 122 69 186 124 123 168 65 188 181 6 149 150 104 33 121 120 157 159 146 111 164 76 77 75 110 136 173 87 191 192 11 24 152 53 170 137 57 82 46 178 16 68 67 156 190 91 78 160 195 1 62 26 172 116 163 34 135 126 17 31 63 139 3 84 169 30 167 28 23 99 35 182 144 106 117 
7 184 62 115 4 148 1 156 33 119 151 190 102 169 164 65 48 188 44 11 139 182 52 16 40 74 49 50 18 160 37 91 118 15 179 29 165 109 38 5 96 39 107 112 113 97 125 101 80 53 51 13 120 147 63 20 174 55 162 199 175 180 54 141 93 35 70 12 92 2 64 150 9 56 89 157 42 14 171 84 76 154 111 159 146 173 103 149 45 88 133 83 130 123 170 191 166 61 126 
44 20 161 14 47 151 16 18 9 125 80 173 133 195 146 169 82 73 177 154 79 30 119 184 114 68 43 87 159 90 117 128 185 64 156 23 12 171 63 54 141 165 197 135 94 129 96 33 121 115 42 86 198 104 55 105 182 57 72 166 139 48 194 46 69 88 60 109 136 75 147 145 107 92 4 91 51 181 172 40 62 26 200 142 167 38 155 24 81 32 70 41 101 122 183 77 19 199 74 15 116 98 192 190 140 
155 119 16 198 73 3 26 100 77 122 147 8 58 51 170 89 96 158 90 167 44 85 40 193 138 39 102 186 182 160 6 47 111 184 126 178 110 144 105 195 28 33 113 4 37 125 63 60 200 129 52 61 121 15 18 54 133 177 32 81 53 24 34 109 42 114 194 117 17 36 152 179 22 11 115 93 87 46 30 75 49 139 65 57 74 1 151 70 148 165 164 97 55 181 146 166 157 153 91 168 131 41 104 95 171 141 169 
67 142 193 25 66 54 194 176 171 139 92 69 137 60 121 108 179 120 162 40 187 14 129 4 178 44 1 119 144 8 59 195 149 88 80 115 48 37 157 197 74 181 70 43 143 89 161 198 127 90 82 156 6 190 41 184 51 107 2 63 79 186 83 13 128 17 87 49 145 124 42 116 16 152 183 148 130 173 22 189 55 26 81 18 45 12 100 102 23 155 134 99 169 104 50 118 21 165 93 122 191 31 160 62 192 71 196 
175 37 92 95 66 101 156 145 14 7 119 184 138 10 32 109 105 9 57 63 167 54 189 81 45 195 97 143 90 12 121 120 74 27 20 62 197 64 113 4 188 56 29 6 144 103 19 69 163 193 136 98 58 172 111 114 82 96 166 180 15 125 75 182 18 34 127 33 198 129 94 196 28 164 157 71 68 134 48 13 5 130 199 99 85 65 86 72 183 79 76 50 31 118 1 148 168 194 41 126 177 59 192 170 133 104 
128 58 7 42 147 197 193 187 135 47 146 95 60 158 195 140 114 161 121 166 105 136 116 157 106 70 170 137 110 91 14 49 196 46 124 131 125 143 98 93 19 52 22 38 50 2 39 97 16 199 165 77 153 62 129 100 6 122 65 107 191 36 123 150 67 162 74 155 30 85 184 176 89 179 185 26 138 175 56 48 188 84 108 149 92 86 88 75 169 44 83 171 3 35 172 200 101 55 20 198 145 87 113 104 64 163 
172 153 189 142 85 2 33 83 9 50 143 150 163 117 100 94 95 21 173 64 34 156 41 32 164 130 92 36 114 14 105 6 102 111 60 26 123 194 132 121 12 4 120 159 49 47 175 146 16 125 135 77 76 126 84 158 109 18 61 54 131 137 174 107 45 182 134 56 127 192 35 183 10 188 23 24 139 87 28 124 11 101 190 20 15 148 31 8 136 185 96 184 5 
113 60 70 130 57 92 193 7 188 189 24 153 91 182 64 138 10 71 86 50 59 199 169 136 159 5 22 75 127 137 61 79 38 77 45 42 14 25 65 190 32 88 149 35 11 155 157 177 68 84 126 140 109 104 26 176 80 102 54 183 162 160 151 172 98 125 142 85 123 46 186 135 94 175 13 163 165 17 97 121 198 27 114 185 6 15 156 143 31 148 49 184 154 178 52 53 16 
57 42 145 24 135 154 164 32 184 93 18 4 157 20 73 143 9 51 33 95 29 197 54 15 118 96 102 137 150 36 87 109 10 75 99 189 84 100 79 163 41 19 65 80 165 58 173 30 123 181 43 81 13 23 21 196 192 144 72 121 12 169 44 22 168 103 86 55 161 129 35 25 126 105 7 167 14 40 178 166 199 124 94 170 195 52 160 68 82 101 88 89 5 
92 116 64 95 145 53 78 142 100 67 189 10 96 48 25 44 98 89 87 155 60 35 140 134 63 141 185 45 75 36 42 47 72 11 177 182 157 1 191 187 27 135 6 120 88 199 115 90 70 117 186 28 123 43 132 114 61 38 24 180 13 195 176 33 86 184 122 2 34 109 161 194 49 93 200 153 131 190 169 108 193 68 146 129 128 65 84 178 18 133 52 62 8 83 171 
90 156 72 57 170 132 31 95 70 47 45 99 124 6 160 112 98 5 86 44 166 49 110 119 195 103 60 26 79 84 102 161 41 129 198 130 159 149 50 39 66 88 20 87 97 138 164 140 142 184 137 186 173 28 127 150 2 131 125 179 71 189 148 139 152 81 187 136 82 133 37 174 154 74 175 78 11 61 1 33 25 69 68 73 171 43 92 115 145 3 117 4 191 100 169 167 8 155 
128 52 194 174 48 126 83 16 29 178 163 34 164 110 180 159 6 49 138 18 199 82 117 51 94 46 167 2 151 73 186 143 58 144 140 9 185 21 182 72 91 160 30 57 122 150 176 35 47 22 54 101 8 137 27 42 53 86 25 136 168 3 198 113 20 65 181 172 12 157 84 5 7 166 96 61 70 28 187 67 37 33 131 109 171 129 197 41 191 141 98 153 173 15 23 177 78 
144 48 25 30 50 31 70 90 52 87 93 100 130 53 27 134 37 2 188 182 132 192 89 33 73 199 165 175 117 148 67 141 170 97 55 184 96 145 32 168 139 76 3 200 124 80 26 18 160 92 133 63 79 44 186 162 150 82 118 22 191 152 54 83 112 77 88 9 24 140 121 17 153 173 111 42 194 58 109 163 14 171 198 146 41 78 72 110 23 47 167 114 68 7 185 
137 71 142 150 175 196 15 45 171 9 55 127 16 188 34 30 57 143 42 66 7 134 64 128 53 173 83 119 33 91 8 26 29 18 108 106 182 183 159 85 130 47 146 120 100 61 181 193 49 84 97 160 81 88 118 197 59 60 191 194 139 200 169 144 161 69 141 25 5 10 74 46 190 126 103 6 67 76 162 123 184 117 82 178 40 31 149 167 41 80 163 2 179 192 131 96 147 129 153 3 20 36 102 168 
189 185 11 136 14 45 94 23 8 200 192 129 15 58 12 105 168 73 194 102 48 89 41 88 142 166 49 152 172 24 143 46 97 145 30 40 72 78 104 4 55 36 16 100 92 147 128 112 174 19 118 117 154 38 132 2 42 148 103 33 137 199 122 121 86 60 176 150 178 21 184 134 146 198 25 37 159 138 186 84 77 151 119 59 161 98 56 187 181 20 75 95 188 163 62 27 96 177 3 54 34 123 
133 58 17 179 100 187 128 103 170 29 139 184 45 14 70 108 140 134 121 23 46 94 149 113 145 114 57 126 122 97 165 27 90 88 74 167 92 43 36 48 131 191 39 141 40 171 91 38 33 148 173 200 53 118 1 76 96 30 117 166 98 82 185 127 6 112 138 67 25 13 59 50 159 197 16 61 123 21 172 31 69 189 11 186 54 109 175 34 26 116 190 78 73 168 77 161 66 64 3 196 37 47 63 182 180 
144 87 94 167 1 154 55 69 38 185 48 64 58 66 157 60 23 161 53 81 108 143 82 163 78 100 122 80 149 103 189 97 123 158 172 124 102 193 198 179 104 114 56 171 3 182 196 120 106 141 117 98 91 17 74 126 71 134 187 2 142 44 128 37 156 22 174 33 77 150 85 191 111 51 76 160 26 4 178 7 188 73 18 15 21 57 170 195 83 24 35 118 99 162 180 101 153 131 9 169 
133 83 183 98 62 143 1 197 180 186 104 65 7 139 90 68 15 159 30 150 163 182 51 107 21 122 20 43 179 57 45 156 17 151 74 56 61 94 190 161 195 167 172 49 102 58 75 185 136 2 106 105 16 145 142 177 154 114 193 146 115 93 112 164 192 153 50 9 132 123 39 67 66 38 28 22 19 119 127 162 198 89 63 8 111 79 131 155 130 69 11 196 
131 47 72 79 4 16 58 135 80 158 26 160 69 187 34 139 171 174 107 140 162 106 132 125 138 12 167 182 111 137 169 181 151 164 36 53 136 78 110 146 66 74 180 153 76 123 114 128 37 39 30 57 121 148 170 44 190 117 127 20 77 157 75 193 60 56 50 15 144 156 3 82 99 105 186 113 42 85 178 168 23 122 192 81 94 51 93 152 195 159 
5 1 127 66 164 125 174 57 48 77 112 115 78 12 165 59 91 143 34 101 22 47 46 43 171 15 136 124 150 56 161 130 138 148 187 191 97 119 67 4 2 183 159 108 61 80 172 134 33 109 188 31 75 106 102 76 110 55 122 194 118 37 72 107 92 62 65 30 135 198 156 10 26 87 132 60 38 29 146 36 85 184 177 114 104 200 140 98 18 116 71 113 35 189 73 49 155 50 129 94 90 16 167 11 63 160 117 192 9 103 84 
167 100 139 38 190 117 14 151 171 12 45 109 187 96 137 13 174 30 23 87 136 5 165 164 92 69 39 116 150 74 121 156 159 142 3 81 160 52 131 189 24 68 120 178 135 71 90 180 19 17 157 193 154 194 66 181 84 70 114 112 113 166 21 132 108 126 148 83 42 86 93 79 15 141 195 36 140 31 65 182 77 37 127 185 134 98 147 50 107 75 53 34 138 32 149 122 6 26 18 191 58 155 
163 149 145 180 11 169 124 117 160 106 116 195 133 9 91 170 60 28 49 120 199 61 46 10 42 111 139 34 140 69 142 68 32 25 31 55 50 22 37 44 188 109 187 40 137 47 168 128 108 132 88 83 143 129 43 81 153 102 98 90 19 121 23 86 194 147 13 93 198 71 58 151 14 179 174 113 18 162 130 84 94 123 85 119 48 65 3 8 135 26 100 33 57 161 141 127 126 177 67 154 176 196 
47 166 98 51 144 101 135 102 168 68 78 83 125 43 79 81 96 13 75 140 30 192 129 116 84 128 4 105 12 131 11 120 48 61 121 73 122 143 62 7 71 134 91 110 186 93 40 136 31 23 10 18 44 138 150 195 21 132 174 77 155 151 115 6 45 148 139 183 59 104 127 170 82 124 191 163 42 158 90 20 80 89 19 50 178 85 182 162 72 88 100 197 22 111 56 1 184 146 41 198 185 37 145 5 95 26 109 35 130 
165 113 75 55 183 98 137 198 193 19 186 88 16 38 85 37 187 96 141 118 134 197 41 32 77 158 9 147 70 163 92 1 108 140 26 72 95 8 52 122 35 51 65 192 199 63 148 74 48 17 73 194 34 151 154 170 45 172 89 123 90 2 67 188 182 101 175 157 40 7 64 191 69 169 12 21 53 100 13 145 200 49 84 104 131 176 102 46 20 61 81 153 31 79 5 143 144 
162 190 198 101 72 16 39 60 124 12 98 88 144 77 37 122 96 66 142 176 75 153 200 158 118 103 188 28 54 138 163 172 184 114 7 170 29 109 27 181 38 154 134 26 82 61 133 131 110 195 105 63 177 10 151 159 100 17 155 41 145 160 161 186 13 8 5 3 168 112 156 113 68 24 4 115 62 84 137 85 136 199 51 90 31 119 11 180 147 183 191 92 15 80 43 140 9 59 111 70 64 104 117 20 32 52 187 
171 21 113 83 101 2 129 62 70 133 104 127 123 111 60 145 38 192 132 131 81 155 128 151 158 80 51 15 142 161 176 74 24 98 65 191 175 64 112 63 32 78 122 194 181 89 134 185 42 178 165 169 183 54 179 121 154 52 97 99 172 22 12 85 136 41 126 55 195 88 107 189 157 119 109 135 186 156 199 147 27 96 103 188 197 47 167 20 77 35 125 182 140 33 13 196 137 3 61 184 6 164 40 53 37 7 68 94 
125 114 17 91 152 153 175 14 62 161 25 112 117 150 67 61 63 83 196 30 43 148 129 33 166 102 109 71 26 22 177 56 78 32 65 92 36 37 5 142 130 103 121 124 113 192 145 72 55 44 94 57 68 51 191 143 115 146 54 49 176 159 70 12 98 74 107 99 1 118 193 15 105 110 52 96 136 82 122 11 69 181 47 144 168 64 45 27 151 89 77 156 164 132 194 139 8 88 
20 72 29 142 138 14 19 28 198 151 158 10 153 13 3 167 135 107 171 178 128 8 194 60 148 103 190 139 73 12 79 36 181 174 64 59 143 191 22 183 166 74 199 42 155 92 145 121 35 165 108 78 26 51 180 38 187 106 159 57 99 33 9 129 48 15 34 110 164 140 2 189 45 46 54 67 94 86 123 37 53 104 44 32 147 161 120 137 40 
14 25 57 173 19 162 72 148 95 12 49 9 32 2 174 156 112 30 130 153 125 185 170 58 33 42 190 62 26 122 28 51 59 91 178 175 137 67 22 73 144 180 133 105 97 80 45 155 37 159 118 121 188 64 88 146 108 81 182 5 142 163 13 158 168 154 152 181 68 79 135 23 92 187 16 196 184 143 145 24 177 82 120 78 27 29 195 172 126 50 55 40 85 179 124 61 161 128 90 192 136 140 199 74 60 
50 33 102 171 88 28 125 9 174 111 183 142 17 87 84 42 134 2 130 72 131 197 75 139 78 74 168 187 6 29 158 126 157 40 160 11 107 162 147 173 195 185 166 58 135 59 77 101 44 27 55 49 10 63 61 3 32 83 182 62 167 148 178 144 53 116 23 34 13 35 122 124 114 81 159 136 200 100 80 149 109 46 150 26 92 68 198 65 45 52 186 199 181 12 66 25 108 41 176 38 154 119 4 95 
93 22 30 41 5 83 142 114 190 62 10 156 122 71 49 72 15 97 77 59 65 44 82 141 89 92 33 153 63 9 174 1 66 48 28 187 108 17 149 4 34 88 29 175 69 36 2 186 199 126 118 50 79 140 130 3 180 86 96 172 20 45 151 127 124 102 184 144 182 158 74 120 38 64 146 51 154 111 103 129 32 181 100 84 188 35 195 194 117 197 171 106 143 121 134 115 57 155 14 75 78 179 55 137 191 53 
173 176 49 60 42 149 130 157 4 77 97 120 1 199 171 195 93 19 192 113 73 9 170 45 66 22 180 191 36 20 35 163 76 68 59 18 159 17 28 139 47 153 29 164 44 55 86 24 179 39 185 91 196 122 96 115 161 118 119 98 140 111 131 190 79 104 178 186 182 69 80 121 82 48 154 89 136 108 165 141 138 193 92 129 94 162 181 106 30 189 11 133 102 95 143 78 109 50 117 123 184 88 172 175 57 
72 198 74 129 177 108 115 92 193 168 112 186 79 21 96 123 116 196 125 70 9 192 178 33 188 62 131 191 111 124 103 20 100 173 83 10 147 63 184 122 12 98 1 169 59 76 104 120 35 130 86 68 52 8 80 31 107 55 54 7 199 158 101 48 153 64 149 28 139 32 150 88 13 22 126 156 128 14 141 37 84 44 171 174 56 75 99 148 136 105 53 194 166 81 155 89 135 185 27 30 143 
164 118 190 49 123 122 53 24 174 150 8 107 1 134 81 30 140 92 15 185 172 152 82 52 187 169 22 193 157 101 93 10 68 63 166 124 13 64 37 87 58 154 21 146 19 83 113 60 136 133 121 110 167 48 98 59 55 119 179 195 17 38 199 36 25 44 66 177 23 106 88 86 108 191 168 27 2 78 6 45 40 50 35 20 197 181 112 148 95 94 34 80 84 184 116 4 126 46 109 96 89 192 42 127 
186 176 19 49 73 42 93 71 101 80 111 34 14 89 123 152 26 40 144 154 13 103 189 160 56 171 175 124 17 59 7 22 164 122 54 45 197 180 125 102 6 16 129 36 27 55 113 121 58 29 9 53 147 109 64 92 63 133 141 181 94 3 196 39 110 199 69 131 28 126 150 99 134 162 145 10 75 116 137 46 96 105 2 128 91 142 98 167 193 32 169 47 157 135 33 48 
193 69 146 66 134 11 101 142 172 83 152 61 145 105 56 41 65 74 126 47 136 32 135 5 102 57 72 157 117 62 110 7 91 79 171 38 129 20 108 161 151 123 28 35 175 128 95 30 114 27 111 96 10 60 84 104 165 92 184 197 192 168 19 112 42 182 86 29 2 120 138 200 13 68 37 125 150 159 46 115 17 163 156 170 70 154 71 94 199 191 133 54 93 189 40 132 18 78 179 121 183 39 50 174 15 116 127 
29 87 75 25 199 89 35 13 186 49 24 19 171 44 158 110 178 129 77 10 115 34 188 185 176 102 131 145 101 174 121 81 43 60 94 65 54 113 18 124 108 97 92 160 114 143 3 146 38 159 168 193 91 86 51 122 11 59 133 173 153 58 88 28 32 39 106 156 7 2 15 16 123 184 80 194 61 48 68 84 196 73 82 103 164 31 17 69 66 181 137 62 111 148 26 22 180 93 20 23 
179 113 136 171 122 116 66 79 138 38 112 5 43 93 41 185 58 9 147 7 40 177 181 125 49 159 110 161 106 11 71 137 20 13 109 36 119 170 111 81 29 21 139 131 163 16 22 25 160 154 88 143 14 164 124 10 123 84 37 173 23 174 128 24 105 57 86 67 199 82 97 191 61 80 134 100 102 78 167 152 158 53 77 26 
127 177 142 91 87 70 1 80 120 52 57 186 119 173 108 17 98 99 144 137 109 151 118 69 163 116 195 157 156 82 182 39 4 132 33 106 121 54 117 92 22 47 84 40 104 85 16 19 154 46 185 67 114 15 63 171 10 170 14 145 79 199 161 168 50 123 44 167 197 139 64 9 68 31 42 27 100 146 169 36 136 176 72 133 2 18 11 105 174 37 49 23 180 59 112 196 51 131 124 193 135 172 111 179 194 
87 54 11 174 156 160 80 102 83 49 113 70 101 150 59 43 55 91 64 135 5 95 45 130 129 144 1 188 24 76 116 115 110 185 152 29 173 161 30 100 25 23 77 71 10 14 181 86 172 39 44 108 163 46 18 3 74 17 139 122 107 27 8 118 103 195 88 126 82 158 140 178 166 192 165 143 159 168 104 149 171 42 123 73 138 196 145 155 121 147 32 142 154 34 7 90 137 72 
186 27 116 114 49 77 18 166 4 113 106 88 72 136 193 160 71 3 26 19 146 6 131 50 97 24 170 132 191 23 150 69 44 162 86 149 20 84 190 29 109 62 5 168 79 198 123 185 41 126 30 68 73 111 2 54 60 1 184 59 81 156 89 32 61 197 167 178 38 128 87 16 165 110 93 21 46 104 33 13 200 133 107 188 144 172 57 58 140 11 51 105 22 17 147 55 134 135 64 
28 109 124 89 143 156 46 49 57 190 25 152 69 175 125 151 40 155 101 38 176 73 122 137 150 165 59 112 99 90 106 58 187 158 50 41 84 21 94 132 186 8 19 13 178 133 183 126 92 157 26 67 104 140 32 97 173 82 96 138 37 87 83 17 153 63 148 128 61 192 179 74 127 107 103 15 4 167 147 108 70 51 130 12 34 174 146 48 145 136 119 134 191 144 7 149 194 168 14 111 31 29 42 118 171 142 71 162 
15 123 19 134 41 52 191 172 181 53 50 176 152 5 194 25 186 154 174 139 179 138 90 158 160 130 136 133 65 70 12 155 197 10 78 94 72 29 92 115 141 87 168 150 183 106 22 112 16 14 144 34 30 113 99 62 51 23 182 135 38 192 171 111 77 83 117 36 35 74 91 47 175 190 125 33 128 157 1 148 44 31 95 13 159 89 180 163 101 46 149 58 165 140 119 67 20 7 109 
86 66 102 5 2 74 195 150 101 197 129 60 40 4 117 160 131 157 92 63 64 175 107 52 35 9 53 146 15 99 152 77 14 71 122 120 1 174 123 93 181 142 39 33 68 89 154 198 95 105 46 167 84 45 184 192 47 114 153 78 190 145 166 158 106 185 109 21 82 119 67 161 50 19 44 65 177 183 76 121 155 165 26 80 173 199 34 139 168 193 97 73 134 96 112 16 37 49 141 69 187 41 179 59 172 115 
88 103 121 64 102 5 152 109 159 167 101 154 108 96 122 132 39 29 98 14 192 40 194 86 195 83 112 37 80 124 15 13 75 146 196 173 9 135 164 188 161 91 82 110 43 130 6 193 23 162 69 137 104 126 11 191 111 12 129 35 170 68 19 45 1 79 90 116 92 48 93 157 197 176 77 56 36 89 158 76 172 127 186 63 171 200 166 59 163 24 148 66 131 55 16 134 7 142 54 113 184 41 153 189 
73 75 194 187 54 167 34 141 23 79 60 138 18 96 129 173 88 46 26 50 171 133 36 195 114 120 82 182 5 31 159 1 10 56 35 103 168 131 132 29 119 179 143 142 102 92 28 126 51 86 166 95 135 6 89 44 63 196 106 122 155 61 71 137 156 7 78 94 16 148 87 164 58 150 147 42 199 72 157 69 90 162 125 139 19 33 22 2 175 107 27 183 149 70 62 49 
147 151 83 195 47 55 67 64 131 107 59 134 118 178 86 80 43 74 62 3 170 112 4 187 168 94 101 133 92 51 81 89 40 157 72 48 29 146 88 23 28 11 140 122 36 153 177 56 53 66 104 41 150 106 103 73 58 100 152 192 44 200 95 138 87 76 159 174 93 99 110 162 46 102 60 34 27 199 105 113 63 85 82 141 20 45 49 136 158 98 37 19 33 193 130 163 108 128 117 68 57 149 18 6 38 
192 184 53 107 158 144 76 170 163 112 123 114 113 28 95 93 108 102 198 115 72 167 25 34 20 150 66 2 36 56 106 35 68 186 92 90 160 146 110 15 87 138 75 64 116 14 40 13 74 6 32 33 43 18 193 174 82 143 104 12 126 171 131 91 197 176 51 23 124 130 94 19 156 152 99 173 149 120 89 83 98 52 58 27 141 191 133 17 4 195 161 199 47 185 38 142 103 46 183 26 109 
140 119 154 187 165 66 57 75 17 26 92 77 143 58 158 153 198 15 80 121 29 24 63 83 137 22 107 148 61 14 71 104 109 139 13 174 62 162 180 6 169 16 21 126 195 97 192 103 46 100 199 8 85 78 74 155 113 156 173 166 168 196 90 45 163 87 5 98 152 176 102 86 197 110 41 183 50 184 138 2 111 135 68 19 167 43 175 190 54 129 101 3 142 178 118 136 4 69 141 185 48 159 146 170 64 
62 93 40 144 82 127 56 125 116 146 168 114 68 178 76 123 184 171 135 106 110 186 16 52 58 160 59 81 140 113 69 25 1 155 48 200 102 53 65 138 187 24 104 182 44 99 199 94 60 34 30 169 79 142 11 162 49 197 83 151 27 165 19 149 22 13 196 29 55 21 112 72 161 147 133 157 185 103 7 12 109 8 14 128 189 46 73 18 91 190 95 63 20 45 137 198 35 175 28 174 166 31 194 191 32 141 176 6 156 117 120 71 36 43 136 
122 60 49 1 156 187 48 116 145 98 129 35 160 112 37 3 40 39 101 8 176 195 109 152 197 13 89 181 169 189 62 159 64 161 138 34 190 166 136 47 16 45 59 28 106 83 178 10 70 146 56 36 137 66 20 2 58 175 42 147 177 30 163 91 186 74 26 52 140 55 84 11 87 111 148 118 57 131 130 124 117 75 121 126 150 198 96 23 183 25 179 31 174 9 128 50 46 93 29 103 53 44 79 
72 157 123 21 14 163 28 139 79 181 88 195 173 85 80 137 112 138 166 27 12 8 146 49 188 57 118 26 46 30 154 5 9 179 99 70 69 126 6 94 187 41 147 175 197 142 92 1 168 62 156 77 102 162 131 152 33 51 39 48 81 184 130 67 71 136 140 120 155 145 105 144 117 74 185 36 68 129 87 50 56 96 149 199 54 20 135 116 52 125 76 132 91 170 63 192 119 164 58 141 169 10 98 109 
139 58 32 188 145 80 27 72 161 60 85 55 194 104 137 113 91 163 73 5 106 101 23 41 165 189 38 172 8 193 168 77 53 90 125 36 148 64 152 182 63 142 153 174 147 11 45 181 57 108 62 50 16 82 26 131 160 44 132 198 105 159 191 146 99 81 176 128 117 130 25 164 186 103 187 92 37 10 18 93 56 6 167 24 116 54 121 190 140 171 135 96 88 46 52 112 151 30 97 144 119 87 111 173 
1 89 191 164 134 91 175 114 138 70 50 171 156 74 108 73 43 11 81 159 39 60 13 105 8 72 41 151 133 15 5 54 9 128 66 87 198 135 76 3 111 23 137 40 124 31 174 158 179 181 197 38 57 83 192 30 84 115 92 168 182 69 112 58 95 146 199 148 123 169 177 47 188 129 16 147 52 26 187 49 48 25 131 106 130 33 96 21 122 27 20 160 120 90 117 118 
172 183 68 45 110 176 10 3 199 185 25 181 106 124 76 139 21 99 18 20 173 38 133 190 165 70 156 72 32 130 196 160 73 8 127 91 144 37 158 89 108 113 97 16 148 14 101 95 69 151 94 52 186 177 187 90 13 47 65 178 147 39 12 128 67 136 19 121 79 60 34 104 154 146 166 123 141 191 192 168 61 100 194 142 31 193 22 66 
21 132 190 8 33 159 40 46 62 80 71 61 77 164 5 93 31 28 19 30 48 186 199 121 195 113 192 78 54 15 107 115 92 146 114 51 69 1 53 110 86 131 37 18 124 112 167 196 130 122 172 34 17 141 157 153 183 200 165 111 55 3 147 155 191 64 128 25 175 43 89 148 45 85 73 20 136 150 166 154 123 74 133 125 81 116 79 145 47 160 101 170 12 68 144 70 193 162 103 102 76 94 
42 154 113 155 18 51 39 135 177 168 58 157 180 152 82 164 148 112 188 115 47 96 102 166 80 191 119 61 41 125 7 86 25 87 45 59 94 121 4 31 174 198 134 110 181 2 92 178 12 91 114 15 173 13 107 147 19 57 167 176 75 16 84 3 30 89 131 194 179 186 105 20 189 8 109 172 192 60 124 123 150 196 120 143 77 175 49 170 190 140 104 197 144 24 171 22 74 79 151 
107 20 167 38 118 152 48 166 47 134 72 189 63 145 183 99 46 24 83 7 141 84 90 155 192 130 50 158 144 136 187 22 65 117 115 12 97 73 37 29 131 21 114 96 172 101 51 67 162 78 23 198 178 92 10 111 106 17 138 34 57 109 28 62 25 93 77 137 3 45 64 39 157 66 148 56 31 140 13 122 70 116 85 156 9 4 113 