200
150 9 82 78 99 32 167 49 111 112 161 36 128 171 116 152 5 153 58 6 194 61 64 72 200 119 110 37 182 199 185 147 34 44 85 142 15 47 131 151 125 16 190 118 74 43 158 81 90 
10 96 42 129 128 134 126 168 144 164 132 44 17 101 185 174 41 54 63 125 114 188 66 158 196 39 51 71 90 75 118 143 111 120 165 69 34 145 5 55 178 159 187 24 40 23 9 181 116 186 
161 106 104 26 11 175 141 110 68 108 109 173 30 127 81 100 193 52 171 145 93 73 77 14 113 114 27 169 122 156 138 70 121 155 181 102 131 129 85 34 150 124 188 65 133 20 178 67 164 160 191 66 144 86 115 51 24 153 31 101 60 
98 71 24 128 8 125 184 153 154 59 96 11 56 177 77 76 87 126 21 94 26 167 113 69 84 29 104 41 107 150 187 105 115 17 185 46 146 163 103 178 43 50 198 65 156 134 136 37 165 181 55 97 10 152 193 62 186 114 
168 130 84 2 72 100 157 8 164 187 26 13 154 29 151 193 197 165 172 126 149 1 35 47 66 152 180 181 143 135 77 48 36 125 102 136 49 160 166 12 147 91 40 108 124 127 7 38 
181 125 136 147 160 34 108 39 68 78 47 128 57 197 1 149 194 98 129 176 120 106 175 187 64 109 32 179 45 72 131 124 158 192 17 152 43 61 41 62 102 26 36 44 89 133 162 114 199 70 93 15 
76 55 121 193 174 105 181 194 107 12 159 18 73 132 169 35 5 9 78 103 65 125 66 163 122 57 79 67 60 129 30 189 157 49 111 33 72 97 165 184 120 16 178 143 138 68 56 46 84 27 50 151 102 196 59 38 
74 192 170 4 130 66 72 187 98 121 168 176 134 186 169 34 36 183 52 119 196 112 89 18 56 62 143 58 57 100 95 188 81 13 46 149 180 70 146 5 135 102 82 118 171 11 159 42 17 158 29 
175 53 83 104 169 130 198 101 116 159 141 170 140 19 18 115 14 85 196 168 22 2 60 174 200 80 187 195 15 1 191 73 7 41 55 185 135 36 35 158 
12 195 191 62 185 73 151 37 134 47 184 20 49 86 76 94 97 142 33 118 130 155 198 176 64 22 108 174 4 30 50 152 175 112 124 69 36 197 21 186 53 115 2 27 89 111 117 129 177 75 
83 37 84 78 190 8 151 4 109 191 148 113 107 105 44 181 152 160 182 99 185 86 71 3 170 126 187 72 56 39 163 22 137 74 18 110 132 129 59 192 89 141 199 38 62 133 97 
199 129 198 132 152 88 149 190 71 151 5 81 150 161 34 113 86 195 128 140 158 62 144 41 188 67 130 162 15 193 106 102 109 173 7 183 37 174 112 25 55 38 197 96 10 
161 138 22 31 8 160 123 43 190 55 152 185 59 111 15 101 20 17 68 64 65 73 170 49 103 23 193 186 36 124 5 28 187 76 24 57 184 163 130 168 140 84 154 62 109 41 156 
67 29 149 152 198 141 69 129 97 40 19 72 44 188 179 123 49 146 3 94 170 139 166 66 98 38 189 197 73 37 91 64 15 36 88 137 144 62 75 195 9 117 46 105 108 114 138 190 42 24 18 145 153 100 83 87 160 
94 117 34 114 140 24 77 101 121 33 145 14 178 103 179 122 115 1 74 177 30 163 97 12 13 45 51 157 41 81 57 144 39 9 76 63 54 155 32 23 90 164 176 6 100 72 104 133 58 191 
166 80 7 45 17 24 26 50 112 18 28 76 103 113 44 36 120 181 158 164 149 25 173 154 60 51 161 96 179 94 90 188 156 84 74 189 171 193 58 137 124 1 167 133 109 37 142 146 75 
13 101 56 175 108 68 36 121 24 136 154 2 66 195 76 120 103 200 110 16 174 122 21 31 177 6 75 156 85 70 4 25 143 168 124 173 8 126 34 71 133 159 104 193 109 189 149 137 22 187 117 148 160 
168 16 92 170 123 193 8 84 129 122 157 183 75 7 103 112 127 64 136 173 179 159 182 74 45 142 41 180 9 195 161 196 73 77 124 187 85 95 58 100 11 194 19 14 67 43 177 192 91 101 
107 45 102 162 34 37 167 50 39 80 146 142 190 18 170 86 109 115 135 14 116 36 55 191 178 137 125 70 9 112 188 196 152 47 105 28 73 159 44 57 153 48 
50 75 133 98 72 200 90 93 180 132 102 26 112 198 76 173 83 155 10 25 184 194 175 13 81 35 64 129 128 27 169 171 59 22 95 159 150 120 160 143 108 62 106 87 89 192 3 
183 159 4 100 36 71 82 167 114 44 196 105 54 55 73 86 144 134 10 35 130 152 25 53 47 72 58 87 180 106 161 43 164 158 193 145 17 146 78 42 138 60 181 108 176 125 133 94 187 139 149 74 79 151 63 102 89 192 129 118 178 31 
64 52 165 55 9 124 109 166 193 25 158 168 115 175 10 33 84 163 184 79 157 20 85 133 197 177 51 144 66 65 68 47 91 46 178 138 17 90 120 141 82 72 80 13 153 45 86 112 186 196 32 11 77 41 121 
163 96 114 130 123 193 90 156 173 64 89 55 128 192 104 151 33 102 41 2 15 170 52 195 79 172 129 148 146 138 40 13 42 
46 37 58 4 28 92 95 159 59 185 67 98 85 77 62 162 196 194 169 16 14 193 87 76 71 152 96 97 64 186 3 140 191 33 129 45 48 141 118 2 13 17 156 53 171 114 15 112 188 83 
187 182 84 102 137 115 180 71 44 22 21 170 159 196 136 131 123 16 31 69 149 112 100 41 17 132 127 89 12 172 124 79 52 188 143 46 161 186 57 190 20 92 
150 178 157 57 187 176 103 192 16 3 66 82 149 43 98 53 62 6 4 70 124 154 74 129 81 198 134 122 71 31 87 165 160 20 106 146 80 38 72 35 147 59 30 112 83 200 140 191 5 96 181 156 
177 43 120 147 97 138 136 192 3 20 168 45 182 143 184 31 169 38 102 89 29 108 137 115 35 10 121 129 28 91 133 151 59 199 134 57 72 42 41 68 33 170 144 197 52 40 175 7 77 61 187 125 94 126 62 118 
192 90 167 151 171 16 182 51 144 76 41 19 116 24 124 82 156 46 137 96 36 75 60 169 198 27 98 195 200 148 58 95 127 42 47 103 199 132 133 196 66 73 13 164 157 166 149 88 55 91 83 126 54 
106 101 159 5 39 129 50 134 113 32 112 138 87 76 196 164 190 116 185 189 4 70 131 104 61 183 99 77 51 84 96 27 199 126 177 57 145 150 59 53 187 95 121 110 74 97 166 14 73 142 43 184 8 47 40 93 94 115 139 35 170 137 78 198 130 
56 170 161 127 186 93 146 190 34 7 129 3 117 86 70 177 10 191 83 15 145 164 46 82 37 195 155 192 89 198 109 134 33 184 53 187 31 196 84 42 26 143 168 124 
105 187 13 50 113 151 21 122 194 3 129 25 92 82 67 66 26 197 33 186 127 44 56 86 132 159 193 114 160 120 183 192 199 27 164 115 32 152 111 148 104 17 135 58 76 200 191 37 41 51 36 30 155 178 87 64 
47 67 64 182 134 195 87 148 56 119 197 156 71 61 194 125 100 157 73 107 128 99 181 109 76 49 153 43 131 104 186 57 83 162 29 1 91 111 149 165 116 193 15 124 77 33 163 41 154 6 198 22 142 126 31 97 114 115 
30 190 95 161 64 145 179 100 82 109 158 57 144 186 92 48 93 27 10 191 71 15 83 178 50 47 56 54 135 168 131 77 127 107 133 165 166 119 85 79 7 126 45 73 88 74 125 22 149 116 24 146 31 66 32 23 150 174 
142 70 64 137 52 169 82 129 198 1 76 78 42 39 165 100 161 159 170 135 117 68 147 84 6 17 74 156 166 195 71 172 104 30 61 176 94 44 12 75 128 131 35 194 108 19 89 193 133 8 3 139 57 118 2 110 81 15 102 63 182 
5 193 113 166 27 90 66 46 7 140 29 98 9 198 117 70 179 151 141 118 167 38 84 20 132 184 96 106 26 149 147 191 196 68 187 152 95 21 145 34 105 
168 126 57 8 13 16 96 187 48 135 5 89 28 129 10 37 151 120 62 19 65 130 21 17 78 196 136 63 1 87 31 139 164 75 117 14 49 125 172 9 190 123 76 163 47 158 68 108 185 170 6 115 
143 46 51 183 116 74 164 65 14 173 170 42 103 11 148 19 10 70 119 1 189 162 94 47 102 156 16 67 54 114 194 153 24 178 4 38 30 95 31 134 36 111 12 197 172 108 196 79 97 92 125 191 98 187 157 
126 170 174 5 150 193 27 64 12 133 62 35 184 44 63 68 11 101 189 178 94 156 14 147 88 131 117 111 46 136 153 186 98 26 67 113 72 70 118 37 78 7 42 84 
119 85 159 2 194 15 62 88 57 64 75 66 125 34 186 43 117 55 87 145 195 123 68 19 91 74 101 136 187 166 11 124 167 158 83 137 184 29 169 6 162 
41 99 137 174 27 147 196 72 154 71 116 23 2 89 169 14 100 135 75 161 64 183 110 63 90 92 125 187 144 105 179 152 67 195 131 29 48 112 162 59 42 166 5 106 167 115 141 139 69 50 193 184 
91 159 72 173 61 166 181 9 95 4 199 27 149 187 40 88 80 32 162 174 69 82 2 152 133 124 144 157 134 15 6 143 105 77 25 114 126 71 176 12 125 73 141 96 18 22 137 188 13 28 123 31 23 
30 63 92 96 107 40 120 193 116 169 14 38 178 172 28 185 37 43 131 87 147 52 105 151 119 23 188 8 145 2 88 128 34 133 183 89 196 71 75 109 64 86 27 95 53 106 134 101 157 177 45 46 21 66 182 
50 126 150 39 123 155 134 55 88 1 67 102 63 107 112 27 180 147 87 110 106 154 32 93 26 105 100 21 129 163 188 18 127 84 140 6 131 113 76 13 89 29 53 60 42 132 145 138 75 56 80 193 200 4 98 
34 104 92 76 11 50 170 167 193 6 162 150 78 60 142 56 136 31 180 38 126 25 139 99 65 14 57 87 174 159 73 98 59 52 47 58 187 21 16 2 198 144 129 1 163 90 113 132 19 100 69 
6 109 84 131 155 60 161 126 197 91 182 85 150 42 33 166 175 193 62 24 16 27 80 191 170 87 154 184 22 118 19 122 119 129 88 83 172 15 102 77 81 116 124 147 135 178 82 198 58 132 158 18 185 
136 83 57 139 148 101 197 182 30 24 114 77 25 118 177 49 50 142 188 8 69 163 145 22 174 94 198 187 38 152 129 37 151 42 176 153 159 125 14 81 103 97 35 72 135 48 173 7 104 126 133 168 108 28 106 169 109 147 4 
68 10 36 133 192 164 22 156 145 116 67 19 51 150 111 181 86 106 151 65 29 79 32 168 97 117 137 152 191 102 58 169 77 5 44 21 75 172 1 94 85 81 175 37 182 33 101 98 108 6 28 73 
36 46 141 105 135 154 156 192 19 131 149 40 171 91 5 179 160 189 96 53 88 33 119 65 144 71 75 80 174 184 195 49 79 60 63 186 125 50 24 97 177 84 
13 138 90 50 14 75 116 36 64 95 1 71 63 148 5 82 56 57 10 114 137 194 153 61 52 144 32 67 48 69 180 127 169 101 7 167 134 62 197 102 189 104 177 87 78 46 85 115 170 181 172 179 109 187 
110 54 182 7 73 58 112 16 107 53 55 165 190 136 171 40 46 43 149 57 141 104 100 200 99 101 150 29 170 49 10 89 155 197 33 56 4 186 65 115 91 94 145 140 176 48 151 109 19 31 20 51 79 44 193 
114 121 73 199 156 189 124 173 68 155 163 2 116 81 186 78 55 175 192 153 3 185 28 47 123 136 50 16 52 133 196 178 37 76 31 198 180 168 165 29 158 71 100 22 181 15 
34 194 188 118 161 68 67 42 53 144 64 122 174 120 145 200 71 51 23 72 25 197 138 108 191 135 192 55 79 80 172 27 22 78 95 44 166 146 150 143 49 139 133 168 3 196 155 76 115 8 147 
161 122 66 100 185 29 93 9 186 42 150 62 52 163 71 164 89 148 98 78 160 64 102 96 74 177 145 104 127 79 190 21 24 48 86 10 63 92 50 83 106 81 195 26 159 43 191 95 30 
130 105 125 149 21 160 28 173 146 50 157 180 99 136 37 126 162 15 87 77 152 90 163 170 58 84 86 76 177 183 33 124 194 97 80 55 188 190 104 109 71 2 89 191 101 171 
145 155 111 184 9 21 28 107 4 12 122 177 2 39 162 73 125 132 150 199 95 147 50 80 197 23 171 161 186 7 166 144 13 193 77 105 43 167 51 168 69 194 159 187 81 189 19 54 123 52 182 196 99 117 109 71 200 63 22 176 185 127 120 126 106 164 90 175 64 160 65 
116 95 200 119 30 32 198 117 128 173 50 77 126 143 155 196 33 44 8 150 85 195 11 170 4 192 31 7 181 114 158 179 125 92 185 171 43 147 17 172 82 49 139 113 
7 175 142 141 26 36 96 59 6 25 44 120 80 133 65 74 8 168 58 130 118 73 154 102 167 173 190 129 34 27 13 91 50 32 100 46 157 15 39 101 136 82 174 171 33 134 19 68 29 160 49 81 127 109 
94 181 28 57 153 136 99 104 44 45 15 133 21 78 92 124 192 69 152 193 8 31 89 54 16 98 73 139 76 24 163 47 1 68 74 63 18 158 84 50 146 141 173 
196 186 148 112 161 101 79 20 27 177 131 61 184 129 156 67 29 86 117 40 104 103 159 153 44 155 137 77 4 13 26 114 200 24 189 89 65 93 11 192 57 145 7 132 
82 182 16 91 137 43 146 76 44 129 28 119 105 128 48 169 45 88 180 9 127 67 3 186 143 109 113 185 123 193 177 160 92 66 7 21 173 192 151 93 115 153 197 116 191 
145 137 163 177 77 69 194 150 89 148 190 32 102 107 41 71 198 95 116 59 114 83 179 140 186 49 6 178 67 34 147 123 27 62 164 169 180 29 1 72 133 
61 187 197 4 147 36 24 45 38 53 39 26 20 176 124 12 193 14 10 6 134 27 107 8 11 118 74 188 103 100 127 91 191 183 190 135 13 81 195 151 49 115 155 112 138 196 165 170 120 
116 162 106 58 34 151 38 171 195 36 55 107 78 91 80 136 197 42 120 21 143 64 110 43 150 53 180 148 124 99 66 74 15 111 82 135 161 173 196 40 79 189 137 49 178 133 48 72 198 2 67 
10 74 182 161 33 176 68 31 75 40 63 112 113 117 13 81 92 20 162 67 72 180 191 53 181 158 32 6 86 77 22 14 1 170 142 154 55 34 196 23 18 164 135 42 100 137 157 49 132 101 39 179 52 38 78 24 
47 176 128 44 22 179 97 163 151 13 87 37 133 156 3 55 158 7 4 180 100 120 48 59 67 68 83 111 182 36 109 57 160 188 103 88 81 172 82 50 
14 60 95 80 98 2 79 8 187 147 76 7 35 39 5 42 31 82 109 83 135 127 86 111 28 26 91 17 190 22 70 185 89 105 112 63 131 177 33 3 157 138 166 88 198 53 
38 169 130 3 189 59 178 65 134 52 197 187 137 32 12 47 49 40 7 97 181 24 192 103 111 114 93 105 199 61 14 18 60 168 152 98 63 119 43 37 161 165 200 129 159 69 176 31 146 150 71 64 89 
106 47 84 35 85 38 148 39 13 131 149 130 167 188 166 158 145 114 3 121 7 51 34 65 52 192 17 90 94 194 189 182 6 22 27 57 193 199 120 98 58 146 133 134 36 129 141 195 125 96 164 99 64 112 74 
92 85 189 188 179 157 190 87 58 40 174 46 82 132 55 176 72 107 100 124 166 148 44 25 89 4 115 78 165 125 182 75 10 133 94 14 146 104 138 158 49 178 41 67 77 195 2 162 61 
6 34 101 94 117 66 160 8 187 19 158 145 178 126 111 86 98 168 96 150 29 35 146 185 3 37 82 188 190 137 17 161 127 95 192 30 38 26 76 
116 165 42 152 172 34 11 83 55 78 61 26 41 100 185 40 49 108 91 199 176 175 32 54 51 173 159 33 85 151 53 2 146 184 124 24 25 48 114 142 72 12 21 153 80 194 127 52 67 4 17 135 134 86 126 
99 15 148 126 171 61 74 52 154 78 20 27 38 110 144 8 11 84 181 69 14 41 82 40 135 162 26 161 170 71 133 152 7 182 63 1 6 73 185 21 142 22 117 151 114 87 46 102 5 134 103 64 
98 91 58 189 175 3 28 197 182 135 18 188 192 19 14 57 141 117 82 168 100 7 32 10 29 190 50 159 44 128 47 99 90 171 21 86 78 161 84 151 102 72 33 55 107 51 13 9 180 147 114 41 198 116 155 174 156 119 122 
169 141 68 118 185 123 159 26 72 193 107 144 15 34 139 151 87 57 122 37 39 21 182 8 121 83 163 64 18 108 58 29 190 128 161 106 63 1 33 109 62 131 53 16 11 
171 116 199 43 34 48 189 40 28 109 17 195 18 95 2 133 47 172 101 108 149 82 16 20 39 85 103 36 150 104 93 137 111 10 157 181 42 177 99 129 49 196 64 69 139 14 
31 186 92 70 160 102 80 128 163 34 110 112 178 83 145 52 176 142 29 119 144 44 117 135 172 58 66 154 60 132 77 141 16 82 28 127 17 182 188 4 13 190 143 89 36 179 81 174 10 24 134 78 32 159 54 169 129 51 15 43 118 7 97 20 
64 136 199 95 3 175 129 180 109 107 152 141 183 194 119 197 188 159 4 102 54 32 80 145 15 166 29 59 46 69 55 82 181 56 33 133 83 22 41 61 24 122 200 27 174 195 193 5 45 124 163 135 120 47 76 178 18 112 
93 1 182 86 6 187 36 69 156 106 185 125 184 169 195 73 7 173 83 38 95 21 81 157 162 97 51 52 172 124 29 176 53 107 80 133 103 79 100 63 189 64 111 76 160 109 34 113 146 164 191 183 11 199 170 122 168 88 58 142 44 152 49 72 71 119 
63 33 167 123 50 177 132 163 144 7 78 37 175 139 148 121 171 66 172 165 173 25 22 164 147 105 184 138 52 117 142 47 179 106 59 94 153 53 23 48 136 158 151 80 157 21 
124 135 41 45 180 164 141 43 79 16 117 9 148 48 19 77 176 78 100 199 134 120 95 109 193 139 54 71 91 163 107 63 52 192 146 152 169 76 144 87 171 22 114 96 26 82 166 128 137 66 158 57 55 
121 99 181 109 169 92 188 46 64 134 135 65 144 89 153 193 101 12 86 96 161 3 34 104 145 1 26 53 20 57 78 93 156 173 159 47 76 111 147 62 15 8 55 51 155 94 113 127 100 45 117 
49 8 94 72 84 45 200 102 96 186 179 156 69 160 60 162 85 33 181 1 73 80 109 31 28 110 63 170 183 194 65 182 76 91 57 34 141 121 137 30 22 116 142 26 41 56 95 70 130 191 189 197 159 21 192 66 106 75 101 77 
136 146 143 126 11 170 171 89 30 45 20 155 101 91 46 78 128 144 71 194 61 134 169 111 26 39 108 24 14 156 32 121 186 28 176 9 76 33 93 53 66 104 77 74 137 65 151 180 150 199 
138 189 119 161 190 178 73 167 4 143 137 82 54 34 72 159 134 91 7 45 140 199 155 172 43 173 107 13 109 93 188 130 90 38 186 150 11 16 120 156 29 174 25 18 48 92 191 5 122 30 115 194 68 192 22 164 35 94 148 149 58 181 88 198 
178 165 18 200 120 191 102 49 113 171 117 188 56 135 99 141 199 3 177 75 136 24 68 47 168 133 22 109 33 156 158 130 198 1 17 131 174 151 173 9 150 101 71 143 45 128 97 69 39 82 
144 30 125 153 42 158 179 70 181 133 21 47 31 161 71 146 59 22 88 164 11 200 124 120 12 73 19 100 199 54 78 64 10 53 141 139 66 105 95 123 195 174 3 145 81 
32 80 49 106 145 45 148 101 129 69 165 89 177 26 100 120 14 199 21 151 155 125 39 164 171 20 117 42 74 4 44 43 179 113 193 29 99 105 72 31 114 65 36 146 54 107 24 183 192 176 
48 33 12 60 66 170 134 65 150 86 43 125 152 175 145 41 103 186 120 42 161 151 14 101 78 159 84 177 149 104 137 183 126 45 39 197 38 28 
93 21 187 42 23 183 83 25 43 196 100 177 153 168 30 157 50 69 171 87 6 53 109 81 133 96 178 148 8 127 66 11 97 160 67 123 59 132 10 34 20 143 61 40 150 103 27 76 192 58 95 113 166 54 152 36 
190 189 49 54 15 167 188 35 192 184 16 172 194 98 22 20 102 173 117 103 84 1 145 193 127 122 96 126 120 28 150 106 40 131 68 2 55 73 23 44 111 143 99 
185 60 145 138 187 156 177 173 62 48 84 41 57 191 92 143 130 73 96 144 5 71 63 162 157 39 18 161 121 120 22 132 136 167 106 32 114 117 171 95 27 66 127 188 189 174 164 83 80 133 82 45 168 14 101 28 50 
69 138 56 141 33 64 187 37 58 170 194 132 176 91 95 24 31 162 107 197 104 18 144 40 130 189 44 25 96 114 84 108 127 106 60 98 115 117 179 81 156 193 42 76 53 
100 60 75 114 3 196 29 59 43 166 132 89 101 153 191 164 147 99 6 67 33 118 165 30 84 151 117 53 78 83 141 129 178 169 157 190 81 140 145 20 
95 152 121 69 47 194 138 68 162 101 58 129 14 10 118 119 81 131 16 37 183 145 186 184 148 176 34 21 195 108 197 153 79 38 84 70 4 29 50 27 164 143 15 46 149 114 156 82 150 146 124 128 
24 61 66 96 137 113 92 89 41 18 123 181 147 20 70 33 42 77 174 86 80 141 134 139 100 49 132 55 197 116 168 29 82 91 8 28 35 56 52 37 108 199 75 94 53 78 151 176 128 117 121 105 
42 127 70 132 192 24 196 23 150 101 16 199 129 26 195 89 53 171 178 133 124 90 68 91 115 29 111 57 82 2 80 35 48 104 176 191 95 170 116 4 97 36 81 92 41 160 156 118 113 28 12 
159 149 47 184 27 123 78 148 196 175 14 76 54 4 176 133 67 32 99 89 48 24 11 119 65 171 162 112 168 156 189 160 29 100 183 7 96 98 37 46 85 103 157 154 152 197 105 108 10 111 121 15 
158 14 148 143 67 104 125 139 122 73 118 127 102 8 44 173 132 53 38 99 90 129 70 47 100 20 4 134 105 6 185 68 28 192 191 193 92 37 66 124 160 165 35 153 151 115 26 24 152 43 58 97 
103 93 158 192 180 72 197 58 29 11 63 102 115 32 199 75 55 138 155 169 157 145 87 144 179 44 54 183 177 68 118 98 50 1 110 165 185 106 90 97 189 146 40 85 73 81 104 
113 131 98 176 86 14 194 5 64 33 25 53 34 165 78 103 21 122 3 32 109 183 71 89 93 40 161 51 73 119 8 172 135 50 167 80 97 184 162 196 81 44 169 15 69 18 146 65 95 175 168 62 191 87 142 57 43 
39 174 85 42 153 47 17 3 168 57 195 87 137 93 59 13 64 91 135 188 15 183 94 46 123 54 154 187 197 81 75 29 83 50 82 96 49 150 38 184 18 196 2 191 70 88 9 
132 123 124 113 25 21 174 135 37 172 143 77 34 140 3 184 197 99 199 27 128 23 165 98 153 7 170 167 72 20 134 61 131 47 49 12 105 162 73 175 53 57 90 85 8 19 6 43 5 76 114 82 144 45 
149 140 89 62 99 46 199 97 198 65 120 16 59 192 7 28 75 37 131 125 17 4 67 72 150 26 196 129 106 159 162 18 176 186 13 100 90 122 88 78 124 143 136 113 169 130 15 
155 133 53 46 59 15 92 31 83 191 99 172 32 98 96 3 58 29 148 190 164 34 162 140 107 109 116 9 129 142 136 156 112 17 88 192 44 171 54 75 175 166 50 114 69 153 23 4 123 137 49 81 
42 35 21 145 95 31 41 43 66 146 153 19 164 135 141 161 86 166 7 97 4 155 54 127 137 126 168 87 108 102 150 67 48 188 79 109 138 174 123 167 11 55 181 125 98 40 60 117 14 
128 140 159 134 99 47 35 55 165 190 12 29 92 42 26 180 74 20 200 63 82 87 169 131 53 177 40 46 147 21 172 103 115 116 186 192 78 123 3 68 91 6 139 196 164 79 43 156 90 137 
147 32 63 73 55 62 50 74 198 135 131 177 61 199 113 151 11 4 145 173 120 42 92 109 115 171 84 69 7 132 138 33 162 19 104 133 196 43 78 191 195 143 80 140 77 87 
34 179 147 117 171 145 10 95 125 148 183 140 158 92 75 71 21 141 37 46 110 168 14 164 142 83 3 105 198 52 74 94 17 166 20 115 114 138 97 36 27 47 6 191 5 
60 131 77 3 16 104 12 65 175 180 45 153 50 100 74 49 54 89 30 152 145 164 81 111 19 57 17 85 32 162 80 66 172 6 22 130 117 84 13 78 112 158 141 168 135 42 116 114 55 33 46 105 11 107 82 75 
108 180 149 151 184 173 50 17 1 29 157 34 3 76 199 192 11 72 170 120 182 161 82 40 113 165 123 43 185 63 99 
67 140 132 63 127 70 130 97 78 191 141 81 13 120 200 109 153 155 112 32 96 31 55 10 65 169 47 139 7 83 37 90 165 125 175 1 75 66 118 190 158 2 38 
137 189 129 26 10 104 50 119 24 20 113 18 140 43 59 77 1 8 62 66 178 76 195 16 68 22 64 97 167 40 177 120 144 198 29 136 146 123 161 180 111 12 109 25 19 
182 38 125 12 130 81 151 16 132 43 44 142 56 102 167 118 143 11 110 95 89 29 175 96 187 135 31 64 174 78 103 4 3 35 148 87 119 100 107 85 164 112 120 147 60 184 158 
91 51 146 133 127 61 170 151 68 14 31 72 141 92 104 2 59 73 162 192 129 87 132 117 102 49 179 108 189 21 185 181 93 164 123 67 115 188 153 138 32 56 145 6 109 46 71 37 180 94 23 41 3 24 15 177 80 4 
124 194 163 190 128 136 199 29 96 191 116 27 142 98 108 99 32 141 183 84 69 3 161 153 192 22 52 40 10 9 160 19 31 200 4 114 106 62 60 15 36 25 122 134 107 50 187 49 92 
115 95 96 73 158 82 167 138 2 118 188 148 1 134 56 60 40 33 176 19 32 28 47 140 51 183 29 9 109 178 63 49 143 163 71 121 42 37 175 192 124 45 199 155 61 166 106 75 104 
72 59 164 108 93 135 160 91 157 161 39 118 81 73 128 70 170 80 198 10 90 133 79 76 180 15 85 178 30 36 64 14 95 109 124 189 169 56 155 55 114 163 38 105 92 34 35 47 87 17 
34 93 121 163 46 147 98 131 180 27 35 117 125 94 62 140 21 164 76 2 194 57 99 129 145 96 139 52 74 130 160 193 1 8 38 155 142 184 182 157 24 183 116 111 113 166 45 10 
56 164 76 33 78 120 154 140 45 138 176 77 123 172 37 180 156 67 73 147 94 84 97 8 113 48 194 1 135 165 126 60 42 133 127 199 193 136 112 39 184 32 183 170 100 
77 111 57 179 119 85 65 139 42 20 131 52 7 62 86 87 149 55 88 91 152 17 36 113 136 63 155 137 186 189 31 161 135 112 107 121 2 103 128 110 27 133 22 68 90 6 197 144 84 80 172 16 
8 15 83 82 118 68 195 160 97 124 176 122 173 151 27 184 3 178 51 120 156 22 7 79 94 185 95 29 199 134 123 147 116 81 17 74 186 91 131 
53 73 127 175 156 3 55 18 78 17 15 7 163 98 198 183 45 189 161 194 90 141 169 128 115 153 100 52 26 121 171 103 151 195 77 84 74 172 31 199 168 
101 119 152 41 61 185 130 74 192 18 23 104 172 97 106 110 121 51 112 114 195 131 25 95 200 166 159 89 55 13 177 105 86 43 132 102 39 79 170 60 143 14 189 36 127 148 165 
167 144 173 22 58 54 30 39 140 94 160 121 102 45 146 96 137 78 6 98 168 51 191 199 18 28 171 63 3 32 13 80 136 71 25 5 77 41 193 26 115 145 161 117 17 103 130 116 62 150 86 181 16 10 69 
150 198 132 56 4 46 41 163 39 142 19 7 86 1 33 135 127 157 177 105 48 199 152 21 69 2 191 159 27 78 160 88 98 36 192 5 175 87 32 37 165 178 54 140 111 149 118 143 40 55 6 103 68 113 180 108 
88 185 29 135 38 41 33 44 71 45 119 90 43 144 148 46 172 189 178 105 150 83 70 181 54 139 173 5 72 157 55 143 200 28 156 27 32 136 11 17 2 36 56 4 132 
89 146 183 125 90 31 143 53 70 188 122 55 57 142 5 198 105 28 149 130 76 62 43 174 98 30 191 60 114 123 145 96 18 92 180 119 81 3 170 71 66 33 25 158 91 111 49 
157 65 56 145 80 115 73 120 175 76 151 85 60 184 12 167 4 122 102 117 20 95 200 74 182 173 199 136 181 42 186 138 32 23 137 83 170 106 34 176 6 2 130 94 1 
18 94 77 160 29 57 195 134 24 27 132 46 3 162 7 87 11 26 68 45 146 6 43 184 112 114 76 30 2 164 21 44 12 182 159 150 59 181 157 188 60 36 166 174 165 158 23 34 98 31 118 67 169 96 149 75 14 103 93 179 20 104 10 
192 179 157 173 140 113 166 29 85 128 68 142 9 189 188 145 8 91 57 12 92 103 127 111 21 138 84 133 5 143 67 184 123 36 135 124 54 109 144 82 13 10 23 196 118 175 
174 178 100 123 190 38 90 25 43 189 157 68 40 164 139 59 33 135 151 120 29 3 118 180 94 137 191 103 185 1 106 66 107 85 32 48 109 34 74 149 42 132 160 6 134 168 175 102 156 155 166 45 121 143 
180 96 111 131 140 125 164 107 43 31 59 123 25 126 196 55 102 11 2 178 92 163 28 20 152 45 150 176 76 137 12 95 79 64 168 98 69 162 93 198 91 129 175 113 44 35 114 7 89 
63 46 130 135 61 139 22 34 33 15 91 166 152 89 140 97 3 186 11 21 20 104 68 117 16 77 41 6 38 180 114 96 42 65 78 72 75 58 57 52 107 175 178 28 51 47 69 86 171 194 181 119 196 17 156 177 85 120 27 
98 49 29 30 2 169 136 57 156 4 148 84 8 76 26 121 21 180 83 32 68 80 37 95 102 131 42 62 106 115 71 164 173 43 181 27 72 81 129 116 88 41 185 10 67 
148 64 126 105 194 80 113 186 77 48 36 159 180 76 166 85 102 150 119 140 117 146 100 120 66 125 131 143 63 73 72 107 136 19 5 130 34 179 62 153 151 141 187 133 109 40 71 185 45 46 52 9 31 33 8 81 101 169 
77 6 58 124 185 120 57 154 38 115 36 180 149 128 104 140 137 50 165 54 44 119 5 103 46 169 134 17 63 18 145 27 79 164 51 91 83 4 195 135 126 160 138 39 112 25 171 166 85 
19 167 178 131 84 106 165 25 199 63 174 41 166 80 40 196 39 49 136 17 105 120 157 139 67 82 28 101 176 75 143 59 95 189 179 132 88 64 128 197 151 27 16 47 185 172 104 70 60 34 124 14 61 156 11 29 183 112 83 186 
3 105 166 161 79 99 21 108 49 151 116 69 62 66 43 114 119 22 172 14 91 23 7 84 193 183 27 52 176 92 146 179 107 187 13 136 130 29 94 128 182 144 143 
120 182 193 176 14 29 36 142 58 168 196 95 155 126 179 131 161 79 200 80 111 98 34 74 46 185 52 44 146 118 137 56 180 86 154 133 106 40 141 21 153 150 75 174 181 
175 13 125 102 35 93 104 149 108 133 9 168 26 103 50 118 181 144 179 111 135 130 61 106 12 145 112 107 24 119 199 116 84 157 166 132 165 15 136 43 184 124 159 
85 154 22 115 199 111 9 139 108 40 122 169 105 50 183 196 189 11 146 41 48 161 93 80 68 76 172 95 74 14 174 86 77 178 3 57 73 92 144 58 82 24 114 35 135 109 
78 125 113 171 194 104 187 108 32 175 64 100 44 115 165 127 18 46 76 82 71 1 29 139 19 130 188 192 79 34 10 118 174 57 72 16 
25 144 90 198 103 200 98 52 131 150 138 27 8 130 89 123 195 149 41 161 37 125 91 102 116 85 107 76 194 20 30 56 83 60 84 94 135 179 17 5 137 199 2 113 127 181 126 7 63 
41 165 130 79 81 102 40 120 140 183 12 147 3 27 141 49 76 33 99 91 21 55 143 124 92 28 74 14 168 48 169 163 80 72 86 112 52 44 83 126 138 22 2 173 15 
99 30 2 77 90 52 136 14 76 183 186 33 158 118 107 94 166 91 140 47 128 161 171 200 148 53 29 151 109 87 43 130 194 15 169 153 3 55 39 21 108 59 68 42 105 35 50 127 174 86 114 81 154 124 70 88 61 195 93 46 
87 153 141 58 152 23 80 195 99 139 171 135 54 165 19 124 33 100 86 68 26 154 30 60 67 94 83 183 4 150 185 129 112 71 114 127 8 147 14 160 21 70 156 138 52 16 177 166 105 69 78 
121 46 61 26 113 197 170 107 95 1 146 162 43 190 152 108 81 196 149 42 34 144 35 171 153 156 187 55 56 93 27 38 45 62 106 118 172 73 5 66 52 119 40 6 79 
169 123 98 46 153 126 11 135 97 53 28 72 94 168 32 31 89 23 134 87 79 63 68 176 113 17 59 178 116 108 69 80 145 61 193 84 37 104 49 
169 41 28 8 33 187 97 16 171 6 68 140 172 197 103 129 125 94 120 84 176 143 173 14 183 26 88 136 162 167 127 32 200 35 75 21 131 25 159 50 110 12 54 17 48 147 5 
129 63 101 29 26 132 103 139 43 105 94 50 84 1 135 12 88 44 143 33 156 53 47 124 146 20 38 163 126 190 172 45 52 96 89 75 83 85 4 70 166 67 90 174 152 125 55 61 3 56 192 
199 5 47 65 186 50 85 88 122 107 83 114 28 187 159 121 60 95 113 63 23 42 21 46 177 7 72 181 98 12 110 131 74 198 128 155 62 31 170 11 137 93 73 35 36 1 138 27 87 145 135 71 10 79 
77 120 172 10 58 97 47 31 98 125 161 11 5 132 133 147 89 54 80 40 21 174 199 197 35 94 46 109 184 194 176 123 71 1 24 88 4 41 78 150 12 191 6 19 67 13 181 146 72 14 
94 14 109 135 165 197 122 89 79 93 185 148 3 71 145 164 114 32 163 46 37 4 190 59 22 199 81 111 146 58 51 102 60 139 19 101 86 105 187 115 1 147 104 49 38 98 
16 158 32 40 48 139 180 97 145 136 165 5 169 57 4 13 194 146 101 119 17 141 174 181 45 186 43 76 176 64 199 72 26 
45 20 10 151 73 131 62 176 139 81 163 117 116 190 197 183 166 111 59 31 118 51 104 200 87 120 175 30 196 99 186 55 178 52 50 170 15 164 105 193 3 56 184 43 84 158 83 
65 94 193 163 4 186 73 126 81 92 162 122 146 48 150 59 23 51 104 189 78 137 34 96 47 24 121 83 195 147 37 199 188 161 106 28 82 16 194 3 85 134 133 131 119 13 84 179 26 32 97 38 91 17 
131 97 18 78 195 110 7 91 69 37 188 79 22 15 57 99 66 137 173 125 32 174 129 171 164 118 41 5 64 42 28 160 26 140 190 130 187 117 54 165 89 128 161 126 93 75 158 
21 155 189 51 58 2 111 200 113 185 129 168 145 65 80 6 22 8 109 170 99 64 9 79 108 172 70 16 68 183 12 36 86 45 182 154 173 157 85 116 98 184 159 186 39 33 1 56 127 166 69 
59 129 74 73 9 39 186 21 46 71 190 24 67 41 97 123 151 55 182 168 7 192 20 17 149 77 196 165 34 106 2 81 187 88 31 19 125 135 18 25 175 103 8 53 82 184 29 44 84 76 140 158 185 
129 117 172 115 136 53 176 146 98 82 178 54 48 76 97 78 3 199 179 65 57 157 131 89 182 11 5 13 26 55 124 20 196 60 70 17 125 31 14 121 96 118 181 6 
157 30 105 163 84 178 16 169 74 33 52 12 110 115 184 45 198 143 172 63 141 73 186 117 88 112 64 67 72 176 91 55 156 59 1 34 70 100 25 138 139 86 120 152 192 13 40 81 124 3 145 53 193 166 18 173 21 122 
72 24 55 6 193 63 54 114 129 102 100 12 64 174 41 82 107 166 109 19 184 200 97 149 91 165 132 69 199 156 92 39 44 171 40 147 196 104 32 167 37 103 197 94 78 
116 44 79 150 155 7 36 115 53 199 76 74 174 173 153 43 13 125 161 23 172 144 15 196 58 22 132 54 117 197 46 61 51 168 77 118 80 65 4 156 32 11 122 
28 91 117 87 21 5 118 15 55 109 3 29 16 199 94 47 136 86 132 184 187 168 79 53 31 129 105 157 131 178 2 61 80 113 153 36 119 68 171 170 37 190 78 134 93 106 155 30 108 114 64 104 84 
137 69 123 34 168 154 7 102 32 99 79 185 106 98 100 144 71 140 87 22 50 33 125 26 119 153 167 110 93 157 174 192 111 175 142 159 85 51 176 146 4 136 67 183 187 2 162 170 5 194 184 62 129 196 
29 123 68 129 93 130 45 34 178 55 89 80 140 14 197 16 167 104 131 200 150 155 40 146 133 187 136 162 28 196 5 39 66 138 118 108 35 77 116 161 137 158 177 135 176 52 22 33 69 169 41 180 105 145 
35 116 187 39 49 16 84 124 44 112 149 79 165 162 170 178 171 179 40 68 4 176 57 166 185 137 100 19 197 195 102 128 21 55 113 91 90 1 183 105 28 
122 33 70 22 101 30 51 2 85 158 8 97 5 67 47 108 57 131 159 89 109 46 139 194 164 52 163 9 165 124 170 188 91 184 148 18 13 27 17 100 36 140 78 55 105 199 95 172 144 178 132 177 73 
40 42 78 136 117 49 141 61 134 196 144 27 93 193 9 83 80 67 161 3 99 171 28 46 166 74 185 129 76 8 24 103 111 34 179 39 106 148 122 47 60 145 81 184 100 194 154 20 135 7 149 
155 168 30 23 29 14 179 165 88 178 195 36 56 189 119 96 54 176 18 184 27 173 110 11 167 49 13 34 123 82 19 45 117 83 151 64 164 62 175 102 192 38 127 199 186 198 44 50 158 78 187 177 37 92 147 72 25 128 114 9 8 
72 164 184 157 48 73 167 162 178 173 182 124 146 176 136 96 63 28 104 195 75 122 87 16 8 57 145 107 85 54 24 89 147 91 1 20 80 192 55 174 108 149 3 142 79 83 50 56 97 169 133 
106 123 75 149 102 56 76 150 158 119 141 78 37 122 160 137 45 184 183 25 36 104 147 199 152 79 71 100 174 65 90 190 23 47 173 120 109 161 52 42 138 163 49 168 5 197 84 34 126 
12 171 71 16 107 18 189 57 90 172 121 17 3 185 161 41 126 170 51 79 85 195 181 176 54 144 37 23 78 124 158 163 98 60 130 91 84 198 63 134 81 58 149 128 20 46 56 110 187 157 
105 163 46 171 33 172 142 129 38 85 86 152 52 12 162 131 157 41 40 77 154 139 57 179 137 73 141 48 127 10 76 9 91 113 176 44 17 2 84 101 102 165 69 95 150 7 145 
22 198 187 73 196 130 170 113 133 3 125 6 111 155 104 176 131 57 55 102 165 116 17 77 47 51 10 128 182 140 100 9 181 79 122 97 45 183 20 88 109 142 27 132 159 71 
132 173 67 174 155 100 15 116 26 83 154 170 87 71 34 41 128 69 166 97 94 64 175 121 80 165 103 160 137 62 78 8 139 183 65 152 46 199 161 184 138 171 119 50 149 21 167 197 95 6 55 148 96 76 92 200 180 10 
75 18 59 123 188 107 15 10 29 89 30 168 199 79 91 114 170 166 53 54 48 197 17 112 55 146 61 88 46 42 183 22 106 194 151 196 133 49 87 125 60 85 4 27 99 66 
2 33 42 182 195 89 196 116 137 19 131 93 31 141 179 168 166 126 4 22 3 193 167 67 155 198 76 51 84 26 125 63 70 21 38 96 7 45 37 112 77 85 148 171 161 164 121 15 132 170 133 117 61 160 69 
200 170 129 40 199 99 108 87 160 33 49 139 130 65 16 140 137 194 61 192 189 64 79 15 48 196 167 120 174 14 198 18 169 6 92 114 86 56 35 143 135 181 76 178 82 156 69 138 
112 114 139 83 49 99 135 20 43 133 110 106 200 64 176 127 63 60 193 118 188 18 125 5 73 77 182 109 8 136 54 21 44 166 131 80 154 132 25 117 65 119 51 134 61 
154 72 179 26 191 75 3 67 124 49 173 114 77 47 82 2 56 81 11 4 175 7 16 95 187 160 5 140 105 64 139 51 21 58 126 86 133 151 32 128 196 129 152 6 41 143 84 134 
73 42 190 113 139 64 11 160 180 60 129 193 68 34 69 55 65 18 178 198 159 78 110 25 28 171 175 47 74 27 138 76 46 32 45 158 118 82 128 50 1 72 186 
18 116 138 175 82 145 54 127 87 122 165 146 167 29 185 119 172 158 97 100 89 78 62 137 195 21 176 155 191 115 42 108 8 40 37 118 141 144 31 177 99 12 77 101 149 88 94 
10 100 48 27 171 158 35 30 168 40 29 130 159 39 20 185 196 55 161 4 170 164 162 110 172 38 97 7 155 113 78 169 101 90 165 13 121 22 102 94 79 128 118 200 119 152 59 71 176 140 129 45 
121 131 153 91 13 36 183 42 78 135 184 45 74 134 10 110 123 24 195 136 55 72 60 137 29 70 158 126 197 4 99 192 1 187 146 139 169 53 51 2 173 71 9 98 114 56 167 66 165 194 159 11 
189 94 106 192 200 137 170 84 120 8 4 76 38 83 39 155 60 161 156 151 33 103 10 154 22 190 59 32 51 121 30 61 135 53 13 158 50 133 55 159 128 31 182 88 25 2 82 145 24 48 
40 18 173 6 157 11 151 13 41 175 27 181 49 26 55 142 5 70 66 29 101 135 44 9 78 4 167 166 25 21 2 113 164 46 147 30 37 91 67 138 115 35 39 153 17 31 62 165 200 185 170 36 149 92 159 89 8 
156 2 73 101 142 191 127 157 177 16 19 90 77 42 84 130 114 54 46 168 12 69 14 91 24 8 62 81 76 3 41 68 116 85 129 180 25 43 70 52 196 105 200 65 
17 29 97 67 14 69 7 141 92 122 55 73 48 37 126 49 63 75 82 78 38 90 191 186 131 123 196 112 84 130 68 59 91 170 51 192 99 120 173 117 114 16 156 158 179 137 
131 172 191 164 155 54 19 14 25 186 159 62 150 50 29 111 61 53 12 36 57 84 157 70 74 13 30 182 11 93 90 69 106 147 104 197 33 115 76 66 153 73 1 
11 189 125 181 188 84 53 3 60 98 35 108 82 15 31 54 100 30 104 96 91 45 37 93 192 124 131 33 47 111 26 62 107 127 24 200 64 52 115 19 183 193 85 101 10 78 190 9 152 
185 87 51 67 116 142 18 165 58 56 130 48 106 186 26 90 125 28 196 103 197 179 150 31 161 47 98 99 52 110 11 104 171 23 6 115 194 189 84 89 30 191 170 68 123 114 159 60 20 21 80 70 8 82 96 59 73 27 
35 68 182 74 40 148 58 55 178 60 155 119 169 5 180 118 139 21 62 24 31 50 80 13 45 7 156 194 18 12 32 87 81 42 138 90 77 161 162 38 92 3 44 4 16 17 23 34 43 22 191 98 124 
179 37 18 143 192 135 55 100 77 142 54 6 92 7 82 122 84 52 39 119 24 32 1 31 20 68 185 118 34 133 71 49 61 94 154 90 152 177 199 115 169 165 145 168 193 156 83 
69 14 171 143 78 18 34 17 28 62 185 96 48 12 170 39 129 40 68 157 122 32 77 107 63 94 183 167 75 23 56 86 10 156 146 101 30 123 178 136 173 53 145 9 112 121 
188 184 21 18 100 51 63 8 160 162 37 64 75 96 30 192 178 52 169 19 25 29 35 55 165 28 189 139 93 62 133 56 22 42 175 166 137 40 107 141 130 147 132 155 181 103 9 101 97 159 89 177 24 7 2 59 163 106 179 36 
22 27 92 14 60 12 190 147 162 63 97 46 152 73 155 172 94 137 55 185 6 102 49 149 120 32 77 62 67 10 101 192 198 167 5 82 95 166 37 88 163 177 45 99 50 52 153 176 31 
84 73 117 63 4 132 66 143 127 9 28 56 197 170 45 125 108 32 35 30 151 51 103 10 85 173 44 34 107 179 12 122 20 175 14 61 46 161 112 178 26 182 29 
143 194 164 154 137 103 80 177 86 41 107 51 115 176 75 151 168 83 87 99 170 125 85 160 31 140 163 28 27 128 102 55 172 124 152 84 77 68 156 122 67 119 141 162 78 121 110 96 179 153 1 6 29 12 71 116 95 11 
176 67 179 106 143 9 155 166 17 184 26 187 20 128 145 56 52 115 59 188 186 158 55 43 86 82 1 191 50 31 111 28 180 149 126 85 162 139 77 123 