200
43 134 124 100 47 95 28 130 78 73 112 137 195 70 174 59 175 25 31 160 41 189 18 172 107 39 132 85 17 84 184 142 26 108 40 67 27 167 109 188 14 52 169 75 162 148 82 161 168 93 89 55 118 58 185 126 68 127 80 157 
121 174 81 128 167 17 160 86 63 96 18 192 149 134 40 6 122 33 47 57 77 119 123 82 70 9 147 4 7 24 90 95 80 20 50 37 155 135 148 56 185 115 69 193 72 22 142 126 44 116 
91 104 115 32 173 70 143 71 167 198 164 199 194 135 33 77 6 132 43 21 186 101 83 11 60 183 200 35 145 136 169 66 160 174 126 195 24 112 129 125 162 111 97 116 40 161 102 16 119 
185 89 51 28 84 85 119 106 71 96 83 113 64 184 2 91 101 161 171 23 136 12 59 133 137 50 172 151 108 79 92 58 144 115 139 163 145 122 149 109 147 186 193 33 90 30 70 17 45 52 130 60 164 
168 199 159 76 190 186 176 121 174 119 161 81 187 53 20 50 47 130 59 138 7 83 52 107 128 67 131 146 84 37 57 200 41 192 89 156 116 85 110 104 145 95 31 132 90 120 105 114 
85 102 74 91 15 101 9 192 99 96 196 44 172 160 143 146 133 87 100 168 89 65 31 118 188 93 171 80 71 191 3 42 111 72 110 2 58 176 187 155 174 182 38 136 95 70 19 77 183 165 167 63 105 47 125 163 140 135 152 
43 148 86 163 8 93 24 200 184 95 64 57 35 30 117 2 5 199 106 120 49 67 22 185 182 50 123 128 153 133 48 136 26 18 140 151 88 175 13 127 81 189 121 159 161 110 108 66 71 129 37 41 126 31 146 
142 86 112 167 50 135 70 56 188 109 100 119 133 166 111 163 48 10 42 107 105 180 77 32 17 35 131 200 173 187 157 193 159 65 85 7 61 30 91 101 87 134 23 150 63 59 
80 46 187 113 100 106 130 31 142 152 92 90 191 137 122 95 62 128 126 153 2 56 15 89 108 200 135 59 104 105 178 158 121 81 168 139 96 125 120 82 181 27 184 124 41 6 136 180 155 37 54 183 84 194 177 98 53 149 163 196 
131 123 37 99 119 8 178 107 150 39 71 114 176 26 200 102 36 104 94 12 109 31 97 147 66 133 17 78 32 199 158 68 186 105 57 56 121 162 35 155 42 77 22 183 88 184 100 82 
93 40 122 131 144 179 112 59 142 133 161 3 57 152 86 47 90 147 173 124 34 193 88 24 32 49 194 39 138 143 63 136 23 111 96 78 135 175 36 123 157 140 61 51 177 
170 61 33 36 35 54 24 171 92 167 151 101 168 72 179 164 4 192 57 19 38 158 59 13 143 185 107 10 156 152 20 90 106 112 39 196 76 195 180 181 128 184 97 93 80 
53 74 132 106 121 136 116 38 150 168 19 42 169 200 54 66 71 47 7 148 15 12 41 64 151 90 21 39 165 31 149 183 78 49 127 45 46 52 171 63 36 181 167 126 94 163 
161 72 75 195 29 71 30 103 1 178 68 57 36 18 154 131 159 109 85 176 104 21 198 199 100 167 33 67 160 196 69 138 114 102 66 44 43 46 25 90 45 143 94 59 150 110 40 158 38 82 173 81 60 172 78 56 
21 20 185 63 192 113 80 56 79 127 179 180 65 181 87 114 46 120 38 44 6 64 134 42 178 58 158 61 30 93 194 109 86 13 138 137 190 175 66 9 52 41 
108 52 116 147 134 75 71 83 198 175 127 29 133 91 106 196 190 86 94 84 89 168 149 138 143 20 103 97 158 197 3 176 55 157 112 38 23 187 19 142 37 58 95 137 87 117 74 64 132 66 152 153 57 174 98 120 101 73 
140 185 195 150 54 200 183 65 56 120 126 114 142 52 179 131 10 33 26 36 95 41 97 2 72 196 40 45 173 99 1 118 94 157 96 144 167 4 91 19 66 128 123 22 90 109 70 77 141 8 180 174 190 32 82 86 169 29 117 
89 151 189 119 134 143 30 88 148 135 139 84 186 64 1 190 62 68 152 14 44 7 24 159 131 169 76 34 69 192 158 22 120 111 70 153 138 133 20 81 196 35 179 2 50 191 21 
172 65 148 95 188 81 47 12 70 147 96 67 27 109 168 180 183 165 56 149 127 117 73 126 173 78 37 116 66 163 142 115 84 101 192 6 199 13 121 16 138 194 17 159 196 
70 86 162 152 145 50 35 44 5 113 176 54 118 68 159 58 51 112 64 128 32 158 26 89 136 15 71 18 56 109 59 22 16 125 94 175 12 147 84 189 173 122 76 98 188 2 165 139 21 116 190 200 150 83 85 
15 79 88 131 172 126 127 120 25 163 3 122 164 20 70 72 59 43 109 112 151 170 141 103 130 37 13 153 50 83 166 47 39 102 99 188 173 93 71 14 24 115 156 18 181 84 63 27 
189 105 30 82 178 161 190 71 17 79 114 29 141 180 115 173 48 74 98 197 185 187 175 40 126 172 10 195 52 23 99 7 42 60 2 106 102 65 20 133 64 177 174 49 104 78 18 169 123 
121 75 132 112 151 160 60 69 36 186 45 56 22 101 44 94 76 124 79 171 155 4 16 74 64 109 144 192 107 125 110 143 200 164 99 120 172 113 139 57 87 182 145 180 152 142 78 38 8 11 
3 87 124 138 76 103 108 155 79 180 63 199 85 7 160 47 122 60 128 200 21 97 52 18 28 33 93 176 153 34 26 50 136 25 53 11 116 185 2 37 113 147 167 152 159 179 165 169 115 181 67 133 89 175 186 12 
108 188 132 99 111 150 65 84 126 14 109 40 21 140 195 98 97 43 47 177 154 180 110 178 199 189 79 70 101 52 142 86 81 28 151 105 1 200 58 56 138 77 123 36 95 87 24 75 141 133 179 
54 193 182 76 39 162 66 40 53 47 127 63 86 88 36 91 24 176 101 100 143 55 48 160 1 180 81 198 117 27 155 7 194 59 189 181 172 186 10 187 17 159 80 20 192 113 42 28 131 185 
53 178 42 119 130 21 140 198 166 109 187 34 26 156 35 147 193 55 100 183 148 65 37 70 95 145 38 86 102 75 44 93 131 74 155 142 146 151 87 124 56 62 1 19 127 181 45 9 168 97 177 64 194 170 176 113 182 51 107 
53 46 4 26 170 64 123 117 47 31 160 141 176 24 107 198 34 194 48 94 122 178 151 25 132 154 167 109 124 150 83 33 199 103 43 88 101 159 54 174 93 97 134 79 75 74 142 49 77 189 173 62 1 32 118 181 65 112 137 
163 63 172 66 111 164 155 181 42 143 17 65 149 71 16 30 73 69 114 56 61 89 131 75 178 103 92 193 35 174 50 107 79 122 198 138 85 197 104 121 177 145 144 14 97 22 76 125 187 
63 47 45 102 171 174 179 32 18 67 22 198 106 77 160 36 111 98 148 175 97 176 39 165 14 83 181 195 99 48 4 66 15 89 113 91 105 80 110 107 35 140 131 92 8 34 114 116 60 7 74 194 104 162 29 152 119 
184 180 9 138 81 167 166 10 93 97 5 197 66 104 168 46 169 150 72 126 109 108 144 107 110 165 76 85 60 71 80 200 52 7 77 28 131 125 6 69 195 199 196 139 98 1 79 13 130 73 67 135 115 
82 37 20 3 134 154 30 196 71 93 126 169 197 8 114 52 105 100 109 45 63 168 78 178 106 68 17 159 157 69 11 131 191 98 158 101 28 165 124 140 123 200 10 97 65 184 130 
14 86 40 35 68 126 116 28 56 63 162 144 91 78 89 102 195 196 53 51 69 170 159 108 184 2 182 4 173 67 142 50 3 12 181 117 37 120 24 57 138 166 17 36 87 73 
160 84 138 123 72 24 27 67 128 49 135 11 92 185 98 61 139 140 173 37 126 30 115 58 162 150 81 120 75 199 191 39 109 198 18 158 93 82 116 71 44 141 118 70 176 157 28 186 50 65 91 181 
164 157 188 169 64 130 10 48 29 155 161 36 173 8 96 54 168 105 44 196 12 77 179 7 69 33 80 147 162 154 20 175 49 103 111 18 127 30 128 104 194 160 172 82 106 192 119 98 3 27 153 
14 17 64 52 49 171 11 35 61 82 192 147 119 121 89 157 26 33 112 30 38 156 117 12 81 155 185 51 55 114 99 72 94 80 174 10 69 196 98 180 13 200 25 151 129 118 150 62 115 91 181 23 145 178 47 103 128 
110 34 10 118 7 106 122 164 43 60 86 19 74 130 89 71 79 160 163 16 21 24 115 32 47 167 55 9 92 82 27 117 114 61 161 58 54 94 127 2 102 137 5 68 108 96 176 199 33 178 88 
106 15 89 168 111 161 80 74 36 154 84 146 27 68 14 196 23 166 76 118 16 114 62 189 163 59 151 120 150 40 88 186 130 147 69 63 176 13 133 6 65 143 200 12 50 177 129 44 164 144 56 
93 163 11 132 159 69 76 180 26 188 147 48 124 142 21 13 199 170 126 89 115 149 105 122 141 190 97 75 146 137 12 1 10 135 198 133 121 157 187 138 175 74 104 172 111 108 30 155 179 34 
68 102 11 158 160 85 48 33 147 136 181 84 88 58 97 153 2 157 52 89 87 95 124 67 76 86 44 148 99 109 50 64 172 171 139 150 25 152 14 108 26 3 1 65 198 80 113 168 53 72 174 134 129 177 17 22 173 43 162 161 38 106 
99 86 70 71 7 139 176 81 138 56 117 1 79 149 193 107 13 49 67 45 141 53 84 95 200 130 103 127 128 57 155 140 189 5 100 148 98 78 9 17 129 118 125 15 165 
142 73 121 190 181 8 27 101 15 176 117 180 105 108 46 48 6 189 88 122 194 162 114 96 161 130 152 29 170 65 199 164 60 125 72 195 166 109 112 143 137 168 10 77 22 49 154 13 95 187 198 104 69 111 107 26 64 84 185 54 86 
196 158 71 73 172 97 55 28 46 25 37 90 48 14 127 148 68 150 200 188 96 7 160 47 40 44 185 99 190 1 115 191 3 132 51 106 142 66 101 120 65 137 21 108 67 45 189 113 85 131 
110 23 188 161 193 45 120 60 131 94 175 55 144 80 27 38 138 18 76 6 141 43 67 187 182 40 35 103 177 20 2 46 124 86 150 75 84 112 139 50 34 134 66 56 15 57 95 174 90 185 52 107 151 160 91 14 
120 195 128 126 41 44 87 154 155 98 99 116 157 13 135 14 67 97 30 86 71 53 110 72 81 89 168 111 199 103 172 82 65 43 17 48 188 107 92 177 69 4 32 162 100 78 27 182 101 150 23 56 147 
31 108 68 14 57 15 117 96 190 61 129 42 103 185 132 153 88 97 43 13 123 163 131 105 139 134 179 128 28 44 154 90 174 72 82 115 9 125 171 101 124 170 53 
151 194 196 119 90 43 116 62 120 182 37 166 174 13 191 193 148 88 52 21 156 28 50 113 1 2 105 61 30 144 36 19 170 159 100 115 11 66 195 24 168 114 139 133 165 25 77 126 26 63 6 189 60 183 53 5 102 83 
22 162 120 30 26 63 194 185 54 152 59 157 129 115 72 173 28 146 64 186 52 57 96 147 113 154 121 50 191 35 76 45 83 138 42 88 8 198 183 177 104 43 7 184 85 171 39 110 166 40 133 195 
96 164 41 35 160 87 95 139 137 71 34 161 28 199 196 190 78 125 200 7 13 77 83 22 180 143 42 104 36 81 11 146 132 82 133 62 72 126 169 131 
5 55 18 76 136 48 172 21 190 53 4 40 114 87 118 63 163 24 187 151 65 80 103 33 95 29 154 124 135 127 2 75 174 159 115 98 170 34 198 112 134 177 150 110 7 182 77 84 62 81 8 160 195 61 47 20 38 102 132 169 149 138 78 60 44 
61 145 20 180 66 92 33 11 95 198 110 65 102 91 147 107 43 124 84 149 68 191 128 140 130 4 132 121 60 117 54 36 59 195 123 97 115 183 177 82 27 175 58 137 
130 182 16 177 31 48 15 32 60 94 123 13 195 160 138 61 55 69 159 40 156 17 78 22 25 125 170 88 115 198 66 71 139 47 4 24 110 36 199 1 5 149 84 147 164 81 111 62 58 44 
71 186 76 61 139 182 176 26 129 154 24 128 83 171 87 114 40 115 33 119 27 161 88 47 46 157 45 108 192 151 67 13 197 165 80 149 59 160 50 141 168 5 124 143 180 41 28 125 9 189 146 179 89 137 177 196 
26 88 184 96 164 199 55 76 197 109 190 87 20 129 124 180 51 61 64 135 156 92 196 123 177 115 140 79 148 68 186 118 136 146 102 81 171 69 17 141 105 28 37 155 185 99 181 97 13 144 48 42 125 107 172 9 91 113 35 12 
27 184 64 188 50 138 36 140 161 111 54 124 142 37 71 189 44 156 43 93 145 193 167 194 85 155 190 86 180 149 26 16 105 59 164 157 75 52 131 171 125 160 1 182 177 74 
27 92 94 119 185 107 9 198 180 123 188 113 38 84 23 157 8 61 44 68 17 192 83 97 2 159 194 162 91 172 85 19 132 58 14 64 29 144 10 15 25 41 146 33 20 45 161 148 63 139 114 118 
145 78 61 73 82 189 84 102 117 5 12 87 179 161 11 122 134 46 10 16 199 141 60 7 97 129 159 163 157 113 137 41 48 74 14 125 188 154 69 75 143 146 85 150 44 112 68 2 155 23 98 148 33 164 
37 104 198 34 52 114 138 173 185 77 174 127 15 99 146 113 16 62 162 1 70 78 135 94 25 150 20 155 84 137 190 169 56 6 110 170 85 4 90 72 132 108 179 189 149 142 92 117 158 159 40 51 193 164 168 
127 11 61 79 70 66 20 199 134 145 188 12 38 170 195 51 4 150 165 153 151 9 178 1 5 114 90 183 120 126 14 171 53 107 75 143 184 26 8 55 48 125 21 132 119 
121 126 174 31 57 37 145 195 50 51 72 137 114 47 105 120 23 199 185 196 68 14 30 134 4 176 148 22 61 42 160 73 3 165 113 155 24 190 110 86 52 127 152 128 44 94 144 135 
104 74 91 51 103 34 115 90 170 53 188 37 114 47 78 105 198 184 176 199 75 93 95 63 154 124 54 94 192 56 66 178 15 148 172 173 36 69 140 11 29 181 89 156 8 77 161 46 162 127 108 59 50 12 52 57 133 189 60 
187 185 140 52 179 97 100 111 70 150 64 9 158 147 36 186 197 28 192 105 144 135 198 68 73 38 92 130 82 163 49 196 165 155 170 27 164 167 50 18 139 47 80 199 116 65 161 183 84 58 
30 162 108 116 32 70 29 129 61 151 6 186 106 185 97 83 33 8 123 38 102 85 15 50 153 99 104 101 56 107 122 11 21 24 147 48 71 2 141 72 78 120 47 128 98 180 13 161 154 197 188 177 139 75 195 68 26 65 
145 148 28 15 157 27 55 182 123 42 136 154 35 79 107 7 143 158 36 67 40 16 188 118 153 20 133 135 116 86 89 96 125 13 196 56 48 187 146 22 131 54 68 99 194 119 174 128 18 130 127 62 140 23 4 
148 179 196 168 78 25 137 42 8 113 62 86 22 110 45 32 43 111 51 122 74 63 107 80 34 152 125 19 194 70 27 15 101 40 71 166 175 6 38 146 29 154 79 28 129 95 144 50 87 156 123 185 17 145 172 126 159 
136 187 19 112 16 3 17 31 97 119 183 51 7 13 81 30 167 166 99 61 14 94 165 44 15 116 52 200 133 146 135 186 184 95 92 43 117 148 163 26 115 59 102 47 10 29 67 89 101 69 70 
158 113 115 19 172 154 126 7 131 45 89 1 64 181 106 72 78 171 192 41 109 31 119 44 66 175 40 33 159 163 74 53 121 5 82 43 79 188 173 93 169 30 34 114 160 162 24 179 88 92 14 
60 175 33 142 178 43 139 46 199 185 147 78 151 56 75 187 37 18 191 10 40 64 20 105 32 156 63 124 100 112 110 94 138 129 106 161 1 38 57 168 157 14 123 76 74 62 79 80 51 103 54 
164 154 32 190 18 197 139 184 90 57 35 38 115 36 109 66 88 195 191 110 45 121 152 128 192 107 150 94 159 132 199 112 196 162 170 52 77 54 180 39 33 31 61 145 84 136 151 2 14 42 153 29 176 23 
194 169 158 2 62 58 17 124 1 41 180 195 63 71 90 27 151 199 91 20 112 59 107 4 196 18 74 149 147 103 77 188 65 6 135 8 130 173 76 66 129 3 137 141 142 113 152 25 34 19 75 21 192 136 167 
22 53 13 109 63 14 132 7 34 4 102 21 187 6 113 43 88 20 89 185 55 41 98 156 45 32 154 90 152 148 31 29 52 182 10 37 104 135 196 3 189 124 144 110 70 123 172 49 162 65 130 16 81 111 176 114 150 157 
109 175 178 42 6 75 46 128 77 14 58 89 48 34 134 67 21 118 167 17 45 125 170 184 129 2 102 153 60 36 93 40 31 187 185 76 124 171 122 192 164 87 49 12 165 198 63 88 200 114 157 94 103 149 141 107 
165 196 43 167 116 115 90 79 184 42 62 170 33 156 173 113 168 19 57 148 31 151 163 117 84 29 197 123 107 96 155 108 180 60 122 190 157 81 88 127 16 1 144 139 98 135 133 188 160 
112 30 182 22 136 121 196 127 55 67 181 169 166 189 126 91 142 38 170 111 70 61 76 86 65 124 13 68 193 157 57 163 16 39 28 191 23 27 128 113 92 6 192 139 187 147 149 115 37 
163 119 34 61 27 158 185 68 167 28 84 200 124 153 79 135 29 90 148 23 86 85 25 129 94 16 87 72 157 126 44 14 91 63 70 1 55 59 108 50 139 134 118 140 57 115 154 122 39 143 
136 128 187 72 29 125 40 74 96 26 12 77 166 186 141 153 110 151 23 160 31 194 85 113 48 134 109 106 38 97 169 18 53 24 123 183 50 139 162 105 70 44 54 198 197 188 149 154 39 5 68 180 20 
2 35 85 47 99 50 6 116 31 189 196 110 30 3 185 153 141 195 86 28 89 181 61 100 8 92 49 76 17 10 190 58 182 70 42 82 69 123 72 147 187 159 174 25 146 191 
49 146 22 173 145 135 178 147 134 125 41 1 190 176 65 122 13 163 177 14 11 10 119 23 84 52 45 33 68 195 124 192 57 141 61 189 50 179 152 32 67 58 168 63 115 133 151 19 105 160 93 172 170 91 
89 21 82 136 4 28 200 37 99 65 121 157 155 144 108 25 29 95 169 23 131 111 41 147 145 68 92 187 149 75 67 31 170 59 15 22 130 141 166 54 171 85 86 24 73 64 101 132 
44 109 161 2 15 62 9 50 65 90 53 85 35 192 6 107 127 84 180 88 141 31 199 30 149 177 40 174 81 36 200 68 82 26 1 95 178 194 38 12 
162 50 71 80 156 154 41 34 84 25 168 117 31 102 200 126 45 173 112 132 18 138 103 120 66 116 188 194 14 148 52 9 7 147 36 184 106 113 145 109 54 118 96 5 181 73 49 177 180 26 111 2 95 19 166 135 174 
46 32 67 195 154 140 127 36 51 77 9 131 133 186 22 197 80 17 34 37 45 49 1 188 182 160 158 149 62 92 14 159 88 2 94 83 196 114 35 79 173 194 113 57 121 169 174 10 189 170 
137 53 145 183 47 20 173 4 152 63 120 28 175 111 82 87 155 102 49 106 48 16 157 196 100 159 163 5 132 21 191 56 147 3 30 192 
78 101 175 114 185 93 134 94 200 69 62 56 4 102 147 156 5 34 133 40 176 145 172 75 171 189 73 38 58 109 57 18 16 80 81 51 44 182 19 41 144 9 130 52 42 50 21 160 20 85 108 25 143 1 
40 191 152 57 135 101 94 160 105 24 95 56 29 79 76 58 193 14 6 31 1 77 8 200 80 4 55 48 98 43 192 127 136 107 5 75 20 84 63 133 165 106 
131 183 144 101 33 156 74 15 25 164 37 27 20 199 157 94 41 170 113 120 97 8 102 45 135 107 108 163 176 11 147 87 161 75 42 137 7 26 44 2 40 133 77 139 185 60 112 55 103 127 187 96 17 65 99 92 79 16 121 64 
50 183 122 188 140 97 24 86 6 194 123 16 124 23 75 136 102 49 83 141 54 25 72 65 106 164 120 40 33 148 135 53 131 179 8 163 45 174 130 187 185 27 170 112 197 94 92 57 15 168 154 132 125 
47 10 143 52 142 111 140 172 21 18 171 54 53 42 26 112 166 106 38 148 11 95 97 73 69 119 80 131 92 40 71 99 151 122 67 46 165 72 82 147 7 48 28 37 115 
165 79 24 113 38 90 126 67 9 144 72 5 192 191 40 104 188 196 77 137 61 66 96 36 71 20 172 161 1 33 119 39 189 93 112 30 29 132 155 53 18 37 45 162 157 4 154 143 6 64 193 114 91 108 197 134 16 
177 167 193 154 47 89 104 156 14 172 106 46 71 9 155 12 44 169 132 17 69 61 105 103 142 2 5 59 145 80 115 174 97 162 102 184 13 11 73 75 152 120 43 186 139 200 4 58 70 
142 136 36 3 131 180 101 104 17 30 6 44 95 147 33 150 141 34 56 51 156 109 4 61 177 102 16 198 26 89 78 172 200 97 8 134 182 74 75 171 151 107 70 54 178 162 137 
125 181 171 154 12 74 150 62 121 77 141 126 196 116 186 58 105 135 9 56 87 79 139 29 66 67 108 54 131 129 119 133 97 122 88 170 86 82 112 185 176 143 51 37 30 159 4 34 189 145 45 194 93 
174 67 152 191 27 196 89 34 11 176 200 132 170 92 61 15 144 180 24 145 147 28 95 6 39 164 21 55 32 31 199 72 84 12 78 138 1 198 7 98 116 134 182 
61 86 172 13 102 129 20 120 176 98 23 72 152 60 68 165 169 75 191 85 69 44 127 119 16 162 14 199 84 116 56 158 66 58 52 197 17 195 37 118 126 87 186 28 177 130 185 183 10 117 82 36 
114 162 49 65 66 61 19 164 7 81 96 40 6 120 80 163 25 142 16 41 140 44 42 152 1 9 93 17 138 187 155 119 124 191 154 161 91 183 115 179 128 88 50 79 167 51 27 160 99 85 2 144 111 171 5 102 
48 139 100 118 35 127 110 46 108 64 161 119 147 160 181 37 129 19 131 9 86 117 76 89 4 6 95 174 11 2 166 49 185 43 198 73 156 197 42 54 126 188 17 98 81 114 165 
10 165 126 101 29 30 187 92 142 16 125 193 66 113 88 63 129 136 24 62 45 132 17 46 28 167 130 3 199 91 123 57 87 173 172 12 76 54 27 106 164 25 127 56 168 90 149 145 43 31 32 158 86 40 39 176 51 
166 159 45 160 183 110 148 174 120 163 94 63 200 122 188 16 107 128 85 31 177 32 116 96 185 50 41 191 127 71 114 99 147 109 22 117 30 9 100 131 35 167 34 144 180 73 112 194 93 20 57 119 36 25 
23 113 86 106 165 118 21 173 66 116 77 88 196 138 64 40 129 124 54 125 45 95 43 36 25 168 150 183 100 169 147 30 17 174 171 22 98 188 41 79 178 63 109 6 105 10 172 148 58 
105 68 132 134 10 187 9 6 96 194 191 181 125 47 83 137 113 166 62 101 99 45 32 41 127 198 176 77 186 14 142 98 27 8 1 26 
79 8 16 166 162 19 159 45 113 144 43 164 170 26 85 168 146 23 195 25 86 140 125 66 150 46 63 12 187 42 137 65 91 100 3 32 160 155 145 177 104 4 182 97 183 6 28 118 179 167 84 105 
51 154 21 57 182 27 146 142 72 109 140 103 164 86 37 66 158 196 145 54 94 152 91 156 87 153 119 90 136 40 81 160 22 132 6 187 181 50 166 162 10 170 123 190 47 83 71 95 30 84 33 121 63 3 14 108 
16 111 130 44 157 178 169 28 21 175 24 112 186 45 35 173 160 104 46 191 125 36 50 68 72 189 197 41 117 102 29 159 113 81 187 123 61 86 90 146 181 14 70 196 153 
5 147 191 198 173 42 101 63 177 71 49 182 174 122 170 157 162 31 3 48 9 103 141 184 146 61 197 22 58 118 35 127 116 90 195 194 123 159 91 39 89 14 29 30 137 138 106 192 125 175 168 10 
171 112 8 128 46 189 169 100 35 54 179 158 90 78 32 6 39 55 85 60 196 9 101 166 116 92 134 25 120 143 62 47 76 42 172 10 30 154 22 68 162 198 5 99 125 108 61 191 
63 81 160 121 43 124 83 187 97 35 68 30 179 76 136 4 67 9 38 132 13 133 175 99 85 122 120 37 149 151 90 40 177 145 119 182 190 87 88 104 22 134 32 128 115 181 140 167 12 155 172 166 16 7 
63 42 80 8 59 45 85 111 192 121 86 157 31 28 54 194 44 1 70 5 23 69 123 41 51 30 109 10 91 29 56 115 64 158 12 183 65 72 98 150 73 169 166 136 176 163 27 113 173 190 165 
133 86 144 4 42 105 24 46 73 39 53 151 143 167 7 186 16 92 84 61 1 63 9 170 114 75 89 25 156 58 43 102 79 158 117 135 200 195 37 31 96 183 111 173 33 187 40 169 
23 34 25 21 170 115 126 67 10 167 19 81 114 176 14 178 1 80 102 146 125 20 172 147 84 185 138 162 54 17 107 111 69 142 127 71 27 190 76 169 198 32 144 123 8 91 155 40 181 42 4 31 28 184 15 98 72 99 
68 14 188 7 96 121 30 37 132 52 6 169 157 167 193 142 124 45 185 69 141 76 125 25 23 44 143 117 168 131 48 186 60 135 98 31 71 134 5 50 58 177 51 184 65 127 152 148 145 77 181 
81 149 35 183 52 176 79 141 8 95 107 71 11 6 187 192 25 184 131 38 103 109 172 118 133 108 129 145 62 45 163 151 171 147 155 42 30 83 88 3 160 55 144 113 164 18 65 39 117 74 121 197 112 29 
57 86 151 154 89 66 70 139 132 111 192 120 165 142 11 36 12 88 103 3 20 157 130 176 177 50 161 69 148 180 21 23 44 121 141 74 87 42 98 8 16 68 92 125 28 81 105 1 175 
65 40 73 111 100 200 156 4 103 76 152 169 146 9 141 134 74 118 101 81 151 15 153 20 193 86 27 60 133 82 138 166 24 70 155 71 67 47 43 57 48 197 107 97 131 56 130 199 89 190 26 54 177 30 23 58 99 
5 38 59 67 196 126 61 145 159 60 180 29 10 50 30 42 167 22 108 56 183 129 188 89 152 32 148 53 47 143 72 14 164 37 58 178 36 124 184 153 122 109 84 71 98 17 96 191 156 123 116 175 149 127 15 160 95 82 
46 192 182 69 74 43 39 50 54 47 107 4 166 197 119 184 155 48 200 88 90 175 67 52 22 3 73 165 121 151 191 95 19 36 123 61 51 21 75 2 106 118 109 153 148 129 24 66 37 180 169 133 178 34 31 139 78 53 190 154 
127 62 104 139 45 99 188 200 148 143 193 81 30 16 134 24 5 3 140 154 194 19 34 13 157 178 128 170 93 2 191 136 94 98 105 142 172 184 63 66 64 73 146 33 149 92 153 20 77 114 47 
73 167 163 158 96 110 37 94 98 81 175 121 191 46 17 58 125 66 142 36 111 41 148 16 108 51 28 19 26 42 7 137 173 199 146 33 103 57 
185 123 38 50 37 56 34 1 6 20 115 145 127 104 133 111 36 101 41 96 94 165 99 54 72 75 134 113 179 189 81 28 64 200 170 17 169 128 
53 35 184 187 75 182 3 161 94 64 125 78 151 131 98 175 96 18 59 183 2 121 155 66 27 88 10 145 4 173 181 47 56 36 106 30 152 95 189 5 102 185 115 67 200 8 92 89 
7 23 175 45 90 163 47 33 178 48 5 190 17 18 169 34 162 132 185 15 86 106 94 105 95 83 156 21 186 16 129 187 87 44 112 38 9 130 151 98 59 154 81 144 63 60 164 195 184 43 198 
106 182 195 171 125 128 7 9 124 36 132 10 23 129 189 169 5 51 111 2 136 39 139 86 177 74 60 92 115 112 82 110 67 107 29 119 42 155 117 13 193 138 102 19 69 131 48 123 79 
29 21 98 129 127 164 190 186 161 104 87 72 134 24 199 28 75 130 171 57 179 144 123 167 73 200 78 65 9 37 2 42 39 63 88 11 92 20 150 106 4 151 153 145 114 
65 77 115 71 193 197 73 161 102 25 56 76 17 146 180 10 153 114 151 64 175 52 87 176 174 7 103 156 140 127 122 172 157 63 51 121 104 97 107 190 28 118 54 138 22 109 166 129 68 32 152 34 192 46 2 154 125 11 
9 99 24 132 44 28 61 68 1 178 121 185 164 159 23 40 87 157 70 160 72 190 50 71 188 55 154 106 39 166 114 27 51 78 110 11 32 53 46 75 95 54 74 187 
6 52 99 123 97 141 104 54 155 46 64 149 153 31 87 165 139 78 92 53 76 151 101 112 49 127 195 168 59 121 42 171 9 23 55 65 100 144 117 134 156 109 72 190 105 3 20 140 29 163 161 103 179 177 41 110 57 119 
92 19 22 7 9 2 198 129 186 154 13 162 136 89 137 176 114 39 81 200 32 144 31 132 47 75 49 25 139 65 97 187 1 45 34 133 59 21 67 33 94 60 3 109 96 17 169 74 166 
21 123 96 116 100 85 64 1 192 151 163 193 41 82 185 73 160 188 176 50 138 13 80 114 98 19 43 109 147 35 125 74 86 110 130 186 122 168 27 169 59 26 61 172 118 16 7 181 58 198 60 97 167 94 104 15 37 
53 24 169 143 170 12 151 153 63 36 180 148 5 106 95 60 105 116 20 164 34 64 46 98 72 192 121 9 7 168 185 182 76 178 142 131 118 45 41 74 173 17 171 2 69 51 35 183 
3 156 70 53 162 131 176 190 160 54 99 72 123 139 135 68 192 75 115 145 111 114 120 126 40 122 65 94 92 177 41 36 46 96 48 7 164 97 57 173 63 188 121 38 158 
32 37 38 131 194 4 177 84 183 27 9 70 113 144 191 21 94 120 163 31 127 185 151 103 62 142 5 122 42 71 35 41 147 197 64 112 97 180 51 135 79 143 157 52 146 1 188 87 
161 172 49 88 111 17 10 113 96 130 140 14 129 175 190 79 132 91 119 11 87 44 121 26 187 92 18 138 46 147 182 55 67 30 43 29 163 110 186 86 98 21 141 8 139 150 168 64 82 128 27 31 32 5 
142 51 49 131 71 28 56 167 79 39 1 112 158 188 199 124 143 171 93 89 120 150 58 13 50 3 16 173 90 106 178 100 46 140 169 97 154 102 174 5 121 87 162 81 59 69 195 110 166 83 43 126 23 25 
149 8 18 172 6 49 39 152 47 197 38 147 78 191 186 154 164 48 126 106 185 165 108 113 10 7 199 85 86 151 24 22 16 82 11 66 156 161 92 61 111 184 73 174 192 84 25 64 115 170 4 118 
136 137 59 91 2 44 169 150 182 186 28 15 125 8 184 75 193 78 89 76 60 100 110 46 140 191 50 164 155 16 158 32 1 72 40 57 18 122 118 84 93 116 195 105 106 196 177 174 113 157 
71 31 54 165 196 177 60 138 192 75 190 199 130 145 11 58 139 6 167 73 87 8 110 34 64 81 66 18 178 86 50 85 129 92 172 3 2 181 70 108 200 9 45 62 39 78 197 
76 197 87 64 116 97 79 7 85 173 4 134 74 126 66 198 121 69 40 91 70 177 54 169 148 11 165 9 178 149 185 144 190 3 107 102 162 139 106 182 181 20 6 50 13 150 175 24 200 
65 86 190 134 196 117 165 39 37 104 42 126 179 43 53 58 4 91 1 16 15 70 142 162 89 163 148 57 51 101 49 28 83 187 176 154 194 9 158 100 143 60 
34 18 147 31 25 109 123 99 184 104 190 95 50 161 58 175 121 16 68 52 19 170 192 178 15 39 11 55 197 177 5 48 185 81 24 44 131 140 93 41 127 172 33 164 14 113 159 135 157 29 
115 166 96 73 136 63 49 46 129 74 20 62 92 9 163 145 4 40 125 69 187 75 179 135 52 47 158 41 53 177 76 159 34 131 199 44 90 112 116 191 31 126 18 23 56 174 68 121 195 86 
116 186 51 138 7 27 30 123 6 101 88 106 102 175 132 190 154 151 64 171 156 11 54 25 62 185 125 41 177 32 184 189 17 144 131 82 173 191 95 55 87 34 134 161 75 61 176 180 
148 104 176 113 87 143 125 72 112 77 28 39 22 44 171 185 17 76 41 78 158 131 79 189 181 179 70 177 54 25 111 200 21 91 34 170 53 183 175 63 187 80 110 164 92 57 196 
9 153 70 132 39 11 25 128 112 16 23 91 88 200 42 197 55 74 169 164 109 68 27 130 33 8 1 102 179 167 19 116 190 2 90 58 43 198 110 100 143 137 165 161 28 117 185 17 95 97 
141 23 89 42 84 169 11 92 64 128 175 108 130 137 3 116 14 105 177 157 114 59 6 57 154 26 147 171 49 53 110 190 75 149 16 183 18 12 88 132 170 38 156 153 186 142 29 
188 182 156 175 60 89 130 122 44 126 184 4 152 173 86 120 71 17 101 187 11 56 125 167 98 180 54 109 93 65 160 111 190 73 136 79 174 194 154 38 140 200 31 62 29 95 47 108 171 23 84 33 
57 159 191 198 4 122 170 158 3 20 148 83 111 102 93 36 78 59 167 101 188 146 176 79 166 92 51 60 175 139 64 172 153 174 5 179 23 84 156 55 119 114 110 118 157 106 69 29 81 200 129 27 97 135 65 90 168 
78 117 109 103 56 58 186 145 180 161 182 102 65 5 49 6 178 7 172 27 193 158 77 123 104 64 66 192 197 171 53 101 38 147 54 116 113 48 163 39 150 130 166 57 
99 149 10 68 131 38 79 133 51 74 16 52 77 45 109 86 81 150 2 40 11 181 4 98 138 63 168 24 70 159 143 78 111 171 19 39 127 96 152 62 88 104 93 20 91 84 146 36 48 130 27 35 180 83 
192 47 66 41 60 195 43 115 19 188 1 71 149 110 57 161 141 64 172 177 186 65 30 7 167 13 27 56 81 40 156 61 137 116 151 2 98 99 150 189 117 136 163 54 18 87 88 145 128 114 75 112 73 
53 41 172 72 161 2 133 29 173 194 167 55 82 79 52 179 168 125 70 185 106 170 58 4 136 97 74 50 186 76 165 148 19 200 9 177 80 143 39 16 114 116 111 51 13 147 
58 91 136 25 187 156 122 57 180 10 69 101 40 99 171 184 71 31 165 197 44 148 36 92 132 14 146 17 131 34 107 147 38 178 28 134 175 43 20 8 13 62 50 59 45 200 174 157 
18 123 69 7 194 190 130 178 168 68 196 38 88 108 115 12 159 189 27 128 163 70 197 91 50 23 44 106 47 21 73 76 120 193 153 140 133 53 148 28 174 112 113 25 122 63 78 125 199 179 36 119 111 183 59 171 13 4 127 
65 20 110 177 179 169 184 12 90 71 16 9 30 114 166 48 191 78 133 95 40 94 102 60 113 70 24 85 147 167 83 154 123 119 23 188 69 182 11 195 197 144 18 93 6 42 
115 114 168 191 9 190 40 76 103 161 184 59 24 123 18 158 128 46 69 122 113 21 151 116 35 196 143 102 16 142 75 77 72 145 7 159 125 188 63 64 
140 143 14 95 50 87 120 89 69 42 90 67 57 48 92 124 45 132 123 115 81 185 28 186 65 160 163 112 188 105 166 82 75 63 61 46 35 32 102 53 25 64 164 137 71 126 133 76 38 116 192 152 144 
111 41 189 183 57 29 115 73 167 125 62 181 2 60 35 106 58 54 26 95 172 55 10 198 158 186 39 134 121 101 192 166 89 162 119 79 90 163 27 9 160 23 45 197 6 83 36 24 113 109 
68 145 91 84 175 71 55 81 21 27 102 148 61 143 125 36 73 120 52 158 129 187 90 96 199 54 5 186 178 171 86 108 166 172 174 123 150 144 140 47 195 113 114 65 133 12 
103 138 75 163 180 39 179 123 150 73 1 130 158 169 35 110 40 55 48 86 79 189 16 34 32 57 17 145 83 124 64 8 11 177 89 174 36 187 107 143 112 104 56 72 68 53 116 134 74 45 71 176 171 
129 193 82 185 132 117 134 62 40 192 16 155 102 34 75 14 153 139 32 9 145 186 64 107 146 156 18 137 160 157 70 141 15 94 20 108 10 58 173 12 179 67 167 105 43 159 97 174 
82 20 92 114 170 179 69 8 199 174 103 177 26 176 67 186 192 58 7 189 50 83 153 193 147 187 98 197 178 151 158 56 183 39 52 124 19 47 145 32 160 65 5 101 28 104 24 14 57 18 138 33 169 139 191 77 166 
144 170 44 101 191 35 82 52 84 26 103 49 159 76 98 2 163 172 67 174 85 53 95 30 154 102 184 161 23 37 60 158 111 73 96 127 6 183 3 78 197 14 188 55 171 34 50 114 182 43 155 176 1 106 124 129 40 28 24 
62 131 56 146 1 3 14 80 11 42 176 180 125 96 186 55 44 57 148 61 190 22 149 122 63 40 182 68 7 138 133 86 173 89 200 123 4 119 5 140 142 196 112 95 153 49 35 185 174 160 38 37 53 169 
102 20 166 56 33 120 89 69 104 105 40 188 165 136 61 137 101 76 95 129 94 91 30 3 58 10 42 194 67 132 1 155 71 48 34 90 171 63 109 197 45 186 169 35 81 126 26 
39 111 87 46 184 83 120 95 125 62 146 130 74 21 78 13 107 19 181 170 38 67 75 4 98 37 155 154 66 148 183 127 50 86 137 197 139 7 6 9 195 131 57 160 29 151 73 167 157 117 190 8 
111 196 57 134 133 38 154 179 93 49 23 52 12 166 29 181 54 69 102 180 62 124 170 58 129 142 86 128 122 72 55 3 138 35 4 101 97 191 37 114 141 199 95 42 120 21 87 
99 150 173 118 125 149 72 142 89 136 133 41 73 32 177 20 30 112 66 198 96 107 94 13 179 59 47 62 137 183 19 182 97 88 31 115 85 60 162 181 24 53 172 166 135 170 6 
81 66 146 173 126 182 194 123 132 106 199 38 48 159 139 107 165 98 27 164 88 191 33 156 74 96 155 79 100 168 113 152 101 65 42 167 115 31 183 105 124 185 76 145 154 102 8 21 162 47 190 
3 108 17 186 70 31 101 28 95 106 132 171 158 12 190 98 180 155 13 75 8 181 194 55 72 90 14 152 142 144 148 117 145 149 192 6 1 2 110 62 163 37 73 135 66 166 122 127 97 109 24 114 
53 73 125 40 110 131 16 184 6 35 19 189 172 180 166 147 68 31 149 200 38 45 104 191 47 27 99 97 42 5 127 13 153 32 81 65 188 12 101 1 87 128 78 187 145 58 9 151 
159 108 94 18 121 105 120 110 176 143 126 177 132 127 113 128 152 90 67 82 136 157 103 50 35 70 22 31 178 24 198 17 162 79 118 109 172 142 76 115 49 134 32 3 74 161 1 58 107 99 13 
143 149 82 47 116 187 145 159 79 141 184 191 109 59 28 69 197 133 87 102 42 176 160 46 78 58 74 21 61 33 62 183 50 178 138 172 101 104 108 52 164 12 72 73 39 118 27 165 177 92 93 163 128 86 
140 132 91 125 79 4 99 36 13 92 12 157 111 160 121 150 59 156 40 88 143 23 6 84 167 190 193 48 122 162 195 53 144 46 105 199 147 178 95 54 146 141 128 176 30 55 151 67 72 
177 193 1 170 54 106 155 111 179 45 133 138 22 50 94 35 123 56 90 40 71 14 78 149 39 116 165 4 168 84 65 67 145 61 6 135 199 19 191 26 91 43 131 189 192 97 21 23 198 169 184 148 160 109 105 156 127 99 89 29 146 88 178 
182 195 144 149 82 132 58 19 8 107 140 20 73 117 61 104 3 83 186 17 14 81 177 67 197 35 129 108 136 21 33 40 103 198 166 97 28 78 99 119 70 128 189 165 22 192 158 185 48 34 161 11 
175 22 150 187 158 104 179 29 96 3 77 160 17 161 139 36 144 47 2 5 151 99 50 82 46 194 159 30 87 1 93 28 123 64 44 6 60 58 134 133 189 40 180 80 90 16 145 156 98 184 132 157 81 197 
120 141 104 22 156 103 24 144 44 35 39 174 72 7 11 200 84 145 140 150 30 20 138 115 131 51 1 117 123 114 112 136 15 197 178 193 106 67 143 83 16 68 65 119 
86 41 184 160 199 170 34 71 60 84 94 171 161 169 159 93 112 145 24 42 16 127 187 53 10 28 92 123 38 6 26 109 107 27 137 14 141 97 157 5 61 78 111 69 129 126 30 140 198 20 100 37 
78 135 149 134 110 29 129 98 9 53 81 40 200 136 54 141 11 159 91 173 148 140 80 55 198 104 143 48 22 45 52 170 113 101 90 121 125 138 106 165 139 38 152 63 157 25 172 130 169 94 112 50 51 44 27 
136 22 59 37 146 183 184 25 14 29 72 128 138 170 36 103 150 159 135 156 187 91 80 132 68 32 124 10 61 151 28 15 171 169 99 120 175 115 114 109 9 78 194 27 172 116 
122 183 30 142 182 35 172 159 195 17 53 95 151 137 57 67 139 25 65 158 152 165 15 106 185 187 105 200 18 46 11 39 174 87 149 62 12 125 157 145 164 101 58 118 24 78 141 197 
51 188 140 146 76 36 114 26 19 174 93 31 70 192 24 193 130 25 17 147 8 164 69 181 91 168 9 128 22 183 157 73 23 56 161 53 115 81 63 39 54 123 150 42 55 198 49 144 112 98 80 15 12 167 
9 24 61 28 96 102 190 165 92 77 180 67 119 21 15 147 106 42 36 30 167 141 12 29 100 198 163 26 110 103 136 164 54 27 13 34 135 109 33 74 40 81 155 127 
166 47 102 53 165 7 101 64 161 179 115 146 27 26 44 50 104 121 45 52 91 144 93 198 82 187 77 71 106 128 74 160 134 55 119 6 84 136 193 131 33 152 173 23 196 
166 114 3 6 48 151 10 47 159 62 165 128 178 179 87 98 160 17 180 9 119 51 27 59 99 66 184 130 13 94 186 19 170 111 76 155 107 196 83 192 101 163 141 86 143 108 95 
152 114 110 55 73 66 178 200 104 120 12 153 31 160 163 81 144 69 111 140 119 134 170 174 133 138 168 61 1 33 32 176 115 9 48 193 10 7 172 150 59 90 109 116 54 183 72 4 
140 136 63 166 71 141 110 192 15 24 60 173 138 77 54 161 17 4 42 158 75 198 44 98 65 179 87 1 48 154 86 119 46 84 194 34 58 12 43 190 26 130 149 22 120 142 128 92 36 68 127 72 56 118 62 2 96 109 133 7 94 124 
133 134 38 92 148 48 62 183 94 26 23 18 143 161 167 195 54 120 173 158 10 108 127 126 90 154 103 53 4 159 155 122 110 66 162 140 5 156 34 146 100 131 149 82 63 76 3 24 
159 77 150 42 174 141 22 182 39 106 79 50 139 195 126 8 29 95 179 131 144 157 108 168 66 178 111 176 9 87 72 189 86 74 192 100 64 103 62 16 102 97 44 26 27 137 156 101 170 6 124 68 190 5 119 76 71 120 
145 82 20 25 160 132 35 76 98 152 89 61 67 63 144 39 129 70 1 168 59 96 154 64 148 19 73 180 153 55 114 192 8 87 6 116 130 110 57 43 81 45 191 56 162 124 189 99 44 21 127 
174 38 25 57 157 43 118 188 41 193 168 192 28 173 42 159 141 119 47 1 82 55 7 103 53 77 151 187 61 92 140 121 148 22 84 26 58 105 20 18 71 172 74 78 155 89 
22 124 136 20 16 39 17 199 49 46 192 138 120 194 193 58 78 191 143 129 50 5 77 113 144 140 137 131 135 125 43 107 185 161 171 167 122 60 69 163 115 106 187 102 18 153 123 15 73 181 109 166 42 54 55 151 142 
114 198 100 139 130 159 188 153 83 170 93 133 6 85 134 32 115 77 116 105 69 34 43 68 89 51 152 104 74 9 98 172 164 47 103 94 48 190 160 200 166 95 18 117 145 140 168 
190 61 12 107 56 135 111 19 183 159 158 173 85 200 36 5 146 188 115 35 53 185 172 89 104 138 127 180 148 154 83 80 189 195 112 74 155 18 23 133 2 26 187 70 123 167 69 6 15 67 78 62 129 72 128 
146 121 85 172 41 110 116 171 8 29 4 27 180 2 123 47 184 74 190 158 113 97 26 55 134 44 182 151 58 11 127 89 90 175 159 189 
76 70 11 47 151 137 174 35 200 162 26 65 48 166 3 98 116 9 87 100 42 55 130 81 82 167 80 104 190 56 92 27 107 149 178 19 15 30 144 64 28 185 
60 59 17 163 134 148 51 1 104 45 156 171 173 192 42 198 69 120 108 50 70 132 47 25 125 187 31 121 78 14 63 82 52 48 139 33 94 186 101 179 12 22 152 3 77 30 
105 151 6 83 32 62 18 102 198 17 182 70 137 65 16 141 73 43 103 54 47 33 31 69 153 35 161 9 38 53 200 74 183 60 36 99 14 64 92 135 12 19 77 164 49 134 89 93 114 82 71 
136 130 173 87 146 73 150 170 96 53 175 29 160 159 152 62 138 22 104 54 133 113 155 69 89 179 162 174 163 111 123 32 63 135 31 115 76 103 151 82 94 16 142 
182 76 105 104 34 177 191 180 29 72 176 173 30 142 195 62 42 91 100 27 48 16 165 136 120 172 40 56 61 155 126 96 28 181 93 127 14 145 52 26 51 196 185 39 169 50 109 3 58 
10 31 93 117 28 70 159 3 113 14 52 42 69 34 164 49 80 97 171 57 139 25 200 151 61 135 133 5 54 60 7 132 39 19 122 166 68 62 190 156 45 59 86 94 172 24 37 176 
72 184 81 75 161 144 122 79 149 150 199 32 126 20 91 191 36 41 194 49 136 38 17 175 24 43 115 98 13 8 90 5 118 116 10 196 66 3 168 141 9 177 179 25 7 84 135 93 142 113 119 31 145 23 85 80 108 192 