200
196 193 198 32 176 30 117 190 29 79 118 192 34 38 15 11 180 68 115 152 49 65 99 9 163 45 140 149 151 135 3 179 108 27 57 89 78 44 58 169 110 188 157 106 20 172 197 21 13 94 59 83 126 200 141 195 144 160 119 64 
7 91 27 75 200 130 97 55 18 184 187 44 13 67 17 45 99 141 148 71 89 16 110 106 157 145 60 122 120 144 52 121 104 116 131 82 33 68 58 88 31 5 22 4 30 77 103 188 
62 1 171 21 14 122 153 113 36 148 132 144 101 109 89 5 130 47 60 44 140 110 49 102 48 69 90 10 37 163 133 180 188 123 107 7 92 145 81 159 117 86 129 38 33 158 97 88 26 
166 197 106 175 144 22 132 195 163 176 186 59 139 7 29 199 46 183 200 116 145 155 39 48 12 25 37 133 6 192 131 30 49 187 20 2 112 76 36 160 143 174 55 119 24 13 62 152 170 28 19 101 84 66 
89 118 179 77 2 7 194 52 66 81 44 120 190 34 135 61 141 168 42 46 169 97 150 176 27 91 76 3 147 164 83 56 153 112 70 178 185 99 86 109 113 180 114 110 154 92 33 43 186 87 139 11 195 107 31 74 15 166 
109 148 183 62 132 167 80 121 198 100 151 144 133 90 158 27 128 197 78 63 66 108 161 46 177 44 51 56 141 156 48 184 79 113 130 190 101 68 4 188 194 16 118 185 23 116 11 72 193 195 169 
180 134 133 152 132 22 35 154 190 193 126 127 167 80 144 73 4 129 10 89 120 113 83 47 3 135 171 49 105 128 74 97 17 9 151 88 41 79 45 12 5 109 184 177 50 118 178 2 115 58 13 54 185 168 162 30 145 61 182 
135 107 31 170 89 23 62 102 10 118 199 188 157 151 25 38 168 190 17 56 183 100 193 173 82 113 142 83 112 90 48 71 110 189 186 167 15 121 165 185 177 30 41 200 40 131 63 126 127 50 80 35 49 
58 68 7 148 40 91 97 125 182 83 26 152 22 121 55 199 113 69 122 13 173 29 20 155 1 66 179 105 119 115 195 34 108 197 132 112 92 64 142 165 151 180 161 52 89 149 172 166 129 48 140 15 18 107 93 131 
24 178 113 188 189 179 33 200 12 31 107 157 14 134 182 50 171 8 66 145 163 93 129 35 193 84 71 192 11 149 3 114 120 198 173 95 118 61 77 102 103 42 170 47 75 26 94 184 7 79 160 59 72 22 88 
98 32 149 17 96 85 132 78 187 148 13 63 5 43 129 117 189 1 144 146 122 162 88 133 15 81 126 45 147 102 135 89 86 60 114 196 79 93 137 55 111 6 167 107 50 134 10 14 
189 49 195 104 181 43 28 78 146 111 22 76 163 145 162 10 176 199 200 7 42 91 36 61 55 57 108 184 60 140 142 116 33 115 23 148 70 4 50 151 100 16 153 144 119 88 114 45 
24 20 97 133 114 1 107 4 72 48 171 7 75 86 195 56 108 65 63 113 9 31 59 102 27 61 2 76 123 199 170 79 70 154 160 139 184 116 14 100 11 167 183 84 88 181 37 51 98 89 
184 44 141 153 24 144 163 75 185 49 81 138 186 191 84 26 62 172 114 77 134 123 180 31 193 72 89 125 152 59 53 124 13 101 198 199 87 69 165 174 40 71 10 110 3 50 106 11 169 60 135 51 176 92 
170 145 29 106 102 111 132 59 63 118 93 89 193 109 160 121 101 71 126 26 97 133 5 142 1 200 36 100 172 32 17 125 18 116 181 62 11 9 31 84 76 53 41 196 8 94 169 91 
195 196 131 62 159 87 147 2 96 38 185 128 171 100 64 170 140 168 74 12 73 123 92 21 174 65 194 153 42 151 67 143 129 191 158 63 149 94 172 169 108 176 6 200 130 20 150 35 187 48 79 134 189 
69 181 158 54 140 82 129 178 170 20 194 117 189 108 7 166 111 196 106 33 75 37 15 195 134 144 11 137 124 21 52 156 39 87 19 119 147 95 94 139 104 173 85 122 62 199 132 200 169 151 8 74 198 175 73 2 
169 33 67 113 9 141 42 170 63 162 151 26 69 54 154 2 127 107 22 30 96 186 200 136 143 198 93 97 24 185 88 101 184 25 78 181 29 160 149 74 64 81 90 80 66 178 146 158 150 190 46 15 41 85 104 89 87 194 95 
96 44 45 123 91 86 174 21 64 111 30 4 67 48 102 176 119 28 35 84 152 50 47 79 126 198 26 118 177 51 166 100 196 41 42 23 170 36 172 17 90 199 130 58 154 195 200 32 
186 170 95 66 62 169 86 81 120 130 17 159 1 40 67 28 70 119 101 13 41 116 104 161 76 16 151 46 57 64 121 165 139 98 9 199 147 36 34 187 4 54 44 166 194 25 168 192 56 
46 69 138 82 63 83 3 147 114 126 1 155 192 16 200 102 159 125 108 151 122 133 113 72 36 194 29 43 41 37 35 95 44 188 22 139 17 180 154 163 185 131 30 19 156 87 77 168 
156 126 151 135 184 52 56 89 7 131 119 123 50 2 150 144 67 199 84 9 121 21 113 152 10 37 147 162 87 59 68 29 118 172 88 18 190 53 26 35 186 110 92 125 74 4 12 141 132 149 58 
41 19 188 149 147 26 158 168 174 31 119 12 76 8 25 78 144 102 29 28 136 140 6 196 108 126 75 198 154 143 120 163 128 54 167 44 62 38 141 60 197 61 89 
67 118 71 75 143 18 13 86 137 104 4 197 168 57 72 25 93 14 138 66 106 171 125 135 190 80 47 79 200 10 169 109 81 181 97 26 98 139 52 122 89 172 70 140 105 
169 107 147 116 153 24 140 151 43 60 4 163 108 130 33 87 72 117 126 76 35 155 71 120 106 101 162 18 46 200 143 171 122 146 128 73 30 178 20 113 26 8 23 104 138 53 50 114 123 167 54 148 139 98 
38 58 133 151 124 138 118 173 63 175 77 160 134 24 31 22 127 56 100 49 90 15 43 108 162 87 3 150 98 137 10 44 148 23 147 14 18 42 123 66 121 155 135 97 25 91 70 140 19 116 142 149 184 120 196 9 78 
54 143 1 183 90 176 128 153 80 92 160 149 132 173 178 156 52 49 115 194 138 46 192 65 118 56 198 51 33 5 137 131 68 110 151 186 158 55 28 125 166 190 82 2 97 109 157 95 155 191 96 105 6 13 168 39 35 40 31 
67 23 166 12 79 87 169 141 82 156 81 160 195 52 138 103 99 173 158 4 57 19 172 164 146 187 137 151 29 134 167 93 162 64 20 159 185 135 59 106 86 39 48 40 27 199 126 45 174 190 31 152 62 
158 18 78 39 152 123 23 1 82 38 74 143 96 124 9 71 178 181 186 45 174 183 89 179 113 21 87 49 84 111 157 104 166 122 101 180 42 117 73 28 189 169 4 15 192 132 177 67 22 182 
21 197 2 55 141 65 97 172 122 57 63 109 126 154 8 46 176 19 116 79 156 159 1 49 162 75 18 147 7 160 103 71 153 151 173 161 175 25 144 113 171 135 114 52 39 149 4 134 
105 53 107 13 27 108 43 73 175 14 56 152 78 2 191 158 132 26 39 97 10 23 110 61 153 140 72 181 178 28 185 92 189 159 8 5 170 15 45 135 179 187 
121 97 131 110 145 36 174 191 199 1 33 38 11 138 159 37 177 133 196 19 68 168 126 92 108 183 127 72 41 195 128 75 149 35 152 176 45 104 132 181 15 
10 12 5 156 97 145 171 119 39 158 93 149 146 186 54 162 52 18 166 134 61 36 117 98 200 161 129 77 182 142 27 68 155 165 197 147 192 118 89 17 48 80 2 32 106 44 143 121 175 103 35 144 25 66 96 3 180 38 
81 166 120 49 197 176 99 38 135 173 79 69 175 122 148 164 136 153 47 36 126 200 20 66 177 68 128 35 127 112 67 187 42 90 104 41 1 138 107 109 5 102 70 183 184 181 97 51 147 80 9 
146 175 10 32 131 199 177 49 7 69 118 45 16 51 136 128 127 52 145 114 92 86 154 25 143 73 119 160 102 8 173 77 167 190 34 110 27 151 41 99 133 33 22 50 40 176 172 185 97 182 76 130 60 21 19 193 56 
37 72 3 19 185 128 156 196 137 81 57 32 121 184 12 107 189 39 65 90 188 77 48 142 33 55 186 80 151 95 68 45 103 143 152 21 122 129 15 69 20 89 141 34 47 64 163 123 94 62 118 4 169 198 
186 3 4 69 99 73 138 38 146 167 161 140 32 22 80 36 152 133 13 57 62 45 106 21 190 90 169 187 58 158 105 189 88 50 130 153 53 173 76 151 137 108 91 184 117 136 109 191 74 145 56 175 162 17 
65 97 77 81 125 172 26 142 63 119 33 173 92 8 197 84 149 117 72 176 32 168 200 16 87 29 86 1 34 100 110 37 66 64 136 123 23 118 58 152 146 52 3 143 188 196 128 
78 188 105 174 89 117 184 176 82 149 17 195 199 49 31 116 27 162 159 125 76 136 110 173 55 122 133 161 101 163 143 33 160 4 30 67 29 47 28 189 74 36 132 45 181 
77 160 109 104 170 193 198 191 125 142 71 196 8 14 167 145 53 90 97 89 86 162 28 131 176 136 48 52 9 76 61 51 102 180 187 144 106 45 93 154 119 99 94 165 199 192 197 184 35 20 27 185 178 
162 194 32 20 69 18 43 87 70 8 35 7 125 146 150 176 46 134 15 172 102 165 174 90 74 104 21 23 107 100 131 108 132 19 136 80 44 78 133 169 101 149 34 82 173 57 179 
124 153 186 162 143 72 181 140 142 99 154 114 102 158 47 130 98 80 137 53 178 45 73 172 113 10 133 145 127 16 121 74 122 26 64 164 144 89 195 110 95 19 59 196 52 18 76 5 167 170 150 160 135 61 29 87 199 155 12 159 68 34 185 
195 67 181 55 132 75 65 162 73 113 11 104 111 134 98 150 60 68 169 64 119 25 21 127 58 5 41 131 193 172 118 26 31 128 171 12 89 47 145 
143 154 184 73 114 49 136 133 33 41 104 195 46 167 66 199 96 141 60 1 149 188 53 6 23 71 62 14 175 83 116 21 20 197 2 105 123 172 19 79 74 131 166 54 81 26 129 3 5 142 121 111 
179 125 128 28 83 132 79 60 135 53 31 54 98 47 37 7 57 11 39 12 52 84 161 19 190 153 166 162 1 122 112 82 194 191 100 42 2 165 198 46 29 88 77 36 111 71 126 197 134 133 144 188 89 32 167 40 35 68 
4 122 89 30 173 120 113 92 111 91 41 5 102 155 171 45 82 58 108 187 72 21 109 143 53 200 133 177 66 6 140 25 50 44 67 18 94 124 192 148 134 20 159 93 142 59 101 105 199 193 154 27 
75 42 19 24 184 45 161 104 146 123 10 195 194 182 62 59 190 94 43 179 97 90 3 7 70 115 172 174 154 86 163 136 187 82 158 103 100 141 107 197 127 53 116 98 39 34 81 60 145 74 109 36 162 169 188 
100 75 127 169 163 93 131 128 159 120 16 36 4 148 198 84 52 175 80 86 153 72 171 94 8 28 123 125 3 152 78 111 96 184 113 50 81 197 74 167 119 164 178 90 173 193 180 6 142 13 9 40 172 19 82 33 60 151 
113 171 54 60 93 27 133 68 142 30 192 34 61 35 92 91 44 1 58 127 129 196 167 4 3 147 122 144 77 39 12 29 123 14 70 76 95 132 191 26 62 66 100 7 8 165 
55 152 12 188 106 195 37 133 193 8 120 7 65 85 11 57 138 69 113 103 19 100 177 67 74 73 84 22 186 72 179 35 25 68 168 165 158 160 48 10 178 46 112 94 116 139 14 130 
114 111 159 180 122 128 153 169 59 186 154 139 19 90 105 97 65 155 193 132 158 138 175 124 127 200 72 104 156 177 40 35 182 91 146 70 140 13 150 6 27 196 197 34 152 96 54 14 89 
129 27 63 163 62 170 191 119 98 38 40 22 55 156 103 175 9 2 59 73 133 28 143 33 180 35 197 123 5 17 30 172 87 95 189 122 48 157 88 167 99 42 24 131 81 45 125 120 160 
14 22 189 120 46 152 140 142 178 151 186 98 166 42 167 45 63 145 169 165 170 40 72 106 73 105 25 31 92 113 61 114 76 188 44 15 37 47 64 68 118 175 122 158 
116 18 121 153 27 75 134 91 45 20 107 190 72 7 33 185 195 51 144 112 78 49 128 109 114 44 80 146 132 17 25 23 142 
151 194 62 80 132 167 27 11 4 36 160 193 61 129 39 156 43 172 197 93 177 94 111 88 2 76 158 144 9 142 30 188 109 133 50 105 52 91 173 128 189 79 141 196 97 200 115 184 154 185 95 145 12 85 
120 5 6 74 115 134 8 189 187 190 158 133 89 99 105 26 80 62 101 20 125 155 184 79 35 91 200 198 196 27 94 71 76 138 31 22 37 107 147 150 137 66 175 90 13 182 123 59 194 82 
71 142 166 168 91 94 36 41 93 30 37 134 24 187 74 169 197 170 180 82 99 67 106 198 173 75 115 110 50 68 97 192 92 120 171 157 20 184 177 178 45 1 12 185 28 191 122 
2 78 1 168 197 123 46 26 156 19 116 76 38 163 22 62 85 96 37 158 93 161 136 49 65 101 43 170 131 144 74 121 117 176 97 102 104 79 72 115 7 129 9 83 63 193 67 164 
164 110 52 162 171 109 51 182 46 84 147 10 192 193 133 173 148 144 156 47 61 88 66 197 22 28 14 1 64 172 71 94 82 134 194 165 112 56 199 181 107 4 79 132 63 13 65 42 128 77 15 176 81 150 108 
45 197 119 159 2 189 166 124 198 44 147 158 11 47 62 146 130 145 142 180 12 181 91 114 136 171 118 81 99 14 163 43 98 128 156 35 48 195 49 161 85 3 23 95 25 77 102 
120 66 154 13 168 33 5 55 131 135 23 42 31 12 103 182 166 169 90 87 174 119 40 83 113 122 197 59 184 126 53 158 78 7 89 136 49 114 107 175 98 139 10 118 193 108 144 185 194 188 132 
193 161 98 137 3 4 169 176 14 99 191 163 71 6 136 72 77 20 145 47 117 192 17 97 58 36 104 165 122 8 118 142 171 135 56 103 90 131 49 123 151 44 60 146 153 164 55 28 181 16 86 23 200 198 37 52 114 15 143 199 
59 81 85 137 171 166 132 6 89 58 77 30 199 200 69 74 159 71 97 38 150 18 155 76 15 52 21 16 13 118 8 180 53 126 196 11 154 197 80 108 75 103 26 94 124 104 
36 19 139 127 109 59 142 9 160 184 104 1 131 161 113 178 150 158 154 119 105 118 38 100 74 190 18 43 16 53 126 86 20 80 181 108 188 153 133 186 42 185 191 174 28 130 
166 149 30 91 183 127 38 200 16 43 136 137 135 193 13 75 139 1 66 97 177 85 89 190 176 59 125 130 178 103 109 175 122 182 36 153 180 191 126 121 146 86 50 51 27 58 
83 20 75 164 141 18 168 123 110 79 44 89 49 65 188 6 59 34 176 147 172 131 77 61 166 85 165 196 197 78 104 87 169 92 94 137 143 46 194 56 24 142 38 159 10 26 84 4 189 33 140 82 134 9 180 5 199 
18 170 174 20 133 107 29 73 19 126 138 50 74 108 46 123 90 96 24 153 125 109 162 158 118 58 16 190 43 148 113 179 160 164 145 132 39 151 84 22 120 28 140 152 2 34 147 57 
144 120 69 188 131 187 103 6 53 57 76 191 180 107 34 178 158 84 93 147 32 43 42 1 45 148 33 2 159 86 101 106 36 50 99 102 27 200 22 9 151 49 71 199 182 
79 86 36 160 124 14 37 74 137 131 116 17 197 180 158 135 91 127 35 9 88 21 134 120 132 108 109 159 87 68 187 104 190 110 34 122 111 141 18 119 153 76 126 3 50 189 103 138 41 156 63 
5 117 84 71 138 193 119 12 80 137 152 75 34 159 13 49 87 194 171 20 176 140 145 183 101 186 190 47 41 26 24 139 51 133 165 99 135 121 
192 79 15 120 63 153 182 148 87 140 40 99 88 45 117 108 168 144 147 57 116 119 90 72 70 189 154 68 157 59 76 83 194 30 25 14 8 125 2 187 10 92 62 173 133 24 56 132 29 93 170 95 146 44 195 82 106 89 
36 133 38 48 122 111 71 78 50 25 190 62 92 175 120 31 161 51 24 187 53 14 107 169 103 21 75 127 178 186 156 182 79 192 76 198 91 155 143 191 42 102 32 140 46 10 58 13 100 6 95 54 184 89 98 
37 190 42 86 53 81 17 169 52 176 152 118 161 84 171 29 74 35 136 114 184 75 196 67 153 157 173 16 149 83 44 92 126 197 156 7 143 43 107 134 31 168 198 155 106 25 194 120 50 
39 181 47 111 120 186 81 50 57 73 114 161 192 29 7 48 37 154 64 173 95 164 56 63 17 176 22 126 109 16 82 193 58 196 119 145 41 170 99 69 165 137 169 104 153 18 67 5 101 158 44 116 42 167 96 
128 54 129 148 76 73 43 163 24 189 10 106 72 2 65 114 137 83 159 32 145 122 85 186 63 57 110 79 119 14 121 171 136 116 84 133 23 180 120 17 139 109 47 176 170 48 183 13 157 91 162 30 151 197 66 131 192 70 181 
192 153 123 49 181 194 97 25 75 190 71 39 5 42 186 53 84 159 63 149 78 72 165 55 161 13 108 132 185 163 37 113 15 4 150 58 94 188 148 23 35 12 40 98 69 68 20 56 146 114 127 
187 40 194 129 148 5 62 164 81 132 175 2 165 191 133 63 38 147 87 106 190 84 126 59 26 66 131 49 60 186 150 171 105 114 125 107 178 189 154 45 35 180 86 14 111 89 161 21 97 155 33 94 36 10 174 128 
66 48 163 26 6 128 189 72 61 148 39 76 155 176 85 181 111 153 168 11 54 58 125 1 149 91 98 188 87 31 12 23 145 199 29 95 83 183 115 18 41 197 167 131 142 
181 107 80 156 69 55 24 19 192 58 71 94 122 91 90 7 134 157 10 179 44 158 45 59 197 93 81 195 189 16 11 176 129 28 137 34 13 185 152 142 191 1 72 66 127 169 164 173 121 30 84 139 135 6 75 168 56 111 82 153 
168 173 194 153 87 34 122 125 56 36 138 27 42 141 157 79 41 6 33 192 187 131 89 160 167 109 48 195 158 142 18 111 184 63 163 161 113 104 133 103 70 82 37 55 200 107 159 169 98 198 64 24 7 183 54 8 105 
160 153 150 166 34 18 63 170 116 114 3 24 117 192 28 60 112 178 136 107 148 14 5 52 188 74 124 149 20 44 186 135 59 125 88 119 185 146 151 36 111 77 106 73 195 79 108 182 38 173 47 140 159 48 11 
56 95 192 116 79 146 149 8 17 47 157 59 48 185 28 71 96 29 101 159 66 167 144 122 111 21 39 41 183 132 46 88 57 194 112 105 74 190 27 83 91 100 145 2 134 119 80 45 
61 5 175 107 84 109 1 123 136 169 73 71 106 147 144 192 93 114 85 149 99 45 21 179 7 163 117 198 87 143 9 162 75 131 78 152 100 139 170 120 180 58 113 140 8 82 66 44 
161 68 190 15 66 75 45 50 135 166 29 14 118 199 67 38 144 183 59 77 48 107 103 76 79 13 73 19 172 113 181 70 96 95 141 93 171 4 110 94 10 83 188 89 22 
182 198 78 144 109 156 163 151 147 97 95 101 18 60 50 58 180 83 154 124 140 119 102 186 167 123 174 87 63 181 199 146 65 145 200 17 66 142 113 178 104 159 55 75 183 152 11 
170 144 102 47 149 108 145 174 185 153 89 162 127 158 106 126 164 100 5 133 183 193 111 68 200 19 101 123 3 38 197 157 130 119 107 11 62 35 147 142 48 28 69 134 24 64 65 77 40 171 113 13 73 20 194 
22 97 89 71 101 52 132 42 26 16 133 117 180 91 70 110 14 184 5 25 18 156 77 21 119 85 197 80 78 170 61 66 196 93 29 38 126 69 41 152 94 17 200 28 83 
10 55 177 174 141 100 159 121 71 117 92 125 3 163 104 22 45 115 7 133 37 69 59 113 52 13 170 2 18 82 81 153 173 12 11 190 
100 8 1 3 45 46 42 80 56 65 66 11 167 164 132 36 193 87 24 161 183 2 63 141 13 51 15 84 86 174 150 134 188 165 23 72 33 7 163 9 96 162 39 171 18 5 40 14 71 187 110 22 77 61 197 119 108 186 29 43 
71 128 8 27 127 121 96 118 138 177 61 51 26 56 36 100 167 125 18 145 112 107 34 48 109 40 37 143 195 102 188 47 41 192 19 67 191 62 79 132 3 135 6 
79 69 95 55 2 198 194 19 107 149 163 103 188 87 152 165 130 100 98 99 93 82 154 51 9 56 190 54 75 193 12 72 159 15 92 158 183 49 65 5 57 101 78 164 60 197 37 114 46 151 122 177 135 199 26 
53 9 88 190 152 72 196 97 182 156 22 159 27 66 3 93 154 5 106 165 73 46 174 168 187 35 16 91 166 113 31 104 98 175 38 49 125 57 119 200 193 71 14 32 114 180 161 
156 168 97 107 15 68 91 192 131 171 105 109 83 87 135 127 129 144 58 195 11 165 33 84 190 108 103 40 57 161 137 10 150 139 9 141 28 71 126 18 164 176 110 46 138 132 55 187 49 114 79 124 24 130 159 92 48 119 
195 196 126 180 147 119 50 176 168 87 169 10 77 48 84 56 46 137 170 136 76 117 165 17 66 63 163 98 162 40 79 1 36 158 174 181 157 171 16 57 167 104 102 112 148 47 59 55 105 15 
82 71 181 116 135 126 170 18 162 85 144 108 36 151 21 152 55 27 187 120 161 74 141 199 72 176 138 102 123 49 109 172 129 60 42 78 10 52 198 84 173 17 91 20 98 
139 74 51 147 134 89 138 151 29 184 16 44 102 27 164 19 118 180 67 11 84 145 58 48 159 190 166 108 82 136 154 33 18 193 195 146 117 153 183 90 
183 190 157 102 199 179 27 24 152 148 3 77 198 51 26 13 35 65 176 87 76 32 181 93 57 31 40 191 62 119 186 2 34 33 63 5 132 92 38 161 30 58 136 18 15 180 111 137 85 55 133 101 9 124 145 194 47 7 151 110 
45 128 151 191 189 72 20 155 185 62 180 192 171 198 110 168 13 105 119 24 200 53 160 26 187 61 136 47 92 25 145 95 94 108 33 99 42 182 158 52 60 80 76 188 43 193 11 126 101 153 113 78 196 121 107 91 
108 197 128 177 191 172 174 113 123 57 60 115 119 102 168 52 126 42 5 163 91 166 185 135 180 162 34 188 127 37 100 175 1 70 101 121 138 83 71 176 196 62 2 40 106 146 35 131 98 68 56 28 74 129 143 
159 193 16 183 160 19 41 120 48 105 140 89 152 99 6 64 190 8 47 185 72 173 131 151 109 45 163 149 91 49 12 82 26 50 155 15 90 86 146 125 38 180 134 122 176 88 83 13 
131 74 118 162 87 91 20 56 138 111 6 110 98 108 129 86 169 157 194 68 85 4 114 3 158 145 140 146 25 141 179 15 41 133 167 46 58 180 99 29 18 97 70 14 39 82 
191 115 3 133 97 19 60 41 68 90 23 128 86 8 58 174 188 182 13 85 95 161 99 149 10 34 159 122 126 197 21 142 94 178 42 113 184 153 147 176 35 106 195 112 11 15 143 171 108 96 40 198 110 158 46 72 116 
177 105 147 62 125 112 84 162 159 137 122 164 33 36 106 93 170 80 61 52 2 193 68 50 72 174 184 175 188 135 180 30 128 116 28 47 10 169 160 69 63 138 65 91 
29 171 157 2 193 58 85 182 92 194 66 114 184 164 47 41 191 196 17 62 200 112 142 63 40 151 88 25 162 12 116 147 125 134 51 69 32 20 64 24 43 167 80 34 18 174 44 74 94 
98 100 144 133 27 134 82 180 169 64 103 143 190 145 24 150 195 176 51 31 9 39 179 116 129 7 127 93 44 121 37 55 171 157 80 77 120 148 159 56 53 94 118 131 46 
15 37 103 188 53 28 77 145 17 120 25 2 40 92 133 121 4 86 73 33 164 180 50 83 146 163 57 183 127 24 102 142 129 75 184 99 109 71 14 194 135 1 152 81 68 
13 41 10 8 109 18 158 128 90 86 81 9 31 54 5 73 36 113 98 47 83 91 125 67 183 169 198 186 59 189 56 79 72 93 193 84 68 185 25 145 196 77 122 150 163 80 34 200 148 11 139 61 3 
67 199 99 189 26 61 41 96 102 1 134 144 122 125 25 193 23 135 63 148 130 37 93 129 71 46 95 16 192 109 178 59 98 165 174 127 101 185 86 64 183 12 31 9 89 176 133 17 81 13 117 69 6 154 32 76 21 141 
83 106 164 185 30 116 190 119 6 47 3 153 165 100 167 75 7 85 59 37 152 15 65 131 179 5 114 170 90 142 149 130 69 107 193 143 198 120 199 24 64 150 95 129 110 128 55 80 34 108 74 27 93 67 40 140 54 46 
155 8 158 75 133 149 57 32 14 3 121 2 102 162 165 87 127 188 174 142 93 109 113 31 89 166 66 1 22 180 69 101 189 131 98 191 199 116 132 42 84 59 183 5 145 38 112 124 97 35 27 39 125 123 
12 78 127 11 72 86 169 101 81 172 19 191 196 17 143 171 163 44 29 122 69 125 149 82 80 45 187 74 116 79 133 189 15 43 130 166 77 140 97 48 168 134 46 175 144 51 158 137 194 55 176 
54 81 104 50 142 110 145 135 90 133 8 94 114 168 153 103 170 198 82 45 184 119 9 187 165 120 121 149 102 4 185 5 34 177 139 183 59 113 
67 136 84 10 171 18 6 102 107 22 80 131 64 86 42 92 185 46 48 3 76 5 53 29 61 9 21 124 25 43 30 199 88 166 98 117 99 112 50 8 164 85 13 7 192 110 172 149 184 122 165 49 83 
179 187 74 51 104 158 76 25 73 91 168 169 81 5 53 12 190 109 11 146 21 156 200 159 142 77 54 120 75 101 42 35 92 62 61 157 175 13 14 60 93 184 123 44 30 83 112 10 
27 158 177 161 47 193 167 175 134 197 137 7 116 9 1 12 184 88 55 123 78 56 102 99 147 57 58 
105 151 119 39 115 54 172 117 81 58 13 74 111 146 153 145 103 164 12 102 95 195 44 104 75 110 147 47 82 15 186 6 25 71 123 4 26 30 109 50 183 2 20 185 187 69 154 199 
3 146 108 83 131 1 25 121 137 142 132 192 141 184 166 33 191 113 169 147 62 155 96 194 58 81 138 87 11 17 29 176 116 140 37 94 181 88 186 170 175 38 39 172 70 171 188 197 71 
33 35 149 172 26 90 62 175 96 105 19 43 182 36 164 84 24 142 10 101 143 61 63 155 67 187 60 5 7 176 64 131 6 38 169 27 119 127 186 73 151 158 160 22 8 146 1 53 15 132 
40 71 20 162 85 182 81 48 64 169 33 89 35 184 22 23 69 149 144 116 43 120 74 19 12 118 125 97 193 60 92 4 154 17 99 38 86 181 194 139 52 199 1 75 9 93 172 112 179 109 143 94 160 70 87 82 98 61 
67 34 75 7 73 193 119 50 174 137 46 169 53 69 26 105 196 71 20 95 72 5 56 109 189 144 23 2 178 114 25 148 185 134 52 183 129 170 112 83 57 100 10 146 197 181 61 106 139 68 164 74 48 165 
196 177 154 106 156 110 112 20 185 99 65 146 75 178 58 33 8 105 2 130 36 79 22 131 192 32 6 98 9 117 70 193 54 199 160 44 26 180 88 158 136 183 172 15 42 90 
72 65 102 39 42 69 30 61 189 103 169 159 62 197 3 126 24 173 52 49 139 82 170 191 181 111 79 200 177 100 17 113 192 91 45 53 188 80 146 46 175 165 51 138 25 36 11 140 57 34 107 125 128 142 108 137 124 21 29 9 149 158 75 2 
158 129 124 192 110 148 144 44 115 25 86 13 184 22 52 62 162 66 164 114 99 67 49 150 95 16 36 3 19 145 83 135 193 169 85 58 116 26 14 38 199 143 159 56 48 47 128 76 29 165 152 
130 135 160 29 69 97 85 93 113 137 46 196 110 139 197 63 60 178 17 26 14 51 81 144 199 42 171 122 187 156 123 
15 14 142 56 107 88 177 159 81 27 38 156 21 135 39 200 24 199 65 163 48 162 22 45 160 143 100 167 190 90 122 111 132 175 92 166 108 78 110 80 164 77 144 71 191 119 9 104 41 170 169 103 40 52 67 
166 63 67 172 177 86 199 15 19 74 28 77 122 65 147 175 134 189 34 45 186 99 73 94 95 21 11 151 64 1 25 69 30 7 181 61 98 87 32 148 164 162 139 22 192 193 102 174 8 23 93 187 144 188 
69 34 162 195 189 35 90 99 110 193 130 118 151 43 86 26 183 105 76 72 42 18 111 139 156 178 79 132 51 137 32 106 49 7 65 93 143 108 144 180 8 64 47 48 
98 27 54 90 60 43 45 195 51 23 35 55 180 122 59 164 109 77 191 166 48 25 102 6 78 123 186 107 32 75 185 7 194 192 99 153 34 103 36 16 197 137 149 138 142 38 
79 153 10 49 167 147 177 17 166 170 95 33 135 77 168 36 188 162 175 11 99 105 7 55 3 101 108 9 106 52 138 44 123 93 191 109 179 120 75 58 16 
60 65 146 133 64 93 50 172 25 149 127 166 111 124 35 42 2 131 186 147 165 121 86 37 184 154 20 153 108 16 91 19 155 3 143 109 161 6 
78 100 40 137 171 105 101 8 173 75 22 68 48 121 41 61 44 27 32 66 200 140 178 83 21 109 16 146 62 113 118 99 159 117 77 144 2 64 9 192 35 155 69 58 43 174 156 52 93 80 183 110 4 130 193 
169 39 110 155 145 161 194 49 152 41 51 127 31 125 15 71 97 158 173 7 43 63 175 195 89 178 59 61 87 11 67 174 22 69 6 3 32 76 27 55 17 4 162 118 154 149 45 29 90 54 9 82 77 93 117 
134 173 13 174 45 161 59 197 71 137 163 42 15 46 35 21 141 105 169 67 4 70 144 50 7 77 88 178 111 64 112 3 135 87 55 184 11 168 80 41 44 52 86 167 155 130 101 110 198 49 56 97 37 26 106 190 39 150 108 75 72 177 6 32 102 
151 66 184 59 191 135 104 30 28 178 145 11 26 79 158 56 171 14 126 7 180 183 54 96 86 115 148 82 57 150 153 187 120 16 111 33 108 43 10 140 17 41 100 69 89 144 194 105 73 157 133 45 46 
125 129 168 108 22 99 194 159 70 192 133 134 14 79 7 164 91 65 124 106 95 61 84 139 103 112 162 146 30 177 26 81 93 62 152 8 45 11 5 90 1 31 69 42 171 24 190 148 34 147 123 28 
113 61 81 121 155 174 73 75 83 199 44 97 34 18 94 37 38 176 39 23 151 189 193 40 169 47 65 153 173 187 60 188 96 62 35 41 142 58 164 200 98 190 
11 117 128 164 175 186 152 70 28 103 94 155 26 56 74 124 75 131 63 24 42 141 36 27 163 79 127 171 185 97 69 122 133 17 111 190 93 115 146 66 120 176 65 188 37 148 172 142 162 62 
26 32 50 101 165 194 14 99 178 28 90 67 95 117 93 27 141 156 56 197 80 69 103 150 140 96 172 128 51 153 184 21 176 164 144 70 34 151 25 152 24 129 168 122 195 37 
50 195 164 5 156 192 24 140 51 25 61 177 64 173 65 20 96 184 17 194 200 79 165 174 21 83 4 182 135 124 112 127 168 119 171 107 198 93 126 75 120 13 191 70 122 
174 66 24 186 160 72 109 83 85 153 12 31 70 46 166 138 111 3 148 150 170 23 9 131 17 81 161 53 139 1 71 183 42 16 101 37 26 179 67 184 164 117 189 134 196 100 122 155 51 25 172 
6 133 157 18 183 194 182 189 93 23 138 84 188 80 55 47 66 185 137 30 146 1 36 5 14 88 89 44 101 2 117 22 95 28 69 108 
106 147 64 85 184 191 153 118 186 80 128 122 117 170 49 110 136 8 112 40 9 44 46 78 86 66 15 48 150 102 114 12 192 104 109 171 53 189 26 38 172 125 42 33 199 54 62 36 188 174 57 200 55 143 163 60 137 79 
29 39 123 27 4 144 182 25 24 52 38 142 161 18 73 173 130 109 36 105 44 169 42 90 83 62 159 16 119 46 196 33 158 163 192 125 111 99 66 102 127 118 35 152 23 165 186 72 
71 4 124 12 111 172 17 45 173 159 1 133 174 55 189 86 183 192 42 22 181 145 134 85 2 126 40 58 194 14 170 93 95 125 84 180 6 143 127 152 164 157 119 3 30 186 184 11 105 138 123 82 68 7 178 59 176 61 120 83 49 33 54 131 108 23 190 185 162 
55 105 132 85 86 112 198 33 47 78 75 82 12 123 134 40 170 43 98 101 90 97 3 189 32 60 200 10 116 70 4 74 7 177 2 184 106 186 37 35 171 176 62 67 107 144 178 42 96 190 161 110 53 15 
192 12 25 116 47 60 96 148 35 196 11 41 130 186 76 121 101 181 135 154 18 137 131 161 81 182 120 37 51 114 54 82 85 99 100 38 200 189 28 173 117 187 141 150 170 166 122 118 106 71 33 65 178 62 
197 193 199 192 68 30 59 117 96 126 167 153 5 33 195 149 178 60 194 85 11 20 159 183 77 83 170 180 154 130 34 66 17 191 172 196 16 86 22 25 23 21 135 26 56 169 49 67 104 115 103 71 102 116 129 150 94 142 
46 151 2 134 120 97 164 78 191 137 48 140 183 181 75 107 26 194 6 166 153 81 25 171 9 77 159 108 123 126 12 146 11 152 163 94 149 76 67 71 34 68 199 175 105 189 135 3 190 59 
200 27 109 83 190 78 188 148 23 30 100 185 192 130 160 26 118 82 119 10 170 76 32 132 39 173 110 44 128 33 73 22 153 9 91 151 122 113 38 111 81 1 11 16 112 147 65 161 41 86 102 194 169 178 18 
133 51 105 76 146 197 42 181 191 187 156 155 195 41 107 22 81 159 157 169 151 182 196 5 89 77 188 43 167 18 109 123 134 177 147 26 138 63 64 56 59 165 140 93 184 162 142 180 16 
53 187 98 81 48 18 22 104 37 28 175 196 62 21 30 36 170 148 55 138 134 75 1 152 126 96 7 91 17 6 27 85 183 9 150 149 184 118 194 181 190 68 8 95 182 136 100 116 20 127 67 97 12 25 26 16 35 
180 22 135 19 73 187 91 85 7 172 95 48 143 79 92 157 138 51 151 175 97 53 144 178 123 184 199 1 109 4 83 29 32 166 14 137 164 70 192 132 28 36 87 38 153 183 67 148 9 50 106 196 31 100 37 
181 64 173 69 76 109 142 192 130 80 152 177 12 71 197 67 128 81 5 27 16 98 30 96 147 180 140 45 78 183 86 51 74 163 73 175 37 136 168 138 154 62 48 190 79 129 134 116 65 54 34 42 88 14 31 3 112 25 102 149 178 148 
156 155 74 196 47 30 42 19 35 85 132 179 51 167 162 61 172 173 5 63 159 171 92 177 176 197 121 91 168 195 130 71 55 108 182 44 7 119 96 64 77 147 116 13 23 21 46 146 18 40 153 
164 137 118 46 140 133 130 162 159 160 158 197 9 33 185 154 132 56 117 42 110 163 51 25 136 98 195 176 21 193 78 192 63 150 72 167 100 194 179 173 4 131 73 166 27 26 77 
27 87 131 93 139 121 52 36 30 60 158 150 138 33 196 179 55 181 125 59 6 17 73 186 51 182 21 72 22 28 92 124 114 154 127 58 168 69 79 180 194 167 85 
150 193 82 171 29 104 161 144 8 97 101 141 199 10 57 71 152 27 188 1 167 94 86 114 73 159 2 184 163 79 105 134 179 180 80 196 52 75 
53 118 134 86 115 111 155 80 122 17 123 42 102 47 6 56 61 163 69 143 60 173 55 16 18 33 51 29 101 121 37 168 132 197 58 94 67 31 79 50 27 156 98 3 107 178 110 68 114 23 191 176 91 74 171 64 28 
48 122 39 105 42 32 63 157 68 30 150 131 66 91 161 123 114 147 154 190 21 16 20 143 102 155 69 3 148 60 81 92 76 100 80 191 187 96 46 70 171 85 180 103 93 75 31 28 174 125 51 144 82 88 135 
50 190 27 1 28 100 121 118 4 81 42 149 198 69 183 98 124 103 64 181 30 175 52 191 119 80 125 167 55 10 140 155 26 15 180 18 35 188 67 40 199 13 39 
157 198 180 64 140 143 72 177 45 76 62 97 73 92 188 9 95 159 77 37 133 30 60 149 132 174 146 130 33 176 20 197 6 89 47 39 80 74 102 84 171 115 58 162 93 145 
101 18 43 42 123 127 193 103 26 125 119 89 67 110 150 7 135 86 161 45 126 191 94 12 11 83 104 40 28 41 129 132 39 99 137 154 155 144 190 75 25 30 95 22 59 37 47 33 174 
143 4 142 58 180 62 14 48 47 186 1 88 178 91 197 170 3 148 52 158 21 36 167 10 85 100 23 89 94 60 172 80 107 78 194 25 155 106 99 164 153 83 111 12 75 157 165 133 184 39 125 137 187 196 76 
175 96 48 139 34 93 106 199 59 136 28 120 198 182 86 125 42 144 140 74 116 67 79 113 148 184 77 118 128 180 189 152 126 163 66 58 138 109 89 91 104 135 103 137 123 62 155 5 186 174 
139 33 74 76 189 108 177 59 8 168 150 122 49 123 50 176 188 77 163 9 113 89 45 180 109 20 41 53 91 62 14 143 70 66 93 94 179 40 92 130 112 110 138 120 
113 28 167 125 57 111 60 27 17 148 187 130 170 99 191 129 92 183 81 33 5 61 117 155 152 140 4 45 29 96 126 19 20 44 110 84 188 66 53 9 179 146 128 181 34 65 63 
101 89 55 179 78 185 163 173 166 35 23 90 80 82 44 42 125 156 147 37 109 104 154 48 160 6 85 53 157 28 150 155 45 115 74 174 8 49 7 94 25 11 52 184 129 170 13 190 198 133 40 
80 78 138 93 71 24 196 154 73 169 187 5 195 135 111 133 158 112 20 38 165 66 114 180 139 32 23 185 186 179 193 50 21 156 7 98 79 184 27 58 129 61 198 94 99 57 182 16 92 178 8 153 175 
24 133 62 17 74 111 118 72 125 14 29 185 143 41 16 6 168 20 1 36 119 120 61 193 103 107 176 79 94 25 53 114 28 83 51 66 200 57 149 73 136 47 101 147 150 171 37 43 48 132 80 122 105 18 123 190 117 15 5 
122 94 147 151 19 15 125 53 74 140 120 142 16 52 13 117 20 95 57 75 129 86 144 198 40 71 163 166 112 58 149 167 103 171 145 184 182 186 31 83 197 10 4 146 185 18 109 181 67 42 8 17 88 81 87 172 199 
137 113 104 75 181 154 102 180 194 46 161 30 62 16 190 89 98 94 70 93 25 48 57 49 183 59 60 73 13 43 105 169 185 142 3 131 111 159 77 10 157 63 135 117 24 84 191 86 158 124 33 145 148 134 7 139 177 170 
9 116 118 84 138 38 126 188 163 152 111 154 48 170 119 24 35 99 144 28 22 1 117 137 42 147 185 14 16 44 41 30 55 43 66 19 95 196 140 113 15 121 142 130 173 47 59 52 
195 48 139 149 158 41 185 122 197 146 81 10 172 27 100 131 154 37 193 71 184 79 38 73 30 9 35 132 88 28 26 144 57 95 34 55 39 182 153 167 136 17 143 8 133 59 46 155 80 74 
64 4 140 32 142 77 164 167 41 103 136 120 162 67 86 47 194 126 110 133 92 89 61 131 99 161 139 85 102 132 16 108 186 189 187 144 88 104 19 14 94 29 159 184 23 28 39 
122 33 132 200 92 137 65 152 72 17 35 183 31 118 34 51 61 160 117 37 52 164 151 125 114 99 30 77 56 53 44 26 126 148 103 83 48 129 115 168 4 111 153 
145 108 78 169 34 118 165 41 158 62 70 93 138 154 136 38 186 99 79 59 161 196 58 105 66 1 19 95 100 4 185 179 137 73 74 14 117 75 40 97 155 191 27 5 32 16 39 102 35 94 65 30 111 12 144 181 
19 35 7 51 55 139 133 190 161 91 150 200 121 57 50 165 112 6 145 103 115 126 178 135 90 122 34 154 29 129 99 8 194 125 65 32 88 46 153 171 192 
153 27 48 53 10 134 146 120 85 29 191 177 64 25 40 145 17 77 147 152 124 68 187 149 18 50 196 81 65 102 72 108 163 42 7 121 168 138 133 5 131 31 127 57 144 132 158 
168 83 119 101 114 10 109 9 41 176 182 167 50 31 5 1 165 154 155 194 67 187 105 79 193 140 157 29 47 156 45 166 129 97 188 
57 186 63 160 103 94 100 60 29 68 48 69 98 5 134 1 191 14 121 152 161 147 75 156 52 197 144 96 127 105 51 40 21 3 163 150 194 92 9 77 99 101 83 85 87 153 165 164 33 65 106 66 7 97 171 157 159 110 168 199 128 
64 153 160 32 119 94 148 42 34 184 144 59 150 122 171 95 78 117 85 79 39 192 97 196 18 31 84 126 43 60 176 75 24 74 170 120 166 15 12 62 151 146 13 156 29 182 17 76 
7 186 85 151 35 143 81 179 10 196 47 92 181 9 33 170 193 173 141 104 168 164 188 146 59 118 29 61 139 156 72 98 119 51 102 154 56 184 191 68 65 71 150 
70 4 97 110 193 84 160 100 134 106 175 27 65 75 153 86 151 141 194 121 8 107 152 80 32 131 96 127 78 112 91 116 147 34 166 6 140 171 148 85 13 108 120 89 144 82 29 
64 119 2 167 197 96 55 112 26 104 164 151 47 140 130 144 44 87 7 36 48 34 10 37 73 168 14 170 13 152 134 142 182 22 138 40 6 80 114 103 57 200 174 133 12 194 181 173 163 39 123 150 102 106 56 189 72 113 139 115 145 18 61 157 117 
99 113 191 31 186 14 36 18 168 121 79 173 86 149 176 8 137 54 193 6 7 172 107 42 169 171 5 21 35 57 170 128 100 120 144 167 76 109 155 82 55 64 108 16 98 40 116 28 188 141 112 81 61 
36 142 14 144 126 137 130 195 50 5 107 74 117 145 29 97 140 18 75 143 77 146 182 194 118 116 70 156 42 89 76 176 22 164 37 81 168 8 199 53 128 20 188 64 193 174 185 27 85 163 4 200 196 33 51 180 72 170 
69 95 28 37 116 159 92 112 163 151 166 68 190 89 46 146 20 11 111 179 194 80 57 31 72 34 126 134 56 168 174 124 118 114 178 152 4 16 47 150 71 98 40 2 136 93 196 77 
126 190 122 106 150 179 149 160 137 53 76 90 3 66 194 8 78 10 166 157 142 55 110 68 36 165 47 129 103 102 84 64 200 2 186 161 1 6 182 98 141 99 61 185 193 91 23 136 45 81 172 38 50 21 39 117 89 44 
191 165 79 193 29 56 55 145 120 164 111 16 148 17 78 10 126 31 144 196 108 53 77 8 66 71 141 36 37 146 39 174 52 60 107 110 122 142 11 184 136 75 12 140 69 127 98 
18 28 151 109 91 45 149 167 93 145 65 84 69 22 64 133 88 72 92 100 1 144 6 137 177 169 105 5 159 97 125 188 24 160 37 70 171 8 114 136 82 77 148 73 162 76 153 7 96 187 47 56 135 67 191 27 35 54 
27 147 129 159 171 180 139 190 68 90 125 40 77 57 150 37 142 196 32 185 176 65 198 31 62 128 97 162 178 72 16 102 160 148 158 182 193 14 197 98 49 79 104 45 166 110 52 122 99 111 134 64 189 117 
146 74 49 62 197 40 46 122 153 98 143 131 117 108 29 123 57 147 1 27 142 139 20 83 81 90 79 59 152 82 75 126 33 113 181 4 80 128 149 177 72 21 155 121 71 144 93 76 10 135 
104 107 50 14 168 58 43 179 59 7 188 186 8 61 89 10 109 51 189 147 108 169 185 46 120 65 96 55 35 162 198 40 100 115 199 173 191 70 196 6 62 86 126 131 92 157 98 155 15 182 91 123 1 119 103 74 48 183 127 136 121 
59 101 139 179 155 195 56 17 77 183 70 66 97 18 82 128 132 171 163 80 187 141 73 20 134 148 71 6 104 76 117 135 16 184 91 47 61 86 45 21 147 119 5 188 180 149 156 174 177 151 106 144 27 41 111 138 186 55 
93 5 42 6 71 128 79 200 102 39 43 47 12 32 28 81 4 50 105 80 132 186 116 19 150 13 127 94 173 9 154 199 194 54 44 147 16 96 1 168 60 138 155 139 17 90 
87 176 1 157 172 73 120 121 168 38 63 191 193 17 104 151 143 140 124 55 16 19 94 181 32 99 26 146 56 150 51 66 187 98 49 107 92 152 198 111 163 156 11 147 74 154 36 40 15 42 178 186 189 23 182 
75 153 150 6 60 58 33 9 30 1 45 192 133 147 87 69 55 4 154 138 180 102 79 44 52 66 191 158 63 61 38 120 86 124 184 117 173 99 128 40 78 89 122 163 57 51 91 23 48 73 24 34 170 161 59 115 47 155 
6 196 91 18 23 83 10 97 167 73 168 36 85 19 56 139 170 161 145 60 200 102 164 57 109 62 27 48 133 14 80 72 98 17 95 191 40 107 160 193 45 112 1 
40 186 126 9 13 95 32 46 142 108 44 84 28 66 109 164 124 147 97 116 170 200 62 8 193 59 63 180 160 22 157 85 39 121 91 152 195 68 123 14 20 113 35 4 136 119 42 125 12 19 17 110 148 78 
131 86 145 38 198 107 188 34 186 149 199 19 146 16 10 51 21 25 87 92 169 98 80 65 15 85 46 136 2 184 18 122 104 62 24 139 1 125 55 175 4 8 142 33 63 195 17 12 68 114 56 177 