200
34 174 120 15 161 21 117 17 124 27 179 197 24 19 78 151 135 42 191 74 9 107 195 114 87 51 118 167 26 156 46 169 5 44 16 105 39 116 28 7 60 4 155 91 148 32 64 194 29 95 111 40 159 153 166 33 58 41 85 93 62 47 178 147 13 45 193 165 183 77 176 35 115 31 182 125 25 133 122 12 30 198 192 59 76 20 129 99 162 18 180 119 
117 70 28 146 186 48 200 93 113 134 3 87 181 36 21 6 137 190 74 72 189 11 54 163 156 169 60 16 69 31 65 129 131 52 26 119 136 180 32 123 144 25 165 103 188 174 43 67 9 55 183 57 47 145 91 44 173 49 77 53 29 64 158 128 58 118 182 94 85 82 141 50 15 66 195 155 175 115 104 68 164 71 112 101 161 160 135 149 45 86 109 162 22 
189 65 84 200 110 37 12 25 124 194 183 54 77 32 67 62 38 81 126 8 120 60 46 147 193 76 74 23 186 170 178 79 68 156 75 151 196 175 191 101 47 45 28 57 33 22 179 148 69 146 80 144 50 132 40 123 2 100 169 19 141 16 149 122 56 157 26 105 128 114 185 182 150 14 93 34 21 48 58 166 187 154 66 35 152 88 
146 86 186 56 80 92 130 159 27 69 135 141 67 82 61 100 140 1 109 42 125 89 64 187 104 21 111 199 91 78 28 191 156 143 29 12 173 194 120 31 129 106 26 118 193 178 112 170 108 51 25 114 171 163 84 188 101 23 121 150 136 153 115 105 128 198 17 154 99 35 15 126 183 161 148 49 36 169 192 155 14 102 73 175 116 134 90 48 66 32 8 9 44 149 139 147 19 
53 165 162 93 37 170 131 75 156 98 10 45 147 119 20 155 19 106 148 1 51 191 169 178 174 161 187 172 145 199 15 61 88 149 142 72 60 26 23 34 126 65 122 111 39 136 200 48 123 8 89 163 29 32 121 83 184 86 134 38 177 198 73 103 96 13 67 36 56 152 57 21 115 190 11 138 135 128 125 110 54 124 25 183 195 6 85 146 173 193 30 47 127 14 129 104 133 
33 193 38 100 5 87 10 199 184 94 98 133 178 27 123 143 77 109 67 45 172 28 61 160 107 174 36 125 49 53 56 32 118 182 21 138 147 70 105 141 72 152 157 112 66 114 69 80 43 121 82 191 41 47 84 39 46 146 71 130 29 58 90 153 104 126 198 68 168 15 200 95 96 12 179 74 163 103 42 131 81 16 2 176 175 101 85 194 190 76 
194 124 109 16 36 80 107 72 10 26 22 52 71 78 29 81 113 55 34 93 32 1 76 31 53 163 28 150 181 30 87 73 102 179 185 42 19 90 139 111 136 116 195 50 154 83 129 60 59 97 158 18 191 21 153 12 199 119 134 151 85 79 147 49 176 118 184 24 100 103 38 40 74 155 27 140 61 200 133 96 65 149 156 182 9 126 14 152 77 101 123 98 189 45 121 11 86 115 125 
154 128 80 47 169 53 177 188 87 22 115 68 9 91 124 28 168 4 171 30 107 61 18 82 137 109 159 66 45 84 37 198 178 135 105 36 52 181 179 106 72 25 55 76 144 157 101 12 40 174 108 50 73 63 3 160 131 156 126 60 57 5 147 11 96 32 146 170 104 142 172 127 34 175 92 167 24 81 200 155 114 86 113 161 54 93 83 15 17 97 110 29 23 194 21 183 138 195 150 143 123 196 165 132 90 120 
114 85 116 89 35 131 183 176 113 66 44 87 167 67 172 34 100 197 194 12 185 96 50 109 76 105 28 51 11 8 21 10 174 49 37 98 47 146 101 1 164 2 33 7 81 138 166 117 26 152 93 68 20 32 23 106 70 25 94 53 92 128 102 84 24 162 195 4 198 86 88 178 196 74 111 151 64 199 95 39 134 22 177 123 77 103 69 118 79 129 40 150 157 104 148 30 175 
51 118 196 200 190 103 7 114 75 40 151 144 74 91 29 98 192 36 106 32 64 83 178 174 59 72 6 25 132 143 48 16 80 92 120 124 167 82 65 150 126 180 15 44 70 76 37 50 66 139 113 87 45 60 158 94 49 22 198 43 186 116 71 9 73 86 97 162 179 154 81 85 168 105 129 197 164 195 160 188 38 104 90 19 99 5 23 28 138 39 169 141 27 159 
158 140 177 172 183 184 173 164 137 141 111 185 94 70 197 85 27 139 75 32 133 79 145 165 57 103 5 2 162 24 174 113 78 186 8 71 159 63 84 116 21 92 143 35 196 81 46 54 105 100 134 109 30 88 89 107 175 55 130 64 156 91 152 76 48 118 7 108 198 195 53 83 49 20 157 200 34 80 114 36 102 99 73 17 67 14 154 128 9 142 178 47 131 
3 89 20 137 80 133 155 38 25 57 146 56 30 165 62 182 197 108 110 190 161 196 177 7 163 162 21 1 41 22 199 129 198 23 100 181 82 156 58 119 27 8 68 166 48 43 97 6 114 147 176 59 158 64 4 96 32 63 40 168 179 78 81 31 76 33 73 126 46 113 93 116 17 83 29 39 178 54 160 115 112 16 37 85 127 9 70 192 74 92 75 
120 129 163 18 114 101 195 197 46 157 67 77 126 57 30 134 135 49 65 160 139 73 24 170 131 52 179 5 196 44 192 34 98 95 74 162 91 173 199 140 165 27 151 198 76 55 180 161 19 14 144 1 64 48 89 159 37 79 143 155 31 53 175 80 122 99 191 17 168 58 92 123 72 171 200 32 22 68 54 141 130 147 70 181 36 188 28 93 85 60 118 167 69 
25 116 148 89 167 5 179 122 150 36 31 114 29 128 81 13 67 3 174 181 127 182 137 145 100 99 71 65 74 188 133 154 121 107 193 91 124 153 52 54 4 162 92 140 110 41 61 22 11 19 151 58 138 197 56 78 44 73 147 70 185 30 17 131 144 118 198 199 95 66 102 53 190 113 94 169 72 80 129 93 97 88 55 164 103 141 158 21 183 7 37 143 130 
159 47 135 184 18 102 192 153 157 129 22 44 161 4 170 8 146 59 2 137 36 6 154 149 31 144 60 68 54 191 63 150 195 32 140 33 5 56 92 147 99 139 155 182 39 134 132 178 80 48 142 145 49 55 71 38 130 74 176 64 46 187 73 86 183 168 190 1 43 96 75 81 200 108 118 100 194 186 148 53 40 177 166 151 119 76 88 30 52 111 112 197 10 167 125 133 
176 122 49 195 78 106 45 56 65 185 124 37 144 200 155 129 98 21 94 162 39 151 81 158 85 111 131 47 177 135 172 97 154 156 171 121 159 163 33 58 87 114 18 132 83 92 34 99 134 1 12 69 194 64 67 7 178 110 157 48 190 71 150 169 164 10 3 142 19 31 103 6 170 51 57 75 17 165 54 189 130 119 79 191 26 95 120 61 127 139 42 183 115 197 125 88 68 173 27 100 118 2 73 53 
180 159 32 108 199 75 172 28 137 25 47 200 168 109 89 164 57 165 120 4 181 162 143 105 60 23 69 166 106 64 182 8 14 27 83 82 104 20 130 11 78 1 161 70 13 173 122 87 169 113 125 129 186 29 163 72 197 40 84 188 170 111 88 112 61 18 185 167 50 80 128 96 136 177 56 144 51 79 85 90 71 148 63 191 16 22 133 131 156 73 119 86 68 48 102 124 12 178 65 145 59 41 38 110 147 
169 65 184 170 70 145 83 24 149 29 31 80 79 158 98 53 37 75 68 97 74 177 140 159 142 73 144 139 50 122 116 103 7 178 157 193 35 30 59 49 173 112 23 82 194 93 185 154 43 146 188 51 102 16 8 168 171 181 54 118 152 143 131 17 32 124 126 57 15 200 13 182 96 156 38 189 99 150 141 1 19 166 85 174 186 136 62 42 153 
1 51 18 33 93 147 54 10 159 132 56 22 126 43 193 62 156 77 166 37 148 141 72 163 61 35 48 111 50 45 41 130 75 70 165 182 78 162 197 40 103 100 52 13 171 64 176 24 135 158 151 59 144 16 5 175 118 140 134 14 191 96 7 63 83 95 44 196 120 102 98 71 101 36 114 136 4 133 116 124 117 3 55 184 92 187 
88 160 181 173 165 133 191 132 5 87 162 175 179 144 45 68 158 114 154 42 171 37 76 194 73 148 11 67 1 153 125 139 192 102 134 195 82 127 62 28 189 161 128 80 137 131 39 122 142 21 105 174 150 200 109 167 84 146 121 38 97 113 163 166 193 58 23 95 156 26 17 92 36 159 46 47 12 49 119 48 183 177 155 53 104 79 178 72 69 24 64 111 9 190 90 100 91 176 143 199 
102 192 84 11 97 12 20 199 47 56 55 186 8 14 116 197 2 151 129 28 181 165 1 193 51 68 31 71 87 83 54 57 164 175 112 5 118 148 145 91 179 155 70 188 72 163 6 9 80 172 22 3 127 75 88 49 157 45 177 141 134 23 115 78 7 76 137 124 119 142 174 111 86 143 150 65 196 63 198 4 35 189 16 32 27 43 100 159 61 126 108 139 39 144 131 167 180 96 
142 175 123 75 23 19 65 199 33 112 66 41 194 37 200 9 73 32 179 61 156 115 160 14 58 52 158 177 155 55 70 56 105 21 94 109 53 67 44 96 39 90 17 180 161 178 118 189 117 10 2 166 121 72 113 129 130 169 88 80 12 63 144 38 25 8 164 43 40 34 62 54 153 60 97 170 108 78 119 143 3 101 13 69 49 151 110 124 157 185 135 15 7 46 187 168 99 
181 75 117 126 71 136 3 152 35 196 184 61 176 21 190 36 145 63 199 44 80 93 9 141 146 50 53 66 107 45 169 160 142 10 191 47 198 111 89 85 174 133 4 8 130 134 155 179 20 105 76 77 135 188 122 132 180 165 22 97 114 90 5 38 30 137 119 33 106 99 17 86 49 157 12 91 25 162 34 46 57 171 82 151 177 144 148 18 149 74 118 92 58 123 143 64 65 
151 136 96 75 147 62 76 28 194 177 20 135 7 32 109 121 105 38 46 141 193 89 137 27 13 130 174 171 113 41 63 192 66 104 85 47 81 11 78 97 100 148 67 188 31 92 176 182 49 162 98 117 101 126 60 131 45 95 189 143 149 93 19 52 155 82 110 185 102 196 9 1 69 56 80 169 8 48 57 107 173 145 181 125 18 184 142 187 166 152 116 195 83 160 
45 10 2 35 133 173 57 41 105 14 124 4 126 69 77 103 160 93 174 37 140 88 197 189 180 75 120 125 132 80 134 60 39 157 90 128 118 29 1 23 53 148 38 163 72 155 186 66 8 17 187 193 3 135 164 70 40 96 149 71 95 145 114 5 50 34 52 192 179 198 102 150 166 42 22 36 111 43 9 92 87 153 172 12 74 97 112 107 100 89 182 
162 160 54 129 81 184 109 180 45 105 198 156 40 104 168 78 71 141 113 200 73 1 131 50 28 155 134 92 3 187 163 111 172 181 93 69 97 60 34 86 147 102 59 68 145 165 57 53 91 46 118 9 43 157 80 138 5 30 62 192 88 99 179 96 108 133 64 132 77 100 82 188 185 121 66 173 29 72 125 164 2 149 197 4 171 70 199 139 150 20 7 116 16 
95 127 52 139 91 77 78 129 174 133 44 190 92 47 159 49 185 189 62 160 145 186 162 117 81 66 96 30 113 17 167 179 172 6 76 60 122 169 70 192 16 53 195 72 181 102 101 94 7 51 48 177 12 187 100 106 74 194 65 141 13 107 4 144 154 115 165 75 42 183 10 188 163 58 147 28 87 86 125 136 21 142 121 111 67 118 196 90 84 1 157 103 131 176 132 56 158 120 11 143 24 82 33 31 
192 172 6 62 13 194 189 102 35 36 64 161 148 115 53 100 47 8 118 48 80 37 167 96 183 147 150 58 61 152 145 4 55 94 101 3 93 51 103 199 27 30 72 151 168 29 7 184 140 85 120 109 108 26 44 92 166 68 190 112 1 180 32 45 134 39 83 70 9 141 154 42 169 135 155 193 160 117 200 38 131 76 123 17 10 157 106 56 170 185 24 178 41 137 46 21 138 20 2 
54 60 30 12 131 10 116 7 133 2 52 106 185 68 46 34 48 149 82 138 92 196 99 146 85 59 18 159 129 98 5 35 113 33 157 114 53 8 122 164 139 28 88 47 170 25 64 177 124 130 44 65 173 73 37 97 194 56 150 200 31 168 1 180 190 147 38 6 102 96 197 17 140 191 128 136 193 120 69 103 148 171 76 156 155 4 107 72 117 127 161 62 77 14 36 126 134 80 111 32 118 167 151 75 162 26 121 61 
62 26 56 18 63 138 101 151 91 174 84 164 153 1 68 166 168 51 8 23 29 102 175 83 36 178 111 61 120 72 85 129 190 15 13 82 92 71 27 74 73 76 93 146 194 48 28 32 122 69 125 188 14 133 184 157 145 104 12 64 121 31 103 114 148 113 187 176 108 180 172 179 128 147 126 154 186 5 95 130 11 40 163 160 75 38 80 97 195 9 42 33 7 165 155 112 196 131 49 
112 173 93 140 57 52 116 18 183 4 14 159 181 190 160 195 198 157 65 174 100 96 144 121 75 81 30 106 60 24 193 2 16 146 165 105 178 90 187 136 119 27 125 185 132 13 130 143 7 72 29 176 73 150 91 155 39 45 33 152 171 166 12 138 124 184 145 62 108 129 42 44 36 74 156 192 78 161 188 102 103 1 194 92 76 21 122 186 167 86 15 48 
177 52 141 59 39 1 65 37 149 157 143 108 135 18 62 169 2 3 28 41 194 164 6 148 7 12 140 188 123 17 136 112 69 42 15 87 5 160 11 36 53 51 182 30 95 10 156 82 88 197 75 178 54 184 83 171 4 98 49 180 94 13 113 64 126 81 86 168 22 137 122 116 107 24 152 118 21 61 195 68 109 134 57 115 119 127 105 124 190 193 29 185 9 8 191 101 48 
194 118 166 131 59 101 16 138 102 109 29 104 191 67 169 178 152 175 168 39 12 171 147 122 85 125 192 193 173 199 129 34 68 86 9 115 94 46 196 153 119 105 58 30 3 143 51 64 75 27 91 74 160 15 70 184 37 189 19 73 1 107 150 167 144 186 52 6 174 176 197 87 114 195 35 99 90 155 117 180 31 108 111 41 23 141 120 22 53 65 50 121 42 83 198 93 161 
60 153 82 52 78 67 176 91 99 43 161 185 76 90 116 16 130 72 9 107 101 8 25 132 103 3 117 7 157 85 81 163 29 136 86 152 36 121 54 105 194 79 22 71 108 69 33 199 1 120 134 192 135 70 51 11 155 170 180 143 190 111 26 200 187 93 141 23 94 63 97 57 100 159 195 13 174 75 115 127 74 5 65 129 73 64 149 35 38 171 98 
182 151 194 145 79 147 174 33 140 169 63 11 148 21 128 160 184 39 196 36 71 199 76 198 81 117 119 29 19 72 180 92 62 78 159 1 146 43 40 150 38 75 99 195 44 124 34 95 89 94 80 129 175 163 108 104 115 52 28 136 173 138 77 25 102 96 58 98 74 141 143 9 4 190 65 153 60 166 101 149 18 187 126 105 197 3 133 186 185 125 57 179 142 23 132 116 68 191 135 55 87 84 50 164 155 53 41 42 110 106 54 
4 184 66 159 2 142 150 8 172 130 188 25 124 88 134 34 39 152 40 82 183 59 64 137 30 96 198 11 93 68 72 14 139 112 178 85 195 87 71 57 129 77 151 5 147 132 74 10 15 144 118 173 200 65 177 19 41 192 122 61 7 170 91 43 28 63 116 32 13 120 51 107 6 35 135 190 179 73 45 60 69 58 145 148 44 161 153 97 160 189 146 83 171 90 29 92 20 70 50 23 81 133 31 127 100 
12 29 121 107 22 178 140 56 92 28 160 44 105 172 118 103 144 167 180 96 132 38 16 191 54 188 18 9 51 19 177 123 120 10 161 182 150 63 184 197 186 189 62 14 86 33 39 131 192 134 185 199 108 52 135 159 46 136 137 198 127 110 154 77 81 95 146 97 122 195 20 32 90 43 3 73 41 200 98 13 64 50 179 91 66 5 93 151 101 49 128 89 8 84 42 170 183 85 165 67 168 40 194 25 
51 112 197 151 76 110 171 170 60 28 144 98 146 95 132 15 140 138 104 161 7 5 168 196 178 37 77 158 124 195 121 142 86 134 130 117 89 177 154 133 192 143 12 182 34 102 24 119 30 120 23 137 156 80 128 103 166 55 172 193 185 152 52 129 18 135 122 85 6 29 167 147 99 20 114 90 41 187 35 25 10 22 56 145 127 149 163 87 126 79 173 101 94 183 194 67 17 3 
76 32 100 132 135 126 5 175 60 62 36 50 54 21 31 120 148 37 93 78 151 156 48 149 59 145 57 67 25 154 87 72 46 127 63 43 82 113 35 44 174 198 184 147 85 124 88 41 142 179 159 20 33 170 186 102 106 188 172 68 10 164 47 168 53 97 22 107 12 79 152 146 103 129 1 9 182 74 15 138 192 109 155 28 193 117 16 190 91 141 6 157 108 166 112 153 163 
166 148 10 110 94 112 57 127 8 76 69 200 197 177 168 35 25 81 41 51 43 22 116 120 174 193 58 55 84 184 189 96 172 15 125 103 101 19 113 9 59 153 156 65 144 88 157 199 92 181 152 83 100 44 136 128 119 71 111 12 194 77 30 132 142 26 159 17 139 109 115 89 95 1 93 154 121 175 164 85 45 36 48 3 79 149 102 52 173 42 50 140 49 141 118 178 62 37 137 7 124 
130 80 52 12 25 121 129 194 154 161 178 145 106 37 45 57 39 168 48 93 200 143 170 115 191 162 96 60 111 79 114 176 109 101 148 71 158 83 75 74 24 36 195 32 17 172 6 173 152 198 155 51 196 59 163 95 180 140 167 91 120 108 151 35 14 185 112 184 33 65 132 38 147 123 81 40 110 22 58 105 119 55 56 131 124 76 1 84 19 28 128 149 165 175 133 
120 30 178 32 190 103 45 142 105 101 144 53 46 27 16 57 69 74 162 25 133 147 37 176 87 118 65 164 172 187 104 54 151 7 139 186 165 177 102 66 81 158 115 6 18 124 33 146 96 44 83 166 75 170 152 1 168 93 143 64 160 98 4 35 72 140 107 157 31 20 138 40 100 119 76 85 154 113 121 148 128 73 131 67 28 114 174 91 149 183 77 70 62 
148 60 25 189 110 53 192 79 127 111 112 151 46 158 68 167 190 145 133 100 143 37 36 157 154 103 115 51 170 179 175 142 132 35 15 63 107 118 2 176 26 58 70 106 40 161 50 96 164 78 162 12 146 34 66 98 59 166 104 193 194 94 39 168 21 124 116 65 152 73 6 93 136 19 128 131 171 122 138 181 188 22 137 119 169 75 10 180 90 196 77 155 76 184 113 18 74 109 81 49 183 
62 64 185 40 36 184 122 78 130 106 83 178 51 82 145 154 198 199 182 196 71 107 152 14 129 59 85 109 172 92 140 39 108 150 47 169 124 123 4 170 126 155 1 142 133 190 100 69 148 80 27 177 191 132 131 147 146 63 9 93 99 72 29 68 166 22 70 111 46 61 19 37 31 50 179 94 187 175 13 28 189 35 160 90 2 139 168 95 165 121 112 49 91 98 23 181 104 101 180 159 77 183 15 125 42 10 45 53 
60 64 106 25 138 175 188 168 103 101 109 151 74 120 124 114 65 40 6 3 92 61 16 136 96 86 21 148 161 1 117 112 36 163 200 41 26 81 93 150 67 58 169 184 193 123 108 179 24 53 8 44 66 91 2 160 192 190 31 155 23 129 171 7 131 73 42 180 10 20 51 5 176 75 79 132 119 189 87 153 77 142 102 118 95 149 141 199 28 143 94 84 186 62 19 107 104 110 111 105 98 164 191 145 
164 165 112 71 113 130 190 90 62 94 59 83 105 144 143 58 1 132 51 119 54 23 77 11 101 66 167 151 47 98 142 24 128 74 152 56 123 133 43 6 181 114 84 102 13 176 53 22 121 196 29 39 125 61 93 166 172 120 178 156 110 187 79 111 122 186 12 170 147 175 15 73 37 20 150 96 44 64 127 106 28 52 185 146 89 48 87 159 135 33 3 60 149 189 26 163 42 192 
27 51 180 172 111 100 91 150 44 15 94 77 9 89 192 154 96 6 193 116 82 23 102 141 16 115 176 60 29 39 161 85 1 167 46 155 8 69 88 28 17 159 73 113 119 3 5 122 92 144 153 120 121 103 11 197 2 70 189 75 149 106 80 187 145 190 137 20 200 186 128 165 24 93 170 99 129 84 140 52 21 142 87 178 194 196 112 131 81 
114 121 61 181 57 3 133 180 53 15 76 46 140 144 87 167 41 171 40 24 12 169 4 190 129 135 120 106 198 157 16 188 107 104 124 176 158 17 95 69 115 172 186 52 182 5 56 91 189 164 153 19 165 32 122 11 86 100 196 29 13 30 78 101 166 143 62 77 117 194 59 142 28 118 67 187 39 141 127 82 156 58 27 20 2 68 116 10 192 31 97 73 55 
154 143 55 115 27 37 23 22 147 60 85 13 68 62 21 199 127 176 184 32 171 170 11 92 144 155 88 156 159 168 136 24 131 30 87 182 116 100 140 59 160 20 16 175 43 78 164 18 77 2 188 96 134 91 81 44 57 112 75 185 193 40 7 64 166 174 120 198 132 4 10 99 186 89 181 101 54 192 51 52 151 179 153 6 71 135 15 111 84 80 56 130 104 108 189 9 178 107 196 163 158 183 123 133 118 74 97 
40 125 25 121 184 168 191 70 114 109 112 7 170 39 51 91 140 173 123 111 10 131 79 99 199 61 35 17 137 154 153 142 33 43 193 195 77 101 9 177 56 58 8 44 23 141 37 84 88 186 159 55 97 3 36 72 183 132 107 82 98 200 180 185 119 139 104 178 26 89 128 149 166 133 175 145 197 90 95 80 105 85 18 179 150 106 86 69 2 164 194 189 188 187 115 19 
92 164 36 100 83 67 195 198 85 76 65 37 132 189 176 33 4 152 142 52 122 179 9 45 81 135 199 99 103 157 160 138 49 173 1 191 139 18 16 177 21 163 125 111 106 84 155 32 141 124 128 56 130 34 10 58 154 120 19 194 46 60 40 193 150 17 187 196 44 91 27 53 171 50 30 144 5 38 28 190 94 184 47 41 79 43 188 172 148 
82 119 99 55 151 105 61 83 19 134 60 88 100 194 25 74 48 113 77 167 112 34 133 68 142 120 29 176 84 125 41 123 72 193 111 62 199 93 37 132 135 146 174 137 70 127 66 162 35 154 126 181 38 63 97 14 159 91 2 170 46 27 144 118 124 22 31 196 166 51 103 69 33 49 172 168 192 24 8 94 57 145 198 40 128 114 47 136 182 78 32 79 7 15 13 165 121 178 173 115 195 
46 22 140 51 64 42 63 87 28 68 182 71 25 194 123 62 159 39 177 137 95 191 7 185 18 92 45 2 83 65 14 189 58 139 196 85 109 76 33 93 192 184 138 124 80 60 8 79 99 181 16 110 163 54 98 120 20 5 44 13 153 81 32 35 114 74 94 29 111 122 183 170 135 131 195 148 11 48 167 57 96 200 166 15 23 180 43 26 171 101 128 89 27 66 115 9 108 6 69 
34 154 60 143 125 120 14 105 112 104 107 83 101 197 58 46 94 155 196 66 11 116 42 53 61 192 71 15 138 171 102 80 37 158 73 109 135 127 167 49 110 142 118 113 89 161 87 18 183 166 137 12 133 144 106 56 147 129 136 8 181 68 19 62 134 108 198 141 185 170 29 81 140 22 193 64 180 103 39 16 26 84 100 92 97 85 168 13 162 5 2 124 163 184 3 119 32 173 117 35 21 
180 57 40 15 2 167 13 61 156 28 151 98 104 182 159 49 97 8 157 177 60 71 120 112 136 147 172 143 7 124 195 197 19 188 171 140 56 52 194 135 92 14 89 145 79 190 62 101 134 76 35 138 114 133 119 78 121 68 169 41 77 21 137 66 84 199 113 198 38 146 179 174 67 148 11 70 129 154 118 22 81 48 87 152 86 58 127 50 186 193 173 103 
135 164 178 137 103 51 139 141 12 74 14 72 55 192 76 127 54 175 49 133 24 30 169 29 68 118 93 100 77 151 19 199 182 48 144 115 197 149 142 134 138 4 172 101 186 188 171 38 104 132 160 155 114 62 5 163 107 198 50 3 148 92 58 6 84 166 17 28 97 15 71 89 21 191 41 91 126 27 16 90 185 140 195 78 57 184 59 113 130 63 125 22 98 37 183 46 64 
12 193 112 41 136 155 171 152 200 131 162 128 143 26 129 153 69 118 72 39 65 42 179 104 31 113 32 154 49 138 102 53 111 185 63 81 140 13 55 195 186 107 89 56 88 24 181 145 16 139 21 23 115 146 126 8 158 182 36 70 3 34 147 198 99 134 5 190 97 100 188 40 144 18 117 76 194 166 35 79 192 92 105 101 135 94 106 48 11 157 197 52 116 180 59 124 119 25 169 156 74 17 174 85 71 80 187 2 173 
173 188 147 192 114 71 64 195 159 3 35 50 134 133 68 190 22 105 53 13 130 143 124 80 2 166 187 155 169 90 45 131 194 142 46 27 172 43 167 111 12 153 182 93 23 16 118 14 65 151 181 72 139 20 36 108 121 73 180 76 63 56 128 198 113 55 175 61 163 184 127 40 109 171 79 179 186 51 6 28 1 75 78 137 178 183 102 98 110 48 162 165 67 140 126 168 152 33 41 100 132 54 
41 119 43 29 163 181 69 40 131 91 61 182 161 102 109 138 165 64 48 154 149 191 123 146 129 105 128 89 32 57 7 67 113 83 92 15 76 70 56 159 26 137 85 184 44 62 12 178 17 152 197 115 36 124 80 71 198 121 200 117 157 120 72 104 75 49 169 81 1 63 39 94 171 193 140 144 33 93 148 100 180 10 84 103 176 96 73 18 196 143 194 46 172 112 174 74 99 130 19 142 88 
46 13 70 97 198 130 3 83 177 94 61 121 39 89 193 140 95 183 27 41 93 1 31 170 75 122 166 144 173 134 158 199 110 51 22 137 150 49 127 164 47 167 191 87 84 69 10 133 2 80 184 168 112 118 26 29 171 17 36 54 63 186 45 195 113 25 190 8 197 5 115 53 123 156 179 62 109 196 7 154 43 145 119 73 136 129 74 24 180 38 55 34 125 15 152 66 153 147 52 187 161 160 35 
6 89 153 108 148 145 69 106 55 102 161 156 140 176 199 113 160 19 7 79 97 95 64 132 127 45 183 54 171 80 83 36 125 179 121 58 81 52 17 21 168 66 187 129 62 44 96 93 48 105 50 137 22 46 165 195 67 75 115 8 163 60 5 116 151 14 198 16 23 122 177 193 99 101 188 124 82 91 59 4 30 109 167 197 114 28 32 136 29 147 120 104 196 118 112 
80 29 132 112 89 116 46 104 75 136 186 138 131 18 56 145 106 122 39 52 32 109 107 103 169 60 95 59 101 176 70 63 26 187 188 143 1 152 37 30 68 22 170 159 67 12 42 175 55 45 35 79 99 3 94 81 163 48 96 119 157 178 124 54 149 40 142 108 53 129 140 120 147 44 191 24 114 181 27 49 74 31 20 87 76 200 190 184 135 19 28 161 125 61 139 115 199 185 123 182 197 165 144 
127 34 169 129 195 65 156 120 19 119 163 39 15 162 30 53 87 78 180 173 121 43 76 115 137 111 194 176 189 149 145 37 77 170 181 58 178 36 175 166 107 17 56 68 139 44 141 155 59 11 12 128 172 22 75 199 8 103 110 52 35 196 98 112 146 144 124 21 108 167 130 24 72 179 104 60 23 160 200 62 185 125 165 70 106 191 82 57 131 
54 28 102 166 76 23 87 124 58 56 42 150 80 20 148 36 33 138 113 90 194 174 183 143 180 37 158 19 32 13 116 151 53 121 44 134 187 93 71 79 184 119 10 17 30 77 178 122 45 73 131 162 34 70 136 115 46 153 96 12 4 155 16 118 69 192 85 154 2 89 75 160 139 26 61 92 98 66 101 82 49 9 59 171 81 161 156 11 100 84 1 94 99 173 198 15 128 144 159 91 29 78 
113 148 103 5 17 71 7 72 43 138 33 130 187 78 21 42 63 133 142 146 155 196 29 32 122 160 123 81 200 131 132 135 173 10 139 66 88 183 89 51 165 171 144 36 161 40 163 23 2 194 82 13 153 189 186 79 99 190 76 93 22 67 188 68 27 116 83 45 73 177 174 87 18 53 117 170 14 154 191 176 115 152 168 58 198 3 57 92 101 16 172 35 41 108 74 95 31 134 34 
120 54 8 160 64 88 46 198 36 9 199 154 81 105 6 87 195 2 96 174 26 75 178 137 190 155 166 139 60 161 131 23 25 22 73 27 77 61 172 138 67 68 43 194 90 109 130 133 42 52 156 128 187 185 122 181 45 4 180 162 70 55 74 171 80 76 107 108 65 10 37 97 86 84 14 157 141 111 116 146 3 82 188 53 168 143 158 127 24 79 140 
145 22 3 33 37 39 79 181 100 153 4 95 184 161 149 171 108 34 188 110 59 86 199 162 99 146 65 156 147 193 197 133 200 103 185 90 135 173 128 69 20 115 76 104 80 48 14 163 177 24 119 2 83 190 6 106 166 143 61 131 192 148 45 121 55 11 74 51 140 62 9 58 144 191 129 167 136 82 180 141 91 164 5 87 66 71 102 38 130 93 169 16 172 111 116 27 13 42 
82 185 141 73 176 122 125 103 191 20 66 9 148 76 94 113 26 52 133 146 195 128 193 65 56 170 199 85 58 49 54 162 200 87 88 36 110 145 48 72 62 158 44 106 28 8 93 118 144 188 15 179 29 12 55 53 153 189 197 74 63 83 43 77 13 2 167 116 121 171 17 102 178 32 152 75 21 16 175 183 186 30 109 86 89 172 39 3 33 35 135 18 177 184 129 99 96 6 174 147 163 
152 169 141 186 196 104 173 110 143 150 96 144 86 9 57 48 2 184 140 100 197 137 172 60 52 93 193 98 50 26 126 64 22 156 161 53 108 121 29 67 34 47 3 151 71 171 200 6 107 165 170 131 4 136 25 120 13 132 61 142 155 83 174 24 16 189 97 80 76 109 154 123 36 177 145 40 91 59 92 32 135 128 20 88 112 180 44 119 181 176 42 115 30 198 17 116 159 118 
145 164 152 184 57 159 111 62 109 28 97 42 33 47 167 44 84 103 125 114 91 36 77 158 176 200 177 55 12 180 160 27 11 73 186 128 26 96 131 18 21 81 112 192 63 136 142 174 113 120 66 189 116 185 43 9 50 34 60 13 132 14 74 86 150 10 59 22 154 25 188 182 157 2 17 92 144 64 171 19 129 52 110 127 194 190 124 141 118 146 6 71 
41 70 2 183 30 10 168 154 58 56 36 86 53 126 7 79 46 26 87 35 114 150 196 133 158 23 25 59 127 128 44 69 142 137 49 81 179 121 96 180 64 119 40 113 135 90 120 187 34 95 80 91 186 67 15 106 14 129 189 176 124 167 57 89 11 173 194 117 65 107 134 162 16 200 105 147 17 93 118 54 98 188 55 131 166 175 6 78 74 136 21 122 169 97 170 199 19 101 149 197 
167 91 36 170 98 22 2 56 133 99 58 5 90 81 198 7 157 184 147 197 21 132 74 146 153 57 200 159 20 83 88 35 166 128 174 8 85 140 104 169 187 199 106 80 31 175 182 52 26 136 6 19 77 93 111 107 89 63 39 17 180 114 42 87 151 138 44 29 28 172 25 135 14 191 65 82 100 10 97 13 141 50 188 137 27 94 190 148 162 68 86 34 59 130 149 30 142 183 189 
68 5 122 107 36 58 152 111 94 171 47 149 120 70 93 31 183 148 60 177 175 113 106 20 138 85 126 26 160 11 196 64 197 187 193 130 96 104 144 119 33 78 182 54 102 29 30 125 172 76 16 83 128 14 185 46 121 145 66 168 45 173 59 136 82 13 163 15 65 170 110 42 150 84 164 37 4 18 188 10 159 17 48 155 43 8 157 34 22 146 90 7 179 124 167 12 199 200 
62 71 82 139 49 68 23 158 196 134 147 41 43 140 30 1 170 42 184 91 190 99 35 148 150 13 129 56 199 151 15 92 31 172 143 72 156 52 122 59 66 167 57 166 180 45 84 176 18 112 36 46 187 3 107 97 197 96 80 67 77 119 83 125 6 157 160 9 78 53 153 34 174 14 109 182 130 144 7 183 191 137 65 133 159 128 178 106 126 27 198 60 12 10 70 118 124 146 194 39 25 2 171 98 173 93 102 33 161 94 75 
97 78 161 61 96 22 124 98 199 18 77 80 126 24 19 3 76 43 47 21 17 35 168 197 62 188 190 58 135 16 162 103 64 32 86 10 87 165 180 12 68 102 11 5 66 129 138 137 195 176 183 157 82 200 34 83 27 151 33 123 59 149 63 31 146 45 184 79 42 25 191 134 156 93 133 74 23 29 147 125 178 49 99 15 30 166 143 144 189 136 60 139 177 41 142 
11 3 165 12 28 6 118 144 7 48 186 151 40 10 20 107 162 132 149 43 58 122 64 124 182 189 79 179 172 126 91 139 15 56 30 93 42 80 173 34 168 145 38 94 136 133 66 69 158 21 84 155 167 8 59 24 31 53 177 178 90 9 83 200 35 27 134 123 29 39 147 101 85 184 193 111 41 62 164 13 190 137 1 51 188 63 96 99 185 131 129 104 68 67 97 23 92 55 57 73 65 75 125 
164 139 176 174 121 181 124 1 43 117 127 134 35 56 156 82 29 103 99 196 173 110 91 170 158 93 160 2 142 178 94 95 48 6 131 159 81 47 19 90 144 44 112 132 7 27 80 72 25 138 154 171 141 49 197 137 147 149 116 9 189 179 168 40 183 187 23 107 118 75 55 50 177 86 45 182 66 79 74 68 64 70 13 38 146 184 119 145 96 26 42 192 136 63 155 193 128 37 46 169 180 167 36 52 3 102 
166 140 21 111 182 58 17 73 63 43 162 153 200 92 167 106 35 11 95 194 74 89 185 133 79 100 183 31 184 177 142 154 141 65 48 158 137 27 55 152 34 16 101 44 7 157 186 104 87 114 138 81 143 12 149 164 93 118 181 52 64 75 22 71 148 117 146 139 170 156 24 56 144 98 86 113 39 196 14 26 19 179 1 121 4 174 49 171 165 103 97 168 
58 77 105 67 111 196 98 102 148 110 168 176 104 100 65 186 11 16 51 171 86 163 137 17 120 39 34 9 89 81 66 123 157 92 129 3 43 61 13 62 45 40 91 7 75 108 135 143 78 76 147 195 41 64 151 115 189 144 50 193 164 131 55 119 93 38 140 90 83 71 177 138 160 179 18 53 46 155 109 80 185 152 149 20 122 35 142 88 174 57 52 
41 144 57 84 151 143 110 97 13 12 128 96 11 7 145 171 122 53 26 8 146 113 136 101 123 24 38 147 124 194 71 173 59 79 159 62 175 76 21 6 64 179 166 88 28 196 168 105 170 98 184 83 14 131 135 130 107 162 103 85 158 58 150 74 169 86 189 3 69 119 164 66 23 49 139 156 25 72 92 54 47 95 17 18 50 44 99 22 15 29 154 192 81 20 67 75 60 195 61 93 180 10 182 35 106 30 102 77 4 117 
32 147 49 59 61 144 115 168 145 122 143 14 37 125 78 167 171 138 15 184 136 9 89 43 182 35 159 62 110 71 149 51 141 57 6 79 77 175 85 163 54 47 191 164 103 196 155 3 53 112 157 156 7 55 70 65 66 91 36 194 131 96 146 31 153 40 88 8 34 94 174 27 158 113 10 117 170 64 134 109 72 177 114 180 80 83 45 26 11 150 24 104 92 198 187 148 185 181 41 160 127 151 166 162 84 16 12 169 152 102 135 42 139 87 183 98 
26 155 120 194 195 27 72 198 115 107 99 186 180 44 124 150 23 102 83 165 193 36 10 47 66 185 29 153 24 77 18 39 6 157 84 128 61 131 144 127 110 50 85 148 172 162 86 20 113 17 147 65 111 114 190 138 52 64 199 4 87 174 134 173 164 48 92 32 156 200 104 154 171 74 34 139 12 152 121 91 137 30 73 192 146 68 133 67 75 8 95 96 88 63 123 166 2 109 167 112 
73 119 17 161 185 153 44 189 46 51 16 82 60 138 80 168 102 141 124 21 193 68 42 33 30 132 28 118 79 166 182 115 148 123 106 120 40 158 76 11 74 200 103 61 98 7 59 131 67 172 180 65 147 177 18 137 187 116 54 41 36 72 8 134 171 88 195 107 99 114 32 87 69 181 105 10 75 5 52 24 157 19 122 81 151 86 176 113 12 53 
82 139 155 60 45 47 90 147 100 161 167 150 4 9 130 76 168 54 81 162 59 143 3 27 103 116 149 94 141 93 188 56 122 21 175 35 101 125 80 74 156 11 182 106 127 191 113 66 20 85 166 89 108 170 163 192 46 129 37 95 73 198 8 17 148 105 184 104 190 50 64 200 97 41 88 187 99 102 197 51 52 160 6 109 49 135 30 40 177 180 70 55 
176 153 28 196 10 102 54 40 185 163 51 193 73 18 169 72 118 111 154 80 141 42 177 188 97 124 37 161 47 76 9 175 88 145 23 68 44 179 53 91 162 195 199 167 197 84 11 157 105 57 103 12 173 5 38 33 94 90 29 24 178 117 64 81 136 131 1 39 17 143 30 172 7 119 50 165 98 114 180 16 2 82 34 174 115 13 6 192 140 49 89 36 120 171 59 
159 48 21 77 149 67 164 107 82 72 96 117 200 150 98 132 138 92 145 197 174 113 129 152 108 32 126 78 70 45 26 199 69 31 102 182 111 37 15 17 147 181 34 4 97 133 5 134 115 151 2 141 105 71 171 135 193 125 165 50 27 161 55 163 75 10 79 154 179 121 80 66 130 8 173 114 140 68 91 9 198 23 90 146 175 162 101 169 7 38 119 139 83 188 178 180 153 33 
137 95 109 106 6 193 103 192 60 108 46 143 93 195 49 75 35 94 16 25 66 157 171 42 162 167 169 67 90 63 97 141 128 168 130 9 2 33 190 65 82 149 126 194 177 152 197 200 54 105 148 99 72 191 146 1 172 20 181 38 47 78 160 196 83 147 173 21 27 17 155 36 100 39 68 115 199 71 101 55 45 170 81 123 62 119 32 113 53 8 7 104 112 166 64 110 188 174 10 89 102 136 48 107 
112 108 81 137 57 131 176 184 98 105 21 36 198 32 173 25 170 39 130 159 3 199 52 80 158 125 114 100 29 5 72 50 66 194 133 89 146 171 20 162 103 192 200 84 177 83 68 181 65 116 47 9 101 145 143 139 79 120 91 14 96 165 117 40 94 172 188 111 106 15 148 149 124 59 151 193 92 168 167 85 189 185 182 22 69 17 11 82 134 49 16 190 118 164 26 
193 190 157 114 172 169 119 174 165 14 78 87 195 81 84 154 136 11 152 68 116 37 72 13 57 118 110 64 90 17 85 53 170 109 179 129 197 38 71 24 185 50 153 47 160 115 117 142 137 60 55 181 99 54 92 59 166 188 140 65 93 105 46 161 35 61 25 128 196 49 23 62 101 158 4 12 9 56 182 104 97 79 199 171 155 40 189 163 5 88 156 151 
89 176 58 186 85 23 33 142 77 188 96 143 43 131 86 50 105 56 98 122 95 79 104 4 121 112 199 127 27 99 157 161 38 185 156 173 91 6 135 195 64 180 151 87 140 67 187 37 114 10 169 196 179 119 73 76 194 22 25 66 154 31 120 92 198 34 84 163 71 93 138 117 168 182 8 136 36 152 164 191 17 44 7 111 108 46 72 110 109 20 193 
176 69 39 102 119 123 86 11 121 45 49 179 147 187 146 81 90 41 56 93 177 82 2 37 50 8 77 195 26 51 27 130 13 165 10 21 101 192 142 137 180 97 159 131 182 144 114 76 129 116 125 85 166 23 14 30 99 52 156 133 64 104 1 72 44 61 33 199 48 42 71 157 154 186 174 67 117 193 167 4 95 34 98 105 36 190 173 20 79 59 191 70 158 92 200 31 47 140 115 120 175 110 74 88 
168 106 79 174 26 15 12 89 172 181 28 110 127 117 16 9 25 179 131 44 161 157 182 57 82 158 140 187 69 31 35 195 88 98 80 30 118 47 141 128 91 49 173 105 125 146 154 36 4 190 184 99 23 56 78 76 136 59 167 14 178 108 103 27 11 147 102 90 65 151 193 170 200 120 20 24 8 96 53 55 81 74 37 86 29 13 104 171 144 10 196 166 112 116 155 186 189 64 45 40 143 135 165 148 19 109 54 192 153 70 51 
71 19 36 41 175 26 56 192 107 53 24 116 87 106 117 65 165 188 37 14 156 77 43 28 67 7 84 125 42 60 177 120 178 168 141 185 72 8 3 75 89 98 64 74 111 9 30 13 69 5 34 47 122 140 194 46 40 128 78 196 12 172 150 199 162 126 76 58 80 195 25 61 23 73 115 163 33 45 149 91 39 2 90 96 113 137 158 190 31 44 59 186 68 79 147 164 179 102 18 52 146 97 1 121 
6 53 10 109 2 141 171 191 115 74 72 161 76 128 164 124 131 147 129 119 54 137 175 153 187 98 145 154 183 101 122 81 152 60 111 135 35 177 45 149 38 160 162 51 84 127 62 43 57 95 27 118 22 28 133 85 46 182 188 59 134 77 40 199 52 158 9 64 167 97 47 44 146 102 99 150 16 34 33 200 116 32 11 73 14 105 156 87 68 168 88 
106 9 99 128 130 114 125 53 94 187 139 38 71 129 156 134 184 173 41 40 48 178 27 37 161 117 45 162 157 131 84 182 166 164 65 148 60 141 91 192 191 1 179 188 126 118 105 30 174 97 121 172 67 109 32 193 132 145 62 176 24 50 96 133 143 183 108 87 77 150 20 137 101 163 180 122 16 90 14 113 35 80 82 185 6 186 119 61 177 200 13 199 44 144 78 169 19 25 
17 142 86 73 95 116 132 40 92 195 15 197 173 5 137 74 70 192 133 53 46 8 82 27 6 135 62 69 147 59 99 164 198 12 103 100 148 175 64 170 25 80 9 18 153 90 76 26 159 42 98 28 196 45 29 68 140 191 105 75 35 187 31 190 185 144 77 36 161 155 7 22 49 151 43 24 194 81 141 37 21 180 106 71 41 176 66 19 130 181 169 111 193 143 88 47 179 121 61 128 172 182 93 
71 191 198 10 60 163 158 16 23 29 36 91 135 141 153 75 12 49 37 177 87 121 173 136 161 80 186 154 182 145 55 193 85 78 170 109 94 164 169 95 30 113 132 138 128 50 69 20 54 84 39 139 127 74 134 149 171 148 168 22 196 8 150 57 142 105 14 156 61 123 86 181 48 188 25 93 137 76 189 104 172 18 129 167 176 162 175 7 155 72 131 56 70 52 140 21 89 34 157 24 151 26 199 178 66 130 
110 34 81 94 75 101 170 197 125 58 9 159 5 19 90 169 71 103 16 79 155 144 172 198 162 177 80 10 151 102 35 56 85 167 74 29 122 124 100 24 7 86 53 115 127 153 50 55 69 37 32 6 18 43 199 63 64 130 107 92 38 157 13 42 117 72 105 44 135 180 93 78 83 132 46 88 191 148 156 166 181 114 147 142 96 45 91 141 164 175 
123 129 181 10 104 84 182 22 75 65 38 105 15 152 74 57 126 193 183 96 177 111 144 145 131 14 192 34 170 92 102 11 76 33 94 179 50 64 77 23 176 197 140 163 29 160 148 139 199 114 47 103 89 115 51 159 18 174 190 49 16 72 175 187 165 130 44 35 166 91 127 136 185 13 135 82 1 80 196 67 26 142 138 101 178 52 87 90 61 59 146 189 4 62 173 95 53 68 83 
192 11 137 170 149 135 69 26 159 102 87 40 14 49 15 64 123 161 12 54 25 144 187 36 28 116 193 19 56 42 105 118 124 39 4 67 58 132 184 34 169 174 31 138 24 78 191 133 104 160 168 20 119 189 147 98 143 6 131 72 59 79 195 9 190 48 151 115 44 16 21 162 127 166 103 128 51 156 88 96 7 182 43 175 47 165 3 194 199 106 27 57 130 84 158 52 
71 181 91 143 45 175 9 174 145 179 131 33 167 200 53 128 191 64 86 32 30 182 65 164 159 94 121 54 46 176 2 160 124 116 55 22 196 56 44 195 80 27 3 135 34 4 172 161 28 95 35 57 13 99 115 149 50 89 165 130 6 194 7 139 38 78 156 40 173 48 42 185 41 147 98 24 151 49 132 190 157 186 37 84 137 8 140 19 62 197 76 155 180 88 125 61 87 
99 9 117 14 177 17 98 143 160 74 29 93 80 94 119 25 155 30 75 24 18 187 178 161 173 158 68 4 186 47 87 19 109 40 171 21 58 120 146 38 170 67 190 64 42 129 15 82 104 59 28 46 175 162 39 174 193 11 112 195 57 20 91 61 140 180 79 157 45 31 113 125 7 84 127 141 54 81 35 100 168 83 116 77 139 148 73 151 167 86 150 33 85 194 92 135 152 27 26 165 137 
84 105 127 2 173 106 152 181 63 62 98 14 99 47 141 200 45 146 78 92 118 40 9 96 25 168 65 182 185 7 28 67 52 54 122 170 100 81 150 83 55 154 27 151 56 108 191 29 87 51 5 70 180 120 130 43 128 178 184 195 136 133 10 167 112 16 34 171 165 163 37 77 85 59 139 156 30 183 6 19 158 75 131 160 31 147 42 68 137 39 38 172 155 113 142 166 11 18 88 80 149 114 
167 174 156 5 162 151 4 63 45 199 124 105 79 57 148 99 149 168 114 44 89 69 38 33 48 102 181 171 100 195 141 73 56 193 131 187 188 87 91 72 90 173 192 175 49 17 147 10 84 24 43 82 81 160 121 186 130 112 138 118 8 2 62 50 189 97 197 136 6 120 59 113 170 61 26 55 78 184 157 92 109 30 140 145 194 185 107 9 42 154 146 198 134 127 67 200 54 35 76 20 
31 184 90 50 79 153 192 106 71 120 138 179 95 140 89 25 182 119 170 92 20 164 35 135 132 163 198 172 8 159 1 177 11 32 126 96 98 155 141 58 176 99 42 97 46 33 84 187 200 91 3 54 128 123 171 45 127 109 52 190 61 160 143 108 154 17 189 37 23 186 131 148 191 145 22 174 88 9 10 166 100 4 6 125 34 86 87 103 41 196 59 137 66 80 117 24 183 156 94 110 85 57 26 104 83 124 
72 95 100 199 160 132 93 51 63 47 68 146 61 175 170 150 43 62 48 117 10 118 46 74 124 151 88 35 197 108 125 167 50 80 173 107 105 92 67 178 29 31 168 87 39 57 23 28 73 121 71 83 200 198 17 136 179 4 162 188 183 8 130 123 165 161 192 103 115 113 16 27 139 187 84 185 114 5 45 147 54 184 131 181 129 166 145 144 41 159 138 110 96 9 190 44 149 78 193 
8 54 42 183 194 174 165 49 169 168 45 27 29 192 140 37 82 161 195 179 139 173 63 128 39 73 106 118 74 144 14 77 146 109 112 184 197 7 36 32 104 171 158 124 57 115 66 34 113 125 188 25 56 87 175 131 120 6 129 198 33 181 72 69 48 170 199 116 83 71 127 98 43 76 44 152 93 150 50 126 1 130 80 24 62 156 196 145 178 114 11 23 121 86 164 117 
86 103 149 22 119 190 144 113 188 8 174 33 84 171 148 69 95 128 135 165 90 155 127 58 185 177 168 141 17 175 122 61 65 137 179 37 63 105 28 26 88 21 195 106 194 92 49 169 180 166 114 150 54 110 15 193 35 125 156 32 124 115 11 152 123 79 66 39 4 53 67 87 44 117 62 30 140 34 173 111 45 189 31 12 139 41 
127 44 143 60 166 59 22 196 95 69 26 172 184 66 151 161 62 20 4 134 150 17 180 129 107 115 50 40 8 43 33 89 39 6 119 94 82 155 58 187 87 190 199 117 32 144 97 79 120 193 177 7 111 141 41 90 182 54 135 45 131 122 167 11 118 84 9 145 81 28 70 24 68 61 92 148 173 53 2 153 178 105 197 102 159 104 198 186 74 
185 63 128 179 196 79 54 155 159 91 161 113 133 194 69 60 139 127 90 130 187 77 24 98 164 87 12 112 117 53 16 105 37 129 70 40 140 80 165 131 67 173 5 123 35 43 8 58 169 144 142 3 120 45 89 182 38 92 192 68 171 82 177 183 14 188 170 22 157 135 73 81 186 17 41 46 108 106 121 115 189 197 180 
182 147 53 7 117 195 19 34 1 185 47 50 63 86 72 120 57 44 123 17 198 118 174 173 9 156 85 25 20 136 79 67 141 45 115 5 142 199 27 51 49 76 40 109 126 99 164 148 163 93 96 70 154 184 145 177 82 139 94 73 78 16 143 33 66 88 23 41 197 114 58 90 52 113 180 128 46 108 29 133 150 132 168 26 11 21 188 200 122 4 30 127 196 43 119 134 15 160 
119 59 81 146 82 182 70 143 47 180 31 63 104 62 115 188 186 145 45 196 129 107 50 46 159 183 15 170 158 124 137 174 49 136 117 103 44 123 87 120 54 131 6 52 122 190 38 127 110 102 28 121 40 140 141 156 133 116 36 193 30 32 92 21 161 74 169 134 139 12 192 198 69 90 41 2 77 125 61 114 88 18 55 173 142 25 57 135 165 39 43 4 195 179 60 17 22 
151 184 40 125 64 97 73 58 14 93 149 148 83 155 68 188 130 189 180 80 177 106 29 30 57 192 27 10 54 9 86 110 42 103 163 60 84 81 139 181 167 104 190 7 87 52 24 12 198 169 22 102 56 8 61 135 70 182 141 78 168 46 157 39 17 107 55 108 32 185 59 158 43 170 114 178 71 152 156 11 147 187 171 20 199 2 154 47 65 196 191 95 183 186 26 111 82 119 
42 6 95 90 30 120 41 149 91 78 191 121 184 104 56 11 157 160 45 16 61 112 103 52 111 12 8 20 168 166 159 170 3 146 85 9 89 136 167 19 107 98 115 62 25 38 194 171 140 190 50 10 117 83 48 23 53 113 180 169 187 82 88 173 46 13 33 200 182 106 122 137 58 86 153 1 108 81 70 151 133 163 181 71 199 55 72 148 99 195 14 161 129 29 119 4 124 
151 192 98 107 41 199 189 82 28 117 22 89 48 118 194 181 79 43 162 126 165 5 175 27 166 69 196 158 100 120 67 135 112 34 176 153 182 60 138 123 57 1 32 179 156 173 121 12 56 109 172 93 53 42 187 52 198 49 146 2 184 108 101 99 61 40 170 188 191 111 63 167 122 65 94 7 83 33 35 85 91 4 87 180 114 8 110 139 185 21 86 106 81 149 50 64 133 136 200 59 161 62 16 47 
159 183 70 26 49 178 133 107 4 11 36 91 180 66 9 40 135 93 35 19 34 29 1 181 112 96 200 92 144 142 177 101 77 102 146 163 157 160 65 62 118 195 88 14 167 171 187 154 84 123 67 57 168 64 12 61 185 186 121 141 83 32 94 188 196 10 69 7 143 199 24 68 48 155 175 31 132 139 161 89 165 179 192 21 54 43 145 47 18 166 100 136 
54 98 133 199 144 110 115 45 78 102 91 86 2 33 119 27 169 9 146 134 95 191 39 125 148 22 157 19 48 124 88 89 114 121 131 1 171 112 35 24 196 141 142 122 166 85 153 164 92 34 81 108 173 59 129 163 149 193 175 181 138 71 109 186 190 150 111 107 23 93 135 136 130 188 105 195 29 90 80 159 38 65 128 77 106 155 137 28 132 57 
174 92 161 126 37 13 52 178 11 135 4 28 60 121 1 184 88 77 85 49 16 111 160 180 183 33 168 29 64 197 19 22 43 157 14 176 148 40 89 116 26 36 182 2 78 164 109 18 106 42 69 9 32 15 104 21 23 147 70 152 103 156 187 56 83 129 189 48 57 136 162 27 167 179 7 54 76 68 55 153 123 170 196 95 146 130 94 45 133 58 165 141 25 74 127 134 61 71 139 177 124 149 144 166 107 10 115 6 171 100 
7 23 187 194 100 154 52 141 33 162 64 108 15 145 31 198 117 178 62 153 67 161 164 132 60 111 38 95 142 1 135 195 74 169 188 183 73 5 91 127 170 112 89 167 94 156 50 47 185 149 20 151 42 87 77 168 109 121 146 21 57 165 171 69 85 124 189 79 83 113 2 40 181 59 129 71 114 136 105 166 134 55 63 17 22 32 174 43 90 46 86 152 35 137 80 41 54 45 175 143 102 12 16 173 190 196 
40 34 3 139 45 190 170 158 46 134 114 188 61 159 49 115 125 69 173 51 62 73 39 195 83 184 85 29 124 160 140 19 181 10 144 148 146 127 17 25 48 122 27 8 4 52 180 54 162 186 200 16 70 59 177 197 30 111 147 55 163 47 103 154 13 128 175 145 66 28 1 164 143 105 189 183 138 37 92 107 53 129 157 166 88 41 104 42 82 63 121 156 33 109 71 102 153 110 79 93 36 132 38 90 137 112 131 142 168 91 
173 118 147 159 27 193 125 142 71 63 124 166 139 59 123 4 132 48 112 44 73 199 115 16 140 90 77 69 6 61 119 33 52 46 20 97 136 29 149 58 37 31 195 191 158 116 68 67 5 82 24 177 120 7 96 157 34 86 78 26 196 198 183 162 126 91 40 169 50 95 135 55 117 151 107 178 64 60 150 22 47 114 104 93 176 14 179 101 41 167 38 30 110 131 187 42 134 106 
76 193 98 196 146 127 168 27 13 128 187 60 150 165 17 38 16 186 117 180 81 141 124 147 194 148 169 183 18 83 33 152 80 68 95 197 108 61 111 190 112 65 73 32 3 93 43 84 189 44 66 29 138 90 23 71 120 151 5 172 94 166 140 167 48 114 139 115 79 176 64 155 1 47 37 132 74 103 53 62 136 30 184 20 109 51 31 14 191 164 36 46 
7 142 83 170 198 41 60 159 143 59 76 79 53 75 65 115 171 9 180 155 62 111 129 52 193 174 108 156 144 37 105 128 176 118 112 49 145 137 191 97 141 181 106 167 131 161 184 5 32 116 196 22 195 46 69 82 8 153 44 146 130 99 50 2 175 197 121 134 13 45 100 3 87 139 91 28 23 154 135 165 148 110 80 189 6 152 147 169 
71 5 147 52 64 3 44 127 164 146 82 55 199 59 54 75 29 14 76 19 85 117 10 51 88 32 140 8 193 98 177 170 107 22 80 35 58 73 122 101 106 157 18 7 36 118 70 121 176 62 192 165 197 149 200 166 94 38 48 21 31 195 160 194 40 178 77 61 105 114 53 120 25 17 162 39 145 119 42 41 108 63 83 74 43 134 138 45 174 112 100 1 128 104 57 144 16 
188 159 193 6 92 176 192 105 5 7 31 40 98 161 138 70 137 113 15 84 153 4 126 194 164 61 144 190 75 167 73 112 102 51 142 54 135 186 76 52 93 86 107 127 95 133 180 117 108 50 46 174 195 20 106 74 151 191 157 121 1 27 185 168 120 145 91 134 35 101 24 169 189 88 68 154 132 62 25 56 44 60 181 150 16 63 26 33 166 30 81 17 163 
35 150 24 39 135 93 69 13 115 187 21 44 186 181 193 133 125 167 148 176 184 95 38 99 162 23 74 4 194 146 131 179 76 10 138 156 149 18 180 7 198 56 158 86 105 197 5 153 29 137 165 71 87 121 111 132 58 30 142 140 57 169 188 118 178 3 107 189 174 200 8 12 6 129 19 170 25 73 147 155 145 168 75 32 196 52 160 
16 192 137 124 56 138 179 188 100 196 14 185 146 122 142 43 8 119 82 99 52 36 109 92 58 77 112 140 37 90 110 12 163 40 169 34 155 176 107 105 133 39 102 108 94 189 60 118 29 54 48 71 190 21 32 81 55 38 61 125 200 186 136 174 98 104 97 63 145 197 103 5 171 27 84 194 170 49 111 70 20 165 187 128 46 120 154 175 66 
3 58 136 197 64 20 41 29 37 124 137 132 40 108 183 57 190 189 68 192 17 93 69 122 160 179 152 92 162 168 47 67 129 63 138 8 170 127 158 131 89 80 14 71 72 154 96 25 185 95 9 4 120 186 150 74 107 50 176 11 105 103 200 117 52 2 43 123 66 77 111 38 46 134 188 53 87 100 130 82 51 110 161 73 42 151 166 5 156 59 97 30 163 155 180 35 94 165 101 172 178 195 146 145 70 
27 97 7 47 143 112 192 126 167 48 17 109 168 67 9 39 139 70 60 180 183 142 156 94 130 191 13 35 4 44 107 31 91 119 21 95 89 131 16 177 74 173 57 128 2 102 10 199 59 151 120 76 197 75 41 137 178 172 148 118 161 30 155 114 33 68 106 79 71 123 200 26 5 86 54 110 146 63 34 22 45 12 14 117 84 157 99 36 196 150 1 145 61 62 38 188 15 171 29 55 190 154 
63 100 128 49 44 150 145 141 146 19 95 136 152 23 30 175 15 110 161 139 51 193 4 189 14 29 123 149 99 199 11 129 117 176 80 187 16 24 186 194 165 192 133 88 190 59 6 101 13 195 31 74 118 103 86 135 73 34 188 56 169 66 107 41 144 58 17 60 67 72 87 158 163 46 143 98 84 154 172 91 155 168 113 96 167 162 173 198 97 104 65 22 36 106 38 137 
37 69 71 181 91 41 109 126 63 198 26 141 29 92 123 176 43 85 59 33 177 50 135 44 57 24 139 97 136 64 185 99 110 117 100 193 104 81 65 160 145 62 70 105 82 66 83 129 47 6 187 107 163 94 11 173 45 90 170 28 189 106 197 13 88 175 101 184 121 77 5 20 30 120 179 128 137 21 112 67 162 27 186 80 58 159 132 16 49 14 168 53 149 188 42 103 17 9 154 133 79 76 148 147 8 95 144 2 183 18 143 
141 196 83 25 26 161 152 76 3 186 171 46 72 157 70 126 131 38 119 169 184 49 56 128 149 31 177 44 58 96 195 36 153 35 147 105 43 37 111 41 45 142 172 50 23 39 69 139 182 116 10 148 163 62 173 8 15 106 191 20 98 34 121 143 174 40 100 190 95 86 160 125 117 51 122 164 150 65 97 138 61 155 77 120 101 27 199 189 52 151 19 16 
110 52 23 91 180 116 58 194 163 140 138 184 177 74 72 29 35 66 68 11 156 143 94 131 88 193 118 41 67 170 111 46 186 200 86 36 27 115 12 144 20 136 54 100 15 126 1 182 56 71 181 172 130 96 82 65 154 146 166 76 17 49 175 171 25 125 199 112 174 42 48 60 30 75 103 78 38 178 169 95 114 5 14 7 191 152 127 26 43 50 117 55 44 6 19 
16 55 29 188 159 141 25 52 189 56 77 54 49 171 65 195 82 166 125 176 26 34 64 160 36 170 88 182 121 194 164 19 81 4 28 184 5 104 60 20 94 75 32 120 97 138 187 174 144 163 7 38 111 162 180 137 37 124 2 13 74 15 192 71 155 156 23 118 128 9 165 198 199 58 95 142 76 112 57 119 83 109 123 86 117 21 186 11 
1 136 115 130 68 178 162 109 125 193 171 72 116 69 195 179 90 4 197 94 81 34 172 24 39 191 62 101 187 200 97 126 23 25 131 67 84 46 55 100 102 170 51 189 71 80 37 105 112 138 57 121 48 176 96 19 123 164 13 119 79 174 141 22 86 160 38 110 35 28 54 113 65 139 117 2 8 155 49 75 152 154 92 52 53 158 168 5 108 15 32 163 99 56 196 16 118 36 169 98 190 
118 87 154 49 23 17 19 103 135 116 75 197 34 24 168 70 198 156 92 29 163 127 45 128 165 54 140 115 57 43 158 173 104 143 133 90 150 18 76 142 112 151 32 106 182 184 52 89 69 97 5 7 61 60 2 148 71 77 144 80 31 67 85 190 178 81 37 62 55 114 162 119 35 64 40 160 164 161 155 186 72 121 130 27 145 117 99 137 194 172 122 131 73 152 170 111 4 138 
20 43 102 79 161 66 47 131 37 101 21 55 117 52 105 50 61 144 89 96 174 169 40 95 71 15 108 94 97 2 112 125 130 17 103 183 54 91 32 166 199 100 82 88 114 83 160 77 119 78 75 120 72 159 141 28 151 58 14 129 23 123 163 74 56 195 93 136 87 152 175 127 76 53 186 60 134 180 36 156 24 142 128 168 126 12 198 59 164 8 69 63 11 190 189 185 38 176 
127 136 26 134 73 10 64 147 35 66 142 181 62 59 135 165 126 83 161 171 90 180 168 14 6 174 53 146 182 124 30 31 152 72 122 104 164 143 28 75 29 39 81 106 153 199 133 190 200 8 9 42 33 173 43 55 51 5 148 183 120 115 100 77 151 128 86 132 187 78 97 178 125 45 172 184 158 65 162 99 56 105 54 38 79 82 57 117 
151 7 95 154 86 11 171 152 44 161 103 184 131 106 140 111 64 146 51 80 82 74 198 27 149 118 4 110 10 58 50 56 76 180 20 21 129 102 181 101 147 13 186 132 112 162 97 42 172 164 99 160 53 163 84 75 153 88 36 115 116 78 200 123 77 196 150 145 66 120 57 143 16 29 130 62 185 65 63 122 189 174 159 40 81 26 18 195 107 121 108 113 135 15 
97 4 120 165 173 49 72 48 40 172 185 186 107 167 170 122 99 187 198 112 53 62 93 38 160 155 47 78 168 89 153 54 41 79 91 197 127 188 194 28 57 149 126 195 13 102 74 31 92 25 35 150 7 67 19 169 114 58 14 181 171 105 139 163 180 101 96 110 183 144 11 121 44 124 59 60 90 56 42 29 174 154 136 50 37 86 55 85 32 69 146 66 161 18 61 15 133 108 156 104 
45 94 104 51 150 84 171 109 103 163 183 72 97 149 67 179 63 195 47 6 197 2 108 153 34 105 111 187 192 85 27 157 87 3 131 26 56 13 78 10 132 70 169 134 23 122 81 35 4 117 92 161 116 123 176 113 156 145 175 135 181 24 93 142 102 68 112 130 184 86 32 28 174 159 83 11 137 39 18 96 119 14 98 77 50 21 54 196 19 69 95 66 147 33 118 40 177 48 
48 177 120 27 180 72 190 43 69 147 152 191 112 24 38 96 148 45 50 193 125 52 16 200 51 21 75 196 157 150 23 167 173 42 129 137 189 169 46 117 164 5 97 18 65 119 123 158 161 62 194 141 71 40 138 159 70 127 136 20 79 172 184 91 111 56 58 78 170 103 44 166 126 116 15 90 99 110 162 77 89 168 187 39 134 47 35 179 188 54 183 121 156 98 151 8 182 132 59 36 22 11 
102 88 170 105 17 95 138 42 69 168 38 200 23 45 43 57 174 84 159 146 144 90 85 41 55 4 78 130 10 58 34 80 81 75 67 154 59 171 21 18 190 96 64 100 14 8 35 87 165 109 150 119 101 180 116 112 20 54 27 156 181 111 62 123 48 79 49 199 6 46 13 157 129 74 33 139 133 197 92 178 136 132 11 172 66 31 22 173 32 131 120 175 183 24 
170 197 167 109 2 91 20 23 183 54 16 13 17 49 152 153 65 134 107 78 118 92 74 64 123 79 185 164 48 52 193 40 108 14 27 38 57 117 99 172 190 10 68 46 18 69 15 110 155 125 73 76 51 179 195 130 42 37 62 188 70 186 191 192 98 67 124 95 116 154 100 21 81 56 3 60 145 33 180 131 150 174 77 31 8 159 22 168 96 63 136 171 36 82 140 120 80 163 106 198 158 19 146 156 162 75 143 59 200 137 133 166 182 47 
188 123 176 68 162 17 23 112 125 95 97 168 126 107 73 159 26 60 77 11 151 43 15 28 136 111 170 181 158 35 177 164 171 38 160 130 156 50 30 196 104 179 150 62 131 24 81 101 39 183 67 161 2 163 47 70 120 55 141 94 76 31 106 129 44 139 25 86 18 195 5 109 105 124 119 116 57 169 21 14 149 80 186 41 36 63 200 45 128 190 88 152 27 172 85 144 69 99 52 199 191 61 127 
30 104 57 188 128 42 191 37 107 198 166 4 150 129 15 195 119 5 9 183 43 80 161 189 106 74 88 92 65 140 124 6 39 123 138 44 114 31 139 117 200 86 59 3 193 99 197 68 46 174 12 82 148 8 118 93 122 87 77 91 120 63 126 151 112 78 81 127 67 115 2 130 158 180 36 66 133 181 23 73 144 102 199 70 164 18 187 162 94 116 38 29 52 103 55 167 169 75 72 35 20 143 
57 156 61 28 30 195 91 187 15 172 150 46 131 165 49 80 141 35 14 139 24 76 58 5 1 178 94 121 103 173 42 86 67 71 142 120 124 166 163 68 126 118 33 82 200 62 122 12 87 100 36 8 29 183 123 44 184 74 81 84 153 93 6 39 132 13 199 138 96 192 186 4 83 106 176 197 72 98 60 38 27 75 55 7 101 170 3 190 26 113 111 104 17 54 41 92 194 77 169 148 19 185 79 
102 159 65 169 161 187 194 40 129 42 105 61 17 131 192 196 167 126 36 104 78 162 3 178 172 73 44 53 64 136 168 82 84 23 120 39 155 171 138 97 109 1 191 92 180 147 95 20 184 114 14 152 113 9 59 43 72 88 79 30 96 176 149 111 175 68 19 122 98 157 117 123 156 174 74 45 32 25 41 108 158 186 35 67 132 24 5 146 51 29 21 200 118 83 56 173 142 181 87 28 55 198 185 150 99 15 4 81 
108 192 191 121 186 46 63 178 175 194 29 131 184 145 160 117 38 189 56 193 3 94 4 47 140 100 114 25 26 40 162 163 126 177 86 104 118 73 72 77 23 32 67 106 2 76 50 78 59 87 88 35 97 164 84 42 93 196 119 183 7 139 5 132 71 141 103 154 101 79 173 150 130 124 148 34 113 157 39 81 151 170 181 75 18 41 45 62 115 176 24 15 
107 189 21 70 45 108 130 166 16 162 148 4 81 141 149 192 117 44 132 121 195 80 174 51 125 103 25 194 33 7 154 106 28 8 128 94 139 50 46 97 144 95 179 14 129 126 165 109 84 9 136 47 35 190 177 29 86 37 140 69 191 152 164 18 185 20 171 111 71 175 10 36 60 143 153 182 147 200 82 64 3 142 73 145 74 102 31 26 146 183 160 122 15 93 
109 128 30 83 52 92 132 152 96 121 49 98 129 184 36 24 161 79 46 41 104 101 69 199 122 125 186 22 43 181 176 58 106 80 9 21 100 145 146 74 72 75 195 89 113 90 198 138 164 37 177 136 187 64 76 139 39 19 149 88 165 191 35 16 29 163 61 162 13 55 119 137 175 170 174 142 1 189 10 14 45 7 15 97 42 180 86 23 38 171 56 157 103 102 179 3 28 115 114 185 188 81 
123 55 60 69 188 196 142 79 81 136 194 197 90 39 36 118 139 11 128 133 158 44 40 58 135 172 33 24 180 107 145 28 153 163 160 82 6 174 94 138 89 166 179 3 195 18 78 38 132 130 150 199 168 57 42 185 7 68 108 198 144 70 186 62 164 161 148 151 175 86 87 73 46 5 119 99 103 51 122 102 9 31 113 65 59 43 187 41 162 176 32 34 23 137 
190 98 105 178 57 39 6 18 150 167 144 53 15 152 1 4 125 126 132 34 94 81 188 117 33 181 49 25 85 174 192 92 68 119 157 40 47 123 83 163 189 60 161 65 118 35 58 14 36 20 30 115 169 89 147 138 109 140 7 74 183 96 67 154 48 120 156 141 61 162 139 45 64 195 50 114 78 194 72 82 22 86 97 
197 200 155 43 164 161 97 181 89 37 38 116 65 105 180 130 60 51 86 66 20 47 166 123 54 91 133 49 77 183 120 198 14 64 171 59 28 179 184 16 10 11 70 80 187 85 8 41 174 90 127 169 113 176 44 55 69 92 78 129 50 30 178 150 143 189 173 103 40 177 140 167 57 111 135 159 128 71 7 144 104 191 136 131 15 139 18 172 94 52 39 3 82 27 119 42 153 168 185 149 156 4 125 
20 186 69 117 44 34 105 110 126 184 79 13 127 81 132 63 89 160 154 179 58 103 96 21 29 5 130 23 43 123 12 102 35 31 175 122 176 76 136 135 113 1 97 128 140 129 157 30 45 65 87 161 57 47 82 49 199 190 158 178 24 187 64 185 168 26 144 2 51 189 101 54 41 25 22 174 7 4 56 173 109 195 77 84 148 98 15 92 163 159 183 33 73 192 28 167 134 108 191 116 8 16 39 66 
2 184 133 118 100 197 123 171 77 38 17 147 91 101 60 140 64 166 4 12 113 16 22 174 161 183 120 126 153 112 169 98 55 186 144 167 143 95 141 69 97 89 31 105 81 90 158 160 5 18 11 178 107 168 172 29 154 48 26 111 94 119 134 136 75 198 57 82 67 20 40 1 176 185 129 74 80 199 46 3 145 49 193 142 32 66 84 63 8 115 39 93 103 148 19 104 200 128 61 108 137 7 188 78 
104 16 110 74 114 91 200 182 149 70 31 55 169 48 81 72 25 23 192 34 66 22 180 121 82 90 170 11 40 97 101 9 42 194 186 39 142 190 167 6 95 102 62 125 195 199 59 57 193 32 43 15 120 187 26 132 29 21 143 87 164 83 117 153 181 171 28 89 162 78 85 3 141 129 177 30 27 51 124 18 151 160 92 118 155 185 166 79 116 8 73 174 75 113 98 148 159 13 
130 14 152 60 170 193 71 166 57 77 107 178 186 48 76 64 115 93 80 12 54 94 49 121 135 144 19 78 146 138 189 81 155 92 11 10 112 180 196 16 43 128 89 185 66 70 142 74 113 91 83 182 88 165 42 156 148 97 41 100 103 27 183 136 22 191 177 145 18 120 20 2 7 68 163 197 38 126 102 
46 44 188 86 169 196 80 154 8 175 173 155 179 195 141 199 99 4 53 101 19 59 31 50 139 1 143 35 64 77 10 185 117 157 69 163 15 165 55 183 21 137 109 18 96 72 120 114 62 20 100 81 73 187 88 110 106 125 142 47 98 74 52 200 171 29 49 121 27 39 160 145 58 190 91 184 36 70 134 123 17 40 131 37 105 198 170 11 148 172 16 112 13 116 34 144 
102 25 134 89 28 156 6 135 2 31 63 101 77 128 137 155 26 74 139 136 32 45 140 179 124 175 104 64 49 20 132 30 22 131 56 8 180 190 169 163 27 36 33 116 37 35 126 79 81 51 171 66 94 60 168 149 152 23 118 159 70 145 150 187 192 61 99 157 106 12 120 65 103 73 84 42 87 114 186 170 10 44 13 24 105 188 195 100 111 
181 154 138 190 173 5 74 59 107 69 177 165 123 130 110 112 54 141 148 85 38 163 92 28 8 106 153 47 45 145 118 96 33 22 155 175 100 43 146 13 67 29 119 170 66 61 140 84 198 115 174 12 169 188 168 34 2 151 193 132 36 15 178 125 136 129 90 94 41 116 62 64 128 166 86 142 17 65 152 139 101 95 75 1 156 167 97 60 137 37 4 186 114 20 31 89 102 83 109 
118 178 58 192 54 68 94 12 177 148 136 81 157 115 1 145 9 24 10 20 64 104 76 151 57 186 19 84 66 88 152 135 200 98 138 102 172 195 128 43 130 87 106 139 185 120 153 23 97 180 146 134 86 72 41 131 14 174 27 121 124 75 149 93 100 2 52 26 181 78 80 5 13 184 82 71 190 119 144 198 29 63 17 11 95 42 67 142 85 150 126 16 
103 51 26 199 198 84 152 34 161 89 61 13 41 158 114 136 171 58 185 30 151 90 137 176 140 45 16 97 190 120 2 111 180 125 117 62 54 116 93 85 79 133 139 59 134 177 179 12 73 63 38 25 183 35 49 128 186 188 135 172 193 56 39 195 99 65 7 127 4 144 173 181 27 132 155 160 147 86 131 19 21 187 17 168 5 20 169 153 130 95 67 46 81 194 145 178 53 68 159 6 149 113 141 105 
187 2 78 149 25 22 29 46 144 125 73 146 183 200 51 177 17 138 50 11 132 157 97 135 56 122 181 40 111 166 198 26 194 86 172 90 151 67 150 21 98 152 110 79 174 134 49 105 14 175 39 107 80 101 88 95 77 145 76 43 30 168 48 119 9 188 136 120 94 10 117 45 70 195 42 16 60 118 96 184 142 176 82 32 170 93 124 81 199 35 154 186 139 137 
11 59 41 122 62 2 5 16 26 128 118 44 12 195 75 138 61 47 52 127 119 187 115 106 158 194 190 58 103 124 130 1 181 192 85 63 150 169 8 27 175 116 20 48 65 110 42 76 134 82 86 136 188 69 180 78 147 172 31 186 37 102 99 100 191 107 88 101 143 126 167 123 166 140 159 93 151 23 17 19 112 108 30 161 91 13 189 46 89 21 92 
118 84 116 12 92 43 58 60 39 144 52 196 158 122 15 177 83 120 150 176 119 193 80 17 142 74 64 18 54 200 28 81 50 194 165 174 108 91 197 38 182 35 87 98 184 109 75 134 78 186 152 198 103 3 30 124 25 66 31 147 105 99 53 33 57 106 199 115 128 48 114 146 168 56 42 164 125 19 95 46 67 1 157 49 24 100 40 161 179 9 89 133 20 156 82 195 63 72 22 137 71 154 117 121 44 178 
58 1 157 67 119 28 82 101 118 179 33 61 94 91 130 68 97 121 106 27 109 188 60 21 125 114 70 85 182 129 181 81 180 184 37 87 52 9 116 29 155 17 161 170 20 55 14 53 153 46 123 169 13 78 148 77 115 177 63 140 47 76 71 15 144 122 200 195 173 102 156 146 72 8 185 88 74 31 41 48 199 73 98 10 84 154 104 43 165 192 54 142 103 171 92 113 126 38 
58 26 126 156 120 83 180 140 135 38 65 145 13 43 54 171 80 106 142 166 129 130 199 41 188 28 79 61 45 76 103 92 10 160 78 97 66 184 84 113 122 163 37 87 75 174 50 15 155 94 6 108 77 81 30 88 18 136 154 8 119 118 17 32 49 161 52 90 111 71 93 44 104 148 60 175 102 191 73 177 152 116 114 29 42 22 100 128 107 143 125 33 195 39 131 164 181 138 137 40 190 12 144 
170 190 108 121 86 23 174 55 98 154 187 191 44 80 165 62 133 89 172 125 71 114 156 4 43 3 81 18 185 196 135 5 28 173 132 127 24 107 141 180 100 122 140 45 48 59 35 193 119 112 56 57 183 198 14 113 58 87 27 8 69 33 95 90 16 189 67 147 85 167 2 160 176 157 77 117 146 72 126 177 96 130 195 32 145 63 97 148 161 153 110 1 137 17 22 178 163 159 142 123 10 
22 47 136 113 164 171 142 183 195 65 167 147 187 190 134 8 175 4 126 110 81 184 161 181 115 145 38 71 29 52 157 135 16 97 127 54 39 99 36 88 151 104 73 77 43 120 100 144 87 149 107 15 50 69 174 28 44 42 89 133 92 5 196 96 128 53 17 159 160 37 112 124 131 140 102 106 192 176 169 179 118 60 34 103 123 68 105 3 63 49 158 62 13 172 194 46 84 80 114 173 198 72 74 78 143 41 119 98 18 
74 56 24 134 48 144 87 192 45 32 78 113 34 43 159 107 143 69 157 193 80 117 94 194 59 181 104 189 186 67 64 140 132 167 145 123 114 70 31 23 139 88 183 4 170 133 51 26 105 79 18 53 13 38 60 176 20 160 33 102 89 151 58 185 29 16 61 57 200 49 154 150 127 97 110 65 55 119 163 198 182 116 8 191 19 68 129 108 138 66 85 82 156 92 54 103 86 81 148 135 141 118 36 168 180 77 73 83 
25 5 170 122 82 8 59 139 42 48 142 56 93 136 17 67 85 140 132 27 88 97 69 174 95 197 184 74 38 46 39 41 73 89 65 30 133 128 156 66 147 130 51 187 163 152 198 145 26 58 185 37 55 28 40 165 159 175 11 169 76 87 144 36 101 148 143 52 164 9 83 193 154 44 47 96 103 190 72 68 92 6 183 109 135 191 162 16 98 115 21 63 129 176 138 105 
88 35 96 154 90 197 129 148 195 167 60 31 13 95 177 176 136 142 4 106 99 149 180 64 117 38 159 16 82 175 101 29 92 65 36 86 58 196 50 187 41 102 189 51 33 55 76 17 85 143 63 74 20 2 40 87 199 57 11 185 18 130 80 147 188 24 107 110 103 183 140 104 161 120 186 193 77 91 155 190 67 5 73 111 69 54 194 108 119 71 131 121 25 163 132 112 109 26 97 169 52 170 115 114 138 
59 150 139 164 107 151 156 186 79 191 100 25 123 170 157 101 8 66 74 143 187 64 102 197 11 184 138 126 20 155 134 30 119 168 161 72 133 132 111 104 124 125 39 198 57 182 42 18 89 166 195 196 144 162 35 169 55 95 181 34 5 172 70 21 146 92 1 40 148 31 69 78 85 14 52 82 81 24 68 99 49 153 141 91 23 105 10 112 188 127 87 6 137 135 33 77 86 152 65 140 9 200 176 180 154 118 108 2 27 
71 123 21 85 155 182 189 50 141 172 102 94 173 107 22 192 9 101 130 133 13 3 200 62 161 119 73 165 106 6 178 93 100 44 164 176 159 45 58 127 170 35 33 151 80 84 81 131 19 46 97 117 187 152 49 193 86 108 150 2 160 68 179 190 40 98 8 20 143 148 191 72 137 39 120 115 168 43 104 11 30 41 56 198 199 63 99 116 91 4 149 96 188 
85 97 62 123 151 169 180 182 196 175 9 79 194 52 163 122 190 15 69 31 127 188 121 74 68 101 164 193 27 155 149 46 95 24 126 131 170 51 75 6 20 145 156 19 125 59 43 7 148 61 191 88 63 172 16 96 1 30 48 152 154 130 47 124 200 128 173 23 83 178 90 12 105 135 118 185 42 99 77 33 49 45 71 70 141 166 65 41 171 115 174 34 91 147 134 137 
81 37 77 38 44 24 76 168 185 67 94 69 167 18 111 87 161 109 83 200 70 129 78 181 173 142 189 15 199 162 124 16 113 150 97 21 116 164 23 68 75 157 73 154 29 169 110 50 133 53 131 61 5 163 149 79 17 145 120 36 60 118 184 179 88 55 12 158 93 98 183 11 84 8 105 22 95 121 182 166 108 20 141 85 132 192 27 9 42 51 151 65 99 102 32 91 191 40 178 
31 64 135 32 136 133 16 166 196 116 17 119 93 180 36 8 30 161 184 149 58 95 175 20 187 185 200 85 129 138 194 76 11 109 193 176 1 179 148 59 56 147 52 5 182 154 197 181 162 74 103 28 155 22 6 10 121 9 40 38 106 97 18 12 158 107 63 42 169 66 143 46 3 62 33 126 195 99 124 183 128 44 4 113 189 86 37 188 102 41 163 156 92 153 47 118 49 77 15 75 50 68 177 
182 99 163 10 21 30 152 12 197 37 110 1 175 78 183 118 85 44 155 8 61 160 58 14 193 60 92 178 25 145 79 194 27 198 154 26 150 89 57 115 49 127 151 93 105 181 22 144 112 131 95 13 77 23 6 3 135 166 50 68 106 20 108 55 73 186 196 43 159 76 91 71 90 121 126 141 142 96 177 7 35 128 86 39 116 107 167 63 51 80 45 101 170 36 
133 43 17 81 125 118 158 90 157 128 110 50 67 140 171 138 111 139 74 102 70 83 113 29 59 60 71 33 146 34 178 77 187 55 91 167 41 123 22 84 44 48 176 66 95 57 173 96 30 26 47 144 137 82 13 142 163 10 109 108 197 200 69 23 162 195 151 165 37 80 185 194 21 63 160 25 198 116 45 169 129 28 53 35 148 126 72 122 115 112 2 199 186 120 152 154 101 1 168 191 75 98 143 103 85 86 114 174 54 64 58 32 134 
131 146 117 23 43 123 133 163 92 141 143 174 200 24 162 20 67 53 13 113 12 104 199 195 89 17 179 62 96 164 31 40 18 8 140 116 99 126 7 149 58 193 151 107 190 161 88 63 69 14 114 26 171 178 48 66 46 49 106 83 2 77 97 157 154 125 170 98 44 86 115 153 196 182 177 59 165 87 52 27 185 119 57 120 78 54 21 81 167 145 101 139 148 168 138 103 
109 24 188 171 49 37 178 39 92 77 18 59 166 191 74 48 100 157 91 70 94 53 142 113 55 136 72 25 84 19 57 134 144 81 32 73 200 192 112 56 38 17 1 196 115 80 44 101 167 174 7 111 88 185 189 35 96 78 177 83 2 6 198 89 132 181 150 103 76 179 105 195 175 62 15 90 86 12 110 97 176 14 58 158 99 114 138 118 133 3 95 52 
110 195 95 164 4 140 105 78 187 163 194 119 173 64 170 143 43 74 155 116 120 56 149 142 154 107 3 5 73 131 94 37 1 28 16 156 68 60 50 31 185 71 153 147 15 129 122 141 186 53 169 137 77 9 81 11 36 44 150 171 112 2 158 42 145 54 8 188 118 99 14 178 113 75 196 138 65 177 72 20 61 159 172 144 146 179 128 27 38 49 106 103 121 58 200 
136 77 5 74 172 58 59 95 132 190 106 80 186 36 177 23 147 166 49 72 50 67 105 151 141 68 18 120 19 118 30 148 162 60 156 11 26 154 100 81 149 192 75 142 109 45 159 62 92 44 138 6 133 33 64 114 185 70 69 76 131 37 43 104 123 178 40 103 164 78 35 134 28 51 115 168 111 196 56 31 41 84 155 15 139 53 113 54 88 167 170 174 122 107 7 126 39 32 191 24 
158 162 67 200 180 95 187 46 3 27 172 26 53 54 18 144 178 183 49 169 17 177 125 37 9 63 14 81 93 56 34 29 137 196 89 199 82 38 113 155 139 148 127 101 151 28 173 128 115 24 198 116 181 150 156 11 171 90 44 159 157 70 119 176 106 103 50 131 73 110 85 57 192 78 182 197 88 154 83 194 79 147 16 104 111 152 35 62 108 22 184 7 41 68 99 186 66 76 96 32 140 163 190 167 31 
196 197 4 17 122 110 37 179 183 82 185 151 125 55 102 112 42 70 65 68 15 95 155 173 189 194 27 3 60 157 101 91 171 149 25 120 33 133 166 188 116 140 56 187 137 90 46 105 30 128 156 145 158 47 18 35 152 162 130 117 174 127 45 104 58 71 161 144 126 131 21 160 199 10 109 49 92 2 79 48 180 113 11 139 136 164 78 97 50 184 147 39 93 57 163 31 165 69 62 134 148 76 132 190 
104 118 157 178 62 152 84 65 64 61 122 38 94 159 114 134 83 195 170 180 91 172 47 50 42 81 169 105 24 163 30 60 25 199 121 22 44 4 126 147 197 127 130 74 175 46 35 196 140 73 155 26 110 15 154 66 34 138 90 48 96 71 57 19 135 31 183 102 193 189 194 165 151 173 77 113 51 185 131 58 186 191 100 174 142 72 198 5 106 146 160 115 109 95 164 119 116 141 92 148 27 99 3 
151 186 153 62 183 90 87 61 66 120 65 24 84 110 160 39 163 106 10 18 43 164 68 146 37 175 167 119 88 176 129 13 31 152 97 173 200 70 178 51 72 27 126 165 145 174 107 117 50 17 14 36 134 95 32 128 125 140 23 191 58 142 48 55 113 94 182 71 85 130 45 115 89 49 21 2 144 112 75 111 56 76 197 156 67 159 86 127 73 168 93 30 104 4 161 8 108 131 57 116 26 195 
113 151 48 187 36 137 123 25 154 28 120 190 178 122 49 92 171 37 99 45 130 71 53 24 79 20 196 69 77 150 142 118 195 80 65 125 46 21 197 126 175 89 146 186 40 134 18 3 63 127 2 72 47 153 75 27 192 88 173 155 44 22 115 33 128 51 105 50 108 16 70 169 100 76 43 198 131 149 110 119 165 177 83 104 68 158 97 135 7 194 139 182 132 
125 170 29 181 132 27 36 76 47 91 160 172 23 119 99 39 147 144 127 129 87 135 142 101 150 5 112 169 130 48 14 159 114 143 184 199 193 120 46 92 62 16 66 2 117 176 109 67 12 186 108 30 58 43 161 93 105 185 165 60 145 51 102 173 34 128 70 138 28 72 189 31 175 75 65 136 35 113 168 155 196 15 44 88 163 74 100 200 157 194 32 45 192 89 55 82 96 10 153 6 137 122 20 106 57 42 162 84 
45 1 150 121 56 176 74 144 5 122 198 158 87 33 19 114 51 60 182 117 187 145 91 115 84 62 113 175 192 75 65 148 129 135 63 29 172 180 3 154 149 23 97 16 98 32 197 20 68 50 101 174 67 100 13 41 171 17 165 200 7 169 103 151 81 105 133 96 146 95 168 194 90 125 184 155 59 37 94 177 72 44 188 15 123 53 4 132 142 35 6 
84 80 162 171 144 141 43 48 46 129 190 184 67 20 153 64 95 165 185 85 13 105 99 10 91 82 45 96 160 175 24 12 116 21 39 52 127 70 47 130 26 124 112 93 88 170 157 115 199 36 148 110 189 54 53 31 49 177 92 147 134 87 58 34 194 195 37 104 25 15 106 1 4 193 113 100 128 107 33 27 28 57 149 77 56 167 155 191 150 182 38 125 
69 3 92 178 31 163 83 100 123 91 144 187 33 122 20 117 108 21 87 172 135 1 197 200 133 4 54 158 173 169 45 102 104 146 6 149 5 61 67 95 195 82 181 55 112 90 38 142 179 57 106 49 121 109 47 25 156 99 131 176 175 77 79 86 32 96 192 52 39 157 59 18 130 68 89 124 19 43 166 60 73 125 50 14 85 28 76 40 190 126 161 24 97 51 198 171 88 29 
192 107 18 101 3 34 31 71 153 186 66 50 126 149 80 130 152 165 119 90 170 47 24 53 142 32 108 166 28 51 114 38 125 87 115 22 100 104 187 63 157 178 124 110 171 81 37 183 179 82 1 64 41 78 195 163 48 6 4 58 191 102 40 93 147 176 74 133 33 27 200 164 43 136 88 8 96 180 173 65 122 134 59 29 52 70 55 148 189 127 9 150 7 20 30 16 140 57 35 190 15 185 
35 169 55 68 107 11 147 117 199 111 61 194 159 181 92 66 24 102 9 60 36 197 58 112 104 63 75 128 198 27 153 180 187 93 144 13 152 160 56 139 151 91 8 121 145 41 170 33 188 15 50 120 163 108 146 10 157 192 1 116 37 5 85 182 130 200 123 164 178 165 103 57 83 189 2 173 183 167 96 32 132 80 155 51 166 168 174 193 140 7 137 141 150 31 82 34 124 119 30 87 162 125 114 90 100 20 101 135 38 79 16 89 134 53 52 
169 145 132 3 60 101 105 27 74 170 142 38 174 127 118 85 149 71 173 51 111 123 69 21 113 97 158 35 110 190 61 30 126 119 186 8 159 107 41 189 176 166 116 182 77 183 73 87 90 43 184 46 11 29 54 65 10 117 78 33 19 178 63 135 59 93 122 179 47 185 148 79 80 48 52 89 49 197 139 23 141 24 12 92 121 13 109 44 53 81 152 200 115 99 129 9 181 96 112 187 
174 141 144 37 15 111 72 19 50 146 32 109 1 9 68 89 55 180 12 186 199 107 67 10 140 54 87 198 17 73 71 188 166 118 38 26 104 13 11 191 69 85 14 135 61 62 124 120 179 127 56 29 187 143 59 189 193 196 147 75 77 126 195 74 152 96 158 131 47 33 173 154 185 40 99 128 156 16 21 57 122 178 98 110 101 84 35 25 60 129 106 86 123 136 172 
90 197 104 200 191 56 137 81 96 134 163 6 51 61 65 123 126 72 175 170 98 13 55 189 130 180 48 131 121 37 119 12 136 106 11 179 115 182 35 140 5 52 97 69 60 58 23 199 154 88 1 57 112 21 9 31 33 14 148 64 152 66 109 86 195 172 139 156 74 36 39 82 44 10 174 84 105 161 26 146 159 54 164 187 4 171 162 41 111 8 113 49 25 193 169 144 185 107 59 151 166 
85 5 44 56 106 13 89 166 100 88 109 107 90 124 72 159 117 95 185 156 55 37 20 133 130 129 121 190 163 14 98 197 28 116 45 94 114 147 82 49 168 200 52 75 177 6 71 60 104 12 175 67 146 17 91 62 198 63 180 35 23 4 167 145 22 152 151 164 51 61 93 73 143 68 21 7 40 87 195 99 9 155 111 86 187 97 157 186 137 33 132 113 115 138 192 34 66 26 50 173 181 134 74 
65 156 183 154 6 57 95 176 146 53 15 193 115 26 13 114 82 162 2 147 67 175 185 34 166 120 71 129 83 194 76 144 11 8 92 10 47 78 148 195 91 69 28 139 196 142 111 127 167 188 101 41 106 171 198 150 138 104 18 181 103 105 177 75 70 159 84 135 37 164 22 94 143 157 86 20 116 63 7 29 178 73 199 36 87 62 3 72 88 128 5 145 59 182 190 133 174 68 16 50 191 126 45 180 17 124 40 