150
24 112 23 66 142 35 147 61 21 103 15 22 56 68 42 118 14 3 76 127 73 111 46 71 79 57 75 55 37 116 39 96 32 78 133 102 82 67 7 26 54 11 41 120 2 93 49 25 34 40 86 45 124 143 77 146 51 4 122 81 33 114 84 50 117 65 29 140 148 149 85 44 131 150 48 95 135 60 89 62 72 97 87 9 110 18 136 20 6 109 69 31 59 52 17 70 53 121 12 47 92 43 123 19 129 27 139 74 98 30 125 137 13 80 8 16 38 130 107 104 144 126 58 138 134 5 132 145 108 106 128 64 91 99 94 115 100 83 88 28 101 36 113 105 141 90 119 10 63 
35 126 105 145 34 125 78 95 118 89 119 20 94 129 75 76 42 23 67 106 11 143 36 138 83 30 104 12 31 44 51 140 6 113 101 22 68 79 53 73 17 123 10 21 131 65 46 88 135 103 98 108 117 54 39 43 121 40 60 1 142 3 69 19 137 13 99 136 141 28 48 124 9 74 115 85 59 5 70 8 58 122 4 120 63 62 80 112 45 130 146 127 107 148 29 97 133 57 139 27 82 41 116 14 84 18 149 90 96 47 24 77 71 92 134 128 16 66 147 144 52 61 114 81 132 110 49 50 32 37 91 33 55 109 72 100 111 26 93 38 25 150 15 64 86 56 102 87 7 
149 71 47 105 26 113 68 39 2 27 19 69 21 138 1 110 130 41 36 75 66 44 139 100 59 118 80 125 40 18 129 38 61 8 101 144 78 98 6 60 131 140 108 79 120 93 123 20 42 9 24 150 43 31 46 77 132 37 136 11 17 53 65 56 5 72 117 51 135 30 121 35 142 94 67 74 148 85 33 102 73 137 91 7 99 111 145 45 10 96 104 54 55 13 141 25 34 23 62 4 127 122 52 50 89 143 29 146 90 97 86 107 103 82 134 128 81 14 87 126 32 49 58 63 76 15 22 115 106 57 124 112 88 12 28 64 16 84 147 116 95 119 48 83 70 92 114 133 109 
44 81 132 51 7 97 41 106 47 28 15 126 86 112 76 33 99 72 24 111 12 70 78 124 145 75 17 138 135 39 61 120 9 68 59 67 55 66 98 71 143 26 93 141 91 119 56 90 1 23 80 101 69 148 27 42 50 131 10 103 136 125 34 118 35 134 18 137 95 11 102 64 87 100 123 73 77 147 105 63 37 140 115 49 113 40 133 128 150 82 48 114 79 43 74 146 109 58 149 88 92 62 8 46 21 5 38 25 32 36 19 116 29 96 89 14 94 144 31 139 52 107 65 142 2 104 121 110 57 16 30 20 108 22 54 127 122 3 13 129 6 85 84 53 45 60 83 130 117 
22 9 2 88 32 52 48 98 69 44 20 78 4 3 123 33 114 14 105 46 31 124 92 53 143 37 6 133 8 116 77 121 138 35 95 18 79 72 42 101 126 117 145 142 15 118 132 84 11 85 47 17 74 59 148 49 129 26 28 40 7 50 10 12 24 82 30 27 144 71 65 16 55 68 38 110 149 99 96 76 103 100 94 108 63 112 43 80 89 87 109 56 91 41 45 122 62 39 90 119 150 137 136 1 83 75 93 102 29 23 34 60 81 13 115 134 139 36 19 131 130 70 64 25 66 127 106 97 141 21 57 104 61 58 67 146 86 113 140 73 107 54 111 125 128 120 135 51 147 
38 31 135 96 2 132 63 21 42 76 104 74 128 133 48 18 8 46 122 139 32 77 121 3 111 127 100 9 15 33 82 137 7 36 150 93 70 67 53 30 5 50 118 89 65 52 105 59 126 107 13 45 113 92 142 17 136 115 14 75 49 87 144 88 143 78 57 129 51 69 79 44 58 39 26 73 68 35 60 101 131 91 130 103 56 19 86 145 41 16 108 80 47 64 106 125 43 1 66 134 138 141 24 124 148 81 71 147 102 62 29 85 12 84 55 114 90 98 109 123 72 61 120 149 119 40 83 23 27 94 25 11 34 4 22 10 146 97 117 95 116 110 140 112 99 54 37 28 20 
95 149 72 70 138 121 51 106 73 85 111 96 127 83 27 41 143 35 58 55 36 59 133 2 103 82 78 88 17 47 144 48 80 134 71 122 42 11 5 84 105 19 45 141 147 137 20 135 31 37 3 67 18 68 65 23 33 61 146 114 54 16 43 22 25 136 38 93 123 32 28 8 108 60 94 120 53 44 77 101 128 115 46 132 13 63 52 89 124 90 92 87 117 116 113 21 98 145 74 119 12 131 100 139 24 79 10 104 49 4 107 118 91 14 34 64 29 129 57 69 9 148 76 56 110 1 109 125 81 6 102 142 15 86 62 39 50 40 99 66 130 140 97 26 30 126 112 75 150 
26 109 62 95 135 73 35 144 44 96 60 101 79 37 94 123 112 59 147 74 46 49 41 39 4 77 146 121 125 116 100 16 92 54 134 88 43 18 57 111 65 130 6 11 113 102 31 63 55 85 33 20 89 68 53 50 2 22 47 93 9 142 15 107 14 126 19 99 12 132 143 7 23 87 104 83 117 118 84 108 124 128 86 105 10 40 131 71 110 90 32 106 58 34 115 148 1 81 21 28 38 42 70 122 150 69 3 136 52 138 51 129 145 80 98 67 114 64 30 133 13 91 120 25 137 17 24 78 140 48 5 27 45 29 75 149 82 66 139 56 72 103 97 119 76 127 61 141 36 
58 14 150 44 33 132 137 61 101 54 74 72 62 83 71 99 140 136 127 104 60 17 117 146 103 125 106 148 89 113 82 121 34 16 40 120 70 114 142 145 122 2 115 21 79 84 81 100 66 46 32 112 20 77 134 43 51 141 37 38 64 24 130 26 45 73 107 36 25 133 5 3 111 53 129 52 23 12 108 7 30 143 41 147 67 97 48 95 8 144 35 19 105 65 27 15 10 87 75 49 98 50 138 90 57 85 63 91 6 128 18 13 22 123 28 94 1 88 149 135 4 86 92 39 96 126 29 93 109 56 76 11 42 139 124 68 116 102 31 131 69 78 55 110 80 119 118 59 47 
120 128 49 105 55 113 61 89 39 88 24 1 145 34 33 100 67 41 22 37 30 119 146 66 103 72 85 76 116 64 73 63 131 13 69 147 77 108 57 142 15 136 87 54 40 28 122 124 50 62 130 150 43 80 17 102 68 121 125 132 60 75 148 16 36 133 117 53 149 46 127 86 144 71 115 140 111 81 109 90 129 5 23 70 29 45 19 11 26 95 126 7 44 112 4 135 58 107 38 96 134 21 143 137 51 56 42 74 35 79 52 99 106 110 65 8 101 9 141 2 32 83 93 6 25 20 91 114 12 3 14 118 139 18 47 138 59 92 84 27 48 98 31 78 82 97 123 94 104 
104 60 94 98 150 85 63 49 148 149 27 96 68 140 21 100 23 107 95 3 1 105 88 51 71 31 124 74 75 50 28 43 97 131 17 121 48 136 39 119 65 128 102 113 86 45 30 83 13 78 15 134 34 29 6 77 55 53 22 4 109 116 14 70 147 106 42 80 101 135 79 132 138 2 41 66 108 91 19 18 141 122 26 20 9 117 111 37 84 44 40 25 120 24 130 146 8 115 10 144 103 46 36 16 61 67 5 59 143 81 137 73 129 90 123 133 62 125 58 12 32 56 52 114 69 139 142 54 92 35 99 127 72 82 110 64 126 89 47 93 7 33 112 145 87 57 76 38 118 
26 122 71 146 104 134 18 55 8 83 98 123 128 5 72 108 135 77 119 118 115 99 43 51 30 97 138 45 29 52 35 148 16 19 41 147 111 6 53 58 87 112 150 95 84 90 54 76 24 59 80 140 13 3 145 44 66 121 86 113 23 20 14 142 49 31 116 32 131 100 144 106 62 126 38 21 103 141 94 96 74 50 120 130 124 46 69 34 89 109 22 92 70 57 78 101 65 114 68 15 11 42 143 48 107 125 2 4 27 110 79 82 102 139 7 56 40 91 105 81 61 129 47 127 37 133 39 28 67 63 117 75 33 1 136 132 64 60 36 149 17 10 88 93 9 137 73 25 85 
34 127 78 97 106 35 80 65 138 82 48 120 31 89 30 149 98 67 107 11 116 148 91 110 69 130 52 40 9 60 81 54 100 38 15 136 95 22 3 79 62 5 47 142 141 72 77 7 144 137 140 125 131 123 53 135 84 58 39 12 29 18 10 83 96 94 129 8 24 117 51 55 1 121 88 133 150 124 145 49 86 23 45 102 111 134 20 36 74 143 42 2 139 59 66 37 61 44 87 92 6 27 64 126 147 14 104 109 105 28 101 99 103 32 17 112 26 4 68 146 33 57 63 93 114 56 132 43 19 119 76 115 70 25 71 46 85 113 108 128 118 73 50 90 16 41 21 75 122 
113 37 129 33 96 87 58 7 32 45 71 108 62 65 57 125 100 39 91 63 10 41 95 138 9 123 1 126 77 122 25 64 60 27 69 112 68 16 118 53 5 36 42 52 79 15 67 20 12 142 86 83 141 103 144 130 116 115 17 50 24 132 117 93 85 145 134 104 34 46 38 137 146 98 72 61 149 2 80 8 40 44 110 120 51 121 43 81 102 147 101 139 3 140 124 89 19 35 133 119 6 88 22 90 74 73 105 49 150 82 26 94 4 143 56 109 78 128 31 111 55 70 135 131 13 92 99 28 84 76 54 97 59 23 47 127 148 136 11 21 48 66 106 30 75 114 29 107 18 
146 125 30 86 63 135 40 76 32 18 33 144 90 82 122 41 84 36 134 148 12 98 51 119 128 75 23 74 103 105 48 13 113 69 21 117 137 59 3 92 95 50 79 17 88 83 22 111 127 85 57 96 80 45 37 27 132 66 64 100 26 58 16 140 28 109 31 38 118 2 68 89 24 72 124 139 112 115 104 77 46 8 130 19 81 1 20 47 53 5 71 7 142 133 143 93 145 97 123 73 107 9 62 35 126 6 110 61 116 55 91 147 11 129 56 10 39 121 120 25 102 44 94 34 106 150 65 29 136 60 78 52 149 108 101 42 87 43 141 138 114 4 67 70 99 131 54 49 14 
79 93 51 85 133 111 97 63 87 45 32 13 58 91 92 18 76 74 33 140 94 41 115 106 64 43 112 103 40 28 56 89 130 71 137 98 66 95 59 19 46 1 42 121 29 7 37 147 150 86 47 145 116 11 5 132 78 82 24 146 53 104 62 60 118 77 143 88 10 99 15 4 52 107 141 138 68 6 61 54 102 126 55 69 90 120 17 125 3 2 108 142 39 23 123 8 35 114 14 50 49 73 31 22 80 134 20 122 128 148 81 124 34 67 36 119 38 135 100 12 25 101 105 27 127 144 131 21 44 109 139 117 83 26 75 57 48 129 9 72 149 96 113 110 30 65 84 136 70 
123 119 111 145 86 52 101 125 11 126 4 84 64 62 27 117 18 39 7 75 1 127 85 78 106 61 80 51 63 121 30 147 28 122 56 90 6 67 105 93 31 34 72 135 46 58 23 134 49 13 45 139 100 115 118 97 40 94 42 146 37 131 38 32 92 19 74 48 35 112 142 33 99 21 20 136 148 77 43 53 129 12 116 14 133 25 82 108 110 36 69 50 141 132 95 26 65 70 76 81 57 29 15 66 88 44 114 41 109 71 83 10 89 138 24 68 60 104 150 107 124 3 96 5 22 140 113 16 143 73 98 103 120 47 8 2 130 55 102 9 54 128 59 144 79 137 149 87 91 
24 84 91 9 49 50 37 20 64 45 123 70 21 63 54 128 65 87 86 79 53 72 143 98 96 102 61 27 39 90 55 83 94 57 35 28 23 78 127 6 3 137 17 62 16 133 92 100 41 101 4 146 135 124 34 26 56 66 46 52 109 15 71 110 103 30 75 22 116 142 125 11 29 10 130 106 32 13 60 114 131 25 1 31 108 149 99 134 107 120 73 140 58 89 136 40 67 148 69 144 14 105 139 19 117 42 112 81 47 145 12 126 82 85 74 88 33 111 59 104 129 121 48 5 43 36 76 7 77 51 38 2 44 132 113 150 97 122 93 68 8 141 119 138 95 80 118 147 115 
48 35 52 125 82 59 146 119 80 34 22 98 73 15 88 131 123 106 132 36 54 99 12 76 31 116 143 64 86 28 107 136 66 100 10 57 110 81 32 89 14 127 83 74 147 117 2 129 9 103 101 70 25 118 71 42 40 78 102 38 65 93 124 128 148 49 121 1 56 114 109 122 95 72 58 104 150 39 137 23 134 5 115 30 3 91 87 13 126 20 120 53 43 77 60 37 96 90 75 46 140 145 44 69 68 67 133 130 55 142 144 21 8 6 111 45 47 51 18 41 108 141 50 7 105 62 84 17 113 94 33 29 97 112 26 138 149 63 4 11 85 135 139 24 61 92 79 27 16 
147 81 87 134 88 58 121 54 130 25 133 44 99 70 23 53 96 128 55 5 63 19 9 150 28 26 149 64 30 143 47 83 11 15 136 118 85 105 139 115 86 48 72 122 108 22 107 102 75 35 36 101 79 77 7 21 8 59 60 132 24 34 138 137 18 62 95 110 76 57 31 32 1 100 94 65 71 69 45 106 46 13 6 120 104 56 80 93 49 111 84 82 74 129 52 51 38 116 68 14 98 142 2 135 90 27 109 117 12 66 103 131 92 10 124 50 67 145 43 78 3 123 4 91 39 73 119 140 41 125 97 126 127 114 146 29 33 40 89 17 61 42 144 16 113 37 148 112 141 
25 23 99 14 60 124 144 89 39 15 64 101 108 70 83 90 118 40 130 80 79 13 106 9 77 71 69 109 16 26 11 41 51 73 129 55 97 131 87 36 136 120 1 98 24 113 33 134 82 34 8 127 12 65 38 126 56 10 28 7 31 27 44 47 104 4 84 114 117 68 42 94 52 74 86 123 17 148 100 3 30 147 66 111 62 146 53 139 58 137 141 132 119 135 2 61 149 81 63 85 43 121 76 103 6 35 142 75 96 48 57 19 93 150 128 143 105 54 32 116 49 102 138 95 59 107 29 5 67 72 133 110 145 50 140 115 45 37 91 125 112 46 22 78 122 88 92 20 18 
31 75 56 100 55 133 48 50 42 95 3 105 132 79 33 127 88 27 5 97 61 17 141 25 107 26 139 41 36 130 62 15 115 91 47 84 112 118 113 2 150 140 124 131 60 57 77 64 40 87 8 23 24 1 28 14 74 80 94 96 16 73 83 89 44 136 32 59 4 116 143 142 148 18 20 149 111 43 12 117 93 35 99 114 104 109 29 125 34 86 90 38 85 49 10 119 128 63 78 9 106 101 129 53 108 81 30 102 146 134 126 67 103 66 135 65 92 144 7 45 122 71 147 19 46 11 39 76 110 58 137 123 98 13 52 69 51 21 82 121 37 72 54 70 68 145 120 6 138 
44 98 19 24 68 73 104 142 150 66 22 59 12 89 74 7 122 30 127 64 100 107 34 8 58 65 76 125 10 147 141 56 15 47 135 43 99 35 51 69 131 38 3 33 20 79 136 50 45 81 140 130 41 145 5 101 124 18 55 77 27 126 118 46 93 134 70 9 92 53 6 109 28 39 123 120 1 114 106 83 61 129 84 29 32 94 80 88 52 148 112 67 37 62 63 108 11 105 21 54 4 42 40 102 49 85 149 115 13 26 72 2 143 17 31 57 87 132 110 60 78 139 128 86 138 137 119 116 90 146 48 96 25 117 75 16 36 121 91 144 111 71 82 133 97 95 113 14 103 
98 86 44 119 2 134 48 135 13 15 60 51 54 113 95 61 104 64 38 97 56 22 1 140 85 142 17 3 4 32 114 66 18 123 30 117 79 148 20 52 101 120 146 109 115 94 147 23 132 77 133 67 59 118 87 33 71 45 100 93 21 103 36 39 8 145 102 91 11 65 125 34 127 62 35 46 6 74 150 141 96 12 41 63 14 42 47 107 88 25 128 116 143 10 69 16 31 122 5 27 55 73 49 50 7 29 121 138 9 124 106 110 26 84 89 136 131 76 19 144 149 58 80 82 99 83 28 78 75 105 81 139 108 40 111 112 37 43 53 70 137 126 57 92 130 68 129 72 90 
81 10 87 64 65 105 150 21 42 24 96 28 91 79 14 59 130 117 118 43 70 140 94 88 102 129 93 73 119 84 30 5 85 45 116 37 133 16 20 23 44 2 51 108 33 123 63 139 86 66 40 145 90 121 9 52 32 60 89 98 48 75 80 19 147 134 74 114 71 149 7 128 136 50 95 62 17 41 127 132 120 29 8 67 148 109 53 142 69 1 22 104 26 106 46 92 6 3 113 126 143 124 36 39 137 138 135 4 111 146 99 77 57 112 97 12 82 56 122 35 13 49 27 107 55 125 31 110 103 100 11 34 141 58 83 76 54 78 101 115 15 38 144 18 61 68 131 72 47 
139 130 51 2 125 25 145 114 99 82 43 24 74 144 122 66 87 100 4 58 34 5 69 9 14 73 102 35 52 72 110 104 48 90 54 127 140 85 53 92 111 80 45 148 97 16 10 117 137 138 11 41 142 89 83 60 64 31 132 6 113 70 135 107 129 29 146 3 20 40 33 91 119 8 78 81 17 101 106 55 95 116 67 21 105 18 56 126 62 13 141 22 7 50 61 88 147 12 94 59 63 68 76 44 47 123 39 36 112 93 65 27 118 42 49 1 120 84 32 19 15 131 77 134 71 150 149 109 128 37 103 133 124 79 28 38 57 108 46 143 98 96 136 121 23 115 75 30 86 
144 111 138 32 109 145 103 147 35 25 23 83 92 150 94 62 40 57 98 107 100 78 123 29 133 33 99 38 19 8 148 139 17 126 36 53 3 85 79 93 91 122 7 119 95 2 6 146 96 10 80 30 137 52 130 132 73 44 140 120 110 143 12 15 105 18 77 128 90 121 63 21 41 89 45 48 65 58 84 134 124 101 37 117 71 11 67 142 9 125 61 20 88 72 31 106 49 81 26 116 16 42 129 136 55 66 135 70 5 43 75 51 24 113 76 50 68 82 108 39 97 74 14 86 127 54 87 4 60 115 59 102 1 131 118 28 64 22 13 46 112 47 149 141 56 69 104 34 114 
96 122 116 74 30 60 98 51 114 118 39 25 100 137 69 27 110 21 9 125 148 48 50 138 40 115 91 141 103 4 93 97 7 127 81 23 61 65 22 52 101 38 19 113 78 106 11 143 131 126 67 1 142 55 130 140 68 85 82 13 26 20 88 90 134 86 146 139 33 16 92 18 150 56 95 46 64 112 135 76 37 24 111 43 42 6 121 58 45 145 79 87 136 15 14 44 119 73 75 54 47 3 80 77 107 149 29 35 109 66 129 57 70 124 10 63 5 99 71 117 84 123 128 94 144 132 12 2 104 36 49 108 105 102 34 72 32 120 89 59 133 17 41 53 8 31 147 62 83 
21 58 149 46 89 119 44 28 116 69 48 71 144 74 63 125 81 142 120 53 112 110 128 87 68 91 85 98 99 61 52 17 70 47 31 139 109 124 113 30 57 117 20 18 54 5 129 145 11 104 60 96 126 19 15 82 64 3 42 43 79 50 137 84 8 101 22 33 65 88 100 102 62 118 6 49 150 38 32 25 148 39 35 26 51 1 93 7 73 133 80 72 103 76 107 4 115 14 41 12 106 122 146 95 136 66 123 56 131 24 27 36 34 9 135 97 114 67 59 141 55 127 37 132 134 92 111 10 23 147 105 121 40 77 143 108 138 78 75 94 2 90 83 140 13 16 86 45 130 
3 55 96 9 13 119 147 148 107 37 18 76 87 8 71 57 141 143 67 48 135 53 150 28 47 65 32 106 34 124 116 5 81 80 7 35 112 29 20 49 17 145 146 128 2 88 62 129 11 126 89 95 73 64 52 44 114 122 123 19 15 6 23 79 103 111 130 144 72 92 149 45 1 54 94 21 75 38 110 85 108 86 50 46 69 66 43 115 138 63 136 93 36 51 78 4 117 99 60 39 137 10 97 139 70 33 113 68 56 22 27 131 133 109 91 24 142 16 98 83 14 125 100 132 25 102 120 42 12 58 31 118 61 121 40 82 84 41 105 127 101 140 77 74 134 26 90 59 104 
66 35 136 59 6 68 23 82 128 142 37 8 95 65 103 64 87 11 101 107 13 96 149 7 70 131 92 109 143 42 25 144 89 1 9 52 21 130 10 38 85 121 99 114 33 83 3 74 12 44 19 112 127 53 17 108 16 148 73 137 119 84 150 61 135 133 91 67 140 15 43 117 58 141 86 102 34 122 94 47 46 49 138 30 27 132 48 146 123 139 60 97 111 79 4 93 98 106 80 41 20 45 81 5 75 78 26 2 63 72 56 69 28 105 14 29 120 110 77 24 90 32 54 100 39 104 36 62 40 118 115 88 126 113 71 129 134 57 22 50 18 76 145 124 147 116 55 51 125 
72 128 100 28 103 132 12 40 149 86 92 25 97 110 59 76 137 68 99 115 114 15 4 35 61 75 57 108 48 130 80 5 79 88 13 125 126 136 10 141 98 112 67 129 64 22 94 105 119 51 11 124 46 44 83 34 50 31 102 134 27 37 123 21 66 89 53 23 9 19 143 104 54 95 17 127 55 43 20 109 26 6 150 106 91 1 81 7 85 138 3 144 111 47 135 74 52 42 122 14 78 87 131 45 29 139 101 84 121 24 2 133 38 145 63 8 73 65 120 113 142 77 69 41 82 30 56 96 70 33 148 16 36 140 39 107 62 146 60 71 116 58 93 18 90 147 117 49 118 
23 57 10 97 8 133 77 125 120 99 20 75 105 3 62 50 12 25 149 41 54 136 143 6 39 65 128 141 95 52 124 68 81 130 11 144 47 30 109 55 17 87 60 98 93 21 16 104 89 38 5 147 146 90 7 79 66 150 111 53 123 115 96 121 92 73 71 84 148 43 103 127 31 140 80 129 28 91 1 94 13 59 49 29 86 117 34 2 58 110 131 85 78 42 4 134 112 135 113 116 142 18 69 102 27 88 139 32 132 48 64 126 26 70 22 51 76 15 9 107 138 63 44 36 40 67 118 122 82 45 46 114 72 14 108 145 24 35 137 101 100 37 83 106 61 19 74 56 119 
20 118 104 51 122 3 111 13 75 144 54 28 136 109 44 26 87 59 47 96 41 29 73 21 98 132 14 58 57 2 140 147 97 141 92 15 67 90 17 117 129 102 74 37 115 120 64 143 130 142 149 80 108 16 138 32 35 107 119 55 101 69 62 22 100 53 4 134 63 93 91 133 139 52 94 12 148 89 105 43 78 25 36 123 70 121 128 40 113 146 106 86 135 30 124 84 95 125 72 137 112 103 23 8 9 145 11 10 110 88 6 5 79 77 65 50 7 31 18 150 82 27 81 42 71 85 126 38 131 83 61 56 39 19 24 49 114 45 99 60 68 33 48 127 46 116 66 76 1 
131 98 47 36 9 96 5 68 55 23 97 59 50 75 111 2 147 11 70 74 100 76 28 44 102 101 15 6 87 24 85 150 136 129 123 52 82 88 122 127 29 149 25 66 146 92 113 71 103 54 26 110 118 116 31 109 62 148 93 7 34 60 143 8 69 18 42 108 99 39 106 89 27 94 120 107 130 48 114 38 3 30 1 124 135 133 43 90 140 40 84 61 139 14 138 64 21 79 19 45 46 112 72 119 141 126 41 142 145 51 37 144 53 73 91 56 22 57 10 105 117 132 33 77 128 67 17 20 4 104 125 83 58 65 63 95 49 12 32 81 121 16 86 115 80 134 13 137 78 
69 94 29 133 56 113 11 1 66 120 23 24 89 115 131 44 132 124 17 16 68 41 20 103 6 64 117 149 65 101 61 7 30 93 13 123 99 106 104 15 77 33 39 34 122 5 134 47 14 43 145 90 81 111 71 27 84 97 58 100 146 51 37 86 82 87 22 79 129 78 72 91 70 60 49 96 18 53 102 140 148 42 38 26 144 35 142 135 143 128 141 50 73 136 31 48 28 19 21 8 63 57 74 150 62 138 95 137 88 75 112 116 121 4 46 127 108 130 9 83 55 25 147 126 59 76 107 10 118 125 45 114 40 105 98 139 2 80 67 32 54 92 85 109 110 3 12 52 119 
13 97 2 142 98 81 4 23 10 85 78 145 47 21 1 29 32 67 92 38 125 101 86 60 5 56 118 53 82 3 57 111 30 140 102 119 107 12 134 148 65 132 46 36 96 89 48 137 100 68 99 139 114 149 9 144 74 94 126 135 45 110 41 131 109 143 54 84 72 123 88 59 83 35 61 25 27 39 79 22 26 62 14 129 11 113 87 133 128 24 71 127 43 77 147 117 103 49 75 104 19 18 90 33 112 115 93 20 122 31 146 130 108 80 70 136 91 116 138 8 106 105 51 28 120 141 17 55 6 69 95 64 40 44 150 76 15 16 66 42 7 58 52 73 121 124 34 63 50 
56 67 73 87 129 102 46 58 30 95 70 29 6 74 49 17 116 25 117 36 148 119 4 90 139 124 16 64 113 123 8 134 135 65 83 43 140 141 106 99 142 96 28 33 137 72 107 130 42 39 145 44 51 144 75 76 12 143 93 121 88 149 122 68 125 112 63 110 146 133 34 71 147 50 53 100 86 108 57 19 150 27 22 105 15 3 128 84 5 45 60 1 98 21 114 26 54 59 2 111 91 115 132 10 101 80 52 48 35 7 138 69 47 24 85 13 131 55 66 20 37 82 41 62 103 92 11 118 14 23 109 97 61 136 89 81 126 32 77 78 104 94 18 79 120 40 127 31 9 
1 59 14 136 80 67 92 35 148 42 20 52 107 84 110 23 26 58 83 115 105 66 122 87 90 44 126 57 55 97 63 149 8 108 18 98 134 99 106 69 77 130 15 100 89 113 30 27 142 141 147 117 16 31 82 116 13 48 104 9 43 28 111 72 139 51 135 101 10 50 145 70 112 120 76 71 65 25 56 102 5 118 73 38 11 41 64 24 4 81 2 132 37 78 94 29 131 7 12 121 19 47 140 46 119 124 123 93 6 146 103 86 127 49 54 114 143 150 129 61 96 125 79 3 34 144 88 33 74 138 128 53 62 40 60 109 68 21 36 85 17 133 22 95 91 137 32 75 45 
122 32 30 95 37 7 11 103 91 148 108 64 51 126 73 13 115 54 116 97 77 75 85 38 21 120 43 112 71 79 109 3 60 144 35 110 33 50 58 14 19 130 48 92 90 105 132 119 26 150 47 25 9 17 53 4 34 134 28 82 88 94 117 67 135 121 113 63 24 136 1 149 27 80 138 133 98 65 16 123 114 145 100 6 143 125 12 141 89 129 45 69 101 76 23 70 139 66 118 99 41 146 96 2 84 49 59 102 147 93 52 5 111 128 124 137 15 127 56 42 104 107 22 8 61 62 86 29 46 10 83 140 81 142 106 20 31 55 74 87 44 18 72 57 78 36 68 39 131 
61 10 133 22 109 1 101 16 141 65 18 72 21 39 130 116 136 7 139 113 84 144 88 89 102 29 74 27 56 25 2 38 30 54 114 24 115 75 60 68 53 3 62 97 20 125 50 143 5 99 80 121 86 90 129 34 43 87 11 73 59 108 36 76 13 35 47 138 135 149 23 64 49 32 48 8 44 93 79 131 98 66 55 12 17 77 52 37 117 9 104 96 103 150 81 51 105 31 28 148 146 15 63 127 137 128 91 111 26 70 120 112 124 142 40 45 19 67 6 95 78 46 94 14 33 132 42 145 110 106 134 4 83 71 126 82 58 107 119 147 69 140 118 57 123 92 85 100 122 
144 37 62 143 88 73 57 98 117 137 91 108 89 2 126 145 76 33 90 50 52 10 134 19 146 136 43 78 84 36 85 125 24 74 1 111 39 22 17 106 31 13 69 109 141 114 93 23 53 122 48 51 38 46 18 118 72 135 21 128 112 3 148 99 7 142 95 29 79 104 97 82 65 27 63 58 149 100 105 94 70 25 71 8 68 12 41 11 35 61 138 130 49 47 34 16 150 127 102 110 132 96 121 54 60 115 124 129 140 9 87 14 20 64 6 139 67 113 120 4 59 26 75 86 77 5 92 40 123 103 101 55 131 66 83 32 45 44 15 107 119 56 28 147 81 80 116 133 30 
132 144 123 20 44 107 45 149 128 12 55 51 122 120 72 60 10 96 71 88 101 32 69 136 125 63 110 17 130 5 84 47 129 146 28 79 99 150 48 109 82 106 124 27 94 87 119 54 90 50 102 98 141 26 40 127 70 137 73 21 65 67 59 108 58 135 91 105 56 100 115 113 103 9 89 133 35 41 138 23 57 78 38 147 112 13 114 121 95 31 83 77 2 52 61 53 116 131 145 15 117 16 62 111 37 126 7 140 4 134 19 18 139 6 24 14 81 86 49 3 33 36 11 34 75 142 104 97 92 85 64 29 8 25 148 1 42 30 46 74 68 93 76 143 66 39 80 118 22 
23 130 36 24 105 127 13 96 85 89 129 149 34 122 81 50 83 19 128 1 72 62 65 91 20 110 137 45 113 21 86 136 14 104 92 135 144 40 51 88 61 118 80 32 57 31 10 101 33 16 22 47 124 39 3 99 49 60 29 41 71 56 98 125 123 9 68 84 107 53 79 120 93 134 150 66 76 90 18 74 111 139 26 58 100 48 6 70 11 131 78 2 145 140 54 17 27 143 55 30 142 115 119 126 108 73 5 67 121 35 38 15 8 116 25 52 75 147 94 109 43 102 63 133 37 114 95 82 46 148 138 59 77 4 42 146 106 69 112 87 103 97 7 12 64 132 28 117 141 
121 93 106 91 97 83 145 123 128 149 6 107 59 140 8 118 52 86 22 143 129 108 60 15 42 84 26 12 92 131 148 142 100 24 9 89 1 31 54 63 127 126 109 82 81 21 56 70 49 113 55 71 96 41 65 111 98 150 2 57 16 136 119 29 80 102 75 73 20 146 115 32 133 135 138 147 104 137 35 46 44 72 11 116 7 117 124 74 23 103 27 132 101 134 14 88 51 130 19 67 17 78 43 77 69 13 4 76 64 34 37 112 53 114 87 5 58 33 48 25 36 144 18 94 38 3 47 95 68 110 122 99 139 40 30 39 105 28 90 125 62 141 50 120 79 61 66 10 85 
41 132 108 48 142 24 19 74 94 128 127 100 81 43 134 86 136 141 67 57 89 93 56 105 64 123 106 9 66 82 5 59 11 117 115 42 146 10 124 144 98 16 130 32 83 71 7 140 109 51 131 4 76 91 29 139 113 112 143 44 34 33 38 145 104 95 72 8 150 21 53 84 92 40 28 65 99 129 20 87 63 133 45 111 17 110 78 6 37 54 50 116 80 102 125 12 137 60 61 25 88 85 22 23 149 107 18 77 55 122 58 90 79 35 147 14 36 52 68 15 119 97 31 101 26 2 120 135 103 75 30 1 27 3 148 118 13 73 114 62 138 49 47 121 96 39 126 70 69 
121 110 123 18 76 59 33 92 82 43 107 126 6 116 133 36 148 16 136 140 142 14 115 105 131 89 135 112 137 15 102 84 79 86 53 132 72 96 39 88 23 70 78 139 71 99 38 2 42 9 106 111 60 64 57 44 113 46 144 26 101 122 45 134 104 90 118 128 24 85 11 145 4 50 93 141 147 28 55 80 66 103 56 21 138 149 10 98 143 1 67 100 17 130 29 35 49 117 62 25 52 146 27 51 7 48 108 41 30 58 69 75 129 87 37 61 54 22 91 34 150 5 124 13 73 127 97 63 3 31 94 119 19 120 83 114 95 74 20 109 40 77 32 81 125 68 8 12 65 
12 140 65 118 74 86 41 71 132 144 87 53 69 117 18 28 76 21 2 135 97 82 63 127 80 14 138 99 107 32 88 42 51 94 133 30 26 113 141 131 122 43 116 59 27 84 7 136 106 8 49 134 60 55 11 35 77 124 104 19 125 61 17 130 46 68 29 100 123 105 34 40 31 108 67 81 72 62 90 52 148 101 70 54 4 93 137 150 79 119 128 36 78 91 5 25 66 6 24 22 47 64 146 39 103 50 56 33 83 75 57 1 96 110 3 111 98 115 114 145 89 45 20 37 23 147 9 112 120 73 13 143 121 38 85 129 44 102 58 109 126 95 92 16 10 142 139 149 15 
123 92 76 136 18 83 24 126 105 96 41 129 108 93 128 10 149 33 125 20 99 86 115 121 22 101 88 42 8 64 37 36 4 89 5 61 104 90 81 26 120 110 103 138 9 28 142 52 119 45 72 55 98 48 38 31 21 114 75 77 57 29 147 109 53 79 50 124 13 87 15 140 94 73 137 66 112 107 113 132 67 135 54 122 58 35 139 11 12 1 44 7 32 70 2 131 6 68 143 69 47 100 150 16 145 46 80 40 116 34 117 56 85 84 43 95 59 71 118 106 146 25 130 17 144 23 60 3 78 102 74 62 19 141 30 148 14 63 82 39 127 97 51 133 27 91 111 65 134 
30 44 38 86 88 43 71 99 118 69 105 49 41 55 5 89 133 83 92 58 128 56 126 76 52 42 20 11 119 4 115 68 57 110 131 77 48 59 39 80 138 17 142 117 23 134 82 60 146 16 143 7 94 1 140 47 37 70 9 36 53 78 112 54 21 113 26 75 18 129 32 125 145 65 109 81 104 100 13 29 10 147 108 137 141 45 22 12 40 148 72 25 8 61 74 3 111 33 19 31 79 150 120 122 132 66 95 63 139 91 106 27 85 90 116 28 35 149 87 34 103 96 2 84 67 123 98 102 135 46 107 127 121 101 51 15 93 73 124 130 62 6 114 97 24 14 64 144 136 
103 139 5 46 53 44 111 40 85 108 55 41 22 49 98 28 18 91 62 141 58 16 109 70 143 93 73 127 76 17 57 95 9 7 36 80 133 2 106 24 105 69 81 37 97 63 123 48 86 110 92 29 65 148 54 101 66 32 120 118 82 137 107 39 1 20 124 90 35 72 64 23 84 87 88 144 113 56 149 75 31 71 126 45 150 12 14 129 15 79 19 89 140 6 99 8 60 132 77 121 78 112 27 147 94 25 74 134 136 128 96 61 145 146 52 130 50 38 42 26 117 119 122 33 83 138 131 135 67 34 10 68 142 115 13 102 100 11 59 125 114 116 43 3 30 104 21 47 4 
59 127 132 99 119 58 125 115 149 55 126 1 3 79 76 47 11 14 108 101 141 9 67 56 24 68 146 145 49 71 43 18 37 85 135 54 60 51 121 53 15 123 77 112 62 94 131 7 17 63 111 97 73 16 28 124 29 144 106 80 66 72 140 2 38 19 147 42 23 10 138 50 88 150 32 27 91 142 39 87 5 74 20 109 105 69 118 130 21 133 31 64 26 139 12 70 134 57 96 44 35 41 83 102 117 100 8 65 103 113 98 33 110 116 84 92 82 81 107 36 129 34 6 143 86 40 136 120 148 90 46 4 30 22 78 13 89 128 114 122 61 93 104 137 25 48 75 45 95 
115 12 57 102 150 90 82 144 69 80 21 86 2 33 44 8 22 110 103 75 61 92 48 111 64 107 148 128 89 138 133 84 34 132 23 98 13 100 58 114 1 72 15 129 29 94 50 79 125 56 47 81 135 76 40 140 24 146 9 46 70 122 121 16 11 113 145 71 39 10 87 123 78 95 109 143 149 106 52 68 17 93 117 55 124 18 67 32 45 73 127 20 77 54 104 116 120 41 136 6 139 36 30 134 65 118 112 42 147 74 66 137 7 96 126 14 3 43 142 28 19 37 83 59 99 31 5 131 26 49 105 63 141 60 38 35 101 88 130 119 91 51 108 62 27 85 25 4 97 
147 66 135 43 47 101 85 71 140 91 149 114 59 35 46 112 133 40 28 102 126 142 25 1 138 82 84 130 95 20 139 45 104 94 34 41 134 49 17 109 37 79 146 9 78 92 6 14 111 131 15 56 123 106 127 120 57 97 39 107 65 136 26 93 23 105 63 31 75 73 122 98 7 69 88 8 18 55 22 87 4 121 53 5 12 42 115 10 13 2 80 81 143 83 74 77 72 64 62 60 32 16 150 128 33 86 21 19 76 110 117 108 68 3 89 48 119 145 50 118 103 29 24 30 11 99 90 58 144 27 67 52 44 51 70 125 137 148 100 132 61 116 96 141 36 129 38 124 113 
76 139 15 81 29 41 14 13 61 145 10 43 28 69 31 18 88 48 42 7 4 144 142 51 17 120 72 109 127 5 73 121 91 141 26 87 56 75 77 53 131 66 125 140 47 84 80 62 24 146 74 128 137 46 116 40 135 102 99 58 67 22 30 126 93 82 60 133 79 100 32 89 33 124 64 27 78 94 20 71 113 35 70 107 68 50 123 132 106 114 108 85 1 112 11 2 150 148 129 143 90 9 37 23 52 8 12 63 54 86 21 103 98 97 130 59 119 105 65 104 34 39 25 49 122 83 36 16 57 149 96 134 111 136 118 3 44 147 92 101 138 110 115 6 117 38 45 95 19 
22 61 130 34 95 1 116 134 54 111 135 57 7 45 144 6 137 114 2 113 108 93 112 41 33 115 28 78 77 146 88 76 49 131 16 90 74 141 132 66 5 138 32 62 99 147 98 42 23 92 143 55 3 109 68 43 91 15 105 150 145 25 47 14 44 139 124 46 123 126 18 97 89 20 86 110 26 100 71 51 125 48 79 82 19 80 81 102 94 136 117 29 129 52 8 58 60 85 50 128 53 69 87 39 121 101 17 127 24 84 37 103 59 40 31 21 119 67 70 140 38 118 63 30 13 35 106 11 96 10 107 75 72 27 104 12 148 65 120 73 149 9 133 142 122 64 36 83 4 
28 4 45 112 122 78 103 134 110 5 55 2 137 97 145 150 108 138 99 68 89 148 123 147 80 87 21 69 133 13 22 77 94 109 40 90 64 149 44 113 116 144 115 61 9 17 32 84 76 54 136 41 52 37 107 48 8 53 67 98 127 60 36 85 105 71 14 34 38 131 33 72 121 74 58 102 106 135 16 142 92 140 75 39 119 100 47 81 7 95 118 128 82 24 129 51 70 56 30 139 96 26 62 35 124 86 101 143 63 23 18 3 120 19 83 130 10 59 27 65 111 88 15 11 91 104 1 6 73 146 31 125 29 20 79 126 42 50 12 141 25 132 43 49 114 117 66 93 46 
34 1 42 121 20 8 57 150 22 50 78 19 90 9 86 4 60 41 49 80 97 124 122 39 38 43 134 101 110 83 6 12 75 138 35 72 132 55 56 73 37 71 112 148 18 85 135 25 48 10 81 118 146 98 40 102 115 117 54 29 139 26 103 125 68 66 89 36 95 120 79 46 94 131 149 107 31 128 59 5 76 92 69 61 3 77 74 88 2 144 145 62 7 129 67 63 28 17 13 84 87 108 53 23 105 137 91 104 106 133 136 47 44 70 16 147 64 127 65 30 140 93 141 14 142 109 21 32 126 119 113 111 11 99 114 100 82 130 45 15 52 27 96 116 24 123 143 33 51 
146 148 19 38 33 135 138 113 72 9 66 93 44 64 57 56 14 147 39 149 78 141 120 86 114 121 111 22 140 46 18 99 143 128 49 127 6 107 20 137 105 34 30 60 131 98 144 42 132 82 28 76 119 115 53 21 11 145 40 48 37 83 35 41 3 1 36 62 87 108 100 26 95 74 79 24 10 23 67 2 142 7 52 90 94 61 75 5 81 84 13 69 134 122 55 16 80 133 88 32 124 50 96 117 12 29 136 125 139 102 112 8 129 126 73 116 27 103 97 25 85 77 91 109 47 150 71 15 43 4 65 70 68 51 110 17 31 58 101 123 63 92 104 54 45 106 118 130 89 
57 99 123 46 146 40 66 44 62 114 64 135 10 94 34 139 105 81 53 42 103 70 145 25 32 118 27 12 6 36 3 29 98 122 26 39 52 147 121 5 112 106 37 120 92 38 7 95 90 128 71 143 1 55 20 83 75 148 133 4 16 56 142 124 108 126 113 76 73 68 65 77 31 28 109 111 48 96 35 72 21 23 61 100 110 30 97 125 141 85 132 45 149 11 19 134 49 9 50 74 14 17 138 84 24 43 13 144 127 18 82 119 101 117 67 136 130 150 91 47 59 87 131 102 107 104 33 78 8 88 69 15 140 116 54 93 2 79 63 129 137 41 80 86 115 89 51 58 22 
135 21 111 110 119 137 90 71 93 25 14 136 67 92 63 108 70 91 48 139 138 81 117 140 3 47 36 78 60 6 16 129 97 32 89 4 13 94 106 147 31 22 150 17 87 124 145 112 11 125 18 88 122 133 142 40 62 141 73 34 12 66 53 45 77 68 26 8 33 123 15 134 41 42 149 29 23 38 74 76 101 103 83 143 52 118 65 1 144 2 20 82 59 100 128 28 43 44 37 72 109 64 58 105 24 146 10 27 50 120 51 116 75 54 86 95 102 84 121 35 96 99 127 114 5 98 57 9 49 7 39 130 46 113 56 131 115 132 19 80 79 126 104 30 148 55 69 85 107 
15 19 42 4 98 97 141 41 115 75 44 139 18 61 29 120 27 145 21 86 32 1 11 127 2 24 125 88 106 104 71 20 52 58 119 83 148 9 137 136 134 5 50 116 95 103 49 33 7 143 123 77 122 34 107 55 149 45 10 114 72 94 56 25 68 101 51 100 8 144 76 23 39 96 36 111 132 73 84 35 80 65 70 138 78 124 81 82 26 90 12 85 63 129 135 16 3 146 66 46 121 79 37 131 91 6 54 128 92 130 126 140 147 40 43 87 38 105 48 142 133 60 117 59 109 89 69 150 57 113 13 99 17 118 102 67 47 93 14 112 108 64 53 28 30 31 74 110 22 
85 114 43 88 10 101 148 17 69 58 36 5 129 84 24 45 139 120 1 79 141 61 65 72 2 53 149 35 136 138 15 83 18 4 31 127 16 44 106 90 77 102 51 52 7 86 26 34 64 28 9 131 76 126 111 115 73 67 100 98 37 145 143 113 99 147 124 89 87 48 128 105 8 81 140 62 70 13 42 29 49 123 68 41 135 30 108 119 122 57 92 137 71 133 103 144 150 93 54 82 32 56 74 118 134 11 22 117 91 60 95 14 142 55 97 27 25 20 80 47 33 59 3 116 78 104 21 125 39 46 112 6 50 12 66 94 107 146 96 109 40 110 121 132 23 75 130 19 38 
89 83 34 11 93 24 44 14 46 54 149 125 59 61 80 77 4 122 95 97 85 25 136 82 128 47 87 109 111 38 107 13 79 116 2 15 142 108 18 124 37 134 96 31 53 114 144 57 138 133 78 132 147 50 118 67 32 29 9 76 23 21 62 119 129 69 72 48 41 90 70 112 94 84 49 42 52 81 110 115 102 20 139 120 146 68 71 131 7 35 8 117 143 56 63 58 36 66 45 88 99 91 98 103 75 145 19 40 39 141 12 74 28 148 3 30 16 126 22 43 105 27 92 55 135 73 100 121 10 150 104 1 5 101 123 51 17 65 113 140 26 33 137 86 130 106 6 127 60 
7 51 59 73 111 134 85 33 47 143 35 114 127 63 105 136 125 37 110 100 118 39 141 124 27 45 29 104 102 72 28 52 80 79 120 34 121 139 101 119 21 103 89 98 76 70 117 32 90 147 14 30 91 137 146 40 148 44 71 113 86 68 112 23 94 41 128 38 126 58 92 131 107 142 96 83 81 64 78 135 132 122 116 67 3 66 88 74 42 11 129 84 77 10 133 18 106 26 93 99 5 82 16 24 87 108 46 69 15 48 19 56 1 145 43 54 2 109 150 62 61 25 13 138 60 6 17 57 55 123 49 36 97 22 8 130 140 31 12 75 9 20 144 50 115 149 4 53 95 
13 25 89 84 35 114 119 93 135 124 43 117 139 100 80 58 34 3 7 97 96 113 136 41 37 1 15 140 118 111 48 42 106 31 59 107 16 30 127 55 17 138 62 61 68 73 28 45 49 105 120 103 78 130 74 132 142 112 71 144 60 88 51 6 46 75 121 128 91 26 98 82 69 108 102 21 81 57 150 12 65 94 50 109 145 39 19 40 143 27 123 131 36 72 8 23 148 83 134 32 22 129 70 4 110 44 76 77 54 149 38 147 137 90 99 14 85 95 141 52 79 87 116 63 125 47 24 101 146 133 64 92 53 56 115 104 11 33 20 29 5 18 86 126 67 122 2 9 10 
148 4 55 93 25 20 121 70 78 11 83 48 101 140 147 145 34 51 90 74 36 22 61 149 46 18 115 69 82 108 102 120 128 131 84 27 99 44 76 40 126 116 63 112 122 109 98 80 134 26 110 150 100 137 107 129 105 85 92 41 3 130 49 52 113 53 138 62 135 95 81 94 64 136 1 146 118 24 65 21 88 31 58 117 72 43 12 79 73 47 104 114 15 23 33 144 29 77 32 133 6 5 142 97 111 7 87 68 89 59 38 57 139 132 86 17 35 66 125 30 10 123 28 127 91 50 71 75 103 8 16 37 56 143 119 14 13 124 60 45 141 2 96 42 54 39 19 9 106 
50 40 141 61 140 78 12 111 11 26 37 128 84 4 119 94 53 59 46 44 135 48 92 31 14 131 64 42 47 65 124 90 43 95 79 18 114 22 143 36 123 21 139 105 82 87 127 60 102 62 24 9 75 71 104 69 52 110 118 15 34 108 103 1 56 7 147 125 112 66 126 136 115 74 20 81 6 33 57 144 76 89 13 148 63 130 2 86 16 99 32 100 116 19 28 133 3 113 145 67 49 132 35 17 55 80 5 39 23 149 150 85 72 10 70 29 101 129 41 142 117 45 122 73 88 106 138 51 8 25 91 121 97 98 77 120 54 27 146 137 83 109 38 134 93 107 96 30 58 
10 91 125 67 138 140 64 133 119 4 141 57 56 65 90 123 49 75 150 2 94 89 32 15 85 98 145 104 21 20 129 52 28 63 71 70 11 45 29 121 139 72 60 115 95 83 103 109 77 61 37 17 54 130 93 47 1 101 86 51 113 9 118 59 114 38 36 66 126 96 16 46 18 79 62 107 55 33 22 41 30 7 148 6 5 131 68 73 116 43 132 142 97 24 58 135 112 53 14 39 34 8 80 120 99 82 48 31 124 23 147 26 44 42 111 19 146 144 50 149 27 122 108 78 88 110 35 87 105 40 127 134 12 128 84 81 74 136 76 3 137 102 25 13 100 117 106 143 92 
97 98 109 72 107 135 133 59 66 71 130 90 114 31 86 112 7 13 131 21 38 118 76 22 67 81 84 63 30 110 101 113 9 122 138 77 128 65 93 79 28 73 20 103 60 137 2 144 85 80 123 39 12 96 145 56 143 82 147 116 68 127 34 3 64 49 141 5 58 102 32 111 27 88 92 40 125 15 132 83 46 53 1 42 150 100 104 119 36 44 62 95 35 16 140 75 78 139 17 45 6 115 108 120 11 8 142 136 29 33 55 117 129 99 10 134 69 25 105 61 19 54 51 121 146 23 24 106 4 47 14 26 37 48 50 74 91 43 87 52 41 149 18 126 148 94 57 89 124 
52 121 63 50 64 80 113 149 83 68 138 69 38 14 97 7 77 2 150 62 81 118 48 106 56 49 42 136 11 57 82 132 110 86 27 139 21 140 107 67 44 55 126 60 130 112 22 36 51 79 78 141 61 89 125 147 74 12 41 16 35 88 91 92 123 148 31 34 37 115 75 59 122 66 128 9 72 8 46 146 119 111 39 26 135 98 114 142 33 145 131 17 47 100 95 30 129 53 28 109 84 105 1 19 85 101 96 90 116 6 144 70 103 94 143 43 54 23 127 102 3 4 15 124 134 93 13 58 29 45 18 24 120 137 5 76 104 32 65 117 40 20 87 108 133 99 73 10 25 
62 109 50 44 43 115 71 3 144 11 127 69 2 25 57 10 107 112 64 135 102 21 49 65 30 133 15 46 117 96 129 35 128 84 45 142 98 97 148 89 22 40 26 83 5 90 122 137 81 130 123 28 38 108 99 131 101 23 132 73 88 59 19 106 61 17 126 94 82 48 74 111 75 120 146 138 31 145 110 147 140 118 91 121 79 6 149 7 141 134 53 93 29 150 80 113 77 47 52 136 85 68 18 24 100 92 70 36 16 63 143 124 13 58 86 12 34 103 39 114 60 55 14 9 95 105 32 20 8 54 37 33 66 51 125 139 119 56 41 1 67 76 78 27 4 116 87 104 42 
123 78 42 2 121 51 12 125 66 95 20 67 86 8 122 40 1 69 145 36 21 49 83 149 120 143 119 74 111 128 116 97 90 137 94 101 29 31 6 102 55 62 30 37 108 100 146 45 53 106 142 39 79 13 96 3 136 98 54 16 114 48 135 43 150 35 92 76 104 99 22 5 46 27 103 144 110 134 50 117 93 129 105 113 41 60 89 34 72 28 118 148 14 126 19 141 91 75 25 82 147 47 56 59 140 64 4 57 58 87 65 26 77 124 133 68 88 138 85 71 44 107 38 15 84 11 139 127 63 70 18 7 17 80 32 112 131 132 61 130 33 24 9 109 81 52 23 115 10 
25 3 4 44 8 69 108 57 24 125 7 115 35 150 139 33 110 27 88 107 132 135 142 99 111 61 144 47 140 52 15 113 17 78 120 63 80 12 55 141 34 45 23 48 1 53 42 39 97 93 130 13 114 36 67 128 116 85 79 149 83 145 10 103 28 84 16 101 37 147 58 121 40 112 2 72 119 134 59 38 21 46 14 43 73 98 129 91 18 11 109 22 127 148 68 131 51 77 62 94 6 50 136 122 102 30 20 60 117 41 138 76 92 9 56 70 5 95 96 31 49 71 123 106 66 146 75 143 137 64 32 105 29 86 26 87 118 81 104 54 100 82 90 19 65 126 124 89 133 
126 122 80 1 150 32 48 66 10 63 79 13 68 135 14 43 118 132 15 29 129 65 119 141 25 91 5 33 146 144 92 86 39 108 54 112 142 73 115 78 133 143 139 95 125 12 42 134 7 56 2 37 120 16 18 67 9 140 81 89 30 106 70 21 40 41 22 98 53 23 58 130 117 45 121 46 137 109 72 116 76 57 77 31 149 47 148 100 103 136 104 36 128 55 88 74 35 17 26 28 3 69 99 50 62 131 127 93 71 49 111 4 82 101 113 64 94 20 60 147 124 38 84 102 24 8 61 19 11 114 110 145 90 105 59 51 6 97 123 96 138 27 107 52 87 34 85 83 44 
108 81 99 50 150 102 33 144 56 84 137 109 42 10 136 64 25 1 13 129 130 75 48 146 30 23 71 143 123 141 51 113 127 7 26 78 36 104 54 124 47 87 100 5 31 135 74 73 43 140 89 21 126 59 111 103 16 3 119 90 96 2 22 34 91 147 97 18 15 112 120 4 24 139 149 70 45 12 132 37 32 85 53 57 11 116 118 19 60 92 67 38 29 128 122 52 94 49 138 125 62 8 39 93 86 83 148 110 80 95 114 133 107 6 61 68 9 63 69 88 14 82 41 79 115 58 134 28 98 72 106 46 66 65 145 117 27 77 44 121 105 131 40 142 20 55 101 17 35 
90 34 78 98 146 120 127 125 94 1 85 10 7 25 122 69 116 50 118 75 55 38 129 13 27 80 9 67 68 66 57 37 145 79 3 74 93 115 107 150 108 62 131 117 8 130 88 42 121 41 15 12 4 113 21 71 32 22 86 48 97 140 132 30 56 18 59 128 103 87 92 119 29 137 16 141 134 39 95 35 105 112 60 73 64 99 65 47 5 143 149 51 70 100 53 84 63 109 52 114 45 58 33 11 89 139 28 19 148 104 44 135 126 2 17 43 14 26 23 101 124 136 6 123 76 81 24 133 82 54 138 144 106 102 20 91 31 36 40 147 142 49 72 111 61 46 96 83 110 
113 89 145 130 56 115 122 51 12 125 66 137 44 62 58 123 69 96 6 120 85 136 116 17 121 107 40 1 14 52 144 37 98 95 27 67 74 28 47 82 93 112 5 63 46 3 143 131 4 92 30 70 68 83 15 9 26 132 39 71 50 38 110 88 20 118 24 86 90 57 41 102 100 105 31 72 10 103 75 119 99 23 34 149 124 109 108 13 61 134 60 146 139 101 142 16 126 55 84 79 140 2 35 29 42 77 22 53 21 73 64 114 54 81 97 45 48 87 59 8 147 33 36 106 138 104 11 128 127 141 133 49 76 129 7 111 94 150 65 91 32 18 43 117 19 80 25 148 135 
139 118 85 103 137 88 124 101 16 110 113 9 32 69 13 141 75 65 105 100 106 61 7 36 150 35 134 41 119 84 116 23 5 112 147 53 121 131 19 109 114 50 76 37 144 77 90 1 56 48 59 31 43 39 34 98 28 72 63 21 6 25 4 143 136 10 149 38 8 133 78 91 62 95 68 44 132 82 123 26 97 117 145 122 80 86 3 83 108 128 60 140 71 87 47 66 54 129 11 22 55 74 12 135 126 127 125 99 14 58 40 17 46 120 146 42 57 27 20 102 73 51 92 45 93 29 70 94 115 148 33 30 130 111 142 107 81 2 67 64 15 96 104 52 18 138 89 49 24 
15 91 77 3 4 32 105 85 33 45 108 41 106 75 72 16 18 78 104 146 48 38 118 37 28 88 101 44 70 139 58 110 143 89 83 14 23 119 29 140 86 40 24 94 112 39 1 54 31 96 56 150 74 137 111 34 120 60 67 124 117 64 136 82 21 76 131 5 92 7 61 52 109 130 51 12 71 125 26 17 142 42 127 10 103 132 62 36 135 128 20 134 8 100 133 43 49 19 25 79 126 2 98 66 6 11 147 46 90 115 13 122 121 9 97 93 141 84 53 148 57 81 68 113 65 59 87 102 95 99 114 27 145 47 55 73 149 107 129 69 30 22 138 116 123 144 35 50 63 
94 100 118 19 95 110 8 56 35 49 117 43 20 132 78 145 106 5 32 72 37 15 150 103 74 130 28 119 4 144 116 120 125 147 22 113 48 10 84 9 39 86 47 101 111 12 131 87 96 142 68 55 85 34 148 69 123 102 129 82 51 99 41 13 98 139 89 149 67 63 108 104 141 97 26 30 121 40 29 105 109 112 83 77 80 58 6 128 71 70 136 62 138 76 90 46 33 45 31 21 59 60 91 88 66 122 57 44 42 127 17 93 140 2 65 107 124 1 133 114 92 7 16 137 54 38 146 61 73 79 64 143 126 3 27 18 134 25 52 53 36 24 23 115 14 50 11 135 75 
38 44 49 87 137 29 77 103 111 16 99 146 72 123 23 17 94 127 36 18 150 92 7 142 107 51 20 140 78 105 64 118 84 74 55 135 19 116 124 113 141 59 100 93 2 15 5 13 41 32 147 104 85 120 131 21 133 60 96 126 33 73 125 102 10 139 57 35 119 121 52 89 62 101 24 80 149 134 81 71 31 46 48 12 9 66 115 69 22 117 56 67 43 42 50 112 58 145 97 6 95 136 28 34 40 128 47 8 88 30 132 76 65 75 1 83 54 70 53 110 106 144 90 25 86 109 11 148 114 61 79 98 143 91 4 14 45 3 122 63 37 68 27 39 138 26 129 130 108 
123 62 1 128 117 86 58 106 98 96 85 75 24 114 99 23 28 138 133 8 7 30 112 2 73 72 111 45 5 21 136 107 33 140 118 122 41 116 20 19 35 135 74 149 121 63 59 40 51 129 71 14 77 70 89 67 16 127 82 124 84 145 46 101 22 103 3 6 102 60 141 10 39 94 97 68 126 125 148 38 69 48 50 87 110 130 37 147 47 119 91 64 131 66 150 4 142 57 79 92 93 13 78 11 105 109 90 139 54 29 88 76 56 81 9 44 100 120 26 36 15 95 12 113 104 143 80 17 144 18 108 55 65 115 53 25 43 146 61 42 34 52 134 137 27 132 32 31 49 
30 143 128 45 47 118 83 120 80 89 75 87 12 124 100 65 68 34 44 82 46 71 27 18 19 77 76 117 97 41 14 142 98 5 102 22 113 4 145 92 94 140 1 126 11 122 74 123 62 13 58 119 29 95 28 33 67 32 51 141 39 16 144 52 104 90 129 73 35 9 108 6 134 110 10 7 57 139 107 72 103 112 25 50 26 38 147 127 49 91 37 48 99 114 85 132 60 109 146 63 15 23 43 149 150 96 69 136 70 135 88 55 40 21 61 138 111 17 86 36 116 8 42 133 137 59 101 125 64 93 105 54 24 3 121 78 2 115 106 130 53 79 20 148 66 81 131 56 31 
77 26 84 87 100 72 119 14 138 56 39 37 1 52 99 112 89 111 40 118 8 94 29 33 125 24 41 23 103 130 98 82 57 43 76 19 129 143 36 44 34 88 71 42 115 78 109 114 102 113 62 131 126 135 30 90 16 75 86 93 142 140 106 67 91 133 70 79 28 5 51 54 134 95 65 104 146 96 46 11 74 18 68 45 116 132 60 147 50 144 7 59 120 69 149 63 58 148 110 127 17 73 117 31 97 49 66 81 145 150 25 108 92 20 83 101 35 137 122 12 107 123 2 47 128 21 105 32 121 136 64 27 15 53 48 4 3 10 124 141 38 139 55 22 9 13 6 80 61 
17 12 123 124 80 89 102 74 2 24 105 47 75 84 30 41 141 145 35 81 45 32 67 97 106 132 118 78 52 148 13 54 149 61 128 76 63 72 15 79 5 22 27 39 133 114 115 138 29 58 134 111 18 6 142 55 140 51 126 110 99 116 56 143 8 120 96 103 71 94 7 19 88 144 150 121 48 95 36 92 85 101 37 53 43 136 64 98 14 28 83 147 38 90 11 113 1 107 117 139 4 9 25 104 131 40 69 62 59 50 135 20 31 82 33 93 137 66 65 70 73 87 125 57 127 23 130 16 119 60 108 112 68 122 21 77 146 49 129 3 46 10 109 100 42 34 26 44 91 
49 37 83 17 57 22 56 96 28 81 45 2 25 107 1 75 104 69 114 93 59 140 95 50 101 73 61 71 64 11 24 99 92 44 47 54 10 26 112 122 118 12 68 126 46 8 90 70 91 88 138 78 63 33 27 119 143 29 100 86 136 106 148 82 109 41 18 34 103 13 53 21 127 110 60 35 147 30 62 7 55 98 3 149 129 141 117 97 111 102 31 137 74 105 65 145 125 77 85 132 15 116 124 144 48 94 23 32 146 40 134 20 6 135 142 80 150 84 113 4 72 39 115 66 58 130 108 67 38 42 36 131 5 16 123 14 43 76 128 89 51 19 133 79 52 9 121 120 139 
102 106 13 109 30 63 68 146 32 83 61 96 31 74 22 7 134 40 59 150 66 100 84 47 10 9 76 55 67 14 132 27 124 35 147 111 5 15 52 130 20 117 115 137 145 72 33 108 97 64 65 94 36 116 50 57 95 43 135 28 122 80 62 149 127 148 99 92 41 139 19 98 44 11 2 123 12 129 58 18 75 128 69 119 60 90 107 6 17 114 113 133 104 101 91 3 143 4 51 93 112 138 77 70 21 125 56 82 121 1 45 120 42 131 141 110 37 85 78 39 34 79 25 71 8 54 26 118 105 142 144 46 16 87 126 140 53 89 73 24 81 49 136 48 103 23 29 38 86 
120 127 58 49 18 73 147 27 124 41 85 60 82 15 143 43 76 105 72 99 7 107 90 19 110 14 95 129 87 64 38 47 130 123 122 108 141 68 98 104 16 109 115 111 94 102 80 119 11 134 59 65 74 67 56 29 139 61 135 142 17 70 20 45 114 57 50 97 96 77 83 8 81 10 54 117 79 26 128 131 42 100 13 12 30 63 44 113 118 48 88 93 34 140 144 112 145 75 37 31 121 66 132 9 137 25 28 138 101 33 21 2 125 5 1 36 116 6 103 22 4 78 3 40 23 86 136 35 53 32 146 149 24 52 91 71 55 148 84 46 69 62 39 106 51 126 133 150 92 
8 33 59 14 83 43 73 129 10 137 49 35 1 64 143 112 21 51 58 57 50 105 78 149 131 24 7 145 109 94 80 139 44 81 62 119 106 135 75 46 29 113 39 26 27 120 71 126 6 63 76 5 13 124 67 125 53 66 130 40 30 101 16 117 103 104 60 65 93 38 2 150 77 41 96 17 127 114 146 118 99 19 52 132 138 92 85 142 107 25 47 61 18 136 15 22 45 116 102 147 56 12 70 3 110 88 91 100 37 28 11 84 144 4 140 123 20 108 36 98 48 23 86 87 34 134 128 68 82 121 111 72 97 69 148 42 115 79 54 32 89 141 55 31 74 133 95 9 122 
141 72 24 48 23 77 12 13 30 85 135 45 139 56 123 92 124 51 74 120 117 66 60 113 89 119 1 31 4 25 84 55 33 41 125 150 100 94 101 57 54 59 138 148 93 142 10 15 26 36 50 68 115 78 86 88 147 61 131 37 71 22 97 58 5 27 79 80 129 109 43 137 149 39 3 83 69 143 130 112 19 99 65 49 73 108 105 9 52 111 121 28 87 63 11 34 64 146 17 81 67 90 44 38 98 35 16 133 96 75 104 134 122 29 46 145 53 127 20 118 40 128 114 42 76 107 140 110 95 21 7 32 70 62 18 47 132 2 126 8 144 136 116 106 82 14 103 6 102 
115 108 47 6 39 126 136 119 88 101 12 22 61 144 107 38 26 33 135 113 98 134 78 28 48 68 2 91 34 109 10 54 5 23 56 30 100 64 41 128 84 142 93 90 125 116 94 145 81 117 45 57 79 15 72 141 120 53 8 77 122 3 74 112 80 75 146 127 55 131 150 139 105 21 83 36 132 46 43 51 111 62 16 70 18 37 42 124 52 31 104 29 121 99 106 50 147 14 133 73 89 140 58 49 148 59 82 103 9 102 17 69 143 87 118 63 137 24 76 19 40 60 149 110 27 96 44 95 85 13 65 138 20 4 1 25 32 97 7 71 130 66 11 86 114 123 67 35 129 
144 112 129 103 15 97 136 117 28 31 70 122 62 41 110 71 134 43 85 57 133 72 39 138 104 77 65 55 29 96 8 36 101 118 105 84 146 106 78 100 37 111 102 50 124 86 25 89 7 66 132 114 1 48 91 125 59 10 141 149 11 80 94 73 120 109 3 13 19 113 35 108 54 4 26 119 126 147 107 53 142 88 83 76 22 69 87 52 12 46 81 44 99 95 148 92 27 20 16 38 61 143 74 75 2 115 135 51 128 130 150 32 30 79 140 64 42 67 139 116 17 45 40 6 33 127 63 58 56 21 24 34 9 82 14 98 137 5 90 18 47 23 131 121 60 68 49 145 123 
102 119 82 58 56 139 83 126 8 80 131 75 98 32 81 46 145 99 142 38 95 2 59 150 37 121 62 71 30 72 35 1 103 143 52 55 39 149 125 117 90 27 42 79 13 127 134 137 93 92 7 84 64 22 61 97 63 112 24 60 85 3 65 31 41 11 89 101 140 122 104 43 23 14 78 18 138 40 77 10 53 15 86 34 132 45 130 9 109 76 133 21 135 141 19 12 74 115 118 111 29 114 54 68 120 129 48 25 147 87 51 67 106 6 36 146 116 96 4 5 91 88 107 73 100 144 20 33 123 70 50 136 17 66 108 26 110 105 47 44 128 69 124 16 49 28 57 113 148 
93 71 43 103 88 91 107 115 75 109 44 85 119 47 27 3 50 82 148 62 70 51 133 66 16 6 102 24 108 97 8 29 73 69 46 74 89 17 31 37 99 104 25 21 54 146 63 87 60 118 64 149 79 137 77 86 101 83 32 45 39 106 110 65 42 10 81 98 72 144 23 114 141 131 122 127 9 150 40 36 111 34 53 143 116 126 13 120 100 136 134 12 80 18 117 124 55 14 96 15 38 52 145 30 68 4 84 5 67 138 22 2 61 57 92 41 125 33 130 147 1 142 58 139 112 132 140 28 35 59 49 94 128 56 76 123 26 20 129 121 135 105 113 19 7 78 90 48 11 
73 23 142 132 101 35 112 130 39 16 135 108 110 90 10 18 104 21 78 2 107 1 14 28 19 58 91 40 38 143 12 127 95 109 128 59 131 34 98 61 47 62 50 3 84 27 94 100 51 5 83 126 42 54 102 7 70 119 145 63 76 147 36 68 115 66 6 106 77 123 11 141 136 97 72 67 134 26 48 86 82 117 65 150 13 4 55 9 8 71 137 37 139 85 148 43 33 80 113 29 122 69 93 25 45 81 144 17 20 79 111 129 99 149 64 31 22 146 118 124 41 116 87 15 92 88 133 114 46 74 75 120 105 53 30 60 121 103 49 57 44 125 140 24 56 138 89 52 32 
35 42 16 14 45 82 38 6 100 34 49 71 23 73 147 88 111 63 136 58 90 27 61 20 80 46 128 55 142 116 118 124 22 144 110 115 31 130 62 127 3 4 75 30 68 51 19 104 139 143 95 76 103 53 113 131 13 92 17 24 114 84 81 125 57 83 54 40 50 56 64 32 10 137 121 146 60 133 99 39 48 15 11 36 21 122 94 1 109 18 43 69 101 91 72 140 29 85 132 87 44 108 41 28 25 86 67 119 8 138 149 2 9 7 79 107 65 148 106 134 47 52 145 141 66 123 150 93 37 129 120 105 74 89 98 33 126 135 5 77 102 78 70 117 59 96 112 12 26 
22 92 150 6 83 139 3 18 112 30 137 111 99 48 73 32 20 43 78 147 77 14 65 58 27 142 103 84 53 87 100 113 64 35 7 12 96 102 23 117 38 62 17 115 120 128 41 93 68 105 28 46 13 60 135 66 90 29 59 25 79 106 16 149 97 37 76 52 61 141 104 50 40 89 49 86 119 130 70 121 107 81 145 123 124 19 101 132 129 144 4 118 85 5 88 116 15 24 143 67 72 44 91 80 39 55 140 136 109 57 127 71 148 45 133 8 33 138 31 131 51 82 54 94 63 114 10 125 1 47 134 11 9 26 74 21 110 69 108 75 56 36 2 126 146 34 42 95 122 
63 18 83 79 104 94 80 118 132 81 68 111 26 49 57 108 121 128 16 50 89 91 34 14 52 105 36 47 112 143 74 133 130 44 2 60 100 24 55 142 56 10 65 41 22 53 115 86 107 38 150 51 3 54 117 62 67 77 46 102 4 145 97 15 5 28 30 70 20 134 137 116 129 82 113 75 33 76 23 146 110 9 140 37 122 84 27 119 71 32 125 48 101 45 29 87 88 144 78 126 72 106 39 96 25 11 21 43 93 123 73 6 90 103 7 35 127 59 1 136 13 8 19 114 66 138 12 109 31 42 120 69 147 92 135 148 85 141 17 95 40 64 149 124 61 58 139 131 98 
64 147 1 12 87 17 20 85 55 125 99 83 136 113 5 18 98 121 133 35 130 101 69 142 76 7 65 40 47 78 91 108 57 30 105 32 104 67 42 59 21 60 56 92 149 19 128 95 93 73 94 39 44 53 70 9 88 115 62 90 84 2 45 145 75 135 10 127 80 37 131 74 82 51 52 139 72 129 33 143 25 144 118 132 13 14 23 103 141 4 58 8 48 96 34 22 109 123 112 114 79 46 50 3 120 11 68 148 122 16 81 27 106 150 116 36 134 24 77 107 29 140 138 86 38 119 31 97 89 63 54 71 126 6 124 41 137 26 102 110 146 43 28 111 66 49 15 61 117 
17 67 31 130 98 136 140 129 23 75 11 133 150 81 62 56 95 58 65 92 141 97 145 135 46 115 77 90 85 33 148 80 44 143 72 49 39 124 68 88 16 29 42 96 132 37 84 10 78 149 76 64 107 106 138 19 120 5 59 91 89 125 99 126 1 8 3 134 109 66 102 35 114 142 54 103 9 18 113 70 27 112 30 69 123 36 52 110 108 57 100 82 26 73 83 116 117 4 12 55 147 131 139 127 63 104 24 40 48 20 13 87 22 86 94 93 53 60 105 144 7 32 28 137 47 43 122 61 71 79 2 111 128 15 14 38 121 118 34 6 146 25 50 41 119 21 74 51 45 
41 42 99 96 98 46 69 54 14 101 134 92 76 84 20 137 88 18 131 82 27 72 138 17 90 104 50 62 121 113 85 140 132 117 91 63 77 133 115 33 119 16 127 6 11 8 35 68 13 9 65 116 142 143 79 94 145 73 136 53 22 78 49 144 100 15 21 74 87 51 71 29 37 70 106 75 111 148 141 25 31 45 129 30 19 108 52 32 118 107 60 59 125 110 128 10 123 112 86 147 66 61 58 55 95 40 105 97 5 1 120 149 150 48 3 34 36 81 24 47 130 57 7 56 43 80 67 28 126 12 2 89 139 109 38 122 83 4 103 64 124 26 135 93 146 23 44 114 39 
39 134 40 7 87 108 49 121 119 107 85 115 88 19 84 83 41 28 61 124 137 113 67 63 1 26 12 110 66 99 13 135 114 9 105 44 136 141 80 48 94 149 112 71 111 146 16 21 143 27 33 142 60 150 127 131 46 101 120 29 3 78 148 118 37 132 109 95 55 30 91 42 130 122 116 133 147 53 62 145 6 102 58 98 93 15 129 140 81 54 125 56 69 31 14 23 5 22 36 104 77 18 86 2 128 45 24 38 126 47 52 96 20 35 43 90 17 139 50 70 79 92 82 64 123 34 59 89 74 117 138 32 76 10 57 51 144 106 65 68 73 72 11 97 4 25 8 75 100 
16 1 38 82 3 135 75 59 94 9 127 76 10 147 37 149 66 142 31 111 47 137 22 109 21 70 7 126 40 133 52 24 2 108 32 30 87 90 14 96 116 83 19 67 60 69 51 4 84 121 91 128 138 58 5 81 62 13 119 36 6 98 35 79 118 144 8 93 63 34 145 15 103 88 26 102 17 112 99 61 129 44 150 141 74 48 143 25 57 107 92 73 71 54 55 56 136 132 65 146 68 113 29 123 33 28 115 27 45 130 122 23 50 120 46 117 11 72 131 106 140 125 12 95 18 53 64 89 49 80 114 77 42 124 41 86 100 148 101 110 134 39 105 78 139 97 85 43 20 
136 139 111 117 61 59 69 75 4 17 102 83 138 103 126 18 14 53 31 88 86 54 150 37 119 32 129 19 84 82 132 7 74 114 27 58 66 3 36 16 96 76 23 65 112 46 79 147 91 130 11 63 110 28 20 148 41 73 92 45 43 116 127 8 123 131 56 6 134 30 78 120 55 1 57 71 34 2 94 47 70 104 97 140 99 101 95 141 89 60 12 107 21 135 39 52 133 22 38 143 9 64 100 125 128 26 35 144 81 121 25 149 50 49 80 24 85 90 77 10 44 67 115 93 62 72 51 122 33 124 68 108 87 118 13 146 142 98 106 40 109 42 5 137 29 48 113 145 15 
65 55 26 79 143 116 27 58 70 139 111 107 98 30 93 59 31 68 96 84 18 119 15 134 47 32 90 101 147 45 82 14 36 80 42 56 19 62 97 76 11 77 86 53 87 91 83 8 41 94 100 135 35 61 60 121 16 2 146 43 127 130 22 64 34 144 24 39 6 92 88 57 142 17 131 12 122 81 128 29 21 66 95 117 63 20 73 148 5 105 118 10 125 113 52 1 40 85 150 108 120 115 25 13 124 136 110 141 38 138 103 89 51 102 104 133 112 48 9 3 4 54 71 74 145 129 50 69 23 33 28 46 49 44 109 140 123 149 37 132 75 114 99 7 78 67 137 72 126 
33 100 21 73 40 137 140 69 106 135 71 18 44 6 30 58 130 68 26 38 124 8 147 48 143 76 14 112 10 101 84 108 118 146 92 83 22 12 102 131 94 144 36 1 149 105 23 54 145 90 7 55 123 126 47 96 141 25 98 93 17 39 91 99 34 79 117 66 115 89 65 5 136 37 60 51 78 61 150 75 87 46 16 113 138 81 139 74 42 111 129 97 13 28 45 88 41 109 132 82 104 122 29 4 62 67 119 63 127 32 53 15 125 80 31 95 77 72 59 43 120 148 57 52 121 24 85 2 56 20 27 133 114 3 103 134 64 49 128 9 142 35 110 19 86 50 70 116 11 
7 114 82 51 68 141 57 1 31 60 63 4 3 24 20 56 106 50 126 73 9 65 84 21 33 123 99 8 112 131 146 81 95 37 118 138 42 13 136 26 40 54 103 77 140 69 62 64 74 53 61 18 122 110 144 132 129 75 23 36 119 100 104 109 46 113 38 19 41 87 79 44 105 117 85 101 70 83 10 34 39 133 91 22 48 96 78 80 94 102 150 116 147 130 148 125 66 88 6 121 139 111 32 59 12 35 14 86 30 142 27 29 134 5 2 45 47 137 71 11 127 89 67 98 58 28 120 97 49 124 16 55 52 115 93 17 15 143 149 145 107 76 43 128 25 92 72 135 90 
81 97 43 37 102 79 12 135 74 10 63 41 104 94 72 24 125 22 118 141 40 122 64 53 99 83 106 4 96 47 34 91 33 3 138 76 127 78 39 35 142 84 133 70 20 18 58 8 56 140 27 13 113 16 32 14 52 73 134 65 54 19 89 82 45 17 85 75 21 123 95 130 86 5 80 131 115 108 26 112 15 30 44 150 121 87 51 92 48 60 90 145 46 2 1 119 38 23 126 116 28 128 25 98 105 59 62 55 111 132 49 139 42 149 136 144 148 88 143 31 69 137 29 124 110 71 103 9 117 68 120 114 7 101 67 6 50 100 147 77 11 146 61 93 57 66 36 107 129 
3 106 32 19 92 131 122 119 17 118 133 16 68 90 25 10 11 30 85 60 53 62 76 57 111 27 56 29 72 141 116 26 39 86 34 148 96 40 2 89 142 38 121 51 115 7 136 113 33 112 50 97 44 23 81 46 47 129 130 95 22 31 91 67 108 127 93 70 69 28 125 105 24 128 8 138 99 103 71 144 73 135 64 48 18 79 100 52 117 61 143 9 58 45 147 102 59 12 80 66 87 36 74 123 21 54 124 120 146 49 65 20 88 150 41 75 14 77 78 132 13 149 82 134 1 126 63 101 98 104 114 94 35 107 139 55 5 43 6 84 140 37 109 145 4 42 137 83 15 
145 44 49 129 63 7 102 97 103 61 38 132 83 12 51 57 112 16 9 72 108 90 130 148 37 60 46 30 109 73 79 134 133 118 41 19 77 8 119 53 82 146 39 45 65 116 101 56 88 104 14 68 147 131 66 62 94 36 5 2 67 40 15 35 136 138 11 1 89 78 117 106 64 110 87 3 121 141 115 29 127 86 150 120 128 91 76 69 58 13 31 139 6 22 140 126 71 85 96 43 92 42 122 99 54 23 142 28 98 80 70 17 47 27 95 105 75 143 18 135 50 4 25 149 124 107 34 55 125 52 100 123 93 113 144 20 114 33 26 48 84 137 10 32 24 81 59 74 21 
143 77 101 75 4 146 1 149 76 35 27 49 59 144 53 109 34 68 73 67 122 23 121 117 7 57 58 78 134 56 51 5 80 30 126 136 26 129 43 12 130 139 45 82 71 111 28 83 72 147 100 38 145 95 62 128 9 46 97 8 61 3 18 105 132 96 103 90 39 148 106 138 119 88 60 37 44 14 24 98 107 70 2 115 118 99 142 50 13 31 85 137 42 20 33 92 29 135 55 89 19 124 54 93 40 94 65 141 21 47 32 66 11 36 25 102 74 63 64 120 133 131 16 150 114 52 17 108 125 6 104 22 87 48 15 123 140 10 81 91 113 69 110 86 127 41 79 84 116 
70 45 4 13 20 117 123 44 73 55 87 148 19 14 134 82 149 71 5 53 56 111 103 106 118 132 59 3 101 125 150 95 92 147 112 84 36 60 94 79 137 131 109 145 116 114 121 51 75 23 88 96 37 57 120 89 128 32 142 25 69 136 42 107 50 41 1 10 83 62 140 78 11 76 105 119 18 17 58 43 126 27 63 31 97 86 130 122 6 21 144 99 77 143 34 54 138 129 85 66 104 28 133 146 100 61 15 115 7 135 38 90 68 48 29 22 98 139 39 65 74 2 33 12 91 30 35 64 8 72 110 141 108 102 124 127 47 16 26 40 93 49 52 24 80 81 67 9 46 
82 15 54 146 47 97 79 52 136 37 84 36 128 78 29 16 3 30 45 113 21 71 11 92 104 68 106 61 93 20 135 134 66 123 147 60 2 99 112 96 141 86 33 80 10 25 56 142 150 43 88 9 76 130 62 132 28 39 13 7 38 94 42 63 129 116 17 149 5 90 131 140 108 44 120 133 95 19 40 148 83 67 110 58 101 125 127 46 6 81 115 138 126 105 91 143 119 73 51 26 111 53 87 103 98 124 118 18 12 69 117 14 144 49 22 64 50 122 57 1 77 137 27 24 89 48 41 65 74 145 4 102 8 72 59 109 85 55 32 70 139 75 23 31 107 121 35 100 34 
138 27 83 7 44 43 109 61 9 5 47 150 82 76 148 119 41 14 48 31 141 52 93 19 121 108 102 75 67 136 103 91 147 1 11 20 145 16 13 116 30 78 23 45 66 65 70 8 49 79 3 96 127 24 146 132 129 131 57 85 128 106 58 71 12 34 18 33 51 113 111 46 90 130 80 6 139 144 53 74 92 32 55 50 62 26 99 125 134 42 81 25 10 114 4 122 15 37 60 140 95 105 40 39 97 143 17 94 142 54 149 101 68 21 137 59 98 77 110 86 89 28 73 107 84 87 120 36 56 72 64 35 88 123 100 38 29 126 124 117 2 22 135 69 133 112 104 118 63 
19 132 95 20 71 59 133 127 102 78 131 96 80 122 137 36 135 126 113 105 129 149 62 115 33 38 6 86 14 69 23 12 58 93 45 67 42 39 18 100 146 28 2 1 125 123 21 83 7 106 10 70 84 117 44 37 75 88 64 147 72 90 61 15 112 118 16 27 124 40 34 142 136 81 119 11 143 94 82 13 55 48 108 111 103 32 56 120 43 141 24 3 138 107 148 76 101 22 104 66 98 92 50 91 54 73 121 89 41 17 114 30 109 57 35 65 68 63 139 52 134 77 74 49 145 60 31 5 9 8 150 110 29 99 47 79 46 53 85 26 51 130 97 140 87 144 25 4 128 
92 4 33 147 140 3 145 111 110 17 123 105 45 48 55 82 150 138 139 76 64 143 26 83 32 116 15 125 5 149 38 94 35 1 137 131 42 50 102 96 87 54 31 84 129 118 127 8 16 30 11 34 135 69 128 51 79 80 49 81 112 109 67 75 22 53 40 47 103 130 106 108 66 78 52 7 85 10 101 134 122 136 91 132 60 89 43 2 121 39 20 90 57 36 58 62 65 41 104 120 21 99 46 133 97 93 74 6 142 100 115 44 25 113 18 27 124 23 68 119 63 19 29 37 86 72 12 70 9 73 14 77 59 148 114 13 146 28 126 95 98 24 56 71 107 144 88 61 141 
103 3 84 6 105 64 101 60 133 37 146 48 107 72 98 102 65 135 25 18 137 138 54 116 41 130 52 58 85 81 140 93 124 88 47 136 87 24 129 22 125 13 15 120 117 8 143 23 67 76 11 92 100 43 55 57 70 139 36 2 68 51 56 53 19 89 95 44 33 4 82 31 144 132 27 26 49 149 148 91 32 9 34 30 14 122 10 123 145 108 127 113 71 83 97 45 141 114 5 16 69 110 79 119 1 131 21 109 106 35 7 150 50 90 42 74 78 46 73 121 147 40 99 128 61 80 77 38 17 63 29 66 94 62 96 86 112 20 104 111 142 28 115 75 59 39 12 126 134 
66 148 32 15 104 47 72 103 117 6 59 23 126 108 60 51 95 40 85 137 7 129 1 49 28 53 71 10 48 92 133 55 132 61 11 138 27 118 67 39 17 128 63 2 98 41 105 42 19 130 20 123 16 134 3 101 4 36 109 89 100 37 149 142 13 9 112 25 146 77 86 144 131 145 116 102 8 125 87 65 43 143 76 81 91 56 147 114 80 82 57 69 141 33 62 139 121 140 64 73 94 58 68 111 127 34 150 46 96 21 5 90 107 12 44 31 75 78 24 26 38 115 79 99 113 14 35 45 122 52 54 135 22 106 110 18 50 136 93 84 30 74 124 97 83 120 29 88 70 
78 22 84 113 79 58 40 94 150 21 31 128 72 83 90 123 17 66 140 91 11 102 115 149 30 114 127 139 100 24 135 14 142 27 42 130 60 108 109 121 67 93 88 146 65 99 137 77 1 39 55 73 103 19 7 126 68 53 2 136 62 74 101 92 76 33 9 81 144 56 85 18 20 49 36 69 59 26 46 32 96 138 122 48 64 129 28 16 87 25 12 23 45 95 107 13 43 98 51 110 70 4 148 29 15 117 8 82 134 80 54 104 5 141 111 97 3 75 125 119 38 37 34 61 10 132 124 41 89 57 133 6 47 143 112 86 145 105 131 116 35 147 50 52 106 63 44 71 118 
3 129 112 5 87 82 74 114 31 150 25 127 104 23 117 18 110 55 122 97 48 108 15 78 21 86 57 119 70 88 46 75 22 102 130 49 58 149 134 6 101 11 89 1 13 53 103 45 59 136 135 20 124 36 50 138 93 12 106 68 69 137 51 145 61 40 62 56 83 96 120 34 43 80 95 54 99 113 141 146 14 109 94 140 85 147 125 84 73 16 52 67 91 9 115 111 29 143 81 123 39 132 116 7 107 76 38 71 92 105 30 139 118 4 77 65 10 27 128 148 37 126 28 66 32 90 100 63 35 19 47 142 2 98 8 17 133 26 79 33 131 24 60 41 64 72 44 42 144 
130 105 32 146 62 20 80 41 124 107 84 36 5 16 60 3 126 71 114 66 11 29 89 88 134 38 121 30 1 101 98 75 137 2 119 45 123 142 46 149 70 118 138 128 37 94 120 27 79 144 76 9 59 56 7 43 67 44 143 150 93 131 104 99 57 83 140 51 23 141 117 34 136 21 54 78 58 69 14 145 12 17 148 90 129 8 13 113 22 103 19 25 40 108 82 95 31 63 100 6 47 106 39 72 115 74 133 64 68 15 92 26 49 65 102 127 86 87 110 61 109 48 35 55 10 4 147 53 33 111 28 18 139 81 85 97 132 73 112 125 96 24 135 91 77 42 116 50 52 
94 95 67 99 31 60 108 85 110 55 102 121 129 71 120 39 34 64 80 131 117 22 143 19 100 92 112 26 48 63 73 130 4 58 47 11 83 59 119 89 75 109 66 93 82 118 103 46 51 69 38 35 78 3 105 44 5 57 27 111 9 7 116 30 56 52 79 145 12 115 28 53 140 104 13 62 54 25 70 15 14 133 61 139 2 107 135 126 86 36 72 41 6 88 8 77 114 101 17 23 147 90 132 124 65 106 122 149 10 134 148 45 113 42 1 136 21 16 97 18 91 43 150 137 29 40 24 33 128 74 125 146 98 50 76 37 84 49 138 127 87 142 144 20 81 141 32 96 68 
47 132 72 91 57 28 106 147 15 26 53 87 5 103 24 94 17 62 148 31 118 52 82 77 116 4 35 108 83 138 85 76 56 102 27 66 144 40 58 34 23 89 133 137 74 81 113 80 14 130 42 63 39 98 95 37 2 29 97 43 68 55 129 22 90 84 54 109 67 126 45 19 59 107 142 134 71 65 41 32 122 119 60 115 9 78 25 139 12 99 79 141 131 75 104 123 111 51 46 6 33 50 73 143 140 96 93 48 8 150 13 36 110 136 11 100 125 16 105 145 86 1 114 10 21 146 149 120 38 44 18 69 128 117 70 127 112 49 135 30 101 64 7 88 61 3 20 92 121 
138 111 52 2 79 90 62 104 40 137 87 127 10 126 72 121 80 51 15 91 58 140 8 33 78 14 130 129 39 61 71 38 128 81 97 122 146 132 113 102 31 116 101 66 9 110 109 60 20 135 92 134 144 64 46 63 36 112 56 98 150 74 13 16 96 4 37 114 139 67 57 117 82 142 7 17 115 118 145 23 84 133 6 89 77 143 32 47 41 43 93 44 42 50 27 5 24 148 19 49 48 11 95 107 119 30 103 59 123 68 54 99 100 86 75 94 131 85 12 26 45 108 25 147 29 34 88 53 83 35 21 28 105 70 120 149 3 18 141 1 106 136 73 124 22 76 55 65 69 
148 58 100 86 75 145 149 32 106 97 147 37 115 121 143 42 19 135 87 21 30 55 74 139 105 104 39 3 88 124 133 70 94 50 25 13 84 2 48 95 131 82 72 146 53 107 132 76 38 23 36 78 73 29 102 110 150 140 123 69 26 142 59 101 40 128 99 66 91 125 122 98 117 79 49 35 144 20 89 18 9 68 57 103 15 45 137 64 22 83 33 108 113 7 119 24 1 127 114 60 31 116 56 134 130 111 8 90 51 129 10 41 71 120 14 44 77 6 5 63 12 93 118 46 67 47 85 17 61 112 11 28 27 34 52 43 109 138 92 54 65 81 80 4 141 62 16 96 136 
40 109 139 7 149 119 99 23 121 118 112 122 1 27 56 94 8 68 141 131 4 31 69 49 111 147 16 61 55 138 11 47 72 86 116 97 117 28 34 42 20 25 58 142 75 87 74 100 85 22 59 89 84 41 133 29 105 92 91 81 36 130 5 15 148 57 107 51 140 103 113 82 71 134 137 53 67 135 77 146 2 26 44 96 124 106 12 10 79 54 76 35 24 6 136 30 98 78 63 32 38 93 101 43 143 95 144 83 39 50 115 110 3 126 128 37 33 18 46 13 104 73 19 17 108 150 9 145 90 65 132 102 62 14 66 88 114 45 60 129 80 64 70 123 52 21 120 125 48 
67 42 38 53 104 145 125 64 20 36 101 97 28 65 61 122 107 15 120 8 56 22 141 137 5 133 13 48 129 44 46 49 90 121 19 150 26 117 119 87 89 132 68 55 72 35 9 41 140 78 116 115 113 112 99 114 118 14 16 86 45 98 40 23 130 88 58 31 30 142 51 124 131 103 70 73 100 66 80 149 11 71 96 135 10 84 29 47 76 54 37 139 105 83 27 94 95 33 12 7 69 32 24 109 123 148 85 63 4 57 17 144 52 39 6 102 62 75 127 92 147 79 34 106 93 111 146 18 60 25 2 110 74 82 126 77 91 21 43 136 81 50 59 108 1 134 138 3 143 
38 35 32 99 16 110 117 114 25 41 33 4 133 141 83 17 49 115 105 134 55 150 31 73 7 28 52 43 34 79 84 123 124 142 108 145 119 69 13 60 104 103 72 140 20 89 71 10 138 68 144 80 27 136 132 62 98 109 74 76 95 23 94 125 118 45 143 127 53 102 3 128 97 130 85 111 131 70 48 1 82 22 107 66 75 11 96 100 15 147 18 5 44 37 106 65 122 12 92 81 14 19 149 9 46 90 64 88 50 137 61 36 77 135 146 87 8 29 112 30 54 86 42 67 40 101 47 57 2 21 93 56 116 39 59 58 121 91 126 24 63 51 139 78 6 113 120 148 26 
70 80 111 133 126 26 107 102 146 96 116 104 89 138 52 24 42 65 10 121 120 41 58 132 131 150 82 57 124 56 66 69 22 18 86 59 12 36 7 94 127 29 103 139 84 142 54 38 91 105 21 23 117 20 87 28 19 33 100 147 108 2 46 149 15 14 98 119 110 129 93 45 72 125 95 25 76 61 113 118 90 27 39 137 53 55 11 35 37 143 64 122 32 8 73 123 77 141 88 67 62 9 99 106 75 85 135 101 81 17 6 49 79 145 144 30 97 136 47 43 40 63 48 16 44 114 51 68 115 112 78 83 4 109 3 140 5 1 60 31 74 92 50 148 134 128 13 34 71 
81 73 116 12 111 100 135 95 114 9 45 137 130 140 26 121 4 66 39 46 103 67 55 19 87 49 60 136 96 63 47 11 16 41 43 61 14 5 35 94 62 117 70 146 84 52 113 33 36 83 120 30 112 18 129 68 76 148 75 134 17 127 86 32 38 78 13 109 128 22 31 107 82 25 51 69 99 2 58 77 8 23 139 90 126 37 138 74 50 141 104 85 56 143 57 40 1 133 89 24 101 105 97 48 71 119 108 142 88 10 145 122 59 149 102 115 80 64 92 98 44 27 28 124 7 118 123 54 6 29 150 21 34 144 42 147 106 93 3 110 15 125 72 53 132 79 65 91 20 
84 94 59 2 113 73 49 32 21 31 66 57 27 69 112 97 58 46 101 1 64 124 7 4 17 43 19 148 102 114 110 141 78 147 14 75 125 51 37 33 117 122 109 12 34 65 85 104 11 36 87 133 123 126 130 53 40 95 20 138 28 86 54 108 15 100 145 3 52 29 42 48 5 120 91 74 128 47 139 119 62 149 10 25 70 76 131 88 72 38 18 79 99 44 35 26 146 142 92 80 13 89 77 63 93 71 67 127 144 143 8 98 129 6 116 60 134 30 16 50 61 103 23 41 140 55 56 9 39 81 90 22 96 83 45 106 150 118 137 135 105 107 82 24 115 111 136 121 68 
69 116 141 63 85 18 108 51 28 25 37 91 32 15 17 149 80 135 12 84 42 38 7 120 77 81 20 148 47 55 144 22 113 124 50 21 95 49 121 87 11 23 70 142 41 35 30 31 5 114 61 96 130 115 97 48 19 106 57 140 110 117 83 143 78 46 119 60 3 34 109 8 86 79 90 99 126 27 145 98 127 4 102 94 71 52 105 82 29 9 147 74 14 54 62 33 45 107 10 125 100 13 39 68 101 93 136 36 137 53 103 92 44 122 132 76 150 89 64 129 88 73 139 16 146 6 75 26 104 118 112 40 67 24 58 131 59 65 56 1 2 134 43 111 128 138 123 72 66 
52 2 130 121 47 108 107 83 146 38 62 135 28 133 114 32 53 122 106 147 87 132 109 20 94 71 68 13 42 63 142 84 137 110 138 77 9 23 120 127 148 26 24 124 86 66 70 125 14 4 58 55 118 150 39 76 74 88 101 40 30 3 80 91 44 22 96 18 35 8 51 49 37 11 85 136 36 29 15 139 54 90 60 31 100 128 41 48 115 25 82 116 75 112 5 27 105 113 43 67 141 117 129 93 72 92 34 61 95 119 98 57 111 59 33 19 103 149 7 1 6 145 50 64 65 21 102 97 104 99 143 73 16 123 10 131 140 12 45 56 79 69 81 126 46 78 89 144 17 
23 75 19 50 1 5 44 116 92 20 90 47 117 137 48 112 7 53 98 2 76 149 84 25 60 67 65 146 34 106 27 12 55 143 124 80 105 18 148 97 61 78 14 11 144 77 26 118 131 91 6 103 89 35 64 39 33 104 130 9 139 51 115 74 49 121 85 133 82 16 102 57 94 136 3 72 120 93 122 127 29 83 109 126 24 58 38 42 69 43 129 125 96 132 110 73 28 52 114 108 111 147 101 10 142 22 88 45 128 32 8 66 87 140 62 41 95 138 15 71 31 40 70 134 119 79 86 21 56 36 99 4 100 81 141 123 46 54 150 113 68 30 107 145 13 63 37 17 59 
49 104 119 66 8 26 85 45 78 125 77 7 92 62 69 53 111 1 42 146 142 50 110 129 138 43 116 81 27 36 102 123 126 127 88 124 25 65 109 149 58 5 93 70 96 47 134 98 84 68 16 46 19 52 115 14 55 63 133 13 57 31 10 75 11 44 106 147 3 32 12 144 89 15 23 54 83 34 143 107 29 122 135 101 64 128 121 35 140 82 148 108 74 67 30 2 137 41 139 61 97 6 72 95 48 150 28 130 9 33 18 80 40 145 20 100 38 86 4 17 59 87 22 21 91 51 24 120 103 39 56 73 132 90 71 99 60 118 94 117 141 76 113 114 37 105 79 112 131 
59 58 4 143 115 117 22 43 25 14 136 90 106 7 29 56 103 28 100 77 69 27 76 123 116 52 16 6 64 32 3 81 30 114 112 41 10 138 109 141 83 17 19 125 62 132 127 95 150 35 133 82 126 149 120 47 61 70 146 18 89 108 128 130 33 42 38 13 66 144 98 104 54 105 74 94 92 49 48 51 88 34 107 85 131 71 67 46 97 122 118 57 8 84 11 50 134 44 60 140 45 31 37 40 12 110 5 2 93 91 121 73 139 96 148 113 26 23 119 147 135 145 101 55 1 87 65 86 102 21 78 75 111 24 39 36 15 80 79 142 99 129 20 124 72 68 53 63 9 
17 137 56 66 99 93 101 3 55 23 107 113 96 47 59 86 131 26 129 150 110 60 98 71 142 140 91 134 39 122 72 34 48 2 115 24 104 45 8 135 1 92 40 97 18 103 73 133 61 65 128 100 67 62 13 11 130 52 119 15 38 54 58 89 49 94 7 78 88 80 16 68 83 149 36 85 90 70 19 21 50 136 75 74 108 114 125 22 32 144 143 31 27 69 127 146 116 14 20 57 6 30 5 105 123 106 148 29 77 79 112 120 117 9 102 145 84 109 28 87 53 64 82 35 147 141 10 126 51 12 121 76 41 139 118 44 33 46 124 4 111 95 63 43 81 132 25 37 42 
97 2 85 105 77 56 52 78 149 129 95 108 43 87 73 142 27 33 122 54 51 29 45 44 12 15 144 39 24 32 1 118 16 10 96 37 67 14 69 148 68 123 94 55 65 135 48 22 58 115 7 50 100 131 138 130 30 133 106 81 62 120 143 49 34 128 91 6 28 132 66 71 109 46 104 21 47 84 99 107 145 92 26 90 111 80 11 42 126 36 74 86 76 141 113 63 98 57 31 8 121 140 116 79 89 17 110 20 93 114 40 18 60 134 112 70 103 88 5 19 147 3 125 83 9 101 150 38 137 13 4 25 102 41 117 72 146 127 82 59 64 61 23 75 35 124 119 136 53 
10 19 91 23 85 75 144 130 129 138 2 52 120 110 64 121 147 89 35 141 58 20 128 88 21 135 36 112 66 13 22 125 51 123 67 145 41 34 60 100 124 148 1 25 29 16 71 101 31 11 65 86 59 32 14 7 70 118 122 40 82 103 28 143 37 62 149 44 73 6 9 5 80 95 26 55 76 42 84 63 102 61 131 117 68 137 47 139 136 106 107 3 83 113 109 92 105 90 15 150 45 142 134 18 50 72 94 69 111 79 96 12 98 17 126 54 43 4 74 8 39 56 33 27 93 97 132 115 46 108 78 57 104 53 133 146 127 77 99 114 116 30 38 81 87 49 119 24 48 
94 58 133 43 75 44 142 125 42 101 144 131 134 147 111 8 120 107 128 29 30 95 69 9 76 16 138 118 143 1 49 87 12 39 108 55 105 4 103 74 139 91 61 135 136 117 66 77 36 89 56 15 57 145 137 127 98 63 116 102 71 148 53 122 20 72 19 81 37 52 92 123 88 33 124 2 82 18 46 150 132 130 115 90 34 24 110 109 64 17 112 13 80 70 65 5 14 78 149 126 51 104 106 97 35 23 99 96 6 79 100 59 84 114 73 140 11 7 25 121 67 32 86 129 38 47 146 119 21 60 41 83 28 27 26 50 93 45 62 68 10 3 22 85 113 31 54 48 40 
34 1 110 35 54 65 134 29 144 68 113 141 106 86 75 107 5 103 148 76 94 92 89 52 122 126 85 146 19 32 58 30 63 37 51 12 119 137 125 150 25 21 91 100 81 72 111 22 82 84 6 23 60 46 74 80 2 99 143 73 13 145 102 62 40 121 88 41 128 131 140 42 31 98 149 47 127 97 66 36 57 16 45 138 77 39 55 4 17 139 95 114 27 24 53 9 104 83 124 64 90 79 15 135 33 67 118 48 38 130 28 18 7 50 14 129 3 136 147 116 69 44 109 49 101 43 133 71 117 132 11 56 61 96 26 8 115 120 93 87 70 112 105 108 10 123 20 59 78 
19 130 136 107 103 129 48 121 1 148 18 120 78 8 146 24 131 15 134 47 93 11 150 141 70 54 39 127 60 138 16 89 61 13 102 59 122 132 114 56 22 34 31 62 106 71 84 55 40 3 44 73 65 64 7 110 101 69 92 2 142 35 6 108 128 135 41 139 95 119 79 32 12 17 90 94 75 123 72 98 26 88 57 67 104 52 91 81 100 29 149 28 133 77 36 9 53 96 99 82 50 147 46 115 112 97 20 74 76 125 30 105 137 33 5 4 66 37 118 68 83 21 63 145 27 111 117 51 113 14 85 43 140 38 10 126 58 45 109 25 23 124 144 116 49 42 86 80 87 
1 54 146 121 20 137 91 35 128 12 61 119 52 72 82 45 24 94 100 15 129 147 62 75 136 85 76 13 97 106 101 51 27 5 23 39 37 115 68 142 120 44 56 71 29 148 8 149 150 57 145 66 50 90 11 107 98 36 122 65 43 64 60 32 4 141 58 133 99 19 10 38 126 86 2 135 41 73 25 31 111 104 134 87 28 140 70 132 55 22 42 78 34 16 139 47 21 67 138 113 69 59 48 96 79 130 77 33 49 123 114 92 102 95 14 108 110 109 103 124 125 63 6 116 3 81 143 17 105 117 89 40 9 18 127 84 112 30 80 93 88 83 26 74 131 53 118 7 46 
75 101 1 132 5 105 16 142 21 49 51 146 71 42 56 147 113 99 33 44 111 66 89 38 4 31 15 100 117 69 48 84 134 137 129 76 61 67 121 138 25 120 52 85 112 43 37 103 65 46 144 58 36 26 136 98 39 27 77 2 7 40 149 125 20 59 104 53 13 11 18 122 133 55 50 107 109 68 126 110 91 141 8 74 123 130 92 79 108 116 94 139 10 35 22 70 90 118 150 60 102 6 95 135 29 81 62 73 9 41 97 96 124 28 80 19 30 88 14 114 83 119 127 106 34 72 148 54 131 57 93 143 86 24 115 3 45 140 17 63 64 82 128 23 47 87 12 32 78 
54 134 91 11 29 57 19 42 8 132 102 43 5 6 78 65 115 34 82 149 9 119 111 75 125 114 72 15 127 118 88 93 41 2 62 10 110 12 94 79 70 76 121 60 13 52 130 23 123 31 92 131 137 100 140 101 122 33 45 120 135 38 25 126 81 39 64 148 105 59 16 58 133 55 112 28 108 95 53 30 44 80 66 4 128 21 83 96 147 36 141 68 74 51 109 129 77 139 3 67 136 145 107 84 103 150 87 89 138 49 48 32 14 63 85 143 24 142 50 37 86 106 117 35 27 17 40 7 98 97 73 22 47 90 61 20 104 124 144 69 113 99 26 56 18 1 116 71 46 
46 52 2 150 27 107 133 85 88 132 65 112 3 40 71 128 119 43 89 90 94 141 12 113 138 109 47 120 143 115 124 67 28 140 7 59 82 97 145 149 106 117 4 14 98 62 129 48 54 61 38 23 72 103 81 31 37 91 104 33 80 1 41 76 64 22 79 21 114 101 25 26 29 135 18 36 9 51 50 39 35 20 58 121 96 42 77 95 60 16 45 110 139 93 84 99 148 146 142 87 66 122 69 100 5 137 44 75 126 86 24 131 68 136 8 125 127 102 78 49 83 116 105 74 10 34 32 15 134 108 118 92 30 53 57 19 144 55 6 63 56 70 111 11 73 123 17 130 13 
150 3 127 42 82 10 97 56 64 57 74 47 83 146 55 147 70 142 101 61 106 114 12 41 138 116 141 111 110 51 105 40 109 5 59 54 14 100 131 87 92 121 72 129 24 144 123 93 84 29 19 50 35 107 149 49 34 134 60 71 43 103 98 48 115 136 30 135 112 94 37 8 6 133 36 99 139 120 68 18 90 39 52 140 31 28 2 113 104 143 63 77 79 26 7 118 1 145 76 53 86 33 125 15 17 130 95 102 88 66 38 22 124 128 81 108 27 96 132 126 4 45 75 80 119 122 78 16 9 91 62 13 44 67 58 73 23 65 21 20 69 117 89 85 137 11 25 32 46 
145 21 92 73 103 138 113 133 11 105 45 130 42 98 125 111 118 93 23 7 47 101 136 77 123 124 117 37 142 144 114 88 3 32 18 60 53 43 146 94 78 39 126 38 14 46 104 140 51 116 120 24 97 74 2 44 6 67 58 82 79 28 86 4 34 90 20 89 13 10 29 40 25 48 16 147 9 106 17 36 91 71 68 148 41 55 15 134 132 96 128 119 57 64 66 102 72 143 122 56 85 69 135 26 12 100 61 59 62 27 112 5 80 1 76 121 81 129 99 150 50 141 65 139 137 31 30 83 87 52 108 115 109 63 110 95 127 84 35 54 22 19 75 33 107 131 49 70 8 
120 62 38 29 35 58 89 109 132 127 123 119 128 77 31 73 90 82 93 25 125 135 113 81 92 100 19 3 145 53 26 21 9 42 141 78 40 48 23 24 10 140 83 14 7 61 34 37 96 149 122 103 98 143 91 117 111 75 104 13 30 16 60 74 79 106 67 124 70 80 51 101 1 6 43 57 44 36 108 28 17 54 15 144 147 112 11 8 88 72 50 86 85 107 118 22 84 137 47 55 12 49 115 121 131 69 99 2 110 71 133 56 130 4 126 146 41 52 136 18 5 129 102 105 139 27 76 33 114 134 94 138 65 45 64 39 142 66 32 59 148 20 97 116 68 87 46 63 95 
