150
100 60 122 68 88 128 96 108 43 98 67 143 141 142 87 61 69 127 95 59 148 134 109 144 25 111 29 72 133 10 123 118 36 137 65 79 110 117 126 80 13 23 119 90 138 114 136 37 91 26 62 94 85 30 89 66 12 147 3 38 8 22 103 34 56 
107 10 69 40 9 16 104 55 91 74 58 113 142 99 70 25 135 150 102 121 137 62 88 114 125 11 127 46 13 147 123 94 34 148 6 101 30 53 33 77 115 44 14 129 106 65 67 139 118 32 39 111 119 108 124 96 35 22 12 41 56 84 49 83 71 
33 118 58 132 113 59 57 88 30 46 103 124 15 6 45 96 74 91 64 60 133 49 28 34 105 69 50 8 79 85 122 17 26 76 135 93 66 52 1 90 78 14 138 112 63 65 86 47 147 40 12 73 98 16 13 77 4 119 70 146 128 143 145 114 87 
77 115 127 129 118 78 69 33 52 92 67 68 144 128 21 116 14 53 80 111 5 147 26 37 62 50 130 76 38 27 85 61 3 134 101 104 15 75 123 44 41 114 86 94 70 66 24 141 105 59 142 110 89 49 43 122 79 7 35 42 57 55 51 149 13 109 
93 36 147 91 79 14 90 62 100 105 75 88 53 111 24 17 148 51 7 55 12 149 21 45 112 59 57 22 103 42 43 102 44 84 96 107 38 76 6 81 109 56 74 132 129 126 40 52 119 85 115 18 94 138 10 114 133 66 113 8 15 142 58 87 4 141 67 
55 138 86 91 3 110 26 67 148 135 104 74 117 114 28 129 10 113 131 97 65 58 43 45 84 57 61 11 64 107 5 63 130 105 106 77 127 144 126 94 62 33 79 96 147 2 69 8 52 89 109 121 48 78 125 44 15 82 102 139 145 134 32 123 46 80 39 146 40 128 73 13 53 92 85 
37 23 108 36 40 46 117 113 31 49 13 111 146 104 125 5 92 103 138 134 24 63 56 140 112 116 42 86 96 29 100 127 58 101 11 28 79 25 55 35 26 102 149 126 52 61 9 72 47 74 114 12 59 68 106 44 19 10 60 88 137 65 20 150 33 41 110 8 132 4 130 43 145 14 133 141 
99 17 38 97 32 96 21 76 98 61 116 91 78 30 22 20 81 18 92 74 48 41 89 101 82 95 11 113 112 60 102 10 131 63 66 33 90 103 5 68 77 7 106 142 13 43 75 9 35 115 62 1 126 3 125 107 64 140 6 110 19 133 54 94 52 145 120 12 34 135 119 129 39 46 
115 127 7 79 91 114 29 113 43 26 42 10 69 35 30 101 111 59 37 70 112 46 40 134 67 143 150 117 63 77 55 41 74 39 36 27 64 130 32 71 50 73 135 56 82 89 21 15 119 142 137 94 128 88 116 105 145 47 60 75 8 93 140 141 148 62 18 65 80 121 72 2 96 61 123 54 146 
73 80 64 89 30 107 48 148 18 117 132 97 96 14 7 103 95 110 129 22 27 100 68 77 137 92 120 84 1 126 16 82 54 58 6 41 8 139 26 29 93 128 63 114 37 104 31 146 147 2 150 87 47 119 5 144 98 122 24 143 88 52 9 55 56 39 136 94 112 81 111 140 21 19 75 57 61 42 44 86 
27 142 76 8 126 130 111 30 83 34 67 131 49 144 80 122 62 93 6 98 148 105 102 88 33 51 47 101 103 59 13 97 39 36 110 64 87 63 85 15 117 143 77 58 68 90 123 46 18 44 50 121 54 74 2 114 22 81 134 55 150 61 7 79 53 128 20 118 100 129 14 91 92 48 109 89 32 113 23 
80 89 20 3 86 24 74 111 58 45 144 99 15 2 123 126 90 125 117 65 7 5 75 34 57 62 71 30 124 33 70 78 1 110 26 59 142 53 112 104 131 130 52 93 146 8 98 148 115 114 17 136 116 133 76 49 68 96 38 22 100 88 87 91 13 120 36 54 132 23 44 40 94 
75 97 2 130 145 51 12 89 54 109 27 72 11 138 121 7 20 79 18 25 58 52 70 133 150 96 44 4 1 15 93 134 146 84 67 36 3 39 83 131 61 50 69 26 139 28 94 8 77 98 132 110 6 105 42 88 104 106 137 103 141 14 149 46 62 33 29 40 80 113 
93 33 61 137 76 73 147 44 143 53 41 68 20 39 57 128 30 126 83 78 62 51 150 125 75 104 72 5 74 28 89 50 59 109 10 4 13 122 140 36 16 3 133 101 119 123 111 116 136 85 37 58 70 43 91 86 135 107 121 110 17 129 63 132 81 66 11 82 77 92 60 141 2 79 7 
130 43 121 135 56 92 45 95 11 86 113 70 48 26 107 141 16 112 39 78 13 108 143 18 127 138 128 89 4 64 5 148 23 122 101 140 61 53 144 33 149 36 6 9 25 69 63 50 55 46 54 120 111 72 126 110 19 65 12 32 96 117 83 59 77 102 150 31 85 3 28 136 129 30 97 66 105 22 142 124 133 
141 101 90 131 108 124 50 112 64 80 102 26 146 87 28 23 105 79 130 143 36 32 2 42 110 14 88 84 10 83 126 138 39 117 20 139 81 46 21 91 72 150 24 17 33 119 129 44 15 95 98 3 147 86 142 111 41 53 37 69 134 18 30 107 34 76 106 144 127 65 103 109 60 122 
58 25 122 138 108 59 67 3 141 131 26 83 104 38 126 102 35 29 106 120 140 28 125 50 27 36 137 46 129 73 110 77 22 24 139 103 14 114 16 20 144 5 80 75 113 93 134 62 51 90 12 133 30 94 74 95 147 53 86 63 8 100 
42 73 13 60 89 77 44 80 129 113 59 97 118 26 68 19 15 69 132 48 39 104 67 62 150 128 5 82 137 38 140 144 136 29 20 43 88 10 109 91 58 74 119 102 126 33 31 92 8 36 134 23 46 65 135 96 16 146 142 25 55 34 107 11 57 70 148 95 108 145 9 
90 30 57 36 82 18 104 105 106 46 44 120 116 141 34 80 85 109 38 60 128 47 15 49 78 139 142 42 131 96 75 98 149 97 61 68 51 130 7 72 20 124 111 28 122 40 119 107 99 48 59 56 77 26 66 55 71 10 63 32 39 8 53 73 103 114 37 
56 101 13 88 49 22 16 24 40 23 72 102 98 82 19 25 139 42 105 61 64 122 143 110 54 36 137 78 31 115 81 8 133 132 11 92 97 138 32 59 28 87 52 60 95 44 100 37 79 74 112 131 7 51 118 35 141 142 147 18 89 62 75 127 21 26 12 48 120 14 55 73 63 107 84 134 17 
135 9 4 97 10 55 30 129 33 63 53 44 150 89 70 125 114 57 47 85 83 130 101 73 61 108 94 64 42 23 26 62 99 144 110 16 60 29 32 120 107 106 25 77 141 49 58 5 28 56 8 20 84 104 87 91 148 88 86 72 50 93 27 127 24 
11 57 129 61 65 111 20 102 69 86 72 50 98 26 91 2 137 37 45 1 81 53 44 121 135 59 122 90 10 92 128 140 74 17 99 43 47 89 70 132 38 100 71 46 58 87 34 24 96 113 5 101 108 106 130 41 125 8 119 68 42 56 12 139 32 77 127 62 148 105 149 146 29 15 
111 36 84 134 102 145 24 124 139 32 57 128 92 46 44 141 20 146 11 7 122 67 114 88 60 94 71 83 50 90 35 109 51 104 21 16 47 130 79 69 119 148 105 42 37 137 55 72 1 147 118 68 45 70 75 76 127 115 125 99 93 142 78 56 143 18 123 91 136 73 95 81 65 15 144 29 25 74 12 
147 54 78 112 91 124 88 83 21 61 141 149 143 116 134 37 63 130 38 135 105 95 48 35 98 39 75 7 64 115 129 42 5 133 86 23 82 108 87 57 10 150 94 52 146 142 17 43 27 118 65 26 55 36 46 122 79 49 16 73 51 132 62 41 22 77 70 12 110 139 123 4 120 109 58 20 85 97 47 66 
82 67 59 98 131 109 44 76 96 129 123 149 46 145 17 69 134 55 104 91 40 26 135 70 72 53 21 79 43 23 94 88 37 13 80 81 18 112 1 35 103 48 56 127 146 41 38 71 20 7 116 54 57 61 119 2 75 15 42 133 105 118 64 93 
95 143 55 117 67 57 37 107 147 9 149 52 61 118 60 4 59 87 56 126 124 136 17 19 121 134 78 122 69 18 72 110 10 125 120 112 133 54 16 63 22 12 82 21 137 75 20 3 1 91 88 29 6 44 34 7 70 135 83 13 24 128 15 102 109 25 47 45 90 40 103 38 43 31 76 145 
92 81 68 39 34 74 133 144 123 86 48 104 50 37 126 82 118 62 73 65 88 76 47 24 80 146 91 42 70 87 55 72 9 140 10 102 75 101 110 125 17 11 54 33 78 139 35 13 4 61 147 142 116 98 124 43 29 52 128 30 115 114 56 99 130 143 135 107 77 131 38 31 21 137 
95 32 88 72 50 87 119 20 136 13 17 142 132 116 118 120 103 6 105 93 117 84 57 62 52 64 134 133 110 69 34 51 37 36 139 121 49 7 130 100 58 107 59 135 92 21 3 106 63 16 140 60 112 65 71 101 33 56 129 14 146 54 91 80 19 128 61 15 48 55 45 104 30 85 122 89 97 109 47 
91 10 64 131 30 9 37 107 21 60 41 104 109 57 59 43 143 17 116 22 26 63 92 1 55 124 147 112 100 58 27 84 23 86 96 106 61 52 130 77 127 7 31 121 13 139 149 87 78 129 69 141 35 93 108 54 72 68 97 140 18 79 146 85 34 142 102 
125 34 115 47 74 144 85 46 57 146 27 143 116 35 145 88 149 39 84 70 12 2 11 81 117 8 92 134 96 59 113 139 15 77 73 31 9 45 76 99 21 71 41 121 130 10 138 122 3 150 91 1 78 14 147 17 135 19 29 53 126 140 137 40 38 28 89 37 82 105 16 
39 86 42 61 128 71 20 147 53 15 41 108 79 138 66 125 10 18 80 136 37 120 92 98 150 30 60 50 87 139 29 45 144 137 114 69 70 145 68 7 52 38 48 107 149 123 90 54 88 95 110 40 47 78 142 26 104 55 27 116 106 73 82 85 35 58 100 
117 108 50 37 103 71 142 118 85 65 39 135 23 47 81 53 19 38 20 88 101 137 107 113 128 40 89 111 73 33 45 22 16 93 90 77 130 15 87 148 8 131 52 6 80 102 115 119 78 96 133 123 121 51 134 100 110 83 138 11 42 56 54 84 59 21 2 95 75 28 106 105 9 66 126 
3 8 87 116 109 73 135 70 101 93 16 82 71 143 28 126 80 68 76 99 11 56 91 2 77 146 90 78 6 130 61 50 7 12 79 72 124 85 27 97 95 84 139 46 125 18 55 49 69 145 15 132 66 150 38 65 13 105 59 14 110 51 92 96 47 104 67 4 133 32 43 128 141 138 134 21 
93 50 116 148 103 52 80 59 111 141 56 112 18 75 104 43 49 48 146 101 58 135 19 137 8 125 16 12 65 87 46 11 39 123 2 22 72 109 132 41 138 71 99 117 66 3 1 127 68 28 30 98 115 91 143 67 144 130 128 29 84 54 113 82 119 26 122 83 27 110 94 74 53 102 121 
58 54 111 123 9 55 96 99 115 108 124 7 143 148 64 65 87 27 80 74 70 145 103 117 31 125 66 126 24 132 30 95 86 50 23 112 53 119 40 92 150 57 49 88 102 2 43 44 60 51 29 25 134 138 8 17 20 48 91 39 4 79 122 77 89 129 140 121 42 78 37 
111 78 94 5 128 19 52 15 17 24 142 81 1 148 110 44 144 88 130 28 133 23 73 131 95 57 80 42 20 115 71 54 77 43 126 14 13 105 37 87 50 149 66 101 16 18 122 86 134 62 74 96 132 64 12 56 9 138 121 59 85 109 45 93 38 7 150 113 120 48 65 11 119 
14 50 4 51 101 22 41 134 48 39 30 141 75 119 106 20 95 138 117 89 57 123 125 78 26 62 27 53 114 130 19 43 142 99 42 25 36 1 23 147 139 72 70 58 38 127 121 29 31 59 9 98 35 32 80 64 24 144 91 136 115 63 96 45 118 28 108 150 149 7 10 71 16 
36 69 106 110 5 31 97 26 53 130 45 18 112 128 133 61 87 109 92 101 42 103 32 80 94 117 114 12 22 52 81 68 71 8 147 58 142 74 129 85 67 55 108 30 33 83 76 93 27 49 100 98 4 24 25 19 64 77 134 44 104 95 17 122 99 132 105 60 37 48 43 72 102 1 113 
53 43 10 94 81 31 150 142 132 112 79 16 145 49 37 121 130 82 102 140 35 118 129 115 45 52 101 9 47 93 127 58 107 46 100 90 32 2 61 56 147 15 97 48 75 11 63 104 14 69 19 8 87 27 110 6 34 92 138 41 89 133 83 119 13 18 76 80 144 30 73 24 68 59 70 105 
128 119 77 43 149 5 46 92 130 122 117 116 65 83 26 60 107 30 56 71 87 147 145 59 115 88 96 70 129 7 120 6 75 105 127 134 146 68 3 101 108 19 53 123 98 45 79 49 12 102 89 2 31 90 69 114 93 82 148 74 20 110 51 35 84 48 103 9 13 104 25 91 32 
57 98 96 22 65 150 8 100 85 54 9 76 72 147 118 30 73 86 25 103 142 95 102 63 47 70 2 43 31 34 46 39 44 99 110 139 62 94 69 117 93 119 136 120 53 137 37 74 52 143 104 24 51 112 109 101 64 14 97 144 114 106 82 132 121 29 108 124 148 107 10 134 50 49 7 4 105 138 116 88 16 71 
7 136 85 140 138 50 44 81 106 32 121 21 139 36 9 68 141 148 22 77 18 37 86 102 38 20 128 5 70 19 58 13 119 89 75 51 60 104 57 23 96 24 46 112 72 131 59 116 92 124 53 71 10 31 63 35 4 135 120 108 111 69 97 61 149 87 125 54 145 27 64 150 25 132 83 55 146 94 142 16 
100 53 134 123 18 38 35 109 7 136 99 15 68 91 64 39 132 6 131 55 49 9 142 29 1 101 14 5 33 41 129 51 110 74 22 25 95 46 148 96 77 26 118 141 97 139 44 40 82 65 114 72 140 137 8 125 71 116 24 27 112 37 50 105 36 102 69 76 127 4 34 
94 41 74 56 55 49 13 26 5 88 118 120 12 71 52 80 50 148 64 114 87 141 51 81 69 35 122 131 43 16 135 113 105 2 125 25 144 75 128 72 102 89 60 78 54 92 145 36 57 21 137 73 38 123 23 4 67 101 140 11 84 127 14 77 133 61 6 22 42 10 19 121 116 134 7 93 18 45 117 20 132 59 150 146 
98 112 61 108 72 131 142 15 111 38 59 120 50 48 36 104 5 40 30 147 121 80 127 95 67 149 115 75 150 117 99 28 102 135 44 31 55 77 119 6 84 49 89 100 71 93 87 130 123 3 26 91 92 140 96 12 66 22 52 57 39 23 138 122 76 32 37 144 64 54 128 56 
141 24 6 11 47 138 112 92 107 101 71 58 95 17 2 30 41 13 89 73 133 131 15 59 65 39 3 100 19 144 22 40 69 98 48 80 7 54 150 25 56 116 52 16 108 42 57 60 125 62 77 86 102 99 33 55 23 43 9 18 146 97 82 8 105 106 120 34 
28 19 143 147 105 145 109 55 70 94 7 149 75 3 41 103 92 91 54 73 63 23 9 135 99 89 27 64 56 11 10 150 67 123 22 148 31 142 32 122 49 114 106 113 52 87 86 125 126 30 60 101 77 115 127 21 74 112 68 24 46 33 48 26 39 65 146 
128 150 56 108 62 90 87 133 145 146 20 94 59 137 141 63 118 129 40 25 101 78 31 124 70 50 10 15 147 136 27 71 19 102 89 120 100 68 38 96 36 76 53 8 37 47 28 74 84 99 109 11 35 83 24 52 88 140 58 132 49 105 39 127 117 46 143 34 75 139 18 57 98 149 45 131 6 77 
139 73 100 66 11 50 82 103 12 33 106 87 125 120 43 34 75 63 21 116 108 133 20 52 98 2 41 104 90 62 58 136 44 70 3 7 38 148 64 122 97 129 48 47 28 60 118 138 78 92 55 72 149 111 112 35 24 110 61 131 117 91 127 80 39 113 109 40 53 142 19 45 140 4 105 79 130 94 
127 147 9 111 31 144 23 64 130 15 57 103 141 41 62 21 17 16 131 73 102 122 60 48 104 22 101 36 81 27 11 42 116 35 110 143 99 115 63 107 140 28 43 3 114 13 118 89 82 126 33 14 129 53 44 52 77 49 54 4 132 137 45 32 37 51 113 150 112 120 145 80 34 58 84 
41 132 64 86 19 104 87 96 135 20 88 35 117 32 95 122 134 40 53 118 44 94 89 136 83 42 145 107 123 59 126 69 17 37 24 141 33 5 14 55 111 11 147 90 58 116 102 50 43 13 137 128 97 115 150 101 121 23 127 113 144 91 68 108 4 65 119 140 28 
84 112 98 60 81 69 20 38 50 54 65 48 102 76 148 144 10 56 119 3 26 104 31 45 113 123 105 95 78 141 39 34 73 29 4 36 6 64 46 135 66 13 7 127 12 55 80 147 137 97 96 71 146 41 150 44 143 5 47 90 77 93 8 24 59 103 70 106 131 120 86 32 67 130 121 58 75 91 49 27 28 128 
98 106 42 74 15 128 68 82 58 76 40 56 14 51 37 95 75 39 63 149 2 127 112 136 129 71 103 144 87 19 124 80 132 67 92 140 123 4 66 6 22 117 25 148 142 83 122 93 12 17 116 31 21 131 121 50 35 145 48 99 34 88 30 16 105 32 41 11 110 43 146 118 38 5 114 141 49 137 69 85 72 
101 79 26 55 96 20 75 27 118 62 41 133 15 124 58 8 31 92 12 70 97 44 106 47 145 42 143 120 148 25 63 112 95 83 29 123 89 24 46 36 34 128 90 56 94 64 32 52 149 140 122 81 135 13 139 50 146 28 67 35 11 91 131 69 60 99 68 85 150 9 10 45 142 65 
21 33 42 87 45 112 114 129 44 15 141 64 35 52 90 51 59 25 47 118 98 29 128 111 86 138 120 72 106 43 56 54 18 150 100 102 28 92 88 93 31 94 26 6 75 5 23 24 91 2 124 38 49 113 143 10 69 101 74 7 147 80 58 140 115 46 9 95 27 63 20 122 4 96 19 62 119 89 66 11 
145 72 25 48 46 132 94 149 148 127 22 32 20 118 89 135 124 105 21 53 10 129 52 36 64 99 136 126 1 54 102 96 97 140 45 44 108 114 47 91 111 123 82 71 40 117 55 19 113 26 9 92 125 65 33 23 5 57 121 15 86 28 90 7 74 27 131 83 79 34 2 146 139 104 78 87 39 
101 120 72 79 74 129 103 104 97 111 41 5 65 30 98 3 146 147 63 48 71 144 90 35 121 77 25 109 137 78 21 69 36 110 133 100 68 42 19 45 6 10 44 85 73 148 95 80 84 70 18 107 22 75 4 14 117 125 28 46 50 37 23 26 113 88 145 93 56 131 67 12 29 24 66 122 127 149 
121 134 105 108 111 50 125 85 42 51 67 38 82 29 91 94 104 35 5 54 6 22 21 7 98 70 137 76 49 123 52 24 78 148 10 102 100 17 88 14 37 119 130 110 128 11 143 93 106 129 3 135 149 13 113 84 39 114 147 126 61 53 132 101 133 139 46 117 12 136 48 2 75 122 55 107 99 28 31 62 34 18 
137 30 112 33 22 46 45 15 98 65 12 5 100 99 26 3 141 113 91 14 150 86 72 84 4 20 97 7 17 82 48 90 51 1 9 18 34 29 140 11 64 121 42 44 114 28 60 74 134 32 115 123 19 122 55 36 104 37 52 147 25 145 124 93 143 103 120 130 80 101 94 40 125 39 
110 108 73 149 31 111 109 84 123 85 143 40 82 65 14 131 18 7 116 42 19 46 54 80 1 23 81 21 52 28 49 90 35 97 138 50 26 3 68 59 61 62 38 100 9 147 63 67 98 142 79 124 103 70 146 120 150 104 125 20 47 102 29 93 87 44 16 89 86 8 139 94 
1 145 8 115 65 20 29 124 107 6 71 76 24 130 39 26 105 9 106 97 143 146 14 69 135 114 118 148 7 133 13 142 141 45 89 125 10 87 103 31 128 104 147 68 19 120 25 149 75 99 22 11 28 86 44 117 88 21 95 66 113 4 58 92 33 78 49 60 126 27 70 42 38 98 82 150 15 
27 132 48 20 117 73 138 14 142 49 21 98 4 22 71 95 2 8 54 91 114 58 17 82 120 12 28 149 93 134 127 13 24 97 136 5 84 110 146 18 103 122 116 144 128 55 150 41 89 50 140 64 11 126 145 102 46 96 6 1 60 143 70 9 100 36 112 104 72 86 87 130 90 37 
6 7 67 110 82 10 119 89 65 146 29 70 9 49 133 72 98 78 123 53 135 139 104 50 75 21 105 3 47 115 132 93 26 79 87 117 80 17 124 14 60 37 19 54 84 8 39 126 11 83 48 28 20 15 71 143 55 127 42 91 41 88 73 24 64 111 103 116 57 86 142 74 
131 25 77 133 105 130 116 45 21 98 51 10 138 47 59 28 78 149 93 132 90 104 50 100 70 62 16 126 134 56 54 144 68 120 79 41 142 52 95 43 114 140 91 35 108 29 123 55 102 92 44 146 148 42 89 49 37 135 96 36 65 11 38 8 6 129 118 9 20 15 87 122 97 63 145 3 88 24 82 
3 127 115 2 33 1 15 32 126 16 74 9 34 61 112 95 76 133 82 22 56 83 91 108 43 67 24 28 104 146 59 77 66 103 122 36 68 73 60 51 40 35 142 107 23 27 7 110 148 117 140 150 137 98 64 113 81 147 71 63 96 88 46 141 85 111 114 52 121 6 47 57 12 41 90 99 84 118 106 54 18 138 93 
35 122 141 5 130 138 36 3 91 76 109 57 125 69 72 61 1 93 31 143 49 53 123 24 118 15 99 111 97 95 135 117 147 81 84 105 139 32 131 86 79 144 128 114 136 8 140 34 74 55 88 137 70 4 110 45 90 100 96 150 108 14 33 87 65 119 52 116 19 83 121 
33 129 23 127 141 146 128 54 150 71 100 45 98 11 116 78 53 148 18 145 47 131 73 130 91 38 86 126 72 82 143 139 69 4 138 84 113 52 5 57 60 44 58 34 114 123 17 2 117 110 25 65 133 92 9 90 6 26 107 93 1 105 13 75 87 63 136 142 
51 83 98 130 111 114 60 27 120 118 40 57 10 64 29 53 54 146 115 110 39 8 117 100 101 125 141 48 135 38 116 80 14 86 84 105 43 79 122 61 7 42 22 112 74 11 31 65 102 47 132 76 1 142 144 71 33 140 19 4 106 82 119 90 75 12 18 107 23 78 145 121 34 
127 76 39 74 123 83 53 43 71 25 3 4 57 79 40 115 66 82 150 87 132 9 1 6 93 18 119 29 107 15 148 38 55 23 84 72 28 75 138 61 95 42 142 33 44 146 118 147 113 54 41 122 143 90 31 110 13 145 52 100 22 131 135 2 144 26 51 67 46 16 105 102 117 141 
62 109 13 128 37 117 136 26 35 66 30 49 24 83 48 116 84 79 58 146 131 54 14 87 121 149 125 86 93 61 57 31 52 73 15 78 133 112 2 21 64 22 75 120 18 95 39 145 33 122 27 114 129 118 96 102 150 60 134 141 140 4 42 41 25 12 3 111 139 40 63 113 9 47 23 97 
9 102 115 34 147 134 53 117 110 106 2 141 46 31 52 40 83 45 113 89 73 130 62 119 30 118 140 36 19 25 143 145 42 61 121 90 105 67 56 75 87 124 33 135 122 107 28 57 80 123 65 44 43 37 69 138 126 41 129 131 78 22 146 23 120 12 68 136 98 149 100 93 92 101 97 32 77 104 48 38 63 
106 86 14 13 69 75 124 89 148 145 67 107 37 9 23 137 63 129 53 33 34 55 95 113 26 146 87 41 20 111 110 149 25 121 102 49 16 27 88 44 96 57 91 118 45 117 74 131 82 78 56 62 66 105 77 93 19 79 103 1 7 22 108 130 59 143 138 84 98 29 135 28 15 21 81 99 38 43 42 122 104 
9 67 144 33 111 96 102 65 46 60 134 31 70 3 80 21 97 27 149 44 32 126 49 122 139 41 87 14 98 62 71 136 57 92 120 101 20 10 94 76 146 141 17 133 138 18 6 23 89 30 129 123 127 115 75 74 39 50 82 36 24 148 47 63 19 52 86 
118 124 30 76 121 59 22 114 68 138 83 144 27 78 18 123 41 56 47 40 148 53 8 137 132 35 65 12 69 122 130 89 111 99 136 109 87 79 112 81 94 11 104 85 66 126 120 73 7 43 115 108 36 142 113 72 55 143 63 17 149 93 140 95 44 135 150 92 14 2 107 5 127 6 103 38 90 110 97 147 20 48 131 23 100 9 3 57 34 106 
47 117 45 70 87 20 136 142 39 125 58 52 34 54 24 19 61 69 143 71 130 48 25 8 44 23 12 13 107 98 9 120 73 84 86 109 10 137 72 115 116 119 37 147 49 68 123 26 14 40 97 42 114 80 92 55 133 76 63 57 32 144 91 134 139 131 112 129 94 53 146 27 4 5 67 17 
148 75 87 3 27 104 8 101 105 144 5 129 132 33 65 100 11 61 119 136 107 127 74 66 52 137 139 68 45 48 39 128 14 85 99 121 38 16 43 73 116 23 95 83 150 94 96 135 124 30 26 4 141 111 149 133 126 98 91 58 25 118 109 41 97 120 53 84 123 140 117 12 69 
8 117 4 64 87 47 44 65 140 42 79 3 17 130 80 105 46 146 116 134 9 43 112 121 71 13 6 21 84 32 24 72 149 94 35 36 52 11 124 139 128 119 86 97 18 27 33 45 107 2 29 93 19 57 40 142 109 147 14 131 10 141 113 15 92 99 38 106 30 126 143 22 111 100 50 48 114 85 95 
44 19 4 8 125 124 146 123 149 35 135 108 26 91 24 71 49 58 32 56 140 68 111 87 23 101 20 14 94 120 89 116 142 27 104 31 52 127 100 30 109 48 33 134 61 70 74 113 64 72 107 6 15 141 137 29 36 12 148 37 57 67 3 63 81 145 
16 133 23 4 69 93 115 33 77 95 9 114 83 20 102 63 104 96 100 149 90 39 107 29 72 57 141 117 132 5 134 120 7 66 13 113 94 35 112 121 106 14 49 148 74 105 60 1 146 31 139 70 82 11 124 40 64 147 24 3 143 91 56 25 87 68 119 110 128 54 86 6 
132 145 31 85 100 95 68 59 38 34 55 63 83 44 33 82 88 128 112 149 142 16 134 27 139 101 11 144 45 111 25 13 52 150 104 102 105 120 73 4 53 6 46 39 36 138 10 35 86 98 131 115 60 37 9 125 122 50 97 121 107 28 1 137 19 87 89 136 75 18 12 103 57 77 71 96 17 32 49 130 114 140 
65 132 36 32 113 27 42 11 138 146 16 20 39 14 23 109 133 114 117 104 122 141 136 25 72 150 98 44 89 95 30 94 38 121 66 85 91 22 142 145 144 143 54 78 129 10 102 5 139 60 74 52 108 126 140 87 127 8 50 
27 132 39 115 10 108 141 53 19 72 122 30 31 61 49 144 109 63 14 46 68 111 92 121 67 105 146 62 56 69 50 25 33 83 60 34 96 87 59 58 8 128 40 24 86 150 95 134 20 137 18 88 140 80 117 65 41 135 9 120 118 73 104 149 143 64 6 79 26 127 43 90 
17 54 39 21 84 53 136 112 146 68 38 14 70 140 105 71 131 143 16 42 122 89 40 11 111 69 48 74 66 23 51 106 2 107 56 145 79 109 63 65 24 149 26 13 144 82 15 108 34 76 80 125 93 86 98 120 114 32 88 115 
72 115 68 86 50 33 110 99 40 107 76 145 114 135 16 20 58 141 147 59 125 128 93 106 139 140 2 62 21 60 94 67 126 124 70 32 10 96 6 48 90 117 29 66 150 143 148 34 129 83 88 113 65 13 138 52 44 92 28 98 77 123 69 23 144 45 63 5 75 57 149 30 104 100 
111 4 77 36 32 33 114 15 125 120 41 31 21 53 5 131 135 91 117 102 138 11 88 65 80 110 95 60 109 89 81 144 24 54 136 38 145 86 112 123 118 57 6 97 119 3 30 28 29 14 76 42 74 122 137 19 104 100 147 58 1 
80 62 107 66 27 60 140 59 14 110 129 22 46 139 89 12 3 113 29 52 56 103 17 15 73 4 67 79 41 116 83 85 77 121 68 70 72 137 24 35 118 99 63 21 105 128 10 106 104 97 148 61 82 51 75 47 36 42 143 131 84 138 16 123 144 55 31 6 96 142 94 7 
102 11 47 117 33 122 42 130 22 115 31 88 135 10 40 103 144 49 76 148 105 64 61 12 69 24 63 77 136 74 121 21 82 44 35 91 93 81 51 32 133 26 45 89 55 28 114 107 38 1 29 20 48 56 60 78 116 79 99 36 142 34 119 123 53 149 66 3 110 95 141 5 71 27 109 72 70 145 113 75 73 16 67 62 39 147 100 80 
12 18 104 21 148 96 116 16 109 11 141 106 135 30 5 89 108 91 134 115 93 40 132 26 10 1 57 83 7 125 13 97 58 48 94 143 95 64 82 51 28 146 24 66 133 9 87 80 36 150 84 120 114 35 41 55 44 107 145 65 53 130 63 20 117 119 32 2 85 128 23 3 27 31 118 142 131 25 72 111 61 
55 8 134 61 20 39 46 98 28 44 37 109 18 81 30 119 121 114 1 32 12 4 102 63 122 6 42 62 11 118 95 71 124 54 83 117 144 48 10 92 126 112 104 73 88 99 130 13 60 91 47 14 135 74 85 86 103 87 125 141 127 21 9 106 94 64 123 40 35 72 105 56 100 140 50 51 120 78 145 22 107 15 45 80 
104 143 54 66 40 120 17 115 101 96 79 71 55 8 68 116 92 19 121 12 3 65 31 5 67 1 128 56 48 23 84 125 16 109 11 97 26 139 32 112 69 138 62 140 33 49 103 141 82 127 132 105 51 135 134 39 57 106 22 60 74 99 59 64 52 
75 9 51 24 28 11 101 25 62 116 23 105 26 1 130 140 134 30 81 29 27 137 34 131 56 143 121 76 52 59 126 85 16 8 93 124 65 47 92 78 72 115 88 2 35 122 67 54 14 127 97 6 12 37 55 64 119 5 33 89 22 63 108 40 110 79 18 141 58 99 87 21 43 66 45 3 107 49 
77 33 131 127 148 49 117 54 42 91 95 89 7 67 18 11 82 61 45 39 20 4 130 23 38 14 144 47 98 128 8 35 64 141 73 123 116 28 10 122 114 121 90 102 143 126 75 15 22 118 149 27 97 113 134 100 29 101 46 138 30 53 146 74 31 71 40 55 56 84 44 139 6 
12 88 11 65 60 23 67 84 41 32 146 140 103 79 87 63 57 44 100 55 120 106 127 34 107 69 59 36 9 39 5 70 150 10 137 83 74 113 71 116 17 112 66 133 126 45 14 128 144 53 91 21 108 94 29 105 40 104 62 148 109 138 13 3 28 38 33 77 52 25 136 110 115 64 72 58 
41 112 103 126 141 74 102 108 75 76 144 150 4 122 89 81 42 34 59 23 8 109 25 5 6 51 21 47 10 136 86 129 39 44 104 54 49 55 118 139 84 77 88 79 48 98 123 97 117 17 12 140 93 119 24 58 111 128 9 60 137 78 2 56 38 73 36 101 13 1 147 143 
38 104 28 149 37 133 65 72 20 146 24 64 103 88 147 127 26 10 33 134 32 111 97 1 108 109 17 69 138 66 74 15 62 36 55 70 87 79 46 81 61 130 99 31 122 43 80 82 16 124 106 18 145 119 41 35 89 52 23 77 57 51 53 135 85 107 92 54 105 140 126 139 120 116 129 121 45 8 76 
132 112 146 10 109 84 104 36 73 134 40 90 6 22 9 2 124 116 32 7 125 126 8 98 111 86 25 141 70 29 5 101 106 97 129 122 149 76 82 43 121 48 103 150 120 12 108 3 18 35 117 142 13 64 33 30 54 72 80 52 41 107 119 66 45 130 19 79 51 88 62 136 55 123 15 99 131 37 1 56 42 65 
24 109 126 18 52 21 28 15 96 73 122 104 137 29 42 19 144 117 75 136 10 38 128 76 88 56 120 95 103 41 39 80 6 59 62 99 13 139 77 54 94 60 91 86 49 100 57 113 127 46 85 61 90 71 143 92 130 64 105 11 43 8 33 106 66 129 51 74 20 70 110 
135 83 57 19 140 64 144 133 106 20 37 131 113 103 24 59 139 68 72 109 116 80 49 92 45 130 34 132 148 52 13 94 22 67 89 48 58 10 108 63 16 107 75 25 3 31 146 126 40 100 76 38 46 12 62 71 110 112 8 105 145 102 120 65 55 73 1 60 84 129 104 81 11 27 150 61 118 41 96 53 
2 143 46 77 74 33 35 84 104 38 43 139 131 135 56 89 76 95 86 27 136 91 129 12 115 116 103 53 87 112 47 30 142 105 8 50 97 145 65 54 106 72 45 19 141 61 66 58 147 59 22 128 123 34 96 132 100 125 41 122 90 149 23 37 21 48 
146 97 1 43 85 134 55 115 132 93 136 32 45 46 66 68 31 39 28 71 49 76 64 10 122 79 58 119 41 108 62 92 67 113 98 11 5 105 20 89 138 144 128 126 38 17 69 107 121 109 12 84 123 77 120 124 48 57 118 60 140 78 7 22 111 74 110 87 99 29 80 59 
120 54 27 43 71 110 41 147 68 51 55 91 22 107 59 46 2 44 73 57 108 14 28 150 112 9 113 48 47 37 103 20 21 8 92 39 36 94 96 7 114 4 58 38 126 32 16 78 50 15 34 122 140 40 33 146 76 90 80 11 
34 80 68 51 48 43 35 89 27 79 62 60 6 41 70 72 142 126 140 109 38 42 58 110 52 18 44 103 71 5 81 23 141 150 114 107 85 17 29 73 133 118 56 64 87 7 131 11 50 148 98 127 137 115 16 45 15 8 139 122 20 40 94 26 69 2 147 92 124 46 55 104 39 32 22 
118 34 90 62 50 97 65 117 38 106 144 94 148 121 13 3 19 95 137 40 28 102 53 63 7 32 89 8 10 93 136 49 145 109 25 149 119 98 101 47 61 11 87 120 1 74 17 35 16 57 126 129 110 72 99 86 26 5 96 41 60 147 80 150 134 52 59 116 
90 134 126 120 81 102 25 65 124 89 63 143 116 34 51 112 117 150 121 18 113 82 42 27 149 79 2 146 95 10 40 12 133 125 59 74 6 50 115 136 28 106 4 130 57 29 56 110 145 94 45 61 99 64 85 78 49 144 139 80 19 84 17 33 111 7 123 86 13 60 76 21 93 39 137 14 135 62 31 71 96 88 98 72 119 23 58 41 114 97 109 105 138 38 52 
129 83 46 89 116 71 5 128 38 93 112 41 117 66 140 133 126 114 43 6 47 48 4 144 72 122 16 23 77 100 79 90 137 99 61 142 95 98 115 104 22 91 13 148 25 9 80 11 3 67 44 28 86 40 30 123 149 97 58 52 20 36 15 69 68 63 87 127 39 109 134 76 32 49 136 33 64 19 82 119 56 24 53 
55 104 38 53 127 93 47 98 31 89 96 124 95 86 16 126 72 118 54 114 7 19 2 77 138 42 37 61 22 46 123 108 90 136 28 49 17 121 32 97 6 74 21 140 113 141 134 146 148 29 79 58 103 41 83 8 84 52 13 65 71 68 131 88 120 99 
10 100 120 93 83 142 79 16 116 96 135 102 125 87 74 76 88 89 14 65 137 141 78 147 41 69 18 58 72 51 145 28 101 26 57 131 111 61 80 122 8 19 117 75 129 46 84 71 98 91 68 29 21 40 27 15 50 77 67 5 20 119 86 2 133 95 31 39 124 138 115 6 32 
147 112 49 81 35 2 127 74 148 106 78 40 93 110 15 135 32 7 123 60 150 115 22 41 21 100 136 83 17 51 1 137 142 149 42 58 31 120 64 116 37 24 18 114 16 56 48 98 72 96 29 134 101 91 65 109 88 66 38 45 46 94 95 133 82 126 
95 118 93 70 124 29 115 74 110 49 121 4 137 150 141 18 104 83 103 25 132 24 1 98 77 81 136 87 5 34 108 85 128 14 145 142 94 112 97 43 23 48 88 78 38 139 76 41 6 111 36 60 33 19 149 148 47 89 125 105 28 100 90 13 96 26 66 82 11 126 75 57 102 16 
113 74 102 20 118 32 60 134 15 71 127 140 130 63 50 108 67 111 21 53 12 146 31 91 68 101 1 103 14 143 114 93 86 10 7 123 104 132 85 40 4 6 126 26 58 66 27 69 36 11 135 150 84 97 57 79 72 49 16 109 144 121 8 62 38 39 147 125 141 34 28 129 43 17 65 100 98 24 120 138 13 112 41 117 87 33 
136 7 72 96 35 107 124 10 119 94 114 130 138 78 45 12 120 88 128 11 49 80 104 14 58 55 60 146 145 56 5 4 50 95 77 76 34 70 19 110 109 137 15 9 65 73 82 63 100 51 2 85 83 140 113 74 125 149 68 66 127 126 16 1 57 23 36 42 32 22 
90 109 93 7 35 75 59 85 143 9 12 96 110 10 65 8 115 20 137 116 113 43 150 108 55 145 62 101 25 117 3 134 5 77 104 39 16 53 98 68 94 80 79 50 140 41 124 34 52 105 148 24 49 83 70 38 46 89 29 126 54 118 135 15 139 99 26 47 42 149 45 125 128 130 28 74 
7 15 57 13 81 6 51 2 8 98 38 92 61 47 67 55 5 144 44 52 9 134 77 97 122 138 17 78 101 72 71 118 141 84 100 50 18 58 120 147 56 104 132 124 140 110 86 59 93 106 129 30 136 69 117 79 114 22 74 128 34 87 3 111 112 11 49 36 115 119 65 70 32 
31 43 66 53 138 74 21 4 108 2 123 88 104 89 64 70 125 11 17 9 62 38 147 146 56 137 27 127 84 10 58 148 110 111 6 121 135 40 55 134 47 113 44 41 67 12 105 87 37 136 68 101 132 50 122 77 85 5 75 139 141 80 106 81 7 23 61 59 79 3 92 83 1 19 65 126 102 
144 100 36 9 20 131 35 71 74 45 5 79 113 90 87 40 30 142 2 47 117 65 59 83 145 12 116 63 51 108 105 88 23 91 130 61 99 150 82 134 132 69 147 138 126 4 135 37 104 112 93 50 128 84 24 68 34 55 27 122 39 109 73 136 107 8 80 32 120 75 102 
99 66 103 130 137 86 143 29 46 9 7 60 34 136 87 70 92 127 138 132 112 63 41 67 24 25 28 19 135 42 107 93 49 141 129 53 115 108 64 43 44 4 51 90 88 40 77 133 68 50 78 146 31 98 95 96 122 75 140 33 30 105 62 91 126 145 76 104 14 27 12 8 
140 103 94 71 1 81 92 49 10 97 68 145 130 143 121 79 51 131 77 30 12 69 124 58 85 44 112 119 56 57 110 41 144 67 123 133 7 28 76 82 129 96 127 61 11 37 148 53 115 139 34 35 105 113 66 48 62 45 75 38 16 88 87 107 72 104 40 26 141 84 65 32 6 63 9 137 70 122 89 132 15 
65 88 43 144 129 145 51 127 141 25 109 37 74 28 24 98 133 2 121 4 94 71 120 50 1 86 49 106 64 70 61 112 56 26 55 18 69 41 54 124 113 102 53 44 27 125 85 143 137 20 147 11 92 72 39 66 76 23 148 48 68 103 110 89 32 100 132 82 3 128 
18 103 35 111 71 14 94 55 133 129 69 8 66 2 34 123 127 63 128 107 39 113 105 117 140 45 23 135 141 96 77 40 36 95 147 42 149 79 1 125 136 3 91 88 51 143 58 22 104 52 142 19 100 76 32 5 87 41 85 28 25 126 144 9 37 16 134 68 10 131 75 146 89 
61 41 50 132 31 123 40 113 68 71 64 57 106 83 100 46 82 80 28 75 36 126 10 108 44 54 59 52 48 93 8 88 96 15 21 74 24 104 149 78 90 20 55 89 97 19 62 42 111 17 12 110 98 118 49 121 122 73 95 142 79 76 107 45 101 60 103 134 85 70 115 26 
100 91 132 74 9 114 59 29 44 117 6 72 134 95 103 80 22 35 87 34 65 130 11 70 30 120 90 89 136 32 144 77 106 135 37 126 96 2 15 53 110 82 66 13 57 58 56 86 118 39 42 145 26 104 127 122 51 71 45 41 36 109 129 76 141 125 52 79 149 28 143 147 92 68 14 81 
34 121 51 132 134 91 137 95 117 1 17 59 35 116 114 102 68 58 69 19 101 97 126 11 4 3 20 150 99 65 50 55 23 145 80 83 82 15 92 149 40 49 73 71 85 72 66 24 30 123 105 87 146 70 16 100 89 47 81 53 10 96 26 45 38 44 120 135 107 115 14 74 130 94 143 133 28 57 22 36 62 147 113 54 64 
67 127 108 31 59 86 130 120 25 134 37 24 133 96 128 114 6 58 85 44 94 45 4 54 138 35 64 76 73 87 89 92 122 47 78 74 119 148 105 63 66 69 27 52 104 147 75 14 11 71 143 12 23 1 140 100 129 137 51 141 9 99 56 60 84 43 32 117 40 34 110 53 106 135 2 
84 24 42 71 129 133 48 23 53 27 100 56 74 134 63 112 29 109 76 113 19 118 95 127 141 147 117 104 33 60 35 3 55 132 26 2 106 135 54 138 61 143 136 15 12 111 72 146 148 41 59 91 16 126 89 78 125 77 79 107 102 96 
119 96 8 30 134 17 57 141 33 47 49 27 23 60 56 118 147 130 66 80 107 44 75 21 61 146 135 104 58 83 70 137 35 26 43 109 7 6 22 31 37 111 121 78 2 139 42 124 84 46 99 131 34 90 68 150 89 88 114 112 128 110 12 59 85 129 14 133 142 
1 137 6 63 109 71 103 110 47 105 98 73 120 30 140 16 91 56 10 136 65 8 36 116 94 101 121 17 95 11 18 7 89 61 104 111 108 76 124 27 62 64 35 14 84 92 96 74 135 93 134 138 122 127 12 139 51 50 112 97 106 133 32 119 102 33 26 100 67 142 5 148 114 15 115 58 81 77 
39 29 25 63 102 117 62 135 82 93 1 56 97 123 49 126 89 16 51 43 116 74 81 121 91 15 136 57 37 45 20 73 92 67 50 90 65 22 118 53 105 134 114 108 21 124 4 140 110 143 119 23 7 130 47 145 52 44 2 34 48 6 40 95 150 141 78 9 144 111 139 76 69 106 
27 66 48 58 99 38 79 111 36 44 133 61 70 93 86 94 105 92 52 123 10 3 26 1 67 11 131 100 132 28 137 97 138 139 15 6 22 19 34 42 62 4 118 84 80 54 32 40 55 23 76 109 51 9 31 53 33 113 115 90 125 18 14 142 112 77 119 82 88 45 
105 25 5 76 16 116 29 15 107 94 53 134 142 97 86 150 135 140 110 24 58 137 72 18 21 8 130 4 144 35 48 103 113 22 145 141 118 50 99 75 57 73 17 117 125 28 11 38 123 6 64 96 81 43 10 56 39 55 71 67 121 49 124 147 119 40 14 70 95 84 149 2 139 98 
92 139 112 96 16 111 38 77 11 145 71 30 29 9 122 64 37 27 95 74 39 52 59 33 6 61 12 125 98 72 129 13 19 32 133 7 121 115 66 123 110 67 23 97 58 45 68 24 127 50 134 36 62 34 40 49 75 104 4 88 22 15 89 131 116 135 87 28 80 21 91 117 
50 99 56 86 146 67 142 91 12 27 17 44 13 141 107 136 96 29 66 149 115 69 128 11 70 60 20 102 25 83 71 125 52 98 54 19 135 8 48 148 36 16 145 130 43 80 53 119 45 32 42 77 57 117 88 72 64 75 106 46 85 143 92 6 74 49 
48 43 38 24 113 22 110 18 33 58 118 68 109 124 138 150 142 139 79 42 141 115 28 10 99 51 90 122 88 100 96 53 62 63 120 81 143 3 14 74 116 20 12 69 76 50 5 98 114 121 56 41 44 117 13 64 80 35 134 39 34 136 128 145 82 36 7 
128 32 12 17 139 7 38 93 105 63 70 73 148 145 147 58 136 14 46 126 75 24 88 49 146 57 104 108 123 130 8 122 125 134 28 107 61 149 33 3 116 124 26 95 76 1 137 102 36 13 64 143 98 67 15 118 79 87 25 54 117 39 48 20 27 119 5 44 81 140 65 
1 7 95 79 20 123 36 88 114 33 30 59 149 129 23 127 17 82 115 38 71 58 132 104 35 135 143 25 96 32 13 122 6 119 70 51 124 91 106 78 62 26 146 112 64 41 120 110 150 133 73 103 11 28 126 105 90 9 140 80 137 108 18 16 138 40 24 44 75 113 43 77 92 89 4 100 125 130 37 121 
3 71 74 114 87 64 98 90 56 112 8 9 47 25 26 104 145 61 68 45 121 72 122 146 30 42 150 58 149 115 126 51 142 52 82 107 76 124 140 27 2 141 69 134 138 32 89 21 119 129 85 22 33 18 131 54 148 84 78 15 99 95 127 44 6 137 123 88 34 130 116 28 14 24 63 110 66 108 125 
56 96 105 51 87 31 75 71 114 26 76 116 144 132 127 14 15 37 94 108 18 131 124 111 99 12 133 93 42 146 58 109 115 126 28 62 49 53 48 41 100 66 119 67 70 23 137 106 10 142 113 145 74 1 43 73 80 103 81 83 104 97 138 85 121 
52 20 10 72 23 144 7 133 51 128 150 30 118 1 114 123 22 44 139 112 126 59 34 135 134 94 129 41 80 2 48 136 86 91 105 107 82 116 14 75 50 26 9 27 18 65 66 78 17 122 125 103 31 57 85 97 104 76 74 102 109 58 53 43 140 108 32 111 93 148 117 13 
65 106 71 84 140 32 148 55 37 17 92 41 13 7 90 110 1 115 123 144 81 69 132 20 128 30 34 60 136 49 74 67 85 135 141 104 15 147 124 3 93 150 116 31 6 35 46 142 42 114 73 62 39 134 36 64 95 66 45 107 5 143 149 126 113 111 72 100 86 33 16 80 
133 27 125 104 66 24 10 117 126 41 77 58 73 141 20 79 2 84 143 150 97 60 29 63 31 42 94 127 30 90 128 146 142 6 149 129 13 43 81 16 144 17 112 28 114 102 23 130 48 75 80 54 99 56 137 86 148 67 70 37 92 49 22 95 132 98 19 109 33 76 
39 7 105 49 35 28 82 138 62 14 45 90 9 127 48 42 89 135 116 145 110 100 95 98 55 78 80 111 17 53 27 8 54 50 133 29 101 70 123 18 117 113 64 137 150 22 126 102 59 94 44 66 146 68 129 86 134 74 81 93 143 51 71 10 119 106 84 77 76 65 83 91 43 112 15 30 56 
114 139 43 125 138 55 59 144 23 117 65 109 118 145 147 82 142 121 46 51 17 102 61 116 149 113 92 131 77 107 44 96 66 88 119 89 78 84 68 67 76 135 69 37 94 91 16 33 1 71 15 81 124 7 123 90 52 4 129 50 48 34 5 70 99 29 73 24 110 42 9 127 53 20 21 106 87 13 19 79 14 146 132 
43 39 147 108 36 28 41 119 61 86 32 18 1 125 29 12 105 65 128 67 45 96 135 102 53 74 42 9 5 81 54 139 63 60 64 99 136 62 145 68 27 148 24 87 20 19 31 78 88 131 23 75 69 132 8 129 15 141 4 38 115 2 11 138 37 49 120 47 16 109 126 80 77 107 
50 131 20 110 122 34 48 23 147 90 1 112 9 35 27 86 29 15 66 52 124 59 88 10 145 83 82 133 134 104 63 132 149 62 138 26 58 79 60 47 99 55 97 121 94 150 77 127 148 16 14 81 74 144 92 116 30 140 24 71 91 119 67 54 61 84 123 139 117 69 33 75 11 3 41 118 72 
15 12 100 17 86 143 141 105 62 11 1 117 104 92 138 50 34 83 82 23 51 45 74 39 27 98 73 21 87 121 53 89 119 150 64 36 37 110 44 103 137 16 66 10 136 68 97 52 127 93 84 69 18 30 57 80 4 118 41 6 81 139 31 75 129 46 85 76 115 113 94 
67 71 88 131 44 141 103 30 89 115 64 39 142 68 80 40 9 25 13 78 31 150 109 33 72 48 57 53 62 18 149 129 116 127 104 6 56 98 136 54 61 121 132 3 95 42 143 107 111 117 135 118 26 122 50 83 23 59 35 8 47 51 140 84 99 133 87 81 70 69 112 85 130 7 
46 136 83 133 52 23 42 70 98 95 68 48 9 47 28 63 79 125 73 88 27 114 140 64 104 111 93 72 10 139 78 22 57 75 33 44 65 7 77 110 81 116 135 100 6 29 54 106 30 67 62 119 56 34 13 124 96 61 131 69 53 122 71 134 92 16 25 3 60 24 12 101 150 141 40 18 82 
119 110 122 69 14 141 71 138 24 48 57 39 103 121 143 3 77 150 41 51 101 47 6 114 1 65 60 16 45 123 37 133 142 99 31 118 113 4 149 58 85 5 95 125 102 129 61 55 124 29 38 94 66 108 40 107 74 27 23 20 30 75 26 59 87 10 115 50 2 79 52 17 84 
98 93 133 12 2 102 123 40 36 126 131 5 21 44 78 139 67 53 142 74 72 65 88 41 86 112 52 117 58 49 118 23 84 9 73 61 114 76 106 135 15 1 54 18 56 92 57 108 47 138 105 69 6 124 32 35 43 87 34 10 11 22 137 109 42 79 103 64 143 
40 60 82 121 62 49 111 19 72 61 22 29 58 122 139 15 95 56 103 64 54 36 48 79 145 109 83 73 108 71 13 129 133 26 78 105 42 92 45 119 24 30 25 70 4 7 135 80 134 87 5 74 96 57 77 31 84 76 99 104 53 143 147 138 141 47 131 120 112 37 
55 31 13 129 108 10 61 109 122 7 15 101 41 102 50 46 70 94 103 93 125 81 96 144 16 42 74 76 67 36 48 147 137 84 65 62 66 110 9 51 127 88 80 138 30 104 33 146 24 59 11 82 44 112 39 45 18 2 145 35 132 69 98 139 21 140 60 115 54 14 143 52 134 135 37 47 