150
52 139 69 108 16 105 129 11 87 62 58 68 134 133 111 115 103 61 102 78 20 127 74 10 43 135 93 38 33 109 77 131 117 14 65 26 122 35 132 24 54 125 83 70 72 42 120 113 60 124 21 5 143 3 45 104 6 148 47 23 92 118 71 76 56 114 59 98 79 112 144 12 90 57 150 46 19 29 145 9 36 88 25 63 66 75 119 8 106 85 13 67 64 30 91 89 130 84 121 28 116 41 15 4 17 2 149 97 96 53 
35 64 11 127 17 37 97 71 24 3 87 7 4 44 6 93 84 5 104 148 91 86 145 33 142 75 19 98 120 16 45 101 102 137 129 22 30 96 39 27 65 80 116 36 1 40 34 90 105 115 113 144 57 53 14 61 72 62 15 131 59 124 111 46 132 107 81 68 149 77 76 28 26 50 121 133 74 29 31 99 63 83 70 85 141 41 110 56 135 139 73 134 106 32 18 21 9 12 13 112 23 79 78 103 49 69 109 58 138 122 51 108 123 
118 38 63 19 100 107 64 80 76 5 50 117 87 59 96 90 141 16 7 8 77 30 126 70 127 29 44 25 128 20 109 73 14 102 143 150 6 52 84 86 88 83 137 32 122 131 130 55 71 123 147 39 91 24 114 27 138 94 37 1 145 31 26 110 12 97 92 101 68 15 149 113 53 105 89 66 111 95 34 2 43 74 41 22 10 134 46 79 119 121 106 21 133 4 125 51 112 33 42 75 108 82 
78 21 54 77 51 99 141 52 23 44 131 26 129 7 97 68 61 10 140 139 120 64 92 115 6 53 3 62 34 35 147 101 18 41 90 45 8 48 32 37 38 55 46 76 110 112 39 125 136 28 142 122 107 25 104 79 130 16 2 95 31 128 15 74 57 12 19 132 96 89 133 17 72 27 75 60 14 24 94 43 111 105 138 93 113 117 108 58 29 22 83 67 9 98 116 50 20 33 86 81 1 137 11 114 134 150 143 65 84 135 102 145 
123 87 63 3 28 90 81 72 46 42 14 67 130 103 38 17 94 69 47 101 119 34 75 129 105 143 117 112 121 80 56 39 30 102 126 76 32 36 51 53 1 99 41 65 149 127 7 66 135 22 23 64 84 148 74 128 140 21 145 144 52 92 13 2 57 27 11 109 19 35 25 132 58 86 100 91 49 44 106 104 122 139 20 141 16 43 124 125 142 79 9 137 26 118 59 116 136 95 40 88 6 134 78 138 97 146 71 111 33 131 45 12 
129 133 73 1 107 16 17 111 79 121 53 123 124 126 38 120 29 65 95 5 46 28 70 92 101 134 117 82 39 77 3 88 102 35 58 149 100 54 114 32 60 85 150 71 142 110 26 49 109 127 63 75 15 14 42 19 9 22 48 66 62 141 33 138 51 67 41 69 21 80 59 113 91 140 105 84 40 139 148 36 81 37 147 18 99 131 10 137 128 2 143 23 8 132 136 146 27 104 106 94 78 4 45 12 122 76 57 44 144 
140 110 99 62 66 143 149 111 112 138 76 146 148 9 87 23 27 103 102 106 129 41 105 58 118 137 126 20 94 50 115 98 142 15 119 44 88 42 122 71 19 82 43 113 29 79 127 93 120 97 145 18 78 4 108 139 51 132 130 17 70 52 147 133 12 11 22 117 131 107 85 59 64 3 80 55 73 75 45 114 77 32 60 90 2 25 128 124 16 150 10 96 68 5 100 125 30 13 36 21 116 8 
89 138 16 133 40 125 53 41 132 65 31 57 119 30 66 149 44 6 75 36 73 55 42 146 46 70 51 82 59 117 39 18 38 114 139 116 96 27 134 21 33 32 35 147 56 58 144 12 28 1 111 72 112 94 92 10 34 142 85 47 76 68 93 113 50 98 14 121 110 81 43 148 22 130 48 19 104 126 128 88 131 140 135 95 7 136 115 45 3 105 61 9 102 129 108 20 123 17 37 78 86 145 26 24 100 87 13 77 120 71 64 4 
108 62 93 45 137 140 52 104 89 48 6 127 30 43 120 144 11 114 79 21 71 56 63 46 61 7 98 24 8 85 124 72 22 57 129 14 19 88 23 17 86 102 20 70 128 136 55 92 101 80 34 74 49 138 60 113 33 130 106 53 78 118 143 13 36 16 32 5 110 90 122 147 51 103 96 95 1 134 69 148 2 141 66 123 58 38 119 126 50 109 82 40 131 10 94 133 35 64 125 116 4 146 105 65 132 41 26 121 100 15 77 67 150 
55 15 103 31 61 100 117 40 84 73 18 68 124 136 139 6 42 147 91 92 41 85 75 95 16 141 128 30 4 115 88 90 119 131 114 78 127 9 27 93 46 97 79 138 23 63 1 53 8 150 76 60 130 66 34 149 102 21 64 7 52 32 3 19 105 69 14 110 72 11 24 54 111 112 77 108 83 134 28 143 148 123 104 51 70 43 81 96 82 132 94 121 17 20 135 26 126 113 36 12 49 106 142 56 137 87 44 65 
61 44 45 104 66 62 18 2 139 123 65 133 115 144 37 71 73 47 26 125 43 108 28 29 95 141 91 119 19 98 53 150 46 85 124 1 99 113 143 84 69 114 50 134 109 149 13 22 34 21 126 7 12 138 54 49 75 137 105 52 82 112 93 89 148 56 118 68 55 57 76 14 79 42 4 130 70 127 41 94 5 64 86 27 92 81 67 129 103 59 38 90 30 51 131 72 83 39 147 9 87 10 60 32 122 58 88 80 106 121 24 31 15 
134 60 42 118 97 110 51 31 39 132 4 82 23 54 140 138 53 107 73 85 80 27 100 26 133 106 79 11 40 74 147 22 46 125 14 7 55 123 2 81 150 25 88 45 99 18 8 112 119 50 72 1 91 139 17 141 35 10 78 130 77 28 13 16 104 19 137 5 144 105 83 71 95 115 69 33 111 64 76 44 121 124 98 128 37 47 120 86 149 93 136 116 146 70 92 109 117 122 66 84 6 90 3 62 29 20 148 129 58 41 56 65 126 
138 136 30 149 68 63 38 104 129 139 45 21 69 119 91 132 22 107 15 58 44 108 43 85 5 145 141 1 46 105 88 75 23 2 61 65 62 93 24 118 70 97 55 25 8 76 133 86 35 134 40 77 137 103 135 48 74 123 128 33 54 92 90 150 116 67 95 113 9 101 11 7 20 87 94 127 19 83 125 28 66 147 31 130 16 71 100 143 17 124 106 115 114 59 41 112 73 148 60 109 64 98 37 53 117 26 14 49 131 122 144 111 12 81 121 18 126 
145 19 30 36 50 11 10 22 106 146 12 72 114 134 15 85 92 101 141 147 32 121 144 28 74 65 23 135 78 9 93 43 77 44 124 35 20 137 52 98 86 8 108 39 125 133 45 2 60 59 94 24 103 1 18 42 116 79 136 88 4 38 33 140 31 67 117 118 76 47 71 64 138 69 110 84 129 100 53 89 99 27 6 13 120 75 81 139 56 63 107 55 5 119 90 17 46 122 82 115 21 51 3 131 25 111 48 112 105 143 148 68 29 123 54 95 87 96 
128 53 33 23 109 103 42 144 114 96 117 56 34 67 75 46 121 48 72 137 135 102 14 78 68 64 57 1 93 37 11 2 95 58 49 136 79 127 21 3 6 4 130 88 143 108 94 97 141 31 9 69 36 47 24 125 17 84 113 62 122 85 27 71 134 54 99 123 126 90 124 118 82 18 7 81 150 45 60 51 10 138 32 133 112 77 74 63 52 43 92 65 16 101 13 25 40 105 115 140 38 83 98 66 86 119 131 
44 147 5 45 127 122 63 141 103 51 150 136 145 43 24 119 17 128 32 132 79 110 120 148 85 39 144 23 104 2 74 112 56 105 38 87 95 131 3 116 31 133 64 76 124 78 37 67 81 138 123 107 86 114 90 82 47 118 36 129 62 98 33 60 89 99 69 91 58 8 9 10 92 72 6 84 125 42 12 109 83 49 25 35 146 111 20 102 59 7 15 134 115 1 80 22 52 28 96 50 137 55 61 4 101 126 19 117 13 41 66 65 73 
31 115 139 123 97 26 77 118 127 133 93 116 12 146 131 10 112 16 61 8 107 1 108 73 13 85 74 110 37 51 78 79 122 15 137 84 111 2 141 4 103 83 70 7 53 138 102 68 49 32 52 33 69 21 148 87 143 25 50 125 62 86 91 82 65 34 64 119 14 23 36 149 80 114 22 150 24 89 106 145 126 6 72 45 44 100 9 98 58 136 56 113 92 135 76 5 134 120 90 88 147 67 132 57 96 104 47 18 59 
130 117 63 131 30 2 141 119 111 84 134 11 68 145 109 43 85 91 53 64 20 25 17 124 71 97 114 48 123 45 22 92 133 96 150 69 4 15 12 31 67 39 129 72 104 36 65 115 82 60 120 103 147 132 55 61 54 33 83 24 135 88 116 66 7 122 58 136 143 32 74 101 44 14 148 90 94 6 29 98 99 70 35 28 87 113 100 8 125 105 10 81 112 95 37 38 13 41 86 138 56 46 19 27 118 23 26 127 
98 12 104 61 120 33 34 117 135 142 115 20 100 39 4 144 22 146 136 9 59 72 141 110 31 42 112 25 64 27 133 102 119 71 127 52 108 60 99 122 134 96 26 36 78 41 137 116 83 97 58 84 53 62 7 89 13 109 91 50 114 45 106 5 128 118 87 43 124 86 147 8 139 107 92 90 79 6 57 14 1 126 3 103 138 24 54 38 10 37 121 2 76 44 140 40 18 55 28 32 48 63 70 16 29 11 35 132 66 47 129 46 149 73 67 125 56 74 
74 131 126 132 107 69 56 76 72 149 141 94 114 9 12 142 10 65 116 50 92 3 82 98 42 22 97 14 52 4 39 35 112 60 47 27 87 45 134 85 34 129 144 91 73 146 147 31 102 25 30 23 117 103 49 86 44 95 21 101 89 37 75 109 41 7 81 67 19 145 1 110 63 115 5 57 139 77 93 58 119 150 70 137 79 130 8 78 13 127 148 64 80 46 16 90 40 128 61 43 106 51 55 123 124 26 18 104 32 
30 67 73 2 102 128 76 17 71 118 143 34 115 149 94 116 90 113 7 45 1 126 58 49 140 138 96 65 141 107 74 23 136 129 51 55 104 114 25 86 150 48 137 148 78 5 98 134 59 87 66 92 20 82 50 100 31 4 11 93 88 119 28 80 84 122 15 47 108 83 131 99 3 41 13 8 89 147 14 33 44 124 39 146 35 135 79 43 117 101 36 6 111 29 133 91 112 139 9 62 38 110 60 125 72 27 26 52 123 61 105 10 145 32 103 68 42 64 
137 88 30 149 20 118 67 134 71 115 50 17 5 73 117 150 72 143 47 16 121 144 79 81 31 77 140 83 12 24 19 86 7 60 80 8 68 147 66 44 129 65 13 106 75 49 62 46 130 35 122 133 11 146 95 148 40 32 56 126 29 61 96 107 55 103 98 25 108 9 43 18 4 128 76 57 105 139 74 102 136 33 42 112 132 94 59 34 41 120 110 116 64 89 28 82 69 53 3 124 125 84 78 135 2 36 6 92 58 87 138 27 100 141 45 48 63 52 14 90 
7 108 40 103 47 30 2 141 81 142 31 132 29 26 62 27 143 48 77 124 96 60 88 86 46 78 138 133 63 57 93 127 84 98 6 134 116 112 69 146 122 14 145 102 104 1 149 42 9 123 39 67 70 49 126 52 82 114 17 43 4 136 53 13 95 115 90 113 120 16 50 61 65 15 92 109 12 68 107 99 110 41 100 66 21 33 105 28 89 117 44 37 58 85 5 91 59 20 71 75 18 32 128 25 150 10 76 
65 59 135 130 11 119 150 41 66 108 34 25 101 31 50 71 106 111 149 40 81 63 3 86 107 83 133 75 129 148 77 85 4 90 78 123 134 16 47 27 126 115 36 105 74 43 87 54 88 98 80 53 1 112 91 79 96 95 60 57 143 15 124 73 132 125 137 9 84 39 103 121 51 8 120 52 140 28 146 138 142 13 82 10 37 97 70 89 19 117 17 55 18 116 30 131 104 14 45 48 62 58 76 38 114 33 2 102 22 49 
68 34 138 131 142 114 96 40 103 53 126 107 36 38 66 149 117 1 62 19 106 61 13 132 4 23 51 55 99 111 47 57 24 85 143 135 76 125 28 31 89 87 27 150 39 86 144 134 29 81 109 32 123 100 54 14 69 140 83 50 17 3 22 133 71 129 82 5 21 12 33 79 18 124 16 120 37 45 56 90 78 35 95 101 93 105 74 116 20 77 46 73 136 121 148 112 108 15 145 113 42 98 30 7 115 122 64 49 
38 79 103 62 73 32 9 20 34 10 93 1 68 48 100 42 18 146 138 33 122 39 13 35 144 70 141 17 97 80 131 43 115 132 59 74 11 12 96 64 150 3 49 5 126 91 145 19 83 45 108 139 29 84 109 140 134 2 121 56 143 65 148 147 113 27 102 111 120 133 21 127 90 101 99 94 50 6 89 125 106 63 117 55 69 23 114 130 37 88 107 41 137 72 86 46 110 81 8 77 135 123 31 92 118 116 66 40 4 75 128 136 
18 142 76 24 111 10 90 96 126 5 70 143 2 99 94 148 52 61 66 37 28 95 48 80 54 26 22 62 44 144 3 124 128 136 97 115 129 29 102 83 72 141 71 140 19 82 55 11 77 91 101 41 122 132 93 7 138 149 137 106 67 147 20 63 98 127 134 84 123 32 112 23 6 38 12 25 135 33 139 60 86 31 64 75 100 73 21 74 42 51 108 88 8 125 35 121 131 85 15 130 58 4 103 87 92 107 57 79 30 65 133 119 49 14 150 105 145 69 114 40 
53 74 47 101 88 103 23 105 109 29 102 90 1 128 18 117 131 94 13 80 134 11 21 6 147 79 116 112 31 62 27 37 96 104 99 87 84 110 140 121 93 100 126 65 120 30 85 150 118 60 40 92 49 89 83 72 14 25 142 86 107 127 141 12 2 145 129 50 106 51 111 135 52 124 69 43 139 57 73 55 148 149 5 78 123 22 41 122 70 8 143 19 24 4 133 68 91 113 33 130 16 125 10 66 64 132 81 
33 114 87 123 116 93 137 141 76 110 107 131 12 48 25 22 124 50 119 115 112 108 140 2 58 92 23 139 146 45 133 63 81 11 19 82 1 61 84 136 59 96 150 111 77 64 125 3 36 41 52 40 128 121 106 101 117 94 51 98 46 44 129 35 4 7 78 144 113 95 67 74 31 70 118 83 18 122 138 100 69 28 14 47 21 6 27 97 42 72 37 149 103 68 143 145 109 26 62 
73 68 137 93 56 129 50 120 148 11 46 125 147 53 18 5 49 130 88 126 119 2 9 24 136 107 7 38 34 8 57 1 79 35 21 25 67 28 144 150 117 83 40 42 33 63 72 111 64 85 61 90 69 132 13 145 37 100 124 32 77 31 41 45 140 81 133 20 97 134 114 84 78 95 36 122 109 23 3 74 143 118 98 127 138 14 51 149 58 128 70 135 71 27 89 59 10 105 22 131 103 60 86 66 87 112 113 101 43 
50 54 103 89 72 29 17 11 28 141 93 124 95 102 27 37 133 99 125 77 88 120 131 143 106 23 80 126 21 115 96 26 61 130 139 79 58 81 3 47 117 112 140 138 69 8 41 4 12 13 56 59 132 16 94 147 64 34 101 74 52 148 119 42 66 83 91 57 127 75 82 84 113 137 24 43 105 100 18 149 76 19 25 144 150 145 123 90 98 14 114 51 134 32 107 109 111 60 55 122 62 15 22 116 136 104 87 30 86 92 10 44 2 33 38 20 73 
38 18 6 109 61 35 67 66 58 40 144 135 101 111 126 76 64 36 140 93 48 26 44 141 113 46 134 69 119 59 53 8 95 10 4 116 57 47 56 15 34 145 19 31 78 146 23 37 51 22 72 11 43 25 107 90 30 79 99 97 108 75 128 110 133 100 20 77 138 2 96 45 92 27 71 129 65 83 122 131 127 105 85 74 81 60 14 148 68 88 106 98 33 103 21 142 17 87 7 86 91 147 114 9 5 121 55 16 123 136 3 41 63 70 
44 13 41 23 31 92 45 71 98 64 79 2 25 6 28 83 107 110 101 104 56 32 36 99 73 26 52 51 39 113 106 17 1 57 60 134 94 118 140 30 66 105 77 143 95 123 16 63 127 117 14 148 46 139 3 49 42 34 150 108 81 144 132 138 116 75 93 125 59 47 12 115 5 24 128 82 50 133 22 43 137 135 9 130 70 62 141 68 86 29 124 4 19 78 122 103 27 111 48 18 112 21 149 131 121 145 87 126 35 8 15 37 
68 41 5 117 86 136 118 42 126 17 30 47 61 64 71 96 93 35 133 65 67 26 21 9 88 139 25 99 15 105 144 48 143 52 87 149 51 22 19 85 98 112 140 11 55 120 39 81 132 83 91 147 102 24 63 8 130 77 62 20 114 111 148 56 103 3 110 124 129 121 60 70 43 2 74 78 138 45 4 31 69 76 54 32 122 37 90 53 66 109 125 123 137 10 150 107 80 141 79 33 
13 86 62 126 146 8 67 139 84 14 122 50 124 150 27 129 133 30 143 65 66 128 76 92 55 113 36 109 57 142 77 117 115 58 26 64 112 98 120 93 52 148 38 45 97 103 88 134 72 37 99 123 108 40 2 81 4 43 116 5 102 39 125 111 147 33 114 63 132 94 34 110 12 25 1 49 42 29 9 107 145 21 119 144 53 149 73 100 104 70 137 90 32 105 16 69 89 131 19 61 22 82 59 91 130 106 20 6 127 18 68 
87 63 62 140 53 120 15 129 121 91 16 29 141 32 21 107 58 43 60 135 2 103 81 126 25 134 74 111 41 80 9 7 147 59 104 127 99 143 88 38 118 22 24 56 19 50 10 106 90 17 98 69 5 148 14 97 108 78 82 30 35 72 79 138 51 132 112 101 149 92 70 67 150 33 48 61 68 1 119 115 39 102 86 75 76 105 71 42 77 136 125 139 114 145 144 6 113 8 44 40 84 95 100 18 128 85 
2 93 145 105 17 30 44 50 103 120 42 6 4 62 102 82 130 64 49 46 112 107 138 43 116 122 123 55 24 124 34 137 126 143 139 89 26 132 87 68 76 141 91 58 73 3 54 119 106 133 38 99 32 78 60 13 74 12 39 90 41 29 131 77 18 25 71 15 40 52 79 127 92 109 110 144 56 28 35 23 11 84 140 115 8 97 88 51 53 19 63 147 111 20 59 27 33 69 61 16 108 67 113 98 48 31 
68 49 98 110 62 108 144 142 141 74 147 21 96 81 32 9 27 101 64 102 146 126 19 90 26 138 42 44 3 63 18 93 132 15 66 52 73 37 60 6 137 16 117 119 103 65 59 39 127 30 8 43 47 14 75 79 143 5 129 105 31 71 131 111 25 51 128 61 45 115 134 72 150 36 4 57 41 48 13 70 149 56 139 87 95 46 113 107 99 69 135 24 116 77 11 109 91 124 80 92 85 122 130 140 1 55 120 35 106 40 
8 65 61 141 11 134 25 132 148 140 44 92 93 37 16 130 48 23 143 84 149 133 136 56 64 14 103 120 41 106 38 138 147 71 124 114 24 129 34 77 51 108 70 137 115 53 95 112 36 117 90 144 89 19 97 88 46 135 113 86 43 21 81 33 52 55 5 96 6 104 42 109 50 102 99 45 62 128 131 4 3 126 58 69 47 35 150 121 82 87 57 72 60 110 12 146 139 63 73 26 18 74 123 145 20 2 66 54 79 111 49 
56 54 128 119 131 107 78 77 9 46 62 136 20 114 23 12 29 15 125 96 132 57 130 95 71 65 5 72 58 126 38 104 116 140 106 37 92 90 121 30 53 19 133 148 105 84 61 13 32 86 129 60 144 36 10 124 73 47 26 127 103 112 87 146 110 142 55 94 143 69 48 83 141 123 145 28 134 25 64 22 6 89 27 59 63 117 2 113 111 45 35 120 50 100 150 115 41 67 8 101 52 49 99 122 82 109 43 102 135 76 75 24 68 
10 142 128 111 131 9 61 39 74 112 88 76 83 123 1 98 40 57 22 91 93 19 134 140 119 100 65 6 122 34 8 130 99 107 16 68 127 48 12 43 75 36 120 116 97 149 24 78 89 27 45 51 60 28 95 138 85 5 109 31 106 29 11 3 86 117 103 104 30 37 63 146 148 32 59 33 26 139 67 21 102 133 7 54 4 132 13 145 150 124 82 81 66 90 72 114 20 38 53 101 2 23 96 125 126 71 46 44 143 108 18 52 70 58 137 
38 125 51 113 65 150 131 147 19 16 55 103 66 115 7 109 93 20 145 108 23 52 30 116 78 84 71 124 12 85 86 80 81 64 127 94 87 37 31 36 133 143 117 22 121 6 137 72 91 21 11 100 136 56 26 140 75 120 107 61 96 60 95 29 48 138 77 73 57 3 10 82 33 8 128 27 130 110 139 98 119 89 5 1 34 105 122 25 83 50 101 14 142 35 111 114 39 102 49 15 45 88 134 
33 126 90 19 139 85 32 81 72 63 124 22 116 60 9 11 78 39 53 102 61 89 51 21 125 10 26 8 55 105 45 123 3 68 138 148 96 66 34 13 48 99 64 67 144 4 14 77 149 100 131 86 147 65 109 140 143 92 62 104 57 54 136 128 5 91 7 16 94 30 142 98 28 80 118 132 111 37 1 95 36 79 106 114 44 101 24 41 75 120 141 93 23 83 129 133 107 76 134 121 130 69 74 135 40 97 70 145 49 71 84 15 20 35 58 112 113 18 47 88 38 31 
92 11 109 133 41 138 14 127 97 64 20 112 88 94 103 115 73 18 3 56 129 120 5 16 70 126 33 141 63 17 76 4 125 39 142 148 87 113 19 66 140 83 79 48 149 13 60 27 21 122 119 31 46 8 36 82 137 117 6 50 71 52 22 12 130 111 132 23 89 80 45 134 32 96 74 124 55 67 106 121 102 43 93 86 95 77 61 51 7 29 90 128 72 110 38 107 105 10 37 139 147 59 135 69 2 85 104 98 
117 87 50 79 135 115 55 133 58 11 150 129 97 26 118 42 75 126 56 51 38 131 86 134 32 22 1 70 101 105 89 120 8 147 149 46 17 121 15 59 148 109 95 142 137 2 138 20 60 99 24 16 96 110 40 43 13 62 143 35 104 4 114 29 116 49 78 76 61 39 65 71 81 94 80 98 21 57 48 9 12 119 82 33 92 106 93 25 111 44 19 7 108 144 14 63 103 72 18 5 128 6 34 141 64 90 100 30 41 66 125 146 67 140 
133 18 23 105 9 63 119 49 5 143 25 129 11 33 12 92 15 122 14 100 149 101 94 30 99 148 96 78 44 107 95 41 147 102 70 20 64 56 138 89 150 86 91 130 85 137 124 4 126 22 62 26 132 57 13 134 110 93 121 52 65 123 125 114 115 108 118 141 45 120 81 131 144 39 90 146 37 82 88 29 104 53 67 38 128 10 142 40 112 50 75 83 97 74 8 19 109 73 51 1 113 145 6 79 32 103 58 2 54 111 87 84 135 68 136 3 
97 15 71 122 130 11 80 105 67 139 72 31 120 17 22 109 81 19 110 145 114 92 112 116 33 146 29 55 121 5 48 65 108 98 66 58 94 25 39 137 56 69 1 23 126 76 147 134 49 57 24 8 117 28 133 141 20 135 107 84 89 140 96 104 78 34 63 124 93 127 62 115 77 51 70 61 32 143 60 138 103 79 150 99 40 132 90 38 16 123 102 12 85 74 91 21 53 75 73 118 14 111 100 43 119 
66 58 128 97 43 81 34 92 32 22 14 54 29 45 112 144 98 13 100 91 87 51 33 138 27 38 104 94 125 47 143 37 36 124 55 145 44 85 71 65 76 141 60 126 95 93 132 117 72 84 59 42 135 101 23 102 67 56 90 21 26 19 108 24 147 137 80 119 8 109 52 123 88 86 40 148 39 41 122 129 70 111 50 150 62 9 77 6 15 4 75 73 115 18 61 53 127 120 
78 55 146 33 9 15 133 140 107 84 100 27 64 66 26 47 38 101 117 85 92 51 94 42 125 5 134 97 13 40 24 17 119 91 108 35 37 77 70 58 45 95 89 141 46 139 131 135 75 67 114 116 130 112 150 118 62 23 73 79 52 74 147 53 103 127 136 2 80 54 142 86 137 68 39 113 11 16 81 21 148 149 128 138 102 110 104 69 25 121 20 56 71 115 145 28 6 43 132 30 10 123 124 22 93 
88 66 99 73 20 110 35 146 54 95 74 123 53 64 116 11 84 94 134 126 97 147 30 127 55 78 135 141 145 133 101 68 21 117 48 86 137 102 100 105 79 139 39 132 69 82 114 119 149 104 52 2 12 19 61 118 23 125 4 115 83 144 76 51 89 96 17 46 9 81 16 28 65 14 44 40 24 138 142 103 87 108 57 22 29 107 26 42 92 67 37 33 98 60 150 45 80 8 70 25 31 143 7 111 91 36 131 3 109 140 62 93 128 148 90 
25 100 34 27 90 49 140 134 46 56 16 6 42 9 10 113 115 32 28 84 20 36 110 138 62 107 68 58 71 11 148 8 141 144 7 44 30 130 94 74 43 14 118 57 80 146 48 93 105 17 31 86 5 70 122 3 82 24 67 45 4 131 73 143 136 63 89 37 102 112 120 69 123 128 126 2 83 39 129 64 101 95 103 50 53 47 78 33 29 12 111 60 41 61 114 98 142 52 139 117 104 21 97 65 119 135 124 127 59 108 137 132 150 15 116 121 76 149 38 
126 133 146 17 70 55 67 41 1 48 84 101 20 3 94 77 72 144 57 90 34 125 19 147 128 65 97 37 87 16 76 58 119 39 82 136 38 14 23 112 31 129 114 24 11 108 29 93 130 121 4 127 143 22 62 86 80 135 28 104 95 138 75 106 59 49 15 142 109 116 7 107 35 40 42 56 51 141 68 54 69 33 100 44 105 64 78 140 5 145 131 115 96 117 123 71 92 27 46 60 9 137 21 120 73 132 91 99 10 150 79 50 
67 137 77 128 43 89 10 144 135 63 139 59 41 19 72 4 71 136 30 142 109 101 24 37 48 148 3 69 1 122 82 114 105 134 85 130 111 65 35 12 92 73 54 138 143 133 2 28 14 6 103 36 18 140 120 104 51 87 106 141 64 86 102 34 50 58 84 125 17 78 132 11 123 55 129 115 13 39 112 5 108 80 46 119 61 22 15 49 147 127 117 62 66 8 23 47 91 96 40 25 9 107 32 75 90 95 126 70 60 93 
59 50 78 88 91 145 71 127 111 148 119 99 1 102 75 4 130 11 84 66 57 117 149 53 18 76 120 37 106 129 48 46 31 98 112 43 68 92 144 70 24 55 139 122 147 146 60 27 82 125 136 95 94 143 19 56 104 72 141 77 97 49 14 90 25 109 41 69 40 73 6 61 34 115 118 64 52 15 65 103 124 133 121 39 137 12 126 110 74 140 58 131 89 101 13 10 123 
110 66 20 4 81 18 120 13 91 141 35 93 12 97 24 39 84 129 26 94 37 11 34 27 125 59 131 61 52 127 135 47 149 45 21 70 123 121 116 143 148 76 28 101 132 40 100 63 43 108 117 38 32 78 98 136 67 140 86 50 9 64 68 71 42 74 75 96 144 53 62 44 31 87 85 147 138 107 128 58 69 99 48 57 25 3 146 49 102 8 124 54 139 150 16 10 145 130 65 119 114 122 14 88 22 19 82 109 133 7 77 142 60 
69 86 32 116 26 39 47 140 88 46 54 51 40 67 93 18 114 128 119 31 78 59 124 99 74 122 52 8 145 57 103 132 110 81 100 92 19 5 144 109 107 30 1 9 149 37 147 89 112 79 48 34 83 72 150 62 84 102 15 49 133 136 87 63 58 44 25 11 20 60 2 129 143 117 71 68 73 115 10 108 75 135 91 61 16 141 14 138 130 85 134 38 64 120 97 36 45 42 33 123 127 146 17 22 101 66 95 125 12 
27 33 5 50 100 39 118 119 138 150 59 32 62 121 87 54 52 107 144 135 93 84 102 112 23 105 129 108 134 91 42 67 83 11 8 101 122 51 71 2 103 30 95 4 61 109 148 116 24 125 82 47 127 128 40 15 99 69 73 75 120 79 136 64 131 115 143 1 6 142 98 20 110 60 55 72 104 19 9 45 35 70 41 88 46 38 17 56 66 92 25 43 89 78 65 28 96 133 114 31 126 22 97 
146 116 68 27 115 111 48 118 11 23 13 119 135 70 124 31 46 82 142 141 4 138 75 77 8 20 54 86 60 125 2 121 62 134 114 7 19 92 78 104 64 6 130 53 35 15 94 55 66 36 143 67 40 81 84 12 148 108 83 137 1 39 136 47 9 16 5 127 59 131 89 51 91 63 45 22 76 21 99 98 43 139 37 122 80 107 79 49 87 126 149 133 17 144 41 93 102 32 109 140 147 106 128 100 85 52 24 69 150 18 103 56 30 29 88 
11 94 80 1 67 120 45 62 41 56 96 22 89 150 104 31 72 74 98 73 30 87 21 127 109 125 91 63 115 48 6 32 126 93 140 119 58 40 52 110 13 66 5 78 16 23 146 111 99 122 44 7 64 84 105 37 143 141 95 76 131 145 149 69 61 88 51 54 83 8 38 75 106 17 128 79 82 24 2 135 124 29 57 19 112 107 36 137 136 114 148 132 130 92 90 85 3 26 55 147 60 68 71 14 139 53 77 35 33 
10 135 38 103 43 77 34 143 15 115 55 126 119 136 105 23 9 56 69 7 111 70 78 54 44 122 75 82 130 145 93 134 21 39 88 83 150 19 133 95 59 113 106 48 50 114 32 146 41 117 84 45 94 131 100 18 62 4 73 137 80 72 30 1 97 33 12 57 58 90 6 91 68 86 13 52 121 24 110 107 16 142 123 127 109 149 65 102 116 89 27 22 148 40 144 85 47 53 37 14 28 101 98 99 138 36 64 20 51 147 108 112 42 31 129 120 141 71 11 
117 62 83 135 55 1 121 67 13 29 30 39 131 140 68 88 19 11 143 107 149 78 106 4 23 48 112 89 98 73 16 118 100 129 115 126 41 147 34 116 40 99 31 51 56 130 110 36 50 103 148 2 25 94 44 43 127 45 27 80 104 91 109 137 66 82 54 114 42 150 38 47 65 63 85 145 75 35 57 122 8 81 77 86 120 21 22 119 10 141 93 123 9 37 20 132 146 133 32 87 64 111 53 124 17 59 79 72 18 134 
24 73 50 139 46 124 53 71 69 145 91 142 2 4 22 59 119 83 125 148 29 144 78 140 127 123 84 116 58 26 21 135 49 1 12 90 56 96 143 40 28 77 37 9 100 61 97 147 55 75 36 35 112 48 122 103 113 15 118 130 133 111 131 108 81 60 6 76 31 27 7 57 72 43 141 51 150 47 17 85 114 38 136 104 93 79 86 65 117 11 126 16 39 129 34 33 102 23 109 19 98 68 149 45 134 107 25 132 52 13 
84 132 130 127 20 95 18 34 122 149 58 135 72 126 29 114 56 76 41 102 100 136 22 61 38 46 68 143 133 24 107 66 3 44 70 37 78 83 139 115 131 147 88 104 89 109 118 6 23 134 103 120 59 16 98 5 112 117 2 128 65 105 80 91 19 150 10 67 90 111 43 144 119 64 81 94 36 27 82 35 69 73 45 86 55 51 14 32 1 40 141 97 33 106 15 53 140 26 13 146 99 9 145 39 92 113 47 108 30 
115 106 17 136 89 146 11 66 18 123 3 120 145 37 142 132 54 26 44 65 81 104 15 117 138 50 93 113 61 32 68 45 14 101 91 16 98 84 103 73 49 31 110 92 55 20 131 141 30 137 67 43 5 34 28 10 60 42 21 124 52 58 143 33 94 135 76 109 57 82 59 8 51 100 46 29 1 2 133 125 77 35 56 140 4 13 27 149 78 83 99 148 74 39 22 108 38 122 12 97 107 25 86 9 87 85 102 7 40 96 63 19 79 147 116 72 53 75 105 119 
55 53 15 24 90 43 81 111 77 94 69 60 125 134 63 34 78 18 4 86 139 51 13 116 143 101 28 132 14 2 1 20 50 80 89 61 35 64 17 62 10 40 129 11 79 74 124 93 110 52 140 27 95 22 113 48 150 103 57 42 147 102 12 148 141 109 133 6 127 121 23 92 47 32 76 123 41 9 16 54 46 8 119 99 138 39 128 118 5 144 135 45 105 146 26 130 85 38 120 104 88 82 66 122 83 21 75 97 145 
95 65 22 137 7 41 148 68 116 78 30 96 58 125 34 92 83 103 61 86 12 141 123 102 99 23 5 121 140 44 109 73 24 133 18 106 6 25 15 55 126 49 28 138 105 67 139 32 131 107 38 63 47 35 8 16 100 45 129 59 145 94 42 119 81 118 21 90 13 64 53 88 108 3 87 98 70 48 77 146 50 27 43 39 9 57 84 128 76 26 127 80 85 79 111 69 144 74 56 31 101 11 33 142 10 134 54 19 124 93 1 
105 74 35 9 45 66 23 102 107 20 77 59 63 43 96 75 124 32 147 95 133 115 142 140 64 37 15 55 127 86 145 58 22 149 46 143 128 148 14 70 150 4 125 144 48 117 51 116 11 89 99 114 123 137 47 21 108 111 6 50 98 30 57 36 139 5 78 93 27 100 44 92 19 132 52 118 56 121 103 106 112 97 13 1 49 119 18 141 41 61 91 34 122 69 68 71 87 109 72 73 53 90 40 17 101 146 16 29 131 94 
73 127 103 17 30 28 140 1 55 41 136 49 142 98 102 97 111 63 29 138 149 145 40 106 79 92 86 14 26 128 130 125 139 75 74 18 100 50 147 84 7 43 146 109 122 87 123 52 2 71 51 99 36 23 148 64 114 120 133 54 38 101 70 32 132 91 143 88 66 83 150 124 10 15 22 62 56 129 69 93 61 35 80 21 121 134 119 81 8 13 46 33 58 59 37 131 108 76 11 25 60 67 3 126 4 105 107 34 72 144 112 
10 55 25 91 87 68 16 12 11 74 146 58 108 92 145 28 51 133 97 2 35 126 105 34 90 148 144 138 77 134 96 98 53 132 30 102 22 131 89 62 121 125 13 111 29 37 56 70 95 76 79 85 122 71 135 104 39 73 99 5 26 106 52 15 20 27 141 60 32 136 50 75 150 23 72 54 44 139 67 118 147 78 124 47 14 18 93 65 66 109 140 119 31 1 110 115 114 9 57 38 63 59 49 40 80 6 88 101 127 17 36 43 100 107 94 130 
132 63 148 108 12 113 57 27 119 112 75 141 54 145 105 147 18 140 85 26 67 7 49 23 129 95 127 92 24 48 126 55 123 150 86 138 128 77 69 45 97 28 8 89 60 76 58 131 124 38 104 41 39 130 11 110 91 68 71 96 43 51 116 80 118 66 81 99 30 103 102 33 20 52 117 98 32 2 36 10 29 114 133 47 72 3 34 82 19 17 1 106 46 13 9 149 135 35 44 74 142 101 50 90 83 6 122 115 53 
19 118 82 107 33 22 136 149 44 132 6 115 56 80 145 131 128 57 111 79 70 27 53 112 106 88 84 32 15 86 55 68 14 36 2 123 138 60 81 102 18 150 114 141 109 85 67 98 9 38 78 12 7 91 62 92 89 21 105 146 37 133 124 119 137 43 74 87 93 122 77 30 126 104 75 45 25 59 54 48 76 49 121 148 94 13 100 101 130 42 8 41 140 143 129 24 47 117 23 125 39 120 135 3 40 108 5 1 96 116 72 69 73 11 34 97 51 99 52 
119 29 71 92 2 17 102 147 57 135 53 110 75 31 146 120 19 77 5 26 98 112 15 27 145 148 32 125 104 44 18 107 4 62 114 69 36 87 22 90 45 108 131 52 137 81 133 89 35 143 40 16 118 61 132 70 142 124 43 144 88 12 64 130 39 59 95 11 56 85 121 116 80 21 149 68 9 128 139 1 67 126 47 93 86 105 63 20 28 14 76 100 60 38 48 141 123 91 54 106 122 82 101 41 42 74 8 10 96 117 99 103 30 
93 79 137 57 131 51 120 87 33 123 139 19 17 103 74 21 78 47 50 106 110 80 56 81 140 99 54 90 27 91 127 97 126 124 130 116 22 75 98 40 37 68 53 3 64 12 31 105 84 30 13 48 52 115 129 122 77 146 39 8 11 25 102 148 62 94 149 92 82 117 46 118 28 20 49 35 135 38 119 134 60 138 150 2 10 100 96 147 142 42 136 6 67 63 83 114 69 61 107 26 76 66 59 7 24 88 16 104 71 44 95 
18 4 122 5 9 19 39 81 49 67 95 1 76 3 106 127 96 126 134 107 147 21 80 149 99 111 145 78 13 128 14 38 29 70 73 146 25 54 59 135 66 31 82 112 125 113 37 55 89 132 43 120 88 24 94 44 98 140 30 90 34 121 46 84 85 36 108 27 133 116 2 41 143 17 69 26 15 65 32 12 100 16 136 104 105 72 47 56 91 28 79 68 50 110 83 103 64 124 92 71 109 142 137 130 51 22 20 75 114 86 97 118 
134 11 40 41 6 23 103 84 140 53 10 106 129 113 88 96 122 83 93 8 95 32 112 72 71 149 146 3 102 141 24 68 119 4 14 110 100 94 124 52 77 67 31 143 115 111 139 55 7 2 108 133 65 90 20 70 148 1 78 15 57 45 27 76 85 26 125 64 58 13 121 80 150 126 81 60 59 138 74 69 56 49 54 89 79 99 120 130 36 43 145 42 105 62 47 48 101 46 73 22 137 87 38 33 5 118 131 61 
21 62 127 35 29 128 102 36 23 16 71 133 132 93 34 77 106 119 101 88 3 45 2 134 130 48 37 47 51 73 17 114 66 24 52 19 43 14 32 69 143 121 75 139 95 85 129 100 92 58 84 11 80 112 83 54 1 64 82 79 141 70 91 150 31 41 99 107 40 144 98 8 74 4 94 6 97 104 103 148 55 20 86 81 13 59 87 135 12 109 142 126 50 22 7 68 120 63 110 147 90 65 5 149 72 117 113 115 122 136 10 118 78 105 96 108 44 25 27 
33 25 52 84 40 4 76 55 123 15 105 102 133 65 36 106 27 136 119 127 145 31 48 6 39 17 67 7 42 71 103 122 3 60 93 121 59 94 58 129 26 53 150 113 69 85 114 137 35 9 12 78 66 64 2 44 143 117 23 80 87 107 10 134 96 135 54 92 101 104 20 88 75 43 142 22 141 1 14 70 72 98 34 24 37 47 62 146 73 128 30 81 144 112 32 97 118 29 109 49 89 124 38 8 132 147 61 13 
89 107 28 134 43 50 73 66 16 24 22 9 95 97 143 135 137 58 2 46 76 83 15 12 69 133 104 141 45 74 37 65 110 126 25 4 8 87 82 114 56 93 36 20 32 98 23 17 81 94 5 64 103 101 88 86 139 142 14 84 105 131 55 30 40 140 51 122 77 121 57 71 128 90 47 49 29 132 109 138 136 54 1 125 96 113 106 53 144 62 10 21 145 7 41 116 118 123 127 63 34 67 61 59 108 52 79 146 6 42 60 19 124 33 75 
57 56 49 52 22 2 148 98 31 68 101 46 3 104 112 6 10 106 27 131 82 94 36 107 147 129 19 64 134 44 30 24 93 71 95 38 74 17 138 96 59 39 91 37 75 76 103 78 122 119 117 25 21 33 62 146 12 81 137 99 123 4 43 26 73 61 128 118 9 83 120 80 133 7 65 114 141 113 5 100 92 69 32 111 124 89 50 1 15 28 145 11 47 143 149 102 20 105 132 110 66 126 140 34 125 14 58 45 86 16 
81 51 140 69 93 106 86 59 68 9 34 107 87 49 88 145 123 96 61 112 3 2 139 92 105 102 84 21 134 44 117 101 128 132 150 129 60 119 58 52 11 136 70 6 7 65 147 103 100 114 17 48 130 47 133 24 116 53 75 74 79 73 71 146 38 109 12 31 50 28 95 42 144 66 76 77 148 72 104 138 5 124 99 142 36 141 20 45 26 43 22 135 83 27 137 131 16 63 
139 38 136 55 108 120 122 36 107 145 130 111 115 129 91 80 149 61 148 150 46 135 133 28 71 89 82 20 25 77 90 74 11 47 121 32 29 12 13 72 110 79 34 26 24 124 58 48 66 65 8 68 146 5 2 143 92 50 112 96 30 62 18 10 63 125 4 75 85 78 109 113 76 86 45 35 43 101 6 138 23 100 70 97 49 73 137 118 126 142 131 94 127 42 41 15 33 16 39 64 56 22 14 140 103 119 31 84 99 95 106 
25 134 81 107 146 88 42 83 100 147 15 20 117 70 16 9 37 120 18 94 21 46 106 145 101 8 11 27 55 35 144 59 86 23 128 87 39 125 135 92 129 65 3 124 24 108 79 53 140 31 114 142 58 121 33 133 54 60 109 29 71 57 50 7 116 104 138 122 36 149 85 93 137 105 110 130 136 91 96 76 103 41 63 131 113 74 40 119 143 22 78 17 45 148 97 14 111 127 98 44 12 64 118 51 6 150 115 72 10 61 52 73 139 
127 136 75 96 73 112 119 15 139 129 62 29 16 126 57 120 34 64 78 85 30 90 118 50 22 21 131 46 102 101 84 19 111 108 122 130 1 25 40 132 133 24 74 124 3 18 109 44 26 27 68 66 42 60 70 128 32 82 103 41 80 11 143 95 97 94 142 144 63 145 117 99 114 61 135 147 59 146 10 2 116 106 51 88 65 12 56 150 13 31 58 28 115 125 33 4 76 86 104 17 43 79 
81 75 54 71 48 78 64 35 14 16 147 150 132 17 119 95 113 46 121 101 110 52 97 22 12 18 98 91 117 123 128 103 87 55 73 2 49 144 77 120 63 136 51 10 39 24 111 114 127 137 28 86 85 62 60 83 27 80 90 143 40 134 3 148 23 102 141 135 15 146 133 76 47 37 36 140 57 106 6 50 126 94 138 30 59 68 1 66 53 19 56 26 4 105 74 21 43 58 31 108 5 104 29 115 122 139 88 11 96 130 116 124 125 131 42 
96 71 9 1 28 48 6 126 102 34 90 58 23 138 60 98 64 76 110 119 93 86 140 44 91 106 75 13 136 113 103 43 30 117 132 82 148 18 66 24 36 62 143 83 111 10 32 14 74 47 69 123 121 49 145 150 61 134 72 116 56 53 38 16 42 137 15 142 114 27 122 17 141 77 84 87 59 100 25 55 20 65 70 147 95 129 8 46 7 12 120 2 107 11 133 92 41 81 
51 5 8 13 128 2 81 23 39 107 139 117 49 9 110 90 129 22 147 76 93 82 55 120 80 132 83 27 88 94 96 3 35 52 4 148 115 21 24 44 68 121 36 99 114 56 28 15 33 79 140 64 112 70 42 84 58 125 144 134 20 72 45 104 103 16 46 53 32 34 43 137 101 50 71 146 11 48 89 141 30 91 25 123 12 74 66 14 85 87 102 142 61 60 108 138 67 41 26 62 63 145 124 127 109 78 92 18 31 149 40 65 17 19 98 106 
64 28 24 121 139 40 27 113 137 7 144 106 21 33 147 5 66 58 91 148 143 96 103 99 61 2 45 89 124 14 92 73 131 30 36 53 38 29 13 68 59 18 111 16 19 11 17 44 134 108 37 42 8 78 145 55 138 126 56 88 100 149 67 150 123 52 1 94 76 129 133 50 48 132 22 98 130 80 77 39 136 86 57 20 107 75 110 69 71 127 120 82 84 46 25 118 72 31 95 32 34 85 10 3 135 101 
22 43 102 65 150 58 112 142 148 131 126 1 149 99 114 76 57 56 24 106 132 66 48 133 14 123 118 115 36 135 61 42 111 8 83 44 69 5 71 87 143 34 12 92 60 55 15 147 26 146 129 63 3 54 105 113 137 93 9 73 98 78 30 103 41 68 27 95 138 124 46 100 120 7 72 10 144 139 59 116 32 117 75 18 39 82 122 96 17 50 35 86 37 80 23 84 6 140 11 31 28 125 121 74 77 21 13 109 89 
51 132 120 125 93 17 91 58 43 147 42 115 19 92 77 56 144 20 63 37 126 57 117 104 103 23 78 65 141 129 79 71 106 96 139 11 70 25 44 31 97 108 26 95 105 69 86 88 102 111 67 9 39 54 121 116 118 53 127 35 1 87 41 8 122 50 14 74 133 61 28 21 150 128 94 40 101 131 113 3 59 142 4 114 145 24 75 64 30 130 60 98 107 109 46 140 124 22 45 16 123 72 47 49 81 
18 127 53 123 81 10 86 41 118 27 135 122 98 133 139 72 39 43 21 119 83 59 69 75 134 136 11 142 105 117 19 101 70 51 31 85 147 5 149 62 40 35 146 34 104 50 36 52 24 84 126 107 128 143 102 94 2 15 74 44 99 67 131 45 7 66 65 28 113 141 54 116 22 125 124 63 30 12 110 73 60 48 16 4 108 3 114 47 23 93 14 144 1 37 17 9 46 137 92 32 26 25 120 78 13 121 148 38 150 95 76 103 20 
132 36 59 146 131 52 41 130 73 100 148 129 84 122 108 18 11 99 92 47 140 123 121 134 43 21 35 141 10 67 24 38 61 110 76 70 104 2 54 87 26 17 119 144 133 12 112 1 34 57 72 111 19 27 109 42 86 28 16 107 37 23 98 89 55 128 13 150 74 56 32 53 145 48 103 68 85 20 142 101 5 64 46 117 114 135 115 63 50 97 3 49 31 81 105 62 58 94 71 82 127 139 124 79 6 96 69 60 113 138 
10 127 112 134 82 57 103 126 38 48 88 90 32 69 68 109 121 71 16 12 89 142 18 31 40 113 94 9 20 65 148 45 85 26 49 70 108 53 150 93 130 72 110 139 132 141 58 17 22 4 138 37 11 43 3 35 100 59 15 50 39 74 149 95 80 137 122 13 66 5 27 117 52 104 21 125 86 147 77 79 101 107 102 63 119 8 54 36 67 91 14 23 143 136 135 96 1 33 87 124 73 28 6 46 145 76 105 56 144 44 29 99 123 128 47 81 131 19 64 
48 132 30 13 20 86 39 105 96 55 56 109 45 59 9 82 12 28 7 92 75 21 98 68 31 90 2 115 124 15 126 107 134 77 100 125 127 67 41 29 47 136 144 25 43 117 106 57 62 44 14 66 118 99 34 140 4 110 121 26 60 114 51 88 123 52 10 147 148 38 78 27 104 17 133 116 49 89 11 97 53 108 61 35 95 128 1 111 150 33 69 141 58 119 80 129 37 113 8 46 72 23 102 85 143 76 50 139 71 137 145 42 73 135 32 79 65 138 64 130 
127 3 52 71 117 4 31 101 90 22 15 84 66 91 11 46 7 107 143 141 83 26 92 43 10 55 35 49 58 73 8 54 45 60 63 112 129 119 97 113 134 110 103 87 122 86 13 149 126 130 61 114 150 118 132 108 67 100 40 47 9 120 89 115 44 99 65 75 64 82 78 28 76 125 102 5 27 123 81 51 77 20 104 146 42 33 69 14 133 59 136 21 144 124 74 18 29 50 128 116 131 48 79 6 106 135 105 142 109 
24 80 100 79 112 12 150 45 144 84 51 50 65 116 44 30 73 49 140 145 59 33 42 114 31 127 128 90 10 126 25 67 22 43 14 130 53 54 81 118 110 87 13 123 119 5 56 89 108 133 97 113 41 149 115 143 125 139 9 146 131 121 32 93 3 99 29 104 18 103 6 8 60 147 16 75 11 66 70 4 72 48 142 120 138 107 92 57 96 78 20 38 52 83 105 69 124 40 135 23 39 129 88 76 63 46 137 36 132 148 141 85 15 109 74 27 117 98 
139 57 132 116 4 82 79 52 7 142 133 31 80 47 98 40 121 59 89 71 9 141 111 143 46 73 145 24 127 106 88 10 77 8 130 123 138 55 74 100 85 29 3 32 81 135 86 120 102 50 39 84 114 38 136 22 67 62 70 76 115 28 41 117 93 99 21 19 125 43 23 110 16 44 122 75 131 45 78 18 140 83 14 101 15 91 26 25 66 69 2 87 149 34 64 134 128 112 109 53 42 95 92 72 129 1 17 27 
110 136 140 12 125 134 10 50 83 64 95 18 81 91 43 131 36 62 47 54 15 107 13 141 122 77 114 49 113 41 55 67 100 4 69 65 124 37 5 142 26 115 24 135 44 73 94 32 76 60 20 150 63 57 102 17 130 51 145 30 52 2 143 74 19 99 29 138 84 7 116 103 56 46 101 137 78 70 3 117 126 144 112 48 71 35 108 68 89 45 27 147 1 82 39 129 93 120 123 
133 69 12 19 121 2 77 67 116 30 38 58 129 136 60 43 145 146 138 134 108 55 147 29 13 35 142 103 122 44 45 72 16 100 70 15 128 89 135 36 110 71 11 104 14 131 76 73 64 42 62 7 74 137 95 132 96 41 125 22 37 57 25 24 93 34 59 61 90 106 48 4 82 63 50 32 66 54 33 143 27 51 31 107 87 68 17 1 144 18 23 79 21 101 109 85 118 115 84 78 88 8 86 47 91 140 9 141 130 20 99 124 127 149 
90 73 141 87 111 91 146 58 15 75 69 131 95 94 145 16 128 12 100 93 109 142 126 7 38 6 149 55 41 115 28 57 108 124 45 97 40 139 107 31 121 35 33 127 83 66 123 64 61 59 34 133 11 96 119 112 52 14 18 56 125 105 76 46 67 23 32 122 136 25 137 4 86 50 118 54 37 88 81 47 117 65 106 21 116 98 110 120 71 63 43 5 68 60 113 36 80 103 74 79 39 2 27 72 19 104 92 150 147 70 114 26 143 
96 137 67 3 102 28 13 130 85 88 56 45 48 40 62 74 103 134 31 58 5 148 133 66 29 80 71 41 91 76 112 21 47 36 25 35 105 52 32 128 138 26 142 145 30 61 119 127 6 27 117 98 19 82 126 123 69 60 129 64 73 42 12 108 14 92 150 140 55 135 149 81 136 10 63 94 93 141 97 95 75 43 51 111 72 18 115 104 23 143 8 125 7 46 79 50 99 122 49 17 68 9 22 57 120 107 87 
57 108 150 50 33 96 140 109 72 60 40 97 30 68 82 81 25 24 56 148 117 64 77 28 98 52 45 111 16 131 94 84 27 90 127 86 6 5 126 20 49 67 21 38 106 9 138 29 14 87 43 122 15 147 26 46 71 146 41 102 142 130 78 48 42 119 80 76 92 66 83 144 110 65 3 75 13 91 51 107 137 55 89 70 2 53 129 36 18 4 149 113 69 120 31 79 32 115 104 54 141 
20 69 119 115 36 23 113 37 47 64 43 63 34 5 76 114 118 16 39 56 101 135 46 73 21 94 62 89 92 42 50 141 60 104 125 140 121 97 27 28 139 9 6 19 7 116 128 145 65 2 79 49 38 88 129 130 132 103 109 143 55 53 31 84 44 41 112 24 17 108 22 51 4 149 96 57 100 86 1 68 67 150 71 136 26 8 134 35 80 15 117 137 10 3 77 54 131 48 126 93 90 148 120 124 66 85 127 58 83 110 70 72 40 146 75 
33 88 30 73 111 1 97 104 62 85 72 95 68 51 53 139 13 27 31 128 56 89 58 14 106 146 38 16 17 10 61 39 63 60 54 5 21 41 44 129 145 94 40 124 20 100 141 150 49 9 87 98 11 83 120 57 74 102 46 18 82 81 113 108 50 80 24 34 19 36 78 65 99 137 115 92 143 47 2 25 131 126 7 138 132 29 136 84 127 42 28 23 79 70 76 90 66 37 116 35 117 75 134 77 118 64 105 32 45 86 22 67 15 147 26 91 
105 92 4 89 70 48 63 49 144 11 94 84 23 107 129 2 101 69 77 120 139 47 51 147 128 125 52 41 36 6 100 124 112 46 102 44 106 43 122 13 76 54 79 95 109 1 5 90 78 57 136 33 98 83 133 103 65 82 110 116 40 126 10 123 53 24 61 91 58 149 74 18 108 50 93 19 16 35 137 127 20 142 9 71 72 73 12 45 138 140 8 132 121 17 28 62 146 64 131 59 145 80 118 113 31 148 86 130 99 21 39 
33 12 42 131 30 80 125 34 140 67 106 150 1 145 132 63 99 37 116 28 35 43 64 2 50 114 146 127 100 111 147 74 91 27 6 32 22 65 84 94 68 95 148 10 122 141 92 53 104 144 59 31 40 139 119 71 47 46 103 117 135 76 88 24 3 120 93 72 89 79 78 133 13 57 121 7 73 143 112 23 5 18 38 11 52 142 8 77 51 69 90 75 136 21 60 36 4 14 44 82 16 25 66 70 108 110 149 134 113 45 15 9 
66 101 130 88 20 87 10 105 32 12 19 27 85 142 7 75 14 125 1 69 144 29 45 44 73 112 70 133 140 17 109 35 31 136 107 77 135 115 104 114 81 54 22 61 36 149 98 72 145 147 59 119 9 38 110 86 138 123 67 143 33 5 120 6 148 99 71 129 96 116 28 78 103 127 82 108 126 84 134 58 68 79 118 11 131 13 64 124 128 3 60 89 24 26 37 74 80 43 113 52 63 94 76 146 2 111 117 40 53 83 122 141 41 25 39 93 137 
81 66 36 99 74 76 108 80 20 41 136 104 87 69 30 62 47 60 122 116 85 146 140 123 106 141 67 38 71 132 2 17 94 142 57 77 33 49 73 82 120 95 24 27 55 114 35 72 61 78 137 129 131 139 31 91 19 3 97 93 28 14 89 92 40 53 134 121 147 13 100 149 130 127 29 44 23 115 37 148 25 58 101 117 98 32 56 126 34 86 68 90 110 109 79 118 16 63 21 125 4 52 22 7 42 133 128 12 138 112 64 6 150 26 135 59 46 51 119 43 50 
124 132 45 41 92 76 38 7 8 111 35 15 93 69 135 150 119 147 86 53 114 39 83 113 141 32 13 4 78 115 106 46 121 51 105 87 57 11 42 81 26 23 126 67 104 27 55 95 101 128 97 100 71 60 19 138 64 56 130 110 102 122 136 82 103 29 50 118 17 63 75 149 99 47 37 90 144 74 117 25 9 36 49 10 33 120 145 14 146 142 94 116 1 109 3 112 22 48 66 2 68 148 98 21 107 72 84 58 52 89 62 123 70 91 24 
86 108 117 15 63 48 29 147 132 26 18 59 5 67 130 143 118 121 88 149 23 56 128 50 12 91 101 31 45 52 107 78 77 150 43 30 112 114 35 57 94 16 58 106 98 146 47 142 28 99 65 20 19 68 37 39 122 139 111 69 9 41 64 40 93 44 134 96 80 89 71 66 61 95 53 133 3 115 42 140 54 92 74 46 2 148 104 34 138 60 125 126 135 25 136 62 144 76 113 83 81 124 127 55 1 116 82 131 102 32 38 13 6 11 
99 138 32 17 8 148 75 39 14 117 82 19 73 113 46 51 65 145 92 134 85 70 93 72 34 4 112 91 59 106 98 38 56 21 129 146 139 94 136 42 64 124 61 144 143 142 78 79 95 69 20 7 96 104 105 50 111 86 9 130 90 126 81 45 60 10 35 37 150 29 47 26 127 101 119 57 49 6 3 16 76 120 12 23 87 44 54 55 118 122 84 2 97 121 107 137 108 28 40 114 131 74 22 125 102 135 33 133 
40 139 113 121 66 44 10 59 37 69 27 115 119 5 142 145 51 53 87 34 147 101 35 4 124 99 67 143 146 82 63 108 26 16 18 3 83 33 8 106 2 41 54 48 93 47 137 62 96 25 45 148 81 120 28 39 13 17 14 122 103 131 123 12 6 74 31 32 71 46 85 30 138 117 100 105 130 7 21 1 36 60 112 38 118 129 140 128 43 68 29 88 91 141 125 144 42 109 24 65 75 110 84 89 50 61 79 58 
8 18 11 14 28 53 95 81 5 15 60 147 108 59 56 36 13 40 104 3 44 74 139 79 130 146 52 12 86 99 118 129 22 4 117 116 137 124 49 39 148 63 33 34 109 114 115 80 68 92 88 150 123 107 7 127 77 125 133 35 1 111 96 37 75 30 27 105 135 10 72 19 91 83 140 97 94 67 106 71 141 122 46 100 62 143 17 48 23 25 47 121 29 2 102 41 43 131 61 76 20 142 24 110 31 16 120 136 51 70 21 57 54 138 145 
117 130 110 149 31 63 78 28 122 132 43 79 91 97 36 85 99 25 123 51 77 21 135 15 40 125 133 37 105 4 138 84 126 6 104 3 62 39 70 92 128 118 93 32 29 81 60 74 38 150 75 35 95 26 127 131 7 2 11 44 103 143 139 42 114 82 23 33 102 124 116 8 9 17 146 106 30 111 108 76 49 145 65 89 120 119 94 90 129 140 18 142 13 64 88 87 46 1 109 10 101 
11 51 3 56 139 42 52 125 90 71 79 116 130 85 149 57 47 74 86 76 61 4 138 17 146 46 132 141 136 58 73 96 21 53 135 9 80 10 109 134 23 27 148 6 63 147 102 106 117 39 7 13 126 91 49 19 35 1 20 137 95 120 55 108 82 70 99 32 29 67 18 16 84 41 25 30 112 34 113 150 107 94 115 140 88 40 15 24 143 89 97 69 78 14 72 43 62 118 45 123 31 110 129 60 83 93 127 68 124 59 36 77 8 105 50 26 
81 95 114 29 13 69 64 70 24 83 118 107 89 53 33 145 150 38 143 112 137 102 147 73 111 7 61 99 139 58 121 20 1 56 148 11 94 59 122 36 12 117 127 31 93 37 109 76 16 108 46 123 124 21 51 2 134 71 82 106 97 42 125 45 91 10 8 128 141 131 26 14 52 4 15 86 142 101 44 54 39 50 133 75 48 60 140 126 63 40 35 96 132 22 47 98 100 116 18 17 19 146 84 88 67 144 130 23 120 49 25 136 57 103 27 
140 31 9 52 118 41 88 19 98 17 12 22 14 70 104 61 4 141 82 49 90 128 124 72 114 29 57 121 147 71 33 106 83 96 56 139 37 123 109 148 95 103 66 18 117 150 74 89 84 97 105 73 43 21 80 133 2 5 65 142 7 28 16 112 115 13 113 64 119 24 42 45 8 149 20 132 78 107 102 26 32 58 94 47 99 35 1 51 23 55 40 108 60 127 38 67 93 135 85 138 25 50 145 134 62 
22 105 92 56 15 63 138 141 71 88 23 147 47 112 130 40 77 143 72 62 21 86 60 100 110 131 120 93 28 1 73 85 70 148 25 55 139 96 123 30 41 39 84 45 150 33 95 146 34 127 50 31 102 19 119 149 132 4 111 49 144 142 79 10 52 122 126 7 51 116 118 80 24 8 91 125 82 14 106 12 97 35 53 38 61 6 89 26 3 64 101 90 48 83 18 121 29 44 103 94 113 5 108 67 114 107 115 76 135 54 99 134 16 109 13 20 42 128 
76 51 78 19 57 46 125 133 136 74 77 142 62 73 112 30 121 54 65 146 131 88 1 7 81 116 138 22 114 108 137 111 124 36 70 145 5 99 129 58 115 50 61 82 110 29 95 72 49 98 123 28 132 3 17 128 15 67 34 119 89 139 94 21 13 63 102 106 26 69 140 66 107 87 122 113 11 75 83 71 43 135 45 120 18 79 104 14 150 93 16 9 33 103 12 90 47 117 109 
62 13 51 48 21 68 110 12 30 1 41 38 111 143 105 83 14 55 138 46 58 54 126 77 100 131 61 148 92 63 120 102 82 64 7 11 84 106 113 85 45 65 117 9 141 29 147 32 70 35 134 95 93 72 135 121 128 36 3 116 91 80 107 144 67 10 137 27 136 37 53 57 24 133 59 90 47 20 66 52 44 76 108 71 132 99 17 15 139 75 101 125 60 8 19 5 16 42 50 79 124 140 69 94 31 18 145 49 122 40 81 73 56 149 118 
100 134 73 124 103 88 2 125 105 19 59 17 142 81 31 126 84 79 128 57 26 35 99 9 24 16 85 87 96 54 74 141 111 68 110 25 115 8 38 12 75 44 90 28 51 22 135 130 60 53 39 122 56 65 146 6 30 145 104 64 23 94 41 1 139 112 119 47 42 101 127 40 61 148 114 129 55 143 34 121 37 72 36 102 52 113 46 7 43 86 14 63 45 106 95 97 71 107 131 4 137 83 118 89 108 138 140 117 82 136 144 76 18 48 
90 146 119 55 127 2 71 129 19 60 42 24 136 138 66 128 32 145 85 140 102 45 69 67 27 99 3 96 108 72 115 123 25 139 93 28 46 68 137 36 104 47 58 107 43 82 54 44 126 134 9 77 61 89 91 14 116 105 118 81 51 26 33 34 52 74 109 40 110 65 1 148 87 132 142 133 29 6 11 84 112 78 120 8 95 57 76 98 22 10 88 13 92 149 86 75 150 111 15 39 143 12 49 117 5 
81 55 33 69 23 112 142 60 125 70 130 113 25 65 85 115 22 11 119 132 147 101 64 42 98 83 57 15 59 71 53 91 73 48 77 97 129 46 5 123 76 90 72 138 13 9 34 96 38 4 2 19 100 99 108 31 74 51 127 1 63 89 106 131 144 140 68 75 14 78 111 94 16 67 117 104 12 126 35 30 109 29 62 58 41 135 37 79 110 44 21 7 105 54 3 32 150 124 134 40 18 47 118 145 88 84 148 27 128 26 120 56 28 146 61 6 82 17 107 92 
79 72 121 89 118 128 50 29 122 23 54 18 138 117 27 95 116 10 2 148 108 94 37 14 93 51 97 146 107 150 136 9 144 33 73 71 114 115 28 96 60 131 56 8 41 26 141 31 129 35 145 143 68 11 91 111 39 53 62 32 46 70 124 106 3 87 55 130 12 43 17 24 90 86 149 140 16 52 47 40 92 15 66 5 49 34 139 20 64 133 48 112 84 137 13 113 88 77 80 6 99 100 104 21 25 85 142 61 65 67 78 125 
84 110 59 33 16 29 23 37 14 78 7 144 122 75 2 94 148 93 27 119 5 104 127 41 48 20 15 64 46 114 55 21 125 69 95 128 88 71 18 106 135 38 62 143 92 43 98 111 35 9 120 72 90 11 44 137 24 145 115 73 22 68 80 51 31 28 87 13 65 138 12 81 47 1 112 70 109 83 82 86 49 58 39 126 56 25 116 6 149 103 131 139 66 74 42 123 118 113 40 147 141 97 77 102 54 91 89 34 61 79 30 10 67 19 108 99 
59 107 24 1 110 147 146 40 18 105 150 14 64 136 56 22 46 17 49 26 135 44 50 72 104 130 43 30 143 16 74 58 21 34 118 97 86 117 52 112 71 99 55 128 109 81 13 94 4 106 138 115 89 75 134 78 53 111 8 83 68 66 141 33 35 120 126 114 27 88 96 148 3 69 98 144 93 7 100 124 31 139 119 25 11 62 29 123 28 12 54 102 79 113 15 67 137 5 132 129 48 36 65 127 95 41 9 92 84 45 19 57 90 82 42 122 
7 89 73 131 94 144 100 122 109 74 76 43 90 70 13 57 28 119 114 60 145 24 32 136 93 44 8 51 72 15 142 5 46 102 22 52 41 78 88 53 137 128 62 101 132 87 30 68 66 27 129 9 99 59 61 85 17 69 106 115 16 125 103 48 104 63 19 10 141 12 31 107 140 120 58 83 23 6 135 108 36 113 81 33 97 71 20 110 146 35 34 117 124 3 50 47 133 139 39 92 45 121 38 75 26 40 79 95 54 84 25 134 37 21 11 
73 120 141 13 94 100 143 125 134 62 3 42 105 63 9 40 32 112 107 58 109 121 27 117 66 129 81 49 147 23 37 36 113 87 122 33 74 7 114 61 48 67 99 28 124 11 98 35 31 47 89 59 68 86 5 146 51 116 96 65 110 6 52 16 56 103 20 115 17 10 133 106 76 1 15 92 18 60 149 19 101 145 83 148 82 50 70 30 2 38 95 54 136 78 90 138 102 84 91 77 104 93 44 69 26 130 55 57 53 41 
27 19 22 76 58 38 91 6 123 90 113 10 140 134 49 32 145 68 122 59 82 80 66 78 126 115 71 57 150 52 51 53 12 96 39 3 121 63 5 93 104 67 100 111 33 107 65 147 132 84 70 102 149 89 86 98 125 26 117 137 9 119 23 94 118 141 8 29 144 143 30 4 21 116 148 135 13 36 20 106 74 124 45 83 16 95 28 129 41 56 15 72 130 146 48 79 55 103 136 108 40 42 120 109 77 35 133 99 46 43 50 44 7 92 
2 5 107 104 4 30 143 114 118 121 102 103 24 128 29 126 28 86 56 87 60 44 36 146 106 46 20 110 77 27 6 131 97 149 89 8 141 51 79 54 1 73 112 75 57 137 39 16 82 22 113 140 14 19 68 83 38 135 9 43 95 101 40 85 48 111 122 76 100 120 12 130 81 98 66 7 53 127 80 13 147 35 52 134 65 34 88 61 55 18 136 70 91 11 93 71 138 123 25 32 142 62 45 21 139 96 125 94 133 
108 71 60 150 59 44 132 136 68 125 47 70 53 91 18 102 31 101 107 11 133 81 28 82 104 10 117 93 74 41 128 54 80 111 122 42 76 89 40 144 8 58 43 7 46 34 148 139 13 26 141 97 3 22 140 69 9 65 129 87 135 49 120 62 63 56 96 61 4 84 39 15 92 146 1 30 109 73 137 52 123 98 37 38 114 55 147 113 138 75 20 72 33 51 35 24 149 106 5 27 12 83 100 94 95 127 112 115 110 
83 96 38 57 139 68 1 90 37 9 88 98 81 63 144 141 146 135 124 17 2 132 126 18 89 29 69 32 31 150 136 92 64 72 99 97 55 26 24 112 50 147 95 82 54 78 118 94 27 43 105 145 102 30 5 111 70 71 87 119 110 10 61 115 149 91 117 103 11 75 120 7 67 6 129 138 45 13 84 41 42 35 14 62 148 107 79 109 137 40 8 25 58 101 60 52 59 133 20 4 15 39 21 106 49 3 66 28 51 73 113 33 104 16 46 122 80 123 
63 13 24 64 122 87 92 48 22 130 36 86 119 59 138 131 10 104 41 67 109 96 107 52 8 56 9 133 149 72 76 145 4 6 31 33 85 12 1 139 89 16 79 134 71 93 20 113 38 115 117 19 49 128 94 7 27 68 50 35 95 77 125 88 53 135 55 47 25 105 84 91 70 28 26 103 141 118 83 108 62 61 46 39 5 17 43 140 74 102 121 98 37 78 34 126 40 65 114 2 30 69 80 23 136 116 18 44 51 
106 96 121 113 105 81 104 43 128 126 88 141 95 34 93 2 80 138 77 150 19 143 148 39 71 74 72 100 129 119 7 90 75 140 107 49 41 63 67 6 57 62 44 147 37 40 27 78 85 56 110 47 55 87 14 112 98 82 60 61 50 109 136 58 130 83 17 52 11 135 42 33 1 123 30 115 54 65 32 131 28 8 45 68 116 15 79 4 144 9 16 29 12 99 127 25 35 142 69 13 18 66 118 94 23 84 76 46 132 134 3 31 64 22 89 91 70 137 26 21 24 53 
24 145 114 63 73 127 14 5 135 6 133 125 8 15 110 139 148 22 141 140 78 91 12 142 10 93 21 138 69 107 49 26 57 1 92 149 32 62 45 18 75 66 128 85 122 150 27 79 16 84 30 121 68 146 120 77 41 94 86 132 98 17 11 90 76 39 25 58 129 56 143 96 53 23 87 2 97 43 19 80 20 9 119 3 44 42 106 46 40 61 13 51 100 36 65 126 28 116 74 4 38 103 60 31 50 102 105 117 33 47 109 35 115 82 
76 4 25 97 130 102 43 10 92 87 112 120 13 19 53 100 2 134 148 64 80 36 116 113 74 52 117 32 95 18 50 72 143 131 125 128 47 147 150 24 62 48 144 8 22 60 30 105 146 59 14 90 17 73 129 49 71 61 63 137 21 46 38 136 96 1 107 28 98 56 57 149 106 141 133 93 45 119 109 44 40 132 110 84 82 5 39 114 26 70 33 108 138 122 55 58 65 78 77 124 88 15 69 126 118 83 27 51 140 81 91 94 
53 100 40 140 42 46 23 78 6 102 29 26 121 8 93 97 150 36 51 43 16 141 129 21 109 107 144 22 18 68 90 71 135 128 62 127 77 30 87 52 27 9 59 123 39 142 13 15 137 73 25 108 83 57 4 74 148 55 104 5 99 10 12 112 85 31 106 63 132 34 58 92 133 94 64 139 69 82 103 80 131 19 146 126 14 32 96 130 145 76 115 17 149 118 120 119 81 54 110 49 138 98 105 125 56 114 60 84 
99 20 103 50 58 136 72 17 15 119 33 118 61 79 52 10 87 26 27 112 106 84 149 46 130 14 131 3 41 139 21 5 126 22 35 31 90 98 125 142 11 59 54 101 78 39 141 133 13 6 37 30 92 135 45 107 7 67 73 77 123 4 48 81 100 146 66 120 16 24 38 42 2 97 104 53 29 145 49 86 110 12 82 93 51 75 9 34 150 138 102 19 140 147 74 128 88 60 85 114 111 71 44 47 115 124 64 121 95 148 80 129 143 
29 60 21 38 32 17 70 93 56 6 91 42 97 52 51 79 5 101 4 16 116 124 108 114 2 140 31 118 7 26 43 121 87 50 55 109 95 132 88 81 80 25 98 68 36 137 33 110 106 130 30 73 66 22 131 92 8 65 107 111 12 119 82 45 143 34 129 18 11 64 133 86 48 104 144 120 71 19 96 24 53 78 103 15 134 69 49 150 37 135 100 127 85 46 139 47 149 14 3 75 125 9 44 10 122 84 145 117 57 58 123 136 41 148 23 27 113 112 146 39 13 
145 147 114 113 92 26 65 20 119 81 95 107 72 115 5 2 104 91 6 93 137 17 131 90 28 12 120 78 41 116 84 37 21 59 80 89 111 134 62 75 69 66 142 87 136 103 13 7 43 10 58 31 86 129 110 50 125 19 22 130 55 47 112 73 27 148 49 141 99 118 35 44 39 140 96 105 68 76 146 117 4 54 83 53 51 67 138 38 143 123 8 82 42 34 1 36 124 63 29 33 126 88 149 109 150 11 14 132 121 102 
28 100 112 27 6 44 38 69 7 52 15 9 137 40 33 114 25 126 53 105 86 67 91 115 89 31 5 109 97 22 42 88 58 47 111 56 34 59 113 62 138 98 147 24 95 134 135 61 51 96 123 70 41 81 19 101 143 84 116 54 78 71 14 39 149 122 102 119 45 8 75 136 120 118 29 130 141 26 93 82 36 106 21 148 107 133 139 30 142 144 129 128 49 65 73 55 121 66 50 80 132 79 43 12 63 4 85 32 104 37 68 64 146 74 
51 36 39 66 20 100 44 47 94 134 89 133 132 21 6 29 130 114 139 127 23 120 75 37 126 65 101 112 63 97 119 12 72 43 137 131 9 123 27 31 17 125 85 92 46 106 40 140 16 105 62 70 48 124 90 102 142 45 96 15 145 49 28 3 115 59 76 148 135 50 38 80 107 60 19 95 103 116 13 4 69 34 143 56 117 10 55 111 84 150 53 5 26 136 129 61 64 78 54 33 2 144 58 99 93 67 18 79 128 77 108 98 11 32 71 86 22 14 91 52 
51 40 78 147 107 108 32 8 126 66 5 50 38 90 81 72 46 96 111 112 140 89 28 45 123 92 67 49 99 53 133 86 6 82 120 68 35 19 20 91 122 70 10 137 25 141 98 77 57 109 83 64 27 145 2 134 43 73 41 52 95 85 97 113 104 60 106 115 76 7 55 88 101 105 116 42 23 118 117 58 136 139 4 129 100 94 110 44 80 62 74 24 143 121 
36 149 110 62 105 75 35 10 148 140 147 111 115 138 142 124 135 117 99 11 128 81 34 129 33 79 60 22 53 82 23 88 28 76 63 71 39 38 50 9 6 112 72 77 57 27 21 127 46 67 31 94 145 1 150 37 85 26 125 17 90 133 40 18 109 3 144 55 120 97 52 43 93 87 42 84 92 123 65 102 119 61 106 121 45 4 96 7 14 113 83 100 5 141 30 74 98 41 15 78 29 64 51 48 56 25 54 68 58 134 103 24 139 13 137 114 47 95 59 
88 105 82 98 37 91 58 52 9 130 46 77 66 36 146 67 25 31 95 5 101 106 86 124 11 131 72 141 20 55 111 38 115 78 138 13 60 39 43 140 90 30 136 63 89 92 62 50 40 87 135 119 109 1 104 45 12 133 84 122 148 150 6 68 123 65 16 22 35 94 126 108 145 57 34 14 19 143 76 80 117 125 8 93 53 27 97 120 2 48 54 128 26 51 15 110 147 29 83 33 56 69 32 
30 147 92 48 78 150 82 27 87 113 93 131 81 20 43 116 31 4 86 8 64 42 59 40 143 97 111 126 77 123 110 16 105 102 71 127 61 66 26 36 104 28 80 99 124 121 23 142 46 118 1 62 63 13 32 50 149 68 54 70 60 18 136 132 95 5 72 120 122 83 74 3 14 112 96 67 7 85 65 89 52 115 69 33 137 108 128 91 134 144 75 103 56 2 21 106 29 119 39 47 17 138 55 49 141 41 37 25 100 35 139 98 79 
46 23 95 17 136 98 126 140 5 127 52 115 108 68 109 138 78 71 149 148 114 135 54 29 49 103 19 59 75 91 56 55 94 144 88 123 60 117 58 102 131 128 110 134 120 90 107 39 12 80 63 14 35 83 40 106 47 81 20 122 130 99 125 61 139 38 65 118 82 66 51 74 72 41 112 64 67 73 16 9 6 147 69 8 21 137 22 84 50 104 111 129 32 24 86 105 45 77 79 101 121 113 7 26 
13 128 83 133 76 3 95 143 130 62 34 72 131 63 146 111 142 85 101 65 14 122 80 104 137 88 28 27 55 48 37 6 68 20 116 93 59 18 16 135 99 17 45 127 89 42 7 67 115 114 98 11 36 139 77 4 61 39 50 53 109 60 31 49 12 58 38 87 43 19 22 79 46 8 52 21 70 140 69 124 125 47 35 90 105 117 92 129 26 150 56 54 145 32 30 149 82 119 107 103 108 106 10 74 97 112 86 84 73 64 44 9 144 
12 111 106 140 100 124 33 72 139 130 93 120 104 65 115 110 60 26 57 73 1 79 133 88 116 128 127 45 121 24 9 68 46 90 5 34 64 84 25 40 55 10 44 141 122 125 41 31 22 134 67 8 76 58 51 107 117 143 30 11 59 28 146 137 80 135 109 14 69 43 92 112 18 101 62 85 70 21 102 86 53 71 48 138 50 54 7 87 13 123 144 6 2 82 49 81 75 16 119 66 114 105 39 35 20 32 61 150 136 91 17 36 95 108 131 27 
10 33 138 94 150 132 87 128 140 44 127 129 24 63 50 114 143 99 38 3 116 43 49 76 29 23 124 61 12 121 1 51 21 106 58 60 82 100 130 86 68 72 30 2 146 67 8 88 137 56 25 75 108 74 54 17 134 45 107 36 73 109 27 22 35 28 39 113 13 123 19 139 119 135 90 11 117 96 102 131 34 59 104 31 136 105 70 92 62 64 147 95 7 46 20 5 145 98 55 6 41 101 81 71 79 
26 17 40 103 143 87 76 137 130 128 108 131 3 147 25 134 11 100 65 114 138 112 71 99 45 47 48 115 110 101 97 144 81 23 50 33 105 139 102 15 69 136 135 133 38 67 123 4 117 122 91 88 75 31 36 16 116 113 149 24 107 55 58 12 18 49 34 121 93 1 89 68 84 70 7 21 20 56 59 13 141 57 92 46 85 29 125 83 39 118 10 82 90 30 41 94 148 77 145 51 60 109 35 28 80 22 73 6 9 27 61 62 42 52 95 63 
