150
87 118 123 2 85 137 61 122 68 72 106 47 129 24 23 92 30 6 73 132 133 60 134 3 21 43 81 76 46 128 56 105 22 32 102 131 13 146 9 142 51 27 80 63 91 101 55 19 75 107 93 150 71 82 110 86 5 88 17 130 16 62 31 57 141 45 70 20 33 148 67 149 50 125 58 79 
98 32 11 44 121 3 59 62 102 14 149 1 77 26 92 71 31 136 143 47 109 145 48 23 22 138 63 88 99 76 35 52 60 57 45 69 67 61 91 21 50 18 127 81 53 147 33 97 139 79 105 78 141 133 73 83 94 90 68 36 65 7 43 75 101 56 132 19 8 120 87 41 4 29 126 129 113 70 9 137 134 55 100 6 51 
12 78 10 56 105 97 81 121 21 33 57 107 16 60 148 144 48 125 93 55 104 123 73 71 41 13 95 90 91 147 45 142 40 102 135 20 31 7 88 103 27 109 126 1 49 119 74 29 92 111 82 106 28 94 112 2 34 115 42 83 18 110 32 75 62 146 129 76 4 145 44 11 120 53 22 23 46 
42 58 103 29 112 135 107 34 26 97 130 39 44 147 87 94 83 96 33 12 78 74 93 30 129 16 40 32 10 6 55 134 73 5 66 56 85 136 109 13 102 80 61 140 141 15 36 127 132 46 8 121 84 131 3 53 68 99 123 27 148 21 59 9 52 82 104 98 50 142 69 122 100 108 49 2 138 37 67 
45 43 139 128 113 130 50 149 123 30 83 117 104 102 107 28 29 147 62 99 76 146 92 67 90 97 100 58 131 65 122 108 21 124 150 20 78 17 133 6 101 66 57 59 79 74 80 31 9 129 125 49 63 145 121 106 69 48 4 136 138 105 137 41 120 88 135 140 37 72 70 143 118 1 134 
76 132 26 45 56 43 42 96 40 150 54 67 125 140 14 102 106 133 28 57 60 122 128 121 148 2 103 97 82 24 52 74 90 91 53 5 27 50 108 141 34 105 130 37 75 46 68 138 71 115 144 25 78 35 4 18 36 145 95 21 137 92 98 113 48 89 62 120 83 87 47 88 1 32 86 104 80 79 112 16 77 39 
44 24 61 104 118 80 43 28 55 93 121 111 20 12 54 92 13 33 146 67 122 37 3 9 63 14 60 86 148 128 144 38 147 82 39 135 64 127 62 143 10 124 85 72 91 74 97 142 101 2 83 138 19 88 136 30 17 52 75 100 66 107 58 119 15 117 78 77 134 126 
113 39 126 23 45 141 57 103 24 130 12 76 127 119 102 112 36 53 28 138 37 100 120 25 143 123 46 121 144 92 75 129 38 54 115 52 83 81 4 56 13 79 47 82 145 17 31 63 15 20 59 85 44 73 43 105 67 101 55 139 118 16 21 2 148 
128 94 124 137 75 84 106 68 40 139 4 89 126 54 63 134 70 102 53 79 60 138 47 67 90 81 18 25 2 97 136 88 39 100 86 28 57 13 107 149 35 44 41 51 74 62 101 23 55 129 72 147 111 38 42 120 145 34 59 82 132 7 83 11 48 5 127 76 1 150 99 146 
47 46 66 86 121 143 31 127 119 90 35 29 118 83 149 3 67 106 112 137 12 14 87 26 131 51 34 140 115 103 33 133 77 56 55 89 91 21 64 82 150 94 146 63 53 93 52 142 123 23 69 36 20 7 70 57 11 145 132 4 128 84 120 99 41 130 27 148 62 139 74 58 44 88 85 61 
97 17 80 26 69 48 117 56 71 104 87 124 145 79 65 30 133 84 68 108 91 96 127 81 106 2 138 34 51 73 98 45 130 129 35 128 36 33 76 60 119 103 149 12 123 61 18 116 23 146 90 121 114 85 70 9 75 107 53 47 3 105 94 10 50 86 143 32 21 19 142 14 
18 147 88 129 140 113 79 120 89 69 101 47 48 57 24 75 30 34 45 87 103 14 7 70 125 56 92 8 3 20 50 58 60 121 28 131 49 126 133 41 105 96 109 114 44 122 73 91 104 80 39 90 68 117 67 25 54 52 22 4 83 13 94 46 76 128 115 11 135 51 99 38 107 141 127 53 35 111 10 
107 139 30 61 28 36 22 46 122 63 85 142 12 79 65 105 141 118 137 60 43 20 59 113 103 144 84 21 120 66 108 44 121 86 140 104 116 124 7 9 32 119 67 83 78 70 34 26 101 80 112 35 15 8 62 88 51 3 149 24 126 114 25 145 123 16 19 56 68 17 143 99 133 64 14 94 1 4 53 125 
80 45 10 135 107 66 114 17 150 36 123 26 35 47 44 65 124 143 40 13 12 98 67 55 31 2 104 103 74 140 58 6 43 117 122 132 63 30 127 27 53 97 96 33 57 24 89 11 116 115 139 142 99 73 19 52 79 7 76 102 41 100 138 92 148 105 51 69 46 61 15 78 110 
150 61 95 37 24 107 36 19 140 72 58 7 145 94 105 4 8 101 123 62 31 86 13 28 48 59 104 44 34 23 53 40 136 102 42 135 63 106 96 134 143 115 65 148 91 17 21 45 87 41 85 121 25 130 113 73 69 112 50 16 77 90 14 38 149 88 
30 94 34 1 26 137 25 99 146 57 100 27 129 54 35 95 70 135 31 20 4 32 47 3 116 49 81 8 77 108 111 68 121 98 64 72 148 29 61 58 89 117 66 123 76 103 101 67 15 60 134 112 107 104 71 105 33 126 109 86 42 120 6 55 13 143 38 
97 7 146 88 73 68 42 143 14 11 99 150 40 8 36 94 106 22 75 31 135 96 139 147 15 81 44 85 137 5 102 25 93 127 133 63 55 46 117 112 26 52 103 47 32 66 89 130 38 13 59 84 53 124 87 29 129 61 71 69 114 131 104 95 48 119 82 62 111 128 57 90 126 1 24 144 116 105 
142 84 126 72 148 22 106 103 139 93 131 60 11 114 9 77 122 71 76 62 19 109 111 94 129 34 125 123 97 33 87 107 40 65 81 26 43 82 56 138 36 135 98 23 101 121 132 38 63 42 55 21 6 137 49 96 112 119 64 3 99 48 88 146 2 12 83 25 61 80 69 28 
107 120 126 20 150 124 77 18 7 1 130 93 129 58 47 2 29 81 135 84 119 59 123 23 37 25 28 149 92 109 100 13 60 74 66 22 104 131 14 148 139 147 73 118 63 11 31 56 82 86 26 27 140 106 24 85 108 116 15 52 40 146 91 117 21 103 144 142 113 134 96 
109 146 148 38 69 142 39 139 48 122 110 144 51 37 98 55 45 10 63 91 77 107 76 7 89 150 64 31 40 143 138 117 19 88 32 57 42 131 102 116 56 70 119 47 3 58 22 59 81 16 65 124 108 34 28 149 85 127 101 140 86 135 104 44 106 12 23 80 74 8 61 113 114 78 13 52 5 72 62 54 27 145 68 50 1 43 73 
8 106 31 69 82 138 6 74 75 100 98 96 97 121 46 15 110 128 4 22 85 99 77 111 48 148 5 3 113 118 124 19 44 103 101 50 13 129 126 104 112 60 83 2 81 131 32 10 102 55 143 40 140 137 1 84 18 45 79 11 91 59 78 142 73 61 141 80 
86 70 138 29 128 59 88 143 44 58 118 31 99 50 95 57 55 124 81 125 17 3 131 96 21 109 61 107 111 104 76 37 108 126 1 34 148 134 49 71 142 39 123 42 115 127 26 146 117 18 66 30 45 82 121 73 51 93 48 40 20 137 90 38 32 2 64 13 84 77 36 19 114 12 87 67 122 28 129 
132 72 24 61 82 112 8 66 46 29 81 147 138 143 45 75 3 52 9 141 74 78 55 127 44 83 89 47 121 76 102 57 113 50 131 97 67 69 20 25 94 107 31 125 11 100 62 60 111 123 28 144 149 64 19 134 42 139 1 118 18 10 36 2 15 
62 33 85 28 78 134 101 12 93 124 27 17 95 7 116 6 132 117 65 68 43 14 57 1 15 30 96 8 37 84 74 29 106 34 63 94 89 47 72 83 31 126 48 23 19 97 131 91 13 119 40 79 135 35 32 50 44 46 104 127 110 122 107 115 92 75 90 76 67 108 77 146 114 123 70 66 25 64 137 133 58 
102 65 23 83 41 12 89 75 28 147 44 128 19 84 72 121 35 57 48 127 15 88 124 36 17 95 141 107 131 136 113 51 59 135 8 52 148 6 56 103 105 33 117 76 24 112 9 85 70 13 74 18 100 98 47 55 16 129 
45 46 141 50 127 87 82 62 115 107 97 120 79 122 124 56 37 53 51 19 31 72 126 130 81 73 10 135 59 77 148 13 42 6 99 16 78 40 80 22 112 145 110 116 149 14 44 11 64 133 43 136 96 114 101 139 58 28 132 68 18 118 123 89 119 95 108 88 65 17 83 75 2 134 4 93 52 90 104 
87 47 16 98 57 30 126 107 138 58 114 24 120 51 4 41 89 10 14 52 54 65 84 33 101 117 150 110 95 55 35 76 19 125 97 32 45 36 143 133 149 81 147 129 122 119 44 112 49 29 66 145 56 75 20 102 109 3 136 127 74 63 144 6 104 72 1 
22 131 68 55 73 51 144 46 62 77 70 65 63 71 146 103 79 19 92 60 101 121 126 66 25 15 34 20 150 13 116 118 12 7 6 124 8 59 26 81 72 30 83 143 107 5 138 122 24 129 76 127 139 142 78 69 67 100 115 18 112 41 88 97 102 3 9 117 48 56 64 74 23 
127 65 32 79 150 5 73 16 109 2 105 130 40 45 4 95 145 125 91 10 113 48 53 136 116 74 54 30 22 23 131 83 57 33 101 102 19 82 107 31 144 61 39 108 49 98 117 44 55 140 24 17 3 50 46 71 43 132 85 141 90 89 146 139 149 27 148 
54 119 33 79 111 62 81 50 4 131 61 135 130 24 39 12 16 65 29 118 87 11 149 80 88 63 102 137 5 36 78 129 42 85 46 1 27 35 49 132 141 71 72 66 94 89 145 14 127 67 134 121 144 150 110 75 77 147 112 43 92 123 57 7 126 22 69 38 56 125 13 114 93 115 28 41 34 107 
83 120 102 36 89 63 123 15 39 94 74 17 68 1 95 149 52 131 138 141 14 2 40 109 76 143 86 137 60 54 51 55 122 22 57 101 66 80 49 5 91 58 135 29 75 98 53 19 132 34 56 100 8 136 88 145 21 38 16 23 26 140 104 3 121 124 133 37 69 108 110 82 20 117 113 92 99 67 45 142 119 24 118 61 35 33 10 127 146 64 
101 85 21 17 71 63 57 53 128 131 125 143 24 51 75 11 56 33 146 64 50 105 49 54 1 124 87 123 141 74 145 4 150 122 99 13 67 133 98 81 40 121 130 96 94 36 89 100 97 68 22 115 27 120 108 16 3 6 59 129 127 70 132 2 140 80 134 29 39 104 62 72 20 138 113 82 73 35 149 48 44 
126 98 88 31 60 118 74 129 2 53 104 144 50 16 138 117 127 106 35 30 105 112 95 59 51 128 10 97 83 24 42 7 80 92 58 102 113 67 68 94 55 25 123 96 46 122 148 39 71 132 18 37 137 134 100 109 73 1 101 11 32 81 110 14 41 66 78 91 133 52 85 93 119 87 77 65 115 36 82 146 4 3 27 147 44 29 70 
102 122 80 145 12 101 48 11 129 90 6 134 116 37 106 40 20 3 136 143 87 62 81 95 74 41 50 85 30 10 16 131 111 105 88 47 98 39 108 132 121 65 9 71 146 133 118 72 43 70 107 77 68 61 97 57 13 31 73 22 69 76 4 52 63 18 142 140 45 82 147 83 96 75 120 125 93 24 15 150 128 113 28 
101 124 139 9 110 102 105 93 24 118 36 90 10 79 125 137 75 138 71 43 78 50 51 116 99 104 30 86 119 59 80 58 87 11 148 42 146 135 84 141 132 74 55 57 54 14 89 97 143 81 12 6 31 32 13 25 136 70 39 67 68 16 111 33 63 2 106 27 88 134 
121 42 89 148 70 25 59 95 131 116 11 56 69 33 147 150 18 111 143 15 14 83 8 63 119 120 132 67 41 38 54 96 47 72 17 85 74 39 102 45 122 97 100 139 94 48 105 22 87 2 81 13 57 23 98 43 86 114 40 31 84 55 44 52 51 58 4 90 32 35 92 61 6 49 10 145 88 30 27 
67 118 26 62 33 78 65 140 95 61 128 34 59 89 77 7 126 79 50 19 15 87 55 22 129 70 84 58 63 117 20 90 147 76 112 5 40 83 6 96 71 42 66 93 146 133 134 43 74 81 127 97 53 68 60 122 31 72 80 86 45 4 8 91 99 144 24 98 116 
138 73 95 149 67 84 129 8 117 17 101 36 124 109 93 144 43 108 113 102 143 111 127 42 71 99 72 131 56 148 30 18 15 69 12 139 128 141 82 76 60 133 52 20 39 87 63 40 55 85 9 68 136 53 7 22 134 126 31 90 45 88 16 104 
143 63 20 93 7 74 135 96 77 110 54 59 89 131 100 114 81 34 144 78 43 138 73 6 145 107 112 71 121 32 40 119 4 101 97 122 22 75 46 139 146 60 33 137 120 51 35 105 31 95 79 132 41 123 65 109 38 91 36 69 30 80 136 9 8 29 12 104 103 
29 144 86 32 102 113 26 6 57 42 21 99 14 121 109 84 131 93 119 146 134 36 20 139 9 31 18 87 52 62 110 15 19 115 65 67 107 17 92 79 89 38 150 51 147 4 140 143 72 142 108 141 118 24 94 77 111 137 81 103 90 37 43 100 49 148 123 34 22 58 3 96 39 
115 65 34 147 72 39 132 140 150 62 137 98 68 5 131 36 118 138 101 102 128 46 99 141 92 100 113 14 48 74 145 66 45 25 142 134 49 97 87 28 84 123 108 64 3 9 133 136 83 69 33 117 12 149 15 116 27 67 105 122 86 143 81 53 50 2 30 10 71 75 
76 73 109 128 129 89 61 23 91 121 45 92 36 87 105 106 80 66 72 138 17 83 52 37 111 33 143 26 49 133 6 20 130 82 70 30 35 97 135 63 64 81 22 40 101 86 16 4 85 125 95 137 118 145 67 54 102 120 38 79 59 100 48 104 90 15 110 115 113 141 94 71 69 96 149 9 88 74 119 99 78 3 18 
89 141 13 138 147 71 118 131 6 1 142 75 59 112 54 14 145 144 26 61 126 104 34 105 97 35 98 24 137 124 148 108 20 110 84 101 94 74 149 8 38 5 39 64 79 2 7 111 135 140 125 130 18 99 30 48 103 115 36 83 76 120 95 49 143 63 72 29 50 37 91 122 40 119 150 127 
22 64 145 125 103 13 7 50 76 105 149 63 4 89 21 66 49 46 36 65 8 100 90 32 113 150 29 136 2 12 71 24 14 78 98 17 133 148 126 25 116 123 92 72 139 77 135 75 55 23 9 117 52 20 59 94 3 97 122 68 132 130 15 70 95 74 104 26 115 33 131 109 27 10 
123 110 3 46 132 70 53 107 120 34 91 105 121 143 124 41 97 77 138 23 8 116 29 131 80 68 148 22 114 111 85 136 31 5 82 1 72 38 146 20 98 134 26 6 14 54 150 57 113 112 21 66 87 49 37 63 42 12 135 88 96 89 36 128 99 145 15 2 147 11 84 100 27 103 
90 14 53 106 58 143 115 65 123 112 129 116 104 1 96 4 30 149 147 24 127 139 136 117 71 77 144 114 17 95 47 125 87 21 142 83 146 99 45 62 145 86 121 131 69 3 76 12 6 44 13 92 85 73 55 75 130 122 72 63 29 148 138 93 28 10 23 39 119 141 111 8 26 41 33 101 
25 46 10 70 143 109 76 36 57 104 19 108 101 6 82 16 131 23 54 95 105 77 144 52 88 150 56 27 97 99 92 80 9 53 93 72 11 121 124 89 147 50 48 98 55 1 128 8 58 20 84 125 66 148 2 34 51 63 107 78 12 24 114 90 106 17 14 
70 136 9 147 12 126 47 128 149 135 21 25 109 120 115 60 100 20 119 118 32 110 94 5 34 117 137 18 104 87 90 58 77 106 69 11 24 29 88 140 122 146 131 66 41 79 6 42 138 107 17 80 143 150 15 93 142 22 71 134 2 92 43 83 56 3 65 28 54 125 84 36 114 141 55 82 86 73 
5 69 124 59 94 114 32 16 36 91 113 50 98 82 53 102 77 111 4 150 18 76 52 75 66 83 140 81 126 12 44 101 131 57 41 141 133 89 118 139 79 3 58 99 145 42 86 30 117 146 45 62 112 43 130 29 27 148 63 70 40 31 22 123 60 72 106 127 
143 69 101 72 4 121 82 67 2 44 118 35 125 137 103 124 66 94 12 127 1 74 80 65 32 81 29 75 115 132 139 105 22 106 26 57 41 147 133 93 56 37 11 33 20 104 86 111 107 23 60 138 145 21 116 34 96 30 15 55 58 144 43 130 24 90 6 62 77 87 5 47 89 49 
55 132 113 69 35 36 117 108 12 20 47 78 94 33 2 100 141 87 52 130 98 116 26 22 14 80 90 60 110 72 96 104 133 112 124 76 121 9 59 143 106 40 137 68 32 27 82 81 25 123 101 28 64 66 127 11 53 10 99 56 13 84 103 136 131 1 39 54 74 31 
25 77 141 142 144 2 64 130 42 93 86 123 34 105 84 36 85 44 31 49 10 23 7 127 133 26 126 90 8 147 4 139 96 81 114 17 38 57 97 76 14 69 47 125 33 27 145 92 19 98 12 58 113 149 119 124 112 80 68 6 51 53 40 62 59 121 20 
128 9 84 108 26 135 148 144 51 8 13 12 15 41 55 64 68 150 101 127 132 139 110 118 52 129 81 4 142 111 58 78 14 96 62 2 131 124 137 100 45 63 113 38 54 89 3 69 125 66 136 88 103 47 31 10 90 33 32 46 99 11 117 94 29 49 82 76 116 37 6 115 138 60 17 
9 16 109 148 102 107 61 53 130 128 63 134 127 80 100 131 77 39 138 140 91 60 104 51 108 84 45 43 29 69 150 89 123 68 142 137 133 42 32 96 67 116 146 139 115 27 30 56 135 92 35 47 75 105 121 12 31 6 48 99 120 122 55 57 20 36 8 7 
8 33 110 36 47 10 37 44 2 60 98 17 107 53 80 115 126 16 50 23 124 138 87 46 150 121 101 144 136 149 128 21 7 9 3 109 146 102 143 35 31 51 48 29 81 76 84 86 27 70 93 22 28 4 68 38 92 140 1 25 96 141 64 74 54 14 18 129 122 103 123 65 20 62 67 77 112 
82 27 101 31 4 12 114 19 51 96 72 83 105 117 65 118 111 11 106 2 129 133 73 71 85 122 69 10 25 87 115 28 32 30 109 18 76 8 86 60 57 119 63 128 6 131 97 150 132 50 116 149 80 107 38 48 126 54 67 81 36 47 3 13 1 20 140 26 74 
69 121 94 150 24 1 70 111 126 10 129 40 27 93 5 142 92 60 52 101 3 140 72 8 47 124 107 118 36 87 78 134 2 88 9 45 99 75 58 77 147 23 17 110 82 6 22 131 29 62 12 95 119 54 64 49 122 123 61 16 127 104 96 67 103 35 56 30 32 20 25 79 34 114 14 117 31 113 50 66 133 73 
22 47 50 89 84 87 49 46 53 147 33 127 115 24 77 117 113 83 79 120 100 119 69 19 4 86 104 142 1 40 20 57 36 106 62 60 98 128 26 73 5 37 99 105 90 67 12 101 52 27 92 59 97 15 123 76 144 132 129 16 70 7 134 122 145 81 133 150 149 96 14 125 68 80 94 48 111 10 138 102 63 35 126 61 93 31 75 
120 81 104 91 145 8 2 114 135 64 140 95 26 17 85 90 83 19 51 101 13 133 21 103 87 128 58 149 142 39 136 129 96 75 113 72 36 28 106 127 71 86 150 112 139 22 115 25 62 20 131 67 124 82 4 69 37 42 132 52 32 15 134 73 33 44 143 5 110 88 49 43 9 35 
124 125 2 77 149 89 95 3 13 55 7 37 119 49 53 66 70 129 143 50 113 121 144 91 33 51 84 90 78 87 1 64 39 19 9 16 112 69 28 116 99 73 56 109 147 61 18 134 142 21 23 146 135 11 75 74 86 68 57 79 31 48 38 131 120 65 92 71 85 58 63 12 6 62 115 54 
57 31 7 42 23 99 141 132 106 4 63 16 127 58 91 10 20 148 1 147 15 105 88 43 21 90 34 120 72 135 112 2 37 123 17 22 54 29 30 128 14 130 114 65 146 86 60 11 136 98 119 71 73 18 66 122 13 140 82 36 
69 91 28 71 142 6 53 146 117 50 41 143 40 10 63 26 17 20 113 37 120 83 34 78 141 100 18 23 9 46 59 106 112 82 86 97 32 85 125 115 90 15 60 114 79 145 57 30 5 84 58 131 24 109 49 111 13 101 88 98 121 116 70 129 3 77 102 135 52 55 95 7 104 134 2 1 
9 125 80 32 61 142 58 39 72 27 107 88 1 30 89 144 71 17 5 19 129 143 135 78 118 112 91 70 103 124 53 95 69 100 28 37 10 54 60 49 138 92 73 18 66 117 7 62 13 121 75 120 65 145 102 31 64 104 14 8 44 83 2 42 56 24 38 101 127 97 148 34 74 46 47 45 15 43 20 94 36 132 137 81 147 35 
134 91 138 55 113 139 81 67 31 44 119 60 57 24 88 28 111 22 82 108 148 16 127 110 128 114 150 13 59 20 83 53 133 120 66 26 84 10 63 79 118 98 65 85 140 102 42 122 7 86 41 51 18 43 69 23 32 117 76 68 52 130 80 
84 90 2 150 55 13 114 120 64 67 48 127 18 101 88 27 133 105 20 122 126 37 74 29 11 136 56 24 40 26 141 44 68 73 50 100 33 60 46 86 79 124 39 85 30 14 61 131 140 123 94 5 41 106 99 28 80 25 119 118 34 63 15 70 
80 147 22 130 19 27 44 41 89 141 100 49 47 96 99 53 148 139 10 119 16 61 84 142 83 24 30 134 13 50 63 4 71 57 60 42 5 45 104 97 69 87 51 132 133 37 17 129 33 28 7 86 31 123 23 143 85 103 48 93 110 64 128 105 70 125 14 140 92 135 145 
147 148 150 99 1 8 128 74 130 54 103 55 32 57 95 64 91 23 58 72 145 127 123 96 41 132 7 28 106 40 120 42 6 117 114 122 36 82 139 10 112 138 69 14 76 80 31 5 118 56 124 13 59 101 38 22 35 113 85 107 65 146 12 92 9 143 33 94 79 24 89 116 98 50 129 2 16 135 4 37 30 111 
150 53 135 12 1 88 37 105 92 38 6 26 4 140 28 93 149 64 69 20 55 117 98 138 119 44 11 32 9 45 51 91 113 131 122 84 147 2 75 116 86 16 87 125 58 115 33 17 54 76 104 13 65 142 34 89 41 124 94 35 97 107 74 128 118 146 70 145 31 24 60 132 72 52 127 
41 136 54 39 112 99 75 139 68 48 12 46 42 79 128 100 58 124 82 4 56 125 91 31 107 135 62 21 60 122 134 106 146 127 5 57 148 110 98 17 113 63 80 30 49 2 38 36 150 141 119 23 77 20 59 84 18 105 53 11 66 147 92 149 51 102 85 67 81 14 133 34 120 138 96 15 52 10 103 104 64 28 50 
146 123 101 57 87 33 103 93 110 73 13 109 10 79 97 49 66 90 96 58 88 5 136 85 2 16 104 9 98 75 63 35 129 42 12 145 45 24 28 44 32 133 143 20 34 65 22 62 11 84 47 48 71 107 118 74 55 91 138 127 108 99 137 141 76 60 25 148 86 68 37 102 77 1 121 134 36 125 
34 149 81 30 78 11 116 43 112 98 95 147 39 17 107 87 33 104 28 108 6 42 139 89 117 59 1 128 122 29 124 96 125 18 80 85 92 3 102 37 93 106 60 38 121 32 75 77 16 132 120 41 101 66 118 48 22 70 94 63 138 114 44 111 86 113 91 136 142 2 97 99 115 56 46 61 129 62 148 35 
46 75 104 107 83 51 1 109 41 73 57 136 32 118 145 25 36 94 132 28 114 23 27 34 143 37 9 102 108 44 120 80 92 30 129 77 147 56 113 89 5 144 68 50 47 63 7 82 38 43 49 138 24 135 85 45 101 67 87 59 95 91 110 84 26 61 18 119 16 40 112 42 20 146 15 105 88 
42 144 80 65 93 138 33 12 145 133 57 22 59 119 34 17 14 11 29 4 101 117 140 107 95 114 39 70 96 20 56 60 77 135 100 123 15 79 110 141 129 21 1 139 63 82 108 3 143 26 121 116 32 149 46 8 113 28 38 131 48 102 122 72 19 97 136 109 111 2 58 61 
99 50 14 34 44 37 122 60 7 91 67 112 68 147 24 108 134 19 135 124 25 104 88 127 29 109 128 93 20 145 5 77 86 3 35 139 9 70 95 36 84 89 105 4 63 43 114 32 120 141 31 150 55 137 119 115 85 117 97 39 87 23 80 10 28 100 121 129 6 21 27 82 148 51 33 92 56 41 42 65 
143 134 105 69 126 46 76 49 21 129 122 96 23 1 132 112 24 50 107 133 146 119 41 87 147 32 2 71 110 6 58 72 93 12 120 31 11 128 86 109 85 108 83 115 141 70 102 60 17 39 63 44 7 111 25 57 89 139 123 59 26 43 124 125 88 8 101 90 68 3 81 27 34 30 35 9 97 54 84 
110 144 123 87 44 119 146 67 64 126 27 103 94 148 2 112 147 43 23 83 79 115 143 42 108 24 101 150 70 139 16 88 68 75 18 100 34 6 127 85 51 47 116 11 1 56 22 52 28 58 3 5 80 8 135 102 134 129 92 107 14 106 114 12 20 9 128 53 31 46 120 130 99 37 138 38 25 55 95 49 105 
62 88 39 71 126 54 18 103 131 50 47 143 100 79 132 102 92 94 70 136 72 85 137 26 124 114 21 147 140 48 84 49 34 2 58 149 138 116 40 150 113 125 37 91 69 74 24 98 19 105 33 108 28 146 52 57 22 45 133 123 109 130 15 73 121 107 117 30 10 44 129 101 55 6 46 16 7 128 20 96 60 
62 127 99 24 28 125 26 115 149 63 92 39 104 4 82 106 5 134 87 3 95 109 137 114 37 6 102 113 60 42 139 89 33 130 98 51 122 53 7 2 30 20 44 150 14 105 71 13 85 136 57 23 128 35 21 47 
11 113 43 62 88 30 24 140 21 40 14 77 28 134 8 48 6 132 35 37 70 69 121 64 57 49 98 13 9 12 112 83 73 87 65 96 92 150 26 67 148 118 60 138 119 115 106 95 81 42 76 1 58 5 89 29 126 105 93 127 103 39 2 120 
63 47 103 82 96 76 147 88 18 95 145 42 7 84 71 20 142 149 69 126 33 131 92 26 39 14 111 31 134 133 30 125 141 52 115 55 21 65 58 74 67 12 56 122 136 89 64 37 146 104 54 113 32 11 72 129 120 6 114 45 144 4 13 73 135 66 48 1 81 150 93 35 50 34 5 116 51 
3 96 41 75 111 98 1 137 95 50 103 36 128 104 51 71 83 100 42 16 49 64 108 20 2 58 129 39 37 116 124 69 143 52 150 133 59 23 148 105 27 21 142 119 131 32 53 144 80 55 40 30 93 33 94 110 56 121 118 134 19 22 132 11 120 28 18 9 26 34 63 35 79 17 8 138 
53 8 98 23 69 4 137 143 101 64 147 78 135 130 49 116 134 10 7 138 108 34 115 51 74 73 17 91 29 128 38 72 145 26 112 86 21 18 50 132 45 94 131 19 6 89 109 84 95 149 47 67 148 119 42 117 124 61 56 32 105 121 33 1 9 48 136 59 80 62 22 31 3 57 
75 150 106 79 12 93 23 142 28 24 62 123 110 26 118 108 37 113 95 4 125 64 46 88 2 63 8 124 6 25 89 131 129 109 56 5 148 138 96 41 107 49 10 36 43 48 7 18 144 29 116 58 81 13 59 121 141 145 21 9 120 66 99 72 127 42 76 3 33 31 146 115 34 101 94 
51 82 27 149 116 77 70 141 115 136 65 104 22 127 55 101 58 36 135 111 87 64 106 47 24 132 52 75 147 38 19 35 140 146 69 72 80 25 125 9 11 92 66 43 60 148 17 53 134 54 68 123 74 18 41 122 37 4 142 129 62 48 137 13 10 91 138 86 108 21 128 45 112 40 
124 71 142 4 21 72 120 52 111 126 149 67 34 121 128 132 19 29 66 123 99 10 115 137 33 38 60 95 24 133 135 144 7 56 103 106 139 8 77 32 70 150 98 78 15 64 36 143 109 134 140 69 46 65 91 114 76 59 62 42 116 74 75 20 13 1 100 45 25 93 17 86 11 146 119 30 141 
22 136 10 6 133 106 141 36 59 31 48 129 62 91 84 16 144 147 134 102 116 40 66 46 82 114 150 89 35 85 71 68 65 60 13 9 56 143 101 55 7 98 61 19 99 15 70 75 127 37 50 111 41 42 87 74 131 1 110 142 137 20 104 49 11 145 135 58 52 64 103 
4 89 148 38 78 92 41 136 17 68 75 86 40 144 125 147 79 57 18 70 93 129 32 98 132 42 117 135 84 130 36 58 27 123 2 128 59 72 76 51 66 37 15 115 121 55 74 46 94 33 6 71 1 110 35 30 56 107 126 50 22 26 11 60 45 34 10 141 122 104 134 12 118 48 
33 45 83 25 104 142 28 147 63 129 90 131 31 53 6 22 106 132 102 9 125 38 30 2 36 107 119 5 26 35 12 48 116 96 42 79 137 139 18 145 3 130 76 94 133 61 108 93 68 127 20 65 70 15 7 80 74 17 47 117 105 75 72 97 138 62 64 57 10 13 77 1 144 59 34 114 
30 92 82 9 100 66 142 108 16 20 79 68 90 147 87 144 39 129 60 104 78 43 35 31 74 134 58 12 71 115 44 123 80 24 136 49 40 14 67 25 63 54 6 112 143 32 126 94 103 36 17 23 75 72 101 26 27 10 45 29 37 86 53 83 50 121 42 47 124 
3 132 99 122 100 22 128 6 42 10 24 12 51 135 104 53 136 36 89 137 121 98 60 37 34 62 101 47 46 26 70 110 50 103 114 5 58 119 75 59 143 106 35 88 144 126 48 15 9 134 2 138 40 52 146 147 92 141 38 29 11 17 44 61 65 
126 68 67 85 105 84 63 146 12 6 92 72 7 123 113 136 37 20 100 70 133 86 43 54 71 77 59 64 49 24 39 19 135 149 21 139 33 61 108 130 101 98 29 42 129 97 110 104 82 125 147 96 132 15 94 31 2 62 11 10 144 102 128 118 69 1 3 131 60 45 99 95 117 74 
72 7 40 41 90 114 117 84 58 48 140 123 127 143 96 111 94 100 76 6 46 146 36 91 115 24 28 42 125 3 63 67 119 124 12 122 120 150 139 47 77 55 109 31 110 74 80 78 2 108 106 69 79 102 8 52 54 14 33 1 66 89 44 60 116 71 148 93 68 5 57 141 19 30 137 87 126 131 104 
140 40 106 136 122 70 145 66 47 117 30 133 87 144 58 150 97 38 35 147 126 75 92 10 52 83 57 73 46 17 94 50 85 39 18 139 109 79 103 111 88 34 74 22 143 96 132 19 124 26 127 48 7 107 24 37 135 125 4 33 71 81 80 119 104 134 3 1 55 68 102 
112 3 31 32 92 143 77 81 63 102 68 88 42 139 57 24 149 104 141 53 48 115 9 10 51 105 36 107 11 58 71 87 40 148 16 33 49 13 123 138 43 89 119 72 91 129 67 99 65 12 101 96 83 23 93 97 82 44 109 98 50 111 2 18 136 113 30 122 15 118 76 114 17 4 142 134 
150 80 137 44 25 97 120 76 91 136 36 127 131 141 27 63 149 22 110 132 74 119 39 33 82 143 72 29 62 114 81 109 103 125 146 46 100 34 73 116 122 134 139 26 60 24 3 37 79 78 123 121 59 31 43 57 83 117 67 42 85 6 112 128 133 38 99 47 15 16 71 105 17 
132 77 103 102 42 137 119 97 57 6 73 101 98 50 18 138 14 15 120 80 79 4 113 59 110 12 53 81 40 115 39 99 83 52 118 55 75 69 56 45 105 70 54 37 94 88 139 71 128 134 91 24 150 141 33 17 19 22 66 67 111 144 125 32 93 34 36 21 126 51 46 26 58 11 122 92 149 
7 143 41 35 21 96 114 141 113 144 66 95 62 98 146 71 39 3 11 58 134 118 37 127 73 23 94 142 103 24 102 138 108 135 18 126 36 4 9 63 100 32 115 42 70 14 5 131 47 110 75 56 149 91 33 124 28 45 105 34 145 74 121 93 2 27 6 133 88 68 43 26 52 117 132 44 17 
81 37 128 34 61 134 70 32 29 135 120 142 77 41 122 33 129 100 14 132 87 90 116 119 85 47 25 79 94 36 18 125 67 55 106 97 62 149 20 113 58 104 82 69 43 86 11 114 44 96 144 21 49 78 112 68 71 64 6 27 139 51 91 16 4 52 31 2 131 102 45 
107 90 95 130 133 26 4 45 18 83 138 32 103 96 108 43 119 2 47 69 16 31 46 85 150 10 53 21 70 91 41 144 74 94 12 124 123 141 129 54 42 38 111 71 115 40 78 140 58 66 14 106 109 67 37 145 17 60 76 22 86 13 5 61 35 118 51 127 9 134 147 57 128 49 149 65 
41 92 23 45 16 66 2 77 76 36 58 74 97 21 139 33 102 132 28 115 113 141 109 107 147 90 91 9 134 118 136 131 14 103 48 8 4 42 19 39 65 95 85 69 5 105 53 116 112 54 89 110 40 101 73 111 149 62 142 32 63 51 98 150 31 7 81 145 25 44 
130 145 33 20 42 86 108 65 31 8 116 1 15 9 115 103 131 96 71 32 29 148 89 39 146 72 67 100 112 35 62 123 133 120 76 59 13 91 57 21 63 75 94 58 38 12 134 46 34 47 26 139 128 82 147 83 50 27 142 121 84 7 70 113 51 49 73 90 41 5 141 104 53 56 111 105 107 43 132 126 55 114 28 140 16 77 2 24 18 
94 119 109 72 6 91 23 136 41 129 33 96 124 2 55 150 71 97 117 30 1 103 58 49 40 15 21 138 20 110 70 3 130 62 25 31 35 100 8 17 145 38 98 88 104 92 69 86 42 9 77 73 75 126 147 27 29 4 107 125 76 34 14 28 5 63 93 54 64 135 78 36 
86 17 44 126 51 28 81 118 90 63 85 138 43 139 14 129 97 132 133 127 69 10 53 4 100 89 106 134 101 39 11 107 96 102 50 79 70 95 19 67 3 99 13 12 66 6 150 40 25 137 76 77 112 8 18 80 143 16 21 57 105 55 45 130 140 142 123 144 136 131 93 135 59 
20 39 6 128 48 108 72 14 142 89 140 121 62 63 87 19 17 69 11 31 129 57 51 92 105 33 27 88 110 102 4 70 58 80 98 15 149 22 66 32 86 26 138 91 59 114 74 68 47 43 118 44 135 24 42 5 134 136 16 146 7 94 50 35 93 106 46 12 113 3 71 81 13 78 131 84 147 116 21 101 107 54 90 38 
14 5 88 139 77 33 12 16 61 91 13 2 17 114 50 128 72 103 140 45 78 120 43 44 147 39 122 34 123 74 81 134 54 47 138 36 115 15 113 111 75 94 95 42 116 97 58 69 68 41 56 1 6 101 11 104 65 29 106 108 79 137 121 35 96 3 100 143 32 8 110 126 66 25 52 82 76 131 
9 93 76 71 107 123 20 58 11 19 78 21 47 98 5 65 150 144 109 34 124 61 59 86 62 79 88 90 42 99 49 3 114 69 51 84 6 145 24 104 142 18 85 129 83 103 119 35 141 48 1 126 113 112 110 15 67 10 50 116 92 46 125 33 105 56 131 17 
45 149 113 5 106 50 93 7 130 28 27 13 126 40 25 73 144 77 22 100 118 94 47 68 99 14 134 70 11 12 30 63 108 69 16 114 112 128 103 143 15 55 48 39 83 4 137 87 75 26 1 18 34 141 76 23 135 9 102 67 101 20 148 29 57 115 104 71 150 56 3 24 19 145 131 54 72 129 88 
29 32 71 4 101 121 120 16 99 51 122 145 73 75 64 123 110 54 70 38 84 13 118 6 72 132 34 81 74 88 26 116 131 111 137 5 104 47 112 142 143 117 41 20 53 149 82 40 97 114 127 11 136 76 105 22 24 19 43 89 83 91 92 31 107 77 
119 95 112 145 48 134 99 12 130 82 73 2 146 144 22 138 40 113 38 137 93 55 135 110 47 124 20 56 131 129 83 140 70 118 16 74 29 72 54 111 94 116 44 39 4 33 139 102 100 149 31 106 114 120 141 27 92 150 78 75 42 85 18 77 60 62 19 128 3 
143 30 53 121 76 111 102 124 39 59 1 42 40 91 24 48 123 150 131 90 96 106 55 81 51 45 27 149 105 144 14 20 33 114 64 75 73 31 118 87 104 97 122 66 57 108 120 26 3 21 136 72 115 86 137 126 95 109 127 70 128 146 139 43 83 140 69 100 35 92 
108 62 150 92 67 110 120 17 23 57 21 85 75 86 46 43 50 30 143 16 3 130 142 96 133 34 93 115 45 81 84 112 35 58 141 53 109 9 99 132 12 56 38 7 36 105 80 134 100 71 73 49 138 22 40 137 42 121 18 116 124 118 131 94 139 64 101 
39 147 6 62 28 8 3 60 37 148 71 132 82 43 141 69 4 15 106 74 10 117 139 46 101 133 127 76 116 21 145 136 75 94 79 26 13 18 109 33 100 111 67 55 89 146 49 84 115 16 27 25 51 135 45 72 59 61 95 119 124 52 123 98 23 137 122 30 17 107 103 128 63 140 108 
25 23 60 101 115 32 134 97 78 91 13 21 77 138 147 19 42 15 34 136 67 45 58 106 57 68 109 130 83 150 105 149 79 62 107 72 8 31 44 100 98 41 59 125 69 49 38 122 144 104 53 132 131 51 20 2 146 5 116 137 29 139 6 12 40 73 33 80 71 127 140 94 64 96 52 
27 80 131 115 137 71 95 146 59 22 13 98 47 130 30 77 26 78 106 105 140 64 85 18 73 11 97 101 120 88 92 52 110 72 141 45 57 104 46 90 17 48 76 135 24 86 94 61 14 49 74 56 108 138 107 62 136 118 36 39 125 12 67 65 139 147 20 129 123 109 
82 131 80 114 145 3 48 149 121 28 40 94 85 56 41 24 148 54 130 107 89 110 46 142 137 22 26 97 112 74 99 118 32 12 87 8 83 105 122 71 59 58 68 111 78 6 143 139 84 15 123 50 134 96 44 146 113 53 42 62 135 60 100 10 55 92 33 75 30 43 125 79 14 76 101 138 
83 86 137 150 117 37 11 108 134 128 101 85 54 81 29 45 122 88 44 104 149 140 76 106 16 56 82 111 143 100 62 26 36 50 35 73 144 71 46 14 51 67 98 84 148 138 109 77 112 139 41 133 60 147 53 92 13 19 95 124 28 141 113 24 129 20 80 17 68 34 105 
108 145 77 82 16 5 149 97 38 126 58 44 14 57 31 147 48 124 53 74 140 135 28 67 112 127 91 56 116 142 119 12 33 118 27 19 64 93 11 41 37 92 63 102 71 68 132 25 62 95 49 46 123 22 51 134 73 144 17 29 121 24 20 141 137 87 143 7 88 
132 40 104 109 64 5 122 33 42 87 50 10 142 79 34 53 100 134 121 30 22 97 67 31 83 26 147 125 81 141 70 120 72 21 136 119 37 94 144 43 65 107 110 8 139 145 49 35 57 148 23 138 117 41 48 28 96 19 103 71 63 127 7 115 13 114 108 128 68 143 111 1 91 123 99 56 
20 139 7 24 144 131 35 106 81 95 46 17 58 75 19 88 3 118 79 74 72 112 33 56 147 27 138 26 136 126 40 66 64 8 43 145 68 42 61 93 117 76 73 149 96 13 129 90 60 48 94 36 85 82 125 133 30 57 146 99 39 18 52 11 31 69 140 10 120 141 65 150 102 92 109 98 
80 71 110 119 62 101 105 79 36 92 10 69 95 2 85 8 48 27 133 6 114 32 122 16 130 54 45 98 26 59 83 118 43 144 60 109 9 42 124 61 34 76 19 121 12 75 150 31 5 13 63 64 39 81 65 128 141 72 111 96 3 74 67 58 108 125 
90 134 117 32 21 23 133 87 108 31 22 137 136 111 70 79 16 105 34 10 45 50 127 13 132 30 77 150 51 97 110 71 25 89 131 74 81 73 4 149 146 123 85 46 47 129 6 7 118 138 95 40 55 42 36 120 54 5 57 28 2 3 82 62 104 52 122 8 63 12 115 39 18 15 60 83 142 11 145 101 
4 75 108 126 12 74 13 26 120 24 105 133 22 98 137 129 121 36 44 135 90 145 1 34 32 87 58 148 112 134 147 73 31 48 14 144 33 43 84 64 130 18 56 146 67 113 6 93 95 69 65 80 68 118 78 39 41 28 132 94 139 92 96 115 27 37 61 57 125 141 110 116 55 46 20 7 138 71 54 5 
144 30 13 87 45 133 24 66 150 115 148 121 5 114 126 16 52 95 23 147 70 11 99 108 51 83 135 1 91 14 31 41 58 22 139 15 146 94 75 110 143 92 44 18 19 49 105 128 3 112 76 54 33 40 106 85 10 32 4 124 101 67 65 26 118 8 84 61 39 55 127 57 46 117 131 140 89 134 77 73 103 
28 145 68 134 77 13 81 93 63 117 97 59 55 83 45 92 24 14 146 137 52 7 67 149 21 38 131 35 143 142 102 110 32 65 75 22 74 99 43 20 71 31 116 123 49 135 111 89 5 51 109 11 26 106 57 69 47 19 112 129 120 147 53 50 17 9 85 150 82 60 25 
69 91 13 102 34 18 119 23 88 145 68 63 84 52 80 42 78 128 48 143 135 149 5 30 87 115 93 62 106 3 95 150 92 60 22 46 98 1 6 133 29 141 120 35 140 83 66 70 27 50 113 114 12 58 144 43 118 44 75 53 77 47 127 142 122 71 96 147 148 32 
37 119 90 128 135 85 101 106 96 2 103 18 133 7 58 56 105 52 12 123 141 145 142 28 79 30 102 80 57 150 33 55 92 131 97 27 38 117 17 132 89 122 13 87 24 93 21 107 76 22 19 26 8 110 147 48 9 44 75 49 16 3 77 43 91 65 
84 99 28 9 58 93 108 46 110 12 97 51 4 26 130 129 118 64 20 67 117 59 113 24 7 50 142 88 103 11 123 49 53 68 17 32 144 63 74 137 33 95 135 121 86 79 37 10 2 30 78 52 65 25 76 125 136 38 22 112 133 23 138 8 61 14 150 57 70 92 31 27 29 43 54 83 69 
11 5 1 109 64 145 104 116 38 58 25 150 59 131 10 99 120 33 123 98 69 17 110 148 84 56 68 45 107 61 55 112 87 101 91 9 118 21 149 42 77 78 147 105 47 125 34 132 75 67 54 22 71 96 95 7 82 6 135 85 133 41 53 90 81 144 37 74 126 66 48 12 76 32 
87 109 62 81 9 147 89 33 19 142 71 42 57 77 102 140 121 104 32 116 21 53 28 63 135 16 75 94 122 127 70 72 76 27 143 17 12 67 5 148 88 37 103 91 22 55 119 106 2 73 30 138 25 18 34 11 124 8 99 150 3 137 56 132 74 98 60 107 83 86 59 4 114 38 46 1 58 139 66 80 84 
10 88 26 142 30 61 1 102 87 51 127 136 11 143 49 19 107 67 78 138 132 76 64 120 146 17 115 101 134 66 77 42 44 109 50 4 99 52 82 32 43 111 91 133 46 8 6 122 103 29 114 113 5 15 54 
137 104 53 36 17 124 1 145 24 60 109 135 81 19 119 103 147 132 123 46 5 128 107 31 139 54 113 100 73 51 30 101 40 44 47 86 148 56 39 111 12 22 88 105 115 108 98 95 80 68 34 106 83 21 59 57 134 45 91 25 110 114 29 32 82 23 41 49 149 18 48 4 65 138 62 20 121 38 28 43 92 133 77 126 97 10 
79 145 53 100 91 122 10 56 39 82 34 101 63 44 121 23 36 130 113 129 2 118 4 61 33 35 128 67 98 45 29 72 88 30 85 59 51 87 136 137 111 9 108 135 32 97 14 75 24 50 126 112 77 95 71 96 140 31 133 131 144 117 6 84 26 103 41 93 68 58 138 90 66 18 81 1 
11 2 69 59 77 33 123 99 52 27 13 121 66 91 150 146 10 86 75 119 112 17 32 111 31 93 24 44 122 127 5 54 97 85 58 120 81 41 12 37 80 130 88 116 101 1 64 95 50 26 56 57 103 51 128 65 49 6 142 38 70 125 132 131 139 136 42 126 73 34 
116 131 117 7 15 80 41 104 76 5 4 30 64 143 115 60 93 123 45 22 78 57 32 26 85 113 33 79 87 66 94 111 38 40 90 124 37 2 82 75 141 89 98 95 62 74 109 59 122 86 101 97 1 48 130 9 136 121 81 84 150 23 107 16 99 70 135 58 34 96 100 35 54 69 144 24 105 19 103 118 
128 39 76 148 149 122 85 44 48 17 117 54 18 72 16 42 107 144 87 45 60 15 137 90 14 136 66 142 43 93 138 91 24 132 112 12 124 143 146 7 145 20 68 59 30 103 102 61 134 5 109 82 19 114 104 31 127 86 115 25 3 63 98 126 74 123 131 125 4 97 147 140 26 69 67 73 53 80 35 84 62 139 129 
38 121 93 147 145 91 72 41 86 84 71 9 133 89 78 45 118 80 110 150 35 113 130 127 51 137 141 2 69 87 4 108 73 104 27 59 119 102 7 112 46 144 70 39 44 134 55 5 15 61 53 34 29 146 143 77 135 132 95 82 94 114 90 25 103 48 100 138 148 65 26 31 
122 136 84 21 143 117 39 115 107 51 5 18 103 9 10 109 6 74 78 50 90 48 85 150 41 40 77 43 53 88 108 63 30 140 131 22 17 129 35 24 86 139 105 16 142 112 110 116 1 31 82 96 95 13 148 113 92 132 54 70 121 135 42 81 149 124 114 127 2 111 33 
94 97 142 105 136 55 96 90 11 39 28 131 54 113 68 143 69 103 118 4 119 115 58 129 73 33 79 77 2 46 41 122 8 70 67 43 27 20 121 114 6 99 21 45 7 88 82 127 18 109 72 50 23 116 42 14 22 76 9 130 132 135 81 38 111 32 84 64 48 5 83 71 63 35 31 104 102 53 
71 20 26 29 109 114 118 28 111 67 143 10 78 18 100 115 66 40 101 54 59 13 35 85 36 95 23 44 5 14 73 119 110 49 137 17 112 92 98 116 69 76 122 96 8 75 88 9 144 123 93 113 38 91 46 19 135 105 39 52 131 64 94 142 2 145 103 53 74 133 129 50 
123 41 12 93 61 114 84 79 40 54 92 10 55 6 19 104 112 116 48 34 119 103 117 29 66 56 137 149 132 147 57 5 113 37 68 14 31 85 105 135 43 101 65 59 99 109 64 110 15 49 141 125 13 143 77 148 32 129 21 73 20 4 
51 122 87 8 61 6 107 147 117 136 69 13 26 112 43 65 31 41 97 119 23 83 35 29 90 84 48 126 2 100 30 92 49 38 66 96 101 52 74 95 111 118 134 120 46 40 75 94 99 80 144 25 55 42 1 109 86 62 142 85 145 12 73 140 106 70 116 32 4 21 114 125 
46 63 40 21 137 124 88 41 54 148 94 7 71 52 89 81 129 125 115 53 28 83 22 62 66 18 103 57 43 31 80 3 135 84 104 108 130 126 106 117 85 1 20 98 59 58 121 100 145 34 147 48 141 86 133 19 118 101 11 10 127 14 138 144 13 143 60 149 97 139 68 111 4 
129 115 46 103 40 13 110 77 47 124 55 7 81 32 23 147 36 136 10 75 138 42 94 140 105 130 67 117 41 11 123 17 14 20 48 118 135 15 142 85 43 70 66 72 45 39 116 95 16 86 62 50 38 59 8 134 92 35 28 107 108 125 90 21 34 63 82 76 2 73 139 93 97 89 60 31 111 5 27 51 22 137 
99 85 33 27 40 28 60 88 93 47 73 89 134 43 141 125 58 132 20 91 37 123 13 97 7 87 119 19 6 142 122 145 55 3 50 8 39 116 117 86 38 96 30 46 147 107 106 150 127 72 98 118 53 17 135 80 81 23 139 136 90 128 76 52 103 109 113 29 63 110 120 83 
59 26 108 106 119 72 136 126 97 102 115 128 135 150 107 125 149 68 112 82 148 122 20 45 41 70 46 27 93 109 30 121 73 83 88 62 50 118 39 67 63 42 101 31 80 86 36 74 3 2 32 132 131 15 44 52 13 141 66 34 58 43 8 99 6 29 117 144 124 10 9 49 100 11 142 139 5 
39 60 29 31 10 77 91 135 90 109 22 114 112 9 122 46 123 11 85 69 148 75 83 54 110 3 101 35 55 76 72 61 130 16 62 124 24 18 40 32 119 67 113 20 7 48 92 45 97 5 28 133 1 149 70 95 19 80 115 104 37 17 49 84 136 68 147 33 150 34 121 
117 116 61 47 34 82 71 101 30 60 43 77 135 25 91 17 37 41 122 93 99 102 75 87 146 48 131 76 72 50 88 149 3 144 123 86 143 104 125 19 74 7 46 126 69 33 124 112 4 36 40 100 67 84 89 140 118 68 57 23 141 113 80 52 12 63 128 114 136 119 66 9 58 129 105 142 90 2 45 27 5 
26 131 135 18 8 84 115 61 82 76 81 44 33 7 150 140 118 125 6 46 14 142 101 22 4 146 38 36 40 10 137 64 47 123 54 71 1 145 20 87 63 116 129 43 19 3 79 112 136 53 21 92 35 16 25 45 149 29 122 70 128 83 67 66 49 69 107 94 74 15 
59 95 44 23 91 42 19 140 26 58 145 46 55 71 119 69 147 27 94 84 113 107 48 56 146 1 15 2 78 60 41 73 9 5 142 117 20 43 13 82 11 124 77 30 115 109 85 97 128 104 10 148 31 121 38 108 137 80 116 135 68 125 96 100 29 131 32 110 98 52 99 
107 19 124 67 65 44 136 32 74 68 14 123 17 76 125 43 120 56 49 58 121 128 28 57 9 109 96 100 133 27 92 129 119 102 79 106 83 110 148 113 111 86 69 103 48 99 145 53 126 85 47 1 77 55 93 10 80 5 81 40 146 29 41 20 116 59 144 15 134 95 6 64 36 54 30 137 127 78 34 45 