150
25 123 131 33 132 27 81 148 10 89 49 62 86 136 145 74 78 108 121 82 15 30 32 94 52 106 77 96 118 101 116 147 39 92 65 122 117 113 2 80 6 31 105 88 115 51 125 110 45 12 97 29 59 19 140 146 53 128 93 127 72 3 56 50 24 109 66 11 68 120 43 63 13 100 142 149 8 57 54 17 133 61 20 70 38 40 95 22 41 91 75 71 14 34 21 18 87 7 64 5 36 90 44 111 73 144 134 99 28 35 69 
64 38 84 81 18 20 136 72 134 24 58 51 69 28 137 121 149 40 97 37 74 102 80 91 43 122 125 56 96 26 41 13 118 23 62 17 39 133 85 11 144 128 7 44 73 55 105 90 77 142 94 1 110 123 63 52 8 79 53 48 25 14 54 86 117 9 147 75 130 99 111 140 101 78 42 29 116 92 114 34 129 4 16 45 95 70 89 21 126 68 127 3 131 32 145 33 83 141 36 12 124 150 148 71 59 49 138 5 57 22 
70 16 110 52 25 138 13 57 107 109 129 126 67 5 134 77 44 18 73 85 98 20 64 128 61 19 121 24 101 116 43 59 33 118 117 34 36 11 103 60 26 22 99 58 122 41 76 56 89 123 17 108 38 9 8 136 127 40 12 80 104 23 135 120 78 71 105 28 15 2 48 14 63 75 32 55 106 47 1 149 65 132 125 94 45 112 88 49 68 92 10 130 97 115 145 100 142 144 114 95 37 50 146 31 90 42 
59 115 7 25 70 29 5 120 71 83 139 149 53 119 118 105 113 2 75 106 40 88 125 27 90 16 150 55 112 74 69 129 8 131 66 20 91 111 104 138 140 130 49 128 36 15 67 47 14 116 98 136 135 94 110 68 109 22 78 43 11 81 65 50 28 62 31 58 132 76 35 41 10 87 60 93 96 92 100 121 85 13 6 107 52 84 108 97 147 18 82 37 124 144 21 102 57 86 56 34 38 30 79 19 54 32 
129 63 4 88 25 70 84 43 132 15 120 111 81 118 134 3 14 112 55 18 123 31 108 136 41 51 54 105 124 38 75 91 26 7 2 94 148 35 20 39 60 73 133 99 67 142 8 79 16 17 34 115 45 29 131 93 150 49 65 85 48 13 89 12 90 116 1 74 33 27 114 102 139 62 82 68 66 36 144 113 6 110 58 64 104 32 149 109 107 87 53 130 119 117 72 76 147 40 30 96 100 44 146 86 125 10 83 57 106 52 138 97 59 50 
85 5 29 63 105 34 60 56 50 51 132 59 149 58 110 14 106 136 135 30 125 142 15 108 86 103 123 126 21 33 114 115 145 4 104 102 141 116 55 99 88 61 150 73 143 27 133 71 148 122 68 128 31 44 24 107 1 23 144 42 80 45 121 52 69 35 65 32 19 98 120 46 62 124 11 117 134 54 28 64 83 36 97 18 9 139 41 137 72 101 40 109 84 7 119 10 140 129 90 82 76 37 57 127 138 93 75 47 147 48 53 78 12 38 17 100 77 22 131 111 66 
127 150 92 76 11 96 2 4 75 94 65 13 103 139 51 53 6 70 22 121 126 108 25 86 1 129 134 72 142 36 61 48 84 91 131 42 98 79 32 47 27 31 39 23 114 141 57 18 21 123 67 77 66 111 100 146 34 9 10 138 38 90 54 148 5 62 46 45 105 124 145 109 29 136 118 73 50 20 69 64 78 41 143 37 28 55 132 104 93 88 97 147 140 133 68 137 110 74 24 99 56 49 52 144 60 44 26 95 83 58 119 102 35 128 
14 45 25 40 142 69 139 134 31 10 138 63 71 65 2 27 35 118 4 121 119 15 46 36 74 137 94 132 60 129 120 144 100 32 64 3 131 48 54 44 68 126 133 96 5 79 95 26 127 108 107 18 51 75 70 42 140 116 115 141 47 24 113 91 136 105 13 87 123 76 72 97 50 1 122 28 11 101 82 9 117 146 41 58 22 149 67 66 37 147 89 148 98 103 128 62 38 83 93 102 125 109 110 
88 147 58 127 87 141 121 93 67 148 12 84 2 105 101 82 140 139 50 73 108 124 107 6 44 106 146 69 119 78 42 39 24 149 16 80 10 143 28 134 37 135 55 94 41 66 23 120 137 117 26 111 45 54 49 79 112 123 53 40 122 144 113 150 20 47 48 85 81 89 34 72 70 13 68 43 130 32 3 74 83 19 92 31 61 57 138 77 133 102 11 60 21 104 98 109 62 33 27 7 115 96 8 38 91 46 114 
145 107 41 46 90 26 120 125 115 59 143 103 73 88 47 24 34 28 112 113 20 81 42 133 148 98 97 139 137 23 49 132 147 29 14 6 58 15 92 102 117 50 9 93 91 12 62 131 87 121 122 99 11 67 111 84 27 53 48 135 85 129 69 4 75 127 7 1 141 114 61 134 150 18 138 123 95 108 128 94 110 71 77 149 72 109 17 3 118 83 86 13 78 65 100 8 57 105 36 74 16 52 116 79 130 96 39 22 126 5 82 70 40 68 30 140 
76 109 120 114 115 116 28 65 131 124 121 123 23 100 98 57 80 140 147 86 16 10 125 32 15 104 29 14 12 21 146 111 73 91 40 13 133 87 72 3 6 96 1 38 9 108 138 130 105 7 107 8 17 53 56 33 18 63 37 46 90 88 31 135 49 132 106 110 117 83 69 35 93 95 44 41 99 78 64 119 82 2 139 43 67 55 20 148 27 141 50 101 34 122 51 81 75 150 113 89 30 97 22 36 52 71 74 60 4 42 136 129 85 
16 62 114 109 84 131 130 110 31 120 36 13 72 27 112 105 50 75 10 107 87 32 60 40 43 23 78 48 11 88 59 55 74 30 133 28 140 98 24 123 20 135 95 35 1 146 113 57 38 86 106 58 17 64 22 108 19 70 147 33 53 69 45 54 121 39 25 5 42 93 137 79 83 6 65 145 76 124 77 85 3 139 44 52 15 132 41 2 68 91 9 128 82 56 100 47 80 34 103 21 51 
26 59 135 44 40 32 66 74 109 60 107 4 8 119 3 9 128 72 33 113 7 27 34 12 43 11 38 5 123 145 93 146 121 91 68 15 10 48 87 18 47 35 73 92 24 147 88 78 14 117 51 1 141 97 106 21 122 148 52 75 108 63 130 116 115 114 138 36 77 149 45 94 126 70 142 58 100 25 80 69 22 89 98 42 111 17 82 124 134 143 120 139 83 23 102 90 86 133 55 29 49 104 2 19 50 131 31 16 
150 27 15 2 103 113 101 42 111 32 146 11 148 60 133 31 36 10 50 40 67 53 61 134 147 136 59 142 90 119 83 96 63 24 114 43 68 112 17 140 30 144 1 76 65 129 145 141 123 39 130 91 108 48 149 23 78 37 110 99 13 126 81 143 95 85 5 45 87 77 122 125 128 26 72 62 138 6 121 75 117 34 16 124 98 49 25 74 4 57 19 35 104 115 102 3 55 94 8 22 38 28 58 105 56 86 73 
132 25 140 79 91 17 146 77 98 142 38 1 33 113 73 92 150 106 101 34 82 120 104 6 44 21 74 75 12 141 76 57 50 90 4 52 30 94 116 11 39 148 58 122 55 54 114 85 87 81 97 100 24 131 144 130 127 36 67 126 134 86 28 111 60 137 112 105 45 53 129 46 103 35 40 10 26 62 72 14 42 145 27 108 117 32 125 107 123 48 61 20 16 118 3 5 78 88 93 138 13 8 119 147 70 66 128 19 
78 64 58 37 67 96 72 45 149 3 79 141 20 130 139 122 12 100 89 124 34 18 117 30 106 14 140 27 143 59 127 110 22 83 129 76 114 46 50 74 101 137 132 102 118 9 47 41 10 128 98 23 115 99 32 94 5 15 25 97 63 62 39 19 93 113 148 111 109 40 13 116 53 49 125 61 52 121 36 120 11 119 35 138 81 108 51 86 65 142 48 82 105 55 77 147 4 2 75 92 43 80 69 73 136 
114 13 107 126 110 5 38 66 82 84 117 100 144 124 15 115 48 118 129 3 145 2 122 142 86 128 143 70 98 141 149 11 68 73 44 125 34 131 90 150 95 127 33 12 123 49 85 97 78 10 65 54 76 112 32 36 45 58 103 14 120 133 121 35 51 138 53 37 96 50 61 139 132 41 74 130 21 60 136 147 140 137 31 6 64 80 1 40 28 113 59 52 25 55 71 62 27 101 57 87 22 30 39 88 69 99 148 46 
144 125 137 37 102 1 41 79 89 85 100 111 62 94 46 139 61 34 103 123 2 88 32 146 126 122 128 142 49 22 98 119 38 84 25 10 11 29 21 149 115 39 56 121 44 77 45 135 30 69 114 117 3 80 110 16 64 4 13 127 53 132 82 55 143 105 92 57 28 20 134 86 66 81 83 8 140 147 145 138 65 67 54 68 5 133 90 36 26 101 74 124 91 72 129 109 120 42 51 40 59 95 52 27 96 58 33 93 35 87 43 6 7 
61 108 99 63 14 39 20 72 31 110 143 70 100 147 107 36 43 27 81 6 135 139 121 53 95 89 103 125 130 106 88 16 78 45 3 122 55 44 47 40 30 56 65 66 102 149 59 9 69 105 71 93 109 145 62 48 79 138 4 74 144 12 28 29 32 60 136 34 84 49 57 123 134 1 22 80 24 15 46 127 124 21 38 54 33 101 37 13 67 26 73 126 111 98 140 116 119 115 118 41 92 23 113 142 86 117 58 148 114 112 
86 69 55 68 57 132 53 45 108 140 98 11 42 135 87 94 138 123 97 107 125 141 105 131 9 41 121 99 116 91 65 78 139 92 32 24 81 50 38 115 111 66 12 72 56 35 113 148 46 133 48 145 88 1 3 90 43 146 130 10 49 109 70 79 51 18 54 129 127 100 76 93 58 77 85 134 75 80 62 95 15 7 2 136 119 74 117 40 122 28 73 19 16 27 30 118 4 36 142 84 47 149 106 120 39 29 44 102 5 83 126 61 137 37 
30 105 13 110 75 71 57 122 17 146 96 106 120 11 100 63 131 61 81 128 77 102 51 134 74 80 66 43 94 2 121 68 15 149 70 32 136 84 139 9 53 48 60 23 135 58 62 112 95 28 98 87 56 65 73 141 138 40 85 83 67 107 147 6 123 38 115 127 72 119 125 91 1 35 52 34 142 97 78 99 111 12 59 27 126 7 140 45 18 145 76 118 143 101 47 92 137 42 132 19 129 64 37 86 93 4 24 41 
74 19 148 124 84 135 56 142 63 68 16 3 69 44 52 132 38 121 31 99 93 119 18 77 30 147 100 73 36 72 133 137 128 150 14 106 55 48 101 122 143 129 17 8 58 4 102 67 149 66 7 86 146 105 27 6 113 89 94 80 12 54 13 130 118 61 120 125 131 134 88 138 37 51 108 81 78 53 70 97 144 57 45 24 47 29 64 49 10 140 111 43 50 11 1 32 2 145 65 91 85 126 25 103 60 
121 76 146 115 68 64 21 44 37 58 60 100 148 24 31 29 109 26 92 52 38 111 6 71 10 84 48 74 50 129 149 85 30 72 39 133 25 35 136 131 139 3 32 87 132 145 114 78 11 77 33 134 119 102 104 86 91 112 110 13 75 55 61 65 73 2 106 113 83 14 34 7 95 59 130 140 98 89 141 88 12 147 125 93 47 9 124 16 120 63 19 138 117 53 143 80 42 96 
150 13 43 95 74 92 46 21 12 59 84 70 93 64 68 62 80 78 143 7 101 94 108 15 45 66 22 114 112 96 9 97 65 134 28 131 103 32 89 125 140 110 120 100 69 111 49 30 133 47 129 115 128 20 1 38 40 99 8 34 6 105 73 81 137 91 104 72 79 138 51 119 113 83 76 37 41 126 71 25 127 27 48 67 88 36 58 56 121 136 52 142 23 19 141 26 3 10 14 102 123 109 124 35 86 2 148 54 132 
103 78 7 136 83 15 76 68 104 2 71 118 128 66 3 24 38 130 23 120 41 140 52 62 146 133 135 145 63 26 51 88 34 139 53 70 102 143 22 17 8 125 111 12 73 137 47 35 36 1 108 13 5 97 85 43 32 77 56 33 117 105 59 89 28 112 126 60 90 92 4 40 95 55 134 119 82 14 54 67 87 114 131 72 29 18 106 57 86 44 123 61 122 132 16 149 93 99 116 45 100 113 79 129 121 115 49 148 69 109 31 84 98 
127 24 93 46 73 31 56 59 43 115 105 41 33 27 140 68 10 2 57 75 7 66 60 77 44 129 70 107 150 103 116 98 143 58 117 36 102 49 84 109 15 123 69 51 62 139 148 76 63 114 119 94 65 13 64 67 74 97 121 141 128 55 9 37 133 132 106 71 30 34 111 134 104 35 61 86 5 113 80 29 50 18 87 118 83 108 88 79 32 144 38 95 89 42 25 28 8 130 14 122 23 45 19 39 48 3 40 47 78 82 120 112 
22 72 56 16 118 120 110 19 48 14 37 94 71 80 64 8 150 7 46 82 38 63 96 140 6 69 130 114 142 1 45 132 101 47 106 148 77 123 83 93 36 141 12 104 42 39 74 32 70 128 35 66 52 136 28 55 53 40 54 127 138 43 11 100 44 49 119 21 112 102 58 99 79 126 15 90 144 147 41 5 33 68 92 129 139 20 95 108 117 125 134 4 13 91 10 9 76 116 81 78 109 18 67 24 149 146 50 17 88 145 103 62 75 26 
62 98 31 41 66 12 9 108 99 120 147 122 85 69 84 47 20 145 17 25 94 109 79 54 38 148 133 24 3 57 143 44 134 88 90 135 97 58 149 131 96 150 33 11 123 81 115 53 70 92 46 87 26 1 89 106 48 125 95 75 55 118 2 67 19 126 117 137 63 49 14 114 37 104 7 50 6 116 144 112 119 100 21 110 141 129 93 15 138 73 4 78 139 59 36 83 18 105 113 10 132 8 56 130 107 124 140 35 72 146 52 103 27 76 74 65 136 
73 71 137 107 4 143 13 64 26 121 148 78 119 134 67 141 68 51 90 127 45 37 91 106 75 62 150 120 105 63 61 140 19 100 133 139 115 81 126 25 60 42 56 7 82 74 57 69 34 6 43 70 18 80 146 86 99 124 1 93 52 103 2 23 5 129 118 138 142 32 47 20 83 144 54 89 97 95 102 55 87 33 135 22 88 77 117 108 96 149 35 122 31 116 10 84 123 58 136 30 72 92 48 132 111 49 147 109 36 11 130 
31 47 17 69 118 46 103 128 112 83 78 34 98 117 49 22 135 137 51 33 23 4 50 67 92 145 75 15 102 129 104 60 150 99 130 54 18 71 148 115 43 127 95 138 14 101 35 113 55 36 149 73 38 126 109 94 58 132 12 141 39 6 89 11 16 146 72 114 1 96 74 134 144 10 121 142 48 32 65 119 139 106 53 37 85 59 140 116 20 57 80 131 105 19 90 42 122 107 97 29 86 24 40 45 124 93 147 81 5 21 125 64 26 133 120 56 61 123 100 77 79 66 
146 121 68 80 132 149 136 56 38 103 48 102 76 90 124 4 78 47 32 63 69 92 111 100 22 118 23 82 105 119 57 65 114 9 54 53 52 128 108 25 30 29 99 113 44 41 150 55 26 77 130 61 39 81 116 131 67 11 112 127 133 6 58 28 104 94 43 86 35 96 120 8 145 14 147 19 125 85 73 72 13 95 36 126 7 101 40 134 106 89 66 115 75 42 3 12 70 91 122 5 1 138 144 17 142 123 
7 121 24 91 17 107 88 87 112 57 125 2 89 67 40 86 21 124 22 143 85 4 18 69 104 1 141 116 15 93 51 3 131 41 19 144 13 118 31 110 114 11 9 111 63 106 150 33 94 30 61 142 136 109 119 103 23 77 14 50 49 6 45 66 90 74 20 145 95 130 149 58 99 59 83 108 82 8 39 102 101 46 27 60 43 26 29 56 5 62 137 140 128 16 75 54 134 36 92 76 42 52 73 25 135 70 133 12 78 96 147 113 
67 145 98 6 130 73 94 58 120 92 115 122 127 5 79 91 111 54 123 65 18 138 61 70 28 2 83 56 64 40 17 19 45 85 69 148 146 23 44 131 106 95 86 139 118 140 132 66 41 32 25 53 46 48 147 52 104 57 13 38 15 89 143 116 121 136 144 125 62 102 90 9 99 124 110 105 74 26 77 78 60 84 3 29 11 80 82 59 93 137 107 114 142 27 50 97 72 12 1 51 112 36 55 149 75 49 34 30 43 37 
133 116 30 60 115 46 83 53 16 144 74 37 51 40 64 21 140 73 149 143 23 67 124 117 85 62 12 120 59 57 9 44 10 13 89 11 103 99 50 97 121 148 127 92 2 96 90 113 58 33 150 5 135 24 118 122 25 17 145 6 39 19 79 45 52 38 35 7 123 63 65 112 101 4 94 68 136 134 139 3 78 48 106 114 87 29 36 75 54 107 126 93 18 43 109 108 76 80 1 26 42 132 142 102 47 15 61 104 119 14 
64 119 59 60 146 52 86 24 46 82 72 23 88 67 100 144 102 41 53 75 61 84 7 141 108 116 127 20 31 120 142 57 98 36 148 135 91 143 147 117 18 39 45 138 133 47 92 4 78 63 145 114 1 44 74 140 38 104 12 122 112 109 26 89 85 134 87 68 97 51 13 56 81 27 15 71 16 40 29 95 14 150 139 17 83 125 30 34 21 129 25 105 115 99 79 107 93 37 11 77 43 103 131 130 49 6 96 5 28 58 110 8 70 73 
100 74 12 43 105 108 145 13 2 133 39 27 90 67 8 134 114 149 26 136 97 116 81 126 18 42 84 109 19 99 124 22 49 5 122 55 45 25 82 56 61 98 139 73 94 80 41 91 7 89 128 68 113 87 86 51 32 57 15 60 70 1 120 85 48 131 127 115 93 3 144 11 24 28 71 6 33 140 16 40 31 17 4 101 132 20 148 66 65 92 107 79 14 35 76 62 10 138 102 121 135 44 118 54 53 34 141 72 29 111 130 96 52 30 123 77 
39 145 114 124 93 43 134 140 100 91 85 77 47 118 72 34 70 52 9 111 68 74 127 106 57 33 104 55 3 54 17 46 7 109 14 123 56 110 95 27 20 29 6 35 23 81 69 61 133 107 135 137 18 101 79 99 28 144 49 86 53 143 26 44 116 2 67 50 16 108 139 64 128 84 48 117 45 11 103 113 83 129 98 73 132 146 87 21 22 24 66 41 105 141 4 150 30 149 138 130 19 8 131 96 82 
46 149 77 143 13 4 47 61 8 15 45 107 86 137 100 75 5 66 31 79 71 84 21 12 78 150 117 109 43 70 101 42 97 35 25 95 56 6 53 67 40 85 74 122 17 73 106 19 9 62 87 2 104 30 68 121 76 65 134 83 72 3 18 148 28 114 128 20 49 51 14 24 59 44 118 22 26 54 99 52 39 131 33 141 138 125 105 98 115 88 111 80 146 96 34 139 124 94 27 81 110 108 130 23 126 112 58 55 1 102 11 127 140 7 
27 144 68 98 90 124 16 71 123 83 44 121 37 93 84 78 50 149 1 23 36 2 118 15 40 85 145 107 127 35 120 31 14 82 19 105 119 43 141 62 100 26 99 150 138 46 148 88 61 18 140 70 111 110 114 135 47 76 81 34 48 56 10 12 20 54 125 139 30 129 146 86 96 52 63 134 55 89 126 104 49 122 106 60 133 117 79 102 103 116 57 95 9 65 73 7 94 115 32 17 38 58 67 42 147 41 53 91 5 
113 66 17 105 50 104 73 129 102 59 134 133 46 54 138 91 52 6 15 13 51 12 32 45 96 3 93 63 99 19 60 114 109 98 126 115 90 36 135 112 56 2 49 31 124 131 16 39 75 146 117 84 121 69 25 89 1 120 143 42 47 18 65 111 147 38 48 132 119 83 108 103 128 148 10 144 11 14 4 81 74 5 57 30 127 77 122 26 106 8 27 72 76 130 68 35 136 118 41 141 125 110 71 101 44 86 24 33 55 95 97 21 20 34 137 100 9 140 
92 47 101 91 51 79 12 26 138 52 86 119 64 80 88 55 112 109 6 49 140 120 61 70 126 82 94 125 11 137 74 107 7 133 139 67 135 62 5 81 33 50 75 144 89 73 149 65 27 54 130 25 97 69 105 128 46 71 1 78 77 115 18 129 60 2 98 147 106 131 93 36 28 66 37 56 103 72 39 16 96 9 127 148 58 99 87 110 32 20 40 83 124 104 76 24 90 123 4 48 31 122 19 84 142 8 95 132 3 63 10 42 21 35 116 17 
102 72 99 44 122 59 62 68 110 23 56 107 90 88 30 128 60 34 69 9 78 2 91 140 36 39 87 8 70 21 53 125 77 80 27 10 15 131 143 74 127 49 55 108 45 86 132 66 136 118 97 92 71 116 61 123 113 12 13 83 67 130 120 148 145 103 105 26 79 18 54 142 144 46 95 32 106 14 20 119 64 11 50 31 146 73 137 134 29 6 51 38 104 40 96 100 126 85 41 7 139 124 3 149 75 115 93 
75 134 29 94 135 113 51 117 127 65 85 111 118 139 120 12 45 35 31 36 121 128 74 73 101 78 93 27 81 61 130 22 144 146 115 11 48 103 69 60 77 137 63 124 125 64 50 126 32 89 44 20 5 9 57 53 38 33 37 30 131 80 98 70 24 72 18 2 67 16 26 107 114 46 52 55 104 4 3 97 141 39 76 86 102 136 138 19 88 68 90 34 82 25 132 140 109 62 54 1 71 21 145 129 116 13 49 14 112 79 
55 34 36 40 80 19 45 130 125 85 119 11 76 98 150 124 142 147 58 25 129 17 105 20 126 18 114 96 110 118 52 146 47 7 77 54 92 61 90 33 31 141 137 46 108 49 74 15 22 89 37 101 100 12 66 102 5 38 148 79 94 106 3 69 88 42 57 2 134 70 1 9 26 8 27 65 63 135 104 136 91 131 56 144 13 116 60 120 133 23 68 28 43 138 51 115 35 6 117 83 93 112 39 67 
126 149 33 46 26 66 9 74 30 52 106 12 90 78 34 96 89 18 32 8 36 114 94 115 84 117 37 50 103 105 20 81 43 27 1 92 138 73 72 110 64 93 56 125 53 2 83 6 17 16 148 55 19 69 144 91 147 35 139 22 133 135 143 14 145 77 104 57 79 59 44 111 108 38 60 75 116 120 49 128 140 123 95 13 29 130 122 25 48 70 5 88 119 63 40 24 71 15 76 80 129 21 42 7 3 68 142 136 61 
42 86 84 98 139 97 134 26 85 115 41 24 71 53 114 10 33 60 37 27 108 68 8 65 130 119 59 117 101 116 15 6 47 11 120 109 17 106 124 128 92 48 78 20 61 39 141 135 9 88 28 73 43 129 150 19 54 83 66 64 126 113 32 70 133 75 140 131 121 127 45 51 145 149 69 62 77 74 57 30 16 110 49 90 99 112 50 80 34 79 35 138 122 44 91 40 107 123 142 38 104 7 18 56 63 82 58 111 55 
82 38 29 35 65 67 138 4 73 52 19 3 110 63 56 107 51 120 124 6 119 81 9 105 28 98 131 150 84 21 30 23 93 61 16 86 137 39 111 31 100 7 26 46 146 95 48 41 44 129 127 142 122 123 24 104 55 121 143 91 78 148 72 145 54 8 20 70 108 109 136 10 60 125 88 90 139 128 58 83 34 59 115 94 49 64 133 147 141 75 22 62 25 27 37 96 40 97 102 144 68 135 12 13 53 
16 81 34 88 121 90 104 138 69 20 131 145 61 37 21 73 33 77 109 105 119 59 29 133 126 74 49 137 129 9 2 92 123 80 101 8 41 100 22 52 12 58 143 76 120 142 141 115 13 62 91 47 10 148 89 3 7 17 23 84 124 106 63 114 51 30 46 139 132 27 68 39 66 87 31 128 50 56 72 43 28 127 5 26 71 118 85 93 136 36 15 24 147 107 67 95 86 14 6 40 96 19 117 140 54 125 78 82 122 45 108 65 144 
63 33 44 123 17 103 7 148 95 61 16 13 87 64 85 22 74 124 76 73 92 113 129 143 81 144 120 10 43 55 101 19 96 93 107 4 114 99 35 41 54 45 24 32 27 150 94 47 65 147 53 36 2 68 98 42 62 149 37 111 78 140 102 121 71 58 145 18 20 39 28 77 3 51 131 122 56 139 26 29 133 79 11 100 30 90 119 38 82 137 9 14 50 25 40 67 112 84 1 48 88 127 141 89 83 116 134 70 46 97 130 5 72 
116 73 56 58 49 11 8 79 6 148 119 43 57 30 71 64 115 10 69 33 82 17 60 75 85 120 104 103 95 63 147 59 87 125 128 138 86 112 55 89 40 127 28 107 1 15 34 13 141 100 140 5 135 45 48 83 106 46 39 113 90 129 110 3 41 12 136 146 84 124 26 52 23 72 74 68 131 105 14 4 114 66 121 117 67 149 134 132 98 9 37 22 16 133 81 27 102 97 88 143 94 130 145 20 150 99 118 80 32 77 126 137 53 42 123 70 91 78 7 111 
8 139 114 95 30 133 118 41 135 82 141 97 134 64 73 61 122 138 42 38 34 77 35 32 36 48 17 21 11 121 88 16 136 57 104 12 63 89 1 29 78 13 53 47 76 149 145 90 68 69 132 126 123 44 94 112 140 85 110 49 144 107 137 119 98 87 81 62 6 24 99 5 93 65 148 67 111 74 120 70 109 84 146 18 58 55 2 40 72 92 33 7 26 20 91 60 25 22 102 46 105 147 106 43 
95 62 119 23 124 83 34 81 87 44 50 55 110 38 37 45 31 77 97 36 67 16 32 114 146 2 118 7 91 112 145 4 138 25 17 72 10 144 53 71 54 39 33 24 28 107 13 132 59 47 85 105 104 15 65 89 140 68 40 18 100 78 29 99 64 57 106 80 147 150 88 125 43 48 41 134 69 11 70 130 22 111 6 136 73 21 5 96 3 58 116 113 142 117 12 128 102 141 1 135 126 148 27 35 108 
65 61 21 64 143 110 18 16 122 51 138 150 2 22 112 106 68 128 115 114 144 33 74 130 75 76 134 117 52 14 73 127 59 147 63 118 149 54 11 28 125 50 47 46 66 101 34 42 79 116 83 36 58 57 102 12 148 15 60 104 5 107 136 72 82 39 97 38 9 37 88 141 133 49 90 23 146 6 62 45 111 20 126 31 27 145 19 7 108 43 69 140 17 139 100 67 25 105 135 142 103 132 4 93 85 80 87 91 71 129 78 56 35 113 84 99 30 95 119 123 92 96 10 1 
110 92 84 73 5 143 57 91 93 22 109 120 33 41 125 48 122 4 9 94 46 96 43 150 107 124 34 72 62 39 69 20 68 47 81 88 44 19 53 56 55 18 29 105 12 119 149 59 31 40 127 27 42 37 145 70 114 115 83 136 100 133 58 79 116 52 85 49 86 147 138 131 63 71 117 77 60 38 25 64 99 15 36 30 103 17 148 32 129 28 89 74 8 66 90 6 2 76 7 1 111 24 95 106 
146 148 114 90 31 136 99 128 118 22 30 39 72 43 121 94 101 150 45 73 113 71 2 46 29 51 134 33 56 108 5 60 27 104 13 145 18 61 37 91 111 131 117 3 41 80 87 63 12 50 11 52 105 78 98 143 103 139 49 138 38 59 9 57 116 115 92 141 58 16 102 66 6 25 97 95 149 67 77 40 17 4 36 126 47 75 84 44 109 15 122 65 20 68 14 88 42 120 54 142 107 89 26 28 85 23 130 83 135 7 19 70 62 112 
11 141 20 112 33 29 84 80 77 22 102 53 119 106 98 26 90 139 92 68 121 76 147 103 85 82 142 124 148 100 21 35 14 129 149 110 75 144 126 113 25 132 19 63 145 114 27 48 36 87 86 79 64 93 18 55 3 6 118 49 97 71 140 134 32 88 31 1 130 117 131 30 120 12 111 50 72 40 133 44 47 54 135 138 42 115 81 66 41 7 136 46 62 37 73 104 146 96 127 69 137 143 61 39 45 105 38 24 4 2 28 65 128 125 57 122 
31 82 80 53 150 137 146 34 4 21 69 46 18 131 7 139 25 118 15 111 95 140 90 113 68 30 9 36 93 79 120 144 75 54 116 89 6 20 62 5 149 135 37 99 110 63 97 17 85 145 87 78 130 52 14 134 40 123 44 45 122 129 43 105 29 92 33 71 103 124 50 60 91 81 128 55 119 19 104 1 148 22 74 107 121 35 94 3 32 58 143 101 28 10 51 98 65 2 127 72 114 26 133 142 147 77 84 12 136 73 39 11 132 86 56 
124 46 23 135 61 69 50 22 127 79 75 15 111 106 39 3 32 136 8 99 134 149 137 104 108 129 84 86 48 93 128 120 2 35 63 26 89 148 49 38 82 138 21 103 119 97 7 10 139 27 140 144 14 29 55 64 95 4 130 34 72 78 9 90 19 5 20 6 28 51 16 94 123 141 143 115 81 60 41 24 17 105 31 54 126 92 13 47 66 107 18 121 71 53 33 44 83 80 12 131 52 100 142 57 109 88 122 96 101 146 73 59 91 30 
108 125 26 113 68 12 135 21 66 62 67 100 81 2 141 78 94 69 32 109 80 75 86 87 50 16 47 138 92 102 116 120 6 95 64 45 140 17 76 121 71 127 145 5 101 129 142 131 70 33 93 115 97 1 3 30 54 55 24 13 40 65 123 132 119 48 89 90 42 88 52 114 130 117 82 28 122 110 79 46 143 10 150 61 4 35 85 34 23 139 107 104 74 25 63 83 18 58 146 14 103 53 38 19 
42 4 140 34 107 64 137 125 43 84 19 50 71 147 75 123 3 80 110 22 99 14 8 51 63 93 97 113 11 138 47 82 145 85 133 65 25 45 9 78 35 144 124 106 88 26 44 103 36 87 29 23 122 15 55 39 46 142 132 149 95 94 12 70 111 121 98 54 32 127 134 17 120 146 33 90 62 57 58 6 112 105 118 13 41 130 5 102 129 91 21 72 7 30 67 114 101 53 81 40 128 141 
107 95 128 39 137 66 141 45 140 20 73 26 147 56 90 75 149 22 7 82 23 131 41 18 36 53 80 138 134 87 145 105 9 83 49 47 79 103 126 102 143 123 114 130 34 17 101 31 76 16 100 99 68 113 25 14 15 64 127 144 32 118 124 35 120 10 44 150 106 59 38 33 71 6 69 58 139 72 81 115 21 37 67 108 19 55 30 109 51 77 1 135 136 148 89 93 142 96 42 122 133 110 65 112 94 63 119 70 111 98 84 125 48 74 62 43 97 46 92 86 104 29 3 
24 41 108 87 102 132 18 148 127 107 38 5 82 4 100 104 140 34 114 133 83 42 1 69 75 25 94 98 14 27 16 57 12 15 129 142 91 72 29 115 120 49 84 60 130 131 20 61 90 2 8 68 28 137 103 47 71 88 54 118 59 9 119 122 52 136 17 125 46 33 109 21 53 149 97 36 138 43 39 105 145 74 113 6 78 89 135 81 128 99 86 117 32 26 143 80 124 56 19 70 10 7 147 51 112 126 66 123 55 48 
96 111 82 3 124 44 40 102 72 8 130 14 142 91 127 98 116 113 92 87 16 118 115 128 5 58 81 121 131 149 59 112 137 35 22 32 46 85 138 11 78 41 61 144 48 125 21 133 68 147 69 83 76 80 60 140 53 103 79 67 86 29 114 129 45 2 47 56 110 55 31 74 97 19 126 50 57 26 141 94 64 28 34 100 51 135 1 49 13 148 143 6 23 150 25 71 39 27 43 108 54 139 134 65 84 117 146 
53 101 26 139 16 107 67 110 91 148 70 109 77 3 119 33 147 29 61 54 59 12 80 24 118 7 86 136 8 34 51 95 87 11 65 128 102 58 85 22 79 75 21 149 37 93 126 52 18 42 27 69 96 83 98 115 66 117 45 120 113 50 112 143 121 105 129 81 124 114 74 2 133 23 90 30 6 41 73 78 99 111 76 122 97 106 84 43 150 17 142 104 47 146 103 1 63 49 56 92 72 141 130 123 35 46 127 60 5 71 
67 1 118 140 39 31 123 144 12 6 8 75 71 83 16 100 44 115 30 10 4 51 3 24 17 132 7 5 19 92 80 120 149 60 22 97 56 72 86 18 20 68 105 76 119 61 95 106 88 40 137 121 108 141 28 49 131 89 146 94 77 81 73 85 98 102 78 107 14 66 87 48 124 103 23 46 64 113 38 57 129 55 143 110 21 26 59 34 63 43 84 33 69 11 139 90 150 109 126 52 53 47 101 36 136 145 79 122 41 
25 114 118 122 72 4 78 53 48 76 32 70 92 111 37 27 107 21 94 55 87 143 115 19 58 79 101 82 45 68 38 44 56 95 75 40 22 150 6 67 117 91 89 54 130 141 98 20 93 134 120 85 41 138 102 133 116 104 65 5 129 71 7 146 105 149 36 140 8 26 30 127 103 74 9 31 33 1 144 77 18 24 112 62 126 59 124 46 61 13 119 50 15 17 136 64 147 139 28 42 113 83 97 
8 91 119 115 89 140 3 15 29 102 63 113 7 81 109 28 83 145 25 149 133 33 35 107 144 90 93 38 130 100 117 18 148 104 34 36 123 48 134 76 11 122 99 60 97 141 22 59 50 79 53 16 52 147 21 32 44 10 68 24 88 70 137 41 39 142 31 87 132 129 75 139 77 127 5 47 49 126 4 74 73 78 69 72 128 43 96 138 65 150 66 105 27 106 9 61 30 108 19 37 64 86 51 14 80 42 55 95 92 26 124 136 111 
67 136 23 40 62 46 21 27 110 94 71 54 52 57 111 53 29 138 5 106 35 105 69 8 48 81 87 101 114 131 36 12 75 38 20 82 55 65 127 37 149 31 70 125 107 76 96 84 49 47 140 7 133 150 128 124 102 39 139 95 145 24 88 134 91 141 108 93 14 2 142 61 99 9 44 137 117 115 4 104 25 123 92 17 143 1 63 135 22 122 77 78 119 118 6 3 51 56 97 112 146 13 109 66 144 80 10 26 50 18 42 43 45 59 34 
12 17 130 129 119 148 135 8 124 11 108 42 82 141 98 91 20 40 58 10 32 107 53 105 144 29 43 112 146 68 59 111 142 128 48 88 28 16 90 70 56 116 33 27 22 6 71 52 73 95 2 140 45 24 80 7 37 102 46 150 84 13 64 4 44 30 1 31 114 61 100 63 51 104 139 113 79 143 118 126 25 103 94 131 18 65 132 57 121 96 85 133 77 50 9 120 109 99 26 67 101 54 87 19 123 41 127 62 
5 94 97 87 131 142 37 98 64 104 73 47 43 116 21 79 122 88 139 20 81 126 120 148 121 59 140 24 105 115 86 83 2 38 8 22 93 136 130 114 13 42 10 32 36 44 76 147 50 123 69 144 62 7 15 138 85 71 96 90 39 145 17 28 127 74 89 9 102 112 12 3 82 108 103 66 117 46 1 68 95 110 54 135 55 27 19 137 33 141 52 80 92 67 31 41 61 51 4 119 60 26 129 25 29 45 150 35 124 146 49 77 
65 53 90 29 59 75 54 74 147 138 77 140 148 133 105 57 36 3 142 83 131 25 2 50 128 45 129 108 135 149 52 118 64 73 68 17 23 56 137 48 113 1 27 10 35 104 8 55 49 99 95 4 89 30 39 70 122 6 72 63 26 119 19 21 127 126 106 85 24 78 93 58 42 11 86 124 60 41 84 43 66 40 69 117 141 61 94 145 120 76 38 82 110 62 136 46 
56 14 31 43 58 132 106 27 125 96 62 55 11 84 57 64 65 94 20 73 135 128 104 140 41 146 95 148 30 141 93 83 149 85 112 107 79 61 134 19 12 87 75 103 130 24 38 111 7 131 37 54 25 18 133 66 86 90 49 16 78 110 10 35 92 6 23 5 113 145 122 40 45 60 139 108 98 21 48 91 101 77 42 119 53 8 97 99 13 29 127 22 52 36 9 74 33 28 121 71 81 102 51 120 114 15 124 1 126 50 63 47 117 136 100 143 2 76 67 
138 101 5 6 115 129 57 136 26 64 82 150 58 43 117 87 45 42 31 48 49 77 105 55 30 85 118 76 56 39 78 124 67 38 93 53 89 144 102 81 34 19 37 41 72 112 104 9 23 130 32 140 149 52 33 61 28 95 139 108 70 96 91 116 134 1 88 54 35 51 127 24 16 99 135 71 47 97 50 125 21 80 133 13 122 121 2 7 69 79 11 22 110 25 131 29 119 114 98 86 83 65 141 145 17 36 132 107 20 148 123 3 103 46 128 15 14 113 10 40 92 
44 53 61 20 50 127 115 45 135 59 119 111 147 36 76 137 131 125 17 11 41 108 43 23 29 88 98 66 120 34 132 13 138 15 101 49 110 54 9 86 139 96 10 136 64 91 150 42 19 2 27 70 113 75 129 117 21 126 78 35 95 71 8 18 105 89 5 133 48 99 40 14 67 7 24 30 26 77 57 90 102 122 38 1 32 93 112 33 72 4 145 140 84 22 143 103 16 146 46 144 37 51 104 63 62 114 130 118 141 128 28 123 12 
27 136 61 7 93 132 33 1 45 148 80 125 82 23 112 14 32 3 21 79 62 117 101 12 111 26 72 143 76 64 53 86 124 90 91 122 31 134 131 137 65 10 59 81 146 15 47 114 20 46 11 60 119 115 145 127 30 71 68 150 74 66 57 58 149 50 141 56 126 55 34 135 6 42 2 102 40 138 130 103 29 133 28 16 116 67 142 43 128 77 121 118 88 35 147 89 5 85 13 38 107 120 41 84 8 109 94 4 
88 137 39 59 34 5 117 31 139 67 51 144 75 6 4 100 80 64 101 25 97 141 23 148 112 147 38 63 113 54 134 111 49 96 28 15 82 74 133 45 105 123 120 138 106 127 32 56 12 70 119 48 107 129 20 140 61 84 93 36 86 26 98 8 130 41 3 132 145 77 43 78 44 143 7 103 109 125 91 11 79 21 83 89 27 136 110 85 135 65 102 118 124 17 40 72 24 68 150 16 66 14 53 81 122 94 71 116 126 73 
26 148 40 23 127 14 121 110 10 97 140 9 117 128 37 90 54 56 76 22 35 132 131 68 70 73 42 55 65 43 130 116 133 136 138 38 119 15 100 2 21 33 113 44 141 27 69 124 1 57 46 6 93 146 85 71 123 112 32 114 103 29 50 12 36 89 16 52 95 51 25 96 120 66 30 98 41 92 99 106 61 67 129 64 48 144 143 3 20 142 102 75 81 86 49 101 74 18 94 7 31 72 84 45 108 13 88 147 107 
111 83 146 119 41 48 74 142 121 124 105 4 107 57 145 112 66 39 118 10 123 98 135 150 100 114 91 82 26 113 102 21 92 103 104 7 115 81 147 130 84 11 19 120 3 27 43 108 23 33 71 50 46 17 45 9 125 22 31 12 52 143 97 134 16 34 128 139 73 51 2 129 58 65 122 116 87 64 49 96 15 94 117 149 60 88 131 127 35 42 140 32 20 14 110 38 93 53 47 101 68 62 95 76 90 28 24 72 1 59 25 99 67 29 133 30 85 55 137 86 6 63 141 13 79 80 132 
10 19 83 53 116 5 92 114 27 78 99 126 39 127 84 131 30 65 63 118 70 86 81 2 138 104 145 106 139 58 36 102 80 119 115 18 20 45 134 64 146 43 49 149 94 54 125 108 72 75 130 121 25 103 73 50 44 66 109 42 100 34 46 91 141 113 37 24 89 140 28 41 143 38 107 15 16 9 35 4 95 101 111 57 8 12 132 76 67 59 148 97 135 105 7 85 33 61 26 120 69 56 98 
111 26 57 76 141 143 86 48 83 95 2 117 24 115 60 121 61 44 34 12 33 88 94 102 101 106 90 31 38 132 89 82 1 36 99 22 116 124 105 149 142 68 70 140 67 123 53 42 109 85 30 93 129 16 43 136 58 110 59 6 56 63 96 9 131 50 75 135 65 144 64 119 13 79 100 19 23 52 17 97 130 145 104 55 126 78 27 21 29 108 46 125 69 81 98 45 20 73 41 62 18 11 3 134 87 
138 126 4 106 90 60 50 20 86 59 51 131 102 64 125 112 9 94 95 79 27 65 15 73 28 123 10 120 135 35 148 62 91 132 130 107 72 24 78 40 143 45 5 142 39 31 38 145 67 49 29 37 22 147 75 87 99 41 114 149 108 127 101 121 82 58 61 11 103 47 2 63 76 85 43 18 19 118 115 70 89 80 56 134 128 129 14 98 105 57 117 122 48 140 21 30 136 52 104 93 150 141 54 1 137 146 16 36 124 68 113 109 84 111 77 88 
51 49 133 76 35 100 140 16 129 10 26 85 84 46 53 132 83 78 143 126 68 18 116 93 86 39 4 96 43 11 71 97 87 80 120 69 118 8 144 70 106 127 47 6 32 92 114 1 12 15 91 111 109 148 104 31 149 50 150 122 113 60 62 110 27 41 95 5 89 48 25 66 136 33 56 61 88 138 145 108 59 36 63 121 73 94 90 134 135 29 81 128 37 13 17 9 99 75 124 147 57 101 58 125 
109 52 79 16 35 80 67 85 89 8 29 58 26 98 96 116 49 23 62 102 103 34 73 30 120 71 37 64 70 127 5 123 82 4 128 91 84 117 40 28 138 44 126 42 78 132 18 134 33 59 6 39 47 11 114 146 139 147 144 7 104 13 148 25 111 94 129 97 72 55 65 24 149 108 150 133 100 143 66 106 32 38 110 50 95 45 21 122 20 10 92 14 27 87 61 121 63 2 12 53 118 145 76 54 41 46 137 142 99 86 113 9 
56 81 49 61 82 125 144 20 64 123 128 110 111 127 35 113 87 51 72 120 23 58 143 74 114 19 12 62 45 26 2 122 22 116 71 41 25 97 10 140 92 108 54 100 65 83 18 69 101 36 139 29 68 60 46 6 130 147 28 106 50 134 115 39 53 93 75 77 21 17 78 133 79 9 89 118 131 146 142 5 107 96 48 7 37 57 47 121 137 55 98 136 38 90 40 24 94 112 63 76 126 148 4 33 150 
116 148 39 132 48 150 122 36 44 20 107 82 72 147 53 64 121 46 6 143 93 137 130 91 133 31 78 43 56 37 32 77 81 144 124 83 87 89 90 86 63 71 76 9 101 80 100 38 140 134 25 104 23 65 73 129 92 35 70 102 69 75 54 88 33 126 136 17 52 42 51 50 114 34 60 21 4 22 28 97 30 66 94 57 10 18 138 142 110 128 95 15 12 145 3 106 14 127 135 79 55 96 98 139 49 11 59 146 108 113 2 117 5 
95 23 72 139 65 83 4 70 99 133 89 46 93 130 33 97 13 78 2 25 30 47 79 17 119 48 123 26 42 142 40 103 64 57 43 149 107 21 14 125 146 38 61 77 12 101 132 143 39 148 11 134 144 36 58 138 16 150 41 54 120 81 67 1 127 56 37 108 76 6 18 31 112 19 135 131 50 129 85 24 105 96 113 90 109 118 75 15 126 104 7 5 98 88 116 80 74 59 87 10 35 29 106 128 22 63 117 114 20 71 124 62 32 100 145 82 73 
120 66 25 111 28 55 65 60 34 114 10 85 26 148 135 142 8 123 95 59 138 103 133 48 84 88 68 139 94 15 132 13 29 23 5 126 11 117 14 109 20 99 137 18 53 63 131 102 143 145 78 83 57 70 107 125 90 113 130 134 4 12 121 61 1 69 80 92 119 101 42 72 49 91 93 38 147 106 81 36 62 52 21 67 110 136 56 141 17 89 64 73 35 128 112 127 9 124 82 146 51 96 32 37 116 50 86 97 41 
124 49 41 82 86 22 55 121 45 3 145 74 56 99 94 128 47 133 107 39 141 25 73 69 24 75 137 20 23 10 150 13 110 136 89 85 62 18 58 142 115 19 60 149 92 15 91 27 50 29 148 12 6 5 43 132 32 76 96 26 1 106 102 78 117 118 44 70 28 48 11 112 130 144 119 81 38 65 46 95 127 93 9 53 105 80 17 139 52 51 67 42 68 54 146 125 111 4 59 35 77 97 7 87 100 134 108 109 114 113 126 116 103 
99 138 66 92 50 33 48 57 107 65 113 44 39 1 128 73 142 103 132 129 18 87 93 55 49 88 124 51 67 146 108 11 126 71 144 96 77 80 109 121 16 97 111 52 131 114 30 23 148 26 9 70 45 105 5 141 102 62 13 31 117 86 79 58 81 28 84 36 32 34 85 118 98 61 122 59 74 76 19 136 112 43 41 147 125 140 90 3 134 116 83 82 75 29 2 24 8 115 40 120 35 104 119 123 22 25 54 
114 41 134 49 48 4 65 46 60 117 6 78 125 91 123 140 71 111 126 31 96 128 113 118 103 58 86 93 119 10 94 30 45 57 59 80 44 146 137 13 147 25 53 18 27 11 56 75 64 135 95 61 5 109 121 33 87 20 17 69 67 116 29 51 127 149 74 108 106 102 40 28 39 82 36 7 131 85 34 145 132 50 143 142 15 2 139 3 47 89 42 43 100 84 1 55 54 77 105 72 81 130 70 148 141 120 14 32 62 144 
54 14 22 106 51 72 47 20 8 118 93 23 145 124 31 64 110 33 42 21 58 12 94 73 148 45 87 55 78 15 144 111 103 150 79 27 74 88 75 126 138 149 52 128 9 76 81 32 60 66 13 114 116 57 119 105 134 83 48 96 46 44 102 11 5 63 125 136 53 2 101 139 120 10 142 4 115 112 147 35 67 98 129 29 100 121 69 82 24 97 39 1 109 50 131 37 99 123 133 36 85 108 130 40 41 95 68 18 62 140 90 104 7 
111 85 27 53 123 135 95 89 55 142 46 57 87 36 105 147 59 54 29 63 131 10 7 33 78 128 143 100 66 139 25 44 141 18 138 58 34 148 83 121 1 61 4 68 2 70 42 9 15 114 79 48 35 150 84 119 24 120 73 129 146 98 132 30 94 122 137 117 144 13 49 136 64 21 51 88 16 130 28 133 19 23 20 127 118 101 56 77 31 145 72 113 125 104 45 41 112 67 96 82 65 32 109 124 3 
130 85 58 118 90 96 57 126 30 125 78 89 119 72 113 70 32 4 105 84 132 97 13 48 33 61 53 80 59 43 11 22 129 103 91 124 82 147 136 26 112 88 111 116 37 51 143 123 24 102 28 133 76 45 35 60 75 6 12 20 64 73 67 131 8 144 29 146 87 140 94 25 41 115 108 39 71 10 86 127 109 106 40 9 42 110 150 18 23 68 34 21 122 117 138 66 77 19 36 137 49 1 27 101 100 5 114 98 56 7 47 44 134 142 15 54 16 81 74 104 
5 24 31 144 59 90 20 45 142 10 62 15 79 51 133 114 80 26 47 41 112 39 60 30 85 3 134 148 38 100 125 146 82 87 98 81 8 150 7 1 27 124 9 118 97 149 99 109 119 21 113 121 110 50 106 137 145 132 65 13 44 83 128 101 103 130 88 143 4 18 55 34 93 75 104 140 84 68 77 126 70 49 123 33 22 14 63 76 2 147 32 111 115 71 57 92 135 28 120 16 72 36 43 138 91 54 116 136 69 141 66 58 117 139 78 61 108 122 
31 8 66 58 115 85 87 67 45 48 74 71 116 142 149 108 19 20 30 113 59 18 38 64 35 100 90 81 137 7 65 114 91 135 53 112 145 119 144 123 3 61 101 134 28 10 21 54 150 143 17 52 88 148 1 109 69 39 51 111 103 14 147 121 55 50 83 73 122 24 79 57 27 68 60 129 32 26 125 40 70 97 2 78 99 92 41 96 72 49 136 117 118 128 104 132 11 80 86 37 33 146 25 42 12 77 139 29 138 23 105 133 82 47 126 
118 125 101 134 130 23 76 45 80 122 61 68 63 47 48 31 8 103 110 4 37 95 29 115 131 97 98 99 111 64 141 140 92 2 44 82 24 21 85 18 86 145 89 38 7 41 36 135 88 138 9 108 53 40 148 10 109 1 143 42 123 27 39 73 17 69 84 121 93 87 142 54 72 117 32 113 5 30 114 137 127 56 11 49 91 136 16 34 70 105 83 35 120 14 67 52 90 106 74 139 58 77 78 133 104 28 
145 132 61 84 29 72 117 127 123 21 38 76 102 36 22 89 63 119 2 80 122 10 144 124 35 33 131 77 95 49 93 41 105 141 55 67 110 136 24 30 87 126 40 96 137 3 60 28 83 66 150 99 118 34 125 79 108 130 113 53 88 70 114 85 6 47 8 56 5 68 104 147 46 58 43 94 133 26 128 109 101 64 42 115 17 4 57 138 1 91 146 86 52 143 65 140 134 82 59 15 121 7 50 20 16 78 25 13 11 106 62 51 73 
19 133 84 63 93 115 66 21 61 70 56 73 123 16 94 57 79 17 109 118 91 46 116 112 7 44 113 28 47 103 26 43 108 105 77 119 74 148 131 60 134 50 3 49 65 76 127 110 62 136 40 85 78 33 147 36 8 145 99 14 92 121 41 20 80 69 13 141 51 100 15 129 39 18 38 55 86 89 83 10 37 30 150 9 12 124 137 4 96 72 117 130 23 25 132 126 81 140 11 122 6 111 35 106 135 64 138 102 
42 14 2 79 78 58 53 113 88 32 29 139 140 10 114 33 116 62 143 128 73 40 102 134 50 20 49 91 7 138 57 146 17 100 3 71 24 87 1 16 67 11 68 108 69 97 96 125 117 109 41 51 19 64 126 28 101 72 55 120 74 121 21 46 25 119 80 98 27 147 89 34 142 112 107 38 132 83 129 124 54 145 37 115 6 136 131 137 141 86 30 36 82 35 77 81 60 110 61 5 148 52 150 118 149 94 39 103 135 105 31 104 130 22 95 144 
1 63 83 86 138 18 39 80 98 116 23 146 6 28 117 135 150 40 136 10 48 24 104 130 78 127 107 145 44 7 91 38 21 85 124 90 92 20 35 17 102 149 19 4 113 11 31 137 79 59 15 56 94 25 13 112 8 122 37 106 95 140 120 12 103 84 5 148 118 47 129 22 147 27 72 82 53 99 132 126 133 36 16 69 110 125 42 88 141 76 54 50 93 30 58 62 77 67 144 65 29 111 3 61 52 49 
48 146 143 91 112 141 21 106 36 55 148 128 8 53 129 32 58 73 11 132 113 6 60 95 38 18 34 40 61 94 99 9 44 65 31 137 59 84 114 19 110 17 43 116 75 87 123 144 78 14 37 111 142 1 24 69 92 27 150 96 97 76 135 2 3 85 122 46 134 119 22 107 82 57 72 64 79 145 86 147 93 105 102 68 30 80 81 66 115 15 127 41 74 49 109 16 77 138 131 126 125 
50 43 73 143 137 101 24 72 110 66 88 27 16 26 125 51 85 97 149 114 113 141 56 106 89 52 124 90 146 122 133 81 59 39 60 83 74 80 67 38 76 105 64 69 104 6 65 14 44 47 129 121 20 40 32 70 107 140 127 100 2 148 142 13 18 77 5 31 68 93 147 145 99 34 130 7 109 116 42 119 117 63 49 53 8 128 23 79 131 9 75 91 29 132 87 126 4 144 22 139 134 30 61 19 10 35 36 55 25 62 33 123 78 21 98 
107 8 88 49 143 75 22 32 138 144 56 89 112 119 25 140 99 86 35 95 79 34 106 77 122 40 131 42 146 15 123 72 120 91 135 121 134 12 6 87 93 83 43 58 17 29 76 94 3 63 7 66 142 59 37 149 55 28 64 74 118 31 139 27 126 98 53 147 24 39 45 110 130 124 41 50 73 90 111 57 69 70 62 10 114 128 19 125 105 133 100 141 116 104 145 30 18 61 78 65 54 60 81 14 26 96 
94 120 57 118 71 113 48 85 59 149 35 30 68 55 51 66 27 28 5 45 112 24 38 133 124 4 41 62 67 9 39 139 102 46 25 33 82 50 42 147 148 74 109 92 89 129 103 95 123 140 96 79 97 100 116 78 126 26 15 32 56 80 34 107 131 72 127 134 99 3 23 61 47 64 14 11 146 110 136 81 37 40 52 108 31 121 117 69 138 105 106 13 83 43 125 53 114 7 6 86 111 142 70 73 93 141 44 58 91 
102 64 116 38 15 124 92 21 58 50 71 128 62 117 14 55 91 48 136 37 11 90 140 80 118 88 7 28 120 44 52 53 8 31 10 109 36 2 19 130 143 45 121 20 74 25 101 123 12 147 9 134 68 114 6 3 127 30 41 66 86 69 42 93 146 119 98 112 22 113 79 139 131 142 97 99 5 56 57 73 122 40 89 78 107 148 26 70 29 65 96 24 51 16 1 135 81 47 111 76 67 103 104 18 39 133 110 60 141 149 61 54 95 144 35 4 33 125 
116 100 37 68 87 130 15 135 141 126 91 25 34 114 13 111 29 41 48 39 76 22 150 107 67 5 88 33 134 11 4 84 60 50 21 90 45 142 85 64 128 82 9 98 6 143 137 23 94 54 80 77 72 30 46 12 42 28 31 53 108 124 110 27 16 40 103 97 26 101 127 93 133 148 121 61 71 132 52 1 144 117 104 51 125 120 56 44 32 149 38 83 138 123 96 20 102 79 140 81 3 19 65 58 146 86 136 
75 137 65 35 15 12 128 28 122 69 5 76 20 58 13 11 115 144 57 138 73 3 48 36 120 10 49 130 50 87 39 123 141 55 67 143 113 142 66 60 121 37 117 134 136 109 53 26 4 86 54 47 21 125 30 89 85 147 38 104 64 29 62 8 72 127 101 139 81 17 33 32 77 102 84 106 99 78 41 133 105 68 42 9 79 88 100 103 52 61 43 51 126 118 114 59 149 34 6 46 19 108 145 
31 96 8 141 130 126 62 45 1 67 78 104 5 135 122 28 14 119 143 125 34 132 109 24 52 84 95 10 55 69 129 19 124 71 53 4 20 150 46 98 107 13 27 29 110 65 35 70 79 138 136 88 82 47 77 149 3 99 58 85 148 89 32 25 90 81 11 40 15 144 80 145 26 42 74 73 86 111 22 7 36 93 63 48 68 131 114 9 142 112 134 72 127 94 128 117 12 97 137 59 106 61 83 37 91 38 44 6 115 16 
3 20 88 148 25 43 102 142 37 117 13 133 64 19 99 137 115 113 28 114 92 59 5 12 62 143 54 96 105 123 134 132 69 41 38 119 90 35 139 34 136 58 126 9 24 95 26 30 145 23 7 149 68 27 111 130 108 82 48 6 47 89 40 75 11 131 67 61 94 93 112 146 81 4 135 16 127 55 104 86 138 76 101 80 150 1 18 97 36 107 65 10 83 79 87 147 8 46 51 98 110 32 129 29 91 
51 84 102 112 98 137 5 33 6 80 35 71 1 115 47 87 45 141 131 70 128 23 42 38 7 74 39 133 8 12 21 83 149 18 24 2 91 113 56 144 96 140 146 143 108 135 82 10 104 14 136 41 68 53 94 93 44 4 46 73 99 150 28 32 118 63 77 138 97 147 127 111 78 106 116 109 17 126 60 123 105 88 64 11 65 101 52 117 134 50 16 40 57 61 100 59 54 37 72 3 148 27 19 76 85 103 
113 68 76 118 140 84 37 80 75 105 119 64 134 91 149 108 40 14 13 87 135 11 88 33 150 116 124 121 69 128 146 43 57 46 50 22 51 61 2 55 139 60 72 106 104 131 9 95 94 49 45 96 115 47 78 81 24 5 125 110 103 74 109 23 19 127 89 15 101 38 83 82 93 36 141 58 114 67 16 53 10 29 98 66 21 92 147 25 52 117 18 32 20 54 123 148 7 143 63 138 100 31 1 4 56 26 79 6 39 90 
104 146 94 142 27 56 116 89 84 12 76 87 128 38 55 4 117 61 137 145 28 86 123 131 52 25 33 108 127 149 74 35 144 70 78 120 63 136 92 130 103 46 101 73 114 119 53 23 17 125 32 91 50 105 150 30 98 43 69 81 10 100 88 147 129 113 68 31 60 19 14 133 134 126 95 40 62 64 99 5 140 3 26 143 41 148 122 15 109 34 75 44 66 49 141 77 118 24 93 110 135 121 21 132 9 51 72 
111 69 74 34 79 25 99 139 82 66 89 85 63 136 141 15 20 143 134 142 145 112 73 76 110 56 57 86 135 23 83 105 127 8 5 94 28 43 13 60 11 42 84 55 88 118 131 4 98 115 19 9 119 78 10 87 100 109 71 150 102 30 36 123 121 117 65 116 46 62 12 31 61 52 22 67 125 17 24 64 104 40 90 101 53 147 32 26 1 77 122 92 96 16 95 93 107 81 97 114 14 59 37 132 72 49 130 50 
30 135 89 126 116 111 149 6 2 18 133 55 56 32 17 39 53 9 38 97 109 125 94 122 51 37 26 13 120 40 61 90 60 148 79 72 3 31 146 66 101 144 24 108 81 77 118 113 57 121 52 82 99 43 78 11 123 63 95 112 91 128 44 129 34 68 142 14 141 96 102 59 131 104 49 28 92 12 70 134 87 16 73 139 105 10 23 84 85 54 69 106 124 19 46 86 130 36 107 74 7 140 15 127 33 93 64 27 5 103 138 75 50 83 48 62 45 35 25 136 88 
130 99 101 48 129 17 40 4 138 78 21 133 55 111 84 9 44 145 53 134 11 20 59 10 13 18 70 28 41 54 93 124 126 149 39 42 47 29 146 79 43 8 147 34 96 30 6 97 46 140 67 33 66 14 5 50 45 119 64 135 88 24 61 137 89 95 26 35 113 65 121 94 118 73 19 142 75 25 36 123 63 80 23 109 68 110 3 131 143 128 108 16 91 141 62 81 98 1 132 38 74 31 58 122 127 56 107 125 
86 44 112 117 6 35 98 53 147 110 83 90 137 129 70 36 1 80 93 102 124 13 136 54 101 120 77 105 41 106 2 132 127 11 91 63 82 16 59 85 145 20 118 76 15 4 50 43 84 79 87 148 57 5 33 32 25 31 125 138 52 39 141 94 103 42 73 111 8 100 37 49 29 55 28 150 135 10 3 19 88 126 123 133 121 130 34 140 26 113 104 30 45 27 89 46 142 99 75 69 143 78 128 66 122 149 95 114 
27 48 108 150 15 132 95 147 111 119 20 73 141 77 6 107 90 14 128 148 133 70 145 26 87 59 110 106 130 129 85 74 118 63 122 50 126 78 8 143 75 72 93 30 127 19 10 112 43 13 80 40 68 109 16 131 1 116 64 81 137 55 86 123 25 89 54 66 146 38 83 2 96 113 99 98 44 52 28 17 53 88 134 138 92 100 94 97 56 18 39 5 35 76 45 105 29 3 62 71 124 23 104 67 34 9 102 11 37 46 
104 55 42 98 81 105 36 86 31 117 33 143 149 89 7 141 107 65 76 64 83 114 71 34 44 146 137 130 121 75 69 84 96 57 88 4 1 93 66 62 32 144 26 103 50 29 150 99 82 22 97 15 127 25 17 48 128 94 61 100 145 110 52 113 56 3 116 123 125 91 147 19 112 27 43 10 2 122 37 63 90 16 38 68 140 78 115 74 39 135 20 148 111 95 8 5 92 53 28 30 40 21 51 132 79 60 73 142 
48 111 145 102 150 92 108 21 70 25 53 101 97 9 98 20 18 124 42 56 34 80 29 57 130 61 143 125 103 14 148 31 141 58 146 44 59 120 126 64 4 79 47 142 66 24 74 137 28 46 30 134 75 35 99 15 112 87 22 5 41 7 140 50 71 109 105 23 62 113 89 45 93 51 8 27 95 90 135 11 19 94 129 117 78 68 91 49 136 73 40 77 139 67 16 72 86 76 13 39 88 26 65 69 123 52 138 32 131 122 127 54 6 115 
44 76 25 41 31 122 130 16 136 133 84 61 106 72 24 146 49 65 100 39 91 8 33 46 36 6 5 124 45 123 60 105 86 20 58 22 112 59 114 119 42 29 30 142 47 28 50 64 81 132 57 103 35 55 140 121 13 90 18 78 87 12 75 69 11 104 21 89 83 116 107 40 134 4 48 92 66 147 9 71 139 15 82 34 77 10 54 70 3 51 137 62 150 23 99 27 94 135 17 26 144 96 79 1 56 138 43 74 129 
36 97 99 84 58 82 19 9 140 89 73 3 22 129 105 149 130 115 112 87 134 46 26 91 70 114 146 59 135 17 85 125 120 102 16 69 63 47 30 34 31 75 132 142 7 23 150 18 6 10 1 143 2 40 122 133 138 147 80 96 137 92 4 25 57 104 55 38 79 11 60 78 103 21 20 14 81 107 48 49 95 144 83 24 8 29 33 64 123 113 98 90 106 77 12 65 39 32 72 56 50 43 116 51 13 94 88 111 118 
85 70 146 125 71 96 20 49 21 13 47 57 145 41 46 108 67 42 39 54 64 29 113 89 61 55 148 107 35 139 144 40 2 100 45 140 72 102 130 141 6 17 131 83 95 66 36 26 74 34 82 25 76 112 117 138 16 38 143 8 65 84 48 19 59 129 137 114 147 118 124 30 28 119 18 103 22 142 93 120 75 98 97 94 68 101 115 121 62 136 3 73 149 78 92 60 14 33 1 56 58 116 11 9 15 53 31 105 81 51 126 10 
81 30 145 73 64 86 68 76 140 91 118 48 132 10 102 7 70 21 77 131 13 112 45 2 59 14 49 78 36 110 69 50 80 65 115 67 53 127 109 41 120 6 89 57 103 9 34 20 137 138 135 5 1 97 17 128 37 139 42 93 146 119 47 105 26 98 25 113 29 33 104 150 15 58 24 144 96 107 130 74 106 143 18 60 39 11 84 147 92 116 31 27 62 51 133 90 46 19 83 114 87 94 61 28 8 124 3 111 95 136 121 12 117 101 
41 34 140 22 122 119 150 71 30 58 139 131 32 141 146 106 127 117 148 67 116 40 88 36 69 29 87 42 77 129 63 9 66 23 144 44 115 114 57 43 120 145 86 93 61 105 143 82 24 135 5 125 60 54 92 68 103 136 91 76 104 94 56 16 108 80 6 12 111 4 75 49 11 97 33 134 31 89 73 78 62 102 50 100 17 2 147 81 128 19 64 48 85 99 7 38 52 123 37 13 39 14 18 28 65 72 149 47 137 133 70 46 98 
23 6 150 99 60 35 24 1 82 74 91 75 72 15 105 4 2 122 3 11 107 121 88 138 14 10 143 63 103 87 21 53 93 133 38 54 16 30 131 25 59 17 45 31 68 104 92 97 47 56 90 102 111 50 108 73 132 127 86 115 79 61 113 130 112 144 27 62 80 22 118 5 96 41 136 19 114 18 126 124 20 142 137 116 100 28 134 84 106 119 146 89 39 43 78 76 139 81 32 48 44 129 33 95 52 101 8 147 42 40 94 135 
30 65 56 17 27 147 97 93 102 29 42 136 143 122 61 6 20 72 119 130 34 40 2 131 91 63 107 135 101 24 46 112 62 14 109 142 98 66 103 58 128 79 141 13 51 90 138 48 117 99 71 80 52 21 148 145 36 38 22 75 127 85 15 114 64 39 84 100 3 70 74 55 25 110 88 87 149 137 45 43 31 82 115 133 53 95 8 83 108 140 18 7 146 125 116 19 76 144 10 106 28 89 94 44 139 67 50 81 86 104 41 69 
78 138 86 149 135 102 37 97 26 75 66 112 107 117 147 43 48 130 7 39 110 76 146 83 100 60 1 42 142 18 87 131 69 17 73 61 85 101 3 114 92 20 64 118 88 10 111 30 9 150 137 79 31 54 132 24 133 33 68 57 36 141 93 84 98 119 96 90 108 46 50 47 63 72 134 21 70 82 125 136 105 34 40 2 116 19 59 109 62 49 35 140 74 126 129 81 53 77 29 41 104 38 58 124 8 67 6 16 115 15 106 148 71 113 56 27 123 
144 117 78 61 85 12 62 16 81 126 64 110 115 53 146 24 17 88 148 132 27 25 18 14 82 123 45 58 118 83 40 139 1 105 50 137 47 147 74 141 124 89 87 72 22 95 68 41 15 67 131 130 6 114 32 133 31 13 92 106 111 91 102 150 2 116 30 7 26 94 90 4 3 108 71 57 99 136 112 8 86 77 142 103 46 48 107 36 10 63 60 37 75 38 69 42 101 56 55 21 84 43 73 52 97 129 
27 47 60 119 83 78 64 25 67 16 39 99 112 26 134 69 4 76 114 10 3 120 74 115 49 125 95 80 104 24 85 46 130 18 82 98 81 86 54 71 144 2 15 66 5 91 63 59 57 41 149 131 109 48 133 150 40 116 50 28 56 122 145 44 121 22 132 142 100 20 93 6 30 8 53 73 102 108 43 128 92 143 29 101 58 117 62 124 11 70 21 45 140 37 17 65 89 23 148 14 127 7 35 77 
141 139 121 16 128 33 19 77 120 79 127 93 87 129 143 69 63 107 125 74 41 31 72 42 44 126 115 5 118 123 35 88 27 15 55 109 57 91 119 96 86 32 100 26 122 64 59 78 45 52 53 12 50 14 13 81 62 98 61 114 11 75 23 3 92 29 43 70 106 137 133 135 37 138 10 22 148 85 140 103 66 20 144 2 94 17 73 67 112 80 38 76 56 149 36 108 90 147 99 102 97 105 28 30 46 84 58 113 132 116 4 25 40 117 9 60 150 49 
122 37 71 84 96 11 92 129 87 126 128 48 148 55 24 124 4 140 74 123 46 58 57 62 73 119 138 77 38 31 28 68 41 63 97 78 79 113 75 10 142 81 8 110 30 135 102 33 146 109 91 40 89 1 21 98 43 93 72 144 139 80 5 101 2 54 125 111 36 44 149 65 105 150 35 61 90 136 117 49 15 141 23 25 104 108 42 13 112 7 114 70 86 134 12 127 50 143 56 103 17 69 133 59 99 47 22 20 32 6 115 
106 57 16 22 17 77 133 26 109 36 94 138 150 3 40 65 85 31 123 130 81 4 89 43 12 18 74 72 82 101 60 116 75 41 135 30 88 100 92 90 147 129 98 102 128 56 145 6 10 15 78 50 125 21 59 1 118 127 141 79 115 93 140 7 42 80 69 86 142 53 76 27 62 33 148 99 52 23 29 8 134 37 113 97 137 28 117 24 51 11 112 20 87 73 34 83 121 143 48 67 95 5 108 25 120 
114 96 73 78 104 76 7 29 67 123 41 120 97 5 10 60 134 50 106 13 40 116 121 72 74 128 77 46 37 129 71 109 39 138 25 117 131 8 54 30 93 98 53 84 44 103 36 28 82 86 31 66 102 61 92 112 83 62 144 47 45 68 135 126 146 63 132 75 51 20 141 22 48 85 125 64 17 150 32 145 6 23 26 127 9 88 140 142 100 35 14 105 124 130 2 1 69 95 87 110 57 56 94 11 34 24 49 12 91 18 115 107 
95 144 51 133 53 108 97 14 117 55 127 113 22 82 43 26 46 88 89 90 83 150 121 81 143 124 63 86 15 52 106 13 18 24 68 112 75 35 115 57 96 94 25 7 60 20 23 146 58 85 73 39 10 103 93 119 19 98 67 129 84 72 111 44 6 147 27 132 42 145 1 137 138 78 30 37 135 66 80 56 139 131 125 61 31 120 50 114 105 5 87 9 109 79 91 28 110 136 104 2 49 21 99 32 3 76 8 107 36 38 149 29 102 40 101 34 
86 123 80 144 9 6 75 113 105 71 36 108 92 40 85 52 78 19 11 57 46 141 99 79 21 116 34 114 134 103 32 109 115 29 112 74 4 147 142 13 81 118 111 94 73 53 28 55 30 126 145 47 18 61 25 125 133 56 62 50 106 120 138 72 45 44 3 22 59 90 140 76 68 143 132 96 35 130 95 101 12 100 119 39 87 58 10 37 98 121 69 51 70 82 43 63 20 148 41 131 110 127 124 
82 52 23 61 58 56 87 100 3 76 73 95 55 108 31 72 36 147 93 134 142 68 71 85 112 116 114 6 74 14 53 122 138 51 33 104 32 128 11 66 21 105 113 91 54 2 123 94 89 5 148 29 40 34 99 24 110 25 80 1 75 126 107 106 45 98 28 4 62 84 17 81 127 20 131 42 7 144 149 47 119 8 16 48 146 140 97 44 125 27 77 109 43 88 70 120 50 64 124 96 57 65 137 67 92 19 
87 30 84 2 15 123 108 144 132 8 65 58 109 99 51 95 78 110 24 10 9 47 42 61 120 28 143 67 29 124 44 136 134 93 115 57 145 85 138 118 101 76 37 122 112 22 48 56 97 130 33 40 81 94 41 126 75 96 107 92 7 63 119 116 128 139 148 142 90 6 149 62 83 127 21 70 121 16 88 38 100 60 25 20 125 43 49 102 12 74 140 71 68 98 117 50 106 32 18 17 
67 139 117 31 144 132 45 48 38 111 77 75 66 110 62 30 150 136 9 147 89 68 83 93 22 23 149 107 91 4 87 71 74 126 55 50 127 100 11 86 109 44 14 145 125 16 63 97 106 19 51 33 79 46 141 114 24 96 130 15 13 35 103 3 101 143 121 115 108 40 43 17 60 131 10 135 2 98 122 58 116 27 53 85 8 37 82 54 99 104 56 6 119 20 47 36 148 81 41 146 21 70 137 76 133 140 29 61 134 18 92 94 73 52 39 5 123 120 7 28 59 95 
26 122 94 58 64 46 34 128 6 65 120 19 99 149 25 70 53 104 57 76 27 10 48 43 86 30 68 143 4 130 7 28 131 134 39 119 13 41 17 51 141 12 18 21 107 69 42 9 38 49 111 16 35 144 20 11 109 5 91 147 95 66 67 55 124 73 33 56 85 37 102 103 92 84 126 63 59 113 79 137 125 47 74 90 61 36 96 148 72 88 145 23 87 45 78 138 83 29 114 123 105 150 8 
34 50 137 70 62 141 28 85 52 68 72 78 10 49 40 51 105 65 121 1 149 33 9 112 46 89 57 23 27 26 138 56 131 124 84 25 145 90 19 30 104 43 41 147 22 122 48 77 67 115 59 127 111 110 14 120 60 97 132 114 7 18 32 17 15 2 106 42 129 81 45 118 29 126 69 6 135 24 61 58 93 11 53 16 21 150 100 20 38 116 133 71 74 123 82 35 130 80 102 4 142 66 148 73 36 103 91 79 136 144 12 99 63 39 98 94 96 76 119 8 37 
70 17 59 26 72 20 96 150 103 9 50 100 8 138 104 128 6 132 27 71 52 144 112 115 147 124 117 131 37 118 23 89 44 92 76 16 63 39 87 2 56 116 126 105 60 47 142 143 15 122 64 111 28 110 43 40 75 58 51 135 90 130 97 80 88 48 102 145 61 127 36 99 10 74 69 24 101 53 35 140 133 68 73 81 49 66 94 139 11 107 98 21 29 46 79 119 108 65 14 13 148 30 114 55 32 113 38 106 67 7 77 78 
84 86 42 60 46 120 32 8 20 93 108 19 90 7 106 21 68 6 103 122 56 104 80 15 17 128 22 5 96 114 2 55 34 88 144 70 105 69 89 149 44 150 95 135 109 18 71 125 62 52 75 24 1 59 115 126 132 121 141 13 102 48 91 94 112 99 147 45 118 53 16 27 107 116 63 136 3 113 77 127 31 67 131 29 140 101 81 133 14 129 47 92 87 137 58 85 64 83 78 30 61 57 35 33 119 41 
139 138 32 64 59 72 116 47 111 74 18 122 85 54 45 63 92 110 148 29 101 10 115 58 82 28 134 108 69 106 94 49 113 125 87 75 112 95 22 21 118 37 131 83 62 144 96 50 93 25 26 7 149 42 90 13 84 19 117 40 38 68 132 102 79 103 86 23 78 14 16 77 141 119 81 107 9 99 53 57 35 121 135 6 56 34 48 65 145 66 61 123 130 55 17 150 80 24 33 97 124 137 129 76 126 105 109 
139 32 66 1 82 30 114 63 88 39 94 67 93 27 61 125 108 143 90 69 105 44 28 34 102 126 100 80 33 149 18 3 19 83 129 41 52 150 91 37 131 57 45 140 40 70 43 146 92 84 31 15 5 99 56 42 103 101 142 128 76 26 120 65 48 73 133 136 141 77 134 95 97 137 17 138 106 121 14 7 85 68 123 47 35 9 58 49 118 110 86 2 8 36 135 53 130 60 51 74 29 89 22 4 147 107 124 6 122 112 
33 39 150 7 98 13 81 91 116 3 12 137 35 56 47 95 96 22 117 14 23 109 10 52 83 36 42 122 100 129 126 74 72 21 59 73 25 107 45 135 15 108 92 31 146 94 71 46 2 48 57 101 62 55 90 51 27 132 43 68 18 87 75 53 67 65 140 123 133 124 112 80 70 1 50 141 149 61 19 102 119 32 17 37 30 82 97 28 143 34 20 115 76 103 138 85 49 88 60 86 134 113 139 99 118 78 6 79 54 
127 81 57 66 63 84 13 3 149 114 20 85 39 112 118 27 1 89 97 23 14 75 31 78 92 100 120 106 136 90 18 110 134 150 131 115 83 43 55 145 38 59 53 15 72 94 69 105 104 123 86 28 103 88 126 93 65 29 68 138 147 101 9 50 25 148 144 95 40 109 121 58 79 33 74 119 11 124 77 22 12 56 47 117 125 111 30 52 60 128 37 51 42 87 21 44 70 5 99 7 8 102 122 64 133 35 
144 87 70 54 17 104 27 18 139 115 47 150 132 1 92 107 9 62 57 123 10 63 53 44 30 140 11 148 23 121 98 39 125 82 61 33 77 16 83 56 19 35 71 93 149 138 141 64 124 85 12 99 89 95 142 13 102 48 66 109 100 75 116 60 105 31 49 76 51 45 110 128 4 101 90 94 136 6 21 135 74 112 7 103 122 15 28 14 50 134 120 127 146 118 22 32 41 111 91 2 126 117 81 40 52 67 5 84 97 29 113 8 78 130 
109 48 54 64 41 15 94 136 85 29 118 141 53 45 17 110 7 13 56 25 50 14 57 40 71 105 117 124 126 128 10 26 2 27 114 149 138 90 58 102 24 139 143 34 79 51 62 86 73 52 116 89 44 81 1 135 99 84 147 55 127 19 11 42 6 104 82 22 119 129 75 77 98 146 92 28 70 96 131 91 130 106 16 100 72 49 87 38 88 36 111 132 35 39 61 140 63 108 30 33 23 69 83 101 122 8 67 112 76 9 20 137 5 47 95 
130 10 55 41 83 21 94 49 71 50 57 32 37 2 99 75 111 36 64 60 138 79 136 4 31 18 108 13 58 129 140 16 53 80 23 38 121 62 19 134 66 104 144 54 115 100 29 30 86 118 39 5 42 61 143 73 139 72 131 51 27 25 114 122 8 14 88 145 67 22 127 105 107 137 95 112 82 81 45 34 46 91 116 103 150 146 90 1 17 9 33 148 147 20 6 102 65 110 63 126 142 106 56 68 78 3 124 28 109 
76 32 88 11 141 24 52 125 68 95 55 4 111 75 108 134 39 50 37 69 57 113 28 15 118 31 17 82 149 81 130 61 73 124 123 92 138 30 54 9 44 10 99 139 91 143 106 127 112 66 74 49 116 100 7 63 65 2 140 93 128 22 86 59 120 132 133 67 98 38 46 145 94 26 85 83 101 29 119 35 14 144 131 97 27 121 6 129 53 47 117 146 109 147 34 110 78 142 5 64 70 84 
