150
133 90 134 85 91 140 31 43 63 87 47 7 100 99 51 14 95 107 136 106 9 8 30 33 147 131 97 122 96 80 69 126 26 70 22 92 81 40 149 49 39 74 116 120 28 98 36 20 48 83 93 141 21 121 2 34 25 57 64 86 15 101 38 82 89 108 137 84 150 72 123 56 59 77 23 102 53 75 124 118 55 111 42 44 19 138 66 144 114 129 5 58 46 109 60 146 103 94 62 128 65 127 115 71 16 45 12 35 
128 1 33 52 58 121 42 12 23 40 46 133 49 77 96 120 57 94 122 19 64 138 132 7 82 89 9 118 93 106 24 104 44 45 123 105 66 47 26 6 55 83 36 5 70 110 111 71 117 28 141 35 67 76 95 150 130 124 125 88 62 137 15 99 29 109 21 41 61 38 73 143 113 134 136 86 148 142 20 85 84 146 147 59 14 112 107 65 92 127 91 74 30 51 75 56 3 43 17 102 27 31 90 87 
22 141 53 11 61 136 119 105 2 16 120 76 109 129 117 111 32 82 38 91 149 68 101 62 39 69 121 148 67 137 51 126 93 48 81 56 128 9 107 144 73 31 30 135 116 113 4 20 29 127 60 17 84 125 54 72 145 7 133 24 59 78 64 112 79 114 85 5 147 123 47 46 57 42 95 87 130 89 6 139 142 124 19 70 27 52 80 15 8 45 35 106 77 98 88 18 10 26 90 40 92 110 65 74 108 132 104 75 99 115 86 44 134 96 25 94 50 102 36 
120 90 113 52 121 116 136 108 103 137 66 13 81 54 134 34 122 6 8 18 63 143 33 104 7 32 97 44 20 45 70 26 118 25 112 89 88 91 57 14 24 71 129 140 47 43 73 128 109 138 61 50 149 107 94 139 84 41 125 68 39 148 87 92 58 42 111 147 15 78 101 77 110 51 133 37 53 146 29 40 62 79 127 17 12 5 96 3 131 85 75 11 35 55 19 27 38 72 67 95 80 150 28 
103 126 102 59 50 33 93 3 13 46 90 116 39 121 23 129 98 127 44 14 138 43 134 63 140 83 45 144 31 65 85 122 70 79 100 42 148 81 117 115 132 131 4 7 88 77 69 2 124 113 62 10 82 20 139 94 32 68 48 111 24 54 64 114 29 130 8 27 96 86 91 34 142 95 52 123 22 110 89 21 76 49 30 18 56 1 38 104 125 51 57 41 109 73 71 108 75 60 78 74 67 17 9 58 6 106 137 11 136 101 150 149 84 19 66 72 143 133 128 28 87 
133 53 13 71 43 61 120 4 29 59 119 82 140 62 77 28 45 42 50 27 130 8 49 41 64 125 33 84 136 89 117 38 14 128 79 83 72 55 93 123 51 109 52 24 112 139 104 122 39 134 95 73 98 132 101 144 34 15 113 21 60 46 88 36 9 2 5 35 110 102 25 90 111 56 70 127 148 94 18 116 141 106 30 114 78 68 103 107 97 81 137 32 146 150 17 31 26 69 19 76 99 80 105 138 149 66 3 37 57 121 92 7 11 44 118 58 115 131 20 147 135 
66 93 105 51 62 57 23 45 71 73 44 24 136 126 52 98 69 6 37 54 101 81 129 26 5 115 142 13 150 20 75 33 30 78 3 79 147 1 148 38 130 22 84 63 39 85 111 19 113 18 86 34 112 12 143 100 141 80 9 43 32 68 94 97 48 59 36 145 28 118 49 127 123 40 4 64 58 89 29 117 110 144 104 132 42 77 138 135 67 149 16 140 102 11 121 53 120 31 10 17 124 55 2 35 74 47 25 
150 70 86 95 48 18 19 99 6 110 72 47 3 51 41 91 123 13 62 30 141 71 20 139 142 24 27 80 21 76 4 128 54 125 115 106 45 121 88 32 46 56 131 1 146 35 81 136 94 122 137 124 22 69 109 11 79 39 34 135 23 116 49 82 29 96 144 119 16 138 143 65 68 100 52 77 148 85 89 101 66 83 87 63 64 118 14 55 74 129 111 132 145 140 36 10 90 114 149 98 44 133 5 67 9 97 134 59 50 40 57 92 78 33 127 15 37 104 120 84 
137 35 34 85 136 128 21 78 16 18 97 75 139 92 106 74 120 112 50 62 68 1 81 59 46 58 93 118 88 109 124 130 144 148 114 83 121 11 123 20 86 57 26 47 89 100 17 115 132 101 61 25 49 7 111 71 107 66 52 104 103 45 117 73 90 116 70 63 67 64 19 77 13 33 27 31 102 55 14 32 143 48 133 54 42 51 95 96 135 69 10 22 113 43 40 146 108 145 23 15 119 127 6 134 2 29 5 91 142 149 3 8 
108 71 110 36 120 88 35 130 5 65 24 126 70 62 78 54 77 128 21 117 12 127 59 68 18 92 56 148 74 105 72 138 47 8 33 147 34 49 116 57 114 111 103 140 146 107 96 150 85 39 91 137 112 100 66 81 99 3 141 106 83 38 132 50 41 90 28 133 139 143 121 9 13 45 119 25 17 63 145 102 14 31 122 51 7 97 67 123 82 93 87 101 19 95 26 98 61 30 22 109 144 15 136 75 134 
25 114 125 57 92 75 95 55 126 127 21 143 31 51 124 96 145 49 99 97 139 121 61 40 86 62 7 52 43 36 94 78 54 109 60 41 137 134 83 123 69 68 4 33 18 16 79 47 89 17 45 58 22 74 135 146 136 66 38 72 140 76 98 147 8 5 110 3 100 84 131 37 19 101 71 144 35 56 12 93 85 15 88 32 28 53 117 80 130 105 48 6 129 149 102 34 108 77 13 9 106 14 26 150 119 128 141 24 29 90 23 133 103 44 59 113 46 73 65 30 
11 49 22 15 126 101 118 117 10 64 40 68 145 106 7 28 25 76 78 38 59 93 109 146 65 16 63 142 42 2 110 85 33 17 122 150 149 26 56 61 119 141 77 24 32 90 107 120 47 72 94 143 82 39 57 35 138 113 41 112 34 128 144 88 121 136 97 81 135 74 20 4 31 148 96 79 139 116 98 60 102 129 140 1 14 45 92 131 95 111 19 147 104 50 125 83 53 123 36 99 66 58 89 70 67 62 80 55 48 23 
102 40 142 86 41 78 57 146 36 77 103 74 10 122 5 34 60 7 76 85 37 55 79 129 27 67 8 19 121 6 25 30 89 84 71 64 69 47 61 66 83 134 11 32 75 18 33 42 127 68 128 126 15 29 90 130 73 28 49 54 135 140 114 50 138 136 124 97 82 120 16 53 52 80 44 51 144 17 9 24 125 96 141 115 137 131 109 46 133 23 26 101 4 95 58 107 106 150 65 147 
11 146 69 81 102 114 65 99 1 120 128 129 46 49 136 73 36 33 70 150 40 105 85 104 64 82 79 31 98 116 149 119 74 28 118 126 113 148 147 75 17 131 111 25 2 76 54 4 48 15 42 21 125 68 12 5 18 142 83 112 38 61 30 97 109 45 24 88 124 43 62 60 86 6 10 58 34 23 52 110 53 27 77 9 90 93 130 56 144 92 91 35 134 123 8 67 87 51 72 89 94 143 135 133 
70 40 88 94 74 105 116 55 147 97 99 52 54 62 95 33 47 41 11 125 4 68 45 9 90 63 138 65 93 6 30 28 104 119 25 146 126 89 129 34 61 49 79 57 31 38 101 131 29 1 78 106 86 111 14 85 36 144 136 96 110 114 117 98 132 82 8 128 109 24 140 75 20 121 135 148 53 16 42 118 134 58 18 142 12 48 122 35 130 39 3 19 107 2 56 92 72 13 127 100 26 10 149 22 71 81 60 139 102 83 137 27 67 51 32 113 
91 79 24 9 19 126 3 43 108 56 148 119 81 53 55 140 77 74 49 15 20 65 13 104 70 94 58 52 11 88 8 131 123 145 120 12 128 21 78 133 61 135 30 45 124 149 32 150 26 25 22 121 112 90 68 47 60 132 93 73 99 34 113 110 36 100 85 7 138 63 142 106 134 76 75 89 35 117 141 86 116 23 51 33 39 37 40 109 28 92 83 87 101 146 17 46 102 31 105 107 137 72 129 71 139 29 50 1 115 59 54 96 
12 32 71 115 18 137 60 4 28 21 92 139 37 135 7 132 117 91 116 76 97 26 134 150 42 58 103 105 55 70 101 48 99 98 54 72 89 80 78 65 119 25 49 29 109 38 11 110 123 22 39 5 88 20 57 36 129 120 59 112 68 81 27 94 2 136 100 86 145 124 79 66 133 9 77 87 130 33 10 148 121 107 14 24 16 106 108 13 85 144 84 34 142 45 75 40 147 6 73 138 19 149 90 127 126 35 3 104 61 140 74 111 
73 137 14 24 142 104 82 50 93 84 91 148 7 127 45 78 62 47 67 29 3 138 32 17 46 30 108 134 76 80 5 147 111 117 61 149 110 10 23 77 145 36 125 87 53 98 31 44 119 96 143 128 34 39 42 101 94 89 63 114 132 38 95 115 141 8 139 106 43 120 70 133 15 97 83 9 48 56 124 130 74 99 107 20 27 28 51 41 59 21 72 49 55 92 4 131 100 121 26 122 65 6 35 88 60 136 13 25 11 69 144 86 146 75 79 33 
119 23 121 98 64 53 137 39 100 81 43 10 92 26 1 111 60 86 33 144 22 13 5 138 3 149 108 87 76 123 95 46 82 89 120 83 124 136 9 7 4 128 115 28 77 36 130 133 63 91 62 11 54 140 109 41 50 70 126 30 44 2 101 21 47 146 84 73 127 145 67 135 56 105 131 65 94 96 16 15 52 8 134 74 37 147 116 38 129 59 75 93 141 97 125 102 132 25 48 17 114 6 85 12 72 40 110 45 150 57 51 103 27 113 66 78 32 
16 43 45 80 6 73 141 21 51 94 7 25 93 53 149 46 97 96 65 49 66 101 120 78 133 81 108 3 76 48 122 128 79 100 111 15 28 38 103 124 71 9 143 18 5 132 119 27 8 22 69 37 52 50 98 2 116 126 140 115 95 99 85 110 123 107 67 148 57 59 23 34 87 31 63 131 41 4 130 44 58 61 106 144 112 147 32 121 125 86 68 72 17 74 91 138 75 62 88 77 109 64 139 102 83 134 33 55 35 12 1 82 70 40 142 42 
86 77 54 1 40 123 150 11 81 9 129 34 29 42 26 74 82 90 78 106 64 135 60 97 75 37 18 93 131 117 89 130 83 103 143 6 68 55 8 35 112 49 61 134 120 116 102 27 30 67 51 14 44 79 63 149 76 84 138 146 122 10 148 121 107 62 20 71 113 39 125 46 98 95 25 57 70 87 108 16 111 109 23 22 43 19 119 132 5 73 118 133 31 105 128 38 140 36 47 41 28 2 141 48 142 139 45 96 17 
59 89 125 130 135 35 54 82 131 63 148 58 12 80 29 117 115 1 39 143 53 23 28 19 25 145 34 149 70 123 111 61 142 64 27 102 138 100 116 127 44 85 26 106 108 96 94 137 5 76 92 36 147 104 50 140 91 124 8 81 90 88 9 121 84 71 21 144 133 43 136 65 97 99 45 114 113 3 30 40 86 16 52 24 7 17 105 10 20 11 46 119 95 69 68 41 122 60 120 101 15 134 126 49 37 38 150 48 139 79 
93 116 99 56 90 28 145 96 131 87 5 141 21 148 119 43 94 57 18 42 97 8 135 7 26 120 33 112 74 82 142 36 22 2 39 45 40 101 123 128 121 79 76 12 59 16 118 137 9 25 37 104 89 147 146 117 53 19 67 111 110 46 83 115 71 31 129 14 68 84 81 106 109 136 124 44 24 32 49 78 58 143 126 27 85 95 98 125 34 30 13 35 88 51 54 48 91 149 139 122 132 1 72 105 20 100 52 107 65 11 150 102 130 55 
46 76 82 14 84 64 40 106 2 55 95 50 71 99 38 135 124 136 23 86 74 83 54 109 113 56 125 87 18 116 103 8 92 52 91 81 58 117 143 41 22 140 88 65 7 148 3 137 34 13 4 28 17 66 10 35 6 93 33 110 146 102 101 11 108 37 51 57 63 97 94 78 32 121 111 133 134 45 31 15 127 5 132 12 144 68 100 115 128 141 147 47 72 149 62 29 80 142 43 112 70 16 104 105 
3 113 32 106 30 77 75 60 117 13 111 19 148 118 44 87 125 12 16 90 14 76 65 115 9 83 42 1 109 48 55 56 95 22 143 4 89 11 142 33 74 63 96 92 29 122 35 85 126 131 124 53 100 37 54 23 97 36 145 101 99 149 120 68 108 49 38 7 72 82 66 103 62 78 91 146 123 52 64 132 138 31 20 15 105 21 50 10 51 129 133 81 17 141 71 128 26 104 45 61 114 119 121 18 58 127 134 73 79 147 130 6 150 140 27 135 
83 55 135 94 144 96 80 3 44 25 67 1 65 7 39 51 103 59 42 86 16 48 4 52 89 76 32 19 112 146 117 98 64 30 90 121 132 57 115 43 75 113 124 18 68 10 102 17 50 12 62 106 101 120 149 27 69 92 130 74 21 116 37 131 137 125 70 141 9 133 100 45 136 78 56 13 23 38 114 6 79 34 88 2 72 140 111 36 110 150 95 29 46 40 84 28 15 109 11 139 22 
126 140 82 9 47 15 34 3 103 57 97 36 148 112 90 95 138 45 30 8 77 102 86 144 74 54 131 13 5 134 132 111 110 50 104 107 23 99 39 52 46 29 68 22 72 135 81 79 20 109 92 87 65 31 122 128 18 149 14 4 80 142 21 113 26 6 147 94 61 133 42 64 84 70 51 58 105 71 137 150 116 37 83 145 2 19 38 32 141 121 146 114 130 63 60 123 25 69 17 28 120 136 78 
2 98 109 15 97 77 18 57 54 138 6 1 119 41 116 118 79 108 107 148 44 10 129 78 68 52 121 17 42 125 106 71 12 130 134 31 117 101 49 144 19 66 132 104 48 24 13 26 27 11 94 139 145 93 88 114 61 122 149 47 23 21 136 112 115 56 20 72 7 84 32 5 137 90 128 73 65 4 30 76 16 123 38 43 59 150 147 64 133 60 141 22 135 142 146 92 124 29 40 14 51 67 
81 21 107 15 99 93 5 116 128 57 135 27 33 82 41 144 71 17 3 115 40 22 98 79 145 25 84 9 143 60 51 102 109 78 127 48 39 132 76 59 136 126 121 150 94 69 7 2 90 61 32 70 6 75 123 62 38 112 68 53 92 58 44 8 63 97 88 37 147 54 114 47 96 26 139 129 124 11 140 35 24 56 13 125 89 142 66 30 138 74 28 42 103 65 91 18 131 4 73 85 50 108 137 34 101 100 43 134 16 105 104 
78 126 147 143 5 85 116 125 142 97 61 28 23 138 99 1 104 94 36 148 110 95 50 58 60 26 113 144 55 91 68 6 80 11 139 3 75 81 32 137 135 45 122 89 7 39 129 98 41 31 140 25 93 77 100 2 119 27 13 108 70 101 19 73 145 65 128 54 134 29 121 63 10 22 90 132 57 43 18 123 87 59 112 141 72 106 111 150 83 14 48 136 74 40 109 38 15 44 146 52 21 124 51 37 84 49 16 120 42 8 
24 72 112 85 11 95 82 119 51 146 27 91 138 2 71 60 88 145 92 99 81 9 130 105 28 41 43 36 131 14 80 50 113 108 35 65 1 101 20 78 102 23 18 3 143 47 132 30 140 54 116 61 109 59 74 57 103 106 98 142 120 147 128 49 7 107 37 124 76 46 6 93 144 15 87 21 122 40 68 77 10 12 70 63 5 114 150 55 16 118 73 97 33 126 66 149 141 52 125 75 90 32 139 56 48 100 25 69 136 110 84 34 
145 90 8 17 73 24 34 129 20 49 54 114 128 144 80 30 72 62 116 139 113 46 81 13 58 109 88 25 33 125 86 16 3 56 15 67 106 112 26 28 66 131 119 31 135 150 55 18 23 147 134 117 19 70 27 9 37 11 45 115 124 77 143 148 65 101 111 59 94 122 107 149 93 57 105 52 64 137 7 29 141 5 146 61 104 142 60 130 92 132 103 126 71 140 138 118 121 40 91 47 108 39 79 74 75 123 43 82 4 87 110 6 100 12 63 98 136 
57 52 88 5 38 143 49 127 25 23 24 109 137 43 100 128 132 75 121 68 2 37 136 150 46 18 145 103 1 139 6 97 12 41 36 138 94 123 8 53 111 32 55 119 31 74 70 44 81 78 98 110 147 95 19 56 47 9 125 120 144 72 114 108 20 79 117 11 141 118 99 10 84 42 61 133 91 131 71 13 77 148 142 124 4 146 39 93 16 7 60 102 69 134 15 62 86 116 149 17 34 50 89 35 64 29 45 14 129 130 51 63 80 83 58 135 140 113 
69 101 74 90 39 122 38 62 32 6 93 147 42 35 18 1 98 16 133 12 37 83 115 23 91 40 89 63 50 127 137 141 20 21 76 17 106 11 143 48 43 61 41 10 22 110 103 24 27 49 96 71 140 92 111 4 13 64 60 45 53 55 15 58 8 142 36 129 73 95 67 9 86 138 87 5 31 75 120 108 123 26 66 88 132 145 144 79 68 130 116 125 112 29 7 105 14 33 114 136 72 56 128 52 121 94 47 100 
127 81 121 4 88 118 56 65 17 142 106 25 71 22 133 111 80 61 16 144 137 59 2 128 75 134 42 15 37 117 147 63 7 99 31 100 8 11 150 77 129 101 40 20 6 1 94 52 49 135 139 43 131 14 21 146 120 104 9 34 96 149 115 29 103 46 23 39 18 85 89 47 105 53 45 69 60 138 66 33 84 87 116 57 38 125 90 140 3 109 76 91 130 36 79 112 54 86 58 72 55 145 119 10 123 136 95 82 12 113 24 78 50 48 
75 44 22 51 108 124 66 67 18 69 26 128 30 15 141 107 102 40 74 148 60 71 104 43 47 63 62 16 56 111 23 87 10 17 106 14 12 89 137 135 42 86 65 96 116 25 76 95 139 19 150 52 82 77 11 68 132 145 73 46 120 123 140 119 13 37 8 35 90 131 105 109 39 80 118 33 31 72 117 149 61 125 57 101 83 54 70 34 55 2 48 64 6 99 114 103 143 144 27 110 147 113 3 53 129 21 7 134 45 94 115 59 1 98 
84 8 53 110 147 102 140 71 49 34 30 35 65 51 105 54 146 119 55 82 87 79 32 7 46 134 78 19 77 27 117 125 81 29 24 139 135 88 69 57 6 150 112 26 45 144 11 74 39 124 149 80 64 121 122 133 103 114 132 16 97 123 127 17 107 75 48 36 41 70 52 60 25 100 86 95 23 108 116 44 101 62 50 126 38 59 91 13 89 4 83 106 21 109 76 31 73 20 61 142 22 148 92 90 93 33 141 120 
3 93 73 67 66 83 40 120 68 34 98 5 26 91 121 149 58 111 1 139 82 53 17 4 37 20 76 60 147 21 127 69 81 61 2 11 77 119 110 130 52 64 108 25 133 126 135 6 15 57 71 12 10 27 55 80 7 89 48 18 100 150 22 125 113 131 140 79 136 117 143 49 75 19 46 41 145 70 132 54 72 59 35 118 62 92 112 105 14 33 50 87 51 103 107 24 28 128 101 102 144 30 29 137 114 65 78 97 
36 109 150 77 92 83 75 125 118 94 48 138 72 54 21 145 148 68 130 97 99 37 137 134 105 51 23 1 122 104 111 78 59 52 5 86 53 140 57 120 123 8 17 47 117 22 116 45 143 132 70 19 12 93 126 10 56 129 35 55 66 147 135 87 84 141 110 65 108 6 18 42 27 89 103 113 114 81 96 88 61 60 64 131 33 142 119 3 62 124 32 46 34 15 7 30 16 26 4 73 91 29 101 85 
63 78 86 71 111 48 79 50 34 130 91 12 61 88 104 128 36 108 149 83 105 92 24 23 13 2 57 47 46 102 123 140 121 97 30 38 74 26 60 137 72 122 20 3 22 28 16 9 52 8 45 67 69 134 93 31 103 4 66 64 98 135 116 81 82 7 94 101 112 129 65 35 142 49 54 138 53 17 145 143 107 99 126 80 42 76 19 51 90 55 106 144 44 117 95 59 68 32 11 15 21 29 56 133 136 1 14 115 148 146 109 124 120 84 43 
53 20 145 33 2 61 142 47 13 66 118 34 76 99 84 88 108 77 112 31 37 114 12 80 90 135 139 38 51 70 103 109 28 72 50 141 49 5 67 122 83 45 68 126 11 43 21 78 138 117 54 4 52 94 136 60 97 8 69 124 116 144 29 147 95 30 115 22 18 19 96 133 129 57 128 74 75 106 15 86 6 64 44 143 132 93 134 10 125 146 58 56 104 55 62 79 73 24 
69 46 87 55 53 109 78 60 70 59 17 74 61 63 29 102 137 21 103 136 91 100 66 36 77 140 106 110 13 84 125 127 35 148 72 89 2 90 40 39 1 28 25 145 27 52 30 119 143 23 146 81 80 67 126 73 135 141 9 113 34 95 116 115 99 68 12 114 3 62 5 133 108 83 4 128 47 50 26 107 33 71 20 7 92 147 130 75 117 131 56 82 58 76 6 15 88 85 104 65 18 142 64 51 57 150 98 132 122 49 14 
109 133 64 119 124 132 114 34 81 20 77 9 86 56 120 144 16 108 54 6 89 73 83 68 18 100 24 138 147 117 49 79 19 70 59 55 2 130 60 95 123 7 57 143 29 58 137 148 99 90 127 136 141 26 47 129 61 52 11 145 50 80 65 41 94 149 85 40 30 46 142 102 45 48 72 118 32 22 69 4 14 103 134 53 88 74 5 91 36 146 75 140 66 93 101 28 139 1 35 150 104 105 84 21 23 33 31 67 62 122 110 71 128 
121 145 79 93 84 19 51 68 107 49 69 30 108 112 74 149 85 77 105 59 18 52 87 72 135 71 63 118 127 37 80 81 1 140 122 60 7 64 70 119 91 130 133 20 67 56 54 123 57 131 76 66 115 33 47 29 113 61 2 58 88 86 126 21 3 95 25 104 92 6 134 73 13 75 117 48 78 129 8 55 46 103 97 124 125 40 98 50 65 96 147 109 89 138 11 101 114 4 45 23 26 82 36 22 5 141 41 28 111 106 
8 16 127 119 6 83 84 111 43 61 68 52 54 123 143 150 130 11 19 134 49 1 137 80 36 33 32 144 114 106 102 133 21 115 71 62 91 4 77 41 104 98 125 139 34 7 40 118 70 75 25 44 117 122 39 18 15 73 138 66 50 99 5 10 57 101 145 86 51 9 47 110 108 120 88 148 3 128 121 76 46 85 26 116 93 94 82 12 109 30 56 142 69 55 48 72 17 20 22 27 63 113 58 87 103 14 37 107 141 124 100 64 74 24 149 90 97 2 95 35 53 23 132 
112 13 45 119 97 19 88 93 16 71 121 102 22 117 84 128 6 108 9 50 143 5 55 20 81 67 144 73 95 2 64 120 115 127 24 133 57 44 145 76 62 33 129 53 49 118 80 100 11 68 8 51 61 103 38 60 40 27 89 31 74 110 36 26 79 124 148 37 86 113 42 78 1 87 132 35 58 123 39 135 18 142 91 107 114 130 14 92 104 150 139 82 94 69 138 136 32 126 52 72 21 116 3 146 83 43 149 23 
32 147 150 11 76 89 143 3 91 39 118 50 144 136 4 18 53 2 42 96 45 70 113 120 31 1 79 74 40 119 21 80 15 10 59 142 102 44 66 29 36 129 58 28 67 146 93 54 126 140 92 110 107 85 100 55 122 13 75 123 78 8 41 87 52 73 94 88 125 24 33 65 43 141 16 34 64 12 9 60 130 109 137 115 112 7 82 56 27 116 77 103 57 105 145 68 97 35 84 71 19 124 63 83 
75 101 90 102 44 28 62 52 82 74 11 107 129 20 29 96 72 86 142 22 26 138 23 110 61 89 149 3 67 38 99 40 121 31 35 147 145 125 5 34 133 103 17 49 7 65 51 9 119 83 14 77 43 37 12 84 80 122 144 94 21 95 98 57 150 39 104 124 131 71 105 126 117 76 137 132 92 87 109 25 93 45 1 112 108 8 143 136 128 78 116 120 56 70 36 15 50 54 140 139 135 19 134 55 113 79 18 85 30 130 106 73 
113 57 41 132 48 10 5 124 18 28 93 44 100 60 58 63 119 22 118 17 43 15 2 90 77 85 87 94 84 7 120 92 33 21 50 112 129 30 67 40 75 34 107 105 136 144 128 37 91 72 64 32 139 31 80 78 53 11 121 35 16 70 13 125 86 102 140 130 131 51 23 110 12 115 20 98 66 114 146 42 14 25 145 6 45 56 74 141 82 109 134 150 137 147 135 38 8 126 111 81 59 46 9 138 76 142 123 88 96 1 104 
86 134 46 59 84 145 115 40 8 109 132 74 41 10 37 67 108 64 31 98 141 97 66 25 29 22 103 48 116 93 102 92 150 119 77 53 111 146 34 35 131 88 58 136 45 33 12 3 130 138 44 104 18 63 125 70 43 110 71 129 123 19 51 82 73 114 117 101 42 120 148 16 30 95 143 24 142 96 107 9 113 5 54 83 4 62 72 135 47 76 27 90 49 26 133 38 100 13 20 69 6 60 89 61 
56 118 110 121 97 101 8 85 30 65 24 105 31 29 49 149 37 128 10 95 42 84 44 28 4 33 46 9 124 127 5 20 13 45 113 133 136 79 132 26 145 73 115 23 68 14 39 91 120 36 15 2 25 38 40 11 48 21 53 86 81 143 150 88 123 94 76 18 99 138 3 7 129 135 103 50 114 16 6 90 82 142 107 147 116 59 74 41 19 96 92 117 72 108 130 70 102 98 78 126 83 66 134 75 1 87 27 58 148 122 54 
109 6 121 25 132 40 44 33 41 92 11 16 26 139 48 150 103 42 70 73 134 13 136 20 124 130 15 46 64 82 53 62 78 119 72 112 65 23 88 93 5 36 137 98 141 27 146 59 43 22 77 28 149 86 9 113 105 30 45 4 127 55 123 85 47 38 57 7 58 31 129 68 3 94 104 131 102 60 133 19 61 34 81 87 2 32 75 144 108 35 69 24 67 14 97 90 107 122 39 37 79 8 99 116 56 114 142 128 80 
83 81 128 6 67 117 127 38 41 11 113 70 89 110 69 90 104 76 23 105 73 42 126 33 13 43 149 123 125 135 63 134 77 50 91 118 143 52 59 100 129 64 148 7 1 18 25 146 14 116 106 98 12 40 49 4 72 58 115 3 19 145 54 20 124 85 51 46 16 74 133 36 37 34 65 78 39 131 112 47 29 138 35 136 130 15 140 22 97 102 95 111 108 142 107 150 80 93 119 88 62 92 132 45 122 109 84 55 141 
91 60 17 8 141 104 3 95 118 135 31 15 113 36 136 19 21 107 28 37 51 140 48 43 29 47 109 148 133 11 62 100 75 142 38 23 50 32 14 24 4 35 90 112 114 13 94 16 129 117 139 105 125 87 7 72 115 59 97 134 123 82 5 66 70 103 147 25 58 79 56 77 126 144 121 150 124 143 45 92 127 30 61 27 74 84 111 73 76 116 120 22 101 110 86 131 64 44 138 122 40 149 146 41 10 53 80 39 98 9 
11 13 114 148 17 137 45 46 6 61 124 21 87 91 98 105 120 36 74 121 43 143 104 65 20 81 100 63 78 123 42 92 103 95 4 85 39 101 16 102 30 8 128 33 108 122 147 41 23 44 7 56 76 47 136 110 127 31 2 32 40 119 99 106 58 60 80 79 131 75 69 24 12 125 118 48 129 113 77 71 109 73 96 66 37 134 18 72 140 53 93 133 26 115 68 67 146 139 52 38 117 111 97 84 130 25 142 35 15 1 9 34 
134 98 92 141 10 14 25 91 117 95 2 82 52 29 124 41 31 150 49 114 71 90 28 65 137 128 130 72 142 59 135 62 51 61 86 109 26 99 16 47 81 143 32 73 57 44 39 66 129 149 104 144 132 127 1 33 64 48 119 35 146 24 18 100 76 11 118 120 145 12 105 34 8 131 78 67 88 148 63 102 123 69 85 147 15 19 45 139 140 75 80 43 5 122 96 58 55 54 108 112 97 6 3 103 36 23 40 93 68 74 42 94 138 
134 60 42 101 12 106 114 133 137 17 68 8 139 49 86 120 59 3 141 126 105 2 40 150 107 5 23 27 37 46 108 66 9 69 123 80 58 94 24 11 93 36 140 145 29 15 39 77 129 130 117 47 88 83 91 103 32 118 4 100 44 70 52 87 127 78 142 62 148 43 122 99 144 67 124 92 38 146 121 113 143 111 31 35 19 84 13 26 131 28 33 102 128 116 1 109 149 48 132 71 89 45 7 98 21 85 110 30 76 95 10 20 125 64 56 41 63 72 6 
38 138 99 144 68 77 125 32 55 52 148 102 51 119 65 14 136 96 56 2 147 86 1 34 82 4 17 49 35 80 78 140 9 110 94 143 66 85 54 134 16 84 120 63 103 81 7 53 71 45 114 128 124 98 104 130 109 24 64 129 105 135 33 5 30 41 101 122 57 22 112 115 87 141 150 72 29 6 61 90 73 25 15 46 27 20 59 12 92 100 132 118 97 75 43 11 145 149 44 131 76 127 137 50 42 113 88 23 126 123 62 47 13 
93 69 36 89 58 97 92 67 54 6 112 91 103 61 79 78 60 96 1 133 120 150 31 49 140 76 35 29 131 7 87 39 95 18 17 9 50 28 5 30 116 42 38 85 88 84 138 80 19 132 113 148 82 81 101 37 111 20 16 10 107 127 11 73 51 94 47 137 12 139 44 128 102 114 146 130 119 3 68 43 26 141 124 23 32 53 110 135 90 57 145 143 22 70 126 74 134 8 71 104 86 121 2 40 122 108 52 105 56 83 
82 47 136 14 57 55 30 86 33 61 90 93 94 31 50 34 113 16 120 142 125 1 128 37 35 11 17 87 98 63 148 69 91 78 108 76 25 54 149 145 80 92 147 107 124 72 101 28 139 42 15 29 68 121 102 38 59 143 84 118 146 106 109 77 32 5 19 41 112 66 105 21 126 115 44 43 131 127 52 99 83 12 18 141 97 96 103 13 137 46 144 111 36 130 116 70 40 3 6 110 75 95 129 22 140 122 27 138 49 134 39 119 73 
28 32 150 90 37 65 82 39 18 2 35 134 107 41 137 104 54 149 71 111 144 105 102 99 77 17 81 94 44 138 9 147 15 98 75 113 10 131 124 43 143 110 145 97 3 84 55 129 20 136 6 128 80 50 14 42 33 12 74 31 52 70 123 38 25 45 130 34 100 4 11 22 141 146 21 96 93 121 60 27 92 66 48 91 120 115 58 133 86 40 85 16 78 13 148 36 30 59 56 116 62 46 29 118 88 108 126 
9 8 42 32 10 91 43 26 114 39 119 81 109 69 70 148 100 132 7 19 127 150 38 54 65 121 11 126 146 138 84 5 89 78 141 64 48 107 2 85 18 34 140 21 71 6 57 82 110 77 24 112 20 135 88 95 67 134 46 14 130 104 45 133 131 136 80 29 53 144 147 33 149 75 94 58 117 123 41 125 56 72 25 37 106 93 74 97 99 4 52 118 50 105 139 1 137 73 115 15 79 124 145 92 61 12 3 36 90 76 
124 80 148 87 130 70 113 102 72 1 92 8 44 98 100 4 88 120 135 96 104 150 127 66 93 50 67 91 115 140 114 56 40 20 30 90 121 58 53 49 57 76 16 107 12 123 128 5 15 146 65 68 64 74 7 31 60 129 99 36 79 27 32 42 22 78 21 29 132 47 122 126 137 134 106 55 35 85 33 9 34 25 45 147 136 145 83 24 71 125 138 118 82 69 94 149 97 86 139 19 10 18 
41 58 100 44 89 12 114 81 46 9 40 135 120 93 57 127 65 22 109 90 33 147 99 37 84 36 27 78 122 52 20 119 85 5 104 34 145 75 148 129 77 21 107 25 144 42 1 123 140 2 13 103 141 91 72 130 146 50 76 73 102 28 74 68 150 118 49 97 125 19 149 56 53 54 32 108 132 8 126 14 124 116 131 38 94 71 26 47 87 3 43 106 24 66 92 88 6 139 39 63 128 83 67 110 45 95 82 7 62 142 138 
86 63 112 95 108 149 111 80 43 24 137 61 99 72 37 64 22 75 78 77 71 16 83 121 39 48 20 27 8 101 105 144 130 143 134 124 150 118 138 117 1 92 15 116 141 29 122 51 109 146 132 106 17 120 53 129 30 147 58 128 81 40 3 10 113 23 102 79 36 32 127 90 103 85 119 69 84 91 47 52 42 13 68 110 19 38 44 94 26 5 31 93 123 28 18 2 55 25 148 11 14 133 136 142 12 62 82 56 98 35 
86 85 9 93 44 1 8 31 32 49 116 17 109 82 42 103 99 79 84 41 24 81 69 4 130 35 129 57 92 34 148 141 36 115 117 89 135 137 112 128 87 58 105 101 88 67 140 45 74 50 123 25 55 147 38 98 120 138 56 7 90 77 40 68 78 10 139 118 61 39 63 132 73 12 133 20 102 121 28 146 150 13 5 2 64 119 136 54 19 29 83 91 125 70 107 47 131 110 51 96 104 43 60 106 75 6 143 100 11 111 124 72 122 126 
48 85 100 99 97 112 145 34 68 12 4 88 147 50 102 143 81 26 137 9 57 84 69 131 53 62 78 144 127 36 82 124 117 128 119 42 64 20 114 134 140 111 126 38 10 149 136 49 28 91 5 43 13 21 109 116 86 23 55 122 2 110 32 75 106 18 56 15 41 73 129 63 66 118 7 125 93 96 98 14 8 44 142 3 148 40 47 108 92 89 105 113 19 59 104 46 90 103 79 70 135 123 132 52 130 
114 104 64 52 105 41 36 26 78 118 57 144 74 7 102 139 115 92 9 106 108 91 135 63 126 60 29 72 47 148 90 13 86 16 73 146 17 142 110 21 30 89 123 22 6 40 12 8 111 4 51 95 122 93 44 10 96 140 65 45 70 5 59 71 94 103 31 75 84 55 38 56 34 28 130 121 116 39 137 11 14 66 134 27 42 15 20 145 109 138 23 127 69 124 25 101 46 24 67 58 117 107 33 80 43 112 3 81 141 
146 33 20 118 121 127 139 65 94 6 5 93 38 1 149 77 83 85 148 42 37 128 111 99 36 131 104 143 7 89 96 113 141 62 46 76 13 31 98 123 57 129 45 132 105 72 59 50 18 34 35 41 68 79 66 52 63 124 9 43 137 144 150 67 60 84 133 22 126 90 14 87 71 97 145 29 73 27 102 122 86 101 75 56 100 136 109 88 44 11 120 107 53 80 130 55 40 95 119 112 116 125 70 103 142 8 26 3 115 
114 113 121 130 142 69 129 63 36 76 104 72 122 45 98 51 143 26 115 80 60 15 109 89 33 95 127 118 139 10 27 117 43 37 14 93 67 131 47 84 75 132 148 42 82 134 30 39 54 101 74 49 110 62 141 125 92 22 96 146 38 50 4 116 124 107 105 31 133 66 6 8 59 145 71 44 12 79 111 150 32 16 128 9 41 106 24 3 135 2 91 147 78 20 29 140 1 137 5 48 61 138 68 149 85 94 17 18 81 73 19 57 90 102 119 21 53 103 52 120 87 
138 63 40 109 123 103 27 116 62 143 65 5 10 146 137 119 55 84 130 107 9 85 33 8 25 29 132 69 47 122 2 20 15 57 115 104 4 99 64 112 7 141 150 95 58 31 100 24 21 102 88 111 1 105 11 131 23 127 68 38 37 16 121 73 28 125 101 45 32 42 22 97 113 79 17 76 106 96 108 86 50 36 128 148 6 80 82 61 133 48 56 46 117 59 139 110 81 75 34 35 13 44 147 140 70 98 43 
18 109 24 116 26 123 70 113 42 146 23 85 108 121 120 36 56 53 122 86 143 10 99 54 14 43 50 1 69 62 94 4 38 25 96 149 137 6 57 134 132 105 33 78 110 118 55 27 77 30 128 82 32 104 147 35 107 83 44 20 87 124 39 142 127 140 68 60 112 135 40 66 8 131 17 114 97 51 65 41 19 144 115 93 150 76 95 15 101 138 148 141 31 130 88 52 100 34 5 84 3 90 11 98 12 45 125 63 28 46 49 117 48 58 64 16 91 103 73 129 
145 44 18 32 140 30 20 132 28 133 59 137 77 124 71 147 72 2 99 29 64 95 60 130 55 96 116 47 67 131 97 11 82 123 13 70 144 120 37 48 9 25 102 107 41 31 122 16 39 81 66 125 90 52 111 6 79 19 115 114 7 121 43 46 134 91 148 143 119 5 106 3 54 21 87 110 17 38 92 36 51 69 89 45 105 68 113 4 83 56 50 42 129 80 108 126 34 101 62 104 14 58 138 76 53 
106 133 138 26 103 59 11 37 82 122 77 40 137 51 32 34 89 119 15 145 8 148 18 97 105 9 144 45 42 7 56 79 108 66 21 76 115 61 1 134 55 3 101 62 47 2 111 109 142 36 86 85 23 120 116 102 112 131 113 84 135 117 49 139 44 29 107 95 147 80 121 48 31 13 98 20 43 63 78 46 127 27 53 124 70 33 126 93 125 14 54 94 50 30 130 24 146 64 88 81 16 12 90 10 92 141 19 132 41 150 87 17 104 68 25 123 5 
64 128 129 108 41 32 16 47 101 120 5 58 21 97 100 52 106 80 99 45 14 114 70 141 118 25 49 83 1 39 15 104 103 88 10 77 113 130 112 48 92 36 86 61 90 71 78 66 55 150 132 20 79 11 93 30 95 135 56 133 65 81 38 9 145 143 18 82 68 121 69 37 134 62 26 116 13 119 117 126 31 115 42 35 3 111 89 60 7 67 43 137 19 87 147 34 2 109 17 142 44 96 144 51 29 33 54 122 76 4 
47 75 26 49 146 14 34 115 112 98 131 141 130 88 100 122 58 44 63 40 101 60 69 107 64 133 46 62 103 125 22 127 3 38 42 5 78 50 17 2 90 54 99 13 139 134 48 110 149 74 16 12 72 20 57 6 81 143 8 118 84 51 124 31 36 53 147 70 19 104 144 126 59 55 35 121 102 45 28 18 24 116 21 25 106 41 92 105 91 120 73 29 150 123 71 37 56 79 23 11 136 128 135 119 111 145 
116 64 36 69 9 92 42 93 58 109 83 81 2 73 130 114 113 30 135 54 128 98 146 136 99 7 129 103 20 143 17 91 72 37 33 120 31 126 148 144 105 118 110 3 100 13 75 147 101 86 48 4 74 65 133 138 8 124 43 108 18 94 125 27 61 10 12 53 145 19 49 87 28 11 5 80 21 111 78 25 97 106 32 16 41 134 6 44 57 122 50 139 45 90 150 127 47 38 14 62 123 131 95 60 66 55 52 35 1 39 149 82 
72 95 57 70 121 51 49 102 35 41 42 124 12 65 56 29 84 136 46 141 10 44 132 129 85 67 107 88 108 39 3 31 19 47 18 75 15 125 90 130 55 97 37 139 74 104 110 89 128 147 63 62 137 53 94 116 7 61 30 38 146 106 145 11 17 77 91 5 40 142 81 118 117 13 123 143 4 26 68 23 133 24 140 8 101 6 16 48 60 111 86 150 59 148 27 52 112 80 66 105 25 64 20 126 21 127 79 33 149 93 144 9 98 58 100 28 76 113 
6 127 104 115 48 102 82 133 98 103 149 55 29 63 46 67 138 80 137 129 21 88 81 93 38 132 141 15 62 99 146 26 73 113 117 123 37 3 11 145 47 22 44 27 5 150 125 43 54 107 25 114 128 34 41 148 142 65 4 12 100 85 139 105 71 52 134 147 69 76 14 59 40 95 7 70 130 140 28 20 135 110 13 131 16 121 101 17 8 66 109 86 126 90 89 35 32 78 106 23 122 108 75 143 33 51 83 124 74 18 92 
130 148 62 124 45 31 120 150 143 30 87 113 38 102 20 75 122 65 17 111 94 103 145 48 81 13 144 142 78 1 6 110 85 8 82 68 46 100 93 35 47 49 131 53 18 59 101 118 104 135 63 77 69 79 60 52 133 89 32 146 117 125 41 7 140 37 119 73 149 137 134 109 54 99 58 88 114 91 71 128 27 138 70 86 36 136 56 12 123 3 147 43 57 84 55 42 139 90 40 4 141 126 132 121 115 44 116 61 105 112 22 74 107 129 24 33 26 11 
80 89 22 38 134 79 87 7 24 17 118 64 145 73 86 146 94 67 102 117 74 27 96 103 140 75 130 127 83 107 113 8 10 62 124 136 43 85 15 40 132 111 35 137 14 76 51 133 12 135 19 30 66 39 58 61 91 42 4 116 126 110 25 93 115 49 37 21 109 16 33 23 141 20 123 128 29 119 147 105 31 46 120 55 1 101 97 9 59 65 32 99 77 52 148 5 6 122 84 3 70 44 138 68 56 112 88 78 71 90 144 53 
59 54 117 51 114 58 145 108 61 75 21 80 109 130 56 15 44 49 148 14 37 119 104 1 23 131 42 5 2 110 107 29 45 99 122 98 86 120 97 13 27 10 123 126 96 142 65 63 134 36 91 47 24 40 106 62 149 101 87 103 3 85 100 22 150 84 88 50 60 6 128 83 31 90 73 19 35 52 48 77 147 32 121 141 18 12 8 72 25 136 95 38 129 67 74 127 133 89 66 70 79 64 20 46 71 
36 30 26 16 133 79 122 11 138 113 99 41 128 125 21 12 72 75 150 81 13 15 147 137 103 119 19 69 40 90 102 33 8 82 65 145 143 66 43 37 1 107 141 134 126 132 25 59 131 53 88 109 95 39 124 116 127 77 14 84 38 97 101 46 45 85 2 148 142 111 57 123 5 115 48 73 42 149 24 110 9 64 91 51 6 100 34 27 23 60 136 139 18 87 140 50 98 63 20 92 106 47 120 108 118 10 105 
76 115 57 49 134 114 140 64 117 61 99 19 7 65 68 142 78 31 82 30 4 60 59 17 98 8 127 86 104 33 45 109 42 67 91 3 22 62 5 80 43 141 2 97 39 13 138 54 11 66 137 53 44 108 58 122 101 131 133 23 72 136 90 89 46 112 28 139 26 71 50 145 1 107 85 37 69 74 116 55 95 70 106 48 29 21 35 121 130 47 129 83 51 110 120 40 27 103 6 81 96 148 18 113 124 135 41 24 
1 83 112 19 48 25 128 12 58 140 138 102 70 78 30 106 45 22 49 8 109 63 95 71 114 132 57 136 17 105 81 91 52 150 61 29 143 67 122 125 93 115 118 119 92 65 43 98 88 111 79 134 126 104 51 20 66 56 94 16 116 2 139 127 84 120 47 123 62 86 135 110 14 99 113 69 96 53 108 44 9 3 89 59 13 15 97 72 11 121 42 80 55 147 23 39 87 7 31 82 10 74 137 4 5 64 35 
8 129 54 45 57 78 87 15 72 115 17 46 49 133 66 142 121 111 24 41 94 22 52 141 58 132 32 107 35 123 80 5 145 61 127 100 85 92 50 56 114 105 113 99 106 14 59 139 27 102 81 122 128 146 82 109 3 125 116 79 84 140 120 68 75 147 77 26 51 63 13 149 40 131 91 60 11 119 150 137 34 19 16 65 20 117 44 143 67 33 37 89 21 74 104 71 2 1 43 9 18 88 95 48 112 148 69 98 7 135 101 144 39 36 136 
73 103 110 146 92 102 72 34 37 88 2 122 64 119 124 45 66 109 39 74 142 101 1 14 47 133 116 106 91 128 111 54 129 75 3 96 42 31 8 17 58 108 38 94 59 134 89 70 90 57 86 48 19 120 24 49 138 81 104 21 5 125 82 10 114 30 147 46 139 27 141 80 4 83 77 127 23 117 36 85 145 63 107 144 32 97 115 150 55 118 44 69 121 123 136 105 20 35 95 16 112 18 52 98 60 51 25 
144 80 118 51 44 119 131 8 87 42 89 17 75 123 39 50 23 59 5 126 64 10 16 62 136 116 121 47 43 2 143 127 34 140 135 49 33 3 22 74 45 66 82 4 132 133 76 58 108 138 37 115 86 79 31 83 24 139 63 28 100 40 61 11 69 41 35 57 141 6 26 145 106 18 56 14 93 94 20 98 142 97 122 29 117 71 134 96 32 9 107 78 81 150 12 124 125 130 146 72 85 102 148 67 105 53 147 109 104 103 114 15 46 52 
138 149 129 132 30 50 117 23 14 17 69 86 115 3 125 29 57 105 74 123 67 104 143 94 34 135 95 26 35 13 150 90 8 79 145 33 87 126 38 9 1 133 116 39 43 19 141 134 22 5 82 110 102 107 7 103 78 128 84 80 66 70 101 59 21 62 16 18 68 131 53 137 85 139 48 12 11 37 25 99 113 136 6 88 73 127 120 4 44 46 47 100 108 81 2 96 15 146 75 122 36 111 42 93 106 64 
100 84 134 149 80 10 35 68 142 28 79 25 64 82 89 15 103 72 26 128 143 125 8 74 138 87 129 36 122 145 13 106 9 2 126 29 11 93 133 30 77 135 43 116 54 123 61 108 62 59 27 114 40 150 66 31 21 4 52 41 110 115 98 37 117 136 42 96 146 51 22 69 83 132 97 119 58 78 3 16 67 107 48 50 91 56 12 70 17 139 148 131 1 102 63 120 53 99 60 32 140 95 6 23 109 14 111 73 121 75 124 65 137 45 34 101 49 81 104 141 105 76 5 
57 133 82 138 39 87 128 19 60 29 66 141 97 109 90 49 61 122 106 30 149 20 25 51 10 113 16 94 92 101 38 139 47 115 67 120 98 85 78 132 150 8 148 56 73 2 5 31 86 65 127 84 121 33 63 114 35 24 117 143 140 54 118 70 46 3 80 62 77 123 68 119 130 72 34 112 32 1 43 64 103 110 111 93 129 18 125 9 4 45 105 137 81 131 76 55 99 14 23 40 44 83 37 124 53 17 22 147 59 42 136 146 
143 56 4 16 87 96 46 76 93 132 8 54 98 14 137 141 114 85 120 65 57 55 103 79 149 28 59 49 25 138 110 126 18 6 60 106 74 102 31 75 44 19 37 142 135 100 52 40 22 27 64 134 146 140 144 70 39 58 128 66 67 86 139 122 115 11 73 91 109 48 113 42 117 15 12 62 130 68 10 61 1 136 77 107 32 17 26 9 150 105 3 131 63 29 50 121 95 53 24 99 34 47 125 147 51 2 38 83 
131 15 133 143 88 21 102 14 45 118 20 150 114 123 72 50 130 38 66 62 96 100 110 57 141 59 47 109 91 64 60 128 28 44 140 55 116 147 103 95 23 63 78 92 89 77 124 3 29 9 12 146 18 49 80 69 19 43 37 106 145 149 30 16 1 79 34 6 68 85 75 104 105 115 41 24 112 5 33 31 11 113 7 56 122 52 81 99 40 48 53 67 65 10 138 117 90 46 108 39 61 135 144 120 74 2 32 70 129 
60 22 33 72 65 5 4 121 143 127 124 102 11 59 116 120 142 29 149 147 77 8 108 14 139 88 115 6 135 54 34 46 49 61 74 144 47 117 112 3 68 81 148 18 35 16 62 110 39 70 27 17 126 86 64 125 32 2 57 130 48 19 107 26 23 134 101 58 15 89 114 52 87 40 133 56 41 123 118 45 145 20 7 36 43 85 138 51 28 99 104 24 106 122 12 137 146 150 63 132 136 1 131 78 129 80 91 30 69 
150 78 105 70 74 11 106 15 24 12 40 2 93 31 51 59 99 92 10 37 109 122 86 83 20 146 50 137 60 133 6 134 53 103 8 111 104 85 33 1 43 136 30 124 147 48 45 140 34 54 139 55 119 145 44 35 131 27 100 36 79 65 46 84 25 132 128 142 110 90 127 82 107 73 23 121 143 149 18 77 75 69 19 148 13 71 89 112 72 26 21 114 115 125 57 101 117 62 87 141 22 97 9 68 120 4 42 96 3 129 144 98 5 56 64 41 
119 75 135 107 148 126 93 70 132 116 35 26 84 36 142 125 145 69 63 122 110 9 98 66 48 121 100 1 20 55 51 68 3 72 106 141 39 25 71 34 15 67 97 21 47 23 104 101 56 19 13 8 95 114 44 103 49 147 82 58 4 89 16 146 130 81 92 87 138 115 29 144 11 111 137 10 90 85 117 149 123 60 41 124 120 18 150 61 113 88 108 22 118 2 129 136 73 12 105 5 59 50 
77 64 85 91 149 51 7 19 14 37 78 84 102 71 39 30 25 107 10 55 124 29 8 90 127 101 110 99 18 95 133 20 1 146 75 130 138 129 62 33 67 53 52 88 74 23 31 21 17 125 72 98 24 45 58 150 140 50 118 128 143 9 22 28 145 61 111 60 38 136 13 47 46 54 15 105 96 106 63 126 59 69 134 81 11 131 132 87 116 12 40 82 83 41 109 120 56 4 73 112 117 44 148 141 6 103 27 
58 122 100 141 8 146 149 56 123 45 142 33 11 63 78 53 99 117 28 61 14 145 103 55 106 17 85 15 138 12 76 131 20 70 120 26 129 133 3 29 127 90 95 10 71 1 54 140 107 69 66 125 126 91 23 44 83 34 77 136 36 60 72 38 130 87 116 65 40 48 5 109 6 124 108 97 112 96 147 134 110 18 105 31 82 101 32 7 30 104 86 21 79 57 52 49 51 42 84 121 150 19 118 74 119 92 50 67 88 
81 8 123 135 144 24 51 97 93 95 65 127 73 124 115 11 42 132 91 142 16 92 133 14 90 27 56 84 131 45 101 103 18 120 130 83 140 20 72 148 109 58 86 12 40 25 75 17 126 15 52 23 89 31 113 39 128 106 107 114 104 64 30 63 10 62 1 119 141 80 139 82 6 57 43 85 136 112 41 71 67 147 66 22 29 35 60 2 121 98 79 77 55 150 61 100 3 105 138 33 76 69 94 134 125 36 48 122 
69 122 143 56 98 20 72 8 109 42 80 89 49 102 9 10 106 140 33 24 58 29 67 17 53 136 61 130 101 116 147 55 138 108 82 117 79 95 76 5 90 129 149 92 132 64 22 113 83 139 103 115 26 71 150 75 141 46 78 146 19 118 142 57 88 15 38 112 23 104 11 45 133 1 16 145 35 34 18 119 99 96 120 93 25 124 110 54 31 135 86 37 43 111 63 77 32 66 7 148 30 137 62 50 134 47 
13 126 90 28 4 70 142 95 79 48 37 26 31 22 72 137 141 12 89 127 30 78 51 73 75 69 86 77 6 91 68 125 96 18 19 8 3 9 5 123 36 11 100 120 108 20 102 147 118 44 10 94 80 35 109 113 45 87 55 97 59 29 66 132 16 65 34 76 99 130 144 32 23 57 40 106 82 145 131 50 135 1 112 74 140 115 146 60 105 24 58 83 124 110 17 71 98 15 139 107 54 43 133 84 39 129 148 25 81 116 7 134 38 
94 150 64 1 100 79 104 118 22 40 92 90 76 117 133 146 12 143 31 71 144 147 11 20 130 145 63 36 132 78 105 103 128 49 74 83 3 21 86 67 57 60 37 108 6 115 16 26 48 137 69 50 33 9 13 89 27 23 106 56 80 135 24 134 14 38 73 61 113 65 43 127 124 29 5 42 121 97 70 119 141 116 51 149 85 111 126 101 7 2 45 81 139 88 52 138 148 53 66 15 120 131 59 55 136 68 47 19 87 10 93 58 46 107 
108 33 123 89 59 131 100 90 91 58 19 99 118 48 20 107 125 5 87 70 84 126 98 37 17 80 132 144 26 133 35 32 75 44 113 96 55 46 150 4 83 88 148 97 112 24 114 93 82 21 74 149 36 47 25 27 29 41 68 71 6 76 50 11 65 51 38 67 66 64 115 145 52 136 105 81 1 134 124 122 146 60 40 135 143 45 10 57 79 72 69 117 142 139 34 56 109 95 116 9 106 102 92 31 39 111 110 13 130 77 54 42 138 43 
75 122 71 131 149 136 78 139 8 36 52 46 68 72 17 88 129 112 132 3 146 16 12 55 126 125 30 93 56 39 66 5 53 86 141 82 87 80 98 40 24 58 148 73 25 134 76 74 35 28 90 133 54 4 61 89 23 105 43 2 115 79 45 18 123 7 113 147 114 70 111 42 128 138 14 85 130 32 29 106 48 63 110 27 102 99 96 49 15 9 108 64 62 127 94 6 69 121 142 135 116 95 109 100 119 41 50 84 44 144 59 67 22 107 
138 81 76 145 7 132 77 37 23 78 137 117 16 38 79 88 39 59 96 80 150 51 29 101 102 15 89 131 14 135 72 49 143 136 119 74 34 111 11 21 91 104 85 24 107 40 108 54 109 126 43 127 25 93 83 17 118 125 146 99 57 3 87 62 44 48 32 144 19 58 67 128 122 142 56 65 73 69 27 115 103 106 22 134 53 90 61 123 68 6 133 52 148 36 92 98 60 95 116 35 2 113 47 86 31 147 112 66 55 70 71 97 10 120 
82 98 66 57 132 41 9 116 142 20 122 76 114 60 24 144 115 8 93 15 99 91 102 90 48 16 62 73 79 74 68 45 22 34 100 31 125 129 44 30 111 101 97 87 3 11 28 104 84 55 139 113 88 40 35 148 92 12 120 127 133 65 70 21 96 83 134 36 137 10 94 95 71 26 23 146 13 32 103 147 130 37 145 67 112 6 1 85 2 117 105 86 110 78 17 63 5 119 143 42 149 109 53 25 118 136 18 77 64 75 89 135 
3 42 83 51 81 52 27 36 145 9 141 95 143 111 76 113 150 32 131 15 20 140 89 21 128 80 59 124 23 102 112 105 126 48 54 46 129 86 73 94 53 84 98 29 135 50 96 2 147 71 117 87 104 79 47 134 12 44 138 108 133 45 37 17 40 142 38 49 123 60 72 61 62 137 120 99 92 88 114 4 64 63 6 103 18 121 57 101 118 122 66 69 119 97 31 1 68 74 90 127 82 13 78 70 28 115 10 16 149 
32 64 72 55 139 148 126 33 114 79 71 125 73 89 94 90 150 144 102 67 137 36 31 30 5 100 61 77 44 87 103 28 38 85 113 20 19 115 104 68 128 84 34 74 147 122 120 53 93 140 112 142 48 123 40 56 136 17 18 46 116 130 107 98 41 1 42 146 43 39 59 88 78 45 21 109 83 65 11 22 145 52 51 127 50 75 25 82 9 143 3 24 57 60 4 37 29 141 119 101 16 10 105 96 
36 52 75 103 74 29 16 104 28 112 146 106 77 108 5 47 115 71 122 14 27 139 80 44 121 144 84 32 13 86 133 130 90 43 53 147 31 98 100 9 17 45 97 64 39 105 6 66 87 118 25 138 131 125 23 65 37 141 12 8 79 126 49 82 116 145 110 149 1 58 35 92 83 134 15 95 72 99 62 3 136 113 69 114 55 50 67 54 101 24 42 30 11 129 48 20 33 70 150 60 19 148 135 137 117 40 4 68 119 81 56 57 91 21 10 124 127 85 26 2 142 132 41 93 88 
27 81 96 59 143 120 129 139 97 125 10 3 64 77 103 124 135 18 123 16 117 149 148 83 91 115 68 79 24 43 104 111 144 84 39 122 12 137 46 94 47 30 37 78 114 140 54 20 116 23 45 112 51 73 49 90 5 118 106 101 128 4 145 15 85 100 17 26 93 42 80 11 19 8 126 7 130 32 71 89 38 36 70 113 48 61 67 2 57 53 50 98 95 60 109 87 82 14 33 72 141 31 65 66 6 119 92 147 58 76 34 134 62 55 
90 107 150 69 20 120 2 83 116 27 81 14 30 140 86 44 24 85 78 22 124 39 15 4 104 57 23 19 122 131 100 148 26 55 65 89 113 133 77 53 114 60 144 73 50 75 9 70 3 35 12 32 139 5 71 96 126 128 25 129 119 49 130 76 66 54 102 17 18 149 115 87 21 33 138 103 112 67 74 145 135 95 106 143 105 61 1 10 97 132 45 118 8 142 59 40 34 121 80 6 125 68 110 146 38 7 36 91 
86 124 58 142 24 17 71 129 47 113 59 30 94 10 107 87 52 117 65 31 54 108 21 136 91 16 12 32 140 34 103 116 110 66 101 80 67 131 148 119 23 143 7 56 120 75 141 78 68 3 4 146 76 97 85 105 137 53 121 29 20 114 72 111 74 81 149 49 123 138 62 27 48 109 28 44 37 41 104 106 35 125 93 100 134 38 40 46 2 99 133 135 9 69 115 95 98 147 84 14 144 26 150 60 6 
72 12 53 61 121 115 96 140 22 136 111 132 3 114 120 112 149 54 85 143 21 65 57 25 148 110 103 39 100 26 145 106 14 15 48 32 5 69 24 134 33 92 80 46 60 27 122 77 11 6 7 73 139 141 79 74 59 129 35 135 67 142 89 147 55 63 108 107 9 47 31 130 19 137 126 78 49 38 105 109 16 133 2 45 116 124 127 52 42 101 144 58 81 4 30 125 70 102 50 104 86 75 146 91 93 51 71 117 83 150 36 99 44 84 
59 150 10 77 96 126 64 25 39 72 108 13 55 93 27 37 33 142 51 79 6 132 67 141 133 95 80 58 94 32 52 84 11 112 15 82 29 22 85 138 115 9 63 43 146 129 87 54 73 127 56 143 125 41 88 50 5 110 1 120 14 28 90 44 103 145 130 149 92 49 70 124 99 62 109 36 46 75 45 107 26 137 86 42 18 113 31 57 116 34 131 3 91 38 68 19 104 111 144 8 106 148 
113 150 88 114 87 101 144 147 63 49 1 106 91 68 121 120 47 83 41 99 35 9 8 108 72 16 111 51 148 129 74 128 92 54 109 95 102 60 18 6 112 84 58 19 86 71 46 73 23 34 126 45 131 100 90 50 79 40 55 103 13 141 20 76 7 53 42 32 28 110 24 17 145 132 26 66 96 22 70 75 105 3 93 137 127 146 123 119 122 29 25 89 62 44 5 85 80 130 81 104 36 107 94 116 69 61 
133 31 20 111 72 33 93 141 77 36 147 27 139 32 23 68 6 127 110 119 52 128 14 97 86 124 101 76 78 65 61 28 71 19 129 84 137 122 15 40 81 102 39 3 125 138 96 148 5 80 59 94 130 50 57 85 146 24 4 45 30 145 89 121 112 26 123 51 47 87 67 144 135 21 34 60 75 88 115 73 41 142 12 69 10 54 113 100 22 104 90 46 109 114 83 35 106 143 37 53 29 64 105 131 48 42 66 132 108 98 103 134 1 70 8 16 9 117 17 74 
7 15 48 74 2 143 92 116 96 10 88 135 124 22 110 26 118 38 66 106 36 80 79 50 70 45 128 136 56 24 126 51 65 98 54 32 94 81 40 44 130 89 33 53 75 67 137 90 11 3 5 139 37 68 17 9 102 138 133 113 35 122 41 112 123 62 91 84 93 121 12 148 97 140 109 86 57 103 39 87 18 71 16 43 42 134 100 23 142 82 72 25 105 95 125 21 78 28 6 120 127 55 107 46 
75 45 41 141 128 25 121 36 56 140 38 76 87 21 145 102 70 147 119 58 68 23 101 9 15 134 55 96 66 100 106 149 135 33 107 150 62 67 1 7 91 94 53 132 148 44 146 46 117 77 28 69 81 80 98 65 83 110 39 97 137 129 105 8 12 133 49 2 85 125 143 47 32 43 78 127 139 60 126 93 63 109 72 4 138 35 122 51 64 88 57 111 120 103 61 14 6 31 130 54 
15 58 22 104 62 59 74 38 67 81 126 150 42 32 130 10 85 128 48 131 18 73 138 90 9 121 6 86 109 122 106 115 83 3 135 140 8 71 66 143 87 108 124 112 75 20 88 30 47 99 65 53 100 31 14 16 28 111 25 118 56 95 23 96 64 11 107 39 37 110 17 43 46 98 129 50 137 80 12 105 33 82 45 49 35 147 21 70 76 141 145 36 102 69 55 19 91 125 52 60 116 146 123 44 
129 102 25 81 27 95 147 16 46 118 113 45 1 60 57 73 9 83 37 84 138 50 137 132 7 17 12 75 13 38 39 76 63 111 65 10 77 61 59 96 20 145 112 34 51 92 35 82 47 43 150 106 72 31 128 55 58 99 93 100 23 22 140 18 64 135 97 21 115 126 90 4 70 94 66 26 85 48 40 86 101 91 33 141 105 125 124 114 143 3 69 110 122 130 36 80 8 87 131 56 49 14 54 98 139 136 30 89 2 19 133 107 142 6 108 117 74 
6 134 16 86 11 142 59 9 129 21 140 73 96 91 148 98 34 127 62 84 74 7 125 144 61 139 23 75 69 55 111 95 37 57 104 150 143 149 113 20 1 35 94 145 87 72 40 82 71 119 109 63 2 4 49 116 76 70 32 112 92 25 122 19 46 28 3 88 24 117 136 107 146 68 132 45 17 80 85 60 52 44 66 130 10 29 22 118 65 102 131 141 38 27 78 115 48 54 15 5 90 147 8 18 26 51 13 33 79 128 12 99 30 
124 107 6 143 81 144 52 140 111 32 28 90 92 18 68 43 118 20 108 44 55 59 48 42 30 98 66 2 87 15 89 145 65 80 150 54 73 139 40 130 70 37 121 23 96 74 105 99 125 104 72 8 86 10 47 93 4 57 53 39 77 135 120 106 132 76 119 100 83 64 60 45 141 103 115 113 127 149 79 31 12 116 91 110 109 82 22 25 88 147 21 5 69 58 117 67 13 94 41 27 75 137 71 129 56 1 84 95 63 51 85 148 34 
143 81 130 89 78 43 23 55 12 105 16 149 19 131 30 40 7 128 73 21 116 91 29 148 17 107 141 25 8 64 150 142 45 98 124 39 88 37 82 47 137 56 135 65 49 85 93 140 74 58 67 108 44 53 104 36 80 83 35 145 87 101 99 90 11 32 5 20 34 79 62 112 147 68 46 6 96 76 10 69 119 63 1 110 33 133 117 50 61 3 57 9 51 77 2 72 66 126 134 115 94 54 127 71 52 86 27 103 14 28 22 
36 29 3 81 136 37 26 135 103 53 111 101 14 90 93 61 110 18 98 130 100 33 2 122 70 20 31 123 56 88 5 58 149 128 45 147 126 51 67 143 112 63 7 72 132 78 39 69 16 120 107 79 137 114 28 76 54 97 65 117 1 74 13 127 142 129 62 116 73 140 96 44 91 46 109 84 99 17 64 19 87 11 25 23 24 119 41 68 139 95 40 66 146 134 150 59 145 144 32 148 138 57 80 94 131 30 125 60 43 113 49 52 55 8 77 22 48 47 102 83 9 
140 18 6 120 14 49 62 98 127 92 23 15 26 29 128 48 28 24 22 31 105 12 41 33 86 131 37 114 142 60 99 108 2 66 94 132 91 69 137 30 104 78 113 44 118 101 139 106 34 109 19 121 144 35 72 13 135 95 111 141 32 116 80 25 97 42 103 129 119 74 96 79 55 124 4 87 88 77 112 45 57 47 54 110 126 122 38 64 150 63 85 138 117 36 73 21 53 89 67 11 5 76 58 20 83 70 149 50 130 3 136 71 39 8 90 
69 39 37 139 41 73 14 110 120 92 62 29 99 78 83 104 60 80 32 76 16 48 113 142 17 5 1 38 88 117 107 12 97 123 67 82 13 7 79 109 111 63 46 64 138 114 137 10 94 3 31 58 19 101 22 115 133 148 127 51 11 150 77 20 15 25 81 54 128 131 74 23 143 42 105 130 40 134 30 118 98 96 44 59 124 103 119 47 108 75 85 27 49 136 125 68 66 57 53 90 61 144 102 89 147 
88 85 63 9 107 58 121 150 134 86 108 8 106 53 15 1 131 149 87 124 136 11 81 22 54 95 98 6 74 38 35 72 101 143 97 57 148 133 78 43 116 130 113 64 117 24 76 65 4 114 99 68 70 5 123 59 34 51 77 84 55 118 60 33 139 44 10 91 89 18 105 94 17 71 67 82 3 83 45 56 125 79 19 137 69 29 102 7 145 13 142 115 109 2 146 37 25 42 144 62 52 132 126 104 122 46 140 
92 42 120 34 53 77 110 21 131 99 45 72 136 116 52 51 149 48 102 38 11 85 95 86 6 61 126 83 117 119 20 59 23 15 58 28 134 31 2 64 63 130 25 148 30 133 97 78 71 67 66 43 5 16 60 87 121 32 10 142 76 13 4 93 12 143 123 147 139 9 49 55 111 40 90 91 3 79 18 129 1 145 14 36 125 19 29 24 135 124 144 70 82 140 27 115 35 107 89 80 65 137 118 33 75 8 69 81 41 46 56 57 105 108 104 
87 32 97 90 34 30 60 5 80 137 44 39 29 28 51 128 70 125 124 95 86 106 7 120 8 63 101 91 61 147 72 23 84 150 109 138 146 116 110 21 49 33 114 35 77 64 67 78 50 107 66 40 136 111 119 52 25 94 4 93 79 134 118 41 121 16 104 65 100 89 82 55 3 115 98 149 19 57 12 11 96 131 54 75 142 58 47 43 73 113 46 15 69 56 1 132 14 36 17 141 13 112 122 53 48 
106 77 145 20 40 53 139 99 62 125 81 121 73 92 116 108 127 137 144 5 123 131 55 33 109 134 78 101 72 147 51 150 118 74 98 28 76 15 136 35 11 60 18 120 88 70 140 58 82 66 9 46 52 124 64 6 38 133 19 126 47 96 59 48 135 14 122 138 100 2 97 94 111 49 7 75 68 42 27 17 13 113 22 23 50 104 44 69 110 34 10 21 148 43 67 80 115 32 61 117 57 114 128 91 143 71 63 84 142 65 26 25 56 146 3 39 102 79 45 103 141 31 93 119 
129 32 130 83 80 141 146 67 139 71 31 84 6 148 23 26 35 39 103 138 36 99 82 69 134 64 72 16 20 116 25 38 50 27 145 120 126 61 97 48 13 127 93 5 18 60 101 92 62 114 42 77 58 44 112 91 66 94 124 56 88 19 79 4 74 70 89 123 98 133 132 140 111 11 73 136 115 121 22 8 143 54 86 1 142 15 12 52 128 125 90 102 14 53 107 150 95 49 29 76 149 57 55 104 109 119 33 105 59 137 21 
147 43 95 3 9 7 58 8 99 30 6 63 92 5 49 122 31 24 88 133 150 144 91 149 89 121 46 145 81 57 104 71 140 50 15 127 10 37 100 70 32 25 139 105 66 116 28 27 36 56 106 124 17 52 26 38 131 137 42 51 67 62 118 90 20 74 115 94 41 96 65 138 125 97 53 143 148 39 29 103 78 129 34 113 79 48 69 33 19 75 111 85 86 109 59 114 134 23 120 21 101 2 102 142 64 80 72 73 16 83 18 45 
26 25 79 75 21 48 44 54 135 106 149 41 103 126 69 95 34 132 22 28 40 37 14 104 148 35 19 105 131 117 77 61 137 109 65 113 76 82 3 100 83 87 81 57 128 71 20 51 9 4 46 93 6 24 102 116 139 5 97 111 27 74 10 8 50 38 107 150 130 43 134 112 18 53 89 145 101 118 11 16 17 33 62 91 123 127 140 90 2 45 1 78 144 99 70 55 114 146 88 80 59 42 52 94 73 13 66 120 98 84 86 
102 104 1 73 13 132 55 112 54 101 87 118 24 83 80 110 36 50 72 133 75 39 140 32 145 121 62 43 6 117 37 40 127 22 90 98 123 57 8 51 28 17 53 9 77 79 11 103 44 67 136 131 88 81 63 2 4 25 82 74 150 19 130 27 141 89 143 48 128 20 105 58 29 68 137 52 95 109 14 146 144 33 3 15 94 59 35 126 100 41 16 107 61 76 92 65 124 85 138 5 97 49 45 135 149 99 70 113 129 142 60 56 30 10 21 116 106 18 84 
85 134 59 119 80 53 24 141 42 76 105 92 74 102 75 7 54 101 150 140 21 39 112 79 123 49 19 40 107 103 133 109 99 70 118 67 148 120 138 111 136 124 25 38 15 147 125 66 94 68 44 117 100 30 62 104 137 37 11 23 64 113 27 16 146 6 58 128 33 122 90 22 130 93 41 32 89 72 35 50 17 86 106 26 96 8 116 149 143 81 36 3 110 51 9 13 84 88 46 14 29 12 56 77 48 145 28 63 
10 30 41 99 113 82 138 87 28 85 32 86 2 150 128 95 46 4 13 63 6 97 89 125 15 14 66 117 54 51 77 53 18 143 145 103 121 80 9 50 120 81 22 60 139 104 12 35 126 134 52 90 7 19 23 62 48 11 3 17 43 124 129 61 127 47 91 67 1 149 106 141 102 88 131 49 147 65 55 142 40 34 84 135 105 58 69 96 31 98 29 92 76 26 42 38 78 148 33 8 144 130 100 24 27 94 146 108 112 140 109 83 5 
90 58 10 83 139 6 79 23 42 24 81 146 67 96 140 94 147 120 130 78 70 80 61 3 68 95 49 72 116 127 45 39 9 91 57 15 19 28 112 129 34 55 132 106 117 71 63 85 133 56 73 92 150 32 40 102 27 69 108 2 126 65 66 16 8 131 4 52 144 149 5 141 18 84 107 30 122 86 38 75 100 118 47 13 119 134 22 60 59 26 114 33 74 89 35 48 138 135 113 105 36 115 124 11 62 101 143 125 1 43 109 29 128 123 17 110 
131 104 140 141 33 62 70 16 73 114 12 145 147 148 99 97 150 111 66 88 107 118 102 100 63 31 41 15 125 103 84 39 94 80 28 21 137 149 58 93 132 45 22 54 112 134 65 49 119 90 68 48 72 91 46 5 30 51 120 109 83 130 77 44 143 96 116 13 81 71 19 60 29 105 92 27 18 25 126 35 32 135 117 50 4 64 8 85 1 56 79 74 2 59 43 10 144 124 53 34 129 17 40 7 6 20 61 98 87 89 136 
118 21 126 79 148 110 137 113 36 9 60 95 128 133 146 131 136 99 149 104 116 57 86 117 55 90 106 124 63 94 89 78 59 87 26 29 28 4 38 142 147 43 69 84 127 62 132 145 52 33 80 8 32 15 49 76 120 109 111 16 30 121 74 18 17 122 66 11 102 77 141 5 130 125 88 35 41 92 56 83 12 68 103 48 46 23 91 71 101 70 31 100 64 108 54 85 22 150 143 10 3 20 45 6 37 
101 64 111 29 11 143 22 48 95 80 63 133 60 131 130 97 36 150 67 93 84 138 135 8 7 99 13 121 39 59 35 31 107 110 16 125 78 40 6 26 1 144 54 112 136 137 68 34 55 20 47 81 56 134 146 19 38 119 120 62 85 124 32 57 113 118 71 30 88 17 83 27 5 86 79 58 12 90 123 66 37 132 42 98 4 73 72 91 15 108 128 43 53 49 92 10 122 117 21 44 100 24 70 127 33 25 
33 93 60 64 8 150 27 30 122 12 138 102 144 70 24 23 57 3 53 43 113 115 137 101 1 110 92 75 72 108 83 7 47 125 13 81 88 114 18 90 41 142 49 109 32 143 10 82 36 99 21 59 6 118 20 136 131 66 62 116 98 97 149 123 19 104 26 120 28 71 50 139 96 2 80 56 25 45 121 79 69 58 61 31 86 42 129 65 147 74 39 130 134 16 52 89 100 68 135 91 119 146 84 107 34 78 87 112 37 44 95 54 11 76 
87 27 123 47 55 113 7 94 82 127 144 20 106 90 67 128 88 37 124 9 41 56 147 130 17 78 84 50 83 18 129 105 98 79 42 5 31 141 116 8 101 40 14 125 126 70 104 107 52 48 75 109 28 132 3 43 2 69 99 65 12 22 120 72 39 134 35 86 60 95 131 32 53 33 121 29 114 136 68 100 15 96 150 21 111 139 45 103 148 24 51 92 54 34 108 74 13 23 112 64 57 117 30 25 16 80 46 49 
111 107 122 106 108 128 23 83 11 95 58 135 149 41 138 40 54 102 39 117 66 89 50 126 75 136 20 67 48 72 51 110 100 79 59 31 85 131 5 78 134 92 76 103 119 144 120 113 47 132 8 70 114 145 14 97 7 88 45 61 33 90 123 2 55 105 36 86 124 22 10 60 137 12 46 24 43 141 77 118 25 94 127 80 116 56 69 9 18 53 140 29 130 71 21 91 73 57 32 38 139 34 112 121 93 4 148 65 30 42 
134 27 48 52 87 113 150 67 132 60 36 77 15 45 111 33 137 47 11 127 143 20 92 104 86 99 88 93 35 13 7 32 49 138 105 30 37 101 148 29 28 8 130 12 69 96 80 94 6 76 102 110 114 125 72 46 14 56 75 140 17 124 34 74 57 5 3 26 1 142 136 10 40 149 78 141 31 24 108 62 106 43 133 122 22 58 81 126 121 18 112 146 65 19 116 41 9 73 64 68 103 38 128 95 61 115 54 109 
30 51 74 83 29 149 73 119 40 133 107 12 121 47 103 7 111 9 124 63 69 68 136 98 11 143 49 46 108 42 96 17 123 38 82 57 22 35 32 59 18 87 102 115 127 110 33 58 78 56 88 16 79 90 118 109 135 41 106 116 95 77 114 101 138 120 19 84 64 43 122 86 128 146 75 34 31 39 45 60 23 130 27 94 80 131 8 70 81 100 113 36 10 132 28 105 97 50 48 93 139 67 89 61 76 62 134 25 44 53 3 
37 111 88 64 105 141 93 94 46 18 135 130 87 140 118 71 14 74 25 104 2 139 101 131 147 112 114 89 95 55 91 9 33 136 100 97 113 72 106 98 24 116 127 12 145 49 133 52 119 115 21 79 70 66 134 27 31 23 102 129 16 41 11 32 76 40 86 26 80 35 62 1 77 43 30 47 124 19 96 90 65 63 103 57 8 148 6 50 92 78 69 42 59 144 109 68 10 60 137 121 56 81 54 15 13 61 53 108 28 4 
32 63 87 17 123 91 104 60 105 23 42 94 73 110 96 148 137 101 95 82 118 85 107 65 99 76 146 3 62 58 74 38 141 93 88 100 29 11 109 135 139 78 49 142 83 66 24 33 72 71 39 119 113 2 120 61 10 20 56 70 6 116 86 7 13 19 77 30 27 12 48 31 80 18 25 108 150 92 1 35 4 64 138 126 98 128 102 37 22 36 54 112 136 67 130 47 122 44 55 41 79 121 81 149 75 43 34 132 124 15 14 115 129 106 28 51 
133 60 117 27 61 100 42 55 122 72 115 135 77 79 83 86 54 97 57 50 65 118 103 121 10 24 63 102 132 59 114 112 33 20 104 6 99 37 28 32 84 2 9 108 81 82 45 7 53 78 17 144 95 147 96 16 116 127 131 94 58 142 4 111 66 43 105 149 67 146 51 130 56 39 101 88 5 69 91 15 136 123 126 106 90 8 124 74 70 22 150 64 128 18 143 68 3 71 73 36 25 21 30 139 80 23 46 62 12 109 40 14 110 138 113 
9 19 106 80 70 82 22 53 86 67 112 125 46 4 128 25 137 5 104 113 118 37 58 3 144 150 1 27 124 139 7 31 98 60 17 57 95 12 23 32 51 127 94 35 78 8 147 45 72 21 65 129 103 131 132 6 148 62 61 24 110 28 91 133 54 143 136 97 141 38 48 79 33 14 15 107 111 92 96 122 100 138 89 121 43 11 40 64 63 26 83 36 145 134 18 52 93 69 102 123 20 109 44 135 76 77 90 56 114 16 
121 148 147 19 133 138 83 139 75 64 2 118 93 12 51 114 35 123 107 136 109 48 140 96 33 54 72 126 25 137 38 132 17 78 28 8 14 69 144 90 23 98 131 94 29 53 22 115 129 74 26 58 50 36 21 127 16 45 91 102 149 56 52 61 113 108 62 119 112 80 63 105 97 135 130 77 79 13 87 1 86 27 32 111 120 59 82 95 88 92 39 47 134 37 85 142 49 30 42 125 7 103 5 89 11 76 4 141 65 57 66 10 6 122 46 43 70 71 100 99 124 31 
