150
117 12 128 112 2 55 54 16 105 28 120 103 115 108 118 107 86 53 10 141 131 83 144 24 79 14 149 51 100 85 3 91 25 19 110 
50 78 97 1 34 104 54 68 84 77 99 13 47 76 46 61 142 28 59 7 116 73 121 24 55 40 95 85 128 58 6 63 122 43 69 91 124 
110 90 106 137 48 32 4 63 94 18 45 104 53 14 8 23 37 85 92 143 145 74 21 6 72 148 128 136 122 105 71 55 132 103 116 82 125 98 146 129 144 58 142 1 130 
40 138 74 16 6 92 31 67 111 8 68 147 14 115 23 73 3 25 94 95 63 124 28 82 32 123 75 130 77 15 140 91 141 45 18 117 146 51 35 78 5 41 
36 53 47 88 35 146 137 104 143 106 84 78 127 32 68 61 26 9 136 4 73 19 119 34 12 69 43 55 33 87 141 72 121 112 66 117 50 70 126 116 
111 81 62 4 46 124 95 149 32 80 119 13 131 64 76 14 41 37 137 39 65 3 121 29 145 53 102 147 136 106 35 10 11 58 100 33 26 2 108 27 67 91 
121 35 18 117 116 150 92 103 84 20 43 55 114 134 95 126 83 73 82 137 46 2 30 12 72 94 39 47 138 37 109 14 9 133 49 
25 49 141 63 136 52 149 76 58 4 114 32 35 55 121 127 87 109 143 3 84 148 31 97 75 118 36 80 89 21 74 38 77 79 
102 96 14 53 122 21 10 25 7 109 92 5 118 145 113 121 93 59 71 141 36 149 79 82 147 62 85 49 27 117 76 61 123 33 105 60 77 91 69 
9 29 66 80 16 20 50 125 61 17 35 108 72 58 47 142 122 6 23 93 21 120 81 1 138 69 102 133 85 
139 54 128 145 95 75 84 106 22 71 115 104 77 122 50 68 141 110 17 49 70 143 6 100 79 149 88 130 61 69 78 53 107 67 63 
109 27 107 75 44 78 37 52 131 70 67 14 96 88 103 102 93 71 5 18 1 140 138 60 135 69 95 45 124 36 113 7 139 127 55 42 35 57 72 
42 85 113 127 115 120 77 149 58 82 32 67 45 107 57 56 94 97 137 6 114 21 129 31 126 140 72 2 143 130 93 14 22 112 37 118 
87 18 119 114 48 68 138 4 39 7 12 76 136 104 1 28 85 55 6 72 120 61 80 71 13 65 111 69 121 57 24 3 67 9 19 44 96 40 127 82 84 81 101 63 88 
142 16 45 80 60 4 29 81 135 47 121 110 132 140 148 103 147 40 26 18 130 78 75 86 19 65 49 84 100 101 23 55 95 36 50 54 20 56 114 106 46 52 119 143 43 
123 103 46 109 98 147 91 20 97 1 69 55 37 84 15 77 114 28 62 49 60 130 73 76 51 106 10 41 4 134 33 53 95 
89 136 145 100 46 79 116 60 132 73 106 93 114 107 148 147 99 10 37 108 102 68 115 69 146 125 27 150 11 139 59 92 149 113 43 78 19 138 33 83 142 90 
79 142 52 126 12 122 119 33 15 55 96 38 114 124 20 128 3 109 90 116 14 129 40 4 7 25 83 118 145 77 102 133 139 150 50 92 130 
15 47 133 24 86 113 76 137 69 95 1 143 83 78 14 108 46 84 43 124 53 5 61 112 82 89 40 73 20 54 97 72 101 94 36 118 58 56 114 31 126 17 121 
7 97 10 46 134 80 75 51 66 36 25 144 45 26 124 54 90 94 98 115 53 102 138 15 130 43 119 121 24 58 84 40 16 135 146 19 21 76 99 29 18 55 111 96 
127 62 52 43 141 27 117 10 113 123 130 22 26 13 3 107 98 137 33 70 104 30 100 118 76 147 73 9 61 90 136 149 20 95 54 8 
93 11 71 124 122 113 148 68 13 74 29 104 32 115 56 142 109 85 31 79 105 48 21 58 103 78 35 42 107 77 144 147 128 133 28 62 123 134 38 
112 111 29 136 134 38 31 42 91 15 4 123 90 78 48 36 3 118 103 131 34 113 68 10 67 141 54 139 81 82 107 
52 134 1 90 86 135 96 107 146 19 92 71 38 28 78 83 59 2 95 67 109 43 42 14 127 20 31 35 76 117 
76 9 20 4 136 18 80 63 73 117 90 144 47 95 92 125 66 49 46 126 8 103 138 84 44 116 1 69 26 54 140 
104 45 34 94 21 51 58 68 87 136 6 141 5 29 37 48 146 72 69 15 61 112 85 134 39 126 144 96 150 20 56 25 142 31 101 108 
52 6 121 143 37 126 74 66 139 54 130 111 138 64 65 120 17 39 60 12 50 58 140 102 35 9 75 21 86 115 57 150 
54 125 24 37 44 68 16 119 53 75 74 14 4 97 111 22 129 1 94 45 70 72 109 2 51 36 91 35 86 32 
49 15 147 50 106 100 141 92 10 6 33 96 86 73 77 126 66 84 35 90 22 65 101 114 23 20 67 108 36 26 116 60 135 128 130 
119 45 116 149 73 53 130 32 7 42 132 127 62 96 86 63 95 37 65 85 83 68 109 64 112 44 126 47 48 90 60 61 51 21 118 
139 90 13 92 53 135 147 36 43 32 124 24 33 49 23 136 4 144 26 68 61 75 96 91 131 39 125 34 150 8 52 56 54 22 19 129 93 99 58 117 77 55 95 146 
28 42 57 128 64 95 94 122 22 121 149 114 76 73 8 125 30 62 106 136 112 6 4 84 147 47 33 81 119 144 3 5 72 48 100 13 150 75 79 140 34 31 
16 54 149 61 5 69 29 88 144 113 6 9 86 32 18 51 91 17 41 44 97 39 89 79 140 31 115 119 148 109 122 150 21 112 
106 111 41 23 53 112 129 92 146 63 143 72 5 31 139 149 126 131 32 50 97 2 26 95 150 117 79 84 103 48 98 73 37 116 141 
4 49 50 5 148 79 6 135 8 80 146 66 85 24 112 29 59 28 127 90 96 41 60 86 55 63 22 44 10 81 104 27 126 12 121 92 45 7 
20 96 132 104 143 92 122 84 141 116 50 79 8 61 97 28 15 111 140 31 9 48 62 19 42 103 49 120 105 45 88 23 29 5 12 
112 127 148 34 28 100 43 89 47 115 12 17 61 26 110 128 134 80 113 60 7 30 72 131 150 13 96 129 55 81 16 125 124 27 3 105 56 6 
121 114 59 74 8 56 24 101 110 47 89 65 132 108 129 103 82 68 147 18 40 120 141 88 23 22 146 39 58 70 118 72 135 95 76 98 
38 148 129 68 94 87 119 81 67 71 65 40 50 106 115 142 42 73 44 78 127 82 146 149 117 111 7 128 63 41 6 14 31 27 89 105 100 141 143 33 26 
43 111 2 103 121 65 46 67 114 73 15 141 109 86 39 113 53 18 76 75 105 94 137 92 108 14 77 140 128 20 54 69 64 135 101 117 38 4 19 142 130 72 129 
54 42 122 109 143 141 150 137 86 127 58 104 47 16 6 100 126 4 33 34 132 94 48 39 62 73 115 35 135 68 
87 30 107 138 61 98 67 56 13 44 22 43 96 93 23 118 39 110 132 81 12 36 32 59 133 77 41 113 54 24 106 111 79 52 60 64 48 45 55 57 139 145 131 
149 65 73 40 76 67 137 70 84 121 2 42 31 140 86 53 118 135 7 21 47 139 24 72 37 17 20 97 19 61 123 48 57 15 78 56 103 5 
14 51 54 112 62 82 128 39 90 96 35 111 131 12 25 79 66 117 68 136 146 55 126 78 33 120 100 52 95 42 30 28 135 60 114 147 
60 86 46 3 35 147 73 15 36 128 47 146 133 4 26 61 144 57 81 149 111 108 130 13 30 66 136 104 53 75 118 20 28 92 87 12 80 145 42 142 110 
17 6 135 15 145 66 65 82 74 2 94 7 70 58 120 25 125 67 40 16 126 62 150 136 128 85 99 72 83 19 61 20 45 138 
19 108 149 107 114 112 58 148 130 32 10 15 38 37 97 125 30 45 136 25 53 41 62 81 104 123 78 75 43 63 2 73 122 7 5 131 102 
109 34 138 74 55 36 23 112 65 147 122 145 30 85 90 95 116 22 43 99 108 150 125 26 14 41 3 77 131 42 140 78 32 142 141 
16 122 78 73 99 8 86 133 51 83 147 149 9 31 105 98 121 145 11 138 70 90 25 108 15 96 63 79 84 56 139 7 35 29 36 
104 99 85 35 113 68 98 140 51 141 75 93 83 107 111 11 130 97 72 15 59 29 134 137 102 36 2 125 10 70 5 39 92 34 56 18 150 27 
50 44 137 30 56 69 16 120 92 129 68 121 62 127 28 82 112 26 4 106 20 130 63 74 134 59 99 49 144 141 65 96 55 33 1 
136 69 62 8 138 44 120 128 79 125 114 66 27 111 31 18 15 109 94 61 81 70 90 42 64 89 21 73 115 24 12 146 72 
58 30 148 70 11 59 1 20 79 45 118 143 9 115 31 108 110 47 34 93 6 28 16 61 129 19 3 89 140 71 5 40 121 43 97 136 96 
117 44 83 116 40 11 1 31 15 88 139 140 100 21 27 25 42 33 23 132 91 146 2 115 134 28 20 65 57 79 129 69 136 60 41 19 
44 77 90 16 129 1 37 5 7 101 15 104 84 92 139 88 122 128 112 8 146 51 64 111 87 103 2 14 114 140 62 76 31 82 56 138 42 3 93 18 86 12 20 35 83 135 127 142 68 48 
58 147 57 43 75 92 63 38 139 70 19 121 51 144 120 31 135 141 97 50 76 107 60 26 15 22 105 13 114 96 55 132 73 49 42 61 123 37 
96 122 63 121 86 12 99 102 32 110 97 131 94 54 42 56 87 14 45 113 95 132 129 43 126 66 147 72 27 59 13 75 
72 107 47 26 27 46 19 41 131 90 22 73 8 118 92 124 59 145 10 148 98 31 70 139 93 13 64 3 38 53 56 6 2 114 20 77 75 105 115 84 121 83 142 
57 38 24 123 42 106 53 136 58 148 91 17 142 9 2 137 73 77 81 80 144 64 108 35 51 50 98 150 99 
119 17 30 9 44 16 29 68 64 80 12 72 128 124 129 37 95 85 94 102 106 35 27 42 70 15 45 115 54 79 56 
100 117 43 109 56 69 36 46 94 10 21 9 45 14 88 11 86 124 42 37 140 2 91 33 98 52 64 26 30 53 68 19 31 115 123 131 5 70 
78 129 115 124 84 71 55 149 108 21 32 101 104 110 64 140 137 68 117 46 44 119 52 98 86 131 114 100 22 125 30 83 47 51 41 94 36 16 105 9 96 142 6 
127 4 92 111 105 35 8 65 30 47 49 95 121 79 149 141 104 82 114 14 76 94 25 119 144 73 39 3 109 56 125 120 112 11 34 135 2 51 124 122 99 67 57 
40 133 111 52 61 73 42 103 62 6 60 95 124 58 102 30 144 136 118 32 90 55 98 89 105 27 59 92 76 
141 63 29 112 114 6 94 27 104 43 84 125 81 121 97 130 124 73 38 129 72 51 54 46 76 14 15 40 48 39 30 67 
82 146 106 10 20 114 111 46 142 44 27 135 129 77 5 73 57 86 116 124 101 119 95 29 52 132 98 121 117 35 45 130 25 
102 92 12 112 89 42 43 74 46 13 14 114 138 134 4 140 75 29 63 133 81 142 121 65 39 123 150 23 105 6 90 11 137 85 24 40 125 104 
130 111 51 50 104 93 128 28 31 60 118 26 30 127 145 76 5 11 41 17 23 39 61 44 2 22 124 114 143 116 115 38 55 80 101 135 134 4 62 14 
12 140 5 98 70 26 10 110 143 126 100 92 93 108 61 19 2 103 81 40 25 52 51 33 79 75 16 14 11 131 104 17 9 82 84 125 54 89 
85 130 80 94 148 118 46 134 128 143 69 129 131 43 52 11 53 111 108 75 145 120 140 50 5 106 56 109 121 136 28 61 49 21 60 86 93 125 12 58 38 81 99 
9 131 142 93 118 22 94 11 87 39 14 98 128 99 12 82 3 114 89 103 62 24 53 
136 122 14 57 10 132 103 7 140 58 28 135 37 115 38 26 119 148 146 121 90 46 12 93 34 60 75 13 43 131 40 139 95 143 5 65 3 129 50 105 32 52 19 
110 41 59 77 58 66 74 34 107 145 30 141 91 129 101 111 5 17 114 4 134 103 79 43 126 32 45 128 7 146 52 25 56 49 102 131 39 19 29 135 40 2 47 123 65 99 95 136 148 21 104 86 90 16 64 63 138 
48 105 137 120 96 22 117 46 3 80 114 88 76 146 75 73 51 121 131 140 28 4 104 27 150 102 8 138 67 38 
27 103 80 47 45 20 97 50 67 124 40 129 72 74 125 12 99 58 57 142 15 69 112 83 70 133 110 150 91 78 8 79 86 149 126 4 28 147 32 56 11 31 
9 130 81 139 8 98 68 116 90 137 32 25 55 113 14 110 16 89 92 63 19 141 6 99 40 115 2 43 120 94 100 74 38 65 20 56 107 64 24 21 
115 31 91 113 128 66 18 29 100 42 13 136 84 11 83 121 55 16 86 4 8 9 59 112 22 58 149 40 82 145 146 141 81 102 106 73 125 95 105 48 2 
88 146 140 5 114 135 128 43 147 23 79 89 15 84 111 115 145 11 19 24 110 123 2 49 148 139 92 108 4 17 109 150 12 39 75 47 103 22 44 62 48 
1 69 117 17 22 52 75 100 105 73 32 90 127 129 18 44 63 91 53 108 114 11 97 54 42 36 34 131 78 147 9 8 33 86 60 49 121 35 106 115 123 
89 35 96 75 119 74 148 102 101 20 94 45 87 142 99 144 8 37 25 68 6 91 59 15 111 118 146 14 60 140 10 70 
59 10 133 14 42 67 39 52 15 23 76 65 105 45 102 121 70 96 125 118 142 77 93 111 120 89 47 69 83 148 106 136 88 6 37 117 32 35 
63 9 14 23 13 51 129 4 19 46 147 95 130 101 124 7 55 77 44 146 145 94 39 3 71 117 38 89 69 100 111 128 98 141 140 66 144 84 
95 90 54 50 86 30 7 17 132 18 117 49 24 62 143 46 113 100 104 129 1 120 98 81 58 133 84 75 77 19 85 137 97 144 94 55 142 135 89 
7 43 114 85 20 110 111 119 25 99 146 69 149 8 129 34 102 122 49 78 94 32 101 118 142 14 19 65 15 104 55 16 58 5 2 97 62 125 36 11 86 82 29 83 95 109 77 
119 9 48 83 127 1 126 84 144 35 139 2 146 90 140 30 134 114 67 60 141 13 10 70 117 131 46 14 26 3 22 145 50 
19 40 144 124 92 55 61 148 27 43 66 1 84 29 106 75 30 77 70 35 41 45 33 57 112 115 94 62 143 120 98 88 73 49 131 15 101 79 146 83 24 28 149 
123 5 124 45 80 108 125 8 39 55 122 26 136 146 98 42 135 114 14 104 148 133 100 105 130 145 131 109 57 138 71 112 
86 113 14 131 98 78 11 94 122 138 61 54 121 128 127 55 126 145 5 137 81 12 136 33 74 117 144 36 133 38 
116 52 101 104 81 110 136 39 37 103 33 83 8 113 127 64 71 80 19 133 69 53 82 78 67 115 76 114 95 150 38 17 
58 103 132 23 35 67 93 120 25 148 150 24 83 127 85 48 112 49 30 52 107 55 79 124 125 21 44 31 113 29 121 146 76 20 18 72 64 17 126 145 3 73 
120 100 144 28 4 129 16 54 73 92 141 94 136 2 137 95 1 122 124 75 23 61 77 79 9 33 59 80 134 31 6 108 
63 31 3 18 131 51 78 101 9 96 35 130 36 76 24 67 69 7 4 58 34 150 105 120 56 141 122 146 25 45 40 103 55 17 98 91 104 107 64 86 29 94 119 128 108 135 50 
148 94 90 69 143 142 42 31 103 147 81 12 13 17 70 127 58 123 124 55 72 22 10 50 71 134 53 110 68 9 109 116 
52 80 4 13 61 144 93 127 3 71 41 76 82 20 46 88 141 60 92 62 98 83 84 91 115 126 70 131 63 149 26 57 138 65 146 111 19 28 40 97 137 39 7 32 86 135 
4 89 34 114 103 73 133 112 143 21 15 91 107 106 16 6 130 129 72 150 24 63 66 44 48 12 60 64 105 82 104 77 31 7 11 32 145 30 38 25 117 84 19 127 83 126 2 57 
113 14 18 114 42 132 44 35 49 24 81 138 56 57 98 142 53 20 149 26 108 51 100 9 104 36 30 37 29 31 62 74 105 80 110 146 92 12 103 120 125 
50 148 57 136 28 33 56 111 115 125 43 36 129 34 53 75 145 47 112 16 2 13 94 8 65 19 114 83 84 118 20 130 79 
69 107 82 88 61 120 62 132 96 49 122 3 116 76 92 20 83 129 114 87 105 42 66 21 86 59 64 125 94 16 100 58 149 71 130 38 34 50 
20 144 118 139 31 123 75 129 51 70 73 50 114 126 117 49 2 76 71 136 134 80 133 63 59 102 110 46 48 106 116 57 103 17 84 
69 98 142 76 118 91 39 147 29 96 127 32 82 121 17 87 62 122 21 114 15 83 37 1 61 108 126 41 79 44 77 117 6 102 54 11 
26 86 150 109 82 68 106 148 134 113 66 116 62 55 40 127 73 84 126 14 146 19 29 92 89 15 80 38 
123 108 20 74 118 149 113 67 117 50 134 18 139 150 27 84 100 99 12 64 81 104 57 120 77 73 9 126 47 80 140 60 6 10 17 141 116 
75 92 43 90 1 12 64 139 73 16 40 99 71 78 25 95 72 105 89 34 137 135 22 96 93 23 7 38 132 123 55 120 130 69 36 15 3 
74 2 83 114 65 41 124 102 89 50 127 148 55 68 136 73 116 106 5 95 137 96 63 108 69 3 45 26 129 22 47 36 92 14 67 139 62 35 84 87 11 21 
22 36 148 142 112 96 77 92 81 121 87 98 56 62 37 63 3 64 103 49 150 58 1 79 9 95 39 143 129 132 74 130 40 72 67 107 
137 5 95 104 110 70 131 16 42 32 17 60 149 11 129 29 81 123 86 99 3 59 114 51 15 77 138 126 79 6 101 66 39 141 34 
127 76 21 1 128 23 105 24 92 134 42 131 73 58 17 95 22 129 114 11 12 120 90 13 116 122 47 98 50 56 
79 127 59 6 118 62 92 134 70 53 124 47 91 48 29 19 87 45 69 102 38 113 26 40 112 1 49 104 148 17 96 115 78 10 100 
63 93 52 30 8 28 48 87 40 61 134 138 127 12 147 9 84 115 101 33 70 7 78 135 24 16 22 41 125 139 18 
73 57 11 62 15 75 138 99 1 113 84 134 124 38 89 76 125 120 37 121 93 106 69 111 78 45 96 3 53 116 42 126 139 
14 146 119 136 27 133 34 149 50 80 148 45 73 39 44 144 114 20 94 42 97 147 129 82 70 6 64 110 84 78 4 121 68 130 141 23 63 66 81 137 112 36 55 28 40 52 
148 63 77 119 114 65 97 13 23 47 34 120 127 37 35 44 95 32 105 30 55 86 129 108 87 26 33 138 142 48 90 122 51 5 1 75 111 67 19 
134 83 23 102 12 9 17 21 19 108 132 110 96 50 77 142 76 40 88 57 140 42 22 138 33 89 123 101 37 117 13 90 
143 47 65 79 62 18 85 14 124 87 67 7 68 142 127 8 63 40 98 95 99 66 84 139 78 13 74 96 17 134 107 44 52 130 55 71 89 146 104 106 56 19 129 140 29 58 16 38 73 112 15 100 111 32 97 119 145 141 125 
76 13 135 1 94 54 17 78 11 22 89 4 39 108 132 128 53 62 41 97 52 86 77 37 33 20 150 27 118 58 145 122 79 60 68 109 72 61 
139 101 104 29 99 68 3 110 107 102 76 138 150 25 89 54 30 136 5 18 7 98 48 66 34 2 93 36 17 
31 100 81 143 21 82 7 99 74 137 88 85 119 113 34 102 128 24 5 83 25 79 66 54 62 1 147 127 4 40 39 144 9 44 61 125 95 
13 38 45 64 71 145 84 21 140 80 149 53 23 124 81 130 1 100 102 119 42 30 108 97 132 43 19 70 58 18 68 8 133 9 115 99 
80 60 14 28 20 135 117 111 39 149 62 32 133 141 131 18 30 85 6 92 118 66 72 112 84 33 5 15 63 114 
107 76 81 135 140 148 90 56 51 83 92 52 14 122 46 74 98 1 132 27 96 36 13 103 124 63 112 121 91 38 86 44 110 147 70 102 10 
2 53 111 14 49 9 66 27 88 56 6 110 19 150 143 57 128 8 77 43 120 148 79 67 15 72 65 51 81 141 130 63 38 134 144 70 105 40 20 74 35 7 146 100 58 32 5 90 
47 36 63 41 84 18 22 87 92 115 130 10 98 146 9 91 55 2 144 48 112 100 142 72 3 49 57 137 120 131 88 107 11 32 33 149 
23 93 106 141 103 99 4 59 56 21 16 22 73 150 113 102 87 142 137 133 9 79 78 43 61 147 67 47 
75 108 66 90 60 64 61 114 2 133 62 63 20 22 139 137 128 37 65 110 118 19 68 58 120 4 6 126 87 91 104 86 93 12 31 18 82 
90 77 84 50 67 28 48 10 97 96 135 81 146 143 32 25 37 62 98 70 117 75 17 141 109 63 114 139 52 87 110 65 132 148 47 31 69 3 46 
7 41 13 19 102 29 69 101 75 90 88 46 138 95 73 100 143 131 128 57 34 110 85 145 27 142 124 25 35 5 106 140 30 99 134 148 18 44 26 94 
51 104 5 93 55 100 21 30 39 109 101 24 14 90 112 130 13 117 88 114 37 63 35 95 8 108 12 79 138 41 132 94 147 107 129 68 89 85 
39 82 40 60 124 11 68 3 141 117 45 88 37 137 22 149 52 32 18 92 73 44 126 147 121 107 29 46 115 138 2 78 140 70 133 77 71 55 1 
70 18 112 79 34 55 95 145 60 107 38 111 131 37 28 73 57 97 84 53 31 104 83 91 144 54 114 40 65 127 66 62 3 13 105 72 82 99 143 75 106 150 51 39 98 
134 98 18 82 65 21 16 29 103 3 105 111 68 70 95 30 45 4 66 121 20 97 87 15 127 47 122 13 76 50 118 40 114 11 27 92 149 131 51 
107 48 119 71 34 37 72 47 23 87 44 122 58 85 86 94 88 74 129 57 12 106 1 31 79 42 6 69 139 62 130 136 142 92 126 73 70 144 61 
90 57 113 120 134 30 96 3 15 115 105 149 145 36 41 118 54 98 103 38 143 125 127 66 42 17 83 72 56 
141 87 136 18 75 135 7 42 45 99 64 137 89 19 123 124 88 149 22 49 81 10 128 83 119 111 150 118 95 67 
110 20 23 148 126 113 68 114 26 85 99 108 142 73 91 24 109 37 144 130 147 135 121 101 143 16 107 132 70 54 102 22 51 50 67 138 7 93 
68 46 40 43 73 24 133 55 92 56 29 78 20 103 134 115 119 125 120 31 66 72 63 44 35 15 12 38 87 94 109 41 83 
44 46 111 87 47 88 73 45 72 53 31 70 81 6 17 52 99 26 59 133 14 5 32 77 104 8 64 3 91 25 97 89 21 131 116 148 23 54 
104 67 111 13 19 140 21 3 122 123 76 103 50 133 59 106 128 94 91 51 88 5 7 40 62 142 117 83 74 6 124 43 41 
49 128 96 55 27 46 148 7 106 149 14 146 127 134 73 116 113 4 42 126 112 141 17 88 147 110 143 87 52 20 10 109 94 48 67 144 74 12 25 
114 85 12 145 23 146 17 103 58 131 125 102 27 99 55 54 49 78 116 72 42 43 104 56 11 31 34 109 76 124 110 18 
141 32 70 54 102 120 69 78 118 85 53 82 27 33 48 4 72 13 62 126 113 36 50 55 61 40 74 43 80 15 150 128 25 137 148 114 12 67 
133 56 123 91 11 76 5 40 92 36 38 1 8 65 111 106 140 50 85 63 39 41 125 119 9 150 138 21 128 48 121 143 51 102 4 114 73 94 34 23 77 149 29 82 26 
40 10 48 81 122 2 96 113 114 137 62 126 112 15 67 18 84 147 123 58 55 17 134 39 66 59 83 22 80 93 26 45 71 100 148 75 3 150 131 105 
144 95 121 13 41 134 141 117 5 72 93 68 114 27 39 129 15 19 53 36 8 125 86 70 11 132 83 34 126 69 105 3 138 
22 149 85 45 111 143 32 51 122 131 150 86 59 148 117 138 83 3 134 80 56 25 31 63 99 64 94 20 26 1 88 33 121 129 91 82 
45 97 90 139 126 95 58 78 48 9 88 85 132 118 17 46 114 3 150 6 42 49 18 68 82 11 73 129 70 87 115 77 
111 122 87 45 5 74 101 4 26 3 139 38 85 84 82 96 20 73 125 34 92 80 54 31 44 52 66 86 55 78 77 150 24 35 90 121 72 17 114 138 39 94 
4 9 38 56 111 128 142 45 22 93 44 123 75 49 78 134 48 79 127 138 117 109 82 15 120 17 31 57 100 16 150 21 6 32 29 
144 80 73 126 104 72 17 111 39 121 142 86 140 22 47 81 105 59 112 120 93 3 37 58 134 138 78 15 35 8 97 87 101 53 108 90 33 136 125 70 
39 33 94 1 75 130 133 122 45 138 132 96 77 43 13 106 141 62 119 17 47 11 6 128 111 63 34 8 9 32 30 49 102 118 98 86 144 84 21 
46 129 142 140 123 41 95 133 115 26 59 141 18 78 31 37 92 32 75 147 89 17 27 48 74 50 34 7 67 90 101 146 105 144 121 145 102 33 116 