150
115 48 149 112 24 67 120 148 57 87 7 35 43 62 145 146 136 4 5 83 68 97 49 60 14 8 30 56 77 141 2 42 75 45 55 134 133 109 124 20 54 10 52 53 122 34 21 16 103 66 93 9 137 94 106 26 91 12 73 50 107 25 37 63 140 28 147 105 102 46 76 111 132 17 59 82 80 118 33 89 143 131 65 123 100 58 116 144 36 95 31 129 61 81 92 32 38 3 90 96 13 64 78 51 70 88 101 29 113 119 86 6 11 125 71 41 121 99 
74 4 58 75 148 145 85 90 69 146 29 33 42 82 60 30 103 102 13 86 51 66 16 139 36 78 11 54 22 20 32 101 9 56 115 25 47 122 77 67 99 27 21 57 84 37 81 149 143 59 120 107 12 10 88 79 64 1 34 109 129 17 111 26 43 108 35 72 113 55 3 142 15 14 105 76 53 24 136 135 65 96 39 18 131 62 98 7 45 6 5 134 125 124 141 150 133 93 132 114 144 140 8 100 80 117 138 23 44 70 91 61 28 121 
62 133 13 46 98 34 55 28 135 40 43 84 85 54 113 36 61 148 72 39 50 130 117 38 21 68 141 99 87 24 100 139 92 4 102 93 114 70 1 26 30 91 110 23 66 119 41 138 52 132 44 11 106 67 58 88 37 140 7 16 2 90 111 137 45 126 35 12 103 116 42 14 33 81 129 128 25 120 144 76 27 150 18 48 104 109 57 22 89 20 15 17 69 108 29 9 32 131 19 149 71 10 82 60 47 127 31 
109 94 47 78 16 146 117 86 25 142 87 101 54 73 104 51 28 49 14 134 88 59 103 124 2 21 61 91 75 66 1 144 44 95 8 32 63 35 130 29 84 99 27 22 120 81 82 137 98 50 83 20 140 92 85 97 93 46 138 40 69 149 128 145 41 62 45 55 7 122 96 133 150 60 10 79 127 80 141 3 18 139 89 67 119 33 143 111 68 113 53 136 37 9 76 125 132 23 12 107 90 64 115 147 13 57 39 24 6 42 15 71 105 30 
46 127 132 83 36 58 10 60 81 89 145 97 69 6 2 77 144 124 112 119 75 88 68 150 8 34 123 95 23 148 14 13 1 76 21 115 114 49 47 111 125 54 84 85 41 15 70 87 52 30 107 57 121 11 31 38 93 135 126 19 118 103 122 82 128 130 44 90 136 80 142 73 137 100 108 78 129 98 43 53 131 18 12 55 110 28 48 147 22 79 149 64 63 92 141 109 94 61 27 104 26 35 59 32 17 106 9 120 96 29 42 62 116 143 16 56 25 138 67 72 33 
63 146 144 7 35 75 118 9 70 117 38 60 46 89 53 125 20 105 72 66 69 82 88 26 147 83 4 111 44 101 130 128 132 25 91 108 19 80 22 81 58 28 94 116 45 143 14 24 73 98 76 65 59 131 77 34 133 43 110 149 119 97 136 84 95 113 2 56 106 86 112 123 87 1 52 50 93 74 15 33 5 115 42 8 90 129 23 100 142 85 92 27 40 121 120 139 78 57 122 32 140 17 138 11 62 41 68 79 48 107 114 21 99 
124 37 45 54 27 79 50 128 146 141 89 52 97 49 148 39 2 3 101 119 29 96 111 86 73 8 16 104 135 134 10 130 113 83 84 65 64 81 22 145 67 57 129 106 138 17 40 55 28 60 94 75 136 137 132 36 59 11 123 33 48 63 4 6 116 115 72 53 95 68 23 144 42 93 1 74 107 126 62 25 122 92 120 147 105 100 12 20 19 46 98 149 41 121 47 15 140 44 82 133 31 69 14 21 76 18 99 90 51 127 117 
116 111 28 69 148 108 49 67 131 124 97 82 18 44 94 53 146 60 137 112 110 100 7 38 136 86 147 71 37 4 34 142 65 138 90 59 121 144 125 130 23 40 12 2 57 55 109 83 123 139 35 87 29 30 78 119 1 6 73 115 113 52 33 105 64 5 92 75 99 27 31 51 118 93 135 133 106 24 20 14 58 140 42 17 95 89 122 98 15 11 54 74 150 102 103 43 36 127 132 72 
77 37 36 33 2 85 16 4 26 147 93 59 97 13 90 119 106 63 30 120 81 108 34 117 110 15 38 51 125 135 17 122 137 133 80 42 95 115 78 60 12 105 55 82 73 128 124 23 102 71 113 141 31 111 27 130 5 20 114 24 91 29 41 101 104 53 144 22 89 70 138 50 123 62 32 103 68 94 3 1 131 10 87 139 134 118 129 6 92 52 79 146 132 86 107 47 96 19 140 65 127 44 48 
25 120 22 57 95 1 146 106 77 87 41 132 72 51 109 66 128 149 150 40 115 54 89 130 47 23 114 103 101 134 117 113 140 141 48 27 38 82 9 68 143 37 74 53 85 4 78 7 116 45 133 2 70 15 107 65 75 83 129 64 142 69 44 112 58 34 60 100 12 3 80 125 86 35 21 138 110 79 46 31 26 59 88 123 126 136 63 135 28 67 55 104 13 105 139 5 30 99 92 131 102 62 127 111 93 32 121 33 20 43 145 91 42 14 122 84 118 18 11 
10 142 56 29 36 22 12 136 53 89 26 102 88 20 2 78 96 76 43 68 121 103 122 94 149 61 67 112 140 14 143 134 42 7 144 47 6 132 125 105 92 17 82 8 145 114 72 30 135 118 16 24 137 54 70 65 75 3 97 52 107 130 106 37 109 5 51 148 133 63 127 138 141 150 95 31 62 25 19 100 44 90 48 21 66 60 79 71 146 99 131 59 73 38 40 111 126 115 1 15 129 77 85 139 33 41 45 69 39 58 87 101 104 
98 100 91 26 18 3 17 51 34 88 47 64 138 44 95 80 104 96 106 19 144 110 134 24 69 7 59 148 72 79 15 4 94 97 9 109 111 61 116 25 43 60 101 143 37 132 23 85 114 28 56 63 50 107 128 55 10 82 119 52 39 131 5 57 140 1 13 147 142 2 74 21 35 81 150 120 76 139 16 36 22 115 70 32 93 40 33 45 121 62 41 38 145 124 20 68 108 49 77 11 126 149 127 125 27 66 133 65 99 105 42 112 102 30 137 46 8 84 
76 116 90 100 66 102 72 33 97 95 57 52 103 1 20 51 4 21 127 133 56 26 125 75 139 70 81 111 65 129 141 29 30 9 3 60 99 136 80 47 59 73 123 19 143 85 88 147 142 22 118 68 78 67 34 14 150 27 138 98 61 45 131 108 112 117 39 96 32 37 17 35 107 42 110 89 87 41 93 12 94 62 44 46 74 128 55 124 5 31 104 92 84 79 38 146 25 18 135 23 71 86 54 10 121 132 16 15 145 119 43 2 101 40 58 36 49 137 53 28 126 122 
82 63 77 28 35 64 42 137 18 31 50 98 97 105 94 124 104 75 61 122 10 84 93 121 115 44 39 120 2 68 85 109 4 60 23 119 92 111 100 65 26 116 11 129 25 107 58 47 5 19 20 80 91 127 1 33 89 99 96 46 133 74 113 90 150 41 17 6 135 3 149 146 81 38 59 73 56 13 72 22 142 7 130 83 88 21 51 16 125 102 101 106 103 49 134 57 138 53 95 140 48 128 108 114 8 147 70 79 32 52 37 15 
10 133 138 118 3 109 78 22 145 63 122 90 88 150 130 66 141 29 34 119 128 142 83 61 2 79 16 72 148 32 41 136 17 20 134 28 144 40 87 11 46 59 12 45 102 71 49 38 112 47 101 84 125 127 39 48 106 135 120 76 67 70 123 96 100 121 5 43 131 8 9 105 95 65 18 25 4 80 110 85 139 42 44 147 91 98 31 86 21 143 33 36 60 103 54 50 124 56 6 94 35 26 126 111 13 37 81 149 7 52 62 140 30 129 99 14 
11 95 132 28 88 75 89 32 61 29 38 69 57 27 101 86 66 55 127 62 105 110 123 107 114 9 52 118 116 96 1 135 59 73 87 39 30 112 119 84 49 145 129 46 79 17 12 37 41 115 139 19 44 124 98 102 136 83 14 3 140 100 77 130 92 40 4 133 117 104 97 42 74 131 106 91 63 13 93 70 65 143 148 142 90 134 24 111 67 113 48 103 146 5 138 7 25 54 2 149 82 68 81 128 15 34 36 120 
65 27 70 85 54 59 128 83 34 55 118 119 124 63 64 76 49 8 108 23 109 147 93 73 126 136 33 2 139 25 144 150 143 79 90 45 95 29 7 24 98 50 68 111 137 44 140 88 14 117 138 75 3 43 120 116 86 146 16 101 69 104 67 99 11 132 15 62 32 114 97 18 149 110 22 48 71 39 6 21 122 61 60 46 30 115 125 91 87 31 53 47 1 142 133 106 13 129 81 94 78 56 121 9 107 130 100 131 12 134 52 26 5 82 105 58 28 38 19 35 41 
81 118 8 12 114 47 91 17 139 105 24 43 20 59 115 75 109 124 58 101 25 94 146 98 125 141 140 67 121 22 5 70 93 4 10 72 60 55 61 74 138 62 2 29 99 103 32 80 148 132 135 28 127 144 3 41 19 35 68 108 97 96 87 86 122 48 15 126 66 78 106 14 107 31 130 137 7 34 142 42 123 63 102 92 26 82 38 37 76 79 33 71 129 90 147 85 145 65 54 83 134 88 77 13 23 120 21 45 104 30 
49 108 56 94 14 124 6 102 130 117 51 5 145 131 66 136 70 57 75 93 7 126 77 147 134 55 138 18 41 59 32 119 12 13 65 3 123 112 29 73 17 146 46 109 78 69 47 100 76 85 31 149 125 106 48 83 113 68 92 121 54 84 20 9 114 86 37 142 45 135 140 71 67 96 40 129 44 58 115 24 81 82 118 107 28 137 21 144 111 79 63 101 139 116 120 64 97 95 150 16 26 53 33 143 90 22 52 60 42 88 98 141 38 11 72 
143 31 100 61 6 96 12 119 10 144 43 24 56 132 64 15 63 105 4 8 134 59 26 90 146 131 2 112 150 120 111 41 87 86 71 42 137 51 102 92 95 80 72 35 88 49 39 55 30 113 68 54 9 99 7 135 47 148 94 29 141 13 89 38 11 109 93 14 104 36 46 1 114 58 60 18 76 133 70 82 52 103 116 138 129 34 77 78 33 101 147 130 74 84 107 65 91 126 98 125 19 44 128 66 122 142 73 3 
120 138 86 98 121 43 30 2 14 18 79 135 37 54 62 142 13 11 19 106 4 149 1 15 72 78 143 46 42 77 116 111 82 150 23 66 17 115 25 144 119 103 125 146 40 56 29 107 50 100 105 59 96 5 60 114 102 99 10 61 34 52 126 124 108 148 65 141 53 94 112 31 41 101 147 58 118 132 69 137 71 6 26 28 3 70 134 140 87 104 84 76 63 44 93 83 27 90 131 45 22 12 95 32 7 57 
57 42 45 17 130 46 31 74 102 50 133 79 138 97 85 3 116 91 149 7 103 43 35 148 87 136 134 127 49 73 128 129 6 111 145 117 139 23 25 56 137 4 96 112 34 119 54 13 53 59 125 104 38 67 140 71 101 95 69 37 126 41 52 18 70 107 12 110 66 106 80 24 144 15 19 98 51 141 78 90 11 124 94 21 115 86 113 83 114 39 2 120 62 14 118 135 30 76 122 121 147 146 5 93 81 109 60 61 55 48 58 108 75 65 29 105 10 9 28 72 143 
144 80 22 129 115 76 85 83 46 132 44 116 95 17 67 56 125 12 114 73 10 75 121 126 70 35 123 14 108 27 47 24 94 8 139 111 134 88 6 103 106 136 97 140 66 29 41 109 78 5 113 145 30 89 149 40 118 133 131 79 127 57 52 84 147 86 122 128 98 68 69 63 13 2 72 43 42 119 107 37 87 3 100 81 77 31 49 99 102 142 135 34 58 65 32 60 104 38 138 148 90 91 28 25 4 7 9 51 120 48 39 18 21 130 82 117 137 74 26 141 
105 62 31 95 79 51 39 12 83 60 36 100 42 73 144 97 63 32 148 76 64 1 104 119 25 123 77 11 89 99 33 50 131 126 96 8 69 110 129 109 6 132 149 46 122 55 91 117 133 3 17 150 40 125 135 102 113 54 138 35 49 82 71 141 47 66 23 140 16 2 22 18 78 48 90 72 57 27 75 58 38 81 101 28 52 103 9 86 19 143 108 115 120 4 56 20 128 67 85 112 118 107 74 92 34 26 116 98 137 43 84 29 70 44 
16 139 14 66 121 146 120 99 48 40 55 29 118 119 22 21 96 105 38 108 125 74 127 47 133 65 116 150 7 126 148 30 64 12 15 132 130 6 115 134 107 58 11 110 145 3 87 100 104 147 144 39 18 80 26 33 24 60 43 32 23 92 131 36 83 113 76 57 77 88 149 94 85 31 142 82 17 136 75 42 1 117 59 73 28 5 44 10 124 89 67 50 45 128 4 70 97 53 13 103 79 49 51 54 86 2 
140 130 33 90 73 23 2 92 10 30 28 67 3 83 29 43 135 12 6 134 111 99 41 71 32 95 102 77 51 44 24 132 147 141 91 96 119 114 108 18 66 21 15 14 59 65 79 5 42 75 123 9 78 142 37 86 97 20 60 131 50 72 80 31 93 116 69 105 35 70 94 58 45 107 106 1 143 64 57 100 115 138 118 36 124 87 113 104 148 17 110 117 120 121 27 47 19 74 13 112 82 54 137 11 39 122 85 49 103 38 76 127 25 109 81 126 150 129 40 
50 88 55 40 16 3 47 92 134 101 65 129 24 145 124 73 28 94 23 8 33 30 38 131 56 70 119 126 148 121 61 109 96 139 6 141 112 29 81 80 74 111 97 130 9 4 83 110 106 108 140 137 98 2 66 5 72 41 35 57 113 132 53 135 60 17 107 125 58 21 86 49 136 39 31 69 45 84 26 143 78 71 128 85 122 79 48 68 104 13 7 63 142 117 44 10 147 51 34 115 36 146 120 127 144 32 105 149 150 43 82 114 12 
144 34 66 38 61 36 55 149 21 45 145 37 3 18 25 30 40 127 56 4 142 46 98 114 131 22 73 14 43 122 65 139 88 95 102 71 80 134 62 32 146 49 42 67 41 87 137 70 121 105 132 106 7 69 85 54 35 89 12 136 6 31 150 129 74 119 96 13 24 19 110 2 130 72 86 99 126 15 118 17 107 78 135 27 16 29 58 1 10 44 90 148 120 8 75 111 64 59 23 68 5 113 57 48 108 138 128 26 51 125 117 33 
95 45 136 5 108 83 124 56 80 91 123 20 85 106 16 115 58 51 70 128 2 134 3 126 118 27 28 133 141 46 100 71 34 77 59 130 111 107 15 131 31 96 1 63 37 121 55 145 36 74 81 84 99 17 88 8 79 110 60 76 86 68 9 135 92 101 67 35 104 117 50 105 93 52 22 132 122 97 19 47 11 25 142 57 33 87 109 69 90 21 120 18 26 150 129 64 61 143 72 32 113 44 119 62 23 94 137 140 24 7 38 148 4 65 138 13 53 144 116 147 75 149 49 
96 58 90 39 83 52 149 67 43 69 40 25 71 91 87 138 57 146 147 88 1 97 54 128 101 150 28 46 44 131 31 11 127 92 32 16 120 75 89 10 94 13 18 95 135 77 73 123 63 124 70 110 61 103 126 133 68 72 53 144 112 117 4 20 55 51 26 3 129 8 145 5 21 98 47 136 23 125 122 45 85 100 132 99 121 78 148 141 84 48 33 41 66 109 37 15 60 137 80 65 38 12 2 139 82 27 34 104 22 111 134 9 59 74 79 17 
7 45 150 121 32 74 60 23 71 139 101 96 115 137 58 109 132 78 20 94 72 110 134 21 61 22 10 99 39 1 17 52 141 118 15 81 149 89 123 27 104 43 26 29 62 67 73 18 125 9 107 79 114 34 138 122 8 46 48 69 13 124 98 97 131 113 100 120 66 64 50 68 63 145 130 59 54 142 140 108 102 129 35 85 117 106 111 65 24 146 143 70 95 51 119 42 5 92 41 82 147 38 14 30 11 105 116 144 25 3 28 56 77 19 55 
48 30 12 41 106 109 102 149 15 131 141 64 92 114 44 37 14 75 2 144 119 23 29 88 147 108 113 6 121 107 69 49 24 72 82 98 93 140 66 105 137 18 142 122 143 135 132 123 36 101 70 5 17 40 139 39 145 76 81 1 117 28 83 60 51 53 74 96 26 19 84 128 16 89 33 4 94 65 3 86 103 148 87 100 43 61 13 10 27 42 97 25 57 21 133 31 56 146 35 73 59 9 116 52 38 150 78 90 110 
70 47 43 52 84 11 92 30 101 14 48 51 146 34 61 32 144 2 58 122 103 60 134 145 131 95 127 133 1 79 119 78 96 135 77 50 141 55 12 67 20 17 73 6 56 44 121 9 65 4 36 54 109 41 125 53 66 37 25 100 104 138 83 8 64 139 74 29 89 112 140 15 81 107 24 63 137 123 40 105 106 93 39 126 80 147 120 88 59 113 108 69 27 85 10 13 26 72 94 91 117 19 7 129 82 62 57 71 132 5 3 97 18 28 111 
103 149 134 123 75 17 109 119 24 29 21 108 97 20 43 145 76 55 33 40 124 126 61 31 22 71 51 15 49 63 106 12 107 3 42 127 9 10 112 8 93 13 133 35 68 6 100 46 85 18 16 146 30 139 143 128 69 39 27 73 84 64 86 50 23 102 135 105 95 38 28 2 121 74 72 142 136 78 87 125 132 117 94 5 99 65 53 91 110 101 113 57 129 92 114 36 118 115 54 137 83 130 147 59 150 80 70 44 66 62 104 48 45 47 1 
48 59 63 53 29 144 146 37 92 113 130 114 85 149 64 45 95 15 98 8 89 14 18 5 129 10 94 72 126 66 1 88 133 124 128 96 150 31 4 107 106 84 115 27 80 109 41 22 17 108 102 148 120 138 139 111 57 125 131 104 38 112 28 24 12 42 143 55 78 119 93 127 54 101 79 34 60 100 26 6 86 137 23 140 117 50 40 90 118 32 3 97 13 87 123 58 2 61 51 20 69 62 
53 37 83 140 29 134 12 99 13 74 1 41 11 27 66 33 109 50 16 32 135 136 89 76 28 2 34 26 81 73 57 95 119 80 42 25 85 40 3 103 92 47 56 116 63 69 68 20 107 117 105 38 82 44 78 141 132 43 133 15 100 143 126 101 54 112 24 94 39 60 70 146 9 111 62 125 144 48 49 88 52 113 122 46 98 90 91 145 147 5 87 142 67 150 51 8 72 130 139 149 58 7 114 127 
28 111 93 99 88 109 52 23 67 2 147 127 49 13 98 125 51 141 150 121 118 74 113 89 103 107 40 105 80 124 142 145 22 134 21 122 33 10 4 9 45 53 46 11 48 138 19 3 32 85 92 70 68 65 131 78 50 87 61 94 149 101 18 133 12 59 81 44 41 110 143 112 102 30 62 106 104 82 91 63 139 128 15 56 132 130 26 129 7 120 66 43 76 90 55 64 42 36 123 39 140 1 75 77 54 14 29 79 146 8 115 16 35 57 60 
13 53 82 81 32 60 29 145 111 123 84 50 52 16 134 39 100 63 17 139 107 127 98 91 22 78 83 58 34 71 23 113 80 88 12 133 27 43 121 25 108 72 30 45 59 140 124 19 93 46 129 79 47 35 1 3 8 99 24 102 62 9 146 67 141 106 5 28 149 41 6 104 57 87 109 97 110 26 119 65 55 42 20 14 128 125 56 11 31 15 69 95 122 143 112 49 61 36 73 10 51 18 74 96 130 64 135 120 103 142 117 132 
3 136 83 15 11 97 27 33 25 51 41 142 62 121 16 88 100 84 31 137 46 7 20 103 104 127 42 43 99 139 23 14 86 17 128 124 44 125 111 118 4 120 143 34 36 72 76 126 113 119 95 134 149 71 90 102 70 13 64 105 67 140 94 150 101 110 65 75 59 122 32 129 141 78 38 107 148 63 61 115 22 54 77 24 80 85 91 98 37 131 60 108 146 58 12 26 93 2 53 144 74 56 79 96 30 48 
124 70 118 107 13 98 139 35 47 112 104 48 84 87 12 36 120 41 143 146 99 111 131 80 77 33 57 128 138 123 142 7 19 129 130 132 16 32 26 71 147 44 136 37 93 66 65 52 126 141 75 74 102 148 45 133 90 49 63 34 4 69 105 67 121 10 108 23 96 56 89 140 15 30 42 113 11 24 72 122 59 116 127 135 28 101 25 117 86 95 50 91 92 54 53 79 134 73 85 125 106 145 137 27 114 21 88 8 68 6 3 115 
77 120 40 128 65 35 83 93 142 51 46 94 121 14 32 16 36 56 43 45 89 28 6 78 99 72 112 144 47 1 38 147 15 73 85 117 30 104 136 116 150 58 12 75 143 26 3 17 135 87 127 11 139 108 13 129 81 76 134 52 23 145 98 57 96 124 137 31 118 7 37 39 97 140 54 27 80 4 5 20 10 66 132 33 115 64 105 67 18 126 19 148 102 22 91 110 95 123 61 113 50 130 55 69 9 90 21 48 138 63 44 79 119 62 68 106 84 103 
73 70 115 141 76 88 45 37 61 92 131 83 79 28 80 4 132 100 77 40 43 31 72 74 148 86 3 84 107 127 20 11 10 147 15 117 54 135 9 36 138 56 25 118 110 116 149 139 1 55 101 2 78 126 21 106 113 99 8 32 122 18 44 51 7 124 58 6 69 34 35 125 12 13 93 103 60 133 89 109 123 85 120 16 121 94 49 97 87 48 150 22 23 137 14 67 26 114 71 95 66 145 62 98 136 19 68 38 39 57 102 65 24 5 129 
124 144 57 73 87 78 96 97 94 37 36 6 148 131 50 125 105 31 11 26 17 75 8 41 143 98 91 82 3 126 137 49 74 117 2 103 34 28 32 139 127 56 46 101 48 136 122 71 5 52 88 24 83 104 123 147 106 109 77 54 12 30 120 63 86 53 112 134 146 121 67 89 21 1 149 80 22 93 27 128 102 23 84 15 62 142 38 65 13 20 95 135 110 47 79 70 39 115 99 61 113 66 33 58 42 10 60 59 130 25 18 51 145 100 55 
55 83 115 101 40 6 68 128 12 49 60 109 7 106 63 42 5 108 52 51 148 86 100 14 119 67 24 110 4 17 32 92 147 59 87 13 8 150 2 142 36 27 117 46 124 33 53 84 121 79 15 99 45 75 3 135 9 145 95 129 107 118 73 11 30 136 58 89 10 98 65 28 54 69 144 61 134 126 66 16 88 21 71 39 80 41 19 77 112 20 116 125 103 139 137 34 23 26 72 25 29 37 102 
88 146 15 118 70 86 56 25 94 79 98 51 30 122 37 41 95 101 47 72 4 61 28 102 55 13 59 71 62 53 38 127 22 117 103 145 60 136 81 74 150 149 26 34 44 31 147 100 68 18 2 66 77 29 109 48 129 97 85 35 17 114 80 63 11 104 93 132 115 96 106 67 49 57 40 6 126 144 27 12 42 128 110 107 141 125 7 3 21 131 119 99 78 10 121 1 69 87 82 135 73 19 92 
107 73 138 122 75 144 150 56 17 102 132 34 110 16 48 83 22 76 55 117 59 3 120 146 12 82 28 47 119 86 139 41 58 36 81 118 84 53 43 134 121 50 114 115 24 105 116 111 60 13 15 87 51 65 85 98 123 149 128 14 21 54 39 96 49 103 5 44 70 72 148 127 7 66 1 23 80 130 29 90 109 63 133 95 4 143 74 37 19 31 97 71 30 10 69 77 129 20 94 142 68 6 38 137 140 108 147 112 135 89 
112 128 25 52 138 83 118 114 117 123 135 145 139 150 19 33 66 121 119 18 70 40 133 142 7 14 103 59 105 102 2 63 124 79 92 93 136 69 54 12 76 111 41 122 60 55 61 91 130 73 75 15 87 56 3 29 10 17 13 5 34 74 140 45 96 11 109 64 144 82 27 65 4 147 107 115 110 141 38 46 36 48 43 88 106 49 127 113 94 89 90 120 24 50 99 9 146 126 23 26 86 104 20 98 100 137 149 30 71 
116 47 22 128 27 43 53 75 33 35 17 105 6 31 86 67 7 108 134 41 18 88 70 40 1 141 114 30 145 123 138 37 52 82 92 143 23 87 132 28 96 77 24 68 36 56 137 99 107 10 127 149 94 98 72 122 121 46 59 51 39 80 60 119 95 25 14 83 74 81 76 125 61 5 57 50 79 133 147 101 113 106 9 104 16 103 63 19 90 58 3 11 126 45 109 84 64 91 78 15 73 34 117 32 66 110 42 135 102 131 
70 26 34 16 59 75 94 125 83 77 62 110 115 54 100 80 82 68 1 84 128 116 78 106 91 24 93 102 17 73 13 86 65 5 37 71 69 143 8 134 29 114 92 23 27 150 123 139 42 58 43 56 32 90 12 25 44 76 46 96 104 66 108 87 112 74 95 81 19 137 40 14 145 88 15 50 130 7 38 79 51 55 118 28 22 109 20 126 105 89 45 67 36 101 131 107 64 72 61 97 103 149 57 4 127 136 47 60 
70 25 124 100 86 14 67 89 71 98 22 136 106 37 60 64 75 139 87 68 77 95 109 85 74 137 80 112 122 123 66 55 108 3 147 111 101 21 104 99 9 149 58 92 132 84 145 24 35 43 1 120 65 88 26 17 113 72 62 7 90 119 117 63 128 31 141 93 146 135 91 12 69 59 46 34 36 105 73 40 15 134 114 102 126 52 140 27 125 47 6 127 48 54 81 4 76 110 38 82 150 29 56 41 144 49 33 129 83 118 57 148 121 
79 118 55 77 124 11 10 83 2 28 122 23 117 94 13 52 114 30 61 20 9 102 68 137 31 14 90 58 98 115 33 35 100 43 8 69 1 22 34 149 101 133 64 88 111 57 27 60 73 131 143 104 24 42 25 26 67 29 7 144 32 70 129 78 19 12 38 46 71 86 109 99 95 130 132 56 141 62 45 125 84 85 93 49 59 44 48 135 41 119 80 112 39 37 107 4 116 65 91 63 103 106 121 54 126 146 74 36 136 53 140 105 87 
89 8 9 146 40 130 6 98 32 68 33 11 3 133 48 38 31 7 81 148 125 126 135 67 145 53 13 19 43 1 84 83 14 22 113 61 24 94 121 96 51 142 17 74 82 36 129 87 124 60 86 63 64 116 16 65 108 107 91 139 110 77 15 30 97 138 114 58 50 128 41 70 66 71 23 106 123 104 120 109 5 21 90 12 47 20 75 59 37 122 140 57 44 95 144 103 112 150 100 29 118 80 92 141 
136 40 82 14 149 17 123 72 27 52 44 55 104 98 111 140 133 61 6 102 74 78 60 124 30 96 54 19 148 2 141 81 134 88 109 13 37 10 64 29 144 8 129 56 43 7 46 97 93 77 70 1 147 110 95 5 58 76 99 119 146 107 79 39 80 92 127 62 117 66 51 125 105 4 94 25 137 9 67 45 11 115 131 132 87 48 130 103 150 108 84 126 112 35 106 122 86 34 32 101 38 89 71 21 33 22 138 59 100 36 
138 61 44 137 31 96 130 10 49 41 71 20 144 97 87 13 56 1 72 19 40 135 139 112 141 98 113 126 53 34 106 109 17 108 35 121 39 30 8 25 46 91 143 3 42 18 36 63 116 69 5 114 115 22 132 85 83 16 88 79 7 107 101 62 140 50 43 104 93 24 15 129 78 76 55 118 60 86 2 59 37 51 65 148 103 147 128 47 92 11 134 82 133 21 136 68 120 57 28 95 67 150 4 33 26 
129 114 74 79 144 102 142 25 143 46 95 28 2 16 132 106 130 127 117 75 38 77 96 66 80 37 112 61 35 3 94 9 107 22 19 101 105 100 17 111 44 88 8 30 31 92 104 125 123 71 149 65 93 121 110 49 85 7 5 60 1 41 135 34 4 51 47 128 136 70 68 90 138 141 87 139 76 73 72 67 81 29 133 42 69 18 140 116 108 126 20 43 91 10 86 53 45 137 50 119 78 118 98 122 12 13 89 54 24 33 27 
2 139 148 105 11 24 69 42 93 94 100 91 66 131 89 82 27 51 119 128 46 149 6 37 40 102 63 124 21 47 54 45 13 59 32 50 78 41 14 137 112 150 106 19 121 67 147 53 141 129 136 5 31 98 74 62 96 125 39 92 64 109 49 23 138 88 81 17 134 15 12 20 71 33 76 114 143 146 1 135 115 38 86 58 60 28 22 145 36 43 130 48 72 29 87 126 108 84 77 103 110 
123 71 21 78 124 61 7 142 120 126 68 48 95 91 8 74 35 1 116 76 54 132 41 138 100 141 6 83 4 104 22 40 107 77 63 65 96 19 103 36 85 42 16 12 3 58 80 101 114 121 79 66 93 25 67 64 13 62 72 60 147 10 113 23 26 59 146 129 50 108 2 73 70 45 135 43 27 144 33 5 52 88 69 32 90 51 134 105 38 81 149 136 106 30 128 29 97 94 110 28 87 37 49 112 24 122 34 130 14 102 125 
69 49 51 148 18 107 135 10 87 62 28 143 92 66 14 5 61 33 83 141 78 8 57 30 38 126 22 93 118 52 81 27 80 103 146 11 132 25 134 63 144 139 120 68 90 101 70 13 6 76 136 20 147 35 64 48 73 133 150 19 1 43 46 65 56 59 36 113 71 31 95 105 2 121 17 39 108 42 29 88 109 26 100 142 114 130 41 74 75 131 127 77 23 111 149 21 110 115 128 44 85 60 3 53 24 123 50 97 119 
8 94 20 15 60 96 45 104 100 148 113 120 28 40 38 19 34 54 10 83 81 51 150 75 63 112 25 102 128 56 140 87 149 26 135 1 48 57 122 16 92 125 39 115 69 111 89 74 14 66 76 105 35 84 110 145 97 91 136 99 2 47 31 32 21 141 53 70 108 119 46 6 4 37 73 22 33 132 13 50 121 17 90 43 144 29 80 147 142 79 52 72 58 7 62 12 71 5 64 11 133 126 30 137 18 117 68 49 44 82 98 65 138 77 9 118 
112 1 42 74 115 98 36 50 119 82 85 21 25 55 100 148 35 79 140 58 6 139 127 86 147 61 39 101 14 32 109 67 45 44 46 132 18 49 70 20 108 15 31 144 107 11 145 22 138 7 73 128 52 75 37 33 120 91 23 2 141 8 87 43 69 5 92 99 105 76 12 17 110 122 135 84 125 3 71 111 4 38 114 129 53 94 78 83 149 146 88 68 59 93 26 103 126 47 143 97 57 56 24 142 13 9 64 106 65 63 72 48 29 19 27 10 118 51 54 121 30 
78 107 16 148 147 49 82 44 86 42 4 93 55 84 43 90 118 51 27 53 20 110 111 137 139 80 94 65 122 87 116 63 18 52 70 141 105 129 3 75 39 123 144 89 104 138 101 112 37 72 12 34 76 150 41 57 48 68 100 140 29 135 32 119 114 60 2 109 115 35 146 126 11 134 21 31 17 1 33 91 117 30 45 88 124 136 81 69 77 120 143 125 54 95 79 96 28 132 128 99 13 22 38 66 5 113 130 145 58 14 97 47 71 127 15 121 
149 5 11 57 42 114 43 10 77 3 147 119 9 121 28 141 143 125 54 68 18 135 99 72 17 97 15 41 128 89 85 51 130 139 120 65 16 35 6 29 63 83 142 58 126 13 4 31 118 75 22 56 88 115 50 131 109 112 39 144 1 96 104 24 7 64 123 49 122 36 21 74 69 86 2 37 127 138 105 70 92 107 124 102 108 145 129 103 38 113 67 146 33 34 66 53 148 140 81 93 91 12 137 59 150 45 
60 103 126 56 1 134 16 27 95 87 40 39 29 143 86 113 38 148 127 84 71 48 11 47 21 51 46 72 62 140 109 68 45 30 142 7 85 93 78 23 70 41 106 137 76 35 96 115 117 104 19 136 50 61 120 54 5 73 88 131 91 6 147 102 4 128 80 118 105 98 129 92 24 18 15 146 108 65 17 100 34 123 36 20 132 149 57 81 90 9 37 44 10 145 12 33 31 43 130 59 77 135 138 14 66 52 58 112 122 
53 24 7 128 119 20 49 145 127 88 113 41 112 94 138 38 50 52 95 68 10 2 125 106 19 118 96 79 100 140 32 81 120 34 107 92 101 137 57 75 149 60 65 39 58 80 131 31 111 71 1 143 130 104 76 59 74 109 99 89 132 83 122 84 37 129 91 14 69 134 126 97 17 147 56 148 124 26 105 29 108 82 98 70 85 47 8 93 102 48 90 144 141 4 78 62 5 35 33 12 66 51 25 28 
88 59 148 64 77 61 127 68 67 1 108 34 138 82 31 44 133 33 23 46 11 18 74 25 149 55 83 51 93 14 134 19 135 41 84 107 112 6 32 128 87 73 60 12 49 90 26 21 20 40 125 30 105 98 9 78 86 136 146 144 119 38 94 76 80 69 113 8 42 7 47 15 37 140 96 131 16 118 39 54 95 75 43 139 57 97 99 110 50 58 101 22 109 28 62 122 92 52 142 63 70 27 2 116 10 81 29 13 79 17 130 102 72 106 100 
1 12 116 143 145 62 106 43 58 31 99 128 88 105 44 114 74 20 127 100 98 123 94 63 69 21 11 130 47 131 68 84 40 119 76 3 53 46 16 6 55 136 148 50 10 102 34 87 59 135 25 27 122 4 41 141 133 93 144 71 118 30 75 23 32 45 33 95 113 107 112 125 78 120 13 83 132 89 77 64 108 147 37 121 24 15 22 36 115 91 35 117 52 19 28 61 85 140 2 57 72 80 26 18 81 96 104 42 103 49 56 48 111 67 150 
110 26 68 48 141 44 83 45 135 147 137 92 124 33 81 7 130 100 138 36 57 23 5 117 82 22 129 52 102 38 111 1 116 42 119 94 126 101 112 134 51 40 49 77 60 105 55 75 11 88 79 131 90 106 144 43 120 142 122 28 65 50 56 104 87 39 25 30 76 3 113 69 85 133 145 17 19 148 31 125 4 140 95 2 73 149 62 18 16 66 93 37 15 127 24 97 10 53 139 29 115 54 123 118 128 80 41 71 8 86 13 
80 37 115 10 139 111 108 125 73 57 114 142 59 126 97 109 96 102 100 19 103 94 85 42 92 49 106 123 45 30 144 146 5 122 6 95 90 112 48 76 4 121 16 31 61 20 65 3 36 113 87 28 150 18 52 137 107 134 40 148 149 58 129 23 50 132 141 120 138 60 1 13 64 41 78 29 79 67 88 9 105 133 55 89 11 63 46 110 77 140 62 44 86 14 101 74 75 91 12 54 7 128 66 51 145 130 70 104 143 17 27 135 34 
149 116 77 35 6 22 61 58 89 147 134 73 98 57 26 87 50 44 100 30 3 138 33 62 124 130 74 38 79 115 29 5 45 31 60 49 54 117 42 32 112 137 34 10 135 94 148 120 83 55 51 93 4 27 139 145 59 84 21 19 16 144 56 105 108 136 11 41 91 113 8 7 143 103 131 72 111 146 12 133 28 118 142 40 66 67 71 97 65 24 23 36 110 64 75 47 17 92 96 109 78 141 46 2 150 128 121 
91 97 150 65 45 39 145 58 77 60 83 40 110 27 49 142 86 63 23 102 57 37 52 106 121 3 14 31 137 146 43 50 74 22 80 36 11 134 82 59 81 117 99 133 84 123 128 135 113 13 25 64 112 17 47 55 100 71 61 48 149 53 26 120 68 46 6 96 89 138 42 16 2 132 130 9 115 34 75 105 78 10 15 88 30 103 144 20 131 92 127 12 33 51 1 5 114 122 28 87 126 109 125 140 29 19 24 124 32 21 18 72 111 104 62 
53 131 51 139 132 15 148 91 29 98 43 88 47 28 128 18 64 104 116 73 11 77 80 86 137 57 22 3 39 66 120 133 101 113 143 70 75 45 58 13 4 106 130 92 126 27 34 94 114 54 118 127 74 138 17 100 119 81 61 19 90 136 76 142 1 33 26 117 50 134 21 105 40 125 87 129 63 107 146 8 42 56 55 9 93 52 79 124 147 38 49 135 20 69 46 122 121 24 30 67 31 44 112 60 59 
103 5 101 65 149 114 119 81 87 137 117 70 14 140 36 104 61 7 143 100 15 18 63 8 11 13 85 73 42 76 99 131 35 92 123 120 102 105 27 62 89 96 29 97 30 144 147 60 45 118 40 19 83 146 26 28 31 41 77 138 128 53 132 130 10 2 57 113 115 39 127 126 79 75 23 122 21 95 38 106 150 24 80 112 6 141 109 94 135 12 32 34 136 98 66 54 116 3 56 48 78 50 93 22 107 55 33 49 46 134 121 124 44 108 69 59 74 20 133 82 
136 124 51 65 8 63 7 109 148 76 13 123 50 60 42 68 69 36 85 93 55 87 5 40 30 119 116 84 1 28 97 4 74 20 120 135 104 67 100 101 143 11 79 102 9 48 99 27 129 131 75 45 114 134 112 140 133 145 106 44 137 72 103 33 24 26 80 6 49 47 144 31 17 71 98 146 59 41 23 113 122 78 57 25 58 14 142 22 90 147 127 91 77 81 38 118 46 107 19 105 138 16 141 32 43 34 
28 68 97 62 144 23 136 104 105 46 53 48 102 85 58 12 114 70 40 142 78 81 90 118 89 31 66 108 10 18 16 100 95 82 135 65 99 26 49 112 141 115 30 2 73 42 87 120 148 43 128 55 6 34 146 59 98 80 57 36 132 149 113 150 125 50 131 145 29 139 51 8 79 116 96 38 84 137 117 69 24 64 130 14 72 20 45 91 52 39 88 75 127 103 56 37 13 60 33 110 122 27 101 25 7 109 134 22 119 126 32 47 133 71 129 
133 66 90 92 48 89 144 59 62 119 121 29 111 106 78 112 41 93 23 40 18 128 117 100 65 8 94 132 7 123 96 140 19 24 6 1 101 17 126 10 22 80 37 116 76 67 58 91 104 113 86 110 108 102 46 129 55 44 137 2 5 4 103 81 105 47 142 11 14 145 139 26 79 120 73 141 52 34 77 16 60 69 97 95 43 84 71 127 150 70 138 68 13 28 50 82 124 131 30 147 136 64 114 72 61 32 99 25 74 115 148 39 49 
13 131 3 112 68 17 137 29 140 107 19 102 114 49 100 122 12 144 4 32 50 150 71 64 55 18 81 87 129 15 111 136 61 95 1 125 127 132 59 124 116 143 39 80 11 83 104 46 103 26 23 47 128 146 99 106 48 96 109 89 75 97 119 66 20 7 117 126 77 108 139 91 56 57 78 34 25 85 115 24 65 41 148 110 5 79 63 92 53 58 149 54 37 84 21 60 73 98 86 93 36 67 101 72 120 90 42 22 6 88 2 135 
44 61 62 139 93 50 39 137 134 23 118 95 70 149 78 86 24 99 76 133 121 18 6 131 55 40 16 136 148 132 98 84 41 46 25 53 67 102 87 51 66 80 96 135 2 129 122 21 14 120 123 141 103 49 91 48 89 9 43 5 1 143 147 97 45 20 72 33 71 52 104 10 59 26 144 58 100 128 112 106 82 88 12 94 65 116 107 138 85 42 113 69 101 115 73 92 63 126 57 119 75 146 19 56 29 31 68 109 30 11 117 37 
85 28 36 42 30 68 53 39 100 22 58 5 55 135 17 81 116 138 106 76 70 120 6 115 51 48 145 114 61 1 4 88 101 118 122 66 75 60 90 73 131 20 148 134 18 111 45 69 142 139 21 34 19 31 49 129 8 136 137 15 57 32 86 74 77 117 123 26 150 141 92 11 96 27 127 2 119 23 38 10 54 128 98 104 37 113 143 107 89 9 56 72 125 97 24 41 140 63 65 95 91 33 133 93 87 13 80 35 43 64 
106 31 71 69 42 21 6 72 64 54 81 41 59 33 119 30 122 107 35 74 40 11 104 114 150 19 94 138 48 100 51 126 143 115 91 139 61 15 13 53 45 121 123 17 38 134 43 73 125 60 76 90 29 5 142 18 128 24 95 116 22 47 44 131 149 14 49 67 109 7 16 132 82 87 39 2 12 9 57 110 4 27 130 23 112 98 127 135 10 137 89 136 86 55 93 37 141 99 133 75 148 103 105 80 146 65 26 129 25 124 68 97 120 92 
12 148 75 65 39 98 139 84 58 87 124 110 140 41 114 70 14 43 91 2 145 46 103 77 29 50 118 120 117 101 64 97 37 144 99 73 42 142 126 34 128 27 35 79 22 130 6 102 134 61 125 66 72 23 131 100 53 9 55 10 13 143 40 67 111 51 5 74 121 25 85 15 78 57 146 136 150 1 76 89 96 38 104 68 45 116 123 94 30 95 36 115 88 28 106 49 26 18 132 52 112 147 44 59 141 133 4 71 48 33 138 63 20 
143 99 33 78 141 149 48 61 142 14 50 1 146 137 122 17 116 15 74 67 125 56 129 127 52 79 12 70 95 55 53 23 109 119 96 132 63 13 38 85 114 82 115 72 19 147 101 49 76 139 73 65 7 108 93 89 150 120 6 37 4 145 110 66 136 123 118 75 135 71 9 88 83 59 57 62 86 103 105 31 32 26 112 18 64 111 22 5 128 107 133 41 45 94 92 124 102 29 27 148 3 2 91 24 36 87 117 140 58 134 46 121 98 16 
14 131 97 130 119 87 141 104 135 136 117 102 12 1 114 95 74 134 23 143 112 65 101 47 26 115 150 52 31 90 30 9 59 118 79 37 67 53 140 70 89 19 120 48 33 17 108 100 81 11 105 27 64 2 3 77 129 94 110 21 86 142 107 148 111 6 16 124 50 106 122 61 109 121 83 96 20 85 45 49 38 24 139 116 10 36 5 88 137 54 56 128 25 147 91 103 60 98 72 126 8 7 18 32 4 84 125 99 46 75 113 144 149 43 
72 4 114 139 50 136 121 44 98 43 48 30 111 17 123 52 137 60 19 88 67 146 7 64 142 120 15 24 6 58 97 143 94 113 124 129 128 54 39 100 36 57 147 51 70 82 118 25 47 140 84 103 22 81 132 5 92 101 21 96 23 125 109 90 104 86 66 115 107 117 62 42 14 89 41 148 27 119 46 18 26 29 106 76 38 10 1 34 105 32 144 33 149 145 65 59 16 102 122 99 49 95 110 130 141 69 8 
4 82 99 133 6 69 33 27 131 149 119 144 110 88 41 85 12 107 43 16 14 116 129 56 66 3 91 46 30 24 105 123 49 53 102 87 52 140 80 147 89 101 29 127 38 40 19 122 7 115 5 103 48 95 108 70 143 42 20 86 60 44 73 132 83 76 93 114 109 64 61 51 121 137 136 141 104 135 59 112 111 10 39 125 148 50 128 118 23 126 113 75 32 63 90 15 74 92 134 142 150 34 100 21 77 65 97 138 2 98 13 124 130 35 
42 88 15 78 22 149 25 129 26 67 102 114 55 144 40 91 33 136 5 31 57 133 107 113 138 36 94 34 19 128 109 54 60 13 84 68 41 127 4 30 24 12 103 112 150 82 29 50 100 101 92 27 35 148 10 66 119 87 80 139 14 39 137 37 89 18 72 95 81 125 63 76 2 17 6 142 23 97 104 51 77 126 11 120 86 28 117 46 96 62 45 73 141 58 132 145 64 3 9 121 130 118 140 74 131 
16 145 124 44 141 29 68 116 22 118 111 27 84 100 83 98 52 51 82 128 150 60 70 137 25 77 48 114 112 88 110 78 21 71 13 79 17 105 65 122 90 125 53 61 95 135 62 63 144 106 143 34 47 19 89 35 49 133 103 42 28 39 109 81 24 46 148 117 85 20 76 54 92 10 102 15 127 8 18 75 45 50 2 1 32 149 40 113 132 55 91 139 99 97 7 115 43 142 67 134 130 107 6 136 96 56 4 9 23 26 
105 106 121 42 114 59 58 91 10 109 48 103 37 71 115 140 41 100 146 135 17 20 56 85 68 16 118 63 50 72 13 133 143 124 45 99 139 120 25 54 55 80 38 113 82 134 136 92 11 138 3 77 43 149 44 108 150 8 49 129 73 52 9 104 18 89 5 21 144 66 101 93 1 30 26 131 46 88 128 125 119 57 70 32 61 65 127 96 74 90 22 117 36 4 67 51 130 69 29 40 112 6 34 76 47 126 28 78 60 23 53 145 15 81 147 79 94 98 35 142 132 84 
29 53 70 101 38 145 32 54 5 128 95 127 112 17 85 131 92 87 149 40 117 135 67 66 81 68 71 84 120 49 147 77 58 3 142 80 57 129 99 89 42 102 16 107 143 28 126 18 98 123 27 33 121 61 56 55 12 138 91 4 19 30 36 44 2 136 25 62 23 144 103 37 146 106 51 48 110 109 65 43 50 94 11 105 86 93 20 83 76 148 114 15 1 45 141 113 150 60 6 39 14 13 100 10 63 35 96 64 74 47 124 115 78 82 
59 69 52 31 148 56 9 61 123 24 49 33 64 70 7 11 44 47 103 111 92 53 107 104 120 35 23 28 41 94 85 141 30 147 72 108 119 150 97 3 126 102 32 91 1 87 50 4 125 40 74 13 96 20 77 90 98 84 106 42 93 88 37 124 5 80 36 14 8 68 117 105 109 83 143 133 78 82 131 142 86 140 138 128 75 146 66 46 62 10 101 149 55 129 43 99 25 81 116 137 122 145 79 95 130 134 112 16 132 6 76 
19 101 8 117 49 127 4 30 145 24 50 16 5 128 96 23 21 113 141 91 135 95 13 22 40 15 18 63 39 107 14 89 121 57 73 51 48 136 122 75 110 82 142 46 9 143 78 3 71 134 26 112 119 61 55 87 100 28 76 130 32 6 67 116 52 120 2 125 133 138 144 1 94 93 20 65 68 102 35 98 83 59 37 92 86 108 114 17 74 36 79 147 47 109 58 106 148 7 84 105 29 124 11 132 64 41 
56 89 64 101 24 18 55 20 126 150 139 96 33 30 49 75 143 1 79 22 77 10 84 36 9 76 50 111 63 41 112 38 148 16 6 106 68 2 128 145 109 138 105 133 97 34 85 144 147 14 103 78 29 100 3 39 140 115 48 137 69 118 26 60 23 37 87 116 99 57 40 88 71 17 132 82 81 110 104 59 47 51 90 123 4 92 43 119 52 122 86 73 62 70 80 54 124 15 74 66 142 117 95 130 131 61 12 
101 141 9 29 85 30 10 50 54 97 67 55 45 27 132 65 83 76 71 107 72 62 136 89 24 53 59 35 75 44 115 116 48 60 31 112 77 18 134 118 127 81 123 13 19 42 139 36 102 145 16 37 40 133 131 105 150 34 6 135 149 106 5 128 114 93 124 87 88 98 122 47 100 117 49 7 99 108 32 64 113 58 84 1 125 111 95 94 144 138 63 121 20 70 126 148 4 68 91 130 25 104 69 33 78 8 3 14 143 79 26 96 90 11 137 56 86 52 
112 4 104 75 57 92 47 149 146 121 7 95 139 129 78 16 150 63 110 72 69 98 123 33 125 67 102 3 133 9 20 126 21 40 22 87 144 120 145 97 65 89 138 12 2 56 90 13 35 61 84 55 132 29 39 18 53 43 106 88 50 105 134 58 54 119 73 37 42 109 135 114 76 66 140 142 118 32 6 45 8 122 60 143 124 141 62 5 131 49 107 79 71 38 10 108 128 77 64 111 99 17 51 96 14 26 81 34 1 41 19 
59 36 81 108 66 137 79 140 118 82 13 105 80 52 114 75 5 29 95 99 129 26 32 139 53 46 146 119 47 110 1 11 132 133 45 102 87 18 89 42 37 27 145 67 147 55 149 61 113 6 22 141 39 69 104 8 51 134 48 17 30 107 131 15 92 64 12 122 138 19 97 150 14 7 98 49 34 72 142 96 41 9 77 65 60 56 71 68 143 21 90 43 23 83 25 31 4 115 35 121 101 103 85 112 106 20 109 88 33 57 
5 147 86 90 122 106 35 1 84 121 78 140 79 23 72 83 112 117 75 11 49 124 126 91 99 34 24 82 107 67 20 139 92 114 132 97 29 76 63 36 43 120 93 13 146 123 38 127 104 85 66 31 142 80 19 53 44 30 9 16 148 105 118 68 50 17 100 15 12 89 58 111 54 41 115 149 131 52 22 6 48 119 137 40 7 102 4 28 26 46 14 21 57 130 77 51 10 103 81 64 88 144 55 39 133 138 94 136 61 74 109 65 116 141 8 33 45 42 
81 109 134 13 70 55 111 119 63 12 21 91 54 1 86 150 57 66 27 114 76 30 125 14 106 90 126 120 49 99 5 112 56 115 83 92 74 47 127 19 4 18 48 59 62 28 85 78 43 138 33 68 20 53 118 136 110 82 52 35 77 7 131 140 39 117 144 137 31 26 132 89 9 147 108 100 69 113 11 72 32 25 141 15 16 38 24 80 29 93 45 149 75 94 121 133 64 87 65 104 88 2 61 46 22 41 40 
86 149 19 1 23 68 46 4 77 78 79 11 125 93 119 73 144 123 84 75 24 29 67 103 65 124 112 99 92 148 130 147 30 62 13 39 114 133 54 102 33 134 122 42 135 53 132 70 89 17 117 7 57 8 85 95 141 82 18 16 128 69 143 98 146 116 27 60 43 83 35 108 45 14 91 126 115 64 61 52 32 38 105 59 104 80 111 22 58 31 76 9 94 12 121 113 25 26 49 41 6 129 34 118 5 72 74 139 
136 45 43 12 82 100 4 42 137 6 134 56 87 83 65 60 40 142 79 118 78 140 71 19 14 106 41 46 104 5 90 30 143 35 69 7 77 72 122 148 3 129 38 39 102 141 84 20 32 149 133 54 66 22 80 115 131 13 150 55 64 15 73 74 48 18 110 109 21 99 50 44 125 120 37 113 24 2 107 17 8 105 76 16 112 103 127 51 94 128 27 52 111 89 47 135 81 23 31 88 124 97 86 63 53 36 101 28 92 59 126 93 
44 96 127 81 132 83 66 135 136 95 91 50 87 74 7 115 109 131 82 146 51 11 102 97 148 43 2 110 48 105 70 41 101 20 118 34 144 4 3 8 38 92 125 23 100 149 134 80 30 150 65 143 108 112 28 10 12 24 114 72 45 129 13 62 37 94 40 18 88 120 1 29 84 61 98 104 93 59 145 17 89 15 39 130 60 53 73 77 6 31 26 64 47 86 36 117 75 14 76 103 25 106 79 111 42 21 137 
78 143 95 75 55 57 103 12 47 134 36 11 64 98 39 99 59 70 126 34 79 141 116 122 65 38 60 20 114 6 63 123 83 130 150 118 129 87 3 146 61 113 33 19 35 74 80 72 131 51 84 5 125 66 106 104 31 56 16 88 149 76 7 102 14 26 2 133 30 44 112 53 15 17 145 117 13 67 137 29 43 68 82 121 110 91 140 24 85 132 23 148 101 139 77 71 50 8 142 52 147 49 96 86 69 21 135 105 32 25 45 10 1 115 138 92 58 90 73 42 
48 75 44 83 36 111 99 125 43 89 141 116 17 60 137 53 128 15 30 61 33 88 13 57 35 16 50 18 82 7 54 121 107 105 4 92 39 67 68 72 81 90 71 139 100 103 142 12 145 65 55 11 85 29 76 146 147 6 104 78 51 143 73 49 102 45 115 120 138 94 34 127 87 40 130 80 132 112 77 129 150 14 98 31 24 123 74 140 126 84 22 10 118 91 9 117 1 20 27 58 42 21 108 37 119 124 2 64 106 122 32 19 114 
50 31 142 65 22 149 120 131 145 48 101 47 10 18 57 143 40 98 64 99 80 125 72 26 1 3 63 23 115 124 12 8 100 2 84 136 127 117 51 89 85 133 53 107 126 44 66 150 82 11 118 39 67 19 108 75 147 94 90 73 46 14 146 92 111 144 88 43 138 35 45 129 49 112 77 62 105 68 97 132 74 41 116 37 128 56 28 55 15 34 9 76 32 59 135 83 24 38 110 93 13 21 86 20 42 95 16 81 70 
23 82 37 97 44 30 136 81 75 66 125 72 8 115 94 80 46 10 85 98 49 52 21 105 48 84 140 133 130 43 4 9 3 149 121 86 129 34 14 128 41 120 54 36 39 111 47 45 11 95 32 101 56 51 38 1 144 76 69 89 110 124 24 22 143 119 58 74 139 79 53 15 91 88 100 20 18 33 146 77 108 83 142 16 87 148 99 145 118 134 2 70 62 5 116 135 137 114 141 25 123 63 131 57 147 73 42 122 60 26 132 13 107 68 
41 118 127 147 85 96 77 110 111 148 64 21 26 45 146 83 73 35 135 132 76 113 14 143 84 27 74 117 133 18 16 33 12 70 57 75 37 13 53 87 48 93 38 106 144 62 94 51 3 39 126 92 134 101 71 137 120 24 150 68 128 100 47 140 82 66 31 125 114 40 72 23 99 109 59 142 55 29 139 108 34 20 54 49 149 43 63 61 107 115 123 79 98 25 5 50 67 122 136 97 17 30 105 52 22 10 116 9 141 145 80 95 138 119 78 91 89 11 4 7 
117 16 94 111 125 146 28 128 73 36 2 82 9 138 100 133 62 127 98 147 8 40 107 99 48 50 83 120 7 114 131 140 139 25 102 12 97 70 103 72 129 66 141 11 17 108 57 118 136 49 29 69 89 56 22 113 74 20 79 14 26 41 91 33 67 6 53 86 71 27 55 39 32 115 84 122 145 130 4 60 47 10 106 81 143 64 101 68 124 90 95 37 63 51 58 150 104 110 93 21 34 15 137 135 142 112 61 18 31 75 24 43 87 132 46 119 1 123 88 144 59 65 92 
93 141 118 131 48 5 92 3 9 76 101 64 54 135 60 1 104 18 79 38 110 95 109 47 87 56 122 34 111 107 23 112 119 134 41 145 150 37 99 129 35 80 14 19 73 50 52 144 57 42 68 11 63 113 146 44 51 72 16 88 12 126 55 108 29 8 17 125 21 26 142 40 100 43 132 27 45 86 78 114 70 136 96 32 15 7 22 139 120 6 128 143 71 28 10 82 94 65 66 53 105 98 130 147 91 89 33 90 133 75 49 67 31 83 77 
78 34 88 6 135 54 122 19 24 139 105 37 90 125 79 26 48 102 12 51 65 1 16 25 18 38 126 29 57 85 73 133 46 9 22 33 31 13 118 21 5 148 111 23 49 35 71 129 112 103 84 39 4 117 113 104 72 20 66 17 53 89 149 134 150 52 109 106 92 114 110 55 60 95 14 2 42 68 101 28 7 76 143 128 145 86 137 82 136 81 119 62 36 94 142 44 120 27 141 45 32 138 132 10 146 11 58 108 77 93 64 147 61 123 40 144 140 83 47 98 
75 92 136 125 66 105 69 150 54 3 32 46 115 137 146 39 28 59 103 122 144 64 38 113 62 124 111 68 101 110 96 139 22 76 89 81 120 48 133 94 87 17 84 50 93 126 34 40 143 104 31 82 9 57 128 145 55 44 134 129 72 131 117 65 26 118 141 74 116 127 58 147 135 25 107 49 138 18 63 13 56 97 114 5 148 8 33 140 102 2 41 52 27 132 14 24 29 19 12 53 21 106 99 35 149 23 6 112 90 60 
14 95 64 121 63 89 58 81 82 22 74 27 90 124 128 2 133 19 45 142 29 140 113 3 125 83 110 138 69 106 35 149 104 49 15 32 20 141 112 126 114 42 150 96 86 33 50 53 36 73 132 93 144 61 72 10 137 30 8 94 130 136 1 117 120 54 84 56 18 129 38 11 91 47 98 17 26 4 76 24 23 118 46 31 143 70 107 99 146 5 48 119 68 34 79 51 116 62 43 85 131 134 87 37 60 135 123 65 44 12 88 52 77 127 
41 113 116 122 37 39 76 46 61 60 48 112 56 104 79 139 133 26 83 134 58 74 131 88 13 107 70 96 59 141 10 93 140 57 86 84 100 124 114 135 145 15 28 90 27 68 136 43 126 150 109 47 118 29 12 81 67 8 147 38 91 103 65 5 137 52 45 9 119 138 32 25 24 128 42 105 108 142 55 94 22 115 82 30 106 31 6 98 44 34 53 99 3 117 143 146 50 17 16 80 130 75 149 144 102 49 69 
137 81 28 46 118 22 103 26 78 92 31 122 89 124 55 82 148 23 10 93 47 11 30 104 91 117 144 64 36 2 96 108 19 59 107 9 106 140 133 120 97 76 51 13 126 4 101 60 15 132 35 66 127 29 84 129 146 39 8 125 40 3 139 69 119 33 95 75 12 150 38 14 130 53 67 114 5 58 20 145 143 68 21 70 17 61 123 102 37 16 138 113 27 6 50 98 99 83 1 7 80 105 86 
20 139 24 35 26 89 16 115 47 69 143 66 8 105 51 65 95 82 97 85 59 109 30 60 135 119 132 1 93 91 90 101 108 40 55 74 36 70 38 114 46 147 15 80 124 12 76 99 144 27 149 140 19 11 41 88 10 148 131 100 62 122 13 22 128 56 63 73 106 64 57 61 53 146 33 130 145 126 37 92 67 77 6 52 81 5 34 84 44 134 79 107 125 50 121 87 54 49 72 43 75 102 138 94 118 96 86 110 71 113 98 68 21 
131 38 96 43 19 67 148 87 42 111 9 73 85 118 119 4 20 98 72 100 57 61 2 117 1 94 90 109 137 130 48 40 83 140 39 124 141 68 16 50 106 116 8 22 31 32 36 139 92 33 70 143 133 47 86 63 127 64 66 7 23 114 52 35 135 129 112 138 27 74 78 110 122 147 82 54 34 58 84 149 3 107 69 134 77 24 10 97 104 105 26 65 125 132 29 59 150 28 88 123 108 71 75 6 62 144 41 126 14 136 37 25 
6 80 16 70 116 110 42 74 34 142 45 126 131 99 10 28 75 134 22 112 17 50 78 111 86 107 56 88 105 71 106 26 147 120 103 40 82 11 108 140 12 47 94 48 31 20 101 73 52 141 58 119 68 5 93 145 143 72 18 79 57 109 127 97 130 60 3 76 87 133 139 81 85 121 100 135 115 150 54 9 66 61 84 27 2 104 129 21 138 149 95 132 118 14 55 148 113 23 125 46 51 36 35 92 49 32 96 19 83 90 128 62 122 
82 10 123 83 104 120 102 87 22 8 19 139 21 27 129 35 16 145 79 26 7 59 108 128 97 77 29 125 17 31 137 40 11 114 100 91 117 78 127 34 74 75 103 70 88 133 150 69 46 12 99 134 130 144 49 138 116 67 81 132 43 4 47 14 141 23 80 92 39 9 101 118 24 72 122 58 18 2 86 62 148 140 94 143 66 63 5 105 25 131 6 54 110 84 41 68 96 45 135 61 98 112 124 44 95 56 126 37 53 76 1 51 121 60 42 
82 40 79 126 92 130 19 139 31 127 20 150 54 6 1 5 41 134 13 52 97 12 23 73 90 147 8 132 141 129 76 77 17 42 142 3 86 80 81 128 143 7 46 95 138 48 108 22 65 16 113 74 136 66 102 137 21 118 104 72 36 91 78 10 110 84 61 145 55 26 131 103 135 109 49 100 140 44 24 71 101 89 67 114 69 122 115 14 119 57 75 51 29 25 117 32 
141 76 86 108 9 41 55 4 47 30 24 69 116 40 89 35 22 81 25 17 115 95 29 48 149 150 33 38 46 43 61 23 113 96 28 88 148 110 97 19 2 59 121 63 78 118 77 42 70 67 44 146 34 32 6 45 85 50 71 119 26 134 107 27 51 130 137 66 127 139 102 105 136 75 90 74 104 13 133 91 92 145 100 83 109 131 101 99 129 10 87 72 53 138 36 16 135 3 80 7 82 31 132 111 
44 64 54 98 129 122 84 80 25 150 77 50 144 143 13 92 97 130 104 111 18 45 37 6 112 8 113 124 11 103 93 71 19 105 114 42 9 116 21 46 91 47 126 29 132 72 102 23 123 95 61 108 73 94 5 65 119 99 83 10 101 34 40 39 66 51 58 120 67 148 52 15 28 142 145 78 60 140 107 100 17 49 1 81 41 74 31 109 62 117 16 35 149 22 86 63 69 82 96 55 147 26 136 115 141 146 87 139 85 133 134 59 110 24 106 128 
117 104 97 76 120 137 81 95 29 35 87 75 146 55 41 78 5 23 116 61 60 47 101 122 9 51 126 130 85 21 16 82 33 144 36 114 118 20 62 138 59 1 39 71 143 53 106 136 31 56 107 50 14 123 140 58 131 89 67 38 44 94 111 128 12 110 27 93 134 112 129 19 45 105 133 127 83 142 84 96 145 32 3 4 7 73 15 66 148 74 34 46 79 91 8 22 90 109 77 125 103 132 48 17 26 64 72 6 24 25 113 28 13 135 150 65 
106 72 64 137 27 4 57 88 28 83 138 43 69 96 60 85 136 109 9 59 73 62 77 35 122 24 26 149 25 89 61 146 50 70 101 142 18 71 15 21 42 134 87 126 14 47 66 104 79 143 107 118 124 129 115 98 1 20 31 67 10 40 30 82 39 133 19 76 150 93 147 105 81 103 33 12 52 68 41 144 80 23 131 16 119 114 29 22 123 78 99 145 5 38 37 90 7 139 63 108 17 95 46 102 6 54 58 127 74 75 132 135 121 125 3 2 111 
127 80 1 120 131 12 2 87 26 83 30 58 146 72 42 10 103 15 39 101 114 68 128 136 143 71 7 130 19 147 109 115 57 8 21 34 77 150 129 33 56 22 60 132 23 69 48 140 45 82 96 6 14 59 81 85 84 47 32 52 18 145 141 70 25 112 134 17 5 93 54 95 139 11 29 94 40 28 61 90 149 122 125 43 50 144 38 41 92 62 51 46 124 138 100 66 44 75 79 117 126 31 123 148 27 97 37 88 13 55 
105 127 37 116 128 106 32 39 146 83 22 95 147 28 74 17 5 81 43 33 125 65 61 118 1 50 90 7 45 63 73 36 62 103 123 78 60 76 64 108 66 51 18 130 139 142 89 15 77 126 97 92 133 101 94 107 100 20 14 24 57 138 135 131 67 129 114 143 93 98 6 119 26 47 2 136 71 31 111 55 52 79 113 120 132 30 42 23 29 91 121 148 110 149 86 141 82 115 9 46 4 48 59 124 72 53 38 112 68 84 27 70 13 104 10 134 8 40 11 
30 145 13 16 6 40 132 144 119 41 47 140 141 135 95 8 118 127 58 139 26 149 126 128 83 31 66 49 79 68 143 1 78 129 38 100 18 120 122 53 7 84 10 67 24 52 134 72 103 121 32 111 124 34 48 150 92 138 35 130 89 62 55 75 43 125 23 104 91 37 77 63 61 109 9 105 115 101 57 42 107 5 88 70 93 50 73 33 113 80 19 15 81 97 46 146 29 
69 133 38 35 53 115 132 83 147 103 19 9 40 148 128 39 105 118 16 75 67 30 142 76 4 79 91 31 21 129 47 25 110 72 27 84 80 2 17 37 51 29 87 42 127 44 70 43 18 108 122 88 5 14 149 64 81 134 141 62 15 8 71 125 50 97 1 123 34 12 101 7 144 92 120 73 26 93 135 61 98 109 86 82 121 56 102 113 22 95 57 13 52 112 89 143 90 140 111 41 
150 103 82 100 43 129 61 71 12 67 8 114 33 25 121 122 23 30 55 140 99 130 92 135 22 79 31 15 35 112 51 24 6 146 13 66 52 109 62 42 78 68 108 80 142 74 19 85 38 87 81 56 111 128 17 37 107 134 59 27 49 105 18 11 44 132 50 64 148 127 123 124 143 57 86 113 119 93 4 84 5 53 90 137 60 45 76 36 65 9 39 28 96 106 21 101 120 14 144 40 133 34 83 1 104 89 70 98 20 115 2 141 48 97 10 102 
51 77 26 97 72 113 12 21 18 148 58 80 140 111 110 7 134 141 107 123 144 67 61 19 24 71 60 84 88 116 95 145 10 13 96 59 35 23 121 137 47 130 139 41 70 87 133 149 129 122 74 52 5 42 68 76 40 34 50 82 112 45 92 128 115 54 36 89 53 85 108 75 119 30 62 102 150 104 43 100 48 118 20 17 132 93 98 22 29 63 55 79 106 3 147 28 39 15 56 44 120 136 64 49 33 91 27 114 101 25 109 11 57 
63 42 65 143 101 74 111 45 4 33 148 12 119 121 114 129 8 139 128 66 109 73 134 85 141 16 64 92 96 38 145 87 36 76 60 13 27 34 22 79 67 39 140 23 86 10 138 115 47 132 18 70 122 53 58 149 62 40 113 150 78 61 37 15 43 14 105 41 98 75 90 125 137 35 135 108 28 99 117 50 71 5 84 124 49 9 104 81 116 55 46 3 7 72 11 120 30 25 102 131 48 123 26 95 88 
83 143 48 61 125 65 14 58 74 59 93 84 140 149 29 40 45 103 50 47 7 138 115 30 129 112 136 34 97 52 76 122 23 98 89 142 60 92 72 102 67 12 5 124 57 35 24 63 77 9 146 82 62 88 114 39 86 87 105 121 49 79 54 106 71 38 20 109 110 80 55 139 134 126 46 70 16 127 132 68 135 107 25 66 90 56 130 22 119 17 116 75 144 37 78 41 43 104 28 10 3 123 81 4 85 27 118 13 32 69 108 44 6 91 64 101 145 15 
98 125 67 33 85 23 52 22 126 30 119 134 102 89 141 83 31 120 45 123 142 9 103 46 101 78 71 6 135 73 11 145 5 68 44 108 75 29 60 28 16 76 27 136 18 15 121 14 87 137 139 111 63 100 24 34 40 115 57 41 50 64 26 128 2 117 53 84 13 82 56 122 132 19 97 94 150 62 54 38 20 140 130 55 99 138 118 51 3 146 7 77 109 105 35 124 42 39 10 74 116 37 81 114 79 107 88 17 106 93 131 61 147 127 113 1 
4 49 82 31 57 79 150 66 85 126 16 92 105 116 137 125 5 106 3 131 135 9 134 117 91 121 28 111 41 128 71 138 67 87 43 97 136 143 140 89 74 118 7 139 90 8 15 63 35 25 99 17 86 113 34 10 100 101 112 83 62 114 6 51 144 95 69 55 142 53 119 46 123 103 56 27 68 22 109 40 52 36 115 122 129 84 70 26 64 14 80 29 147 61 18 47 65 54 72 133 38 58 20 23 11 19 110 37 
26 94 43 121 144 140 147 116 53 45 80 84 19 109 8 29 129 20 11 82 76 48 31 56 99 146 98 79 77 122 69 42 89 106 127 25 51 5 17 78 73 110 114 16 40 9 150 63 113 75 92 108 139 143 91 24 74 115 93 13 87 49 103 145 96 2 15 85 67 102 100 119 135 23 142 30 1 39 88 64 132 37 62 112 33 66 130 141 65 105 120 149 28 117 95 70 27 6 3 72 10 71 12 58 32 21 35 
60 59 108 81 148 90 29 97 109 26 16 150 104 147 106 55 114 46 80 28 84 122 7 96 76 79 68 24 95 89 87 83 111 72 117 100 61 45 58 94 144 137 11 66 149 112 13 92 146 142 37 120 123 74 143 101 77 53 118 119 126 140 128 141 10 102 4 32 136 33 127 51 86 40 71 5 107 1 57 54 64 30 138 115 21 75 85 27 25 6 125 41 124 2 131 9 23 91 63 121 18 36 42 116 129 17 20 12 70 31 99 133 8 3 93 34 48 113 103 50 105 38 134 
103 132 87 105 68 2 42 48 119 35 111 135 72 125 79 6 148 15 124 71 143 34 144 4 147 10 94 46 30 47 3 38 74 108 122 20 51 70 141 22 59 84 67 95 73 109 91 78 69 58 75 138 53 149 12 89 97 136 126 110 85 92 145 107 14 55 16 118 139 98 1 13 100 40 134 130 33 146 52 96 11 65 8 17 77 90 7 137 102 115 150 29 80 113 81 36 114 86 25 142 23 106 120 54 66 104 9 117 93 24 37 32 
126 108 14 117 50 107 30 132 99 40 135 26 78 38 43 137 86 147 122 39 73 12 9 65 106 116 97 84 103 120 63 4 17 22 87 94 142 53 125 23 113 121 123 54 31 1 37 114 72 28 141 10 124 118 90 81 7 77 11 69 2 144 74 80 115 15 44 25 145 41 29 67 79 112 18 89 93 133 46 34 64 143 98 16 20 92 27 150 82 48 19 119 129 49 57 146 127 36 100 68 96 128 130 104 71 110 61 56 139 138 109 33 21 58 70 
62 87 90 110 27 69 14 133 33 16 97 15 148 20 57 65 26 92 19 140 48 122 2 113 71 10 46 67 107 51 18 3 142 129 119 79 34 68 73 22 124 36 32 84 123 7 144 139 60 103 38 109 23 77 28 5 143 141 76 72 99 29 8 147 86 120 66 128 44 9 47 59 43 56 136 100 134 30 13 81 55 131 130 137 125 58 104 78 108 40 117 61 11 70 93 45 98 82 112 41 21 54 114 88 74 105 115 116 50 127 42 24 52 63 106 102 
41 133 45 16 61 25 36 137 145 141 150 140 72 47 118 146 79 11 5 69 95 119 84 132 85 17 27 63 135 149 13 59 107 74 126 80 57 116 121 130 96 4 42 73 44 110 55 142 147 49 144 90 34 54 29 87 51 129 113 10 102 86 120 6 50 81 28 30 23 88 138 7 75 58 71 106 108 53 78 117 65 148 15 109 122 22 139 43 98 39 77 1 92 8 99 83 82 105 104 103 19 76 40 128 56 66 2 
3 134 23 99 91 13 28 125 141 43 62 84 48 26 32 111 49 75 143 135 94 30 73 86 67 12 108 20 35 33 31 101 109 11 18 4 53 50 42 19 116 145 85 142 64 107 22 92 110 95 83 1 59 63 7 14 44 17 113 71 129 100 40 56 130 29 9 54 70 82 47 126 104 77 127 27 34 46 8 120 132 79 144 81 39 136 69 133 24 72 148 21 5 146 96 103 61 89 76 41 117 78 150 68 105 55 119 98 74 149 51 115 139 
96 63 62 46 73 53 80 29 147 17 93 129 7 122 116 95 128 78 149 42 109 79 67 134 108 136 143 22 57 10 56 64 35 24 145 100 5 54 21 15 90 47 33 105 2 77 14 101 75 52 121 20 114 60 11 55 132 92 37 4 68 102 133 31 40 111 70 141 65 117 19 26 59 16 110 127 150 48 107 139 28 123 130 89 23 91 61 6 30 3 72 115 8 9 71 120 112 85 84 12 119 113 41 18 104 94 88 87 146 69 13 
77 42 2 118 115 81 137 146 31 141 6 148 34 91 75 135 28 13 86 140 65 74 108 67 147 106 149 79 103 54 144 46 43 133 97 56 38 117 11 17 145 128 107 39 116 8 15 138 10 134 130 95 78 104 80 50 129 18 114 131 4 87 101 58 142 68 71 111 32 25 49 105 12 37 47 100 52 112 33 94 60 143 44 22 35 40 76 69 92 36 82 30 9 122 55 3 16 126 120 110 136 61 23 93 85 41 27 123 121 127 62 83 113 19 
37 63 95 110 22 103 127 16 50 46 98 93 73 89 61 66 7 121 27 65 94 59 36 31 55 144 52 143 115 80 112 10 87 148 141 41 123 101 125 142 135 62 108 139 136 129 81 19 29 68 111 23 39 40 107 51 33 114 35 82 64 84 6 12 128 38 76 100 4 8 26 96 32 15 104 2 11 53 113 67 85 130 132 60 72 124 78 131 9 47 21 54 91 18 149 24 109 75 105 126 1 116 146 83 14 119 118 17 70 3 
101 131 38 81 22 144 7 110 9 135 83 37 33 137 3 47 74 61 59 97 55 107 66 103 50 93 138 39 67 52 64 73 84 56 145 88 118 126 82 27 13 57 127 134 15 36 69 42 95 11 98 23 26 143 32 122 129 4 1 116 20 79 48 113 72 100 89 108 10 133 68 21 31 123 75 29 80 132 96 5 121 24 30 136 19 92 40 60 85 149 124 139 90 94 78 86 45 106 51 18 105 54 62 117 125 109 140 104 58 53 150 114 115 2 77 
63 27 82 52 17 39 5 15 11 69 38 28 32 60 55 137 85 143 31 89 44 124 90 150 87 73 103 37 78 130 43 59 147 57 36 80 95 146 10 98 86 105 144 88 91 125 94 128 140 122 136 134 65 40 70 18 93 107 46 41 26 110 109 19 14 135 101 6 29 106 133 129 84 34 2 23 118 145 119 47 25 8 74 149 68 114 139 100 116 83 58 21 102 71 4 120 20 131 81 13 67 132 79 16 12 75 104 62 
111 29 105 81 108 97 112 69 56 93 149 123 51 6 49 103 11 119 91 130 10 86 55 76 78 79 127 40 88 124 21 128 137 141 104 116 114 115 142 109 58 113 122 110 43 87 34 73 22 24 41 5 72 82 98 46 32 77 84 134 100 139 66 118 31 80 37 131 90 17 135 15 106 94 64 1 89 146 144 138 68 13 107 132 71 16 62 121 20 140 27 19 48 54 4 26 120 36 102 125 2 133 92 12 150 39 60 101 38 35 147 61 99 63 83 145 
23 15 146 119 53 111 19 1 21 131 11 107 59 95 103 148 128 18 68 24 109 134 33 93 112 64 126 113 142 123 104 67 115 108 46 87 149 77 66 31 29 44 88 102 57 60 22 90 75 69 83 7 147 135 9 32 8 43 55 124 61 3 45 120 52 6 82 140 80 30 20 85 4 141 106 70 25 84 50 5 62 125 2 54 73 96 17 118 65 41 97 137 72 121 58 27 110 99 132 91 139 76 28 36 86 105 39 51 130 136 143 133 12 92 74 47 35 
45 108 134 92 73 13 68 136 90 86 133 126 15 149 148 49 47 44 7 127 64 41 12 100 43 31 128 40 61 123 22 29 115 18 81 147 56 37 10 112 80 66 119 83 101 30 16 110 2 85 87 27 94 137 42 11 50 129 78 117 19 116 5 52 63 1 99 107 143 105 93 89 70 60 32 88 138 91 121 48 103 59 139 4 150 62 67 23 106 38 104 102 131 141 142 75 28 74 111 118 36 69 25 33 120 114 34 
1 19 119 43 83 107 38 112 120 62 11 147 129 51 21 32 128 103 95 35 121 132 16 27 70 97 108 68 110 101 149 93 6 63 81 13 7 46 123 65 102 117 137 138 31 77 87 105 22 4 150 37 53 88 69 36 25 50 8 125 118 39 60 56 10 143 9 76 89 80 131 58 30 136 28 73 57 74 134 94 142 122 111 18 2 52 100 40 144 45 71 148 106 140 99 139 33 17 34 20 104 47 133 79 109 72 61 14 
90 33 26 63 105 135 60 73 104 20 81 9 18 145 88 118 96 17 75 64 30 82 139 129 23 25 69 133 57 116 53 54 40 13 7 43 36 19 138 66 77 124 100 136 67 94 44 31 87 143 132 97 142 131 1 56 4 91 12 29 14 149 84 48 58 114 6 21 41 113 8 108 37 101 95 34 146 83 47 134 45 120 50 107 121 46 130 62 32 71 103 148 106 112 144 61 5 110 59 15 72 22 126 122 42 102 80 89 150 27 
63 91 32 43 90 74 42 46 127 30 139 133 8 147 84 23 97 44 7 82 68 149 107 64 15 22 108 135 21 59 119 3 11 73 75 1 124 56 39 144 60 16 50 76 85 86 137 61 67 27 95 146 100 111 69 62 26 65 140 2 89 54 92 112 18 12 99 5 150 29 35 79 80 113 28 98 115 88 136 20 66 53 24 121 132 81 117 103 83 122 40 52 41 104 71 145 125 77 58 114 126 25 78 118 
27 47 67 53 23 65 29 35 100 97 89 2 42 123 143 51 92 74 31 108 34 144 22 43 12 99 88 5 85 83 128 109 58 113 148 110 70 14 77 79 49 94 87 120 16 112 136 103 150 56 141 137 132 50 76 15 142 6 68 114 46 127 48 96 133 1 62 138 59 131 121 81 122 7 82 93 139 72 39 145 57 24 3 117 30 10 64 11 36 25 19 98 118 37 86 17 84 146 38 60 55 126 21 104 147 102 32 107 95 4 124 63 140 45 69 28 
25 35 108 2 114 50 37 109 116 47 13 62 127 126 120 68 143 117 133 111 129 79 10 105 29 123 138 27 54 104 101 88 136 74 66 76 53 149 89 8 132 121 70 92 4 34 44 45 141 96 78 30 49 115 41 145 72 36 87 46 3 20 94 93 110 42 12 19 11 125 147 56 82 119 61 130 26 81 59 31 75 58 80 106 32 102 146 84 14 86 15 100 21 113 118 99 17 148 5 142 39 137 98 107 52 69 24 131 91 28 85 134 
