150
120 134 86 31 101 33 76 16 64 17 15 62 18 55 147 96 69 93 29 73 108 47 8 4 34 41 111 26 3 10 21 137 35 6 68 107 57 112 22 36 32 110 24 150 12 132 28 138 141 145 53 121 98 44 19 48 2 60 88 148 127 77 99 46 82 50 72 27 38 92 83 114 102 106 129 5 74 59 143 61 
44 91 8 56 22 17 55 70 38 62 135 129 119 92 40 63 116 98 146 136 48 50 83 84 106 33 127 73 81 126 60 148 149 32 107 47 88 86 100 144 37 104 52 82 77 4 138 58 139 23 28 112 7 121 30 113 123 21 9 31 137 85 3 95 143 10 39 66 78 105 26 79 1 93 101 25 147 19 12 141 132 53 131 
79 23 36 107 66 45 131 138 35 49 117 5 59 77 4 14 86 142 146 47 88 114 19 40 100 20 96 76 42 85 73 63 15 38 37 103 135 44 82 118 90 113 67 39 144 33 10 81 2 128 50 62 148 93 121 137 125 52 28 22 143 149 56 140 99 41 87 106 1 68 64 46 95 83 80 98 69 
120 70 105 143 64 28 18 74 61 40 73 141 3 29 76 126 117 79 25 96 104 57 86 26 149 113 53 130 9 69 35 94 67 111 68 55 32 107 1 33 102 93 137 101 80 103 43 71 135 56 46 85 38 115 20 77 147 106 31 132 7 6 11 91 81 88 66 34 127 50 128 99 5 75 30 148 12 2 142 110 97 
32 26 109 84 97 27 135 115 114 105 90 131 106 15 9 143 24 77 43 75 122 74 59 127 113 45 12 147 53 34 10 68 88 81 56 108 124 85 58 55 86 54 138 37 118 48 66 130 1 61 4 52 110 23 95 3 133 22 76 36 11 78 92 29 139 100 
16 84 4 11 69 67 86 101 36 121 46 24 49 109 37 73 96 38 142 115 76 102 17 47 123 32 66 99 65 15 141 27 126 122 12 74 149 90 144 125 10 145 79 147 98 136 106 85 134 33 104 20 97 18 100 139 133 57 7 39 1 82 55 59 50 34 56 44 
24 125 97 133 128 116 86 115 90 140 122 123 20 39 101 111 79 68 98 105 112 46 114 28 147 10 52 27 31 119 2 103 72 129 81 40 45 26 33 18 84 104 124 135 131 50 16 8 41 118 127 71 109 22 120 65 4 75 78 53 134 85 29 142 91 102 80 113 6 51 47 57 95 19 132 87 73 89 141 96 130 70 
82 86 51 79 119 13 14 93 61 109 124 77 43 38 85 135 89 138 49 125 66 28 2 9 144 148 74 92 127 130 121 83 52 36 63 27 21 131 114 105 108 26 7 53 59 140 70 75 67 19 134 71 133 35 1 72 33 149 97 84 129 60 143 34 80 104 76 99 137 112 146 106 40 136 16 87 90 
40 36 75 119 101 134 37 47 128 102 60 43 49 51 15 113 87 127 143 4 34 123 70 19 5 146 93 45 41 118 20 115 144 136 107 80 138 27 122 65 62 52 21 114 133 145 126 74 2 58 97 132 106 108 124 130 30 121 149 8 104 56 63 83 55 95 105 42 79 94 140 78 85 46 
125 91 140 112 122 149 99 143 97 19 105 26 88 28 42 7 128 35 95 109 134 34 115 45 111 130 63 116 15 64 61 132 46 18 67 59 103 16 37 70 23 131 139 92 48 50 79 69 78 133 124 3 77 6 36 93 74 58 108 43 82 90 5 138 81 1 47 2 39 85 
144 68 53 114 40 131 45 112 79 5 93 106 32 111 49 84 104 62 149 14 28 12 129 96 26 125 148 86 89 65 56 36 87 47 60 33 119 138 115 136 90 67 108 6 52 24 44 72 118 25 113 117 37 99 120 98 123 122 97 127 70 147 124 78 29 51 16 110 135 137 121 20 13 4 116 74 130 
28 116 68 39 18 119 142 78 141 66 83 31 117 121 122 45 47 71 27 136 132 63 124 137 37 56 98 49 4 81 100 20 101 11 41 2 42 135 77 29 5 73 88 6 109 147 24 105 58 115 53 16 34 80 25 35 102 69 61 55 110 57 85 131 19 144 33 93 74 62 126 48 79 38 13 118 134 94 99 72 46 150 106 54 1 95 64 133 92 70 123 113 44 
96 137 51 61 90 32 80 11 150 140 109 98 43 44 127 71 102 124 63 133 66 47 92 122 110 129 16 21 86 134 125 45 8 101 78 56 91 58 88 64 48 74 49 28 39 139 42 135 143 131 100 46 99 126 77 60 22 116 62 34 65 119 35 75 36 147 24 94 142 121 113 112 115 12 53 136 31 
128 63 92 118 61 55 80 93 138 114 73 123 83 23 126 70 25 16 116 86 58 121 102 90 100 37 49 64 71 142 78 40 44 20 68 54 110 42 8 148 120 3 124 51 69 145 66 41 21 144 11 33 48 46 32 79 135 34 146 22 125 113 53 109 82 111 96 47 30 131 36 95 39 150 
143 138 62 122 81 115 45 21 57 52 68 76 84 60 88 134 114 74 17 125 19 83 150 82 23 33 18 61 69 43 77 20 103 47 97 101 24 93 9 126 36 141 140 44 110 67 145 75 5 120 1 40 106 10 27 64 132 121 72 148 3 6 39 53 50 113 127 128 118 49 73 
97 11 14 29 8 67 48 102 41 73 117 109 20 141 32 134 126 54 25 142 128 108 43 145 124 13 68 123 39 103 114 49 139 95 70 10 7 51 147 149 52 98 78 1 84 6 83 38 63 96 62 64 121 55 91 74 59 120 136 150 17 93 34 100 21 122 26 132 148 12 94 104 
89 49 101 90 64 129 6 27 42 93 150 51 66 99 59 46 81 34 41 47 131 32 127 1 54 103 145 142 2 82 33 98 23 112 22 94 124 102 100 16 126 132 71 97 77 144 57 117 91 104 146 85 65 44 92 48 53 130 67 88 96 60 111 135 21 125 106 68 30 70 95 61 86 35 141 29 25 115 24 55 119 15 128 123 38 136 31 62 56 
63 139 119 7 29 140 145 122 121 42 89 33 24 20 150 54 15 71 86 135 46 90 131 61 25 124 115 134 147 55 148 81 38 96 35 130 23 93 4 1 72 21 104 112 34 64 68 56 110 127 87 32 6 22 141 88 10 70 84 67 12 49 
15 129 92 20 42 64 148 142 8 65 144 149 75 68 130 131 63 9 143 49 145 112 79 59 114 2 88 23 124 125 51 77 35 60 84 3 39 87 102 119 61 33 56 66 134 141 113 73 86 122 40 45 111 22 44 36 132 12 76 100 98 1 94 7 105 32 117 126 55 99 107 85 10 
65 71 127 14 131 72 112 64 73 97 41 136 38 118 144 101 129 142 89 9 92 104 19 46 54 49 149 26 130 94 53 135 70 117 59 103 28 133 106 40 147 125 16 3 35 6 99 137 98 107 105 34 150 119 91 68 87 15 120 18 122 143 48 121 75 56 4 76 12 7 83 140 93 134 81 45 30 11 132 39 50 33 43 102 128 
77 117 118 62 139 119 88 95 80 87 8 71 90 30 24 50 121 113 17 47 45 60 14 46 111 57 141 40 25 53 37 137 78 13 123 38 115 125 108 82 27 52 110 97 96 29 150 85 2 9 68 109 100 16 63 18 65 102 103 92 124 132 42 147 34 1 15 107 84 136 41 
147 36 41 132 89 143 88 135 68 60 110 44 79 55 33 111 78 56 18 138 101 13 14 28 75 136 62 38 7 19 117 53 2 87 52 40 96 31 139 103 134 30 67 150 90 91 115 45 106 123 65 84 131 17 3 54 125 144 57 51 142 32 109 121 59 133 1 5 99 92 74 100 37 113 25 122 104 64 
38 124 19 143 88 36 73 139 28 99 137 69 147 131 102 15 127 118 45 119 67 94 24 89 100 47 82 55 144 14 62 84 109 120 52 149 61 34 115 83 114 5 106 65 121 66 2 132 87 96 3 130 37 75 136 64 42 93 128 57 17 18 49 134 10 101 54 148 86 98 
27 44 100 136 91 106 33 62 54 29 57 63 17 12 11 109 129 83 147 71 107 64 84 37 97 89 58 128 90 111 76 72 135 141 85 134 6 138 125 1 28 120 86 18 60 66 113 49 114 32 7 41 140 13 53 74 55 150 115 130 146 93 96 98 25 21 23 145 143 81 75 15 95 133 99 42 5 
147 111 103 104 126 91 38 134 99 48 49 132 18 87 2 26 14 44 90 52 21 65 70 74 128 59 140 119 79 55 125 85 98 83 142 17 137 4 120 69 46 40 149 16 66 112 110 127 24 130 96 88 50 145 67 94 12 143 63 117 28 77 35 54 144 11 22 105 57 64 31 30 118 
104 98 112 132 51 121 109 10 149 41 147 131 1 20 34 137 27 39 91 111 100 116 8 93 35 133 96 84 94 114 78 79 11 40 138 130 71 56 99 25 4 38 63 30 5 74 67 42 148 85 65 70 16 144 86 59 2 127 7 108 150 140 43 119 54 80 58 
80 53 38 149 59 113 76 70 44 74 123 135 63 47 28 58 94 1 5 107 134 129 68 125 131 81 64 72 98 34 21 12 31 85 130 6 33 35 83 26 102 78 106 24 140 132 148 136 15 42 117 7 49 145 37 8 17 56 46 52 41 48 29 9 36 150 114 121 92 
94 125 63 75 69 90 25 47 93 70 122 10 1 23 51 53 11 34 71 20 27 83 24 92 43 123 143 61 127 44 62 54 98 121 108 7 2 119 96 107 87 120 8 46 48 116 135 126 57 3 56 118 59 110 64 147 85 132 22 13 31 89 97 76 79 4 91 131 105 29 12 42 80 84 81 129 
33 70 82 46 86 103 39 69 38 66 89 111 84 87 57 4 83 81 47 27 131 18 52 61 73 1 140 116 56 80 146 133 108 132 11 5 35 34 30 31 16 117 138 24 110 134 40 126 85 59 141 67 75 55 123 150 12 142 96 7 21 41 50 17 88 127 28 42 49 
148 76 53 21 70 117 97 118 99 125 102 72 150 130 147 120 20 109 106 25 22 81 110 42 9 100 103 58 31 68 74 33 132 143 142 54 135 121 133 91 66 126 29 80 17 78 14 26 90 86 107 115 38 124 128 4 111 69 136 101 48 2 131 89 
17 33 111 109 87 40 110 81 139 51 125 59 141 45 72 35 1 54 144 66 121 84 127 22 42 77 142 101 7 147 116 150 100 99 124 96 89 2 80 83 64 140 90 44 93 36 102 88 76 30 105 86 4 112 68 94 65 95 134 28 85 43 41 131 117 27 74 123 53 129 122 60 13 29 62 12 55 25 67 
75 2 24 109 122 61 13 143 104 95 33 85 14 19 133 42 78 51 6 84 123 111 68 150 41 18 79 62 81 56 131 119 91 83 149 141 88 47 69 127 128 100 138 135 5 17 67 120 59 107 1 134 99 121 52 87 44 137 4 140 93 22 16 108 148 90 74 11 58 70 63 72 124 53 39 65 71 98 146 55 89 
147 91 65 11 115 122 46 19 4 2 15 75 44 32 50 117 31 80 53 148 105 108 90 71 6 138 57 18 85 124 37 128 66 59 121 48 56 106 82 52 73 140 70 92 42 54 81 130 3 100 27 20 118 79 98 29 127 150 76 8 125 110 94 116 36 55 83 22 1 17 131 12 93 34 61 35 58 145 30 62 68 14 88 101 41 139 24 38 112 7 96 60 86 
72 133 10 127 8 16 117 62 104 120 100 68 59 132 79 83 137 135 26 109 90 23 149 123 106 98 71 130 87 105 44 84 54 4 131 140 75 145 64 81 73 125 5 9 18 148 28 92 51 14 12 134 94 143 129 27 33 17 110 112 20 29 141 6 13 42 21 47 108 1 107 78 
84 17 139 25 1 108 76 135 123 37 20 121 8 12 31 72 150 67 92 65 56 3 27 52 119 116 19 120 93 70 18 86 57 101 74 82 13 29 115 64 94 39 33 26 71 103 89 125 61 75 111 68 10 80 133 140 90 4 54 51 99 91 143 97 
69 96 142 50 64 77 8 51 33 22 149 58 19 101 143 53 139 10 61 99 98 81 124 56 31 111 84 90 44 9 150 118 82 13 23 106 54 6 86 47 92 134 127 129 39 5 1 137 14 55 45 108 125 100 115 128 27 130 15 48 70 11 65 113 3 52 66 49 85 83 73 141 112 60 114 123 148 
22 96 11 61 115 3 2 70 127 150 111 98 63 134 88 42 95 66 62 99 44 50 121 123 6 130 67 129 104 120 73 144 23 21 148 92 75 57 14 41 35 101 81 10 90 107 60 131 116 80 86 65 139 33 12 64 5 83 105 114 9 74 51 40 147 27 94 149 71 24 
85 29 104 124 140 78 76 107 4 110 112 18 135 66 82 6 128 17 150 3 117 127 27 60 2 106 12 97 143 139 40 72 94 138 144 50 33 88 61 114 21 98 59 26 103 115 77 136 109 145 16 1 149 68 133 69 99 23 62 70 108 25 8 42 20 118 142 30 95 45 122 141 22 90 
79 92 60 142 12 96 70 130 84 55 45 120 20 6 7 139 102 57 19 26 136 14 134 98 2 144 115 109 87 147 69 74 29 16 36 63 77 13 122 62 75 140 72 35 59 135 101 133 85 15 53 126 123 32 141 132 150 47 107 111 108 110 103 52 3 48 40 10 68 125 89 65 
87 92 119 21 83 3 26 110 96 141 145 19 15 132 103 38 42 135 66 136 39 105 116 43 90 70 9 11 48 108 80 113 123 7 25 31 149 29 69 134 77 101 129 95 2 82 121 53 76 58 131 20 4 148 107 143 8 51 52 14 79 122 128 22 37 44 55 64 46 114 89 99 84 45 74 
117 131 58 27 112 105 116 3 29 37 67 32 82 104 61 55 54 26 62 22 80 94 20 140 85 1 129 134 33 107 93 126 113 16 125 123 121 83 9 111 88 46 42 133 146 91 49 7 14 45 17 99 110 89 31 21 64 136 103 132 101 108 149 128 122 77 12 48 24 141 43 
99 69 87 50 30 23 62 57 149 143 40 140 144 142 94 70 78 133 59 58 86 60 98 88 123 28 131 12 65 18 56 38 126 81 117 10 27 125 109 102 114 17 9 37 90 105 120 31 92 74 21 41 141 26 61 135 63 53 112 29 108 101 73 13 33 95 19 24 82 51 122 139 32 77 97 66 48 129 79 34 14 55 3 119 150 
4 122 54 71 149 59 46 132 44 85 55 137 70 90 9 15 145 133 119 86 57 84 96 50 101 10 80 120 104 102 98 100 97 61 135 20 31 64 130 51 105 8 144 77 63 72 94 73 106 60 147 83 95 53 87 41 16 115 5 150 26 28 65 49 99 111 13 125 88 110 139 91 40 114 
1 3 63 107 108 101 51 93 46 27 102 135 111 99 22 40 14 13 150 31 128 33 2 71 58 45 12 47 61 57 103 106 85 64 6 126 25 144 104 136 79 50 37 43 65 145 100 70 15 11 17 109 62 137 125 72 110 132 52 49 28 36 147 142 90 56 76 32 84 19 98 116 120 83 121 24 34 
132 62 67 65 148 77 46 123 107 127 49 74 40 38 7 138 71 41 12 93 11 31 118 23 61 66 114 134 141 111 73 39 121 81 86 133 91 52 75 82 3 102 59 124 5 10 53 44 109 144 70 36 116 13 95 99 57 64 119 110 105 21 22 79 50 15 9 19 104 90 96 20 122 
41 53 27 137 127 116 115 110 43 55 112 149 48 80 89 118 100 70 1 132 33 25 69 54 28 17 44 145 125 122 45 82 84 121 57 117 13 68 14 77 20 6 9 109 18 103 4 62 61 139 136 29 7 71 129 10 93 90 108 101 12 147 67 64 51 3 21 141 40 128 106 63 
77 2 44 105 97 138 3 51 75 71 23 112 98 69 14 67 118 106 92 53 54 65 15 21 66 137 27 11 146 61 85 79 88 39 13 110 148 17 10 48 68 7 113 121 12 102 49 103 135 70 36 1 29 93 28 90 129 115 145 52 34 9 32 6 
148 1 14 143 121 133 125 69 59 2 64 127 20 33 12 50 74 36 62 49 91 85 46 139 82 116 30 135 75 13 70 130 103 102 95 112 47 39 27 120 131 28 41 106 10 132 118 88 109 42 40 146 136 144 115 16 114 142 111 101 138 25 67 105 57 83 72 96 51 129 17 5 
14 108 19 96 141 41 63 54 68 15 8 64 125 98 72 12 17 25 84 24 120 116 9 136 47 45 133 59 92 66 11 6 65 144 118 69 145 18 44 101 103 36 79 20 61 16 91 60 147 67 88 139 119 86 43 97 3 104 48 55 77 99 87 23 27 113 106 13 143 117 29 
48 101 10 141 96 144 43 15 123 33 2 118 128 78 113 1 25 53 114 29 105 76 58 3 7 67 36 109 44 103 52 139 111 120 63 145 108 20 45 95 124 122 65 56 99 150 81 98 106 6 80 87 42 62 82 102 37 4 21 130 138 146 142 112 110 38 126 119 86 
117 111 96 11 16 136 40 19 87 105 9 143 43 8 42 95 94 63 32 31 76 112 146 57 139 37 70 28 22 98 109 119 14 135 86 17 62 67 81 114 58 144 48 88 54 126 97 92 26 36 84 138 130 106 35 140 145 44 101 46 149 108 7 13 47 34 61 150 69 59 85 66 
104 111 64 22 93 39 144 59 5 70 94 127 27 9 146 55 63 132 121 129 84 92 86 36 3 96 11 58 82 137 15 72 102 136 16 65 44 40 23 35 87 113 110 25 119 29 21 108 124 79 2 73 8 135 148 32 123 50 61 99 78 81 77 67 33 7 141 105 101 69 45 76 112 47 
66 13 14 15 8 36 45 109 75 126 128 91 105 98 81 84 22 59 27 112 42 24 57 33 144 39 107 65 30 117 149 11 71 79 21 58 73 141 4 123 72 64 43 12 89 31 1 47 108 148 5 119 92 121 85 2 115 46 7 88 32 74 116 68 28 61 139 40 83 50 17 142 82 111 103 20 93 56 
33 142 91 26 147 61 94 93 124 99 111 110 85 24 101 49 130 47 98 141 116 90 23 133 22 51 72 64 97 108 5 58 43 12 65 76 63 46 25 136 20 14 59 66 35 74 36 88 146 34 106 67 81 117 109 17 144 122 16 28 95 41 125 107 139 30 31 102 75 87 18 
132 52 62 76 112 107 36 130 2 68 5 69 83 138 41 42 81 18 114 129 9 78 123 75 14 29 124 43 88 98 119 145 139 19 96 17 94 32 122 72 103 126 25 102 58 80 143 111 16 49 40 115 12 108 109 24 149 23 106 46 110 85 92 31 60 144 87 4 6 74 91 147 73 33 100 39 1 146 118 22 
50 135 33 27 19 138 63 86 133 90 36 35 104 9 95 22 71 102 44 117 62 134 26 17 11 3 28 6 67 122 106 139 107 137 109 42 81 91 69 79 2 18 105 108 13 146 93 97 110 4 53 126 32 76 114 130 87 149 143 124 59 83 72 112 5 12 20 88 58 147 29 
28 100 74 150 119 48 80 89 21 67 125 25 37 102 97 120 64 17 6 12 81 149 24 29 35 51 122 53 15 104 43 129 140 133 23 88 4 146 78 105 46 128 70 22 1 86 63 106 71 79 117 139 142 98 45 137 33 90 126 7 44 66 42 87 73 112 39 69 
117 42 137 115 62 128 75 26 44 120 33 12 110 90 80 5 73 126 96 101 145 113 67 87 132 32 109 122 40 50 53 95 2 79 93 55 102 9 52 149 143 112 108 146 59 121 27 127 13 30 54 10 14 84 66 70 24 134 91 135 77 119 51 131 94 36 41 56 103 140 
134 25 96 1 26 116 20 31 78 49 68 100 63 10 67 54 53 39 3 87 92 6 145 45 99 5 32 142 8 103 135 130 81 33 147 84 143 132 19 16 123 110 138 98 73 111 89 86 48 79 75 108 38 58 56 102 137 120 85 51 129 124 113 80 22 65 28 139 29 34 69 76 71 42 43 109 17 27 52 
1 78 71 70 2 88 136 145 8 31 73 94 39 67 43 36 9 22 38 117 129 127 87 130 24 11 62 116 103 140 72 92 111 108 68 113 74 107 17 106 13 112 21 33 37 75 15 19 118 84 121 55 132 131 122 61 125 110 120 49 115 123 150 147 42 90 
41 138 38 127 90 10 143 15 46 51 106 136 47 37 92 104 101 98 111 53 97 60 12 133 54 36 29 93 103 108 134 139 77 33 52 118 49 142 78 45 150 4 71 23 146 125 120 44 132 135 13 119 14 75 88 81 114 19 32 42 43 8 35 149 112 91 28 148 105 17 1 128 140 100 5 18 
34 142 44 33 146 21 13 85 60 3 58 108 67 126 17 128 82 15 12 22 132 87 127 88 133 101 99 42 56 143 55 121 38 41 144 93 145 2 75 23 64 63 113 98 28 95 65 31 1 115 150 39 71 16 37 141 72 11 120 137 9 50 32 97 48 51 135 46 92 45 139 117 76 70 112 24 
100 99 8 59 14 24 150 25 145 49 107 135 18 19 16 123 90 127 112 73 113 142 118 115 12 10 39 144 130 111 42 3 70 21 121 56 2 57 13 9 69 67 97 148 28 122 147 62 149 91 77 76 50 26 82 52 104 32 96 98 136 54 103 43 134 46 141 93 37 27 131 105 44 109 120 86 51 68 139 119 
41 88 127 93 103 130 35 43 105 1 96 22 107 3 49 44 146 17 116 119 81 109 71 122 108 139 23 40 85 140 73 137 20 117 16 74 46 54 62 150 78 25 110 37 148 10 18 57 75 118 106 24 141 45 121 66 67 48 143 13 52 53 15 27 128 89 68 77 86 4 28 120 12 133 124 94 34 19 14 36 92 80 31 115 
136 115 73 11 47 25 131 126 62 106 113 116 7 84 19 90 121 43 144 119 22 118 97 96 6 53 125 44 79 45 13 117 110 85 50 26 17 59 20 112 21 78 76 92 42 132 33 138 31 88 37 36 75 130 68 67 100 32 49 133 39 148 129 23 108 9 52 54 83 86 35 
49 118 51 108 149 8 77 96 93 24 145 98 82 146 64 109 121 57 69 29 110 117 91 83 97 134 112 31 129 88 19 36 101 17 37 68 72 4 6 53 75 58 140 90 33 5 106 13 71 148 54 12 40 30 42 138 95 2 79 133 25 111 23 47 45 3 14 125 38 78 
48 68 23 57 6 59 85 74 101 60 18 97 37 123 25 110 127 16 82 102 120 11 111 15 72 77 54 109 125 100 80 137 115 70 73 29 93 90 65 62 17 150 131 87 138 32 46 63 112 86 106 122 104 124 8 51 49 3 31 45 35 4 58 113 50 22 52 41 95 140 149 79 91 133 26 64 145 47 10 132 147 76 56 
4 60 17 5 135 3 47 116 140 114 139 53 96 131 27 14 46 144 35 80 21 12 11 149 111 78 105 55 148 147 74 119 1 15 115 95 63 75 64 86 120 66 65 19 134 109 18 130 49 73 127 31 137 93 67 59 81 33 20 85 32 22 126 113 88 30 89 39 97 110 16 142 99 38 150 132 7 34 
130 49 124 145 39 52 126 56 25 15 86 90 72 88 38 40 1 59 89 42 29 135 23 55 63 57 4 92 148 10 36 131 137 48 102 32 12 76 80 113 28 91 119 146 122 136 82 30 47 120 66 46 132 71 97 51 106 138 14 85 3 140 6 147 133 96 143 
46 88 9 107 32 39 99 38 136 47 67 33 57 115 141 52 42 93 143 105 16 45 29 17 28 8 108 95 51 63 62 73 40 48 27 130 12 30 4 147 20 83 10 150 84 120 14 26 87 25 36 132 111 121 129 98 7 43 90 119 101 135 60 58 35 37 103 79 44 2 118 92 11 91 18 104 72 78 123 122 125 
18 60 133 32 34 7 87 138 13 105 33 73 125 69 79 12 131 21 72 111 35 59 108 94 88 146 80 137 4 26 47 8 74 20 61 101 107 119 64 57 121 90 66 142 97 103 14 128 118 44 45 134 28 62 129 98 93 95 56 92 43 53 17 37 84 46 136 24 
75 71 67 118 90 8 146 49 62 20 52 55 143 15 80 97 104 76 43 69 1 105 48 131 145 147 39 30 117 142 60 38 127 123 148 85 32 7 66 89 125 11 134 70 133 83 18 120 100 24 150 27 53 12 109 74 135 92 129 87 82 88 35 132 34 139 130 54 31 103 78 98 144 99 44 110 138 56 
7 2 59 82 12 45 90 140 95 80 75 63 42 58 135 76 146 124 55 98 52 53 23 19 57 130 33 4 36 29 34 91 65 101 77 108 3 6 64 132 83 60 87 14 20 1 68 110 100 15 16 121 93 103 74 89 104 142 143 81 37 148 134 147 111 67 149 150 85 115 70 119 43 117 126 79 71 
30 57 100 55 125 31 116 90 89 85 67 93 11 136 25 4 35 39 150 80 48 68 24 131 117 101 9 124 109 12 143 99 96 6 16 53 84 8 149 26 1 71 110 22 37 104 45 123 82 133 83 42 5 105 112 126 40 72 146 98 134 103 32 54 13 148 60 138 130 145 92 64 73 27 15 10 76 
68 39 97 5 115 96 35 109 91 54 106 73 132 19 133 33 55 76 123 72 138 34 92 66 83 100 118 84 89 65 45 22 143 13 48 146 37 140 60 116 94 98 58 147 28 4 24 112 79 47 87 8 104 121 59 64 20 137 82 90 142 119 61 128 15 7 131 113 9 134 32 23 148 127 53 62 29 
94 118 83 133 142 44 65 99 120 62 5 69 119 50 67 79 114 80 74 55 85 122 135 54 97 30 59 3 20 35 148 110 31 73 1 95 40 128 103 93 129 27 86 117 24 123 91 72 136 98 51 149 6 112 113 140 141 147 52 19 137 138 92 4 8 28 121 63 96 84 15 144 38 33 56 75 
130 25 47 116 49 17 58 15 19 64 80 123 41 139 63 5 39 89 121 66 143 42 142 90 119 107 12 114 46 67 112 146 8 36 2 45 31 86 38 99 40 84 110 61 78 115 132 82 124 137 4 52 122 10 1 141 98 73 150 92 120 85 91 100 21 13 134 3 43 
68 118 12 95 13 5 7 30 147 72 113 91 117 128 145 42 32 86 137 122 10 70 104 57 84 60 16 112 52 22 83 97 80 64 38 139 90 130 141 149 50 59 55 26 106 9 11 34 77 61 66 131 108 150 65 126 14 85 134 107 115 82 27 109 2 21 114 103 125 136 
65 44 129 42 56 132 125 4 40 82 141 53 90 101 96 25 144 28 33 59 127 118 7 146 134 19 11 75 70 115 66 12 71 126 73 2 84 47 22 93 9 58 45 95 57 39 109 123 34 108 100 32 3 120 117 49 98 76 85 8 99 81 67 86 26 110 122 103 116 14 52 83 10 6 
7 64 87 71 137 74 26 72 68 29 82 98 89 107 96 27 148 58 4 124 103 9 14 30 77 108 138 40 13 35 123 114 73 21 50 67 86 84 106 76 57 3 140 145 31 119 118 28 41 129 43 37 141 78 8 113 126 133 12 46 90 111 94 55 59 69 134 149 33 
147 107 27 30 15 148 20 143 129 79 102 29 34 125 109 68 100 88 146 128 10 114 28 119 124 17 2 4 123 52 50 110 53 31 140 96 105 55 3 85 61 130 64 42 56 59 24 112 84 142 150 73 132 83 18 33 117 97 7 51 45 99 54 37 5 57 145 82 138 32 36 12 
110 134 8 38 78 14 101 53 146 102 96 69 108 10 36 2 63 15 23 73 137 52 42 95 46 118 45 90 62 129 48 87 143 141 79 17 100 147 106 91 127 116 148 66 1 122 120 40 67 83 132 21 75 113 99 133 140 29 74 150 77 6 80 3 81 35 72 33 144 149 50 41 124 126 
82 143 109 125 89 20 113 112 86 24 87 91 14 73 81 36 2 93 27 126 53 43 16 44 130 8 135 33 55 56 34 142 29 147 115 74 96 72 90 12 129 124 122 40 75 65 94 139 48 9 98 15 144 85 66 70 111 132 41 79 84 133 25 28 1 31 138 23 131 110 3 108 99 32 101 37 88 103 137 76 116 149 78 
87 35 24 39 16 19 31 51 15 53 135 46 36 60 59 134 83 74 111 121 79 123 132 5 32 122 141 49 40 114 65 21 71 116 150 100 106 29 22 90 34 28 126 147 75 43 44 77 76 138 7 2 6 8 124 81 78 18 110 11 26 102 23 70 80 52 104 58 133 136 130 140 
148 28 17 7 106 76 143 118 91 128 104 146 117 116 12 98 88 54 38 9 79 100 133 120 137 69 101 6 130 47 53 62 72 132 32 123 142 125 39 4 67 51 8 81 27 2 103 122 33 55 26 21 36 3 59 48 77 31 43 68 113 73 24 141 41 64 127 74 19 25 129 5 29 44 10 105 78 65 138 83 
69 59 43 129 24 78 35 8 87 63 14 140 52 118 83 68 31 65 90 76 146 111 50 3 37 114 4 18 45 144 13 77 64 5 1 56 19 7 107 104 79 94 105 108 112 123 29 51 127 67 36 49 145 11 6 96 91 17 106 130 141 42 101 26 113 57 122 137 80 2 33 23 143 30 120 
102 116 84 40 31 8 145 59 110 118 114 52 7 136 23 149 143 75 122 129 51 29 104 119 56 43 42 49 19 134 99 123 18 39 88 20 22 89 83 135 55 11 9 130 148 32 128 72 133 3 54 142 25 95 120 131 80 70 117 67 86 82 57 28 140 109 21 108 34 62 94 50 71 73 60 58 
141 65 31 142 133 144 3 53 101 2 43 17 23 12 91 150 100 117 89 47 29 60 25 90 66 5 69 143 55 48 37 85 72 132 138 10 112 18 61 1 49 54 33 104 38 71 83 15 4 42 56 105 95 22 127 62 57 64 32 21 13 87 147 81 108 41 51 19 68 70 
73 118 87 130 91 18 106 75 101 29 107 23 8 137 145 90 92 98 57 69 7 132 96 20 24 143 100 28 115 147 108 22 110 74 116 83 80 35 72 141 148 93 88 32 133 46 64 31 68 40 59 122 127 17 77 109 150 30 117 129 41 123 105 39 11 103 124 53 
8 79 43 6 115 28 89 13 145 126 88 21 11 37 104 105 25 38 78 121 83 24 54 150 117 95 77 14 40 96 60 56 132 80 31 22 114 124 113 72 137 57 75 71 67 142 73 74 30 45 46 5 107 18 149 109 70 47 61 32 35 66 3 7 58 63 69 10 139 144 36 17 102 108 86 82 147 110 33 97 34 42 44 84 140 91 65 
144 77 147 56 125 70 104 67 119 16 126 138 53 48 94 140 139 43 85 86 30 78 135 128 4 116 49 130 33 10 22 69 82 17 110 141 61 28 41 63 2 93 32 26 112 76 73 108 35 89 55 58 95 131 66 7 101 145 123 90 105 13 122 88 109 24 146 83 132 120 75 25 114 100 20 45 54 142 
111 101 62 144 36 20 39 14 74 95 139 71 1 102 114 65 110 124 17 98 59 72 99 22 77 5 112 13 108 64 34 145 52 75 106 28 137 132 105 35 138 100 12 128 60 89 37 8 21 135 10 49 76 113 42 55 40 96 126 70 146 53 122 51 97 61 33 93 2 141 19 69 117 27 47 143 
120 130 9 66 4 33 105 67 44 11 53 96 56 91 115 92 143 62 101 45 23 26 138 149 108 18 97 148 3 10 64 79 131 1 134 61 52 31 15 89 46 35 54 63 58 41 12 28 76 24 68 103 107 139 74 133 17 122 98 124 109 127 100 73 71 114 20 14 113 137 8 16 47 32 70 144 2 106 140 147 83 99 
25 31 55 33 28 41 23 43 149 111 52 4 115 83 60 20 75 137 34 140 27 9 17 19 64 121 150 26 86 147 37 58 141 71 138 110 87 105 91 96 125 51 76 54 133 38 42 13 113 35 131 16 12 100 80 
66 12 17 43 82 16 110 143 138 108 62 2 54 88 37 7 107 136 123 48 114 10 38 127 148 9 87 40 115 116 68 50 32 51 45 31 109 92 5 101 67 70 119 58 24 103 133 150 139 146 91 56 71 78 14 79 42 125 73 3 142 21 90 76 
98 4 83 49 68 82 28 43 143 36 119 137 131 17 150 75 7 3 64 65 25 52 16 58 113 48 79 121 51 127 118 130 149 81 86 31 147 112 76 93 146 11 66 23 29 45 24 37 109 1 26 124 80 90 135 69 18 21 13 94 134 97 108 74 40 55 22 39 117 102 136 6 139 50 14 33 101 104 89 129 63 59 120 125 92 116 
78 47 66 17 134 6 35 72 28 38 111 15 20 63 67 62 57 49 101 146 21 142 54 141 69 93 138 11 75 148 4 68 110 109 105 99 65 76 30 92 135 137 7 51 90 147 127 71 136 119 43 16 9 8 98 56 126 61 10 5 81 96 42 114 24 113 106 
128 85 125 143 12 72 148 70 16 71 11 74 118 75 23 130 59 44 13 42 50 17 138 76 119 114 142 1 37 27 7 19 63 108 3 66 61 150 79 140 51 25 136 47 26 73 62 102 133 89 115 92 53 141 38 32 96 104 122 33 132 93 109 139 49 36 24 55 54 97 137 6 57 111 100 116 83 77 43 28 146 39 2 80 20 113 34 134 117 
76 50 146 134 41 20 148 62 38 11 10 102 79 36 35 52 8 113 3 123 92 77 40 124 25 110 100 49 1 31 70 45 138 106 30 120 109 63 72 97 105 23 37 103 137 43 83 42 19 101 6 87 122 93 82 26 59 4 142 44 139 119 22 24 32 68 54 140 143 145 129 128 17 81 74 13 12 
108 16 81 79 142 98 122 101 72 93 65 22 2 43 59 36 107 127 94 121 145 85 13 23 139 63 141 67 5 57 24 91 44 129 143 75 32 144 109 21 26 110 30 88 33 116 34 17 82 77 117 14 74 92 19 138 118 140 73 99 113 89 31 55 46 3 132 6 150 84 124 61 12 
7 73 12 100 54 149 143 67 102 112 46 1 109 88 42 30 61 31 4 71 130 83 96 148 97 70 36 128 117 136 2 92 85 135 115 39 51 95 35 33 105 79 139 82 74 66 86 131 40 120 9 23 50 113 48 141 93 104 15 58 99 103 22 146 91 6 106 13 89 108 62 127 114 43 17 140 37 124 129 41 134 49 44 118 20 52 
113 56 54 16 9 96 101 50 98 59 69 55 6 67 124 23 139 108 121 120 19 126 146 109 7 92 45 31 21 81 58 4 14 148 105 106 12 13 30 103 87 99 27 52 84 130 43 90 20 44 143 48 82 116 39 17 136 42 47 1 57 
140 117 30 48 15 78 64 134 135 63 121 136 22 58 71 148 102 61 122 74 25 137 95 76 123 132 39 16 138 99 21 70 147 114 106 10 55 127 85 150 35 60 47 129 83 40 41 7 141 131 53 116 130 93 144 46 109 72 49 105 118 80 101 20 59 50 119 89 29 73 79 44 38 17 4 3 
116 6 127 119 139 74 22 72 43 16 84 141 70 142 149 56 57 18 148 131 88 38 87 138 25 90 17 26 78 111 75 9 132 86 73 67 4 145 85 98 45 113 32 91 41 96 44 120 2 20 125 63 52 137 122 108 7 49 101 144 8 61 135 37 34 11 130 
124 119 90 8 97 141 71 63 108 145 74 94 40 70 86 7 19 138 43 128 106 9 33 135 10 64 99 53 91 85 2 144 42 12 57 47 147 37 41 48 61 102 115 109 72 89 131 88 51 20 52 103 28 81 120 136 5 31 122 25 110 34 4 111 148 149 45 68 56 50 93 101 92 129 
92 33 12 89 112 48 101 22 85 64 8 3 1 47 65 11 116 54 20 115 103 126 51 36 30 67 9 108 82 38 75 60 131 57 99 78 69 24 141 34 134 110 66 113 148 27 117 120 125 5 46 84 86 133 43 2 137 121 50 135 136 6 56 49 23 97 123 105 15 102 132 44 93 61 4 17 80 55 
111 4 93 71 1 139 54 120 142 34 100 131 60 110 3 32 56 21 108 40 27 55 70 125 130 140 2 44 115 45 38 81 53 20 9 118 78 63 89 149 90 114 127 138 39 24 19 148 80 77 86 64 28 134 41 129 37 95 30 
34 117 102 5 105 8 59 60 29 44 65 106 46 95 130 58 56 11 71 110 62 39 107 100 135 148 118 86 101 142 35 96 140 91 90 89 40 138 92 73 104 134 133 82 112 41 83 87 80 53 38 88 52 1 64 98 128 10 54 78 79 21 26 55 50 33 42 49 16 36 132 32 51 9 122 70 66 93 28 61 
45 125 50 10 67 54 102 105 87 96 97 78 89 34 26 68 81 139 98 95 143 6 144 58 117 66 59 22 103 126 113 130 46 42 145 56 141 110 30 99 127 14 31 44 101 115 63 23 93 140 21 7 39 119 120 16 72 32 8 24 53 64 100 38 13 48 137 5 136 12 90 111 83 79 75 51 91 74 55 
39 29 34 72 21 142 73 31 15 106 129 147 143 148 43 5 56 28 45 79 107 76 1 137 77 74 119 67 58 117 91 84 127 38 13 90 87 114 121 65 50 4 105 125 59 60 64 46 52 81 44 47 30 68 41 25 124 92 54 145 149 108 89 11 130 109 115 14 82 55 40 100 99 94 18 133 66 22 12 83 97 95 122 33 
32 48 134 55 21 126 53 17 10 71 148 92 94 139 121 45 43 22 98 11 129 70 51 123 54 131 68 120 136 24 25 127 149 66 19 63 114 73 4 7 83 26 61 35 116 97 31 107 41 60 52 119 59 122 39 50 36 1 104 29 105 140 30 37 80 84 86 67 128 143 145 44 109 14 
2 132 114 135 42 26 50 86 52 91 46 56 47 17 53 133 38 118 65 41 119 62 96 58 147 63 142 121 77 25 18 34 10 117 33 74 76 36 149 92 61 81 7 20 19 129 31 106 48 66 8 88 108 13 130 78 1 101 148 140 11 75 138 60 57 83 131 55 127 51 67 150 
13 109 97 63 130 65 92 49 149 27 131 3 100 78 22 15 75 138 50 150 58 96 94 80 4 69 68 40 146 148 102 19 60 52 118 24 128 2 104 76 14 12 147 9 41 99 59 7 124 83 137 86 11 132 90 21 82 36 47 140 144 101 115 62 85 98 5 106 67 93 
150 115 37 26 38 48 15 19 23 61 103 148 50 78 36 56 86 118 45 14 141 8 90 24 130 101 40 43 92 11 84 117 125 87 16 126 146 137 143 97 9 98 77 51 107 123 80 55 5 135 3 147 132 93 68 111 110 120 76 7 136 121 42 27 81 1 91 112 95 
38 15 77 73 94 93 144 137 30 36 22 6 98 39 7 107 133 136 11 129 68 10 117 53 55 24 78 21 12 47 113 123 9 62 13 118 83 101 138 67 139 64 140 143 114 141 109 105 70 37 58 46 121 90 65 95 35 63 89 79 4 60 145 149 48 23 130 110 106 75 43 5 17 128 33 116 18 
48 132 150 95 149 103 7 126 59 133 123 117 74 136 87 104 91 100 77 127 31 49 65 37 12 14 10 143 131 85 102 11 2 83 60 124 41 44 28 135 89 96 68 111 98 26 82 106 33 75 145 45 46 125 35 120 29 53 64 115 84 54 79 128 13 40 129 130 
100 16 98 145 122 131 135 137 146 79 3 119 133 110 143 4 87 130 109 88 90 27 144 31 54 142 103 65 74 49 58 116 114 25 41 96 60 21 115 140 17 101 76 22 89 64 19 30 51 128 106 73 62 38 85 78 34 66 129 42 108 57 92 33 56 53 112 81 148 12 20 29 46 72 11 
146 64 25 21 46 96 82 145 15 136 49 130 50 55 149 142 80 78 98 33 115 128 132 87 45 70 148 113 11 63 65 28 135 71 7 76 36 14 85 47 108 120 103 38 9 134 127 114 60 3 107 5 144 75 141 100 12 101 66 79 20 72 86 143 61 23 30 138 89 48 112 
9 91 13 110 120 18 11 138 53 87 49 58 111 42 2 77 104 23 28 7 50 103 81 43 96 17 105 109 61 130 40 51 69 129 76 19 63 123 80 71 35 117 32 64 73 52 57 55 126 97 99 124 112 70 75 25 45 20 68 12 26 95 122 21 8 121 98 65 
99 37 28 64 122 104 35 62 61 15 24 101 134 141 76 67 16 123 128 11 48 87 25 118 59 50 82 60 121 1 43 146 86 68 96 44 114 105 136 32 102 137 20 130 49 39 111 4 79 70 116 72 93 148 30 58 77 34 14 109 138 63 106 91 107 23 139 69 42 7 57 85 119 
20 119 131 120 65 16 62 31 138 94 150 139 132 96 140 126 144 130 146 9 47 73 71 33 58 11 35 46 32 1 53 76 52 112 6 115 14 147 114 102 30 75 48 21 110 44 28 2 13 142 106 15 45 27 41 111 70 23 12 26 90 103 66 8 60 37 3 18 63 141 100 40 84 143 64 122 22 77 
42 6 12 43 86 10 92 54 77 76 103 39 132 70 32 108 16 13 141 143 9 33 79 144 100 5 110 119 41 7 28 20 147 126 57 31 111 56 99 15 45 87 11 120 69 138 64 78 63 104 146 18 124 67 40 105 133 131 82 98 50 55 46 22 38 91 84 121 93 117 60 83 58 89 19 85 140 
149 34 7 59 84 29 67 21 36 9 16 6 111 85 80 41 124 55 17 106 120 138 40 99 89 72 53 22 76 60 135 11 114 12 32 39 77 136 70 131 86 103 140 137 146 128 87 37 147 91 132 95 81 42 119 28 27 45 75 79 35 14 52 116 139 74 142 2 50 31 115 63 
81 77 52 100 127 8 90 19 92 113 36 145 128 17 80 7 149 33 74 101 10 148 83 116 5 18 73 21 56 23 133 102 89 131 14 96 93 105 13 82 67 119 143 122 32 99 110 38 64 9 84 11 50 16 69 123 140 125 45 55 54 30 59 147 12 31 
66 72 11 124 71 96 43 41 15 78 8 54 7 131 31 25 35 24 57 116 114 79 10 39 98 49 110 3 137 6 48 104 42 33 145 83 17 94 13 81 85 129 70 19 34 126 147 107 140 95 144 27 67 65 60 109 30 133 106 36 127 14 149 28 142 21 46 74 44 136 91 22 61 20 
84 111 125 147 9 16 15 56 109 28 6 82 55 4 74 80 12 41 57 19 102 78 58 136 137 53 50 2 73 14 114 127 144 13 133 91 62 132 90 65 97 29 79 17 145 68 122 69 149 39 119 116 121 146 51 83 106 30 25 44 92 42 
11 131 9 129 72 38 64 68 32 28 109 100 4 97 134 37 132 118 103 96 5 1 45 2 52 124 33 18 58 112 75 36 139 46 20 13 110 23 67 142 144 79 34 107 61 15 29 8 89 125 82 85 7 143 86 17 31 150 88 60 126 101 93 95 116 138 25 111 62 26 104 48 147 63 
36 44 71 142 133 40 32 87 91 41 64 78 76 123 4 62 98 99 58 57 85 25 75 53 111 115 105 134 23 146 10 33 46 20 135 101 117 38 16 140 143 15 138 129 113 30 61 120 141 50 24 14 7 108 124 92 116 81 9 118 3 17 
19 70 99 52 36 144 7 112 85 141 127 48 65 89 148 139 82 76 83 41 47 115 111 80 20 133 17 8 46 81 110 105 125 59 116 100 60 147 119 79 96 27 117 57 72 107 24 128 135 66 103 101 28 37 11 13 146 86 87 34 130 71 42 140 1 2 145 136 40 55 31 
83 148 63 11 93 72 85 30 37 55 119 101 56 78 132 70 23 54 91 137 110 39 59 138 136 81 25 33 64 5 60 68 74 120 17 113 131 73 115 114 143 102 86 116 69 20 117 19 7 142 36 65 51 103 48 34 27 109 129 18 107 121 87 108 104 4 112 84 10 8 26 77 24 9 43 96 50 89 140 98 118 
48 71 41 127 42 13 29 2 124 17 58 123 146 133 26 11 145 122 75 103 60 105 72 7 121 5 111 94 19 18 8 74 3 22 32 148 68 107 23 30 33 78 125 101 14 130 116 117 113 106 93 67 20 10 140 87 96 83 31 144 91 65 112 37 104 34 69 40 63 28 12 137 132 27 
85 130 90 127 140 27 91 48 116 69 9 72 68 26 1 136 89 149 79 139 19 17 121 114 70 84 138 25 60 30 108 144 43 112 55 123 104 21 131 20 16 62 100 2 7 122 77 106 44 39 41 52 4 146 88 46 98 10 59 118 65 135 40 82 15 81 113 28 29 67 23 83 61 45 75 103 58 73 150 34 12 126 134 92 22 
41 24 39 12 95 131 71 26 9 106 83 129 94 62 74 82 42 48 61 117 87 128 66 30 57 32 29 115 8 124 147 84 67 49 137 146 64 69 43 142 141 98 140 116 112 85 65 6 76 122 134 75 72 10 34 7 89 13 135 148 5 110 93 144 35 20 45 38 54 108 22 125 126 80 88 56 
25 12 1 24 40 140 141 74 63 84 150 82 99 78 143 68 9 27 39 77 36 87 127 108 132 29 107 72 18 56 7 80 75 58 8 120 45 16 106 118 71 19 20 61 98 73 32 66 96 34 22 13 59 147 15 6 145 41 79 111 37 101 149 133 31 97 103 10 93 128 23 
149 105 13 87 14 128 117 2 7 32 30 70 133 69 44 28 116 63 39 114 76 58 73 104 141 51 35 48 106 139 11 112 68 47 140 97 42 12 83 132 62 61 4 108 38 22 96 5 24 123 56 20 3 27 147 59 52 40 101 34 17 91 118 129 8 43 72 150 92 137 18 103 84 
39 118 98 38 61 115 129 145 142 84 44 97 12 6 103 21 148 141 17 20 87 114 52 23 96 46 30 95 51 78 22 109 54 71 130 65 140 111 123 106 76 27 2 126 69 48 105 101 49 24 132 13 125 116 11 120 144 102 70 41 60 149 9 63 40 16 74 8 
67 148 32 64 139 120 94 59 141 8 56 113 47 98 3 138 75 150 68 80 52 58 34 125 140 85 114 117 149 26 83 110 12 145 20 82 23 90 57 77 46 2 62 71 133 115 106 44 103 93 99 76 123 92 126 86 4 21 78 131 11 36 109 143 96 69 97 13 1 135 144 89 104 130 43 25 
146 75 100 81 132 119 141 149 50 93 22 120 84 55 112 29 92 103 1 32 10 2 76 61 8 148 51 11 115 38 26 128 113 127 45 107 130 144 72 80 5 123 48 56 118 99 69 150 121 33 47 122 71 3 59 83 66 24 95 88 98 65 67 94 74 14 91 108 15 105 9 140 97 137 104 85 
61 56 16 102 135 77 140 35 33 42 51 59 72 91 49 6 95 109 48 90 23 37 68 107 13 57 39 142 93 38 54 92 83 10 144 123 62 115 36 132 129 137 111 22 101 21 18 96 55 31 2 78 50 121 104 98 120 63 100 53 99 127 43 46 64 5 
115 38 93 80 75 82 122 81 25 24 131 66 99 101 132 103 109 8 27 135 112 33 10 123 128 64 20 32 91 29 34 67 98 90 141 76 61 94 7 129 57 134 138 148 121 73 130 51 84 125 9 15 117 147 13 39 60 18 137 150 113 69 26 108 107 124 35 136 68 58 111 139 149 87 86 100 42 133 31 3 41 142 
49 29 85 64 100 91 4 137 136 17 98 24 15 79 149 129 38 140 97 7 52 135 105 46 19 70 18 45 89 120 103 115 6 53 118 146 106 104 94 138 31 121 16 128 62 12 54 40 76 36 50 21 114 82 88 109 34 101 42 2 122 142 78 32 92 63 41 77 150 134 39 1 133 84 86 80 
76 63 22 50 17 117 143 75 3 36 100 141 149 6 125 54 7 128 108 61 140 72 123 25 133 19 68 130 110 91 42 62 48 90 144 12 13 104 73 30 29 38 14 71 95 57 97 136 98 139 107 4 148 88 121 53 83 77 31 16 39 112 85 127 44 81 99 20 59 118 87 
95 49 48 101 124 115 121 109 20 19 38 75 146 51 32 64 13 23 114 89 81 122 62 72 145 117 59 100 118 77 10 99 34 58 30 83 56 93 102 110 1 69 4 42 128 87 22 28 88 25 96 36 3 8 70 61 134 73 137 85 127 130 35 98 24 111 5 116 55 40 15 86 142 74 92 9 2 82 
105 129 11 88 37 113 83 79 62 91 104 100 25 23 68 43 136 133 52 92 127 22 82 76 20 90 55 132 14 12 6 53 44 38 42 137 54 26 72 9 48 19 103 117 31 65 39 139 93 51 131 45 63 122 8 125 118 142 50 121 126 3 49 2 86 17 138 109 115 
49 69 14 63 129 72 90 109 43 16 66 81 60 111 86 27 74 25 38 34 118 116 100 59 58 92 126 117 125 89 143 24 44 115 104 131 67 137 15 6 33 40 55 87 62 17 51 1 105 124 148 19 18 47 136 50 46 91 99 134 9 110 78 80 
126 41 96 138 69 79 81 47 51 29 8 86 129 133 52 95 9 77 122 3 121 143 97 82 99 61 150 114 56 71 74 32 132 24 62 55 131 102 50 54 120 2 64 73 98 101 57 66 17 141 14 113 58 118 123 72 85 117 91 128 48 92 75 
46 55 84 93 114 127 123 94 31 43 121 33 150 49 13 59 72 67 23 88 135 105 21 18 133 4 125 2 22 26 122 60 30 91 69 54 96 6 68 78 82 70 113 140 63 20 134 73 112 103 28 129 24 124 97 90 75 110 1 25 12 7 81 5 76 56 126 83 44 16 37 11 89 39 
104 66 53 95 129 27 107 47 69 40 52 2 74 124 32 18 111 99 145 11 112 133 98 136 114 108 73 19 105 110 81 14 45 3 137 117 97 130 34 33 75 1 113 103 76 138 63 48 4 140 23 142 93 131 68 72 150 8 85 26 80 87 102 37 36 64 30 16 15 89 82 106 61 120 65 101 118 
23 37 36 107 57 110 67 116 83 8 96 34 4 42 105 68 74 94 104 6 73 123 78 137 10 20 118 11 126 80 93 132 9 142 58 138 76 63 134 25 27 140 32 66 135 51 43 41 38 115 87 2 141 61 19 53 113 46 55 16 124 111 136 40 112 101 26 125 90 82 3 56 
113 148 35 82 30 90 100 14 27 18 31 77 94 116 17 73 22 95 84 39 61 57 62 141 137 88 16 43 42 134 63 1 29 13 103 127 114 67 44 147 112 72 60 64 121 15 146 37 81 70 74 26 38 51 21 140 24 78 89 96 132 12 68 50 138 36 20 32 98 33 135 