150
139 148 49 136 71 150 67 135 18 104 68 138 70 39 119 98 123 79 124 140 101 143 120 2 102 61 95 129 132 131 149 76 92 127 84 9 13 33 10 89 134 8 41 78 83 142 63 21 115 72 62 96 122 74 144 130 58 36 114 81 137 35 85 4 16 56 145 75 34 3 40 48 14 59 109 125 6 106 31 23 77 43 73 107 66 54 112 91 113 22 19 25 69 87 47 88 32 133 45 90 28 51 100 105 27 52 37 64 55 141 93 53 24 116 103 57 110 108 50 44 80 38 29 117 97 46 118 126 65 94 7 60 86 15 30 26 17 12 128 121 99 20 146 11 5 111 82 42 147 
22 102 68 127 36 139 133 29 19 131 115 79 112 121 40 140 24 33 69 11 34 53 4 51 18 117 61 91 16 99 120 78 93 45 62 89 96 123 41 146 141 67 150 104 90 128 50 144 74 111 71 25 48 143 116 55 136 82 54 75 124 26 63 76 64 58 109 145 46 108 129 149 65 70 35 43 47 94 32 132 92 95 59 52 83 9 81 13 122 56 14 87 49 73 118 148 72 57 8 105 142 119 86 28 77 39 103 3 110 85 84 135 17 98 44 30 88 138 137 130 113 12 15 125 60 37 97 7 80 66 100 20 114 101 106 21 107 38 5 27 6 10 42 126 1 31 134 147 23 
115 89 27 106 141 13 64 38 99 69 53 131 82 60 94 114 50 68 125 7 142 17 29 33 123 83 144 117 5 128 58 96 72 54 81 65 48 132 116 137 10 44 146 103 76 111 8 86 61 120 71 124 140 20 133 31 118 6 104 92 102 110 66 39 56 57 84 135 40 122 22 105 34 138 36 1 107 9 18 139 21 91 49 28 74 30 62 108 51 25 63 95 87 11 23 119 15 16 79 143 130 73 12 93 77 148 4 126 145 121 75 37 80 78 150 14 55 112 127 41 19 24 2 136 43 90 35 59 97 32 46 26 85 47 52 149 147 98 88 42 109 134 67 129 70 113 45 101 100 
42 149 148 82 45 130 35 137 139 119 48 98 12 109 37 30 60 110 23 55 13 53 10 95 97 11 7 105 87 118 70 47 115 90 113 76 8 89 136 132 88 64 71 106 16 104 75 27 94 3 92 38 28 86 78 34 138 15 57 1 41 107 32 39 135 68 49 74 63 122 140 141 114 145 144 123 9 19 21 101 96 79 25 2 56 50 43 120 33 133 29 59 99 129 22 5 31 85 111 36 40 124 112 125 20 128 134 84 17 52 54 73 61 131 142 51 6 146 69 127 103 18 80 66 24 83 102 14 147 108 44 72 67 121 81 100 58 93 65 91 77 46 150 117 62 116 26 143 126 
75 12 105 136 50 46 143 34 19 54 102 53 95 40 103 71 118 135 121 1 79 15 68 38 112 142 59 87 73 7 35 107 106 6 115 149 64 16 25 20 30 81 97 24 145 36 26 58 83 57 123 89 78 72 117 100 27 55 77 70 147 65 139 33 124 37 120 49 126 85 2 67 125 21 66 28 13 150 88 56 110 134 92 62 131 130 137 17 45 51 14 23 63 127 3 44 76 52 84 18 96 141 22 119 138 48 98 39 101 4 42 90 133 122 86 140 74 132 11 128 104 113 29 144 31 93 82 116 109 43 146 114 47 80 129 108 111 41 69 61 148 91 60 32 10 99 9 94 8 
5 35 81 144 124 77 74 113 25 58 57 39 36 68 130 9 70 148 104 20 2 64 10 71 150 128 137 132 94 88 96 75 89 43 83 91 45 90 16 1 31 38 100 33 21 34 37 97 32 63 139 95 143 55 126 86 76 23 47 28 27 107 140 125 114 92 30 138 69 19 56 111 123 146 134 78 112 120 29 82 149 103 44 66 59 67 52 106 145 105 122 41 142 13 73 7 61 65 127 54 116 87 62 50 79 108 3 17 15 53 117 101 99 18 98 133 48 40 11 72 51 109 141 4 60 24 14 12 129 118 121 131 93 102 135 85 8 110 147 136 119 84 26 22 49 80 46 42 115 
43 100 116 12 122 22 93 103 69 115 95 35 105 102 31 118 132 72 56 3 24 74 50 125 109 91 65 6 119 71 81 41 148 5 64 123 1 94 28 44 144 97 139 63 61 49 68 145 13 33 34 124 113 129 143 147 136 131 55 130 107 18 108 126 40 75 15 2 146 134 4 45 140 59 62 46 51 121 98 20 120 76 137 70 48 25 106 111 54 10 96 38 37 79 114 27 57 138 141 9 150 83 78 60 88 52 36 142 39 149 80 47 133 86 30 110 112 127 117 21 67 84 89 87 16 19 128 14 23 42 53 29 11 17 26 92 85 58 99 135 90 8 82 73 101 66 32 77 104 
39 143 28 93 69 106 119 66 136 3 130 112 89 22 34 101 38 133 99 57 87 74 103 13 123 49 15 137 140 142 19 59 70 125 121 26 60 146 51 33 102 134 24 128 118 117 36 16 35 42 43 105 116 64 132 126 91 5 80 41 124 110 11 113 98 131 46 88 65 127 29 145 147 2 86 107 75 73 45 90 150 52 32 111 78 63 44 71 4 31 1 104 21 37 114 30 62 139 53 85 25 7 100 18 14 138 55 6 77 79 20 47 122 135 109 23 58 83 17 9 48 50 95 144 120 148 108 72 10 61 40 81 97 12 149 94 67 82 96 56 115 129 54 92 141 27 76 84 68 
42 80 47 61 119 149 29 48 26 59 21 141 129 3 40 8 66 25 11 123 65 76 93 89 135 91 69 102 107 57 124 86 56 98 37 142 127 88 148 12 75 34 38 45 77 112 74 18 15 32 62 64 122 96 35 39 133 114 71 110 83 101 5 99 60 126 20 104 24 68 118 92 117 79 94 82 19 137 1 138 58 144 100 46 51 31 108 132 103 84 30 90 54 116 120 125 145 22 113 2 105 7 85 147 63 44 49 43 17 13 81 140 150 67 53 14 6 106 128 134 139 87 130 55 16 10 131 52 136 97 143 109 78 23 28 27 72 121 146 73 36 115 70 33 95 50 41 4 111 
48 32 35 25 53 106 33 142 22 134 122 82 135 111 97 27 34 83 76 66 44 65 21 50 91 24 4 78 118 148 130 56 16 149 64 29 2 75 8 42 104 115 94 103 59 67 137 113 120 7 13 140 23 108 36 43 37 45 9 125 38 105 63 87 14 127 85 102 69 12 41 107 133 110 96 112 116 101 88 86 117 129 1 40 18 74 141 77 57 26 92 143 79 81 70 98 19 121 136 131 52 114 124 146 73 54 132 95 109 17 61 28 20 60 47 72 30 128 123 89 147 15 39 80 62 145 6 68 11 100 144 84 31 5 138 46 49 126 139 51 119 71 58 3 90 150 93 55 99 
84 1 101 48 55 50 27 19 20 9 60 43 37 107 146 73 150 10 102 44 124 15 33 118 26 142 115 82 86 135 31 103 38 117 145 6 24 62 109 56 58 22 77 122 61 106 129 96 137 17 99 132 30 126 69 59 123 49 68 92 79 136 41 91 128 71 113 34 98 52 35 47 89 21 100 66 46 29 78 108 120 87 16 64 147 133 51 70 18 110 3 76 138 121 81 36 7 54 114 141 39 32 67 83 116 119 42 28 85 75 131 72 127 144 2 88 4 97 40 104 112 13 90 23 53 65 63 14 25 105 111 140 143 5 125 149 74 139 148 80 12 45 93 95 134 130 57 8 94 
57 49 60 66 69 85 28 88 59 13 142 16 133 45 14 63 90 33 46 131 51 128 112 41 92 95 135 99 74 127 29 4 125 8 7 64 117 9 27 47 53 19 79 36 89 76 56 126 139 119 118 35 80 150 103 72 77 10 21 146 106 18 67 104 136 62 145 11 2 73 26 130 132 121 5 58 143 52 108 1 3 86 68 37 55 22 75 40 83 96 124 122 97 24 61 50 44 134 100 38 17 6 32 43 48 25 91 110 113 98 137 81 138 109 20 42 78 129 94 70 107 39 87 31 120 149 71 114 82 102 115 30 101 116 15 111 23 140 34 148 123 84 144 141 54 65 105 147 93 
74 32 135 131 4 118 49 26 98 83 145 30 111 31 7 146 61 47 147 24 81 106 141 6 103 60 99 28 11 21 115 80 122 110 18 64 117 68 17 58 123 149 87 25 51 125 14 133 142 22 132 102 45 109 79 119 134 120 19 29 94 65 34 126 85 92 37 41 3 140 114 67 66 71 128 82 63 15 105 50 127 16 38 129 138 116 35 130 69 84 23 75 121 5 48 139 33 144 53 76 70 101 43 1 55 93 96 113 46 57 40 59 100 73 150 86 20 44 62 148 90 107 88 97 54 112 39 78 95 124 143 52 89 10 108 42 77 36 8 12 104 72 137 91 2 27 9 136 56 
45 138 84 51 5 137 142 22 58 75 119 85 61 146 125 124 79 98 71 36 2 63 135 25 43 141 50 1 38 111 93 65 10 72 89 97 24 8 66 113 4 139 62 143 74 118 106 95 42 48 136 133 149 26 91 112 57 128 67 129 103 120 99 76 29 49 13 104 20 33 39 100 56 116 16 69 131 147 88 52 110 108 127 102 3 90 150 32 12 21 122 134 23 11 55 40 64 96 37 59 132 53 47 121 27 54 73 148 34 78 92 115 77 123 28 114 7 87 101 15 83 140 6 126 130 31 144 86 68 94 44 46 35 109 117 107 80 60 9 19 82 18 30 105 70 81 145 17 41 
114 2 17 108 7 35 12 11 79 62 140 76 80 106 53 6 46 42 90 93 73 139 141 91 143 48 92 82 22 133 38 100 149 20 13 115 26 34 24 78 27 96 65 74 30 132 134 19 136 126 32 28 54 29 63 125 124 41 66 131 86 70 135 18 31 112 147 105 56 129 3 4 21 87 75 101 148 44 36 113 122 68 81 72 8 137 58 109 88 107 10 47 49 40 142 103 128 104 116 16 117 119 146 52 127 71 23 138 59 150 94 43 120 25 85 84 50 95 121 69 60 37 39 61 33 45 97 110 9 14 57 1 55 123 77 64 51 145 67 130 98 102 5 111 99 89 144 118 83 
147 15 144 10 1 148 7 118 13 56 123 90 93 51 82 80 107 25 143 73 131 59 18 98 120 44 76 40 72 77 114 71 55 63 102 87 46 88 146 101 110 140 5 75 92 111 135 58 26 62 106 105 122 96 28 37 97 66 103 27 54 9 125 119 100 57 91 145 3 41 14 17 134 117 22 83 31 67 129 85 19 95 104 30 138 86 115 69 35 94 121 20 70 53 8 132 127 108 141 78 49 79 33 4 133 24 64 47 61 84 43 65 34 109 126 81 50 60 52 139 23 12 42 136 149 2 99 89 130 124 68 32 36 6 29 112 142 45 116 39 128 11 38 74 48 137 113 21 150 
121 44 128 114 55 141 68 61 89 54 12 28 132 57 125 150 110 48 25 91 32 147 129 112 138 88 39 19 8 22 123 108 75 37 40 7 47 69 130 143 2 101 14 116 3 83 70 27 29 119 113 63 50 35 144 4 106 46 65 78 82 51 79 109 115 31 67 105 43 30 117 80 45 34 95 71 41 24 149 49 76 18 23 99 87 102 146 103 142 21 139 136 66 148 94 60 5 58 85 56 127 93 92 124 96 26 9 86 140 145 73 11 134 16 131 81 59 33 53 98 74 1 6 90 100 42 118 10 84 120 64 15 72 38 62 107 137 77 111 126 122 104 133 135 13 52 97 20 36 
96 88 114 115 65 49 22 45 4 147 69 93 87 97 79 23 94 13 21 1 85 31 63 28 117 27 76 26 113 124 50 51 67 41 101 61 109 105 33 75 73 42 30 150 148 66 78 121 118 100 145 111 71 86 139 14 141 7 112 15 43 134 38 106 119 135 68 81 77 32 62 29 143 64 82 90 10 122 127 95 123 104 92 125 39 120 47 17 34 72 46 108 54 116 132 146 83 57 133 91 35 53 131 59 103 8 129 84 6 44 128 140 36 130 19 2 74 55 25 107 136 5 37 48 20 102 70 137 80 9 99 11 144 3 58 110 142 56 52 138 126 98 60 40 24 12 149 16 89 
70 93 52 8 124 64 62 74 136 57 96 77 102 95 61 120 7 12 87 84 100 24 66 91 31 73 14 68 89 114 113 21 45 75 42 15 127 13 49 32 34 137 36 88 86 122 149 110 27 5 139 112 78 37 72 60 9 38 99 11 44 47 18 90 147 82 98 141 118 4 107 56 35 33 115 43 83 103 121 50 76 79 150 65 48 140 58 92 125 51 20 142 143 133 117 6 39 145 16 128 94 146 71 17 3 104 129 148 54 135 28 2 105 23 1 59 123 41 101 22 40 108 80 132 81 134 53 30 10 85 97 138 109 106 111 131 46 69 25 67 63 29 55 130 116 119 26 126 144 
11 64 123 49 35 100 51 148 88 41 143 114 70 101 44 116 85 9 21 57 32 118 37 7 94 138 59 142 66 144 58 120 3 39 65 127 5 10 30 6 134 67 93 40 16 12 34 56 8 74 72 50 121 38 108 31 131 149 42 140 112 63 110 78 136 147 82 23 25 86 141 130 48 115 150 54 132 113 111 75 27 29 61 73 71 102 125 13 76 95 90 99 2 98 4 87 105 89 53 52 55 18 81 68 28 137 117 106 135 91 45 97 19 126 83 24 84 17 145 122 15 46 129 146 80 60 124 107 128 47 139 43 104 26 109 133 14 22 79 69 92 1 119 103 33 96 36 62 77 
73 140 20 22 101 54 9 8 92 114 136 75 36 148 104 115 2 29 43 145 3 72 119 108 147 32 143 40 52 103 142 30 81 42 10 95 135 132 86 68 130 79 57 18 14 4 146 33 23 59 125 118 149 64 109 46 124 94 96 85 11 27 88 150 112 6 13 35 71 45 90 89 24 126 122 121 5 69 131 78 123 25 76 120 60 82 107 28 80 93 102 34 12 99 97 113 50 37 62 16 31 51 49 105 134 19 110 77 1 38 7 137 98 128 111 56 138 116 84 55 67 53 44 83 129 127 47 26 87 133 117 100 141 63 139 144 70 66 41 39 17 106 74 48 15 65 58 91 61 
134 67 140 69 7 74 77 70 1 139 91 95 144 65 58 30 62 63 127 20 145 98 129 128 89 43 11 6 88 126 60 130 38 66 36 86 3 85 64 48 102 46 142 32 28 92 143 80 76 114 5 18 24 100 103 119 81 115 78 55 75 19 73 21 44 12 84 110 109 107 10 97 40 104 82 135 14 131 59 31 93 101 113 148 72 41 35 112 125 2 34 133 13 99 117 147 9 121 42 120 39 68 45 105 56 15 71 17 27 132 108 90 116 4 47 79 29 53 26 122 16 61 106 118 96 49 124 57 123 54 150 136 33 94 149 50 23 51 8 111 25 52 141 83 87 138 37 146 137 
143 149 22 48 32 14 114 59 84 70 147 12 112 43 144 40 99 57 78 109 88 13 129 146 108 87 19 97 68 82 110 96 74 136 120 80 44 71 116 20 31 128 42 49 76 51 98 86 1 111 16 131 53 4 61 95 79 138 132 91 106 18 33 50 9 35 101 130 29 115 60 36 25 93 66 69 127 54 75 135 15 90 55 119 63 72 5 139 126 73 30 85 145 39 26 21 47 2 56 64 11 45 17 104 113 3 46 133 100 150 52 140 27 124 105 107 7 148 142 102 58 125 6 103 92 81 134 123 65 137 121 67 34 8 10 28 118 77 122 117 24 62 89 83 38 37 141 94 41 
122 6 140 39 37 136 101 131 69 80 127 88 91 81 121 129 148 60 114 86 12 128 64 112 20 115 28 53 34 11 65 123 55 137 93 100 82 117 145 75 110 120 36 90 73 45 30 84 146 141 71 48 87 31 139 25 118 41 67 57 18 44 119 43 108 106 134 63 144 29 21 4 135 92 46 147 19 9 125 59 47 96 85 107 104 133 109 14 27 23 7 98 111 143 40 13 74 68 5 138 77 61 94 16 3 126 72 52 97 105 102 130 33 10 116 95 42 2 149 89 66 132 15 99 49 50 78 54 35 26 79 17 62 8 83 32 58 113 56 22 76 1 124 70 51 142 103 38 150 
120 65 31 28 106 14 136 101 67 108 91 55 71 35 121 144 62 141 52 129 92 111 127 64 76 123 98 126 47 58 74 60 43 142 37 19 73 30 66 131 44 97 148 27 17 6 146 34 125 137 24 56 80 69 70 87 45 8 140 50 103 78 10 110 15 147 46 40 3 4 118 54 39 7 82 114 100 61 124 53 57 75 49 12 135 16 33 18 84 79 139 51 109 2 59 90 138 42 102 94 99 143 83 68 21 149 26 36 105 11 134 112 133 41 89 107 128 116 115 29 145 32 132 95 104 85 38 13 63 113 130 119 88 81 20 23 150 72 122 86 22 9 96 48 93 77 1 117 5 
12 18 87 47 148 24 85 124 54 97 101 55 145 16 110 146 37 6 135 128 93 130 35 72 100 136 14 141 4 139 103 1 104 131 10 102 105 98 70 116 150 80 31 36 94 96 90 79 140 20 42 7 9 57 63 15 115 28 3 8 53 73 91 34 120 75 58 138 32 129 121 122 17 33 134 60 52 2 142 117 137 65 71 149 22 147 78 64 81 114 48 11 125 27 56 86 84 59 25 38 50 76 19 51 67 45 46 40 49 88 13 113 95 21 77 44 143 126 99 82 30 74 61 68 43 127 39 62 123 23 107 83 41 66 112 144 5 109 119 92 118 69 89 29 132 106 108 111 133 
129 58 122 84 80 38 37 10 75 30 56 138 96 149 108 48 97 54 93 36 40 78 115 119 124 33 101 91 23 123 107 17 95 143 139 144 112 64 13 133 49 134 60 62 118 103 92 47 146 55 11 34 4 1 128 22 116 50 98 82 127 72 83 135 57 113 109 73 31 20 68 126 99 12 147 140 18 79 76 86 26 77 52 69 137 141 5 81 24 51 132 3 117 142 71 7 43 16 46 67 104 100 44 87 125 8 42 85 25 63 131 90 102 88 28 89 148 70 105 39 35 21 32 66 106 2 130 53 65 59 14 19 120 15 114 110 145 94 41 74 150 121 61 45 9 136 6 29 111 
58 17 79 82 70 102 149 140 5 24 6 11 97 12 117 85 114 137 32 111 112 64 150 40 38 51 142 3 128 63 103 84 67 110 10 91 147 55 100 125 9 22 144 141 71 2 72 33 73 129 136 31 126 148 106 14 49 132 54 1 83 80 4 69 46 113 18 21 29 30 109 75 13 95 138 98 7 78 42 66 77 56 23 60 115 87 47 41 101 122 133 108 86 90 146 74 34 81 57 99 16 92 50 48 119 59 124 105 130 39 36 107 26 45 37 15 131 145 25 35 88 19 62 139 96 134 127 135 93 121 44 8 52 120 43 116 20 27 76 65 118 61 89 104 94 68 53 123 143 
132 32 28 89 56 138 53 19 118 114 27 6 14 12 51 11 102 24 71 4 75 36 47 88 107 94 93 145 98 21 111 146 85 60 128 130 68 81 103 135 20 54 34 76 110 73 148 80 23 78 49 46 133 8 13 69 17 144 22 90 109 41 45 99 65 140 131 33 74 55 116 143 44 101 141 26 123 100 67 64 86 82 96 66 95 1 137 62 61 77 83 42 97 127 149 52 134 72 63 5 70 92 125 108 122 124 9 113 59 2 25 150 112 48 142 115 136 87 43 37 35 106 57 84 117 79 120 121 15 129 18 39 119 139 31 147 30 16 7 91 126 3 104 50 58 40 38 10 105 
32 130 31 27 14 68 48 12 19 63 120 4 133 114 62 123 11 119 65 71 139 34 109 77 94 33 74 29 44 129 58 112 79 148 108 39 131 38 42 2 116 21 10 54 83 80 99 88 136 56 89 95 37 118 107 59 124 36 22 23 104 86 9 15 113 125 150 72 55 143 41 85 24 93 100 135 147 45 106 140 26 8 13 69 3 144 20 81 7 117 67 132 70 64 128 40 103 78 126 5 134 127 16 76 53 138 121 82 17 122 102 91 97 66 75 84 60 43 92 146 105 110 47 90 96 25 101 6 52 87 145 49 149 35 1 28 141 111 61 115 73 46 50 137 98 18 57 51 142 
74 40 96 37 137 68 61 49 100 65 57 2 16 115 26 60 62 73 52 25 93 87 44 59 36 27 12 125 56 94 89 122 50 131 47 109 34 78 147 107 134 119 58 19 64 29 18 75 63 130 110 8 140 124 7 150 6 77 120 146 127 133 55 13 54 80 132 5 32 145 121 38 83 33 11 92 117 144 70 129 35 104 113 66 135 76 98 1 126 15 108 14 3 28 88 86 20 141 142 123 114 111 103 99 67 82 84 41 45 102 101 95 138 22 46 128 42 79 106 85 81 39 24 10 72 112 53 48 149 143 71 116 69 9 17 43 136 97 91 90 23 21 148 105 118 51 139 30 4 
49 136 98 141 39 61 70 24 127 105 56 64 75 3 45 95 46 94 6 93 60 1 143 150 96 100 108 19 102 36 144 74 85 128 51 125 11 114 67 29 149 115 63 133 139 59 132 9 82 89 90 27 26 137 53 8 15 14 140 37 138 79 65 40 38 69 4 130 104 106 28 135 83 81 101 110 55 25 129 142 77 91 30 68 33 18 84 48 42 113 99 35 121 50 54 131 78 58 44 20 120 5 118 109 41 107 80 122 86 103 73 10 111 62 126 146 34 21 76 123 2 7 145 97 147 117 22 72 23 148 134 57 16 87 88 17 52 71 112 116 124 31 119 66 12 43 13 92 47 
102 23 123 59 100 3 68 150 50 32 58 61 91 85 75 45 92 21 129 53 47 120 46 42 130 63 11 60 101 31 99 83 34 7 40 29 127 44 37 145 128 108 74 52 48 115 147 141 57 12 125 124 84 6 18 71 103 113 14 104 88 22 149 135 118 13 8 1 54 142 94 56 137 36 39 119 69 109 81 72 105 27 117 131 41 87 133 148 73 70 35 90 55 86 24 4 20 111 67 16 126 9 97 143 107 98 49 43 138 82 19 96 38 134 121 136 2 112 78 66 25 140 116 132 10 93 139 106 89 26 122 17 95 65 64 77 110 80 144 51 30 62 28 15 146 5 79 76 114 
141 131 77 75 24 81 90 31 104 85 25 16 60 112 79 119 40 136 6 106 146 61 26 29 14 55 42 1 148 110 27 7 39 41 116 132 67 91 21 80 49 65 96 139 128 147 95 115 5 105 114 93 99 56 125 94 134 113 11 47 107 130 97 17 12 43 10 51 13 71 121 54 76 123 144 117 126 89 101 3 68 48 69 33 84 15 122 137 149 140 143 111 50 133 92 135 83 52 74 72 30 8 145 70 86 59 100 142 62 103 124 73 108 46 18 32 120 109 118 66 44 36 150 64 2 23 129 58 20 127 78 4 38 63 88 98 9 82 19 22 102 138 53 57 87 28 37 35 45 
103 99 31 100 145 27 141 10 9 85 125 3 14 146 70 140 150 11 63 109 137 7 20 34 45 76 46 71 73 132 148 83 113 124 62 108 110 123 44 144 56 104 51 61 22 18 13 134 95 126 37 48 58 142 139 43 130 80 102 24 75 147 47 106 98 42 97 118 136 115 64 50 36 33 66 116 117 69 53 5 121 86 39 143 111 77 60 8 131 79 12 41 68 89 101 26 38 72 55 112 15 65 135 114 4 29 120 23 74 59 40 17 93 122 6 1 54 67 49 88 82 30 94 127 138 81 52 57 16 119 133 96 19 105 91 78 128 90 107 87 28 129 25 84 32 21 92 149 2 
29 145 49 8 133 27 114 79 72 97 23 90 104 33 141 71 54 93 34 150 76 99 20 111 41 61 58 82 140 6 4 67 102 18 77 60 26 78 144 107 92 70 127 16 57 98 120 31 138 85 19 105 88 87 42 35 62 112 22 96 2 119 95 136 86 106 51 149 32 37 64 44 117 80 103 94 47 128 122 11 146 30 45 7 143 148 66 38 56 100 21 3 52 131 91 28 134 135 137 50 139 118 115 126 10 48 55 113 142 75 89 84 73 109 68 130 1 15 74 108 39 13 53 121 69 12 81 132 110 147 14 40 125 17 124 5 46 83 101 129 24 59 43 116 9 65 25 123 63 
68 80 100 16 11 117 94 20 91 66 21 121 123 107 125 41 86 71 105 60 83 2 12 48 120 36 52 143 137 97 26 64 139 59 1 44 34 144 133 106 147 5 69 13 10 45 90 102 136 75 81 67 114 140 63 149 40 39 43 119 108 28 55 9 30 87 142 32 19 103 126 38 138 14 116 93 109 124 47 99 84 95 135 92 3 146 129 88 79 6 96 73 57 8 122 54 82 58 128 56 132 141 25 17 98 130 18 51 46 65 33 110 104 70 150 22 29 111 101 118 145 74 23 53 113 134 85 61 50 148 127 72 27 89 76 24 49 131 62 112 77 7 115 4 15 35 78 31 42 
69 47 87 4 108 40 101 137 107 90 62 134 98 23 121 43 103 11 52 22 112 80 128 124 65 70 10 24 66 118 55 13 82 54 58 145 131 130 7 36 149 9 102 27 111 30 148 76 74 1 126 114 42 79 16 46 48 39 21 15 8 32 88 3 133 20 142 127 93 129 53 67 77 91 72 95 116 100 45 92 106 61 35 44 105 68 50 89 146 6 34 33 119 73 123 113 99 109 138 71 17 97 86 19 84 141 41 59 81 5 75 120 147 125 12 2 136 25 78 85 26 60 63 144 31 104 140 135 28 132 117 57 18 94 96 122 150 110 49 14 64 37 56 143 29 115 51 139 83 
26 96 132 75 102 98 88 90 41 148 109 95 139 127 74 122 137 14 119 33 100 116 31 103 54 94 128 24 113 56 51 144 71 53 2 138 47 10 133 142 13 5 146 3 38 50 126 1 143 9 22 121 29 101 104 150 36 72 64 70 16 115 12 35 80 131 125 92 97 147 21 83 118 44 61 87 32 60 77 112 20 48 45 81 40 111 135 34 63 145 110 6 106 84 58 82 141 129 99 69 93 19 18 73 86 105 8 30 67 59 91 62 68 136 57 11 79 134 15 76 85 49 140 107 120 4 123 27 55 7 23 108 42 130 124 149 25 43 65 78 117 66 89 37 46 28 114 17 52 
126 47 48 91 21 131 135 64 11 104 72 24 85 117 128 28 61 58 9 27 86 33 149 49 88 13 122 142 54 66 133 95 111 60 100 81 51 26 147 87 108 150 73 132 82 118 53 140 62 41 103 125 98 113 105 16 43 44 112 92 130 143 94 76 146 23 101 55 83 8 57 129 134 3 50 1 7 77 123 69 96 65 138 34 124 59 30 70 39 68 109 10 97 35 37 145 90 89 121 4 36 102 18 119 12 80 22 71 31 137 79 75 67 110 106 136 6 63 84 120 56 32 107 114 52 148 141 14 19 45 115 127 144 2 116 25 93 78 20 42 74 46 15 99 17 38 29 5 139 
28 130 76 85 14 9 32 108 24 29 3 127 31 102 60 10 96 115 12 88 111 143 61 134 52 44 6 92 66 87 5 33 11 42 106 138 4 8 74 113 98 56 90 39 101 132 125 15 13 17 25 59 69 82 86 19 54 36 131 58 80 16 117 150 89 1 48 65 84 43 140 148 120 7 100 68 147 129 121 30 141 133 146 95 67 75 55 20 57 81 40 51 144 114 53 124 137 103 122 97 142 23 99 112 26 47 135 136 145 70 119 139 104 38 46 64 149 72 107 109 73 27 49 37 105 71 77 94 2 62 110 123 118 78 128 22 83 79 45 21 116 50 126 91 93 35 63 34 18 
61 102 49 124 147 105 10 70 15 23 53 99 32 144 112 39 127 139 138 108 7 26 60 106 73 6 145 134 37 68 38 83 55 103 137 149 9 122 85 110 123 28 119 90 12 129 59 31 66 16 113 141 41 30 82 40 62 67 116 45 35 74 98 140 44 132 21 118 95 80 56 48 143 54 114 19 111 5 109 46 63 14 130 13 150 135 101 71 91 88 121 133 24 131 17 72 43 120 36 81 115 125 27 142 75 25 104 18 86 126 51 29 3 34 11 64 52 8 84 94 93 92 100 57 1 146 79 33 50 128 2 136 4 47 107 22 89 58 96 97 87 117 148 78 69 65 76 77 20 
19 122 142 99 74 61 89 145 103 49 82 76 2 45 70 141 113 71 44 95 79 137 26 111 115 125 118 120 46 5 75 72 143 27 24 1 147 47 83 3 11 105 140 146 32 80 18 36 136 130 86 114 126 52 98 51 16 55 117 62 28 106 48 25 4 67 38 85 138 65 29 119 134 9 127 14 56 104 37 144 10 139 59 109 50 42 112 92 6 102 8 64 133 12 23 53 97 78 87 90 66 94 73 132 81 40 116 35 93 91 31 110 13 58 129 15 96 34 17 149 121 84 7 22 60 30 63 57 77 69 124 33 54 20 21 88 131 135 41 108 107 39 100 148 128 101 123 68 150 
34 30 88 24 27 2 81 131 130 57 22 132 12 147 63 89 53 115 108 7 78 61 150 97 11 31 40 135 114 144 16 116 42 109 101 70 138 92 113 43 143 99 47 58 129 105 74 60 122 104 136 39 73 137 66 51 133 18 62 146 102 95 37 117 55 125 67 111 96 33 84 90 38 19 71 21 118 85 126 112 75 6 128 83 68 5 29 134 79 91 13 10 142 107 98 120 15 103 35 32 9 25 141 69 3 59 87 46 110 140 45 48 4 1 72 50 77 54 36 94 52 123 124 41 86 49 121 100 56 28 80 17 149 20 82 23 148 14 76 26 65 139 145 127 93 64 119 8 106 
12 61 14 148 96 3 25 73 35 20 47 17 103 121 135 142 108 49 26 27 143 31 124 11 114 22 58 136 138 36 7 126 113 5 118 123 69 51 98 28 38 53 40 64 127 145 44 68 90 41 95 18 86 107 129 55 134 89 91 87 57 54 147 78 13 93 109 63 29 2 21 37 65 42 133 76 43 4 92 101 59 74 125 85 50 34 9 6 99 119 72 102 81 104 66 1 88 67 132 33 23 84 62 83 146 71 111 106 141 56 149 128 82 32 130 60 70 10 150 144 79 8 48 140 19 52 116 30 117 137 97 105 110 15 75 112 131 94 46 120 115 100 39 77 139 122 80 16 24 
2 145 110 129 96 15 90 93 16 104 101 119 128 3 35 4 11 107 24 72 97 71 148 40 44 39 105 103 112 144 67 88 83 114 21 123 102 87 111 142 6 75 7 136 82 25 31 28 99 125 120 23 113 61 34 5 150 122 146 65 79 131 68 12 57 55 22 126 139 76 70 38 41 49 106 54 51 84 108 53 32 134 59 18 85 86 140 20 62 1 141 69 91 60 98 133 33 77 17 8 9 89 29 118 95 80 45 116 132 26 149 117 138 137 64 58 19 74 92 30 73 135 43 124 52 109 100 27 143 14 36 94 121 130 66 10 115 42 47 127 147 48 13 56 78 50 37 63 81 
103 30 60 55 27 84 21 52 59 124 122 121 107 94 82 23 150 41 141 50 19 92 13 101 56 131 129 22 72 134 114 147 46 6 83 79 24 127 133 138 65 69 9 37 128 77 80 71 130 112 73 105 118 81 61 99 132 36 43 7 5 25 116 76 113 54 89 39 1 57 136 139 110 123 75 31 145 91 26 125 15 33 115 97 137 14 29 45 3 40 78 42 35 106 98 62 68 95 4 140 63 58 100 70 8 90 142 149 51 126 66 135 93 102 12 117 34 108 144 16 48 32 38 88 111 119 146 86 104 74 109 53 17 148 10 18 20 28 96 49 143 67 87 44 85 120 11 2 64 
33 122 32 135 9 96 69 147 109 130 26 58 72 49 125 53 83 28 79 112 74 30 80 136 7 25 68 14 22 59 131 102 91 24 97 66 133 90 75 141 126 103 150 82 45 114 54 88 98 87 149 20 140 84 76 127 129 19 17 44 95 37 115 134 119 92 56 60 73 132 105 144 143 148 78 106 137 13 142 8 36 6 11 51 38 31 35 18 146 57 23 46 77 12 117 67 65 70 123 100 128 104 81 89 4 63 120 64 47 113 29 116 2 50 71 121 93 41 108 107 99 3 52 1 27 101 124 16 42 15 55 34 39 21 10 145 138 40 118 62 110 5 61 43 94 139 86 85 111 
12 77 62 32 63 140 53 38 103 133 123 66 136 24 56 8 23 59 137 141 101 2 65 60 127 92 13 51 76 106 129 21 58 121 82 14 142 43 131 102 83 99 15 139 138 114 75 96 44 10 28 9 36 98 68 34 4 126 125 145 31 111 95 40 120 74 112 81 20 26 25 135 87 143 149 90 84 71 132 61 107 55 80 3 57 100 39 93 64 35 72 73 117 69 118 147 146 113 124 86 79 22 5 37 50 27 78 119 115 122 70 150 1 130 30 41 52 91 19 17 88 109 128 105 97 11 94 6 54 89 85 47 48 110 33 104 45 148 46 29 67 144 116 134 108 18 42 7 16 
36 73 91 45 6 39 118 54 38 114 97 121 93 150 88 104 18 80 42 107 55 146 3 28 86 29 13 56 43 129 145 46 82 149 98 134 85 87 90 41 63 83 8 113 147 125 37 128 124 115 53 22 141 112 11 131 103 101 24 34 17 105 32 126 144 7 77 132 89 15 2 94 120 52 100 84 21 67 65 61 110 31 92 27 26 95 119 30 19 5 130 117 9 137 66 136 140 51 74 139 108 68 58 76 4 48 138 143 64 135 127 20 57 102 33 23 12 60 69 99 49 62 96 1 59 123 10 44 148 47 71 72 142 75 35 106 81 122 133 109 111 78 70 16 25 14 116 79 40 
29 16 17 2 36 18 129 9 98 19 48 145 20 147 14 112 146 125 37 108 44 34 46 71 35 7 134 84 80 121 97 96 42 111 122 123 65 41 133 53 6 86 83 88 72 104 113 38 54 110 99 70 23 101 26 60 63 89 76 119 85 22 92 28 138 58 32 39 87 10 67 57 139 148 68 59 132 5 50 130 1 137 91 43 109 131 114 116 40 25 100 21 136 45 150 73 4 61 52 90 144 127 33 140 143 66 8 93 75 141 105 142 30 94 3 77 49 47 15 55 106 13 107 120 124 62 149 31 11 69 78 74 24 126 81 135 115 12 117 82 118 27 56 102 64 128 79 95 103 
28 127 129 131 30 45 10 98 42 41 53 27 68 14 93 25 139 138 72 23 117 71 60 66 1 128 110 76 90 24 107 150 38 26 83 39 104 102 84 94 115 149 96 18 58 82 56 34 121 118 88 11 97 143 62 75 141 130 112 147 146 69 16 135 95 8 51 5 15 22 123 101 13 103 12 59 7 86 99 73 113 111 78 85 17 48 81 116 132 43 145 35 120 67 108 54 133 109 136 140 126 119 47 44 100 55 91 31 6 92 50 2 122 105 29 36 49 80 79 46 64 9 32 37 106 74 57 63 142 33 148 125 70 89 87 21 134 40 20 77 3 19 144 61 4 114 137 65 124 
79 69 47 56 68 135 85 49 82 86 46 57 102 8 105 14 98 37 78 81 112 1 31 150 124 77 55 142 131 11 54 20 15 19 33 138 123 146 80 13 128 50 126 65 6 136 107 70 139 144 30 42 18 108 28 127 117 141 149 66 5 116 110 90 39 103 91 4 89 64 132 40 24 21 96 88 38 58 27 113 137 2 120 61 16 52 17 119 125 75 59 71 122 25 83 45 134 109 44 26 97 62 10 67 115 121 72 147 130 99 73 104 23 48 100 93 29 12 145 94 92 34 101 140 74 41 76 118 3 148 51 35 43 60 84 32 114 106 87 133 9 36 129 95 143 7 63 22 111 
81 138 80 35 64 59 8 53 111 78 108 102 118 109 28 145 57 62 71 83 97 45 113 110 6 148 136 31 55 58 122 1 96 51 121 120 18 15 91 90 2 142 93 66 100 104 82 106 95 69 34 127 21 79 86 115 130 75 149 40 42 119 30 72 116 76 123 36 87 77 7 50 134 143 14 23 94 65 73 22 133 47 67 12 5 128 10 92 124 39 46 70 19 140 101 11 144 20 13 114 132 29 146 24 44 56 68 141 103 105 125 33 16 17 60 48 135 147 49 137 150 99 38 25 98 139 84 41 32 129 88 43 37 107 85 52 4 126 63 112 26 9 74 89 117 131 27 61 3 
17 127 124 112 57 148 105 122 16 119 7 130 97 22 115 19 110 94 102 138 85 70 64 100 27 129 56 118 145 4 28 8 74 123 15 59 48 77 45 67 20 95 114 2 92 90 49 25 41 73 34 40 33 3 142 79 1 111 30 136 47 128 54 135 108 66 76 75 104 147 37 65 96 11 39 60 87 101 38 12 72 149 9 132 125 150 42 29 113 133 131 117 120 78 52 14 80 91 61 13 99 31 69 126 23 62 24 137 46 93 51 144 139 106 21 103 109 121 146 143 98 35 10 5 63 71 89 68 26 58 32 134 81 18 107 116 53 140 83 50 36 88 43 82 141 86 84 44 6 
137 127 66 35 83 57 146 100 23 109 42 18 24 32 6 68 22 63 113 130 33 79 149 134 71 111 87 89 115 82 40 94 34 12 59 26 141 27 52 48 88 145 72 101 85 128 105 43 62 58 29 16 50 64 28 118 102 95 139 148 73 140 49 142 21 92 46 19 98 70 103 65 41 10 54 117 69 74 37 107 86 96 2 150 90 120 136 143 55 14 84 147 116 125 17 31 97 78 44 123 7 129 53 60 67 81 8 91 144 80 126 36 11 20 13 9 47 4 39 110 1 61 112 77 124 93 99 114 108 138 51 25 3 104 45 75 122 133 121 135 132 76 15 131 30 5 106 119 38 
135 54 21 73 33 52 5 78 113 44 144 143 27 109 110 145 149 49 84 125 20 60 147 89 111 63 82 23 90 3 117 10 116 127 59 137 22 114 35 47 128 121 46 36 43 141 146 80 67 48 9 107 24 13 98 124 134 39 103 4 28 131 62 126 2 81 94 97 72 132 136 87 66 93 15 91 53 100 85 92 95 86 34 115 16 40 38 30 17 68 37 32 14 130 8 29 31 50 106 26 11 138 75 12 77 64 25 139 69 71 129 42 118 108 7 119 61 83 102 70 101 148 76 56 55 18 99 74 140 122 65 142 79 58 88 45 96 104 112 1 123 41 105 51 6 19 133 150 120 
9 140 17 118 16 24 99 77 129 1 11 102 27 103 41 127 53 119 8 21 145 138 106 150 91 55 137 148 74 112 82 47 59 111 60 30 122 114 50 116 146 25 113 14 75 38 121 20 61 69 130 135 85 36 141 84 46 80 37 13 143 35 136 134 23 32 3 68 131 57 98 81 19 97 93 52 29 83 31 115 43 72 94 109 132 104 110 7 6 56 18 96 4 79 62 107 76 64 90 66 133 48 39 54 12 123 71 125 40 34 44 33 108 70 67 5 42 15 49 124 128 144 28 147 2 120 142 65 78 139 26 51 105 100 87 88 10 92 101 63 89 149 73 117 45 126 86 22 95 
65 73 84 97 36 106 69 49 131 70 115 6 21 116 126 101 147 14 125 11 89 25 118 67 123 75 85 142 63 31 109 1 117 46 76 7 139 50 88 8 40 121 91 129 94 78 28 108 107 98 12 138 137 104 61 149 24 33 140 102 96 48 27 57 132 72 16 66 105 127 23 32 80 100 111 112 45 43 4 44 74 144 52 124 3 15 19 114 22 130 141 54 47 77 42 10 13 133 34 71 41 62 2 134 53 83 64 135 150 20 113 99 29 87 35 145 148 60 5 86 18 38 26 92 136 82 56 93 120 79 17 119 146 95 103 30 81 90 39 128 68 110 58 9 37 143 55 122 51 
74 111 65 124 127 52 87 8 42 59 99 113 70 72 150 114 21 145 98 109 58 120 110 22 32 115 104 54 107 129 3 10 28 69 31 20 79 75 147 83 4 57 29 131 64 91 50 125 63 71 126 101 95 135 86 143 138 144 119 36 134 43 12 40 44 93 41 49 77 2 148 67 112 51 92 27 137 103 136 88 18 73 106 15 9 6 35 23 149 5 11 37 30 81 48 117 123 108 130 68 34 26 141 56 142 76 116 121 47 78 84 146 122 100 62 102 13 33 139 97 25 19 7 90 24 133 55 45 85 96 66 140 17 128 82 132 1 105 39 53 46 118 89 16 80 38 94 14 61 
28 128 27 117 38 102 106 3 98 73 1 33 6 79 119 113 22 57 141 150 101 11 49 130 68 31 89 112 129 32 76 78 20 53 86 97 96 118 107 47 121 8 131 21 143 45 48 63 60 54 69 132 50 109 91 105 46 10 108 124 95 16 114 59 64 7 58 65 40 37 80 111 148 142 125 146 5 30 144 56 41 43 138 82 126 92 115 23 103 74 135 133 72 55 12 136 149 71 100 94 87 4 52 13 51 66 85 123 110 9 99 147 83 15 24 139 93 90 127 44 14 26 137 120 2 122 19 34 116 134 42 140 39 18 77 81 145 67 25 88 17 36 75 62 104 84 70 29 35 
2 122 53 31 143 133 7 130 107 123 135 49 54 23 100 6 48 42 24 50 56 46 98 141 14 60 12 140 38 70 27 131 85 104 129 148 78 58 52 44 20 68 32 99 121 8 116 73 138 25 127 30 113 19 110 35 65 74 139 124 96 125 63 80 114 66 75 47 102 15 3 89 57 37 21 10 26 9 128 108 83 64 13 1 126 82 34 51 77 59 149 106 145 29 132 43 144 39 86 90 69 4 5 120 61 119 137 91 17 146 81 40 117 136 105 41 67 101 79 112 16 142 88 111 11 103 95 118 55 94 109 87 93 84 134 76 92 18 28 150 22 45 97 147 33 71 72 115 36 
82 1 42 120 59 133 98 90 3 91 54 129 146 97 44 134 23 137 86 100 45 144 84 114 6 12 121 66 77 26 136 19 117 22 93 50 81 17 18 109 29 135 104 34 11 48 147 143 68 25 148 102 94 122 13 64 15 142 131 28 115 73 67 110 51 80 106 132 31 60 87 56 41 30 52 107 71 141 62 37 140 61 76 36 24 65 74 14 43 46 124 112 9 55 79 150 138 7 20 111 49 101 92 95 35 38 88 103 85 27 78 33 21 113 83 130 32 108 118 75 99 70 139 116 126 53 10 105 39 127 145 4 72 128 58 8 96 57 47 123 89 69 149 40 2 16 5 125 119 
141 39 12 95 40 93 143 19 1 66 72 49 104 87 114 27 17 94 53 132 70 81 105 37 136 92 124 110 142 103 144 121 20 73 83 22 129 44 18 33 88 120 36 97 111 35 25 15 10 118 55 9 147 145 60 100 117 150 137 48 38 42 99 43 59 74 76 21 69 149 8 61 13 14 32 80 26 89 78 128 127 31 146 6 56 62 138 85 47 3 123 68 75 126 2 67 109 122 79 139 148 58 90 131 65 46 5 107 86 11 135 71 113 112 102 29 134 7 119 116 98 115 106 91 82 63 96 4 30 45 108 54 34 50 16 140 23 77 84 101 41 52 133 57 125 28 24 130 51 
108 125 48 134 78 46 106 67 51 91 97 5 32 107 37 24 88 17 117 110 61 66 143 45 63 150 90 44 34 69 49 121 109 83 144 131 55 138 80 54 36 140 76 122 58 100 113 50 111 102 22 53 3 6 57 79 52 120 42 30 26 133 99 130 27 116 1 149 115 35 137 84 129 9 10 147 123 64 118 14 11 21 126 114 136 127 68 112 56 132 119 75 20 15 72 70 29 85 71 101 25 105 2 96 77 98 39 148 7 4 59 146 31 128 104 103 60 86 74 19 93 33 47 18 12 81 41 28 38 87 92 94 43 8 89 139 16 124 145 73 82 13 135 40 95 23 142 62 141 
20 59 36 76 96 145 30 72 92 33 51 29 52 102 118 2 25 95 74 133 125 64 89 148 105 85 109 18 90 77 114 104 1 5 68 32 101 14 135 129 111 132 122 27 115 43 55 47 50 141 9 87 67 146 75 49 34 120 28 113 39 83 100 46 94 91 121 58 22 12 69 16 98 127 97 26 60 130 10 44 107 63 99 142 62 117 82 140 21 3 57 136 71 149 54 73 134 112 24 81 93 128 6 4 70 139 23 86 61 78 147 56 17 108 131 8 42 37 53 15 88 48 126 40 65 106 35 116 79 41 11 119 38 137 143 84 103 123 144 124 19 138 13 31 7 150 110 80 45 
24 75 4 123 77 12 117 140 29 113 81 128 73 69 138 115 61 23 110 55 150 109 95 119 133 143 6 2 42 3 11 49 64 36 16 111 130 59 103 45 87 54 105 99 131 8 129 92 91 38 107 137 52 47 104 141 32 72 96 58 146 51 63 76 71 85 108 41 127 126 39 20 98 10 88 44 149 18 62 1 50 74 142 106 82 60 79 26 78 7 90 120 116 9 144 122 114 147 56 121 86 132 28 65 145 27 30 101 97 31 40 125 134 22 13 34 68 102 139 66 15 17 135 118 136 100 94 43 21 148 112 46 80 33 53 124 48 57 5 19 70 84 35 25 37 14 83 89 93 
55 90 125 42 127 136 126 8 93 56 38 52 115 145 150 103 65 116 66 111 92 53 82 48 130 73 102 95 26 88 72 7 98 22 75 148 74 57 108 134 122 70 20 96 62 146 106 33 39 58 36 50 101 14 24 139 13 83 45 124 37 100 61 4 89 112 137 77 2 128 117 91 10 81 76 18 19 3 97 32 17 133 12 131 6 143 49 27 54 109 85 78 144 87 121 1 140 118 120 64 94 46 142 138 99 40 23 44 15 86 69 28 34 51 119 113 16 147 107 132 141 30 25 80 59 79 47 71 31 29 105 149 9 110 84 5 60 114 135 41 67 43 11 63 21 35 123 104 129 
34 73 22 13 149 57 108 86 46 87 114 14 19 39 74 50 36 94 26 139 91 51 64 140 137 115 138 58 135 45 125 43 65 4 146 24 28 134 30 18 141 31 25 72 129 85 82 117 132 119 37 90 143 107 112 78 20 55 9 122 38 100 10 88 29 60 106 81 101 102 77 98 103 54 136 61 105 68 150 32 35 8 7 93 42 16 12 131 147 130 127 63 27 120 104 83 52 113 2 3 148 124 92 53 71 1 142 126 123 15 23 21 111 41 76 17 56 133 5 95 121 6 66 144 67 97 70 128 118 84 89 62 47 145 40 99 116 33 96 11 44 48 59 110 80 109 79 49 75 
34 125 115 44 123 109 41 8 78 139 104 17 68 122 33 35 1 101 97 137 93 61 141 5 21 12 77 23 42 9 39 19 28 118 85 130 29 148 63 36 73 45 150 14 53 66 126 7 89 92 71 72 79 136 13 128 65 25 98 106 129 94 111 54 52 69 32 58 112 46 105 116 11 57 43 138 81 91 132 147 142 90 119 6 145 37 22 140 133 134 114 75 2 50 149 102 107 55 146 96 49 87 108 82 3 30 117 4 88 15 99 143 86 60 121 95 124 10 62 103 27 110 131 74 48 38 67 76 20 84 64 47 24 144 59 18 135 16 100 26 120 51 56 83 31 40 80 113 127 
98 131 142 113 62 139 54 9 97 52 26 102 45 79 104 23 20 88 35 117 111 4 147 61 30 132 50 103 120 70 143 114 81 122 72 100 121 47 138 25 91 53 28 67 58 118 59 10 24 48 75 51 105 127 141 36 42 5 85 135 69 110 14 126 148 29 115 78 11 13 40 7 99 73 56 95 109 84 8 128 41 90 94 93 144 123 86 21 146 18 1 134 136 80 130 12 87 137 129 57 43 64 19 49 17 150 149 108 15 66 68 65 107 82 44 37 46 63 101 31 133 74 83 6 2 22 60 3 38 106 16 92 140 125 96 27 89 55 76 145 124 39 33 119 32 34 77 116 112 
134 35 20 115 65 13 85 135 39 142 7 110 59 87 55 75 25 29 148 101 132 48 95 127 104 107 58 43 143 89 33 64 131 121 63 17 4 56 94 40 51 114 76 137 100 141 146 71 21 108 78 77 70 23 84 36 139 54 129 125 3 44 126 90 34 15 130 106 119 117 5 120 11 118 122 96 140 47 150 105 138 111 88 80 1 26 81 57 66 10 144 52 42 49 53 97 112 103 92 102 133 79 98 32 18 67 60 27 22 83 8 82 136 149 38 69 14 128 124 2 68 30 9 113 24 99 50 19 6 93 45 74 147 16 123 91 37 116 46 109 28 12 61 86 73 31 62 145 41 
147 108 28 102 30 14 55 91 15 9 85 135 140 45 117 10 128 11 71 124 72 32 13 121 2 37 16 21 132 82 116 78 63 60 112 110 7 118 127 75 67 20 56 126 33 12 105 17 130 48 22 64 5 31 125 52 122 101 27 142 61 58 51 109 26 136 89 76 123 79 87 4 57 141 115 94 81 143 96 144 65 131 41 43 77 93 36 34 68 98 148 46 92 88 119 62 3 114 8 111 90 49 53 129 113 69 42 95 138 47 103 84 120 139 83 74 137 133 59 80 18 35 145 106 107 50 146 99 1 104 134 44 70 29 86 150 149 100 39 23 66 24 25 40 19 6 54 97 38 
124 138 49 141 36 92 121 54 133 132 42 41 71 145 112 81 147 84 20 142 131 130 119 16 69 96 79 55 30 123 91 106 122 115 63 50 117 128 93 77 104 85 83 129 53 2 61 31 13 72 148 32 48 3 45 75 62 28 6 73 139 118 111 52 127 78 40 97 105 137 4 22 88 99 46 7 101 51 65 68 60 134 15 82 114 14 43 125 149 86 120 17 35 140 66 56 29 27 37 34 57 26 150 143 23 90 59 146 102 5 38 12 94 8 44 109 113 11 24 80 9 47 136 95 10 25 110 18 103 19 21 33 70 76 144 67 126 89 116 87 98 64 108 100 135 107 1 58 39 
68 85 1 7 104 78 110 13 145 87 102 77 63 103 118 97 18 69 95 101 29 141 3 119 73 38 130 106 47 5 150 128 59 83 79 99 40 34 125 65 81 43 35 86 56 109 89 4 80 67 147 6 54 9 2 55 108 92 94 57 134 50 90 139 148 45 52 62 22 82 48 66 98 37 142 15 122 91 19 133 112 138 93 113 58 96 114 88 124 21 120 126 76 111 72 74 115 144 17 121 28 11 70 25 137 143 136 105 53 23 12 24 41 30 20 51 33 27 116 100 127 117 140 14 131 149 61 84 64 36 26 31 49 42 132 107 123 16 129 71 39 32 8 10 44 146 60 135 46 
79 8 77 72 2 12 64 48 100 60 91 107 139 135 129 86 21 140 53 80 96 109 23 58 103 73 112 89 51 18 138 32 54 55 120 128 19 114 46 143 38 113 37 126 93 85 39 30 45 81 142 1 117 111 121 24 146 141 84 7 101 44 40 70 34 123 49 69 134 110 56 62 116 67 119 148 90 144 130 52 3 59 17 145 82 98 20 122 115 66 16 33 104 42 74 99 5 36 6 147 137 106 102 92 10 43 71 35 150 29 125 27 63 14 13 133 28 75 68 26 61 118 105 87 57 41 108 65 136 25 127 22 11 50 88 95 15 132 9 149 31 83 47 78 124 4 131 94 97 
48 110 10 44 52 114 95 7 118 86 89 113 127 139 74 30 137 140 28 46 23 103 53 125 90 62 149 64 88 75 108 79 35 49 43 115 135 147 59 124 71 34 12 117 91 136 24 96 47 29 15 119 31 67 18 80 38 17 61 143 68 123 107 84 99 144 83 145 63 73 27 94 69 20 22 32 4 102 72 87 76 41 55 54 130 126 120 58 105 11 129 148 109 81 141 142 42 70 138 106 97 9 56 8 85 78 40 116 150 36 37 98 1 19 13 33 131 133 65 132 21 122 93 104 5 146 39 6 3 2 57 14 134 112 51 26 92 16 82 111 101 45 60 100 128 66 121 50 25 
70 80 57 69 148 76 121 12 133 56 11 108 146 136 102 112 20 31 101 1 43 145 23 73 94 110 55 88 45 141 22 51 28 61 135 134 86 24 129 67 50 52 138 34 54 87 15 26 47 83 150 147 115 29 72 68 63 25 85 109 117 4 119 10 144 9 81 89 42 98 127 105 118 49 37 39 149 35 103 90 143 124 60 123 104 8 46 77 106 95 66 130 30 79 74 16 62 122 64 125 19 75 140 107 33 44 6 14 139 2 58 38 114 17 7 84 111 92 13 59 142 18 27 131 137 132 93 82 91 116 71 5 126 99 48 128 40 113 97 96 65 100 53 3 120 21 32 36 41 
115 30 11 120 73 54 8 147 96 14 49 25 67 29 113 129 123 20 23 85 17 65 131 94 31 117 7 53 52 95 104 141 68 45 92 89 136 140 26 62 82 81 83 97 1 44 42 99 5 119 13 57 41 125 40 88 139 101 144 16 71 118 106 142 43 128 21 116 70 19 110 112 98 61 55 72 133 100 86 37 80 78 149 135 12 75 150 76 145 114 77 91 47 22 48 34 24 109 56 146 134 18 38 27 60 33 108 103 4 74 102 64 132 93 148 121 15 36 66 130 9 51 50 3 137 87 124 58 122 111 105 84 107 63 35 10 32 138 39 28 143 59 46 127 126 90 69 2 6 
67 143 110 105 36 125 10 7 112 150 29 129 5 111 96 69 79 63 83 9 65 137 54 115 127 93 21 56 2 28 11 120 148 97 59 70 136 38 108 60 128 39 40 74 140 126 82 47 92 113 114 61 43 107 53 147 104 95 99 22 48 101 58 3 18 30 45 8 20 76 51 122 23 88 66 130 124 44 6 15 50 139 78 64 142 55 73 37 4 72 141 41 119 132 118 77 116 90 13 94 12 16 86 138 52 145 49 62 81 25 87 146 100 14 89 106 71 102 68 144 131 135 1 33 19 35 57 24 98 149 103 42 46 84 134 27 17 32 133 85 26 34 109 91 117 31 75 121 123 
21 79 66 96 99 26 34 133 13 104 54 39 15 82 14 45 124 69 108 125 149 90 42 132 18 70 46 98 22 58 41 76 20 35 88 50 71 37 111 19 33 40 12 53 32 73 31 123 114 25 131 118 56 140 87 44 28 146 119 4 116 24 7 110 112 64 95 120 77 100 72 68 5 49 27 57 84 113 48 148 115 117 102 61 80 94 62 109 30 92 74 85 75 143 91 29 55 1 142 141 86 11 150 127 8 2 107 139 43 122 65 138 126 3 121 63 145 52 129 38 59 36 89 51 93 17 134 47 144 78 67 9 10 97 128 147 136 23 101 103 6 106 60 137 105 130 135 16 83 
106 86 59 20 11 147 7 138 126 77 129 24 142 6 134 50 78 60 102 92 139 149 38 110 137 108 47 25 90 48 61 125 63 8 98 65 17 136 144 29 91 80 76 96 62 51 74 109 85 83 67 115 28 111 12 45 120 93 94 121 133 43 71 99 97 14 26 81 40 88 34 42 122 23 46 119 36 124 75 103 13 87 116 130 145 117 31 15 52 73 32 89 33 37 105 44 118 22 113 107 95 135 70 39 18 16 41 150 5 148 1 2 56 114 127 53 101 112 143 146 84 140 104 4 123 69 131 100 68 64 132 19 72 35 128 57 55 54 30 79 58 27 3 21 141 49 66 9 10 
54 31 49 17 60 103 112 136 100 91 148 120 73 41 117 76 23 7 44 4 22 108 58 78 56 134 125 50 8 37 75 93 29 90 25 62 127 26 146 140 57 1 131 113 109 59 72 74 52 27 98 147 87 116 36 51 142 101 21 32 64 130 121 85 20 65 95 80 99 14 110 114 71 96 70 124 122 104 107 123 143 16 139 111 10 88 133 55 86 150 5 132 105 89 129 138 18 82 97 34 77 33 61 84 9 67 2 141 40 11 81 53 135 144 3 35 102 149 42 12 39 106 115 119 45 28 128 15 126 92 118 6 69 145 47 30 79 38 19 24 48 63 66 46 13 43 137 94 68 
22 104 43 39 25 150 13 55 31 111 103 79 80 76 33 74 46 112 10 11 81 48 101 73 129 54 120 9 140 66 65 37 148 47 15 90 77 4 75 86 28 3 60 100 105 147 78 87 7 116 125 42 61 52 134 36 69 95 67 64 70 122 16 102 41 121 14 68 12 71 108 27 56 89 63 144 107 142 62 35 18 141 24 20 88 26 8 57 133 34 118 126 93 5 49 32 21 99 131 17 130 135 44 119 127 114 98 106 53 59 138 113 92 145 137 29 109 2 85 82 1 72 83 50 23 139 19 149 128 115 110 58 91 38 30 124 94 96 97 117 6 143 51 45 132 123 40 136 146 
38 16 138 123 107 67 78 51 77 79 52 64 74 35 95 137 45 11 91 34 20 81 68 19 145 43 117 119 62 55 30 94 44 41 2 69 57 14 65 1 31 87 49 70 60 100 142 129 28 53 89 13 97 116 76 42 147 58 90 33 103 109 126 88 131 4 29 136 72 92 48 9 75 39 22 144 110 59 115 114 63 8 101 99 7 139 149 66 108 86 127 130 73 125 112 37 133 143 124 135 111 118 21 150 24 18 25 6 71 3 104 106 27 96 12 102 132 113 146 17 32 128 140 23 134 141 5 120 83 93 82 56 40 15 54 84 61 148 122 26 105 10 36 50 80 46 121 47 98 
9 146 40 97 3 142 117 38 73 32 79 131 14 147 56 136 68 81 31 12 92 80 62 140 95 121 101 43 148 11 18 85 47 4 53 15 39 29 108 110 83 35 78 124 98 25 145 66 55 6 13 36 90 49 104 50 70 135 111 149 22 128 109 19 130 1 122 87 23 113 26 27 30 141 64 102 116 42 65 10 106 46 139 33 34 134 54 59 63 105 17 21 88 41 119 94 75 76 91 60 132 72 51 118 45 115 16 138 143 82 112 20 2 120 8 74 93 61 123 84 5 133 89 150 57 28 58 114 127 144 129 52 99 71 100 125 37 103 67 77 69 126 107 44 48 24 96 137 7 
108 29 44 96 62 83 82 75 61 57 63 54 28 68 48 37 58 119 35 31 131 114 112 104 2 105 15 78 84 56 71 92 25 53 49 109 26 107 97 125 18 138 101 55 89 100 52 124 149 1 77 116 130 86 94 17 16 42 46 98 79 136 133 20 38 147 95 76 140 34 22 123 129 111 67 23 43 85 117 69 36 128 3 5 137 113 139 141 70 122 50 30 80 33 93 12 19 99 32 8 115 81 132 121 91 73 126 60 39 103 24 65 45 142 90 47 9 144 110 145 150 148 146 40 7 143 21 13 4 51 102 66 74 134 27 72 106 88 120 41 6 10 14 118 135 59 127 64 11 
29 70 149 105 59 118 83 60 24 16 135 82 147 66 35 78 117 95 150 136 68 11 3 106 144 125 113 14 43 134 13 115 133 47 18 98 109 33 79 42 141 64 39 110 73 27 19 2 130 142 71 100 89 45 1 122 30 50 121 65 148 72 53 28 37 116 140 61 5 34 10 101 8 129 138 55 139 92 51 67 91 15 124 126 93 137 102 21 6 123 90 112 85 119 114 94 22 87 57 48 63 26 104 75 40 32 81 77 103 96 145 127 23 111 143 69 7 132 86 62 84 20 54 58 49 99 4 41 131 31 9 74 46 120 80 17 76 52 97 128 36 107 25 108 146 38 56 12 44 
24 133 100 45 91 140 144 103 90 42 88 124 37 143 122 65 46 58 78 141 96 14 139 25 40 111 12 131 145 52 94 20 118 1 32 81 104 82 105 95 98 123 54 107 9 76 3 38 57 48 19 71 61 55 109 50 84 4 29 150 43 2 147 13 116 137 49 30 117 70 62 112 136 148 125 16 53 79 114 75 97 36 130 135 8 34 134 101 132 128 39 110 51 17 120 108 138 149 115 87 102 10 64 41 56 21 85 60 15 86 106 73 99 47 68 11 83 22 66 27 74 18 126 6 72 121 5 35 44 77 127 119 69 129 7 142 28 113 67 33 80 92 23 146 59 26 63 93 31 
12 5 138 35 149 83 39 96 27 127 92 19 7 121 80 22 51 33 142 16 61 44 91 4 65 109 8 100 118 89 126 140 24 78 43 139 62 68 94 84 74 25 97 119 6 132 58 103 70 116 106 18 56 79 34 75 57 147 40 46 77 110 63 41 67 136 99 82 73 112 76 17 129 135 81 144 130 137 45 131 108 145 59 72 32 13 66 105 53 47 133 15 28 3 21 87 102 54 14 9 48 120 115 95 2 1 29 37 69 86 134 111 10 113 124 64 117 60 55 36 71 128 88 150 101 123 85 143 52 141 23 49 38 31 148 42 20 146 98 11 104 125 50 122 93 107 114 26 30 
30 98 4 11 2 74 27 108 54 130 84 3 7 149 106 40 118 79 109 146 65 90 64 76 82 57 41 5 122 75 107 132 120 117 32 21 62 85 71 59 10 150 136 67 137 99 97 46 17 92 96 63 148 26 124 18 93 81 95 129 60 73 113 102 9 105 48 139 33 8 87 127 143 56 23 14 25 61 133 145 144 121 77 89 88 101 110 70 131 112 68 115 114 142 22 104 34 42 37 51 38 20 50 141 16 103 78 13 52 24 80 15 135 69 31 39 12 28 138 55 36 44 35 1 119 66 47 100 29 134 6 58 125 45 147 83 94 72 19 49 128 53 111 140 86 123 126 43 116 
34 23 78 138 4 21 33 104 115 101 56 83 2 22 15 141 28 136 87 94 64 18 52 93 13 150 39 36 148 134 11 8 45 50 100 12 137 117 96 126 124 48 59 135 145 128 61 76 82 149 125 29 6 58 107 103 5 132 77 32 95 84 3 122 63 146 31 54 38 51 26 113 10 102 62 91 133 65 108 49 123 79 16 37 73 60 105 19 121 90 25 111 1 110 88 147 97 80 106 57 109 140 69 85 44 46 53 143 55 66 81 98 89 74 86 24 7 129 99 35 131 130 112 27 20 119 142 47 127 43 114 120 116 67 144 40 17 9 42 70 68 75 139 118 41 72 71 14 30 
90 107 98 140 46 118 91 105 131 19 101 68 66 35 139 30 121 76 10 120 104 1 124 112 73 58 80 113 110 21 135 83 147 123 31 75 33 43 55 37 72 28 111 61 2 5 148 149 86 142 23 12 6 132 18 103 11 127 44 65 128 106 45 85 122 63 96 62 115 136 50 114 16 3 69 27 84 17 74 38 14 87 13 42 53 24 39 15 150 97 25 9 102 34 56 129 59 71 109 99 133 47 81 52 141 7 94 126 67 40 4 100 51 64 26 108 116 49 20 88 41 48 144 78 36 119 117 57 92 77 82 130 137 95 146 145 54 125 8 32 70 134 79 143 89 60 138 29 22 
87 123 129 25 44 106 127 98 143 141 85 113 37 63 150 71 144 91 78 117 2 45 59 56 139 120 20 83 22 124 90 21 51 35 19 118 32 112 54 55 10 49 67 52 128 79 148 115 131 96 99 130 12 104 65 47 34 103 72 86 61 133 137 80 74 70 102 50 27 64 121 146 9 23 138 46 7 111 13 149 140 18 38 31 28 147 134 75 11 105 122 77 42 132 62 76 43 142 60 26 125 33 119 6 5 95 30 40 58 73 29 3 24 48 36 41 97 136 88 100 57 110 1 81 93 114 17 89 126 53 101 4 108 92 82 135 14 109 107 116 15 8 16 145 84 68 69 39 66 
103 111 9 5 81 53 3 128 15 74 66 78 143 85 107 89 12 140 45 101 7 102 63 34 40 114 44 1 4 21 76 28 92 105 38 36 6 113 39 104 42 49 60 18 68 148 35 141 133 72 149 2 11 77 135 84 32 100 150 71 57 88 65 126 46 56 142 69 30 127 80 55 130 59 14 120 20 73 121 139 145 52 8 125 43 50 124 16 48 83 118 115 137 99 10 132 147 75 87 33 51 112 116 131 70 98 17 37 64 91 146 24 62 97 123 79 96 138 61 119 23 86 19 25 122 29 41 94 134 54 129 13 117 108 106 26 110 47 144 109 90 58 82 93 22 67 27 136 31 
108 99 75 124 93 52 97 132 123 67 136 48 121 5 129 38 91 51 50 35 114 110 77 127 22 76 55 57 140 142 46 87 59 102 98 28 103 109 23 137 53 85 17 27 70 144 100 18 56 34 65 149 26 79 147 15 112 111 86 32 58 118 30 47 148 81 106 146 49 69 117 21 1 19 71 41 122 11 145 64 78 16 40 131 92 6 74 37 115 45 84 89 12 3 128 68 61 25 31 80 72 130 8 4 104 119 107 62 36 42 73 95 133 150 88 54 82 14 83 20 63 143 33 13 29 7 44 94 120 2 10 125 24 138 135 9 90 60 43 66 39 113 134 126 139 116 101 105 141 
109 35 55 144 73 9 145 27 33 134 22 93 95 13 67 128 38 47 124 126 143 6 42 135 81 80 4 136 17 51 32 89 104 148 36 41 122 16 54 44 31 57 46 113 29 8 14 82 40 129 49 53 28 94 19 70 66 50 43 5 56 131 37 87 11 79 7 39 65 58 64 91 98 78 68 92 77 96 117 108 103 76 139 115 90 86 52 60 114 24 83 84 75 107 69 149 99 12 147 48 59 88 25 146 133 140 72 119 125 102 45 100 142 111 106 10 62 20 130 127 2 23 150 141 112 18 121 30 74 123 120 101 34 138 137 71 85 21 105 63 116 15 3 118 61 132 110 26 1 
25 2 41 89 79 48 135 124 95 31 123 8 32 54 46 53 76 50 81 131 86 94 14 125 100 150 113 111 16 45 67 60 61 122 59 74 57 70 138 43 68 148 114 109 18 56 108 55 82 88 75 10 62 126 44 141 144 35 83 103 33 147 72 115 28 69 112 90 110 105 15 64 38 132 52 9 58 121 91 149 136 143 19 128 13 40 104 36 24 30 84 78 80 92 145 47 27 127 99 17 134 137 66 140 3 63 97 85 11 51 22 4 101 139 12 96 130 117 119 26 102 93 142 73 6 39 65 133 42 5 118 77 23 120 49 34 129 146 71 29 7 21 20 116 106 37 107 1 87 
19 84 110 5 120 143 46 44 94 145 112 57 20 148 23 42 142 140 71 41 37 121 100 32 3 92 91 10 70 82 47 118 80 144 40 4 95 17 86 45 79 136 135 108 25 18 93 21 133 77 129 96 124 55 138 114 132 60 105 109 139 128 6 104 51 11 107 88 73 35 15 36 30 68 87 43 106 59 115 50 9 98 63 39 75 29 22 49 113 64 146 24 8 147 31 127 116 101 85 89 123 122 1 66 102 65 38 74 16 130 12 56 48 103 149 67 52 14 61 58 131 117 2 7 13 72 54 27 34 134 28 53 81 90 119 111 137 141 83 150 126 76 78 69 26 62 97 33 125 
5 68 61 142 95 41 58 49 97 129 74 67 126 37 51 108 96 53 64 127 122 6 113 63 13 85 148 19 99 21 112 69 93 86 88 76 144 121 133 48 120 130 16 28 75 131 66 107 57 125 44 73 84 115 83 87 72 82 71 124 29 90 56 27 104 145 77 117 62 2 70 25 11 111 79 150 109 147 52 1 139 46 114 36 30 3 45 140 119 14 89 55 146 23 65 50 32 43 47 15 106 60 101 128 138 31 98 92 42 78 17 134 59 38 20 4 34 103 135 132 40 118 18 54 94 91 149 35 105 110 10 116 80 143 81 141 136 26 22 8 33 39 123 7 12 9 137 24 102 
86 79 62 6 96 49 20 129 30 130 84 51 37 112 38 27 28 89 61 119 110 136 32 14 116 100 64 40 45 93 131 142 115 134 120 59 7 65 81 147 143 76 52 41 39 33 140 150 5 18 107 71 118 8 24 70 117 73 53 25 58 102 121 91 12 128 54 44 127 108 63 132 94 90 35 15 141 123 46 11 144 149 106 139 82 9 69 75 138 19 13 145 48 10 135 146 56 50 83 31 99 22 97 103 47 74 16 60 148 78 26 34 124 122 77 29 17 42 109 4 137 126 114 2 88 3 133 57 125 104 55 21 36 85 1 113 66 72 80 105 111 98 23 43 68 67 87 92 95 
55 62 94 121 114 35 146 24 77 143 78 93 69 13 40 104 98 1 5 90 4 85 28 137 53 124 64 96 33 25 74 120 135 17 141 54 138 126 51 86 16 129 43 2 36 70 42 108 95 118 149 127 15 109 115 148 145 100 107 101 116 113 130 144 58 88 11 80 71 136 49 12 79 21 39 134 117 63 122 131 22 147 65 73 142 60 26 66 47 29 30 92 150 19 32 140 97 56 72 61 139 106 41 75 83 34 87 31 50 123 57 37 44 6 45 112 110 27 14 76 10 67 125 89 68 82 84 111 91 59 99 103 18 48 20 105 3 7 81 38 128 132 46 52 119 8 23 9 133 
25 60 14 66 113 48 140 136 43 73 84 71 126 27 79 9 120 33 6 72 97 13 15 105 39 35 36 68 147 54 5 19 92 45 119 111 75 80 57 52 31 22 44 47 17 106 117 56 83 130 41 74 51 138 118 146 104 88 123 32 38 102 145 18 94 3 125 70 129 21 16 98 1 109 78 116 89 2 112 122 59 86 55 139 143 85 115 108 93 23 133 37 30 134 61 12 128 67 8 127 11 82 87 148 95 131 96 20 49 64 149 10 69 24 34 4 99 76 53 121 137 77 107 28 81 62 65 58 40 26 110 142 144 114 132 90 63 124 101 7 100 135 91 141 50 42 46 150 29 
38 1 108 109 91 92 101 77 74 53 93 87 100 15 147 111 120 127 48 121 44 23 16 102 94 135 114 63 46 70 14 96 85 36 107 24 8 88 119 126 133 65 18 112 146 106 33 136 68 99 79 30 6 51 59 13 125 123 28 7 5 110 35 137 150 140 75 66 2 58 27 117 143 56 49 25 20 4 134 73 132 98 29 118 148 78 69 115 67 113 144 142 50 80 82 21 124 12 31 95 83 26 40 86 57 19 90 116 9 42 139 54 43 17 131 71 64 81 141 41 39 129 103 145 32 11 97 105 45 61 60 72 22 84 34 55 128 138 89 62 122 47 130 52 10 149 3 76 37 
116 59 79 113 150 99 128 35 21 118 31 2 111 26 82 112 89 141 70 139 143 144 92 146 71 136 13 77 48 68 74 96 83 142 121 37 101 80 34 127 98 24 49 90 95 69 61 64 104 23 148 16 3 129 56 120 42 102 4 67 122 38 39 50 51 54 115 91 41 94 88 14 107 147 8 1 7 108 19 57 114 125 76 30 66 40 52 110 123 140 60 15 55 9 138 65 134 93 47 27 103 18 73 33 149 100 58 106 109 36 12 28 85 20 117 32 62 5 97 72 45 126 133 86 25 53 11 29 22 130 145 63 17 119 75 124 84 6 132 81 137 46 10 43 44 78 87 135 131 
33 24 149 40 117 25 141 53 35 102 92 6 1 150 110 16 112 61 109 104 98 111 124 75 132 144 131 29 100 62 7 65 4 114 94 89 103 108 67 118 11 115 120 9 138 142 42 74 81 8 119 60 63 17 49 86 90 85 15 18 27 91 83 121 2 96 88 73 3 23 37 48 5 44 30 128 51 148 19 113 64 87 57 93 41 50 21 14 54 58 101 134 36 13 99 38 139 137 31 69 79 55 95 46 143 116 97 12 10 39 140 72 66 43 77 146 129 32 127 45 107 133 71 136 78 147 70 59 56 34 126 105 26 135 125 76 47 68 82 122 28 130 20 22 123 145 80 84 52 
29 83 100 137 65 145 15 140 96 123 98 121 21 139 143 1 27 148 20 126 99 51 93 37 61 80 128 144 131 73 136 28 16 34 111 48 40 71 53 30 120 47 109 142 91 105 122 24 70 74 135 4 114 150 130 41 33 86 42 101 50 13 77 36 108 129 44 84 64 106 102 116 124 133 132 104 119 103 6 90 125 94 97 45 23 7 110 75 147 9 81 49 89 22 63 68 82 141 12 26 39 14 72 113 117 56 52 69 17 46 32 87 149 79 55 59 76 18 62 88 115 5 78 3 66 67 58 57 118 11 146 85 2 112 95 10 60 43 25 19 134 8 31 127 35 138 38 54 92 
13 32 2 57 52 123 15 143 1 48 142 33 28 43 81 120 150 103 17 65 74 11 135 111 96 68 106 61 58 140 105 95 36 3 41 51 90 62 101 125 10 110 25 94 99 37 44 31 97 137 131 64 70 93 49 50 109 19 121 53 124 118 60 102 20 104 22 14 107 71 34 113 7 78 29 114 80 83 91 148 92 117 133 149 129 67 128 112 127 77 136 45 79 39 82 16 42 98 146 115 85 66 12 23 87 139 100 69 26 126 63 144 54 132 134 55 116 30 145 59 5 84 4 38 40 88 86 122 8 47 24 72 130 76 27 89 73 46 6 21 138 119 18 147 35 56 9 141 75 
11 83 136 40 117 108 10 79 37 67 63 19 36 78 88 144 48 23 54 16 138 47 64 38 124 12 90 112 142 121 148 145 94 21 2 123 1 49 95 125 31 137 50 150 141 129 58 119 55 96 39 62 77 98 128 87 82 86 56 8 34 72 91 15 103 60 41 131 52 116 71 113 73 43 92 105 126 17 100 61 106 18 26 102 3 6 110 68 29 13 70 120 66 57 99 59 101 93 27 7 20 127 75 74 80 133 135 30 122 69 107 115 14 42 35 28 44 140 97 32 134 24 147 81 9 22 4 5 132 89 25 84 146 53 65 114 76 130 104 45 139 111 85 143 33 118 46 149 51 
90 85 111 31 99 142 48 53 134 130 106 131 140 65 11 2 117 8 38 91 144 87 150 41 20 29 143 135 113 97 148 10 18 57 102 64 116 24 74 40 45 101 103 120 108 149 84 67 126 46 139 32 72 1 61 22 122 137 3 15 112 43 127 95 98 66 5 118 94 49 44 100 68 33 138 54 23 71 147 59 17 9 42 26 125 81 70 52 136 16 35 119 92 89 60 96 39 93 133 6 105 36 145 109 56 50 82 58 34 114 104 63 4 13 62 88 25 107 121 77 115 146 128 27 79 37 123 86 78 83 30 21 80 73 69 141 76 7 124 129 47 28 132 12 51 75 14 55 19 
75 130 65 95 53 141 126 63 83 1 107 27 60 47 69 137 129 58 89 147 54 121 42 72 62 88 98 18 91 44 52 125 131 9 12 49 94 45 19 15 96 109 37 124 108 113 59 97 136 142 7 99 77 132 122 17 117 3 74 2 61 100 68 145 67 24 51 56 22 93 146 134 36 101 120 86 25 38 5 85 10 92 29 82 123 13 148 116 138 127 81 118 84 4 140 11 105 112 35 43 34 32 143 135 80 70 110 23 119 6 115 90 87 150 48 103 144 26 55 79 104 33 149 71 133 73 46 57 66 114 76 14 50 128 78 102 41 139 8 64 106 16 39 21 30 31 40 20 28 
25 18 2 138 34 95 131 149 39 3 38 48 110 40 91 129 23 103 111 85 30 50 21 29 59 43 55 51 44 8 69 140 146 92 144 120 45 74 67 70 73 106 81 97 79 64 13 118 108 125 141 52 61 126 9 136 109 31 28 145 22 130 41 94 93 47 137 54 121 71 20 102 142 128 11 82 127 87 148 134 80 132 12 26 32 33 17 36 96 46 57 122 84 53 86 135 99 89 15 4 143 75 104 133 150 100 58 76 10 5 147 105 124 14 119 139 24 66 35 107 1 115 123 83 49 6 98 27 116 63 42 78 101 37 62 7 65 88 56 60 77 19 16 117 72 113 90 114 68 
83 146 104 115 11 148 111 65 129 100 147 58 28 140 63 128 30 145 99 135 112 59 123 120 22 114 77 121 109 6 105 7 14 130 34 67 116 133 82 97 29 103 102 91 12 89 144 68 40 20 142 98 118 39 92 80 72 76 32 64 51 75 81 150 9 31 49 66 1 37 62 125 138 45 106 131 25 46 24 50 93 110 27 84 137 86 88 3 149 18 48 127 139 70 4 134 117 47 35 69 54 78 10 74 5 101 94 73 43 17 38 126 60 26 136 33 141 55 85 124 79 44 95 119 8 56 41 96 87 132 52 19 61 107 36 71 42 108 13 15 2 143 21 16 122 23 57 90 53 
34 142 82 128 103 7 92 107 69 104 125 16 22 17 105 11 31 146 76 101 81 133 5 52 145 136 42 150 47 66 96 93 56 109 21 32 80 117 48 134 135 29 27 71 94 59 72 79 35 138 90 36 10 73 43 97 26 62 12 50 3 126 41 65 67 127 61 63 19 60 23 64 137 129 40 2 85 20 38 54 102 25 44 122 46 77 13 112 74 68 108 120 86 84 123 130 39 95 113 141 37 9 78 33 132 139 98 1 118 99 30 149 49 58 89 15 100 148 111 24 143 14 116 91 147 53 4 124 144 83 57 8 131 140 18 6 70 28 106 51 55 121 110 87 75 119 115 45 88 
81 38 136 26 116 37 105 57 134 62 100 15 1 20 85 135 25 95 13 133 102 14 60 33 11 104 74 77 96 7 103 56 9 46 52 94 109 40 35 45 138 137 12 123 139 51 71 50 70 145 66 128 118 114 19 34 55 90 75 121 127 58 148 87 131 113 49 24 126 6 140 142 5 141 68 63 144 149 41 28 31 53 39 150 17 43 61 8 107 132 143 89 36 3 97 117 92 119 130 108 21 30 83 54 18 147 10 4 112 106 84 29 67 124 22 27 79 88 69 110 125 98 78 82 32 80 65 16 146 129 73 120 47 72 2 59 101 99 23 111 48 42 76 44 93 122 91 64 86 
112 129 6 79 84 127 115 35 72 54 92 85 90 45 48 97 58 123 60 137 63 77 109 131 86 3 83 95 146 32 51 81 133 80 7 12 38 5 111 134 128 125 71 130 20 36 73 14 142 29 66 99 140 33 101 53 96 103 70 78 30 122 65 67 64 88 87 8 41 104 82 106 31 18 24 61 40 74 22 59 100 23 147 94 19 56 16 150 149 144 28 145 75 1 148 105 17 139 21 110 136 117 4 13 55 46 124 49 121 119 141 11 126 113 42 107 50 118 39 98 138 52 10 68 15 132 57 120 135 76 2 9 143 26 27 37 91 102 93 69 114 89 43 44 25 47 108 62 34 
129 92 6 82 119 44 2 79 28 84 31 24 43 4 83 145 122 103 62 88 58 20 134 110 78 136 50 11 66 38 59 71 9 27 121 13 73 14 26 140 19 74 116 142 148 18 35 91 53 75 118 107 41 3 80 127 97 137 146 112 131 33 67 65 51 36 70 25 87 72 69 39 96 147 95 111 123 76 16 49 23 130 114 143 40 7 115 5 126 21 108 77 42 61 46 17 48 63 102 93 133 8 85 125 55 105 32 57 45 34 12 144 47 94 101 15 149 98 100 56 30 22 109 68 1 128 86 138 141 139 99 54 37 64 106 29 132 90 150 89 81 60 135 10 113 104 124 52 120 
89 82 33 57 108 76 45 52 149 87 18 142 3 110 10 47 50 27 135 97 111 78 140 8 116 31 20 144 112 114 54 86 131 29 9 17 121 55 95 136 59 150 138 96 91 66 42 85 5 1 40 69 32 4 30 16 130 34 122 13 15 105 124 21 73 146 60 65 12 128 147 133 39 24 94 22 83 113 2 75 90 58 145 115 19 63 100 84 123 35 51 41 14 38 67 44 106 37 23 129 48 137 109 53 36 7 126 62 74 103 143 148 127 46 70 81 141 88 43 125 56 26 92 132 120 79 25 119 117 80 72 49 134 61 77 104 93 102 6 99 11 139 71 107 64 98 101 68 28 
77 81 24 18 1 20 63 134 110 80 73 149 28 54 128 67 12 142 150 9 116 111 129 5 64 84 13 55 136 143 53 131 98 147 17 27 34 145 125 30 32 124 51 52 126 135 75 36 72 42 47 101 10 85 89 48 141 31 69 146 138 88 57 132 6 99 140 23 38 74 91 127 11 33 2 16 144 61 59 50 93 83 103 108 121 29 139 3 97 79 49 118 46 115 104 78 70 62 37 43 40 15 87 122 25 112 41 100 90 148 35 76 58 66 105 44 94 113 137 130 107 14 117 19 114 95 71 39 120 56 68 65 7 4 60 82 86 92 102 133 123 21 26 109 8 45 22 96 106 
85 147 10 17 133 137 54 102 45 116 149 49 33 150 78 75 3 8 97 144 99 107 2 14 118 134 130 122 28 46 58 146 82 84 13 115 20 19 119 71 43 100 132 70 39 101 96 38 89 22 23 109 86 9 103 24 81 98 108 37 64 143 40 67 73 26 41 44 4 105 34 110 80 112 79 65 12 131 136 93 35 129 87 36 63 127 88 138 111 60 5 42 66 27 31 125 1 18 57 56 145 139 51 114 94 117 68 69 141 61 77 29 95 7 126 123 32 106 135 128 142 62 15 148 48 83 76 47 25 50 74 11 124 91 6 21 121 16 92 104 59 53 90 113 52 55 72 30 140 
62 99 112 90 119 19 94 36 102 38 57 78 134 84 147 86 124 46 14 9 150 127 65 3 106 20 136 131 40 43 143 13 52 82 73 18 88 75 28 79 35 15 69 32 10 2 42 67 133 130 47 56 29 55 70 41 80 5 8 141 118 63 114 81 123 31 117 17 145 51 89 60 110 146 48 125 129 96 76 97 122 49 37 53 126 104 92 68 113 83 12 138 11 30 144 148 21 26 149 1 105 59 39 27 7 4 33 128 87 77 24 44 6 91 25 61 71 58 107 85 142 22 98 135 74 115 116 64 139 23 111 95 16 109 101 103 54 72 34 93 132 50 120 137 45 140 66 108 100 
19 9 127 135 34 25 21 108 2 113 24 3 61 141 65 133 60 118 123 26 145 75 112 22 74 27 78 18 97 83 64 23 81 124 17 111 14 107 32 114 90 62 126 12 150 37 130 56 72 13 148 121 149 101 11 50 39 143 89 47 115 69 57 44 102 30 73 45 92 140 104 93 96 98 49 68 67 53 43 105 10 106 59 38 28 31 55 129 87 20 86 137 80 46 52 36 63 8 103 119 136 146 4 66 77 6 5 142 35 144 29 132 15 95 79 91 41 120 117 16 70 84 116 58 109 82 33 110 54 88 138 147 85 125 1 42 131 94 7 48 76 134 99 139 100 51 128 71 40 
66 65 45 21 9 142 34 14 11 98 91 143 148 6 53 108 113 28 32 16 141 26 120 55 127 136 35 22 79 42 102 56 7 81 63 146 73 129 67 86 70 100 2 30 72 130 43 88 12 5 150 121 47 59 1 78 112 3 135 137 83 68 128 69 145 124 77 101 23 80 8 17 93 62 41 132 149 57 117 140 131 19 82 103 139 52 133 36 13 24 90 85 118 15 54 106 116 115 71 4 105 25 60 58 147 95 49 20 119 122 97 96 64 31 40 114 87 99 44 134 111 51 126 104 39 92 10 76 75 61 50 74 38 84 33 29 94 27 138 125 110 144 37 18 46 48 107 89 109 
114 37 21 36 11 8 145 148 69 104 2 72 102 147 54 129 28 121 89 93 47 33 83 44 30 60 126 73 38 56 100 9 59 135 58 3 53 61 123 86 134 42 138 146 13 5 105 16 4 127 90 22 39 66 116 140 78 6 48 107 109 110 130 99 20 15 45 85 139 62 96 132 55 57 46 80 32 117 112 82 122 141 106 26 43 31 92 149 71 115 142 119 76 125 91 120 136 118 98 88 24 94 29 95 7 51 81 52 87 63 79 111 19 108 77 35 23 84 64 27 101 40 41 74 17 144 150 128 113 103 133 10 68 1 137 65 49 97 18 12 143 25 131 70 75 14 50 67 34 
148 3 129 126 116 62 91 133 134 19 65 34 101 31 28 140 10 100 87 55 30 73 114 130 45 96 11 59 56 53 42 145 147 123 60 12 81 86 78 132 68 106 9 94 88 24 112 117 107 46 108 69 72 47 83 21 82 146 41 99 89 110 23 64 109 48 102 139 6 74 20 121 5 97 80 54 127 8 85 136 119 143 7 40 113 144 122 92 77 17 49 18 90 61 150 26 32 84 43 75 124 120 79 57 131 128 138 66 98 115 38 71 13 76 50 135 141 39 52 1 2 149 15 67 33 104 51 35 137 58 118 22 37 44 25 103 111 95 142 14 93 4 63 36 29 70 27 105 16 
48 34 115 107 138 5 148 37 44 75 35 116 117 135 93 68 130 98 120 21 32 102 124 33 127 66 79 57 46 30 31 142 111 54 113 141 53 38 85 88 134 26 84 122 77 136 92 106 145 87 12 61 4 73 80 149 24 7 17 129 27 86 13 94 39 69 50 58 36 59 76 147 20 100 140 47 70 3 114 91 8 110 143 128 18 43 109 55 81 6 105 146 82 125 139 112 41 96 83 95 25 144 42 90 132 89 15 123 71 108 1 74 133 60 22 150 121 97 103 10 52 29 78 19 64 131 104 2 14 99 63 51 119 40 118 45 62 65 49 67 137 9 28 23 11 72 16 56 101 
44 123 28 51 144 90 27 129 8 17 97 3 87 2 1 106 89 107 42 72 41 9 19 145 125 102 141 39 93 117 131 133 37 100 143 24 65 136 26 130 128 113 101 10 14 142 80 147 57 54 74 150 25 62 110 46 149 126 77 43 91 82 132 122 86 53 148 69 33 85 36 67 137 139 75 120 146 21 116 111 83 18 140 6 23 60 105 30 49 118 59 78 32 20 84 73 70 50 76 96 15 34 108 135 40 31 5 56 92 22 45 52 95 68 104 115 13 109 119 29 58 38 134 64 79 48 61 55 11 99 138 63 16 35 103 88 114 66 7 98 112 121 94 71 12 124 4 47 81 
103 58 83 56 10 81 117 72 60 38 27 64 78 16 84 115 69 140 86 32 41 31 85 40 89 150 143 125 131 138 110 65 106 54 26 18 109 149 100 59 14 135 80 71 146 29 8 87 30 129 34 15 118 77 9 121 66 123 6 73 7 37 48 11 47 51 52 99 82 39 90 116 76 25 102 45 88 130 61 133 134 97 67 70 50 5 132 3 33 114 74 19 111 12 24 49 42 20 94 93 43 17 92 113 22 2 141 107 44 148 124 119 145 63 4 96 62 79 147 136 46 91 98 144 108 55 21 120 112 139 1 122 142 68 105 28 53 95 13 137 57 23 127 126 35 101 104 75 36 
44 58 142 90 71 107 42 2 66 124 146 104 18 46 92 133 70 137 37 86 106 31 149 54 9 89 43 109 53 95 68 98 141 12 144 123 23 138 22 78 130 6 81 103 99 73 40 67 25 139 96 50 15 74 150 27 49 101 57 24 38 83 94 19 147 135 105 32 45 76 30 10 36 3 72 16 87 34 110 8 134 108 26 97 51 111 120 112 131 52 75 148 80 14 21 4 48 20 84 13 82 17 136 119 1 91 114 77 61 63 145 59 35 5 122 55 88 29 64 102 115 62 41 126 121 93 113 85 116 65 143 28 132 33 128 127 47 60 39 11 140 69 125 7 56 118 79 117 100 
125 141 36 81 97 15 88 69 124 140 112 147 137 77 43 59 65 76 136 30 84 49 134 116 8 37 89 72 94 78 91 35 109 132 58 103 79 1 73 17 41 139 143 2 120 9 144 110 146 114 11 7 85 16 104 13 101 24 10 40 98 95 67 111 57 34 14 138 12 28 126 148 80 19 142 60 93 56 119 66 149 107 105 33 51 117 25 150 108 100 99 123 71 21 92 131 42 54 82 39 48 52 6 46 106 68 86 135 70 22 121 29 55 62 38 4 5 90 44 113 145 31 115 118 61 3 18 74 87 127 102 32 53 128 122 45 26 47 27 63 75 64 96 83 23 129 20 50 133 
143 142 111 80 26 67 19 82 90 36 127 128 54 136 104 2 108 75 43 44 58 59 94 130 1 45 14 101 103 48 20 84 92 81 146 89 69 72 65 85 63 107 99 64 5 29 57 144 18 16 110 31 76 40 149 97 121 122 123 105 119 49 138 37 39 113 33 30 102 60 147 114 137 61 117 96 98 150 134 71 21 32 132 25 79 115 53 4 141 95 73 129 74 100 50 6 17 125 68 118 148 56 3 23 12 28 145 135 88 126 112 83 41 24 8 13 86 77 78 38 91 27 51 109 15 62 47 35 22 70 46 116 66 9 11 93 106 87 55 42 34 7 124 133 140 120 139 10 52 
77 148 8 114 4 84 43 117 6 92 135 40 150 113 13 120 9 121 24 99 118 86 149 3 37 28 35 104 145 119 5 7 27 89 49 38 106 103 32 76 67 68 21 95 12 10 63 87 30 125 93 140 108 136 15 45 39 55 59 51 56 33 65 25 144 11 46 130 126 127 110 78 134 34 137 91 17 138 131 96 128 94 42 107 79 109 64 53 61 44 62 50 147 52 83 111 80 47 97 2 85 88 23 112 82 143 101 146 48 1 98 122 74 116 70 36 71 31 115 41 102 81 57 139 20 100 29 141 69 54 66 16 90 75 58 105 18 26 73 123 19 22 129 124 14 60 133 142 72 
15 129 76 80 117 109 34 22 21 138 38 123 127 4 1 42 52 40 60 5 79 84 149 96 142 56 18 112 19 71 93 98 139 82 97 150 108 37 30 107 100 115 92 16 62 74 119 41 144 147 141 118 64 75 145 70 54 32 48 95 68 44 111 85 47 9 87 45 63 7 31 124 17 12 134 81 55 26 8 121 61 143 91 72 49 116 73 88 39 11 24 83 2 86 101 43 132 122 36 99 57 66 27 35 69 77 104 10 28 128 137 148 135 125 58 13 94 6 120 130 103 131 20 113 110 65 105 114 51 146 59 53 89 136 106 3 14 126 33 25 50 102 29 46 78 140 67 23 90 
16 111 36 43 80 89 135 115 14 143 71 45 9 133 150 28 99 12 82 121 141 13 147 146 38 17 32 57 19 119 90 50 29 124 65 87 138 58 64 68 30 84 112 2 55 69 7 62 149 97 63 120 75 128 92 20 34 11 73 41 42 10 116 114 21 5 66 40 83 22 33 72 107 53 77 100 47 52 78 93 23 76 59 81 142 37 118 49 106 103 88 125 74 104 110 117 131 101 26 24 18 61 98 35 39 48 85 94 46 102 1 67 109 129 54 44 136 27 6 95 91 140 108 105 123 148 127 4 132 3 86 70 60 8 113 51 145 126 96 139 79 137 144 130 31 122 25 56 15 
52 53 70 75 127 132 92 146 139 142 136 71 31 122 14 108 116 100 94 61 49 10 5 36 148 105 99 54 59 21 57 12 62 87 42 8 143 44 144 50 38 123 80 15 85 89 19 141 66 4 41 115 145 93 67 20 120 29 17 43 147 79 97 150 77 125 113 96 16 2 109 112 102 51 91 28 104 13 88 130 24 37 39 74 35 134 133 55 68 114 23 27 60 40 98 81 6 46 7 72 126 22 76 137 73 118 86 149 30 9 128 103 45 18 32 107 26 47 138 84 95 63 90 117 33 65 48 3 83 129 82 69 106 11 56 110 78 121 25 124 34 101 1 119 111 64 140 131 58 
6 69 111 27 143 125 60 4 142 14 100 54 118 104 28 141 50 116 123 149 61 101 20 94 42 127 82 80 115 32 84 117 10 41 30 68 119 65 46 11 134 3 59 43 44 35 132 12 37 105 51 98 120 107 139 96 40 38 1 77 7 109 9 122 144 135 90 150 53 24 95 110 79 76 114 83 129 88 67 62 97 92 85 17 58 19 66 137 91 102 89 39 140 93 133 86 71 55 145 25 29 16 78 48 130 75 52 99 124 26 87 22 70 45 121 128 5 146 2 13 47 81 64 57 56 131 63 74 106 8 126 138 23 112 108 147 31 34 72 18 15 33 103 49 148 113 21 36 73 
143 127 30 23 59 16 139 146 89 71 47 87 36 27 49 20 104 55 142 148 133 73 24 6 75 82 5 48 105 93 15 83 123 147 134 17 12 28 10 96 109 145 72 122 46 7 9 132 61 74 126 111 150 113 1 43 64 50 79 18 94 34 81 8 51 100 57 140 80 39 32 52 101 144 60 13 106 108 54 86 121 65 90 62 97 84 31 68 85 102 88 119 91 120 19 130 25 128 35 112 98 149 37 69 38 53 29 114 99 78 107 58 131 136 138 125 21 44 41 76 135 70 95 3 4 129 22 63 116 56 42 2 67 14 40 92 117 124 103 141 11 118 110 66 115 33 26 45 77 
42 56 46 17 59 61 141 45 115 72 101 37 113 83 121 127 50 93 91 33 85 40 142 90 51 119 44 148 49 28 107 132 24 106 19 139 25 14 47 114 52 118 8 135 43 104 146 5 94 65 4 63 55 76 26 71 18 36 134 6 130 129 84 7 12 99 96 95 89 145 108 112 34 29 105 120 144 140 131 57 10 35 3 88 9 2 109 13 82 20 74 87 21 31 38 133 58 41 123 68 32 116 77 147 98 143 27 70 69 22 80 126 64 92 137 67 39 1 110 149 86 150 60 66 79 16 73 62 30 11 124 125 111 75 97 122 103 102 117 136 48 78 128 53 15 81 100 23 54 
141 18 23 138 51 88 48 75 107 73 129 13 47 54 122 137 146 9 39 123 149 53 69 134 97 135 95 90 109 77 104 128 126 82 2 64 15 89 136 103 83 102 11 68 27 96 62 17 133 66 61 110 34 86 6 98 143 55 31 84 21 117 20 100 46 127 28 94 58 150 67 41 112 105 56 124 8 99 29 148 144 52 40 14 101 145 60 59 43 120 33 63 91 25 57 132 49 24 93 5 115 113 38 142 76 1 116 111 106 22 10 74 81 19 12 131 16 71 50 42 7 26 65 80 37 125 140 114 36 4 72 147 121 87 45 30 79 3 85 32 108 70 44 119 130 35 118 78 92 
130 81 52 136 80 85 141 119 87 78 148 86 64 8 7 107 105 70 88 102 18 73 133 67 61 82 24 117 21 103 137 66 77 121 26 3 142 149 131 90 125 79 13 27 9 101 114 75 4 49 83 58 112 54 16 33 30 38 128 20 118 11 37 25 108 84 57 29 19 147 45 2 34 53 71 47 106 74 91 98 111 42 100 1 60 22 115 95 44 144 122 36 96 68 14 40 12 10 134 17 69 138 104 143 63 50 97 43 5 89 113 39 93 94 126 127 6 129 99 41 65 120 56 28 123 23 72 15 35 59 132 62 76 92 139 145 135 116 146 124 48 55 31 32 150 51 46 110 109 
58 110 137 84 108 102 93 105 54 71 55 70 67 52 74 87 82 12 18 119 100 31 76 15 29 39 34 32 24 96 33 56 117 10 146 95 11 41 143 90 128 23 104 1 92 136 130 75 65 4 127 2 138 6 14 116 49 109 37 40 16 98 88 79 47 64 68 61 21 120 111 124 8 145 22 113 17 7 5 115 35 45 25 9 60 106 53 26 131 97 36 150 91 81 107 86 121 129 50 142 48 85 114 80 28 132 112 122 20 89 77 73 46 72 42 135 69 148 44 3 83 62 51 147 43 126 38 133 140 27 57 134 101 19 63 13 99 139 103 78 118 123 94 149 144 59 66 30 125 
14 72 2 36 78 80 107 79 103 41 68 132 12 1 123 83 10 66 87 58 16 34 44 60 67 147 104 21 57 95 74 89 40 6 70 111 115 144 120 136 22 85 98 20 130 30 43 11 54 140 116 124 101 23 24 139 18 91 26 42 125 77 48 73 129 7 109 108 65 56 99 90 28 13 47 29 46 63 88 105 106 69 39 35 64 81 55 86 126 97 94 135 75 31 51 122 148 19 133 93 92 113 96 118 17 59 100 27 143 112 8 37 62 117 84 38 45 52 50 3 145 131 146 32 4 149 127 121 5 53 76 114 82 137 134 61 9 138 71 102 15 49 25 33 128 141 150 119 110 
26 71 60 73 102 149 141 91 90 134 88 77 133 78 69 127 55 83 124 112 144 130 50 30 105 129 137 113 85 118 9 109 14 146 74 135 84 116 6 48 128 95 10 110 119 121 45 92 117 72 46 35 136 25 63 24 16 37 80 36 39 106 97 150 67 76 17 2 147 41 96 111 59 22 131 86 104 70 12 132 140 19 101 53 142 139 44 1 89 18 87 98 32 3 33 56 115 145 93 148 57 64 13 21 54 126 47 114 42 7 8 40 31 4 11 58 20 120 99 81 68 23 94 52 75 122 65 29 51 108 43 66 107 34 138 103 123 5 15 28 62 27 61 49 82 125 79 38 100 
17 120 143 90 10 65 116 34 142 123 115 44 13 150 132 105 130 51 122 1 102 87 92 30 36 14 4 72 75 85 114 3 99 19 27 98 78 149 25 128 101 107 103 57 5 18 2 61 37 47 93 42 48 126 6 35 76 140 136 112 29 33 95 23 108 43 134 80 91 111 86 106 45 77 63 145 127 117 79 20 22 135 38 16 12 58 125 8 15 124 97 46 11 60 119 41 121 56 21 83 9 139 110 129 88 53 146 67 70 26 54 69 71 68 109 52 113 137 96 118 133 73 81 84 82 66 62 94 55 100 49 148 31 147 7 24 40 131 50 89 64 39 32 28 104 141 138 74 59 
106 102 79 24 90 80 57 36 42 117 11 87 1 125 93 114 89 12 137 19 83 35 148 14 111 39 82 64 56 131 73 122 123 3 8 17 48 28 18 134 98 7 112 53 126 92 132 52 70 115 50 65 147 67 46 140 130 26 23 30 59 21 133 49 113 62 4 22 15 144 58 105 138 20 34 55 96 127 88 43 51 94 136 128 99 77 38 108 78 47 2 13 6 97 116 143 29 101 76 68 149 109 74 95 142 32 27 75 120 146 40 107 118 84 37 16 91 31 121 5 104 119 139 54 135 69 66 71 86 33 100 85 25 103 141 129 10 124 41 45 150 63 81 60 44 61 9 72 110 
133 149 136 113 82 138 57 37 65 31 142 45 7 76 20 91 140 74 16 71 114 83 5 139 59 77 62 116 118 50 52 102 104 143 120 33 29 85 32 22 17 46 26 43 35 81 12 14 101 126 48 112 106 87 19 107 11 21 84 125 54 109 24 73 9 13 89 80 124 134 110 99 90 41 147 119 64 8 75 70 44 132 56 58 69 145 2 79 93 72 60 68 53 92 4 18 150 96 51 67 25 122 10 148 55 95 61 88 127 137 42 115 111 15 100 34 117 47 36 144 1 66 141 94 23 27 108 98 6 40 131 78 30 103 97 39 121 128 63 135 105 3 28 38 129 86 123 49 130 
148 55 26 60 19 71 112 29 53 73 142 9 48 114 105 16 12 81 94 144 132 39 52 149 115 54 21 47 23 8 11 42 76 141 37 129 103 107 40 25 136 91 38 111 122 95 31 46 110 4 150 93 74 33 77 87 128 59 101 140 79 130 98 82 56 109 49 90 124 97 108 22 119 50 120 32 2 121 6 92 28 27 36 67 44 133 14 85 139 102 113 104 126 45 131 106 41 5 146 125 134 89 127 86 116 43 64 57 65 66 138 58 13 143 63 7 72 78 70 20 62 137 117 34 18 118 15 17 88 145 99 80 84 3 100 68 61 69 35 123 83 135 10 30 1 96 51 75 24 
98 46 87 6 110 2 106 73 67 133 97 66 149 144 18 95 62 119 108 88 28 81 126 58 79 80 33 1 135 142 117 20 26 13 120 77 56 21 14 141 48 7 16 27 112 82 74 99 47 22 145 9 50 17 134 93 91 45 139 92 54 40 104 102 100 84 43 69 41 68 8 38 85 105 30 72 11 129 19 63 128 57 116 78 64 107 51 32 65 61 39 89 3 113 37 136 75 10 31 76 146 94 49 123 115 122 101 12 15 55 53 35 103 143 130 70 52 44 121 137 34 90 4 42 150 124 118 114 24 71 25 96 132 140 131 59 111 60 83 147 29 125 36 23 109 127 138 86 5 
98 101 59 64 12 70 67 88 75 144 139 47 91 102 87 133 42 143 99 17 55 16 130 81 95 135 44 127 26 92 148 134 150 84 20 74 41 61 21 22 10 24 124 4 32 49 37 83 147 80 107 93 54 132 140 129 113 111 86 79 33 9 110 128 56 120 46 77 103 6 78 65 15 119 71 125 48 104 2 27 138 123 82 51 8 1 38 118 145 18 29 39 19 116 13 50 106 35 5 96 73 7 62 112 11 141 109 89 30 136 31 60 105 57 126 53 121 28 115 137 108 52 40 69 25 94 68 3 72 97 43 76 122 114 117 142 85 146 36 100 58 90 34 23 131 14 63 66 45 
44 138 72 121 69 16 127 63 89 107 148 131 28 115 53 10 73 6 62 80 128 140 147 29 13 51 45 96 74 139 8 76 124 118 130 145 57 83 114 37 85 4 122 38 88 77 17 54 105 71 52 84 21 33 102 26 95 34 36 137 47 2 19 15 46 99 42 24 87 112 109 104 79 7 90 78 49 135 50 56 40 94 5 60 66 31 113 111 61 108 149 86 146 141 48 55 98 11 32 64 35 136 117 67 120 58 132 39 101 126 106 142 75 119 134 100 22 93 110 97 1 3 41 125 30 68 116 91 81 82 92 43 123 23 143 65 133 27 59 70 20 129 144 103 14 25 12 9 18 
