150
9 20 80 120 73 143 110 2 88 150 92 44 43 145 122 131 99 89 59 6 47 109 36 48 123 127 96 14 52 74 113 77 64 19 95 41 7 15 56 66 29 104 
111 129 33 35 114 69 23 107 52 6 64 72 1 10 125 123 53 67 61 92 54 46 89 80 121 81 130 49 108 
20 84 111 144 50 43 135 91 47 52 101 131 64 34 7 66 18 22 98 107 71 8 121 145 128 72 126 139 67 21 99 116 114 19 105 130 
9 60 135 91 127 5 49 20 94 34 88 129 143 149 45 10 73 67 86 71 19 15 132 12 24 13 99 43 106 51 119 105 53 25 
144 117 116 50 78 94 61 62 54 105 16 28 24 132 133 74 40 108 126 35 109 121 119 146 83 34 111 85 6 4 68 99 87 43 102 
89 12 123 25 13 43 135 83 126 5 120 63 44 102 1 69 51 100 77 46 130 18 64 2 41 61 50 66 48 143 65 90 20 47 136 60 128 37 78 91 
110 135 69 15 79 28 36 3 86 73 105 1 40 93 19 32 60 142 96 59 37 84 138 21 50 38 45 149 98 136 14 114 34 57 112 23 134 109 111 
149 116 96 129 146 60 131 112 41 36 138 12 123 82 130 9 75 127 91 47 73 56 62 109 137 105 15 30 84 101 117 35 16 100 59 90 3 40 74 142 104 
1 88 93 49 50 45 123 149 8 85 125 4 148 108 14 34 91 106 38 54 53 94 146 142 67 52 22 28 133 105 84 31 27 92 36 33 122 89 15 110 117 73 97 75 144 99 18 32 141 135 
102 87 115 104 140 111 123 55 132 96 120 53 88 74 144 24 2 81 78 34 25 106 48 40 13 101 89 135 83 4 
103 147 31 77 105 45 143 78 40 19 22 16 150 38 37 46 79 91 118 139 59 140 53 73 18 101 133 119 47 94 83 114 55 117 80 76 26 87 21 
83 25 139 42 122 111 39 126 104 131 21 99 69 82 113 93 51 142 80 24 106 8 6 4 75 148 135 56 14 63 110 40 117 47 120 88 29 145 
102 79 122 21 24 149 69 115 110 77 68 112 85 14 95 147 83 146 101 130 33 127 62 97 89 106 54 15 10 78 44 118 26 74 55 28 29 59 150 48 4 126 6 36 
7 129 45 31 90 12 101 140 108 116 93 99 1 54 43 91 102 59 124 13 118 131 39 16 134 34 28 69 79 9 75 19 74 50 107 26 95 112 52 21 32 104 
91 128 47 1 75 111 72 56 99 129 66 79 124 87 26 113 67 8 90 4 16 88 80 70 48 27 119 127 96 9 143 76 122 126 134 109 13 78 7 105 89 57 118 
94 106 83 63 59 139 15 140 24 115 125 98 103 81 14 48 58 150 109 82 36 86 134 23 34 5 28 101 66 67 11 39 62 47 100 65 110 8 
43 100 143 78 49 114 116 140 59 27 61 121 66 106 37 35 128 52 65 44 73 144 46 20 108 62 57 39 47 25 
43 88 61 109 35 63 78 49 3 52 39 132 89 148 47 124 87 141 145 150 130 90 11 83 129 103 75 29 138 6 9 121 
147 102 122 52 100 14 94 89 60 44 149 65 37 138 148 75 53 107 68 96 83 55 7 63 76 43 121 81 87 1 3 35 11 4 140 88 
6 42 56 45 116 97 146 49 120 1 26 107 111 99 144 3 53 91 103 17 139 100 40 4 143 131 126 
11 150 62 149 100 134 46 76 14 3 109 40 13 102 59 144 42 41 25 73 67 77 39 122 12 60 96 125 54 137 23 108 107 90 121 70 82 66 78 7 69 80 56 
127 3 71 144 43 29 103 50 69 75 56 25 81 131 72 31 109 87 85 98 61 66 135 62 76 95 27 9 23 140 58 125 11 
79 58 24 109 2 46 47 105 7 72 22 71 112 44 25 76 65 52 96 30 121 145 33 146 29 120 88 67 21 16 49 149 
75 40 12 140 43 51 122 60 67 113 48 42 64 46 30 78 96 16 10 52 149 134 4 103 116 130 143 72 100 126 80 5 62 81 144 88 38 77 124 28 13 37 45 109 23 26 
113 129 28 10 31 144 47 136 128 52 21 56 147 72 12 4 36 67 101 112 138 77 23 58 55 143 44 27 42 75 123 120 79 106 41 118 86 22 114 61 6 63 93 17 
56 144 34 123 100 114 76 60 47 43 95 131 42 138 24 141 148 147 20 40 89 137 11 29 122 112 84 94 101 81 53 77 132 121 31 61 145 64 68 14 96 111 30 118 13 15 62 
34 65 73 52 128 35 32 54 142 92 136 115 66 64 78 106 109 71 140 150 40 30 33 84 104 114 25 15 17 125 99 9 122 55 117 59 49 98 22 44 145 79 
72 141 7 25 91 5 113 30 68 108 124 93 69 14 146 36 80 112 13 137 84 51 103 46 101 9 16 54 67 87 24 37 32 129 
86 140 12 139 95 143 26 112 60 94 36 111 114 93 22 35 120 1 45 23 83 148 32 56 135 146 85 71 13 53 145 18 125 96 109 67 75 
60 130 33 28 129 122 41 32 53 49 113 61 68 116 91 58 50 109 64 52 101 143 70 127 104 123 56 75 31 27 69 8 35 24 59 26 23 132 36 106 
30 73 89 106 70 25 108 9 122 54 95 85 130 37 14 75 118 44 63 22 140 136 107 46 83 133 116 104 81 126 111 135 82 11 26 71 52 143 93 90 
62 103 65 128 9 126 48 87 135 112 99 59 145 29 67 55 105 14 133 7 41 30 139 34 28 149 134 64 84 131 120 81 39 116 76 27 127 98 
79 134 74 148 82 23 135 70 98 115 72 77 87 133 27 122 109 112 9 39 111 66 13 90 150 56 118 30 2 36 131 
70 77 27 45 5 134 137 54 56 58 124 143 26 132 88 95 68 113 75 9 60 16 108 14 32 57 66 118 43 3 99 38 140 62 47 10 107 83 105 131 36 127 120 4 139 7 
95 82 53 149 17 71 60 148 134 140 67 133 70 83 72 147 98 75 8 85 30 46 102 89 69 42 19 5 101 27 2 18 129 29 
16 33 150 92 29 105 9 128 74 95 8 84 149 13 88 1 146 100 38 148 131 41 134 145 45 87 77 30 80 97 25 58 81 34 115 28 7 132 
115 94 67 6 55 31 92 101 17 93 46 122 146 107 143 145 11 19 81 7 139 129 135 24 124 69 126 140 28 50 76 79 108 127 59 95 60 75 134 86 65 73 110 45 
92 66 139 106 39 40 62 104 136 117 34 9 79 126 143 147 125 46 59 103 94 50 142 91 138 107 11 133 52 7 128 114 137 24 36 123 89 53 86 
63 101 95 142 110 46 32 84 21 80 66 100 47 12 79 14 33 120 58 96 108 121 81 150 144 106 17 89 94 43 16 148 38 73 90 18 118 56 76 149 99 
103 11 93 71 21 79 86 125 50 140 12 95 48 66 91 62 26 20 8 7 51 127 131 27 38 43 46 126 147 146 10 61 104 24 5 68 72 65 141 115 
72 45 145 83 21 91 63 30 84 89 32 52 135 59 6 97 1 36 113 8 127 48 101 42 69 25 125 107 70 116 44 82 103 
97 41 149 144 117 108 21 20 123 53 91 122 141 68 137 12 112 83 109 67 25 93 139 35 24 92 26 106 
18 4 125 133 19 128 1 40 150 3 144 24 145 126 71 22 68 5 107 135 90 17 49 53 26 6 111 123 14 34 60 85 97 79 58 147 82 81 50 39 63 
118 114 123 6 140 149 134 107 25 27 17 142 19 120 48 31 69 68 102 119 41 74 60 71 45 78 87 108 13 1 112 137 23 66 127 132 150 125 97 79 94 
65 110 49 41 14 138 7 133 24 87 37 134 29 34 4 119 148 53 59 94 126 9 63 113 68 84 11 96 44 60 149 117 51 36 76 92 20 
132 31 75 40 62 38 35 141 39 71 86 122 53 100 91 28 61 148 111 24 114 54 107 66 17 85 57 21 101 11 2 23 6 87 80 37 93 
76 18 123 80 93 142 105 6 3 12 131 58 97 110 52 103 124 56 23 139 11 69 26 63 104 78 54 67 25 74 1 16 17 8 39 89 68 129 57 70 73 84 15 34 149 96 
129 24 67 1 44 130 118 15 132 97 68 124 65 32 40 41 123 55 74 13 125 51 80 79 96 108 16 6 58 10 134 78 120 
123 147 119 93 4 139 20 134 18 114 90 43 2 96 75 103 150 45 30 27 9 140 142 67 17 137 146 57 106 116 60 66 23 71 
14 94 51 138 6 132 7 106 58 89 80 43 127 64 97 88 93 110 59 3 143 104 105 52 40 55 113 5 9 137 67 30 78 37 22 112 38 109 
40 83 129 130 115 121 69 4 6 120 48 100 137 140 96 106 56 90 124 71 45 24 126 12 28 50 113 98 81 
53 17 107 134 98 9 81 124 115 119 59 90 27 23 66 47 24 129 78 75 2 41 80 30 38 14 89 131 31 56 110 18 101 25 50 1 73 19 3 117 
30 61 127 9 98 72 67 45 83 2 76 20 138 29 35 140 134 58 148 114 82 89 46 52 19 43 115 129 42 80 149 102 10 93 4 112 113 11 117 133 125 26 66 38 
123 9 27 56 113 90 34 94 14 92 21 75 126 61 13 31 85 103 82 47 28 145 5 46 2 
137 61 148 130 112 69 94 114 11 67 70 66 48 10 131 113 25 87 19 75 27 37 32 146 50 62 117 93 88 78 13 147 
25 8 133 75 57 22 39 26 15 109 95 80 112 128 114 105 20 117 33 30 149 143 81 116 147 115 148 54 124 90 1 21 74 34 12 51 85 71 92 145 69 47 52 29 111 
64 49 125 47 7 34 94 107 46 103 111 17 144 145 76 84 141 138 56 15 69 79 99 109 104 
90 132 95 103 137 25 143 30 70 81 77 47 48 150 149 59 34 64 39 22 50 108 76 106 146 36 80 43 23 69 120 71 144 16 142 53 113 127 85 
60 16 130 106 100 37 81 144 117 32 126 77 13 145 72 121 14 62 27 1 105 134 45 8 38 94 109 113 41 125 123 71 88 82 50 21 112 52 7 58 17 101 30 11 
115 95 35 131 99 30 78 144 45 49 90 108 72 24 120 61 34 19 91 37 59 141 21 6 92 43 137 7 113 4 81 65 94 44 129 88 86 29 114 8 93 116 148 26 
142 46 88 147 40 126 94 67 112 109 124 75 82 17 55 25 54 149 18 2 125 30 53 26 6 148 96 90 22 119 64 86 5 98 103 62 70 146 60 140 63 117 
91 55 100 130 75 68 108 126 21 137 101 86 69 90 122 59 38 94 16 80 32 118 93 24 22 97 70 78 40 13 5 26 102 142 46 92 119 98 17 34 8 81 145 61 116 
71 72 110 39 97 16 61 31 92 118 19 25 109 145 64 12 113 70 89 43 81 116 133 98 18 84 6 45 108 147 47 41 79 67 137 
30 105 73 75 108 27 32 110 124 26 96 81 125 63 116 1 113 119 104 143 50 61 88 140 131 101 58 3 134 2 115 57 24 117 147 150 69 114 6 
107 133 120 19 80 70 37 76 23 32 6 110 71 82 123 27 114 84 40 17 48 16 141 136 45 137 106 60 79 
89 21 133 72 130 27 53 108 118 46 33 94 116 17 148 129 44 100 40 39 49 113 80 83 52 123 22 93 88 15 38 6 143 34 1 102 91 16 3 141 137 92 55 
2 21 42 63 24 97 84 23 3 48 148 15 49 61 141 101 37 113 85 29 47 135 149 28 90 53 55 16 102 9 50 32 79 133 116 35 134 25 4 
47 149 26 111 62 40 43 30 44 13 87 70 100 119 34 141 85 28 132 99 73 123 129 95 48 120 112 83 45 102 125 19 5 115 42 
108 55 88 37 44 145 125 6 57 103 64 58 91 56 135 12 2 109 94 99 14 28 13 129 7 62 84 96 123 30 71 47 130 22 35 126 41 51 21 
41 146 63 74 149 72 15 130 132 102 80 47 61 117 94 83 21 31 65 108 100 33 93 136 92 35 68 97 125 30 34 87 135 89 124 134 62 55 58 
29 4 23 102 44 124 84 97 69 134 137 147 105 127 65 142 75 92 122 22 99 139 49 56 141 63 31 83 35 46 104 87 40 90 86 43 58 27 3 51 59 
97 28 110 3 91 41 77 101 121 2 25 81 66 90 15 33 84 78 109 79 63 70 129 35 59 145 92 102 127 141 85 60 128 53 149 23 22 24 122 40 
9 122 52 27 144 39 7 142 127 141 100 31 11 114 8 37 86 76 47 121 68 17 117 21 74 112 90 4 103 139 1 64 
93 129 14 5 73 48 146 1 44 8 56 121 126 13 10 70 109 107 148 47 36 89 33 103 122 120 137 
116 19 131 120 136 46 18 34 76 92 35 24 130 105 31 62 30 56 55 52 12 61 135 49 137 82 14 142 8 124 22 9 81 80 100 143 64 87 25 71 138 29 15 54 37 
94 23 112 91 11 80 58 19 82 22 104 26 77 39 78 128 133 137 65 142 126 37 109 45 32 87 81 135 119 15 21 138 75 146 57 53 134 73 47 121 
58 121 11 34 148 119 59 86 87 6 102 124 140 1 36 150 80 72 129 114 21 101 13 113 141 76 139 127 24 82 83 33 25 26 
122 116 129 44 18 27 123 11 13 50 6 140 120 52 17 24 5 55 21 137 72 60 15 47 135 118 48 10 119 79 80 76 134 62 
67 82 139 33 48 25 128 80 107 63 15 105 140 39 72 40 65 23 38 114 27 88 78 44 83 93 125 84 7 57 13 11 43 94 37 98 81 14 137 133 86 
52 148 126 79 76 48 36 118 78 15 145 1 108 77 11 58 86 47 24 142 93 82 130 50 94 28 53 81 110 56 2 112 12 62 21 75 135 85 120 70 66 39 46 65 92 98 
126 58 86 32 2 100 16 75 22 127 63 51 76 26 72 79 31 147 24 114 99 108 64 19 101 52 43 36 115 59 128 133 10 37 80 56 110 62 143 112 60 87 39 
122 21 33 75 84 132 43 117 31 16 96 115 85 35 113 139 61 41 110 12 94 53 79 65 88 8 77 143 59 54 108 76 80 128 145 140 
112 118 53 41 16 70 6 42 31 114 35 131 12 34 109 19 88 71 18 5 90 99 79 142 68 115 141 29 116 111 77 10 11 51 13 137 66 134 
104 41 92 79 3 45 82 117 63 67 115 99 71 121 93 47 57 9 8 72 127 7 132 146 27 137 69 26 109 65 32 39 108 28 112 36 141 
54 137 35 132 87 9 58 122 29 31 146 125 110 68 43 88 135 131 22 101 13 46 80 94 72 107 96 82 112 67 56 123 134 108 5 118 127 
114 117 145 101 104 142 81 100 96 149 29 38 16 141 131 119 77 46 37 144 137 60 40 25 79 138 71 121 95 112 116 61 80 73 62 120 7 4 
70 55 134 45 28 75 68 101 36 149 93 129 71 92 11 141 91 10 108 124 117 85 76 131 33 109 116 46 143 5 111 22 77 32 44 19 115 18 15 81 
1 23 126 9 50 108 139 55 79 10 69 102 64 18 12 112 24 4 66 95 85 19 114 146 128 83 96 123 15 34 82 60 61 59 125 36 92 115 
41 50 98 1 94 128 137 15 31 142 18 13 6 116 38 138 52 66 35 9 2 63 39 143 70 26 74 101 10 139 19 147 47 53 
52 118 54 72 114 62 73 33 94 8 98 39 106 149 43 115 60 102 147 61 31 51 99 56 136 130 15 135 6 91 71 67 83 111 93 105 21 132 108 58 109 18 101 49 110 14 
15 76 46 38 40 6 14 114 126 90 8 66 102 113 69 60 62 28 3 11 115 112 30 134 131 87 93 20 130 9 41 121 123 4 72 42 144 
70 63 116 72 103 2 115 42 54 128 75 37 88 132 102 27 94 119 60 66 9 80 136 87 56 71 62 36 45 101 143 84 105 137 38 1 122 
70 53 62 120 90 60 28 42 94 124 132 29 14 66 148 84 31 46 37 40 49 12 87 125 80 50 47 129 55 7 117 91 121 79 25 74 9 109 
44 79 132 93 147 16 125 69 149 70 129 82 59 80 124 121 39 38 54 55 61 92 95 26 4 50 144 141 66 107 11 99 29 5 133 60 62 9 19 45 76 90 123 85 57 89 37 
36 13 37 115 34 104 86 141 136 35 137 29 131 119 39 88 1 60 140 120 123 94 22 40 128 26 124 31 58 107 126 56 14 68 99 135 
82 88 112 69 21 104 106 24 7 19 61 130 8 64 10 39 135 86 51 48 45 26 1 47 105 85 111 99 23 49 15 148 29 149 101 
131 48 62 67 50 126 98 47 113 121 63 106 42 13 132 43 107 9 128 70 36 105 44 108 147 127 41 72 71 20 
3 117 79 119 122 123 133 107 27 147 22 51 109 61 89 35 62 52 125 106 121 33 128 97 80 16 53 144 32 130 90 131 7 63 
95 71 84 114 122 27 119 9 134 60 69 83 12 57 90 100 15 135 5 14 102 20 32 103 3 96 81 1 94 115 34 68 39 4 
86 75 46 17 149 39 136 146 73 112 19 142 51 66 148 6 59 24 81 68 20 103 124 109 113 102 36 16 8 130 26 99 70 62 21 123 
25 86 13 59 46 92 16 134 67 37 30 103 105 85 111 11 35 115 52 41 14 64 77 28 146 8 62 26 81 96 39 87 89 114 72 3 90 148 112 109 10 135 120 
19 122 62 14 100 133 6 90 88 53 44 126 21 118 103 110 72 5 35 99 71 10 92 115 70 66 68 77 136 91 67 147 13 150 107 116 
47 74 32 120 92 24 124 118 99 137 133 111 54 49 41 11 142 127 22 132 18 57 73 61 102 20 100 28 101 121 139 38 40 109 69 16 58 
139 8 38 95 110 10 1 47 12 50 138 76 114 84 86 135 31 40 119 127 30 71 64 27 118 57 124 96 112 115 14 
97 125 8 134 23 101 34 32 111 129 47 128 79 140 96 36 144 107 121 59 9 3 7 64 15 56 92 5 90 50 75 71 11 108 130 4 
51 108 129 39 130 12 90 25 65 112 58 30 98 16 17 97 4 96 140 132 150 9 49 50 113 38 10 59 118 114 42 27 31 13 119 
43 115 34 52 105 37 14 46 3 20 65 140 21 38 102 145 95 94 98 19 2 109 57 85 139 136 79 74 150 31 149 44 41 97 
21 60 58 48 149 114 97 127 106 130 17 88 69 120 126 87 9 80 5 39 136 142 70 138 2 143 28 82 84 42 64 31 105 116 146 131 44 85 111 124 140 63 132 34 66 37 81 62 122 14 90 
23 87 98 133 101 42 141 90 110 69 5 22 74 146 111 8 93 33 30 136 59 50 127 56 135 122 131 84 1 83 21 124 57 100 24 103 27 145 72 61 7 63 15 76 125 107 18 29 16 
145 120 80 137 1 72 16 9 12 13 109 65 47 133 63 140 50 136 82 104 52 102 45 39 37 90 85 111 81 7 64 
68 96 15 144 105 29 109 110 136 20 26 145 117 103 43 135 128 138 101 137 127 5 116 120 12 108 129 33 87 90 150 7 115 10 56 31 3 57 2 83 46 
42 76 26 28 61 8 33 56 53 14 91 29 80 127 68 84 81 83 140 32 125 44 85 104 73 122 88 124 55 13 144 25 100 86 50 101 149 7 23 106 121 96 59 113 
66 140 82 63 135 134 50 125 51 115 100 25 34 129 1 133 91 114 54 106 30 58 121 97 15 60 24 55 41 64 67 148 77 28 12 45 59 112 53 
17 88 150 108 73 27 46 130 144 83 99 25 38 60 134 53 148 29 55 64 56 3 133 79 106 77 91 86 7 2 44 104 113 26 49 65 117 81 11 101 90 
84 123 27 92 102 149 150 91 136 82 145 40 111 52 51 143 64 101 107 147 10 81 33 113 116 36 13 87 104 53 140 56 95 16 99 90 88 68 37 83 60 
3 64 129 102 89 127 86 78 75 83 8 123 132 60 140 41 144 115 111 32 56 17 63 5 30 49 108 62 14 87 121 92 31 66 20 67 24 
126 118 135 119 70 82 84 52 12 8 132 98 93 45 27 5 86 56 143 59 64 42 9 53 114 73 38 61 145 55 131 142 124 87 111 11 144 
121 85 66 31 11 48 44 136 83 103 15 34 13 125 104 80 33 106 143 130 63 117 25 122 90 78 102 129 39 14 62 119 26 
61 44 5 117 99 77 144 15 98 49 92 142 52 76 131 11 64 95 147 146 148 118 86 104 78 68 106 62 4 45 
34 139 51 12 142 147 133 39 48 23 74 101 121 6 44 68 75 1 110 108 80 149 93 65 103 20 60 86 78 58 111 29 95 32 10 25 
125 21 142 19 5 76 91 72 26 77 98 134 97 105 74 93 103 23 39 147 2 51 113 141 116 3 86 118 112 120 84 149 73 140 139 17 18 59 130 94 136 
74 26 129 108 71 24 13 37 85 123 112 27 19 147 62 78 92 73 118 99 143 9 12 1 21 72 82 15 135 145 30 33 46 98 31 109 102 42 
44 141 6 115 9 78 10 138 38 130 2 54 43 8 85 49 65 98 69 88 59 30 48 122 94 134 47 26 1 42 66 100 25 116 126 131 68 91 143 95 
28 14 37 71 131 24 93 117 75 94 61 51 100 126 87 125 112 70 109 48 56 47 15 64 150 18 108 95 144 34 52 103 104 77 
70 21 124 88 93 44 146 43 41 2 40 38 85 121 112 27 94 69 59 68 138 105 109 113 64 98 130 149 22 29 16 118 144 48 61 53 137 9 79 57 148 
95 24 88 5 37 97 130 15 40 149 91 127 6 12 81 51 13 80 108 45 123 3 144 59 54 31 124 69 74 117 76 102 43 38 61 20 32 142 62 
84 116 142 44 85 103 22 108 128 13 15 81 58 149 73 109 37 147 1 143 34 112 30 126 129 134 8 40 77 41 97 32 72 71 50 53 4 111 140 104 
72 127 17 138 38 95 56 6 79 76 32 81 92 25 15 105 36 88 131 111 146 43 98 97 89 82 27 3 
66 140 127 51 48 118 25 77 105 136 28 106 4 53 87 37 113 111 131 60 69 122 35 14 30 68 93 94 2 141 47 18 15 8 52 116 74 78 72 
6 96 75 91 118 100 18 80 70 105 125 126 69 51 106 30 62 3 108 139 136 142 98 121 2 114 13 8 66 123 24 90 31 55 134 48 59 
33 85 129 87 3 83 86 95 146 34 134 26 64 117 108 47 12 148 91 8 128 32 119 22 123 97 55 124 98 40 139 75 60 1 145 109 138 20 52 36 14 132 
92 4 90 34 84 94 117 103 18 131 44 68 82 30 134 97 106 26 5 46 93 48 108 70 50 133 135 116 85 58 36 149 10 137 150 
38 147 114 11 76 94 31 132 53 33 98 56 45 32 63 67 43 66 139 79 110 141 113 103 140 81 5 9 136 65 35 109 120 102 
123 44 76 142 64 121 67 24 48 150 35 59 71 127 45 99 132 53 33 105 15 16 87 138 70 32 83 7 140 34 78 37 14 130 36 113 52 148 21 114 131 101 85 49 91 
37 80 67 132 76 122 33 75 4 70 22 32 96 136 43 29 140 10 41 3 104 9 113 109 31 12 111 85 69 90 117 143 148 7 78 99 95 101 6 
27 108 6 111 92 141 137 133 129 100 109 146 150 107 130 138 75 121 102 7 115 65 70 25 110 135 144 118 31 38 90 95 
26 8 50 66 86 92 49 147 44 75 51 58 83 55 103 38 110 85 28 125 21 136 146 63 74 34 76 89 150 65 111 71 60 79 42 84 62 95 132 78 
128 131 144 38 8 111 134 143 108 136 57 104 123 45 7 18 19 76 50 147 75 89 25 26 125 53 86 142 
38 133 88 121 73 103 29 82 16 42 49 79 11 12 120 77 20 130 3 47 107 37 104 89 131 71 34 32 
37 121 49 35 82 51 64 29 14 144 106 40 17 133 10 107 115 16 11 34 110 19 129 77 53 127 78 31 135 105 113 79 134 27 108 95 24 149 148 61 22 112 44 116 
68 109 65 57 66 148 60 28 71 73 121 87 83 84 26 77 136 129 86 67 149 40 133 18 42 95 46 146 123 72 94 9 
12 75 126 120 89 61 138 44 76 47 146 38 86 83 58 71 127 121 49 119 130 27 62 103 8 73 80 100 9 39 145 117 7 108 134 
66 135 108 4 82 24 20 25 11 1 117 81 15 17 34 50 115 118 38 30 58 146 122 64 37 92 127 29 89 6 87 123 145 75 56 138 31 
119 57 3 25 17 26 5 117 86 58 146 9 60 91 114 124 111 116 59 98 43 112 39 138 21 20 24 94 125 140 136 145 22 42 73 105 126 10 
131 69 150 107 23 32 62 144 80 111 63 12 56 122 26 3 142 27 18 143 115 41 109 82 72 36 43 110 1 29 86 59 37 117 54 57 
37 148 84 70 100 8 58 109 49 20 144 143 119 142 36 23 5 131 101 108 9 61 125 74 128 29 76 28 55 88 85 13 141 40 136 137 
19 89 38 11 26 137 120 43 90 97 81 56 127 119 98 49 138 115 64 102 25 61 63 40 94 55 35 122 121 71 13 133 
12 66 77 119 134 96 135 61 45 140 53 26 19 29 114 80 55 56 36 9 35 141 131 33 74 67 101 113 125 100 60 39 93 18 146 46 
72 53 21 126 120 125 141 115 140 107 112 67 35 32 13 87 61 70 8 100 19 9 7 132 23 121 56 68 90 47 42 94 44 45 36 58 4 96 24 39 108 127 86 
36 27 11 107 115 13 44 33 39 18 124 111 137 145 136 134 1 64 49 106 132 43 114 102 58 77 21 16 