150
59 32 119 95 8 42 88 124 17 103 63 104 112 138 98 45 96 54 23 129 86 20 46 120 102 142 150 25 93 133 65 21 85 141 106 
61 74 85 40 115 120 50 141 83 27 99 17 89 82 140 12 71 131 53 90 10 150 20 34 69 13 5 30 29 84 106 126 68 48 137 146 135 62 88 
70 5 137 46 72 92 125 132 71 111 101 49 93 29 97 24 90 105 107 94 39 135 119 141 64 77 148 84 139 21 122 78 149 50 147 48 41 10 42 
26 60 47 113 114 82 40 125 58 148 70 62 103 146 61 100 79 32 90 56 78 135 34 12 50 147 8 108 11 109 66 136 67 97 59 
60 150 20 43 113 77 114 50 2 135 71 14 106 41 115 15 51 9 65 128 137 57 52 129 101 40 63 3 35 37 126 95 24 79 48 18 76 141 38 67 111 146 
147 109 135 71 139 67 90 104 119 28 41 86 44 14 133 144 95 60 77 27 33 105 69 68 141 66 94 30 82 74 115 19 42 134 136 39 142 80 
131 132 49 56 83 46 62 117 107 51 42 47 66 17 33 86 126 76 133 58 81 37 54 27 40 93 20 64 53 148 50 15 115 146 
14 19 112 98 95 64 35 89 83 61 114 42 53 116 91 86 76 101 72 43 17 81 1 96 15 11 41 126 100 47 4 127 57 22 31 78 38 68 122 93 105 
92 147 130 70 134 25 94 100 116 5 133 19 10 88 123 59 102 77 84 33 128 48 146 105 52 37 85 18 31 57 11 142 60 106 27 53 21 95 74 119 145 61 82 54 
57 45 13 87 81 126 24 122 111 88 109 104 40 100 9 3 150 140 119 73 35 91 62 51 58 14 52 49 19 47 123 121 28 136 106 75 138 50 102 69 2 48 
144 96 93 146 81 16 9 57 123 24 95 26 78 27 103 41 76 58 75 32 4 15 133 97 50 8 120 67 22 12 131 30 
120 105 75 63 66 80 132 24 73 41 19 28 147 2 23 131 40 102 4 27 57 116 65 85 100 123 48 106 15 69 86 60 61 30 74 43 50 119 150 112 134 21 115 11 81 53 114 
2 85 113 53 50 22 18 89 126 15 83 148 32 103 57 116 35 123 125 105 44 10 34 140 98 111 42 145 88 144 150 138 65 
36 93 76 144 133 139 45 47 53 23 21 87 31 103 66 39 5 27 8 59 18 10 138 106 20 105 67 107 6 68 137 74 60 118 148 
116 8 73 70 55 33 7 60 141 50 18 76 124 117 53 25 24 11 146 47 101 43 51 98 49 122 34 5 83 45 12 42 110 90 31 39 64 87 108 30 66 13 69 
126 123 22 112 62 25 44 11 108 47 100 122 67 143 60 35 117 149 127 137 55 105 138 50 64 19 130 116 136 150 135 70 124 68 79 39 
143 82 1 2 83 56 46 65 32 131 101 53 98 94 107 116 40 25 7 73 78 102 109 31 27 108 36 113 106 71 141 48 8 59 148 117 95 100 68 81 39 119 129 142 84 49 62 
59 45 116 24 111 132 41 28 50 83 48 106 42 19 49 69 78 114 141 58 60 138 57 104 21 15 13 113 88 25 14 33 38 5 66 61 128 146 92 94 9 
48 148 18 130 101 8 89 128 61 53 113 94 57 9 6 59 96 16 135 12 105 56 30 10 92 115 143 55 25 95 127 36 
42 45 62 135 101 121 129 125 7 37 33 5 32 134 118 64 91 70 147 103 1 77 23 137 43 14 80 92 2 
9 46 65 29 71 81 116 58 12 14 88 1 25 129 145 83 144 87 97 76 100 110 68 3 126 32 26 138 89 34 18 119 86 85 92 96 108 142 
51 97 76 148 57 59 65 35 107 90 33 118 53 68 67 63 31 83 117 11 54 13 8 50 32 46 70 16 37 78 62 140 149 87 109 43 113 
105 124 39 141 14 88 72 34 75 12 40 35 121 116 109 110 94 30 1 146 122 137 112 54 33 76 80 38 123 49 127 20 
143 130 5 27 15 111 121 88 42 145 11 136 44 58 126 73 50 128 65 34 28 12 98 99 18 61 10 60 54 3 29 106 102 46 
51 141 142 17 87 82 58 19 28 55 132 50 77 129 139 37 69 44 123 9 105 1 15 96 83 117 101 18 100 108 90 72 21 16 
89 120 102 73 150 141 142 80 148 92 53 21 11 30 65 43 93 64 85 59 121 49 78 76 54 99 126 38 124 100 58 51 113 68 28 125 4 82 
144 150 110 136 82 47 118 34 54 121 11 6 17 63 141 119 14 50 9 105 86 142 2 92 72 12 149 48 93 39 104 31 130 79 61 24 7 133 36 76 115 
132 122 10 18 127 128 84 131 103 145 119 79 6 117 38 142 42 136 99 78 65 140 113 71 24 105 141 98 33 12 89 90 61 25 47 139 87 92 130 26 121 
141 37 24 106 56 32 74 65 111 3 2 33 34 68 107 57 148 94 45 47 72 40 75 104 133 90 21 98 113 
121 6 148 19 2 80 113 92 93 48 45 132 120 42 72 23 62 95 81 26 68 116 71 130 135 138 98 107 128 142 67 127 12 11 56 140 70 15 118 35 46 50 69 
82 85 147 44 22 62 99 36 63 143 110 47 111 128 27 15 17 135 95 74 103 132 34 70 14 80 106 61 89 68 79 71 51 37 64 144 43 46 100 9 8 91 122 52 
139 123 109 13 20 127 11 126 50 1 130 122 121 40 79 60 67 129 142 128 4 29 137 17 141 38 66 89 125 21 22 87 47 
20 127 138 63 46 9 140 65 135 139 23 142 81 29 18 15 111 59 129 72 132 49 122 28 43 115 131 79 22 123 6 143 7 71 84 51 
31 75 35 50 95 43 144 57 38 109 23 13 148 24 41 120 84 21 99 82 66 27 4 2 115 106 90 93 101 73 85 121 15 103 110 29 134 
95 22 141 66 34 23 106 113 46 55 112 149 80 71 76 117 5 98 127 54 30 77 144 41 39 108 10 16 114 13 120 87 8 68 130 96 43 56 79 118 
108 124 113 132 17 54 139 93 46 89 87 111 148 42 85 37 149 82 141 101 122 110 100 80 78 98 109 59 120 61 126 64 106 31 95 94 125 92 45 19 133 14 58 83 27 118 48 47 
88 5 104 66 79 29 52 9 25 31 129 7 77 147 125 36 97 58 93 122 49 145 141 41 82 22 20 80 135 76 62 91 102 60 54 130 
23 87 97 61 76 119 108 68 86 100 44 39 34 52 111 144 8 110 138 118 32 26 45 75 145 62 96 147 5 49 40 70 28 120 50 150 133 85 18 
125 115 27 103 83 52 137 91 150 121 147 88 23 69 38 6 46 49 86 59 90 141 108 104 133 145 97 48 17 16 53 85 50 51 15 35 58 87 3 14 124 89 64 135 74 
48 69 23 116 104 131 32 63 10 117 76 115 7 133 140 73 90 5 92 47 98 2 74 12 41 38 113 49 52 120 143 4 17 29 136 139 62 
116 54 3 18 106 44 5 101 86 8 111 55 123 40 34 35 84 6 104 12 126 140 53 89 37 147 120 11 77 127 119 137 91 133 142 
15 20 24 146 105 74 3 1 36 137 138 145 6 30 18 123 72 60 13 50 8 149 77 89 135 120 93 118 132 28 66 125 7 48 
35 99 22 141 101 31 33 134 78 56 74 124 34 140 100 58 95 12 49 15 79 8 106 20 127 110 112 53 143 5 129 116 133 26 
140 75 113 61 102 73 133 41 136 99 31 127 56 6 25 97 121 111 13 53 112 74 51 24 72 110 46 16 38 116 123 141 145 100 47 114 104 125 137 82 49 57 149 84 81 126 144 
100 133 56 58 114 109 94 29 15 118 14 10 144 79 63 67 64 1 77 20 30 99 61 70 66 95 104 53 49 117 90 36 65 139 18 138 38 93 97 137 108 113 52 48 146 
62 67 17 144 30 61 22 122 106 31 126 134 44 146 33 68 54 21 88 94 100 58 91 47 90 7 35 104 143 116 1 139 24 115 39 101 36 3 128 
31 29 61 69 46 59 91 127 72 104 27 53 44 36 4 7 92 133 10 73 139 147 87 8 116 96 109 128 100 28 117 144 16 14 140 58 148 40 78 15 101 83 132 32 
5 58 150 12 99 84 30 19 57 68 27 9 120 10 17 2 100 147 132 18 137 3 49 141 36 45 40 131 149 108 135 129 72 42 116 103 144 39 
86 37 135 7 116 95 96 87 23 83 10 43 132 59 39 78 26 15 38 53 45 77 40 44 104 107 93 18 33 17 48 3 57 115 97 101 
3 27 13 96 10 72 56 24 137 30 99 16 68 22 102 142 2 18 79 11 87 120 42 32 138 7 80 88 12 113 4 144 34 5 39 114 69 129 74 38 101 117 25 134 126 124 15 
117 150 33 105 129 109 120 97 15 44 7 98 93 140 94 115 10 74 116 145 82 66 138 22 127 39 64 111 110 31 71 5 73 25 26 
124 87 95 40 115 78 39 123 31 101 5 130 90 143 69 76 96 97 45 145 10 9 85 106 102 133 37 117 38 136 141 
43 124 13 79 94 8 122 80 76 112 2 47 89 12 136 7 75 22 44 54 45 126 96 77 15 55 26 19 17 102 49 105 9 41 135 142 39 64 113 61 14 
150 9 26 24 46 55 141 79 41 22 7 108 113 147 1 53 121 56 37 36 102 27 23 85 140 144 142 58 87 35 130 
59 82 109 80 15 78 41 25 122 126 104 124 128 127 16 148 61 123 94 102 98 133 64 137 53 120 62 145 54 89 35 143 19 
81 30 91 54 66 107 4 88 131 128 115 114 44 69 43 78 35 19 103 7 94 29 96 77 118 119 109 50 45 127 74 17 85 140 98 73 97 130 
81 11 29 8 10 137 144 5 49 111 104 9 86 107 119 97 78 22 70 94 48 102 90 115 143 19 139 96 12 60 44 126 34 72 80 18 13 
7 45 43 129 71 111 4 124 39 80 131 74 78 104 92 37 26 24 141 46 10 109 54 88 114 60 21 18 48 97 25 143 117 47 118 11 36 
132 9 96 1 33 101 93 98 66 73 84 14 79 121 69 105 83 26 47 92 91 106 113 19 18 49 17 55 88 4 39 22 128 36 150 
124 113 32 24 84 12 138 15 80 90 57 37 75 5 101 135 4 6 9 121 18 105 116 42 139 58 131 14 63 73 134 112 100 16 99 82 
12 99 38 147 117 86 140 68 24 2 27 96 65 19 100 44 116 55 46 75 4 45 62 102 31 28 36 80 18 129 9 82 125 47 127 105 139 8 53 92 142 
75 129 10 110 109 17 126 103 20 40 55 66 115 38 118 113 4 98 16 46 68 61 30 94 99 123 107 112 31 22 78 37 138 2 128 7 72 
120 135 112 115 33 147 73 22 138 80 108 27 148 113 92 40 137 45 31 12 1 76 60 69 5 133 102 142 93 
113 145 135 130 101 100 105 78 121 137 55 73 3 72 138 94 7 148 95 15 124 36 26 127 16 31 91 51 103 45 39 20 87 140 8 53 67 
61 105 119 75 114 45 141 12 28 89 66 29 82 76 126 17 131 21 145 5 68 125 107 71 95 99 24 142 1 33 13 135 122 90 138 26 22 
125 35 121 82 100 59 69 67 98 108 18 32 37 137 7 6 80 14 45 129 65 134 79 118 81 56 99 147 117 42 101 68 15 4 34 51 87 103 12 86 127 139 62 
73 140 22 32 132 5 106 78 83 45 97 111 92 30 71 124 115 66 14 101 112 117 11 126 100 64 16 46 96 4 72 6 146 119 81 
26 21 108 29 97 30 105 122 76 66 35 50 134 91 65 62 137 115 2 138 139 31 14 82 48 8 95 38 96 129 88 16 128 17 120 46 22 149 86 106 61 6 
30 150 137 39 124 140 10 15 93 50 94 141 63 90 52 66 127 2 40 145 72 47 59 104 128 114 25 56 83 12 132 18 87 6 
4 123 3 142 79 121 102 16 139 22 72 45 57 103 9 71 75 98 117 15 145 38 143 115 93 91 30 137 118 20 119 148 129 130 132 31 
128 6 3 102 93 150 95 146 67 33 139 114 30 126 35 51 5 110 138 85 2 111 65 17 21 108 58 28 70 117 31 
90 98 30 23 127 25 108 69 75 130 150 103 64 109 33 29 122 113 129 149 121 42 91 47 62 138 57 95 67 44 86 27 148 82 134 141 76 85 70 79 48 3 77 8 50 145 
148 56 138 26 15 44 12 111 100 60 63 34 10 40 67 64 120 113 80 74 51 144 47 24 17 59 124 126 123 
50 9 58 31 144 80 86 121 29 140 12 130 56 89 44 51 104 40 134 119 100 147 95 139 145 136 2 122 6 73 43 111 39 14 42 
12 99 115 146 62 86 83 84 38 131 142 29 10 125 117 11 72 60 65 70 23 85 34 133 53 61 76 132 106 44 135 112 137 
132 5 21 26 124 11 75 7 99 23 133 38 8 27 114 145 103 22 40 90 52 77 84 92 95 35 140 37 68 72 14 96 104 15 128 80 65 53 63 
130 25 98 5 49 6 129 76 146 41 144 9 3 127 106 45 37 35 53 56 123 20 141 42 114 92 118 83 91 72 
145 43 18 95 119 56 17 36 57 52 62 64 108 22 26 28 124 47 89 49 117 143 67 80 8 11 90 4 101 79 55 58 3 112 
129 143 37 27 78 53 125 59 146 102 104 31 142 5 107 133 86 128 112 139 137 70 119 118 54 16 72 50 43 45 122 4 32 130 28 33 66 35 90 
132 134 60 76 95 84 66 100 119 58 85 20 35 30 149 78 74 55 6 138 53 115 105 73 63 83 136 57 141 23 61 126 123 26 146 147 116 36 12 37 31 50 
10 86 100 17 57 99 97 44 33 123 107 7 116 142 12 93 119 8 90 88 11 56 105 120 106 113 104 133 21 30 67 84 117 141 66 102 
147 145 68 146 55 60 61 51 127 90 2 31 88 65 111 26 95 96 25 100 36 37 66 6 27 4 141 86 9 34 44 72 17 
98 25 85 80 59 148 144 149 135 113 2 49 69 132 146 88 140 90 97 36 21 75 13 8 47 7 127 118 136 105 18 108 17 77 22 117 15 67 39 
85 2 100 131 81 60 3 48 104 130 17 87 114 92 9 33 80 59 76 41 44 116 75 28 34 111 144 
138 131 125 56 52 128 21 12 54 99 34 26 111 122 13 2 75 80 83 117 71 36 101 139 39 31 38 72 1 84 9 
61 41 27 49 72 121 6 8 81 110 38 88 132 66 75 108 79 106 95 100 74 89 92 12 57 111 93 109 7 103 39 136 82 21 68 113 143 1 
84 22 21 104 95 47 125 106 139 123 38 36 127 126 64 69 25 52 49 32 119 92 39 88 115 28 15 35 10 143 54 66 14 50 
59 10 142 123 9 18 86 21 87 118 56 23 150 122 98 107 68 143 83 89 128 81 50 113 58 131 39 1 46 2 24 37 13 144 82 
39 74 32 36 106 28 95 65 88 53 2 126 78 131 13 104 150 86 42 137 55 96 127 19 21 115 41 8 26 92 132 91 120 101 31 
45 99 22 65 93 146 6 57 78 3 143 137 115 107 104 34 111 81 2 83 130 82 40 60 46 69 28 52 135 95 109 4 29 79 25 128 147 39 127 76 72 139 150 15 
31 114 102 125 20 105 8 121 89 93 39 70 136 64 72 115 146 56 96 47 41 100 46 112 107 77 59 130 37 10 68 149 
126 129 133 121 116 3 47 26 77 87 127 61 27 58 105 19 20 59 123 84 21 113 36 67 95 9 18 30 86 100 134 63 94 76 40 141 97 28 89 137 
105 116 51 37 3 132 27 26 91 90 59 45 8 7 69 100 123 102 146 42 49 34 114 1 14 81 30 63 134 95 108 149 70 11 86 36 71 
45 18 23 51 62 46 147 99 19 122 53 36 9 138 92 6 64 57 135 55 126 140 69 56 3 118 142 102 29 113 127 109 116 105 146 17 114 125 
45 76 86 110 34 30 5 109 82 8 87 35 93 134 72 52 105 80 11 43 89 1 68 74 90 103 65 92 6 111 9 128 64 126 99 19 49 78 17 31 132 36 71 
138 139 1 38 113 134 143 19 11 67 35 21 135 50 49 47 91 123 8 76 122 97 130 82 107 53 89 59 117 25 68 61 142 127 57 56 118 131 52 
51 57 39 98 21 141 81 144 3 22 83 109 133 11 4 145 127 56 112 44 38 137 68 49 37 118 150 67 52 139 108 130 45 96 92 106 58 126 117 
17 1 120 29 35 83 143 88 30 59 24 99 138 62 66 136 104 109 51 36 105 149 40 133 140 117 148 97 108 142 103 8 56 55 134 110 77 70 15 72 13 28 
62 98 48 95 66 50 26 90 85 119 147 34 31 44 100 43 28 108 94 76 105 24 60 110 81 142 75 131 45 126 65 103 61 2 
142 74 66 48 8 60 12 118 4 108 93 80 43 84 102 36 92 25 17 99 67 45 46 91 127 134 38 64 81 61 86 82 143 31 16 21 130 73 141 47 44 9 26 10 
64 52 60 17 50 15 105 89 132 66 36 122 126 78 46 67 3 20 25 108 49 107 129 117 59 150 41 110 8 43 34 5 85 47 19 130 131 111 113 114 
103 124 52 94 70 142 10 54 26 63 44 81 1 50 79 55 114 71 57 91 24 135 119 61 146 132 109 17 113 37 128 137 12 9 100 93 53 138 
86 144 112 109 34 1 114 20 62 130 124 106 95 137 56 99 48 39 31 125 13 66 98 76 4 14 28 140 70 11 128 139 129 116 123 102 64 72 
76 89 138 137 81 10 84 74 49 46 45 55 47 27 105 106 87 37 57 69 127 1 29 58 98 90 6 120 144 79 116 44 40 41 113 39 133 18 
3 95 129 12 42 61 6 9 83 28 8 68 112 101 120 99 117 23 109 60 81 19 13 65 98 27 14 143 106 51 16 92 91 80 142 94 25 93 138 64 59 53 104 108 
43 97 52 104 123 67 31 1 12 34 77 29 108 87 2 10 5 86 36 35 105 9 14 138 127 130 81 46 68 148 150 140 129 41 17 59 75 103 136 18 107 24 89 
62 117 91 122 17 49 30 56 141 96 126 112 81 88 128 7 79 144 106 129 22 121 29 101 90 57 110 3 120 65 14 
4 38 48 98 86 101 112 128 149 36 78 100 145 117 127 21 130 17 106 114 147 45 71 72 105 97 35 68 124 122 111 148 66 143 39 83 115 25 63 93 16 54 99 144 15 
138 146 51 122 121 129 45 58 56 10 4 114 94 98 102 148 134 47 105 55 123 103 32 22 141 23 72 120 34 36 86 6 17 90 145 95 62 97 
139 128 23 145 101 129 34 27 112 62 51 127 38 99 117 132 71 44 142 31 116 86 15 36 147 107 133 95 21 43 98 
73 13 95 149 67 24 57 51 3 33 31 58 142 74 85 41 130 126 117 29 90 44 108 18 5 101 135 38 10 119 86 84 122 71 36 82 
75 63 141 1 117 144 130 12 120 149 16 125 78 108 91 124 107 67 134 137 103 110 145 53 119 60 97 43 62 105 142 147 23 44 79 35 8 127 
124 40 19 63 26 22 28 62 60 45 35 86 4 50 92 36 83 96 17 94 88 5 102 114 101 54 141 104 44 72 64 73 29 59 30 128 81 53 142 18 13 
120 12 91 94 135 93 4 101 113 44 45 65 50 143 109 56 71 141 132 84 5 148 121 35 18 76 58 136 102 103 77 8 69 131 108 
108 121 56 52 49 80 12 19 63 70 46 62 2 134 90 57 40 89 123 6 34 5 75 68 122 118 33 146 39 91 129 87 51 117 128 67 7 27 
129 46 137 131 104 15 125 16 43 81 47 139 23 84 61 80 40 93 149 13 41 60 94 110 44 21 140 150 51 122 49 123 92 12 103 30 8 126 17 9 18 148 141 48 
15 81 78 98 71 40 111 148 47 107 101 130 58 17 70 25 122 50 22 83 28 123 35 67 115 45 105 147 16 7 85 97 75 51 149 136 133 96 52 66 150 61 108 110 112 
77 100 119 38 30 70 125 140 56 124 115 20 42 97 127 36 94 27 62 96 83 139 45 121 58 88 22 66 145 14 148 35 79 
99 125 28 142 70 138 56 144 57 87 141 1 17 81 136 38 6 127 130 102 78 80 41 67 65 27 118 9 74 79 12 112 3 10 21 111 
26 55 150 109 36 38 73 112 35 40 124 114 147 127 11 129 105 133 41 30 149 89 42 104 51 48 2 107 68 63 98 12 34 134 1 136 81 50 
115 122 74 70 134 114 20 44 131 66 72 26 28 54 23 118 10 147 60 59 149 30 34 107 32 91 129 24 109 144 92 86 64 39 27 
53 68 79 135 88 37 148 28 136 109 94 72 15 46 124 65 121 130 10 55 36 107 16 96 111 108 116 101 117 74 115 23 33 146 8 85 3 32 31 
16 70 73 9 87 150 140 92 11 55 116 103 93 106 41 13 23 96 136 33 80 62 149 130 32 42 131 81 115 25 77 109 117 12 88 52 10 142 44 
137 23 142 55 150 50 64 67 134 16 76 73 122 60 127 15 43 36 103 120 113 26 58 39 108 52 118 78 102 133 1 69 112 53 
75 138 85 36 130 103 134 91 32 61 26 146 13 112 79 118 94 42 39 44 3 87 20 66 65 116 4 37 119 
131 99 46 140 73 57 2 80 101 13 147 41 141 24 71 92 55 5 116 95 62 44 127 36 94 111 7 107 32 21 133 65 10 67 8 53 26 150 16 87 89 97 50 
82 108 77 110 69 51 119 87 33 47 104 126 32 43 28 56 147 120 130 96 89 41 97 64 30 124 44 8 92 118 72 106 112 66 23 16 61 55 35 132 90 19 94 100 83 
18 138 95 137 103 31 28 24 46 55 108 133 32 90 79 30 62 113 143 56 115 9 69 107 135 134 71 5 110 139 68 85 59 19 102 88 145 76 47 
72 1 116 144 17 62 68 141 121 37 77 107 101 51 43 106 48 66 25 115 21 70 120 109 33 58 110 105 79 103 92 5 61 50 32 20 
101 24 147 32 122 150 112 106 125 108 84 52 37 119 35 100 127 90 72 103 123 74 28 16 146 79 117 70 56 97 27 91 54 143 96 64 9 111 19 77 30 140 
12 89 11 75 33 134 2 58 56 88 28 126 99 145 60 133 141 142 84 137 136 144 85 101 116 114 143 48 17 123 96 148 65 40 7 121 
75 47 93 7 25 42 28 148 3 135 70 141 89 33 49 69 36 86 147 83 95 76 30 80 59 140 133 18 110 102 101 48 67 31 12 114 127 
117 140 43 120 98 143 148 63 110 131 126 14 39 40 29 76 81 47 7 97 11 92 132 55 1 38 150 124 36 146 104 128 52 75 44 139 27 9 45 41 6 79 
120 149 135 6 34 66 144 109 60 93 50 72 128 115 46 20 43 9 95 100 112 80 121 12 92 68 96 98 131 125 124 74 
48 102 4 53 30 65 114 90 96 94 2 75 128 39 60 132 111 64 134 122 5 3 6 37 16 31 63 146 49 20 140 19 83 33 42 
28 52 53 27 10 74 98 4 6 16 24 119 144 114 117 86 106 148 44 141 120 91 131 143 122 83 40 145 137 80 123 
57 64 23 79 68 3 128 131 124 2 48 116 104 50 103 89 139 140 92 150 63 16 41 90 20 39 112 45 70 32 75 14 146 69 97 102 42 55 66 136 5 44 
85 18 105 10 102 141 140 14 71 64 94 16 62 98 142 38 50 68 96 65 13 128 125 73 106 30 119 60 45 72 104 51 147 21 33 63 80 109 42 1 
146 144 32 45 87 36 71 79 28 61 133 103 118 3 85 6 60 40 25 90 96 116 66 46 70 149 14 57 33 137 68 97 128 74 110 47 
83 132 47 44 56 69 137 138 51 116 118 126 146 135 22 10 64 106 13 76 40 74 67 98 30 130 103 43 61 54 41 28 94 2 33 123 133 
129 69 82 5 32 18 6 116 3 25 119 132 97 112 136 27 48 77 138 100 52 23 80 26 39 107 113 44 58 144 65 81 28 148 29 2 17 54 1 146 15 131 114 109 126 35 43 92 37 72 36 
88 100 102 111 138 98 131 65 32 79 61 17 41 53 33 119 75 9 112 81 99 123 63 1 110 124 50 70 54 30 96 25 27 94 6 105 113 26 28 21 
136 78 55 130 16 105 57 86 19 148 133 114 33 149 70 90 98 100 40 46 79 43 128 58 24 96 31 88 52 108 131 17 87 
131 134 21 57 108 141 38 31 84 139 129 77 88 97 119 35 74 11 46 112 149 34 73 48 50 83 136 13 14 54 6 44 47 45 27 146 121 104 103 107 
150 38 97 39 136 69 148 78 109 76 13 37 51 9 112 110 72 65 70 118 55 74 28 64 147 42 82 24 44 131 128 52 21 108 
23 93 80 109 7 102 9 5 135 91 15 4 125 139 46 18 141 147 137 130 115 2 77 11 83 94 140 79 122 144 75 42 67 71 45 133 90 82 
146 37 112 3 66 38 110 126 61 39 127 120 138 130 20 99 145 48 54 12 90 117 47 74 4 132 80 108 31 121 9 6 94 63 82 41 
34 106 7 108 133 143 3 30 131 26 116 14 83 141 17 132 29 4 118 47 70 13 19 36 22 114 145 55 64 136 98 73 109 63 72 122 117 
112 44 123 68 111 22 120 35 80 93 16 72 91 42 98 27 116 3 36 143 108 121 134 139 83 48 144 117 
10 124 69 71 54 145 133 27 16 117 89 26 101 137 106 39 1 72 120 13 48 116 5 38 130 2 88 12 126 90 59 97 123 51 