150
132 75 44 124 38 24 67 88 58 117 142 36 32 27 57 73 59 15 71 41 6 128 34 98 103 99 45 131 68 10 112 54 80 126 120 81 13 11 25 47 69 135 93 95 37 72 42 86 33 106 19 61 23 129 134 90 35 140 125 56 87 64 136 130 22 84 123 77 3 116 53 104 138 48 70 139 144 46 107 74 39 113 8 55 102 111 96 50 43 2 51 31 4 145 89 105 49 122 127 20 121 16 100 91 94 9 119 148 147 79 63 17 97 92 52 
54 110 100 66 68 111 135 28 134 129 82 131 117 104 23 25 127 20 103 8 29 78 83 73 42 24 10 97 102 74 125 48 92 67 126 147 59 55 88 5 128 79 31 9 71 6 75 21 65 145 133 121 4 27 87 69 148 114 80 1 141 40 33 120 60 109 39 124 22 38 84 64 89 47 61 11 57 52 14 72 130 16 34 85 3 93 101 150 142 81 132 108 99 46 44 17 76 18 30 95 107 123 90 106 56 43 116 45 143 50 
45 77 76 55 60 138 126 68 73 141 121 110 30 116 10 82 14 6 61 27 128 74 120 145 130 146 107 34 47 147 84 43 48 72 112 62 115 144 69 137 88 83 92 97 33 59 136 140 131 117 118 21 150 42 65 15 127 133 99 31 44 54 4 80 2 8 24 124 64 17 52 148 9 63 132 111 1 13 20 79 89 50 96 114 143 135 91 85 12 142 57 129 113 67 149 38 53 95 139 86 122 125 29 106 101 11 51 81 71 25 75 39 
77 12 2 113 26 120 101 56 130 121 69 126 146 53 46 33 134 60 21 45 5 24 111 75 149 150 57 40 28 71 52 132 83 48 147 70 7 143 29 93 137 63 30 50 17 108 97 16 36 10 64 145 82 34 144 142 65 55 32 18 105 131 107 127 135 6 104 114 25 99 1 103 11 3 66 31 119 39 98 68 100 133 44 117 19 129 92 73 102 88 122 86 110 140 74 109 22 96 35 81 43 148 125 37 23 90 15 72 38 8 9 58 87 91 85 20 94 116 
137 109 61 106 88 13 43 91 124 29 116 50 114 117 57 18 140 101 28 74 12 107 65 104 39 11 94 136 83 49 23 118 96 103 89 37 120 14 105 90 86 44 85 87 98 81 32 93 22 72 100 66 69 126 46 17 6 64 134 112 53 40 143 145 21 111 76 71 82 95 38 31 26 30 131 97 121 48 110 68 128 73 125 2 132 150 80 33 108 115 56 147 55 130 139 70 41 4 59 99 122 9 27 10 8 127 35 84 36 
21 133 10 40 144 141 117 20 16 149 50 45 127 3 49 30 147 11 53 142 43 138 78 113 139 132 23 46 72 119 100 143 115 102 18 37 74 98 12 134 58 89 105 137 130 118 5 108 13 66 29 112 103 42 114 93 97 73 7 47 87 9 80 120 106 67 15 129 121 111 101 131 52 22 61 96 94 19 148 4 33 1 56 48 150 140 60 2 135 107 110 54 126 92 99 125 145 128 90 81 88 95 59 35 104 65 27 28 83 51 84 136 8 
146 11 138 132 102 54 42 24 91 139 49 121 86 126 35 89 140 79 78 122 76 32 28 82 96 114 41 34 23 141 110 143 62 55 37 131 130 93 71 69 81 13 99 95 46 57 43 53 113 17 105 44 80 136 119 118 39 70 29 120 83 137 58 94 116 129 66 128 147 47 21 67 108 72 51 107 73 135 149 56 100 31 6 123 14 33 12 4 19 111 87 144 63 115 64 75 50 59 88 85 22 60 103 26 61 38 90 20 150 142 16 124 145 112 
66 15 4 109 99 1 33 88 134 35 85 24 59 75 34 95 129 62 71 65 97 137 10 27 69 107 74 68 42 21 79 64 133 116 57 3 98 87 94 118 146 37 132 25 103 58 120 11 2 123 44 43 142 92 61 128 111 125 73 83 36 136 91 150 143 63 82 130 18 67 12 5 40 51 148 84 106 50 20 39 55 149 9 110 127 131 89 105 102 29 78 80 46 14 96 117 19 72 13 126 32 93 144 104 16 138 147 23 115 38 119 6 113 41 56 
35 77 53 108 144 63 128 82 5 12 121 24 132 27 104 44 15 22 14 99 142 39 143 56 20 114 109 46 26 83 103 80 94 133 48 52 96 95 16 90 30 79 10 101 25 65 86 42 51 98 110 17 74 2 34 112 29 126 62 113 131 43 107 129 130 61 88 6 116 4 97 45 58 105 41 11 31 148 67 64 19 72 69 49 127 57 3 28 8 124 85 36 54 115 1 50 91 147 111 81 117 60 33 136 149 123 139 89 37 102 32 145 92 106 
132 46 101 119 17 41 140 103 38 127 65 15 23 58 93 97 48 94 56 90 81 99 107 5 64 54 9 73 32 42 19 110 104 92 74 53 67 20 131 8 80 126 78 2 68 18 50 146 24 85 1 108 36 55 114 98 124 6 120 31 82 129 128 12 149 95 21 125 40 27 49 57 112 130 11 117 71 87 121 14 113 30 66 147 88 69 43 45 137 3 70 16 115 142 144 141 26 118 143 123 138 4 72 133 89 44 100 109 96 13 39 37 83 62 
115 47 56 150 37 145 70 57 50 96 146 10 91 120 141 12 107 32 116 81 135 139 103 52 144 102 29 42 22 46 121 104 4 76 8 67 95 61 109 127 65 38 84 89 126 133 2 113 98 100 128 34 31 9 41 43 140 39 15 114 49 64 117 143 20 75 118 1 82 137 40 19 68 13 24 36 35 33 122 21 136 112 53 5 134 54 105 14 3 48 28 87 66 62 148 142 60 78 63 88 59 92 90 7 110 6 125 93 45 
120 6 132 85 7 48 141 135 96 21 35 146 3 61 71 57 41 77 103 92 127 8 28 134 83 130 50 90 147 140 149 139 16 113 59 44 115 19 86 55 67 9 58 4 111 80 119 100 51 40 26 17 37 98 66 42 129 131 33 114 105 106 91 73 24 137 116 31 133 11 101 69 23 84 93 72 39 75 148 10 60 64 142 144 88 79 52 5 54 68 107 30 145 136 108 109 
122 127 37 79 20 143 8 126 146 42 90 150 100 68 97 15 41 7 71 135 49 132 65 124 88 141 50 149 63 51 56 103 138 36 75 87 62 3 53 27 74 11 123 69 40 47 28 105 25 61 116 112 104 16 91 92 144 118 17 83 89 115 66 43 137 35 38 86 145 109 148 139 111 67 142 140 1 106 128 72 102 34 73 133 70 57 10 107 95 18 80 6 44 120 52 121 78 31 99 59 45 81 131 77 39 119 23 5 85 22 
60 74 93 62 18 146 147 114 8 84 21 19 120 132 32 125 51 41 113 66 106 26 7 99 77 104 81 135 2 52 116 64 94 22 9 149 27 5 110 141 33 43 15 129 50 16 79 95 131 38 80 53 56 67 97 109 24 30 96 98 10 46 103 112 76 23 63 145 101 90 123 143 111 138 139 36 28 115 40 89 137 25 136 92 91 31 59 61 72 34 88 45 107 122 11 126 148 3 85 127 121 47 140 20 73 108 70 105 
50 25 145 27 72 61 114 6 10 16 54 134 131 11 92 96 80 95 14 97 87 91 26 112 76 113 149 1 119 144 55 130 31 126 115 44 123 19 45 48 88 43 68 100 78 18 60 73 147 94 63 66 102 127 84 52 99 148 30 36 105 47 21 93 79 69 56 42 98 125 111 129 38 128 82 64 39 49 141 13 17 109 70 89 20 90 117 65 104 3 4 51 110 53 22 136 46 67 40 74 118 121 107 150 9 41 75 85 8 59 139 135 137 101 29 
134 76 120 22 21 129 117 150 90 40 28 144 71 51 80 44 15 69 92 59 43 34 91 4 74 97 19 49 63 18 37 25 31 146 70 12 24 114 29 149 32 60 88 54 48 109 106 13 57 53 46 56 94 137 83 123 66 116 82 93 148 95 139 118 17 135 121 89 136 127 39 55 9 86 33 128 61 110 68 108 104 6 36 99 122 138 98 77 147 79 131 8 10 105 141 2 23 101 124 126 64 52 78 20 58 73 112 50 87 42 96 1 26 14 62 115 111 145 30 113 7 
21 96 102 146 68 49 145 16 116 24 29 137 115 87 50 53 34 65 44 84 86 93 144 143 5 109 126 55 46 47 76 59 45 111 66 83 104 35 100 43 42 15 103 148 128 105 27 67 18 129 62 73 147 88 91 108 130 72 141 92 12 117 127 3 51 112 101 85 31 121 30 89 39 54 74 119 36 28 139 33 149 2 25 56 135 150 22 10 90 138 41 79 120 52 69 4 124 78 80 134 114 13 82 71 132 131 99 48 98 7 70 1 9 
10 72 102 143 62 49 5 45 54 71 127 78 17 118 89 51 50 44 26 6 114 14 146 67 88 131 150 111 55 128 69 83 149 60 64 125 109 133 84 80 65 116 35 59 90 27 103 24 4 73 23 16 135 121 37 142 43 38 32 123 136 34 119 82 110 47 134 68 137 147 33 108 2 13 138 53 39 86 129 81 15 124 31 140 63 20 96 8 132 145 75 126 61 74 144 97 141 101 91 104 48 25 120 66 40 93 92 115 85 112 46 
71 45 22 51 101 9 131 104 96 98 49 148 142 99 82 109 133 35 105 126 107 127 68 100 84 20 56 93 149 75 43 41 97 8 123 108 138 1 63 54 112 144 130 134 88 36 120 87 6 47 46 12 4 122 60 16 125 40 146 72 137 38 129 73 70 57 85 110 67 64 10 55 145 103 86 26 33 32 78 29 11 61 139 53 14 77 58 59 15 113 81 24 21 42 141 118 111 31 83 7 50 147 79 62 136 115 91 
29 52 38 72 1 59 128 112 15 50 70 99 9 146 2 92 34 119 132 91 63 30 48 90 143 26 16 33 148 69 71 108 109 68 142 126 31 133 73 110 21 120 58 86 4 39 81 19 80 97 103 124 82 23 61 78 87 65 122 24 7 27 25 84 41 76 6 115 95 8 32 121 18 127 40 35 141 139 67 3 149 11 36 42 98 14 54 56 55 100 10 105 130 88 134 57 137 107 74 13 145 131 64 116 114 117 125 85 144 
97 133 49 39 3 50 86 56 137 12 105 127 123 78 33 46 141 111 143 15 19 64 67 139 138 34 26 122 32 95 102 54 96 23 16 37 90 100 85 118 6 129 60 7 25 119 22 66 101 53 83 110 14 65 115 11 17 149 61 125 58 113 150 48 59 57 121 94 98 130 108 77 106 76 82 71 140 2 35 36 126 128 104 29 52 103 44 87 136 120 72 4 20 10 68 109 31 147 93 74 69 92 117 81 79 28 144 75 38 55 42 5 8 89 131 45 146 135 43 
52 112 84 117 99 145 30 39 136 53 97 38 104 110 144 2 81 130 25 86 77 119 24 91 147 89 42 5 13 140 137 61 129 116 45 132 68 27 143 9 83 62 4 98 133 46 55 88 108 113 96 109 47 106 49 50 141 35 15 74 149 65 75 43 31 16 127 87 69 135 1 19 80 126 115 101 146 134 138 29 94 36 105 85 34 6 21 17 63 64 11 128 118 26 67 23 58 100 121 41 73 122 123 142 14 37 76 72 44 139 70 33 7 
77 67 29 119 30 127 16 104 114 52 98 115 122 72 59 126 66 110 106 42 140 32 46 4 75 147 79 45 96 113 70 87 13 91 26 76 88 8 39 1 64 150 22 7 148 21 95 53 55 132 18 93 20 128 136 121 73 123 27 35 117 86 130 142 2 71 90 36 107 124 92 100 43 141 58 54 12 137 78 108 85 6 144 50 10 34 97 99 101 81 44 31 109 57 51 38 129 33 14 94 62 5 120 74 24 111 40 89 149 112 47 82 37 68 143 146 
84 112 139 8 117 95 45 19 145 129 69 94 120 52 131 16 73 136 89 75 85 23 141 72 135 91 114 49 25 150 60 33 133 149 103 140 22 68 47 56 71 44 148 32 10 42 108 18 147 144 37 93 118 111 86 61 38 54 143 119 70 65 142 40 132 3 123 125 31 9 102 97 59 17 126 27 109 12 64 106 83 4 67 130 146 1 2 62 81 41 76 43 29 122 113 107 88 105 55 20 39 11 137 53 128 90 87 101 35 99 48 115 30 14 116 51 7 121 
88 140 21 57 45 72 120 91 64 9 85 116 33 73 48 123 71 105 79 115 47 17 69 15 110 13 53 141 84 142 109 75 35 103 136 67 18 51 8 3 81 37 132 42 22 62 36 96 98 49 74 104 34 124 147 86 1 14 76 50 27 129 93 4 122 150 2 56 65 119 137 43 31 83 144 113 82 80 149 101 40 29 63 94 54 32 55 20 145 146 99 102 77 139 61 108 38 16 128 87 24 127 39 66 117 135 100 26 
105 21 34 137 39 64 19 28 59 30 141 95 123 92 76 77 146 12 116 23 10 31 33 81 120 88 63 25 107 94 68 97 75 18 143 20 104 74 27 121 117 89 43 113 41 16 45 36 14 99 131 5 72 101 82 86 4 91 32 128 144 142 129 147 122 130 9 48 125 138 55 15 58 108 103 149 60 38 51 145 46 119 44 7 133 70 109 22 135 93 115 79 87 53 84 57 66 140 85 110 90 49 96 50 47 52 100 56 42 127 62 67 111 112 
150 60 102 83 99 121 70 6 149 1 127 96 28 85 114 65 2 129 22 10 72 15 146 108 30 135 58 74 47 44 122 84 86 33 128 109 124 50 116 140 3 119 55 117 97 134 67 87 75 26 59 101 45 137 145 49 104 144 95 24 88 43 131 18 37 54 34 5 41 123 8 132 138 139 66 23 9 73 63 94 25 35 106 57 141 133 142 147 90 82 126 89 68 13 53 39 38 56 115 20 62 78 17 64 14 148 103 
133 135 66 11 148 76 13 71 32 26 140 34 110 72 2 56 115 51 126 125 79 4 39 62 128 111 9 119 146 42 78 16 69 121 96 112 30 88 5 83 97 37 43 61 95 27 102 35 75 6 99 90 68 132 131 136 124 38 89 7 17 70 41 45 63 44 64 31 114 74 12 21 81 82 55 29 80 14 138 84 98 92 67 145 147 116 52 109 129 107 48 49 143 59 123 53 108 120 91 85 104 141 122 46 54 150 47 106 101 36 
82 20 136 32 89 84 121 11 2 113 95 50 41 30 72 143 106 102 94 38 88 62 71 59 78 28 135 55 139 77 39 90 142 123 35 5 130 46 52 69 119 146 73 138 129 120 64 4 103 17 24 53 63 33 9 147 97 19 31 54 36 23 60 133 7 141 91 111 40 150 25 127 34 92 101 144 86 122 140 70 49 76 37 148 145 118 22 87 44 45 100 43 16 85 21 132 80 57 15 131 3 105 109 6 81 68 42 75 8 115 
117 134 35 24 143 46 52 27 108 72 110 74 145 48 16 5 6 66 14 53 50 113 28 118 138 31 150 120 82 131 60 64 135 10 86 112 136 47 98 121 44 81 49 65 4 32 45 59 103 69 15 71 37 149 144 105 99 38 63 148 43 83 130 125 29 40 61 57 116 123 133 132 146 124 12 88 89 97 104 80 41 90 23 3 141 128 95 93 126 76 75 87 101 2 67 68 20 73 39 51 36 140 100 9 115 109 147 142 54 17 70 22 26 62 119 
15 141 19 18 142 86 54 14 45 79 41 26 88 101 55 133 119 5 75 138 97 99 47 85 83 122 43 12 123 24 139 84 58 4 23 38 132 93 36 105 66 121 115 68 28 7 48 124 109 145 37 108 64 87 35 42 59 2 90 116 51 118 62 71 92 91 76 149 46 127 77 3 33 57 1 114 130 120 100 13 137 74 117 9 25 69 80 29 22 10 98 21 73 129 135 81 32 65 11 40 30 60 103 104 72 20 113 39 112 44 82 70 17 134 78 16 
29 35 136 73 122 108 83 42 150 120 109 31 5 58 141 149 102 20 66 84 30 138 56 98 118 146 131 26 63 124 43 90 11 48 100 75 125 72 49 18 23 133 21 4 91 107 147 44 57 121 69 9 38 1 40 54 87 33 52 79 132 45 117 8 59 103 64 80 51 77 41 137 114 37 25 19 82 81 61 16 36 129 94 115 62 135 104 96 68 76 46 92 28 130 78 145 24 97 110 85 128 126 89 99 116 88 7 105 101 140 86 14 119 10 39 127 
59 143 26 17 115 19 61 50 134 57 29 113 22 80 71 34 78 23 65 120 68 74 98 24 76 128 18 109 122 75 16 27 20 135 64 81 145 138 91 11 49 95 121 77 119 146 25 37 90 47 14 97 148 7 9 102 124 150 85 137 126 116 107 144 8 46 67 31 123 63 58 136 114 3 70 117 129 56 6 12 1 2 111 5 149 72 66 41 104 21 96 140 84 112 103 62 39 108 52 73 101 88 51 53 139 133 32 92 4 89 44 
72 36 23 69 27 133 38 17 57 16 25 88 144 3 107 122 73 61 126 139 78 95 96 49 115 146 86 109 104 129 22 28 148 50 142 99 8 91 20 48 64 63 84 94 124 97 121 67 116 35 21 130 26 98 47 113 127 119 128 51 83 45 37 9 4 59 77 14 103 117 81 79 44 123 65 136 46 89 11 92 100 143 66 39 101 93 62 131 138 7 29 18 33 141 76 147 112 145 13 58 75 1 56 43 105 42 2 87 108 
40 108 64 61 78 12 104 20 95 28 102 136 55 49 70 89 6 114 57 118 137 11 27 125 143 22 110 53 81 140 48 107 85 109 145 77 112 65 91 113 72 36 21 45 144 119 24 9 8 74 17 58 98 80 130 124 73 133 29 94 56 88 68 43 135 142 31 149 139 71 92 90 32 69 86 147 131 122 18 34 23 62 82 138 93 132 41 7 54 100 4 128 13 126 37 47 19 52 150 42 96 111 30 5 117 115 50 141 129 46 1 99 120 105 25 
60 136 138 142 140 22 47 48 52 108 90 15 61 11 148 39 65 129 87 74 139 86 131 135 102 116 35 20 92 128 114 43 117 25 21 14 141 8 133 100 58 55 49 63 75 144 44 1 69 89 103 66 91 80 106 68 143 28 45 56 123 13 50 105 16 72 5 115 34 67 37 97 9 70 62 30 57 26 122 93 71 59 98 64 17 10 23 125 95 150 51 118 32 53 107 4 38 146 149 124 29 19 126 76 96 81 147 31 85 88 113 
124 22 115 85 95 74 145 16 116 18 83 61 57 144 72 12 82 51 70 134 65 88 8 140 7 81 43 21 10 29 147 40 47 41 64 136 50 48 9 4 34 54 52 33 80 127 69 94 46 91 98 24 105 142 125 13 32 63 106 143 36 121 104 126 119 109 66 97 123 42 11 68 120 132 78 44 90 27 62 31 28 150 38 35 141 103 96 110 139 102 118 25 100 6 56 138 129 23 55 5 30 67 84 99 58 108 1 146 101 
63 13 95 1 128 127 79 5 80 121 75 11 94 126 118 74 57 14 56 55 119 34 130 97 24 78 10 85 46 73 32 65 81 58 30 114 137 91 148 52 102 138 72 117 15 77 51 149 25 83 147 23 27 143 3 122 61 29 132 2 26 139 110 89 31 53 141 7 19 107 88 111 142 103 87 49 90 98 20 18 86 4 108 144 68 39 44 69 45 8 112 36 140 115 42 101 100 22 120 150 28 84 48 116 21 37 62 
8 52 70 27 16 117 63 120 20 29 140 98 113 127 60 10 132 42 28 45 73 48 135 49 103 40 131 23 5 46 87 59 26 96 128 137 86 150 90 88 4 124 102 123 136 43 66 32 47 77 22 101 38 112 78 126 115 110 64 147 50 99 53 142 31 114 91 18 109 36 111 12 107 3 61 69 122 7 146 15 82 85 67 25 84 58 97 106 24 33 34 89 139 17 62 92 1 41 9 116 2 129 71 104 79 11 21 148 65 105 134 80 108 51 130 30 13 
133 73 10 105 124 121 44 52 55 128 24 76 96 16 79 95 23 59 64 60 85 74 94 14 100 146 69 11 70 118 90 66 15 18 97 68 83 6 111 112 19 101 51 5 47 45 144 102 82 42 29 89 110 142 99 117 88 39 127 50 25 20 137 147 67 57 49 78 93 30 77 87 119 31 4 12 103 71 37 98 13 86 122 131 125 136 35 135 53 46 80 75 145 140 2 129 32 143 104 8 113 148 84 141 81 114 92 65 48 58 106 
100 89 28 59 139 31 82 126 97 74 37 79 138 33 35 26 49 57 133 122 109 55 114 13 62 22 51 142 147 105 67 148 115 39 58 90 14 143 131 5 85 17 50 128 61 32 7 88 77 86 30 71 81 129 12 20 72 46 120 44 106 66 136 137 134 42 19 48 24 124 116 140 130 141 150 29 60 135 92 1 87 45 15 94 95 53 118 70 9 76 101 103 107 112 8 54 110 83 27 96 80 111 11 65 10 56 78 68 75 119 64 145 
119 80 28 129 89 103 73 95 132 81 31 44 21 118 29 41 110 106 63 115 1 91 142 15 8 52 22 34 46 12 82 149 56 86 150 111 2 26 109 126 141 112 128 124 107 114 147 134 84 9 140 23 62 55 3 87 78 127 75 133 20 90 35 136 131 135 32 25 10 72 60 120 130 50 54 121 68 116 71 40 64 108 100 53 13 43 11 48 39 94 24 17 19 92 66 139 102 7 105 125 79 49 74 37 38 98 138 70 16 45 6 122 143 77 76 83 
101 36 109 53 111 15 74 121 51 130 94 37 73 116 79 72 65 120 100 136 11 66 85 129 44 108 140 143 60 25 142 123 2 31 61 133 91 16 59 56 87 105 9 30 80 115 102 99 76 104 84 26 35 19 68 141 29 27 21 45 32 128 148 14 23 46 78 42 126 81 4 127 71 50 48 39 62 57 3 106 135 86 83 145 67 17 64 125 34 117 119 144 13 10 5 6 93 89 63 7 114 22 103 52 58 107 18 24 8 28 98 77 122 90 55 1 69 149 
77 71 50 138 26 99 15 32 93 17 9 90 65 47 1 108 3 16 62 107 23 135 57 48 148 117 58 70 141 30 2 75 55 29 67 13 136 64 12 116 28 49 126 10 96 110 137 53 109 150 59 125 85 114 81 149 31 106 132 40 147 92 69 101 86 41 45 95 51 54 18 4 73 144 133 34 68 83 37 82 8 139 36 105 38 76 61 33 21 24 7 122 134 111 5 27 143 127 22 87 91 98 43 78 121 115 130 140 97 123 131 142 42 
42 126 71 91 108 50 41 57 112 26 25 87 9 72 1 52 113 88 116 6 83 128 109 3 103 98 125 55 140 65 105 90 51 144 122 47 80 118 43 121 29 21 38 133 23 94 135 101 35 120 89 104 14 145 146 56 142 96 17 138 48 110 82 4 75 63 28 127 15 64 78 24 92 79 60 22 150 67 147 129 31 76 74 40 62 102 100 106 2 11 36 93 130 27 19 85 115 46 30 119 18 139 68 13 44 61 34 149 148 77 70 134 39 10 124 54 84 123 66 32 
17 9 112 131 61 59 54 132 26 8 1 43 52 11 77 56 37 63 111 114 6 148 94 39 29 53 31 125 127 62 143 79 30 75 133 134 42 130 14 90 106 115 140 105 55 119 149 38 91 64 117 139 4 145 51 95 32 113 66 124 136 71 122 108 34 103 147 33 93 92 72 97 109 137 18 102 23 22 99 65 100 5 70 35 68 135 142 45 123 15 21 50 89 16 87 150 107 19 41 28 101 86 40 84 88 2 7 10 49 
135 78 50 148 127 126 2 14 112 34 66 62 87 60 77 103 31 80 40 96 100 142 106 22 99 37 123 115 56 102 17 44 52 86 94 25 145 15 150 97 121 118 45 107 74 7 67 137 18 55 120 48 57 130 81 111 132 30 53 35 88 36 23 13 65 71 27 128 3 95 72 108 85 51 33 91 92 83 141 143 101 105 19 1 113 117 61 131 139 149 93 124 138 39 146 28 104 75 68 24 125 6 11 26 58 
86 36 133 111 49 89 130 82 17 104 41 123 65 85 42 31 32 52 21 18 76 51 28 79 120 43 39 109 15 25 99 88 96 143 37 128 142 135 139 146 40 67 144 50 129 3 78 16 87 124 107 93 73 5 4 12 66 131 119 114 100 20 134 132 115 95 145 97 6 103 101 26 105 90 137 122 121 30 117 45 24 83 47 58 141 61 64 138 54 10 11 9 94 38 150 81 92 1 70 147 44 2 35 106 74 125 108 34 68 116 127 
118 133 93 5 59 143 48 95 89 38 74 11 150 68 28 94 79 56 82 33 112 149 36 9 111 46 83 97 17 91 146 147 110 19 53 105 21 132 15 73 40 54 35 113 29 138 65 142 30 123 34 58 64 51 81 85 116 66 70 104 10 145 130 121 22 109 84 114 67 140 108 98 57 24 134 115 148 13 103 120 16 125 18 62 39 25 137 126 78 77 42 27 106 60 141 129 1 7 6 26 52 102 122 100 131 32 69 44 41 
6 147 107 33 21 71 13 117 14 20 137 90 9 112 142 113 11 61 116 136 59 92 86 139 122 118 70 17 44 10 22 128 77 66 143 23 87 29 48 110 2 149 36 65 108 84 120 30 76 131 82 39 94 121 129 43 100 123 41 114 104 5 132 138 125 64 25 80 98 96 140 119 15 34 45 85 83 52 8 124 103 105 47 16 3 78 19 127 109 115 40 4 55 53 91 1 69 7 101 42 46 26 72 27 67 141 145 89 58 144 18 106 95 134 150 51 35 12 146 37 
143 145 123 138 148 31 102 78 13 1 132 59 100 66 142 121 128 146 30 14 108 116 44 85 137 47 114 3 109 96 84 112 45 43 55 149 89 83 110 8 68 125 119 36 6 75 17 98 120 56 40 57 46 72 37 15 103 34 150 105 101 93 79 7 95 129 41 90 38 113 48 111 19 39 23 141 58 74 18 134 91 32 99 9 50 49 104 135 144 115 92 80 69 122 12 54 63 127 28 106 131 26 107 33 24 62 76 16 25 130 
82 6 15 11 87 77 33 65 62 42 56 2 14 102 13 30 38 22 147 128 142 113 95 55 26 90 3 20 16 66 73 110 24 9 58 109 141 114 101 94 23 21 43 37 72 46 39 124 76 40 67 59 74 70 97 122 88 93 29 35 118 125 75 12 4 64 17 100 98 45 148 96 134 138 137 36 150 60 79 120 115 63 149 117 135 50 133 139 92 86 132 99 85 71 47 130 54 81 49 107 103 89 136 129 145 104 28 32 121 48 140 116 144 1 105 
13 118 99 92 141 103 72 44 133 7 41 66 39 102 26 24 116 137 121 50 29 146 17 22 136 42 35 104 97 128 15 105 108 147 25 114 55 74 62 54 19 27 93 57 119 135 60 11 30 47 140 46 123 76 63 80 1 69 5 68 56 23 131 21 107 28 84 100 33 148 77 16 110 117 88 145 83 58 134 49 10 40 43 132 64 6 38 4 144 95 109 126 91 9 71 36 14 143 67 18 81 122 115 3 101 65 150 
142 139 67 52 145 117 73 80 104 61 101 51 17 103 91 31 68 85 66 72 11 41 79 56 120 1 106 25 53 71 16 70 134 74 107 146 28 55 84 35 99 27 94 77 110 119 58 111 112 132 87 76 136 128 86 23 93 100 135 131 123 19 137 122 127 20 96 129 3 49 149 44 46 10 30 125 75 29 21 118 12 9 63 133 121 32 57 7 48 144 2 82 60 97 130 148 59 15 42 150 24 109 141 6 89 108 45 37 81 18 
36 78 133 37 126 47 119 141 92 19 127 123 43 105 52 21 35 58 15 85 63 91 106 102 149 120 111 12 5 3 67 137 104 125 1 26 112 28 66 144 29 44 135 79 20 84 89 45 129 99 117 82 140 107 27 2 31 90 132 41 122 73 121 54 143 95 53 16 148 98 114 128 70 50 115 18 51 136 42 130 80 142 108 83 96 4 86 10 76 68 74 87 94 46 97 109 8 38 23 25 69 24 62 59 101 88 7 40 134 146 22 77 64 17 
150 46 28 115 43 33 100 139 137 24 25 66 107 83 146 9 4 96 87 143 89 98 26 102 140 1 93 85 105 109 127 94 99 47 20 13 64 90 27 111 8 79 148 106 77 95 75 15 114 21 126 144 142 51 104 130 58 11 52 112 35 74 125 147 132 5 2 67 69 53 91 84 149 135 117 42 124 97 65 88 103 62 71 80 17 16 121 101 110 119 6 32 59 37 129 54 70 38 122 45 7 72 49 34 138 145 63 123 10 19 60 14 41 82 108 73 36 
13 59 23 32 143 149 104 25 81 117 132 36 43 92 106 69 127 65 26 133 7 139 19 84 66 53 125 8 86 147 21 1 38 76 87 40 51 10 31 90 89 11 150 71 94 35 4 16 54 27 5 103 97 93 72 115 141 62 98 121 113 131 30 70 109 12 37 47 68 20 63 33 140 107 41 138 91 79 102 29 130 95 142 137 34 2 129 116 61 124 108 45 123 75 135 73 80 74 101 49 114 111 3 105 44 99 9 
33 138 135 27 60 38 7 87 50 93 134 69 100 141 109 6 122 88 111 80 116 92 41 81 84 21 12 117 16 125 52 82 83 112 126 106 130 104 119 53 64 49 67 65 114 35 128 26 120 149 139 66 39 19 44 56 131 1 34 36 9 124 71 144 148 129 108 51 10 68 143 32 145 37 95 61 22 86 110 127 48 121 23 78 4 76 102 150 75 55 118 147 43 133 91 40 47 96 74 54 136 31 8 20 115 140 113 
123 21 86 73 55 64 85 52 78 28 29 116 72 44 17 13 92 141 60 140 12 102 31 150 65 121 14 136 70 91 36 56 118 43 1 7 39 147 79 71 119 122 23 34 32 103 19 11 104 83 2 69 74 84 96 27 82 76 57 40 77 8 99 120 24 146 46 94 41 87 62 133 108 16 3 139 6 134 5 114 20 50 145 67 51 135 126 115 95 15 110 148 30 81 88 131 142 112 33 125 137 89 54 97 80 26 90 143 106 49 111 130 93 18 
70 47 146 75 88 77 128 121 65 133 98 36 84 116 144 105 104 21 113 101 136 31 132 82 149 6 89 108 7 73 123 16 41 53 92 9 19 112 42 11 30 90 61 81 122 29 49 18 62 115 24 139 94 40 72 26 107 54 109 135 106 80 52 124 111 67 39 102 2 118 87 45 138 58 117 74 140 137 56 93 12 142 15 71 27 97 150 59 4 120 3 148 83 14 129 134 63 69 147 100 43 
139 30 50 16 13 79 21 105 91 140 19 33 32 82 73 121 57 113 129 78 7 81 20 44 2 24 131 90 45 106 74 46 18 95 54 8 43 124 14 22 15 102 84 108 97 149 88 122 132 75 68 41 85 147 145 36 148 86 64 130 118 135 67 80 60 12 35 120 11 117 70 63 146 28 142 101 47 128 96 5 39 134 34 107 141 37 112 62 115 48 58 98 83 76 72 25 137 127 9 109 103 38 3 144 114 6 1 
145 88 52 71 116 7 123 119 102 73 45 30 146 37 134 112 8 137 56 99 23 3 33 55 106 13 96 85 46 9 95 100 16 140 147 127 83 39 103 26 130 36 34 82 113 78 51 42 97 75 124 41 59 81 93 110 144 17 126 25 87 60 135 129 80 86 118 11 77 57 64 61 67 94 90 143 31 49 43 89 29 65 22 35 108 122 115 10 53 47 136 32 91 14 18 44 142 19 70 139 148 107 24 63 105 109 132 74 66 28 38 138 27 141 
51 38 22 61 126 75 119 82 16 76 56 105 102 146 79 120 133 72 140 96 127 123 45 4 91 94 90 73 147 88 62 129 143 60 109 64 139 36 46 71 110 121 84 68 11 74 117 37 7 13 130 54 26 27 42 67 30 9 43 18 1 78 100 65 55 8 149 122 144 86 95 34 20 108 137 33 138 104 125 128 29 87 15 28 107 141 3 52 39 32 132 14 57 85 83 25 136 103 135 89 19 53 
33 45 81 91 36 66 103 49 2 102 124 58 16 34 26 46 56 149 7 140 18 44 28 100 25 10 41 76 52 130 86 3 89 104 112 21 59 27 75 90 62 4 50 11 96 136 120 97 29 105 135 37 114 88 138 39 42 43 71 128 35 125 147 74 132 61 40 123 8 53 23 118 113 78 111 121 137 15 150 107 68 106 108 73 20 67 1 80 65 116 22 5 70 94 84 9 129 31 32 87 14 30 133 148 92 109 24 131 19 72 48 83 63 110 144 145 12 55 
148 4 93 2 97 95 134 8 18 139 142 46 103 57 3 96 31 56 135 22 126 71 146 39 49 114 145 117 101 25 122 121 68 78 64 140 70 84 98 17 90 52 6 38 125 15 85 34 60 50 88 75 80 20 133 119 72 21 24 110 107 120 81 58 113 131 62 130 9 48 66 30 86 63 10 13 144 102 33 137 124 27 99 104 147 40 106 136 149 83 59 45 5 129 11 141 111 73 35 108 82 112 36 74 118 67 53 87 44 47 43 41 37 
93 129 71 32 101 119 123 89 36 11 97 110 99 144 16 147 84 48 109 31 79 76 134 106 7 116 108 111 25 68 132 137 15 21 104 65 39 62 69 81 41 10 91 56 115 95 75 92 122 46 49 103 141 54 94 5 118 17 107 87 86 51 40 58 64 8 82 105 18 12 43 70 83 149 4 98 130 13 37 45 57 125 30 143 27 33 117 42 138 34 14 139 121 77 145 80 23 67 52 72 53 2 55 113 50 142 85 6 47 28 131 90 26 140 124 
23 140 89 148 36 6 119 123 87 132 9 13 147 92 142 125 54 144 91 131 3 47 94 10 50 2 129 24 105 134 41 26 103 141 102 44 43 90 72 17 53 52 22 62 8 136 65 14 59 33 128 27 96 115 95 12 143 113 150 137 118 39 7 133 48 106 18 20 45 109 25 112 127 98 97 121 21 60 34 11 61 1 111 37 116 15 19 58 55 28 126 79 64 70 63 56 85 49 66 110 40 84 99 107 122 93 130 145 73 30 120 
123 79 108 42 85 113 66 40 20 48 97 138 103 35 74 107 102 28 91 64 125 24 30 43 33 118 144 8 89 96 137 131 119 49 83 38 15 128 23 78 93 41 10 54 26 65 53 149 82 13 105 58 1 16 99 139 124 17 117 55 51 121 81 73 21 47 31 71 70 110 88 4 132 19 116 122 37 32 120 84 90 106 126 12 29 46 63 112 114 98 77 75 18 134 57 94 5 61 27 22 86 80 127 87 76 148 45 44 101 109 11 147 2 36 111 135 69 3 
75 140 44 76 74 39 80 15 124 149 21 94 25 78 126 22 118 8 7 114 137 125 60 24 119 133 147 29 38 40 121 145 70 103 68 108 9 93 28 49 138 81 89 36 72 13 5 18 107 141 131 136 4 112 99 96 102 20 37 113 2 55 128 73 116 143 77 79 16 95 150 56 32 66 111 122 34 53 146 85 17 3 110 98 12 134 104 90 50 86 139 84 58 105 30 83 88 35 43 109 59 123 115 10 1 31 51 130 100 144 57 117 129 101 97 
81 130 61 27 114 147 17 64 74 30 93 88 137 56 111 149 1 14 150 59 83 86 50 82 107 104 5 109 123 135 142 101 78 140 31 66 28 144 71 29 79 80 77 132 92 57 97 117 110 87 69 138 100 127 35 26 13 49 73 145 96 37 39 133 23 102 76 148 7 15 20 40 22 11 84 139 36 103 106 10 119 65 44 16 99 55 42 112 46 4 41 45 19 128 54 62 68 75 131 48 60 24 52 67 33 115 134 85 
33 4 139 142 136 99 73 7 21 3 131 43 29 105 1 30 115 8 19 68 126 97 117 143 109 62 58 121 56 129 113 79 13 47 83 65 40 17 104 66 86 45 60 103 98 89 122 50 144 119 76 135 91 75 92 95 120 125 101 127 52 24 42 80 78 88 145 140 148 63 110 28 74 70 133 93 87 39 111 114 16 5 53 59 23 20 2 64 18 12 44 25 81 36 57 54 107 10 134 35 149 108 84 31 112 41 124 46 
42 46 57 80 26 109 144 74 20 127 60 98 3 147 27 136 116 84 135 59 100 33 111 123 35 14 13 64 106 38 65 150 133 4 69 125 93 36 88 66 41 61 141 47 115 28 131 99 138 76 52 110 95 97 6 12 149 9 83 122 17 53 82 85 114 103 112 56 25 78 34 81 30 1 2 117 140 18 15 148 37 101 128 102 32 24 96 21 105 10 104 79 43 29 45 137 119 54 19 50 139 121 75 90 22 92 8 31 73 134 23 129 124 77 108 67 143 51 63 146 7 5 
54 143 124 119 93 91 126 57 134 18 88 68 121 52 128 65 17 77 6 114 34 141 16 74 95 15 136 105 115 123 59 35 147 81 96 40 135 29 118 23 112 33 69 142 144 127 5 130 107 63 38 100 78 43 2 10 108 67 85 32 87 60 61 146 139 14 140 62 84 94 39 30 64 31 55 103 150 12 133 129 27 106 48 110 137 19 49 44 8 56 70 131 80 22 117 24 72 1 25 98 7 113 109 122 148 3 4 90 20 138 104 71 42 120 132 13 79 101 
1 9 89 16 45 83 77 122 81 30 43 116 6 149 5 60 36 129 112 49 57 41 93 100 88 27 37 21 15 62 22 18 117 78 85 86 28 52 31 2 134 25 70 65 105 23 91 35 128 55 47 101 119 68 107 96 133 94 79 150 4 61 13 126 84 72 51 142 20 135 140 63 99 8 10 33 64 3 114 90 123 75 59 48 97 17 136 87 139 141 132 137 54 26 73 144 108 53 143 69 58 146 14 40 71 76 82 56 98 80 131 130 92 38 42 125 
98 114 76 32 22 19 133 3 63 58 128 89 147 4 109 139 26 44 94 56 120 85 60 65 100 105 150 144 130 18 96 78 28 34 101 29 42 137 132 8 88 145 80 33 110 27 64 12 86 74 23 11 91 142 127 107 15 70 72 77 52 38 83 54 46 1 71 117 51 84 31 69 136 140 40 36 146 131 79 102 115 45 57 95 61 124 87 13 47 21 141 112 7 104 149 135 99 121 97 103 134 25 24 30 68 41 90 2 62 138 66 82 143 
147 124 48 109 57 30 53 81 15 135 87 23 54 118 84 7 149 107 80 121 42 52 132 82 22 140 3 137 61 143 58 122 36 5 145 50 51 21 72 101 126 141 71 25 94 70 41 114 115 69 24 34 2 125 59 110 85 83 103 95 120 77 11 63 75 89 55 146 150 117 20 16 86 17 14 74 44 66 43 108 32 131 64 40 26 28 102 139 33 136 91 99 133 97 111 148 134 128 100 31 29 93 129 90 68 45 
118 41 92 121 97 38 13 141 88 23 84 9 96 26 146 109 102 70 128 85 44 144 117 98 43 147 59 14 94 25 149 83 120 69 72 12 105 76 132 62 134 136 3 95 68 32 99 60 39 75 101 19 46 33 123 66 50 104 34 113 133 150 4 29 79 137 80 42 129 139 108 127 126 143 35 116 49 135 74 111 16 93 110 45 115 138 56 122 107 52 130 73 100 55 21 82 54 87 90 40 53 47 22 31 1 
95 42 139 20 62 135 23 50 96 126 140 143 74 115 44 71 123 28 11 128 19 17 137 2 99 130 129 15 75 64 16 39 119 107 106 73 109 91 114 40 45 10 43 21 148 84 108 65 101 38 55 61 35 118 33 8 122 79 127 116 132 102 136 72 7 94 89 41 70 31 112 49 145 27 37 29 100 48 69 110 68 134 47 86 124 59 142 18 83 133 63 117 13 98 147 103 141 92 113 150 34 32 82 131 6 58 51 85 80 
41 134 8 80 141 66 39 2 106 7 126 21 121 55 68 63 67 43 75 48 45 146 40 120 95 113 132 32 149 88 108 109 118 57 42 28 59 122 89 140 61 72 13 98 110 130 138 104 84 9 3 51 34 133 23 123 144 119 78 114 77 52 142 82 136 81 14 17 73 99 74 87 116 92 12 93 46 90 97 15 147 31 128 70 85 71 49 101 26 143 38 100 16 117 91 19 107 1 115 145 56 69 150 139 54 25 
116 17 104 87 132 81 36 79 108 68 142 115 47 18 110 96 113 56 112 32 8 22 41 131 137 15 147 30 40 103 35 143 84 66 69 7 134 53 5 120 60 118 138 125 16 129 45 73 43 37 12 58 76 59 105 139 72 95 144 38 88 29 28 100 14 31 61 107 54 1 50 70 94 71 148 146 51 78 136 42 13 74 111 6 77 149 117 3 141 55 98 64 101 135 83 97 114 2 140 90 121 133 10 62 130 93 57 75 9 85 82 119 20 39 65 33 106 25 89 
102 62 43 119 110 103 29 52 41 48 64 122 83 89 11 117 90 28 9 85 73 131 115 40 59 150 92 74 19 118 32 148 100 1 38 20 5 42 33 137 76 95 60 87 65 66 14 47 23 69 54 35 121 142 53 140 21 135 3 13 72 10 22 124 98 105 25 112 6 138 106 94 143 18 128 80 2 4 31 116 126 57 101 84 97 141 120 82 68 58 70 37 139 127 30 26 49 71 109 7 44 132 114 24 61 129 144 111 36 34 79 
21 131 116 127 48 18 114 39 97 89 81 45 16 135 84 52 115 10 30 58 65 17 41 63 3 86 146 35 112 70 123 91 37 98 144 101 8 145 29 130 102 32 4 76 31 113 137 19 25 105 148 74 150 66 79 92 87 93 103 141 44 143 128 5 50 20 40 80 83 59 95 49 2 28 124 96 149 26 62 75 56 11 54 104 15 110 136 23 133 111 78 117 140 9 27 7 85 100 94 119 77 60 107 129 120 61 72 68 55 106 118 42 
86 58 19 92 42 37 55 130 22 71 61 78 104 126 96 127 68 133 116 105 88 131 16 75 135 76 4 51 99 60 87 38 139 148 147 27 84 64 65 5 49 9 34 140 93 77 91 53 98 110 107 56 108 69 123 24 63 109 125 30 94 50 136 85 81 150 66 90 47 70 7 80 3 119 59 62 12 112 89 41 114 17 120 43 8 31 124 18 13 28 144 142 138 6 82 25 74 132 146 21 2 97 40 48 72 44 118 129 45 32 103 10 
65 135 114 79 77 76 85 144 60 75 27 3 15 81 31 61 105 73 63 19 82 70 20 37 2 140 148 80 117 11 150 56 118 138 147 29 126 55 137 102 40 43 136 115 32 101 83 8 87 26 33 12 14 123 90 71 24 42 68 53 141 92 110 94 1 99 125 106 58 22 91 120 142 95 17 5 108 59 69 133 130 6 51 129 111 104 116 28 25 72 93 74 50 78 54 121 64 100 89 96 67 18 39 45 66 134 98 112 34 143 49 146 88 57 46 38 127 
119 7 73 77 15 43 48 33 35 5 112 12 126 29 96 27 114 52 82 113 138 146 36 102 106 144 150 69 103 3 148 118 4 136 25 40 62 134 18 83 70 122 28 67 50 51 111 87 79 23 55 121 22 120 97 149 45 110 66 127 65 37 72 101 86 94 44 132 38 19 61 56 31 32 108 24 99 90 17 95 47 84 14 49 92 26 145 88 142 59 10 109 39 116 2 147 63 54 139 140 9 135 8 68 74 117 20 125 105 80 81 75 107 129 76 21 78 13 41 124 
83 44 92 47 121 48 131 9 141 117 94 150 64 148 62 13 129 74 149 36 5 106 125 3 19 96 111 82 89 68 43 12 42 109 122 102 61 93 26 100 112 24 128 41 18 101 113 66 127 35 120 54 34 38 135 140 17 118 23 27 87 46 145 142 7 29 59 126 4 70 103 97 76 21 136 39 115 147 104 78 71 16 114 110 146 69 25 75 130 1 85 40 99 107 22 30 95 132 58 63 52 88 116 65 57 50 55 105 32 20 31 
88 124 48 50 34 147 30 130 114 101 36 76 86 82 73 150 135 81 123 2 38 98 1 111 136 42 141 11 25 112 89 142 99 31 70 91 104 59 80 10 32 79 62 145 127 108 57 105 19 96 54 134 29 7 90 60 20 95 149 144 119 75 63 138 5 43 107 8 77 85 22 65 132 6 94 125 24 58 47 21 71 140 26 83 45 15 39 41 46 17 23 55 4 143 52 68 93 148 109 27 121 118 56 64 115 67 40 113 84 44 103 74 66 16 13 
28 127 119 3 133 144 26 11 62 111 96 41 47 97 64 131 99 79 116 31 105 59 33 6 113 101 114 61 55 40 69 135 58 139 137 122 86 150 48 106 15 84 91 36 16 129 56 73 65 77 5 100 20 103 74 14 27 102 141 29 12 22 85 7 132 90 17 89 8 71 95 68 70 112 83 109 1 104 123 125 134 23 60 92 87 149 19 120 39 140 63 143 46 72 9 121 98 25 147 4 10 30 138 35 13 45 126 124 32 52 38 128 18 2 24 53 75 115 80 110 34 107 37 
90 60 27 96 13 149 140 9 127 139 14 54 64 7 108 32 48 71 133 97 138 21 95 106 56 3 74 93 16 15 81 116 30 136 18 39 63 101 42 84 94 11 5 148 45 41 38 46 6 29 143 69 132 43 33 49 55 8 51 17 67 109 83 112 113 92 62 122 142 141 123 59 128 79 80 91 22 99 115 78 24 125 121 137 111 2 10 1 118 50 76 57 130 68 66 87 88 35 40 28 75 34 23 82 52 102 100 86 26 36 120 104 
46 29 120 48 119 1 129 28 32 142 122 5 103 81 107 124 27 72 4 68 83 33 36 145 134 7 117 57 94 64 80 41 91 15 51 141 79 65 17 74 139 85 52 44 42 62 147 20 128 149 13 110 60 127 59 55 123 126 61 63 38 31 21 50 37 140 95 88 143 101 26 106 40 136 18 56 11 30 148 97 87 45 137 10 6 75 35 77 144 113 98 24 108 12 104 89 76 99 130 69 14 67 121 43 114 39 16 100 146 66 125 2 84 23 73 9 102 
1 17 35 20 16 93 107 84 28 141 62 59 63 88 50 74 115 8 150 36 120 109 19 111 143 53 108 79 66 45 95 57 126 140 32 122 22 33 92 58 102 51 25 44 110 55 68 113 130 47 14 125 75 73 133 43 38 127 5 18 46 4 98 132 56 90 3 49 61 7 138 148 103 12 82 78 9 71 117 136 26 23 89 106 11 34 119 83 131 37 135 31 104 29 100 118 76 54 39 121 123 64 42 116 87 67 13 147 24 97 15 
21 148 89 42 122 45 4 106 28 115 40 85 51 34 126 31 11 147 145 93 99 14 104 64 46 71 124 13 142 59 74 67 12 9 133 137 17 57 103 127 48 91 136 97 35 86 134 78 125 84 41 96 36 98 2 81 128 139 149 94 23 141 16 70 102 105 88 52 112 140 53 114 132 129 44 8 55 39 15 138 144 72 79 110 10 58 107 113 47 131 60 117 77 29 111 20 83 108 1 50 66 33 6 150 3 18 32 82 130 135 143 121 118 26 
5 77 62 53 54 25 148 150 10 134 136 18 127 71 97 31 83 16 132 130 47 107 118 40 82 87 69 26 101 48 117 131 34 1 15 65 145 121 91 86 56 43 57 21 96 144 2 58 108 12 6 128 141 126 60 98 133 104 8 129 45 84 123 149 76 74 147 46 125 112 24 111 95 68 80 100 109 23 44 30 89 105 17 114 135 36 14 99 120 52 11 19 146 4 110 73 70 103 59 66 35 7 51 67 119 79 92 72 49 94 
8 106 100 21 73 43 146 118 101 27 66 29 56 64 127 125 68 62 96 123 75 50 41 109 55 83 63 1 22 4 40 37 46 42 76 131 6 5 34 54 78 23 60 26 84 90 142 52 140 104 49 89 135 108 121 25 7 137 45 129 147 148 57 112 107 92 74 145 32 59 143 67 93 38 80 102 114 10 98 136 85 69 126 15 111 132 139 117 150 14 48 134 87 128 95 110 77 47 82 35 120 24 86 16 103 81 9 
143 114 79 40 145 110 14 16 37 129 96 36 63 5 135 146 28 102 33 81 48 11 149 84 55 42 71 88 50 9 34 112 62 21 132 8 120 46 1 147 117 109 29 101 77 148 44 138 73 123 144 85 82 86 127 67 80 65 87 23 134 27 56 38 122 105 69 89 13 115 51 20 97 137 78 118 41 7 136 75 52 124 106 76 61 57 91 93 126 107 24 47 131 139 116 90 53 133 121 72 3 15 66 35 150 30 125 58 94 59 2 49 6 10 141 26 
78 82 109 89 59 108 83 28 55 148 41 127 9 134 39 64 69 4 5 8 133 23 63 94 15 99 142 123 120 95 33 101 107 70 149 139 12 58 18 138 26 48 22 44 74 14 92 130 17 56 131 143 11 126 25 62 114 86 34 103 73 80 97 19 140 3 68 102 51 52 87 61 85 1 115 21 37 128 98 88 6 54 35 84 104 105 36 106 125 146 65 141 147 67 77 110 75 117 7 93 132 16 145 129 50 47 137 32 72 10 118 45 27 40 
4 88 108 66 146 149 13 101 89 70 100 77 90 150 147 47 54 145 3 110 72 44 112 28 33 16 37 18 36 53 138 31 27 119 122 60 20 24 79 19 56 107 57 136 103 121 82 67 61 93 131 96 22 133 104 40 75 15 39 26 139 83 48 65 127 74 41 117 86 102 80 2 29 32 1 9 23 64 92 109 98 140 126 125 81 148 143 5 144 49 14 91 128 30 38 8 118 46 141 34 68 129 76 123 62 59 135 85 52 55 6 10 111 69 71 99 21 95 105 
44 33 127 132 10 83 15 60 129 150 145 87 8 38 130 21 88 103 55 133 14 118 139 9 68 148 16 84 109 67 128 134 65 12 69 75 23 43 117 6 20 144 138 111 97 39 143 114 25 77 131 92 116 99 42 34 19 108 107 141 101 105 74 32 147 17 125 40 11 73 30 119 51 81 37 57 61 93 45 31 71 78 5 110 56 96 91 80 90 36 1 100 79 72 115 146 4 28 22 142 123 35 94 126 120 52 66 82 49 112 50 
51 104 119 46 26 84 115 102 68 6 97 23 116 108 111 14 101 100 59 20 150 134 131 90 72 7 69 30 47 93 54 92 15 48 103 55 24 86 52 10 110 9 53 17 128 85 114 71 139 138 28 2 43 1 8 57 22 34 40 143 65 122 39 118 123 124 74 76 96 78 83 13 3 121 137 87 112 113 140 44 16 25 89 56 70 142 88 106 4 67 31 117 35 98 37 127 79 19 62 32 146 109 27 5 75 77 107 66 145 129 
73 143 112 109 6 36 56 113 130 51 2 74 48 147 106 38 82 118 125 31 111 43 21 146 75 98 45 90 47 141 142 148 97 30 84 107 22 77 135 134 114 101 115 91 52 120 81 29 144 11 69 117 72 110 54 78 4 25 20 10 64 89 108 53 7 139 17 99 88 150 140 124 76 128 63 93 19 13 46 119 26 94 32 70 23 126 102 104 86 79 42 49 34 41 138 62 131 15 60 37 58 50 1 5 35 80 116 40 12 
104 84 37 131 52 65 70 28 110 120 34 88 25 74 17 44 43 140 22 29 68 96 77 118 127 12 18 93 136 2 60 14 134 54 66 126 33 97 55 117 99 5 95 40 94 47 50 128 10 103 53 87 9 81 61 30 48 102 57 106 107 119 105 100 86 38 79 143 76 45 69 113 85 111 125 71 130 4 31 15 90 145 98 16 78 3 82 150 32 73 137 75 139 80 114 108 72 23 26 146 41 109 129 46 24 89 39 56 148 27 147 19 122 6 21 51 
27 2 92 91 59 62 131 103 25 141 32 84 75 96 88 97 63 1 86 138 108 36 81 90 100 123 6 121 40 61 33 65 70 134 7 47 125 18 35 89 109 38 49 51 106 120 101 37 113 29 139 122 15 132 110 147 137 143 9 52 127 117 150 94 39 60 124 68 56 82 28 4 43 77 95 58 8 57 55 67 135 111 42 149 17 45 13 72 78 76 119 64 46 21 148 24 53 69 99 105 104 118 140 11 133 85 142 
21 2 33 54 70 8 101 142 78 12 69 24 126 110 96 140 130 52 68 75 17 124 139 114 6 71 149 121 14 127 91 39 73 98 36 29 143 10 117 38 9 34 106 104 138 102 61 11 46 45 63 5 93 116 145 86 13 26 27 87 50 148 141 82 80 57 97 59 65 88 122 47 25 18 19 56 105 32 81 53 107 146 37 62 66 129 109 137 64 133 135 123 41 49 20 43 90 92 134 94 31 4 108 99 7 30 76 131 51 72 1 48 83 118 67 147 120 119 40 144 42 85 132 
82 19 102 122 148 51 84 140 123 132 70 108 28 114 126 58 107 97 71 27 60 56 80 92 115 146 116 22 8 69 149 141 77 15 23 124 33 1 18 16 66 59 9 65 13 52 106 143 133 87 120 34 111 118 50 31 93 35 45 11 91 39 32 83 54 37 99 109 17 94 48 63 10 26 96 6 49 64 2 25 101 144 125 100 90 131 112 43 110 47 30 57 137 21 55 79 53 72 40 14 134 145 75 89 5 119 88 86 105 142 4 135 138 129 121 73 103 
25 7 95 5 136 127 119 51 34 53 138 82 21 57 144 128 97 13 148 88 66 39 12 73 24 69 1 139 126 74 43 104 75 102 101 71 133 9 20 63 6 115 142 64 116 26 80 15 83 46 86 40 111 45 48 135 87 84 30 62 114 35 130 68 72 81 19 44 121 50 108 143 132 131 4 32 107 112 52 134 60 22 85 146 56 16 93 8 11 113 149 41 37 77 98 141 118 92 17 61 67 14 49 96 103 36 145 55 42 31 29 47 106 
140 84 109 133 79 81 96 144 3 146 24 101 59 37 89 134 55 132 60 136 45 68 46 14 95 61 51 73 66 113 6 2 67 47 104 130 118 72 102 70 13 58 145 92 86 129 56 111 105 42 78 40 27 29 110 85 131 100 124 112 119 108 8 120 12 80 22 36 44 122 91 114 123 62 5 57 28 125 65 143 48 1 99 150 54 21 127 90 94 64 138 141 16 137 82 50 9 43 39 23 49 41 88 135 103 
115 110 98 35 14 28 142 97 64 127 94 90 79 5 117 61 33 75 41 71 123 139 69 63 19 99 141 74 137 121 119 13 52 42 87 36 3 54 116 10 32 135 100 60 47 26 92 51 76 88 101 136 130 12 126 144 124 55 67 70 91 23 15 146 24 93 48 105 95 2 46 56 108 68 20 113 134 62 129 77 39 53 133 125 132 57 9 96 140 109 78 148 120 80 8 66 85 103 4 122 7 44 34 86 65 43 83 1 73 11 82 150 38 104 143 6 50 
115 14 119 62 132 24 2 101 47 100 54 141 72 21 105 20 64 91 6 28 123 59 112 136 122 27 98 126 85 97 134 63 34 68 45 31 56 79 38 145 10 42 76 71 121 32 89 17 110 111 142 106 83 9 117 65 39 57 129 144 5 22 25 19 149 127 49 128 80 87 99 51 146 92 4 140 35 37 55 74 84 93 33 43 90 26 61 78 16 120 104 118 66 18 50 58 48 143 147 138 102 124 53 130 94 96 77 103 36 44 133 12 73 30 69 60 7 46 23 109 107 
25 75 41 116 85 63 91 13 30 5 122 73 126 79 87 135 115 99 67 142 46 52 111 14 86 102 125 9 29 45 113 16 28 127 2 55 131 37 76 143 132 43 54 15 97 71 136 61 23 77 69 72 60 18 26 12 44 95 137 62 123 129 53 35 56 138 31 133 104 17 117 32 110 68 89 58 33 121 57 114 4 11 112 19 78 22 139 140 101 8 42 88 64 94 10 100 81 70 98 150 108 66 21 93 148 149 147 48 51 144 103 107 27 49 83 141 24 39 96 106 34 50 20 
117 62 64 30 94 2 139 45 112 84 7 40 63 21 75 124 56 22 142 37 8 135 147 103 144 96 91 90 145 65 41 76 5 106 54 150 9 95 42 80 67 123 149 6 10 104 18 99 134 26 93 20 23 14 102 122 53 69 32 107 70 38 111 118 16 4 92 97 79 28 49 25 140 81 108 51 101 39 133 58 66 148 77 100 35 19 141 71 98 126 109 3 50 116 85 82 59 130 120 113 143 44 83 68 72 52 86 132 115 15 146 11 78 88 73 
86 147 143 38 56 7 93 114 68 42 89 9 136 43 135 139 113 104 33 92 98 128 145 116 85 4 105 5 1 47 49 12 91 71 125 28 146 122 99 88 109 132 127 8 46 58 72 67 51 41 21 29 100 2 18 15 35 44 40 76 110 77 142 94 126 65 137 144 26 108 19 148 117 48 133 66 112 102 118 3 141 13 149 115 123 134 150 97 80 16 64 87 39 23 57 54 6 17 70 131 81 106 59 121 60 14 84 82 69 101 24 55 
109 149 33 62 65 82 115 9 147 80 95 110 22 58 98 144 135 94 47 116 87 99 143 6 120 89 39 61 55 51 129 18 81 123 5 74 139 72 19 88 46 20 86 30 3 85 70 105 41 38 146 130 92 10 7 125 111 131 113 45 11 69 138 49 35 114 56 24 117 108 34 17 150 97 23 71 26 121 142 132 13 93 28 15 83 54 137 31 59 14 50 78 126 127 73 75 40 1 136 42 60 104 128 118 106 141 67 64 100 16 84 68 
89 128 79 88 127 64 110 86 112 82 26 19 39 101 3 12 80 102 148 15 46 23 14 52 116 25 131 35 143 40 130 47 125 114 51 9 16 67 65 71 34 21 7 138 58 123 139 87 132 22 100 90 106 36 73 1 68 135 8 30 91 77 118 29 78 115 109 124 122 85 4 99 10 126 105 33 117 137 145 136 61 57 111 92 45 120 129 142 69 50 11 31 49 146 6 60 66 62 107 24 
129 105 98 85 135 52 9 75 65 143 96 118 78 146 55 133 137 74 51 53 33 18 84 57 90 115 6 83 15 80 28 46 121 138 41 94 150 144 58 103 88 12 14 86 139 120 61 87 16 122 104 11 81 69 43 100 145 119 132 59 36 4 24 116 134 128 112 106 71 93 32 44 124 38 95 39 72 35 92 2 70 127 5 123 117 49 126 125 136 27 113 130 48 79 131 147 31 111 42 109 17 99 68 50 82 73 20 101 76 149 64 142 7 10 40 23 3 56 
122 120 12 104 100 48 39 30 18 51 56 29 136 112 15 55 60 37 41 137 81 134 144 135 27 131 49 95 8 23 82 138 58 75 149 72 92 14 128 31 132 57 107 47 89 52 6 3 84 126 127 7 5 42 33 24 118 46 146 123 38 69 44 59 108 70 80 77 61 9 43 113 66 76 109 11 147 124 21 53 125 119 117 86 96 20 99 145 35 22 73 98 17 19 78 88 50 67 105 34 91 71 142 25 45 141 32 140 111 36 13 129 28 110 121 87 26 10 114 62 79 16 
43 44 1 2 100 31 81 39 107 89 12 91 125 18 68 103 11 26 121 72 28 133 146 80 148 25 5 142 79 27 83 59 135 33 77 52 69 84 50 139 95 86 58 60 85 57 130 145 64 17 126 78 24 38 117 48 20 118 112 110 14 34 9 67 127 8 129 144 3 82 41 150 109 32 62 45 136 105 111 49 4 88 147 134 98 149 141 30 37 51 114 13 22 113 104 123 128 74 36 53 66 16 99 42 7 
58 108 53 77 32 21 132 113 99 16 5 52 56 139 8 48 55 23 145 79 10 85 2 57 43 61 22 93 128 27 96 126 101 137 1 147 3 130 107 47 15 65 112 97 94 46 92 36 124 4 78 72 135 115 81 71 24 111 20 17 25 30 75 102 84 44 26 116 114 127 140 70 6 133 146 11 31 90 33 69 73 110 143 103 60 9 80 121 76 129 148 63 141 136 38 74 82 120 86 39 100 95 66 91 68 54 149 50 109 98 125 35 34 144 40 
111 83 11 106 142 21 5 59 85 49 116 76 52 50 101 103 138 137 132 78 40 54 89 115 108 100 92 121 95 120 64 77 139 127 13 36 91 47 58 42 24 128 134 145 66 150 60 30 94 80 62 15 7 81 98 45 3 99 105 131 102 31 136 16 6 10 68 18 84 37 87 114 41 32 97 53 35 141 148 96 130 67 140 82 147 22 113 69 93 8 135 104 126 65 38 29 112 19 110 122 149 73 123 86 143 79 61 
12 90 62 13 88 141 32 30 149 50 65 147 102 81 78 27 54 56 138 101 68 83 66 131 25 104 21 37 1 20 120 107 8 58 38 70 69 136 67 55 82 140 59 135 100 108 29 45 106 124 144 128 42 51 127 53 15 35 99 103 72 63 133 139 122 22 98 115 134 17 93 85 123 73 87 71 74 6 91 46 48 18 4 126 132 125 7 24 40 79 31 26 150 80 105 41 114 33 10 23 97 43 28 129 34 
67 63 21 84 137 108 6 80 12 19 60 42 55 96 115 94 123 64 86 28 39 75 125 7 5 103 77 85 148 65 38 71 122 47 76 114 10 54 88 20 13 81 73 82 58 18 26 100 134 2 139 143 144 104 31 68 142 89 25 112 93 113 61 33 83 4 147 136 14 59 95 117 35 79 52 23 1 90 91 16 50 106 118 128 3 107 110 24 45 132 8 124 30 29 11 41 37 149 32 102 131 49 119 98 150 101 51 48 17 127 43 
20 53 3 137 91 2 75 133 17 99 149 84 125 4 127 6 103 141 108 14 15 67 65 102 47 129 44 60 55 31 11 131 79 90 23 80 147 1 116 59 123 89 92 142 57 76 81 63 58 140 40 28 30 94 143 66 18 85 111 33 68 105 32 124 21 26 13 27 107 87 97 24 56 49 52 77 95 50 109 22 38 72 117 126 61 45 51 54 43 145 48 64 10 7 114 71 34 29 5 146 122 88 112 42 118 9 37 16 115 86 73 93 69 132 104 
130 31 11 59 39 23 104 71 108 25 110 102 115 72 60 67 129 144 4 88 113 62 133 146 20 41 53 16 46 26 52 74 138 127 69 32 107 86 68 49 38 78 36 141 24 65 28 58 114 91 34 97 19 81 33 55 13 51 121 136 137 40 56 118 35 45 103 3 5 22 21 90 77 92 63 120 7 123 73 66 132 128 1 54 89 50 79 43 48 76 119 106 150 95 109 27 111 42 61 99 101 44 124 85 29 135 14 
133 34 69 113 46 142 95 129 27 79 126 109 111 132 118 2 121 128 104 24 16 150 120 134 25 26 94 33 143 37 13 136 1 60 122 97 31 28 124 49 18 103 23 7 36 45 93 56 89 67 82 66 47 137 99 78 74 116 138 96 140 51 112 115 84 145 63 64 114 68 39 9 15 43 77 50 59 62 48 127 110 30 22 106 125 8 141 44 72 10 98 146 29 108 107 87 102 73 83 139 148 90 21 55 53 88 14 54 149 119 19 57 91 70 
104 40 120 146 72 31 145 133 7 108 90 36 114 64 100 47 136 123 65 138 147 56 102 48 99 13 32 92 121 69 149 95 25 39 35 58 126 27 3 103 143 50 73 75 28 57 125 30 88 66 131 76 2 45 141 62 106 81 20 137 127 68 1 140 33 16 117 110 83 119 17 61 37 9 46 115 107 113 23 5 150 52 139 132 10 135 34 85 42 87 122 71 41 18 142 144 60 78 128 82 130 
35 133 51 6 3 95 58 96 121 132 20 150 44 143 129 66 112 93 45 128 123 18 2 84 14 50 98 120 113 136 85 49 10 46 48 94 4 37 115 56 146 139 100 8 117 116 30 147 74 119 28 21 65 97 92 101 54 80 107 11 149 148 137 36 40 86 43 106 141 68 145 134 102 135 138 104 19 57 88 15 89 131 47 124 87 72 127 90 26 83 69 67 91 32 5 71 52 1 63 111 59 142 24 55 42 114 109 76 64 
113 92 137 88 24 93 43 35 132 144 73 16 45 97 20 95 81 150 4 77 127 68 83 142 118 34 3 103 140 33 105 2 14 109 119 116 128 130 85 100 96 53 108 36 37 107 15 5 148 56 11 22 115 91 65 17 49 147 13 104 133 84 76 44 114 47 63 23 8 94 19 71 18 6 41 9 32 134 138 112 143 1 78 136 110 86 69 149 123 74 38 135 58 79 30 101 28 7 90 67 145 121 117 62 27 21 59 111 124 10 55 98 42 39 
9 142 98 23 77 124 94 17 71 95 150 107 148 72 129 120 22 6 118 3 123 51 108 106 29 87 128 62 68 56 54 5 50 101 21 15 16 117 83 4 14 133 137 90 27 112 96 32 122 38 31 103 12 102 78 84 97 70 114 47 115 39 81 109 88 1 40 43 121 91 149 26 86 63 13 82 57 145 113 8 143 45 92 125 73 42 111 119 10 19 58 55 48 93 44 46 89 18 34 85 25 116 67 105 75 11 20 99 141 61 135 138 37 2 126 
94 147 101 148 127 72 23 51 142 126 22 114 75 53 73 47 137 82 48 52 111 88 35 132 63 119 86 89 26 93 30 136 13 77 145 99 15 96 70 42 11 24 100 122 21 139 18 54 125 17 6 120 146 67 144 74 81 40 76 32 38 68 45 78 64 50 10 1 5 34 92 113 149 39 36 117 28 98 129 116 20 134 43 135 41 8 90 108 16 97 27 123 115 138 105 58 69 33 7 118 60 55 3 141 79 112 124 2 61 9 25 
32 148 90 42 31 12 93 48 101 130 144 94 132 1 22 113 18 41 40 145 99 72 114 112 9 28 88 109 139 61 35 49 65 62 19 143 142 127 78 56 74 15 50 24 8 95 26 147 52 137 63 27 80 16 45 14 36 76 84 97 104 64 66 81 69 83 128 149 98 116 37 10 51 33 107 134 71 85 77 17 60 43 123 6 117 133 58 25 92 96 34 121 39 103 67 7 29 23 82 119 55 2 57 115 54 3 108 106 138 122 135 73 131 21 140 141 4 125 86 
34 64 57 90 110 129 30 140 47 58 61 126 56 44 9 89 19 59 17 2 86 3 48 116 7 87 41 139 117 45 15 77 124 150 75 67 55 100 118 113 84 24 66 144 38 39 105 63 79 73 92 12 132 21 145 91 149 93 8 6 51 137 54 22 74 114 122 31 32 133 82 29 96 46 43 98 83 20 80 65 52 112 5 135 148 107 35 103 26 142 42 10 62 147 49 131 106 78 4 108 101 70 1 69 23 134 
8 30 120 1 35 118 59 53 39 46 47 75 36 69 15 124 74 98 70 67 16 17 58 57 21 112 49 143 119 65 73 121 3 141 135 19 149 42 61 111 10 91 81 20 83 125 27 5 18 78 101 32 82 29 40 4 140 34 136 51 80 130 93 26 137 71 66 72 68 132 14 114 2 92 41 97 76 13 133 104 50 148 113 106 28 24 147 99 88 146 109 100 102 9 145 134 138 86 7 103 44 96 12 95 6 115 105 48 144 94 129 64 54 
18 96 148 110 106 139 128 64 25 89 28 115 124 98 10 92 135 125 38 134 140 143 61 68 52 93 107 47 30 17 1 122 144 55 8 88 121 120 23 51 50 83 3 103 108 77 105 20 112 29 74 9 145 22 113 54 104 66 76 119 126 53 102 5 149 67 130 133 24 94 129 49 62 13 56 12 111 35 78 138 60 87 4 75 37 147 2 114 95 142 117 85 118 42 70 141 146 86 57 123 91 44 109 63 81 39 6 14 48 131 31 7 27 46 80 32 73 79 
42 114 11 30 146 18 19 31 106 103 92 148 73 134 83 78 28 111 9 32 3 41 74 43 2 33 22 10 110 88 138 54 109 26 104 24 102 60 125 58 129 8 36 27 132 46 44 93 108 127 130 55 98 20 72 105 57 13 139 71 75 89 35 77 6 59 82 147 49 122 52 40 91 12 137 141 53 145 126 69 121 124 123 70 97 21 143 48 34 117 29 150 107 84 119 64 149 65 96 4 131 63 67 95 79 45 80 76 116 
60 140 49 68 52 48 93 84 15 55 1 131 69 44 50 61 51 111 146 31 88 45 119 132 125 76 37 96 39 72 2 73 105 130 19 147 11 33 138 74 16 85 98 99 101 90 128 22 53 110 126 58 42 135 123 143 92 108 103 94 136 46 67 115 149 144 30 106 79 66 78 6 102 5 17 18 95 75 12 145 87 129 62 4 77 133 118 104 65 71 8 148 27 59 120 54 116 20 114 70 80 41 137 100 107 
119 111 83 128 122 24 116 1 100 129 148 35 36 31 60 56 85 57 71 17 39 73 139 40 43 97 91 16 117 137 118 143 107 105 112 52 28 104 47 144 58 63 126 75 141 30 145 62 11 59 45 94 18 140 95 134 54 72 113 93 25 2 82 115 150 86 127 14 92 80 55 65 131 41 132 64 48 147 21 74 70 146 114 12 32 109 3 68 87 51 76 81 26 4 53 142 61 149 7 44 42 102 88 125 124 15 130 29 103 13 110 106 78 46 84 22 77 6 27 33 
9 21 54 95 138 145 86 94 89 1 25 111 34 12 40 5 59 29 64 97 107 44 84 8 119 15 69 118 6 19 72 93 146 144 108 105 128 7 55 113 75 82 148 91 80 46 78 28 22 87 23 92 24 37 85 73 32 58 137 131 142 117 71 109 126 11 106 112 39 143 50 124 60 33 115 125 77 114 35 79 83 41 123 74 120 101 65 150 14 116 147 16 36 122 63 67 90 76 52 149 18 42 30 134 53 43 3 62 
8 90 120 73 50 60 17 114 69 53 111 72 141 32 128 78 23 46 16 63 80 26 6 24 62 143 76 142 54 21 52 130 102 118 13 126 139 18 74 84 61 12 40 89 47 147 35 44 10 33 145 107 14 148 122 27 82 7 15 38 99 96 133 149 109 92 51 121 19 117 146 81 5 68 131 56 136 11 65 123 3 75 135 101 66 134 104 115 77 25 22 129 127 70 94 103 4 57 138 88 125 106 59 124 95 48 113 41 64 49 31 55 112 20 39 67 
125 58 105 119 72 19 38 50 87 143 31 7 115 96 85 47 57 30 37 104 73 79 128 68 70 89 18 80 28 63 109 81 113 16 124 62 131 36 132 83 49 102 114 137 75 123 13 103 99 45 150 44 29 141 10 92 139 100 52 146 145 3 136 88 51 21 95 56 34 60 126 69 22 6 33 106 133 17 122 32 66 129 108 26 140 27 112 144 48 98 1 41 134 14 42 35 77 64 127 84 91 118 8 97 
9 44 60 92 3 109 114 59 111 69 71 47 89 140 5 97 20 11 14 99 62 83 103 130 135 133 66 36 102 17 38 21 52 68 118 113 120 100 116 31 101 76 65 141 13 6 98 117 25 41 138 33 107 75 7 45 22 123 143 1 48 50 24 77 16 74 148 78 124 34 27 79 73 80 63 96 72 119 95 112 29 81 39 37 57 128 125 88 105 15 35 61 147 110 54 85 56 129 137 90 132 46 19 12 94 58 70 42 
29 65 123 83 148 139 26 146 6 85 99 87 84 32 52 10 80 33 11 107 45 78 42 4 97 5 71 62 40 24 109 138 102 53 100 104 38 143 124 56 101 59 43 92 82 23 22 39 67 108 35 7 75 70 1 129 21 55 96 46 60 132 90 25 130 144 50 142 18 69 49 73 57 94 91 27 41 135 72 117 44 150 147 88 66 103 3 14 118 86 79 63 110 12 126 58 64 131 81 106 145 36 74 121 61 37 134 119 115 76 28 13 89 30 
30 35 75 143 108 92 13 63 91 6 16 20 37 61 119 28 103 57 128 32 123 51 67 58 38 24 109 110 148 118 121 105 69 53 29 111 96 112 122 84 23 73 106 107 48 26 90 47 55 12 22 59 49 40 79 133 89 11 18 76 139 138 142 34 14 117 74 62 3 10 43 132 93 129 87 78 65 42 44 137 82 41 115 95 102 147 124 98 100 54 81 52 145 31 80 104 135 127 131 88 116 27 86 77 2 144 25 19 17 72 125 150 97 50 21 7 66 15 36 
140 24 115 112 89 147 27 75 66 111 80 35 51 85 103 2 36 92 40 52 90 127 45 23 1 136 9 67 121 70 3 123 43 108 18 47 48 128 6 12 124 141 150 116 46 41 118 26 60 125 130 83 29 126 65 98 13 148 11 105 107 135 56 39 94 120 20 19 57 71 114 100 104 74 84 22 145 61 109 25 81 55 38 49 8 110 129 113 99 10 30 4 50 54 31 7 86 59 146 87 73 149 132 62 102 79 78 42 37 44 34 96 137 
144 13 20 18 133 90 79 57 113 44 35 34 58 136 91 17 97 96 146 22 73 71 55 107 50 9 109 145 62 53 33 123 106 87 105 5 23 26 92 59 134 117 66 40 125 51 56 41 6 121 95 147 7 139 99 82 110 67 120 141 10 100 47 114 3 140 69 103 46 102 108 48 42 81 77 14 11 49 112 135 124 138 36 118 111 21 72 88 89 129 84 150 80 43 29 74 101 37 76 94 127 78 63 98 132 4 131 148 137 2 38 8 126 104 28 24 30 75 
1 146 18 61 117 24 21 64 110 30 71 45 58 120 55 67 10 143 25 108 40 90 136 33 138 4 50 51 70 129 56 98 29 23 66 112 147 79 34 140 80 9 17 8 92 104 114 97 74 65 85 22 132 135 36 27 81 43 72 73 130 44 107 26 119 82 115 84 116 109 88 16 37 3 52 128 62 124 122 6 87 77 134 111 105 20 15 12 106 60 54 13 141 93 149 53 68 38 7 103 100 69 11 75 19 63 83 48 35 145 126 131 95 
47 50 64 117 133 7 56 123 6 25 62 70 136 94 30 110 65 144 59 31 33 76 105 3 34 24 18 98 9 111 40 85 16 108 4 135 75 79 69 12 99 67 49 142 115 19 134 129 97 118 52 58 32 45 90 22 127 106 149 11 113 141 35 41 54 27 95 130 48 87 17 5 93 124 51 13 114 96 66 29 126 125 121 101 82 53 20 143 15 28 132 147 103 61 92 138 116 86 26 14 128 37 140 46 78 131 137 1 43 2 104 71 
24 23 19 72 111 93 142 143 150 8 149 62 90 26 39 54 79 63 77 27 75 101 85 76 48 86 32 133 45 50 104 112 114 117 53 51 14 83 34 61 103 3 12 140 11 97 4 144 116 122 55 47 123 10 136 73 16 20 113 69 80 107 21 106 99 59 108 137 121 84 29 95 30 18 7 105 115 100 28 82 60 94 96 98 132 33 148 65 125 131 134 13 110 22 37 135 40 17 25 56 124 49 36 128 74 138 
42 134 1 133 140 67 48 85 32 139 84 70 21 149 7 40 63 141 3 98 27 44 148 22 23 29 17 128 95 14 49 112 125 80 56 116 118 61 91 15 78 131 111 76 10 12 45 137 90 60 130 52 66 69 5 109 25 94 39 132 34 35 57 108 129 100 2 143 18 65 96 73 28 37 124 53 117 135 26 58 50 142 150 101 86 120 19 110 77 72 38 36 103 97 4 41 24 62 79 136 87 9 92 115 145 6 119 93 126 144 121 8 16 59 30 64 114 83 102 75 88 68 46 
53 44 102 60 62 125 39 70 133 87 131 11 38 76 9 78 89 90 20 36 126 141 43 86 27 71 12 81 54 30 51 98 132 41 34 45 19 92 97 103 73 17 67 15 94 40 116 129 1 85 65 123 139 136 55 91 28 146 110 6 24 52 59 117 130 46 14 16 4 47 56 58 107 127 104 120 83 49 68 95 80 128 111 109 3 84 61 8 105 2 72 13 113 29 64 82 143 33 96 140 142 101 147 149 100 134 23 93 137 135 118 
130 33 60 92 9 71 47 95 118 7 127 36 82 18 30 17 52 68 38 63 144 123 16 24 108 70 134 26 15 148 109 76 80 32 56 10 19 104 51 85 131 79 21 66 133 12 74 88 96 116 55 89 35 128 119 146 14 121 115 3 129 112 93 137 97 125 117 20 45 120 43 69 23 126 77 72 25 86 142 31 103 6 145 87 22 27 46 90 136 147 114 110 102 65 42 54 124 57 50 8 49 13 64 105 61 4 75 132 58 44 111 135 
77 85 67 25 110 69 75 98 18 83 118 50 116 119 49 130 79 74 76 143 45 112 16 106 99 51 30 32 37 126 84 107 88 24 35 8 3 5 94 72 57 7 36 133 114 146 15 138 38 21 53 56 125 140 13 47 101 58 97 52 111 27 44 70 54 17 59 81 46 127 147 48 123 23 136 86 87 78 73 92 120 91 42 135 142 39 28 109 141 93 2 124 122 60 82 4 100 41 102 11 64 95 29 6 33 
