150
145 86 70 74 103 14 66 59 46 87 12 142 143 79 85 100 34 97 80 98 129 102 106 73 110 108 63 121 58 75 109 29 53 11 56 69 30 138 107 111 113 104 89 131 105 122 33 72 50 130 77 139 65 132 116 112 43 36 78 123 18 3 54 126 51 37 19 26 44 47 23 40 125 15 140 8 141 90 2 
130 127 21 149 135 118 109 132 14 137 116 114 58 113 105 93 15 117 123 64 4 129 83 100 52 140 46 65 22 13 112 145 139 115 59 138 72 79 84 51 76 86 98 107 18 128 101 16 110 29 80 17 19 141 45 85 26 62 89 87 61 5 68 148 150 23 1 77 60 74 36 38 136 124 35 47 
144 110 28 10 5 137 78 61 14 92 19 58 114 115 16 146 76 29 91 129 111 132 17 50 80 86 134 60 26 70 107 122 95 130 69 33 108 147 84 96 38 12 20 42 49 149 37 77 34 13 41 104 126 97 52 145 47 32 24 87 75 140 127 83 103 1 143 118 23 30 121 11 148 68 116 119 136 105 150 142 25 
124 104 74 73 115 42 136 52 58 46 117 30 8 60 140 89 10 83 63 88 120 123 129 127 150 70 22 27 31 39 85 114 137 56 78 132 116 2 12 19 29 61 33 142 40 45 26 68 95 11 139 149 90 135 119 134 77 86 79 122 113 6 62 5 133 76 97 17 16 102 141 55 49 23 66 103 145 143 53 71 15 80 36 72 57 
111 18 4 114 52 28 105 93 108 26 81 9 121 19 106 20 97 55 92 27 78 44 6 139 119 21 113 51 120 24 50 71 40 90 99 95 58 41 29 144 2 129 96 67 104 143 45 83 34 43 107 12 17 47 3 94 33 116 127 101 77 14 70 89 60 30 23 64 118 88 102 13 61 147 100 10 150 59 32 80 
29 119 98 96 40 130 26 140 48 5 144 49 61 4 47 70 15 37 56 90 132 60 18 147 105 8 57 108 35 131 77 55 121 78 75 23 58 42 62 111 125 139 88 115 30 86 50 69 65 54 25 85 120 100 94 126 64 101 73 17 118 68 79 95 28 14 99 66 89 122 32 10 113 27 51 109 150 13 
63 46 68 109 85 45 140 12 141 136 87 121 146 35 106 124 100 120 34 116 48 111 92 99 9 78 125 72 80 53 96 103 77 95 38 93 114 59 58 55 132 127 30 119 105 90 27 104 43 41 107 81 89 25 36 82 123 74 75 133 73 101 69 65 24 13 19 66 49 61 56 40 
16 130 111 135 134 150 119 99 144 107 52 89 105 4 64 36 70 6 106 122 109 54 85 53 28 146 10 77 86 148 66 108 51 58 29 80 39 68 123 75 138 132 98 25 131 57 81 129 40 73 102 104 59 74 78 149 56 125 145 24 1 50 
113 103 143 133 53 110 41 88 77 87 34 5 99 93 121 146 50 147 126 100 129 44 14 149 82 22 28 81 58 62 138 76 102 125 127 130 57 7 47 69 95 134 145 71 67 27 118 45 32 55 59 92 54 85 16 29 37 86 42 46 43 
90 38 3 41 23 91 147 112 68 16 70 86 83 33 73 71 124 20 65 120 131 48 115 143 121 35 59 98 140 136 92 116 22 66 47 79 150 108 25 82 15 127 102 52 8 27 36 130 72 50 5 6 53 56 89 37 81 44 110 145 17 4 146 95 32 12 19 31 88 29 141 49 24 119 
139 75 143 3 109 128 29 77 17 43 21 27 4 48 114 94 97 61 137 85 112 87 54 144 59 66 12 46 41 127 119 67 64 65 95 120 69 73 99 68 36 16 51 23 125 102 140 14 13 138 103 40 133 100 113 93 55 32 82 123 49 116 80 38 96 110 1 132 146 34 15 141 52 
123 117 43 59 95 51 10 109 27 16 56 135 55 3 64 60 126 21 26 147 102 25 120 46 146 101 145 32 85 71 93 15 98 112 24 42 4 113 142 29 103 74 67 90 18 129 136 111 70 11 69 134 121 149 22 125 130 86 1 7 44 118 97 75 5 132 58 50 100 
69 71 131 11 32 122 84 83 85 121 137 2 14 66 60 49 48 53 102 41 57 20 31 72 105 90 95 144 40 133 33 35 79 88 124 119 16 21 89 111 19 86 142 67 34 37 6 96 62 97 127 68 135 114 94 15 117 82 58 23 29 3 5 7 100 73 92 141 123 38 93 65 
77 60 85 38 143 46 89 78 11 41 24 91 56 144 141 105 100 88 110 90 109 66 74 32 147 29 125 146 55 128 22 13 6 142 97 145 3 132 27 64 39 73 133 9 111 129 140 93 135 122 76 61 149 45 120 119 16 70 69 20 81 75 35 123 138 31 52 2 1 5 86 150 139 65 113 
54 86 48 115 140 76 67 33 37 20 105 135 64 122 69 30 138 78 126 36 90 62 97 58 127 146 94 77 31 12 53 40 93 34 128 91 4 11 150 1 2 82 22 24 6 59 13 84 74 133 129 38 142 17 102 23 96 100 10 117 35 134 46 118 116 98 89 145 95 
89 2 116 82 68 10 104 143 25 97 144 50 64 115 13 134 19 74 8 38 100 53 27 12 33 129 4 95 63 67 35 9 122 40 11 71 137 43 42 45 34 78 61 14 32 20 26 44 131 81 58 24 111 113 106 146 94 76 47 139 98 96 80 126 30 133 62 118 3 87 112 141 57 121 37 136 22 91 
86 11 39 96 145 19 62 4 80 99 40 68 111 72 26 109 134 125 129 30 113 127 90 71 33 138 31 102 52 50 85 73 10 76 75 5 55 92 74 115 46 149 57 41 28 101 2 95 21 56 107 123 60 37 100 137 144 15 110 47 94 119 89 84 6 122 3 82 
139 6 5 95 45 107 99 55 129 87 89 132 150 148 138 131 48 58 80 12 2 140 97 51 125 28 112 69 68 64 41 108 101 63 35 86 76 118 57 149 31 126 62 42 103 29 92 116 26 133 114 147 39 72 73 78 100 1 98 142 53 111 93 66 135 96 
1 136 81 111 141 126 145 119 128 69 138 5 4 99 106 117 89 78 149 82 3 16 90 21 37 42 148 66 146 139 47 130 73 17 2 50 10 39 38 60 29 103 114 13 105 122 7 140 91 113 77 48 20 131 144 110 142 55 98 94 41 64 120 84 88 76 96 72 115 143 
66 89 3 133 139 94 38 56 47 50 104 42 41 85 25 79 143 83 23 84 32 33 58 149 22 52 28 5 70 78 138 55 111 115 114 13 64 87 108 117 134 98 67 19 60 75 43 106 45 26 59 147 105 30 140 99 126 146 49 132 10 14 116 15 16 73 119 112 81 44 130 37 
120 103 24 108 74 46 92 32 71 109 12 64 11 111 63 35 150 140 5 19 39 135 146 52 145 142 116 149 147 69 40 75 100 30 148 134 55 114 89 95 128 91 130 22 102 51 13 17 122 124 136 76 123 106 104 48 126 84 2 82 133 94 43 141 57 88 144 87 25 
31 62 14 15 83 132 99 79 87 69 149 39 140 12 104 50 35 127 45 90 73 16 9 2 36 139 21 58 54 93 103 26 51 146 143 25 128 20 89 70 134 61 115 123 119 80 4 23 122 77 72 94 148 30 78 10 113 88 147 144 136 137 75 142 98 114 43 52 100 106 138 53 
130 111 93 5 37 3 58 73 107 108 116 74 68 78 113 106 32 145 39 143 60 124 44 10 81 2 89 127 85 142 29 112 137 53 41 86 49 122 101 97 91 148 110 117 40 20 70 144 135 94 15 149 131 22 118 98 79 87 62 119 84 95 88 45 1 4 43 34 11 138 13 54 6 
14 34 39 85 105 94 145 124 87 103 107 44 137 32 82 89 7 92 99 42 81 51 41 119 63 98 12 108 69 25 16 10 27 129 15 122 111 55 72 113 84 104 74 143 130 127 68 136 75 80 120 133 3 61 102 21 128 65 8 106 93 149 53 110 5 132 90 97 109 37 115 35 43 28 91 139 31 58 147 79 59 112 
80 50 67 94 40 59 117 65 87 47 64 21 144 104 41 54 72 90 22 113 37 35 30 91 6 107 123 12 71 45 100 81 145 31 83 88 69 96 10 108 122 51 137 139 131 149 129 8 78 33 7 135 75 127 102 48 115 84 109 29 126 26 46 58 24 3 44 20 60 63 73 66 16 
61 59 40 100 140 124 27 101 41 135 141 62 129 2 60 3 53 114 79 108 116 16 5 98 28 12 74 118 89 90 92 91 43 113 115 143 20 126 35 139 67 58 36 22 83 123 65 69 80 68 18 81 132 6 134 148 144 4 119 88 103 133 73 25 34 75 93 1 125 122 17 37 84 
9 129 86 63 33 110 29 91 10 16 105 12 132 109 44 30 145 122 150 75 101 34 26 49 43 64 11 77 100 93 52 6 56 53 71 97 82 40 140 59 7 42 99 144 5 106 24 85 135 4 46 36 14 102 74 120 123 114 32 58 54 
127 49 85 87 36 46 131 136 143 126 147 44 77 50 32 97 120 133 128 42 150 37 6 94 125 90 47 3 30 117 98 88 24 48 132 114 62 64 91 79 148 8 9 139 113 33 26 73 20 109 83 144 116 5 112 18 17 29 129 81 130 82 
39 51 11 64 150 70 68 142 8 87 138 129 122 32 97 105 38 111 12 6 2 3 72 128 9 23 120 35 76 116 25 99 19 1 114 101 86 52 73 94 4 58 36 18 28 93 79 102 148 43 5 13 119 92 27 108 10 123 131 60 77 140 136 44 71 139 31 56 65 104 14 
27 7 99 141 109 15 66 28 142 63 1 33 89 123 21 80 34 75 25 93 16 78 129 69 135 120 143 3 110 61 20 67 4 39 92 90 42 112 5 56 43 150 58 95 130 22 79 149 50 65 37 126 17 77 128 38 31 147 102 76 44 88 146 140 70 96 6 122 57 
54 17 24 145 84 118 112 73 30 149 78 93 13 49 46 82 61 65 130 75 113 15 108 109 22 128 132 134 48 44 10 37 122 114 33 79 51 94 25 124 50 32 67 101 4 137 47 127 115 89 105 136 42 143 111 29 80 14 62 99 18 39 64 53 120 98 83 107 63 
131 82 21 16 24 108 87 135 65 51 96 149 81 138 12 38 5 9 137 121 31 105 44 27 109 67 76 11 130 6 3 140 99 100 148 20 37 129 28 14 110 145 23 102 47 10 98 35 84 75 124 136 66 146 29 55 72 85 97 79 107 120 132 104 89 58 13 
72 27 41 115 124 25 44 74 144 142 78 68 10 139 48 93 20 70 108 31 101 86 129 119 16 81 49 66 38 128 149 51 94 112 89 3 127 53 5 30 132 88 75 60 117 103 104 36 57 28 67 123 84 120 62 17 111 54 148 82 15 52 90 114 55 107 92 71 118 4 1 34 106 64 13 105 
63 105 40 109 147 104 62 24 99 144 83 129 60 16 9 127 88 94 33 130 23 47 7 138 5 48 126 3 30 143 76 1 42 125 27 133 150 26 55 43 72 81 108 69 102 120 49 135 50 11 112 87 131 85 84 67 59 15 89 139 91 149 13 118 39 66 86 128 
111 127 117 45 118 68 116 133 82 55 74 149 115 79 148 10 146 106 125 150 70 120 7 114 73 24 129 76 99 37 141 132 26 102 6 147 105 2 123 36 15 112 97 13 113 16 100 47 60 101 139 134 142 25 145 58 96 54 44 62 86 64 59 14 29 18 138 71 137 22 56 66 53 107 130 21 32 95 57 128 143 140 43 
61 146 110 78 91 46 137 142 11 119 118 85 2 63 37 26 57 66 147 132 69 60 55 117 65 29 48 82 128 10 38 45 39 7 92 95 27 130 15 22 67 54 35 111 106 148 108 64 1 134 68 101 141 4 33 81 107 120 83 73 93 8 50 28 114 112 113 133 86 
109 138 46 136 58 148 125 3 84 116 30 78 17 115 139 61 26 9 96 76 28 25 20 1 87 19 142 106 98 63 32 93 90 126 48 6 13 112 141 24 110 16 59 51 38 72 143 102 53 77 62 114 133 129 54 23 100 69 36 31 120 150 123 39 56 108 70 15 117 119 10 64 147 65 35 95 145 68 83 
14 136 97 74 7 11 20 15 65 55 122 3 44 150 10 114 39 30 87 109 149 102 83 81 137 91 95 53 103 32 104 69 72 90 13 140 92 56 2 106 127 29 16 66 105 139 36 70 113 77 54 42 78 143 33 125 111 67 135 76 19 121 37 141 145 88 147 75 
74 86 57 114 146 23 140 95 14 24 21 83 63 41 108 34 125 117 4 75 70 92 127 88 148 54 68 18 17 60 38 136 46 119 30 47 19 61 115 103 67 22 31 100 37 133 36 29 8 107 123 
81 70 17 25 23 124 92 34 141 86 75 57 5 26 73 102 60 56 4 45 133 109 97 103 96 50 15 27 101 114 108 104 89 64 106 79 95 99 94 13 16 8 1 61 55 110 115 74 11 122 83 87 143 6 58 53 142 100 71 21 46 126 123 149 84 113 128 80 7 51 42 
99 39 113 149 13 126 58 46 104 105 63 43 52 68 5 10 123 71 55 18 50 11 67 33 54 144 82 74 115 118 135 81 26 79 72 9 111 98 129 83 121 51 3 45 14 19 150 75 103 20 61 147 138 148 93 17 94 24 64 110 127 25 84 23 92 7 49 
86 48 16 66 4 90 12 44 100 43 120 125 123 28 70 34 129 140 6 18 31 88 19 50 94 106 40 81 9 85 20 38 113 82 72 108 54 97 27 101 150 93 89 74 30 79 143 68 119 45 107 3 124 73 63 146 77 111 24 47 78 95 49 110 
12 132 9 91 90 121 34 147 5 74 131 42 113 89 30 35 77 108 27 144 66 29 58 75 59 50 123 98 126 67 142 62 120 135 150 127 110 97 79 87 16 124 7 122 125 149 53 88 64 86 63 140 95 148 11 22 81 134 84 23 24 118 139 60 20 41 119 1 141 56 26 21 71 
53 119 98 25 137 67 29 54 142 84 127 105 144 68 47 66 42 101 116 61 33 65 128 52 141 117 27 32 50 82 97 16 150 115 107 35 71 12 59 110 139 103 135 125 109 138 20 51 58 95 24 85 46 31 121 10 140 104 63 55 5 93 108 99 1 96 77 123 79 114 30 100 69 126 88 9 94 23 38 131 28 
40 25 14 9 96 89 42 46 75 22 123 140 18 23 109 148 103 82 142 95 150 58 135 118 93 78 16 52 125 59 57 35 107 113 104 94 2 90 132 122 141 128 36 7 88 20 136 144 4 87 41 62 119 50 106 112 111 102 145 5 134 51 66 108 
14 107 105 145 138 126 109 25 36 17 129 136 61 83 89 121 124 69 27 149 40 133 76 49 141 45 66 115 11 99 7 75 41 64 1 104 100 70 132 15 37 28 123 98 39 2 52 103 67 116 78 147 134 73 31 12 44 139 4 102 131 142 119 146 148 21 101 62 87 117 50 90 9 118 
31 25 139 82 66 95 88 62 138 103 74 133 52 17 102 6 32 129 93 5 96 105 86 120 148 118 130 146 53 57 107 78 69 127 87 19 76 124 3 142 54 2 34 28 35 113 20 39 98 99 10 1 121 64 50 65 149 70 72 44 85 106 140 9 104 89 131 42 108 125 116 147 144 141 112 16 59 
74 136 126 131 50 71 11 19 52 148 143 55 51 147 110 42 133 76 137 102 57 109 116 54 10 33 94 125 93 118 13 15 36 56 90 115 70 21 135 63 101 117 150 60 59 119 7 127 142 134 6 104 98 132 28 53 68 130 88 105 129 64 18 120 34 25 140 37 31 111 87 83 
70 56 64 92 112 63 99 31 100 119 108 42 148 143 54 23 91 118 4 10 101 87 71 137 55 83 140 98 124 27 6 65 130 61 110 94 68 11 52 28 66 34 3 114 13 78 141 111 46 73 20 7 128 41 145 88 69 132 33 102 75 93 
53 128 85 5 129 81 40 74 30 6 145 146 108 28 102 41 52 10 36 121 132 95 127 133 45 8 69 20 9 138 101 59 48 122 149 31 147 104 107 134 144 56 124 19 25 89 71 106 57 123 139 3 116 47 46 93 136 98 137 72 142 65 43 42 34 96 16 44 126 62 82 130 143 17 150 58 75 111 22 135 125 12 83 99 73 1 97 61 
71 25 21 108 29 33 82 89 145 18 11 31 48 22 127 2 99 125 98 143 12 45 114 40 139 24 107 100 72 95 77 73 147 119 80 141 8 90 32 85 44 6 41 113 1 58 94 5 79 93 136 109 37 103 144 111 52 132 67 104 55 134 96 87 86 116 
56 150 113 137 45 4 22 110 50 20 94 102 29 11 108 47 147 131 81 49 27 77 2 122 63 100 120 3 69 133 17 132 97 144 21 143 141 149 146 128 73 90 135 80 65 83 55 5 59 14 41 145 44 57 51 99 48 76 104 142 119 84 117 10 106 54 61 60 68 75 85 8 103 124 46 33 
16 24 70 91 8 129 60 33 1 35 47 23 48 40 130 107 133 92 74 37 104 18 150 118 7 44 10 83 135 149 134 128 139 106 116 121 9 123 110 90 64 131 105 66 82 120 98 22 75 85 38 127 31 26 112 4 72 88 147 148 117 89 43 145 13 27 15 126 108 84 136 97 50 87 62 57 122 
120 74 129 6 138 67 9 109 89 108 1 47 116 83 93 104 48 71 147 99 42 64 141 148 49 96 65 94 90 110 57 69 11 126 23 61 31 135 95 33 97 100 59 15 37 124 98 81 88 27 84 144 112 134 22 111 38 82 8 52 35 127 66 44 39 56 114 36 118 25 87 41 102 78 140 
24 41 97 120 108 83 110 62 104 44 96 5 150 141 21 7 20 121 124 98 140 69 87 82 36 146 149 109 95 4 143 12 56 145 112 65 57 125 48 9 32 58 90 38 52 137 101 119 11 73 115 66 14 61 51 49 80 100 19 6 71 111 35 18 17 70 67 34 76 117 89 40 33 
110 69 88 30 57 54 129 1 43 20 114 75 7 93 139 98 10 128 81 92 125 90 121 29 105 70 66 115 12 82 146 113 14 118 61 71 72 76 140 83 132 97 111 17 141 124 35 55 4 52 106 95 94 49 48 100 38 144 149 85 127 8 135 91 65 87 50 37 80 109 122 108 6 40 27 
50 64 36 136 135 30 52 56 21 55 121 53 146 39 132 147 85 87 81 9 140 114 126 33 119 69 93 101 118 8 134 91 104 94 129 108 112 78 13 95 67 66 18 16 131 123 125 143 141 48 83 54 70 45 40 82 92 142 99 6 47 35 72 113 128 120 145 96 4 17 68 89 62 
50 5 15 142 25 78 41 69 145 107 2 117 64 26 84 70 32 127 6 115 29 4 110 22 132 12 43 88 18 93 80 87 13 128 37 91 24 1 59 102 81 105 143 9 92 40 27 138 89 101 146 71 67 3 8 55 98 16 85 23 51 75 35 121 45 131 44 30 134 90 82 94 77 116 20 62 111 7 103 
58 84 127 94 48 106 97 124 75 89 9 34 1 78 63 85 37 148 26 123 111 61 8 92 44 132 54 96 52 144 24 119 99 12 5 45 2 15 7 146 10 117 128 25 11 108 90 20 68 122 105 65 130 43 27 102 35 126 143 50 140 80 70 88 47 
102 48 6 33 40 107 140 29 20 25 92 2 13 43 3 62 86 88 34 94 130 14 36 78 63 39 85 98 144 111 87 26 119 89 64 136 52 19 97 76 75 66 4 123 96 115 23 93 53 35 65 127 135 118 12 138 5 146 148 72 17 95 77 101 71 
95 126 139 39 124 26 116 93 96 50 108 66 69 138 41 22 113 30 140 131 115 16 133 3 81 37 146 63 102 36 149 114 24 78 112 5 119 77 128 101 103 135 130 11 111 129 44 2 91 85 56 54 40 121 125 82 31 52 143 110 62 99 46 4 132 55 6 89 74 7 72 87 14 73 88 59 49 
119 110 37 50 144 111 105 16 64 85 145 72 86 33 23 77 120 131 55 18 31 108 47 136 141 96 4 57 115 133 9 58 127 61 129 63 6 53 149 82 28 89 135 15 137 60 69 26 34 147 35 121 106 22 46 43 2 17 148 114 95 13 45 
88 93 1 136 18 109 132 37 44 113 4 69 134 121 143 150 27 137 97 66 144 123 135 78 36 107 7 114 148 105 21 16 41 39 64 138 31 90 70 68 96 76 30 77 25 92 128 61 106 131 146 49 43 112 100 72 42 24 60 126 59 103 149 52 119 34 117 111 82 62 48 
83 89 109 63 80 91 58 43 2 68 8 29 40 72 74 66 20 147 104 108 36 60 12 86 37 148 118 6 62 19 142 75 133 100 138 11 78 49 85 31 82 46 131 54 14 111 137 149 140 126 124 105 35 92 21 73 15 57 123 28 5 112 16 96 27 143 70 53 33 114 127 65 115 41 18 48 150 107 98 25 71 97 134 94 47 
11 7 60 126 139 87 107 148 26 50 134 13 25 114 100 70 69 95 67 104 64 72 93 71 49 31 59 14 66 6 113 143 44 128 24 54 147 55 73 1 133 105 86 37 29 2 127 150 32 90 138 47 80 96 91 83 82 78 30 110 131 36 117 10 121 122 76 85 92 137 89 38 77 116 56 145 52 
60 64 148 65 18 89 43 67 133 142 47 38 6 109 8 95 139 130 111 4 143 138 117 103 107 32 134 34 124 11 83 57 80 53 33 7 79 84 119 20 78 13 35 106 81 54 44 45 126 63 91 121 128 104 116 46 55 30 61 19 145 68 36 25 69 87 98 10 1 118 49 140 14 42 127 125 56 129 
142 34 106 90 107 80 140 13 129 112 115 119 96 135 121 92 11 20 81 109 102 144 38 76 147 128 66 70 32 86 12 149 103 89 145 137 15 43 122 31 68 114 85 136 141 143 54 99 39 26 5 134 74 30 41 44 118 55 36 33 130 150 46 65 58 57 105 16 101 51 75 25 146 9 
39 95 52 69 132 119 78 93 138 79 142 135 48 124 108 141 92 80 2 33 66 16 63 111 8 71 17 90 128 23 88 7 146 11 83 36 137 24 49 57 121 26 147 105 99 10 35 101 117 110 116 136 42 41 64 140 127 37 29 106 82 67 139 4 44 13 18 84 59 87 85 129 6 3 
30 7 125 77 109 14 66 111 85 82 25 116 88 50 9 90 47 79 3 44 101 54 62 76 11 144 24 37 46 92 108 15 21 148 72 122 58 84 49 22 56 112 55 138 57 12 146 38 91 87 129 52 83 68 130 124 13 145 61 80 127 93 71 131 19 106 100 36 26 65 63 96 18 104 1 6 34 140 
139 5 33 108 49 39 22 147 80 29 141 12 37 116 59 87 35 20 118 65 67 55 117 75 140 150 4 120 95 38 97 64 72 46 73 104 74 96 84 92 10 56 127 77 101 42 78 3 58 57 143 1 98 40 14 85 112 89 90 6 53 86 81 30 132 105 106 47 76 123 23 94 63 8 48 114 144 
76 146 56 147 90 150 149 77 113 109 55 144 85 121 133 65 129 27 95 145 25 4 49 115 135 136 120 92 48 12 110 102 16 44 69 82 143 41 68 98 125 17 130 101 29 43 10 139 111 21 94 35 13 51 60 33 73 54 79 64 58 119 9 108 40 124 50 5 
22 74 18 73 51 47 132 101 116 62 113 96 60 13 50 121 85 149 140 70 17 80 128 145 142 63 94 131 19 57 84 81 24 79 144 147 65 136 41 29 69 2 64 61 134 91 32 42 104 111 150 10 86 109 25 38 120 103 56 4 126 37 33 82 7 92 148 97 1 90 53 34 
149 46 115 138 26 28 74 110 36 120 82 52 72 11 84 121 128 31 107 49 10 61 14 140 70 29 90 17 71 92 143 18 51 76 95 50 19 35 23 119 91 80 75 96 150 8 13 99 136 7 55 102 6 103 4 42 139 113 64 117 134 40 145 22 118 20 1 130 65 25 88 
43 149 61 122 133 1 14 15 86 127 103 2 129 104 7 16 106 85 82 42 40 4 92 140 95 50 77 78 38 8 90 102 81 76 80 131 54 67 33 150 136 108 89 145 110 27 125 143 47 138 21 109 72 128 64 75 53 17 39 105 26 73 41 24 35 48 84 12 79 23 70 87 
27 84 108 80 120 32 3 139 56 91 76 94 21 53 145 110 144 8 59 141 70 87 17 92 137 22 49 86 99 132 150 14 45 88 147 43 77 73 111 24 38 11 25 7 67 33 107 138 81 78 89 74 6 136 40 26 125 60 41 106 20 148 64 96 143 50 58 115 52 1 97 100 46 128 12 85 39 30 31 
55 4 143 127 144 52 47 139 35 108 134 116 65 34 86 75 67 3 128 104 73 82 99 77 138 105 123 100 137 15 147 2 111 70 46 60 16 38 21 17 79 149 29 30 18 133 118 48 74 148 120 97 71 56 140 9 88 115 32 63 14 19 98 37 113 69 85 126 109 
62 114 83 28 69 42 84 63 74 130 147 2 30 110 101 58 38 143 115 44 89 43 111 71 112 60 126 29 87 120 70 121 106 52 27 75 146 3 7 104 137 76 150 78 22 14 113 9 109 5 11 51 117 4 61 134 19 124 15 1 86 6 127 65 80 8 37 99 
128 81 47 33 149 31 3 104 65 121 102 25 138 111 141 54 1 23 130 18 125 115 36 4 116 20 22 8 113 133 7 108 101 30 107 38 143 57 90 19 75 88 110 66 144 45 59 87 119 5 16 93 103 134 124 6 109 105 83 60 46 92 129 63 14 42 15 150 77 37 123 58 64 61 49 139 68 136 70 74 86 100 
10 68 146 130 91 6 31 32 117 66 102 69 90 149 22 95 23 40 135 96 44 94 2 20 103 109 127 1 112 26 122 147 72 74 125 24 132 145 29 42 43 148 51 118 83 104 76 113 150 93 141 133 28 81 129 143 107 41 119 71 4 100 13 30 124 35 
30 129 31 72 40 134 148 84 106 81 147 1 142 117 58 52 128 17 145 59 131 101 64 16 3 115 138 22 98 92 66 55 56 74 68 150 11 124 24 103 4 65 143 70 139 2 69 5 77 7 136 87 25 96 104 67 102 75 95 51 26 89 132 133 97 73 18 135 116 127 149 126 8 85 
25 100 14 75 136 101 38 56 58 105 8 124 98 104 70 111 118 52 116 43 129 146 149 40 127 54 148 80 120 20 41 117 36 110 7 90 16 112 74 5 26 113 78 24 79 139 128 9 42 67 99 72 131 33 61 125 94 86 28 50 133 32 66 19 34 150 10 132 103 145 84 102 57 23 
130 56 144 113 119 41 11 115 63 68 21 129 141 90 94 57 53 107 10 127 55 93 58 100 76 89 9 31 15 99 27 24 19 139 13 128 123 88 108 62 17 86 33 61 97 45 92 85 36 132 42 121 69 72 44 32 120 16 106 103 54 91 50 73 101 136 149 47 35 7 64 74 65 28 131 104 51 109 71 
26 125 25 54 10 52 39 139 38 119 46 148 50 99 132 65 57 41 37 5 111 28 31 146 49 150 138 100 101 105 147 142 140 137 134 69 90 144 40 48 112 64 3 36 107 141 78 68 116 34 2 13 120 79 66 55 20 53 77 118 56 22 97 87 92 4 126 93 
66 52 20 146 37 33 26 41 54 102 59 135 40 126 134 24 98 53 70 44 142 110 104 119 73 19 72 132 32 23 144 69 115 68 108 105 94 75 43 141 3 112 113 15 80 74 13 125 90 25 85 128 31 137 130 21 147 17 96 116 122 81 127 140 139 88 2 109 34 77 58 
4 57 105 132 17 93 126 75 53 60 90 20 65 144 8 13 119 87 99 1 117 51 52 44 24 47 70 86 2 115 101 89 6 147 42 139 71 149 122 92 148 7 59 68 80 97 128 67 102 11 50 56 123 34 62 125 145 118 116 36 136 9 114 14 106 32 64 27 58 74 12 76 146 61 104 23 28 72 112 82 131 84 69 
34 121 133 77 39 107 67 8 3 148 109 60 14 10 124 138 42 81 98 105 113 85 108 43 70 64 76 145 65 102 74 17 1 13 33 15 75 95 129 136 104 89 110 2 115 36 135 82 9 51 72 91 101 127 35 125 142 106 140 29 149 94 23 18 6 4 47 27 12 134 40 62 78 96 
51 45 77 111 65 75 116 132 54 109 124 83 85 108 121 143 1 133 34 32 120 48 9 38 58 57 60 128 56 11 92 40 145 23 135 43 16 22 47 105 123 80 49 103 94 53 74 89 37 93 61 140 2 24 46 66 69 98 18 20 142 55 115 3 29 78 138 131 139 68 104 117 21 28 70 110 7 90 118 25 
22 9 21 99 43 102 140 76 109 53 63 58 96 68 146 47 120 14 75 28 60 26 113 33 45 38 69 82 115 30 54 5 137 42 39 125 25 13 4 126 150 19 93 129 84 48 34 59 78 132 89 142 61 56 105 122 147 6 138 128 145 23 97 148 10 116 73 44 49 101 127 
85 128 124 53 33 121 116 100 112 19 51 126 61 26 104 31 46 6 120 75 15 50 80 32 86 130 4 99 17 127 8 64 142 57 21 34 106 1 62 5 43 13 23 30 70 7 144 88 146 60 2 92 102 131 107 111 123 132 149 18 74 54 114 16 117 66 10 22 14 118 59 136 65 87 138 77 40 55 58 82 42 24 47 20 45 67 
84 42 65 105 93 144 38 145 115 81 63 135 10 73 33 140 28 52 46 82 126 5 133 109 85 54 37 113 95 25 97 137 15 142 101 55 14 87 104 72 146 56 58 30 48 24 91 143 26 22 45 79 53 6 92 69 149 78 1 129 128 13 43 74 51 150 71 141 139 70 7 67 4 68 12 19 83 17 59 
27 79 58 110 38 86 72 25 3 53 113 102 134 49 65 64 116 99 117 141 73 16 75 15 69 126 147 10 21 142 106 14 121 97 132 90 93 138 128 28 130 133 43 57 61 108 145 24 23 114 96 82 34 112 26 36 66 150 19 56 
144 68 90 80 49 129 71 103 10 83 117 78 40 73 148 75 87 82 41 134 30 18 89 7 111 26 112 145 9 3 123 17 64 65 72 56 93 95 53 140 5 104 21 97 106 57 58 139 70 38 85 114 119 94 59 13 67 39 74 36 24 29 69 133 63 149 60 33 
15 65 92 120 51 47 91 22 124 78 121 108 82 79 130 5 33 87 29 26 23 101 137 54 14 18 119 83 41 90 113 115 44 11 68 88 56 61 2 63 36 133 31 103 85 142 42 12 135 48 7 27 118 145 125 45 49 24 37 69 139 57 97 50 9 58 116 127 109 60 13 30 
34 127 125 40 29 137 42 120 145 92 86 148 15 45 25 131 31 142 146 95 11 48 122 22 6 121 21 82 58 149 87 71 24 60 112 59 41 144 19 105 13 103 116 128 20 64 52 16 54 28 44 150 75 130 102 139 51 70 84 33 79 133 140 81 5 23 96 135 57 56 17 72 49 
127 119 62 73 106 98 55 61 37 133 60 45 114 86 105 126 107 92 128 50 16 66 17 42 149 118 36 139 18 108 65 5 90 80 13 40 23 39 104 103 35 113 4 51 137 116 74 54 10 117 7 121 110 6 138 56 3 94 43 9 44 109 21 12 140 150 38 71 57 70 11 123 79 112 99 143 15 30 68 47 
11 55 121 98 126 40 117 100 30 124 73 61 130 32 5 47 139 94 45 69 6 25 65 64 63 146 75 70 13 91 50 35 79 80 120 86 59 57 62 15 3 44 16 122 17 54 60 19 109 141 72 51 127 143 131 18 88 114 138 67 7 84 37 111 
11 148 44 32 5 52 140 60 98 85 43 15 88 93 12 55 75 18 136 122 133 145 59 91 142 115 112 64 27 139 80 40 82 100 120 92 14 38 106 111 130 24 35 114 135 54 76 90 50 105 108 42 118 72 1 16 83 56 128 63 23 146 53 29 13 129 70 137 110 144 4 126 3 28 
22 138 97 49 51 113 131 117 147 12 87 50 143 108 116 84 46 48 56 41 47 54 106 139 64 115 128 16 58 2 124 149 76 120 66 26 119 37 32 15 60 144 137 18 20 44 112 19 107 6 111 101 80 123 96 8 70 130 10 24 135 43 71 23 99 31 95 53 102 55 122 1 28 86 81 
98 81 19 104 137 68 107 108 51 22 89 8 76 82 6 125 50 27 112 73 148 102 5 52 135 77 32 31 143 85 146 47 110 11 57 130 83 54 123 147 109 75 124 24 44 131 140 7 67 133 142 105 138 30 132 119 88 103 61 91 34 115 126 59 134 46 40 18 128 127 29 95 17 41 20 9 35 49 
150 49 13 16 56 1 6 113 14 133 15 22 89 40 32 134 149 125 97 65 46 103 42 79 146 63 9 35 96 128 116 17 39 54 5 64 2 140 52 132 143 55 21 131 27 148 69 114 37 7 12 119 110 130 129 18 121 25 51 78 122 147 82 44 81 83 11 75 76 26 
36 120 48 68 40 2 29 78 60 57 31 149 71 33 103 93 81 50 117 67 86 146 90 35 58 23 46 5 55 134 124 26 147 69 135 148 118 17 133 6 123 83 142 72 106 127 42 77 44 128 136 130 111 12 109 122 18 141 137 27 70 98 88 49 82 110 80 61 85 7 116 115 126 
46 48 73 58 80 10 85 59 89 117 115 47 4 103 119 81 128 12 49 1 121 98 108 114 11 61 88 74 8 78 15 21 37 135 130 120 27 113 145 71 109 50 111 5 118 116 30 127 99 24 25 45 34 60 79 52 123 13 91 29 67 136 150 9 139 86 32 122 38 54 35 17 94 142 40 84 
125 139 124 78 12 108 22 134 11 87 126 74 105 143 100 4 94 33 3 66 144 79 41 120 119 24 18 67 63 136 115 46 141 38 73 72 81 40 21 102 93 101 47 45 132 146 26 104 51 52 129 142 61 9 7 19 99 82 147 44 92 127 80 58 1 145 39 95 
54 55 122 80 114 139 119 81 22 25 45 78 90 130 121 111 133 69 8 66 141 21 115 24 38 51 48 57 34 5 20 138 41 140 29 72 64 77 92 79 76 84 150 126 95 50 52 82 70 146 3 74 142 1 131 103 40 7 99 129 16 46 4 144 127 116 44 65 134 32 132 109 87 85 53 33 123 107 47 148 135 86 89 
124 85 86 58 78 128 2 110 6 34 143 133 132 41 90 7 5 48 33 97 44 134 14 74 103 29 107 38 8 140 95 47 139 1 13 120 106 114 56 62 35 59 15 46 141 84 64 24 99 53 68 145 127 65 63 20 83 67 87 149 76 31 136 70 32 88 81 3 146 94 109 138 121 19 144 108 27 111 
128 69 92 148 140 50 59 143 27 66 108 62 42 35 117 53 101 115 80 85 19 138 86 67 130 16 56 133 82 142 7 40 89 147 126 150 20 63 136 47 127 23 33 98 91 75 1 36 111 95 137 135 125 5 141 110 21 8 37 105 74 97 129 38 121 70 45 119 122 77 109 24 22 52 68 
75 24 67 45 89 32 64 148 51 138 79 50 104 78 31 124 134 83 86 23 116 140 141 5 60 82 99 7 98 3 128 18 123 66 63 132 105 129 8 33 35 47 36 2 39 42 125 25 58 95 65 145 44 111 73 53 110 17 114 46 1 119 
110 50 26 69 51 118 78 149 74 102 137 82 130 103 115 33 105 68 98 34 93 128 112 45 142 143 122 57 109 42 49 139 70 133 8 106 95 39 32 29 64 59 24 75 25 31 71 129 55 91 86 23 62 116 119 5 87 136 44 6 20 150 43 76 37 56 97 36 10 99 53 54 61 84 40 113 47 1 52 21 3 18 140 
45 110 106 122 131 132 84 71 48 51 88 31 54 69 135 2 139 142 79 125 8 38 1 46 96 14 21 149 37 74 82 95 12 101 137 56 104 32 86 77 6 7 140 76 134 102 28 72 133 11 17 25 55 143 99 148 123 34 108 141 78 30 40 119 66 112 111 24 44 105 64 27 67 93 87 63 90 
86 74 42 37 134 23 10 62 71 73 24 144 112 9 95 109 101 43 17 36 48 143 19 117 138 56 52 81 100 41 133 49 78 119 65 118 54 127 77 68 58 99 14 113 97 2 135 30 27 87 147 130 105 11 1 124 145 44 55 126 115 107 123 84 106 114 32 3 61 91 40 108 149 75 131 53 
59 125 38 23 89 128 64 68 83 97 76 66 107 16 5 6 14 8 1 12 106 17 144 102 71 131 29 21 3 96 75 118 149 50 126 77 19 42 121 72 142 61 58 51 78 81 54 48 92 35 24 41 45 101 105 33 123 98 13 87 55 49 104 69 36 63 7 109 20 147 114 56 120 18 62 116 31 60 
49 67 110 64 55 121 85 138 109 54 57 53 140 142 136 30 37 16 108 2 83 97 144 77 61 70 89 94 132 34 79 91 33 45 92 35 95 84 118 1 98 99 47 11 24 81 63 135 28 18 36 69 141 23 12 20 10 119 31 124 146 
36 93 2 28 134 76 41 131 52 95 145 123 110 11 117 88 82 142 42 90 147 40 26 91 84 78 5 12 19 4 86 63 138 23 61 133 132 57 98 31 22 72 56 79 108 146 124 71 149 150 129 65 43 122 38 6 14 24 25 100 143 47 77 102 16 17 140 51 73 35 1 45 81 9 
38 40 130 110 18 51 62 29 104 57 136 133 147 39 119 56 7 125 128 70 44 35 146 85 91 36 149 64 11 97 27 105 21 117 95 141 33 96 67 89 37 5 28 3 102 115 100 22 92 26 61 107 142 144 138 54 20 127 124 49 4 111 63 116 31 77 13 2 19 65 148 132 
40 145 84 116 131 87 4 104 88 24 132 19 26 15 37 41 99 46 33 20 55 16 64 67 137 139 22 60 86 44 133 110 142 75 93 126 31 108 2 136 78 101 106 114 58 48 90 118 80 119 10 61 77 129 134 103 62 85 76 82 146 6 25 3 73 98 140 97 102 35 56 71 39 128 127 17 
124 2 23 94 58 1 44 87 146 78 50 11 100 115 68 130 29 139 21 104 91 111 117 127 142 114 93 10 20 53 47 65 28 3 98 107 26 70 76 85 118 69 143 51 48 83 88 72 144 37 89 135 134 132 4 61 102 84 80 95 46 101 18 7 122 15 126 136 66 35 108 54 16 120 141 81 5 
120 73 79 138 70 48 146 144 128 140 55 113 89 121 37 136 13 53 36 80 131 139 116 20 150 44 95 68 114 118 12 15 91 35 46 102 145 33 87 85 77 133 101 2 127 137 98 132 66 110 148 28 39 141 96 52 106 59 4 19 65 25 58 23 63 92 81 
15 48 18 67 144 95 12 70 23 124 102 66 5 45 111 79 46 143 89 140 131 132 41 145 133 108 57 9 85 116 120 125 31 35 87 54 134 115 36 142 56 128 138 3 101 64 2 34 76 110 73 117 47 26 43 83 16 130 6 97 135 93 81 119 33 60 53 112 49 
85 99 36 13 10 45 108 63 78 139 24 33 43 66 55 57 145 110 61 3 118 60 6 114 122 98 11 71 148 44 100 20 150 23 82 37 14 79 42 73 130 84 39 4 49 83 8 68 5 135 109 137 103 112 133 115 62 48 146 52 134 102 19 120 7 26 93 126 51 107 17 95 104 67 29 128 22 140 127 106 46 59 92 
111 19 24 52 7 117 11 140 73 72 126 145 149 96 75 118 53 21 98 93 33 135 77 5 131 132 36 97 57 119 81 147 70 82 71 121 134 35 34 133 83 29 47 87 89 127 101 150 105 88 94 102 54 32 62 138 43 14 76 37 4 10 125 30 142 48 143 6 42 122 28 116 55 103 12 27 124 31 
12 134 62 106 132 56 130 44 63 128 71 55 91 47 111 57 102 93 10 41 141 104 77 94 105 32 7 133 78 16 50 112 131 43 120 67 65 53 145 150 66 123 38 46 125 3 82 61 73 72 127 87 13 122 68 89 86 117 5 100 58 96 9 1 146 95 143 6 
67 108 130 50 53 121 15 84 100 74 27 65 128 14 132 116 102 79 13 106 1 97 38 23 140 43 22 101 6 19 3 120 25 134 138 129 98 113 139 24 29 69 21 16 30 119 40 94 31 56 26 59 8 4 88 137 109 104 17 126 52 127 96 135 85 45 
87 39 102 129 35 76 4 14 107 142 128 121 126 127 22 50 78 53 111 2 148 145 42 110 59 17 45 44 104 109 92 89 113 98 12 30 13 57 8 43 134 60 130 85 21 82 37 95 137 124 101 131 99 11 63 7 27 41 33 46 70 133 40 64 26 29 25 125 1 
135 61 120 130 77 110 93 142 26 68 78 107 21 33 101 86 123 114 98 42 43 54 96 150 138 81 147 141 10 50 55 47 2 13 129 146 4 99 103 112 40 23 131 49 66 133 59 105 32 116 89 24 113 64 46 7 149 139 137 148 87 31 71 56 145 118 69 79 80 52 
109 17 39 99 123 6 26 12 69 141 86 85 83 56 71 44 48 111 18 35 47 126 57 81 42 75 1 93 9 100 94 130 74 66 28 103 11 14 51 140 114 7 79 55 78 38 148 129 45 50 34 61 142 143 106 121 120 88 43 118 137 37 8 128 84 107 
21 149 18 99 40 20 141 116 46 144 26 30 110 106 139 111 148 88 97 16 63 115 143 66 132 80 64 77 57 34 44 91 54 142 76 90 104 9 37 120 3 65 103 119 95 83 12 72 125 53 131 123 19 59 122 6 96 41 1 101 84 28 89 43 85 15 25 138 145 61 48 50 
53 35 39 84 38 93 117 131 140 121 28 79 101 105 145 62 15 120 11 54 2 9 116 148 24 106 142 68 59 33 104 51 34 69 7 80 133 47 66 22 4 115 102 114 81 65 64 147 74 146 50 89 110 60 43 122 96 95 135 119 88 76 17 13 103 3 94 77 44 56 70 58 5 123 136 150 82 23 10 31 86 48 25 99 41 132 128 
58 19 66 97 36 49 122 35 142 89 95 28 136 123 11 34 78 119 94 72 114 57 76 140 125 100 21 87 44 65 131 56 61 81 130 40 68 102 80 144 134 14 143 115 31 99 84 85 88 141 74 53 73 22 101 33 82 105 50 133 15 118 52 137 91 75 107 29 59 24 106 2 45 111 121 67 63 127 98 30 108 90 117 146 
24 67 103 125 12 81 115 134 78 35 37 46 90 107 41 8 108 1 138 148 16 106 61 17 62 56 42 34 66 79 47 25 92 132 135 142 100 15 123 69 146 48 50 80 71 33 54 141 68 18 14 32 97 26 30 122 27 130 86 28 57 2 137 150 53 74 9 124 113 29 5 88 104 82 3 4 
121 102 2 77 47 60 125 91 6 143 140 148 21 98 129 23 94 20 9 132 119 30 3 97 99 84 69 108 145 136 124 61 82 28 116 101 123 12 131 50 149 35 32 100 96 24 144 139 71 49 36 19 59 31 1 93 118 10 104 137 89 53 73 67 78 114 110 79 122 8 66 128 34 106 48 
149 117 72 1 100 142 13 94 69 46 120 57 8 63 98 140 82 65 85 89 111 123 58 25 74 81 99 110 44 126 80 28 47 137 19 62 96 34 130 124 43 16 61 87 113 147 128 138 10 23 104 48 115 6 121 144 29 118 64 134 18 32 52 109 150 135 127 53 
88 11 1 28 141 82 26 45 84 85 87 31 48 35 63 126 51 36 116 113 130 129 12 104 80 8 68 118 7 133 117 112 115 59 121 107 70 100 122 33 50 120 56 147 52 24 43 114 58 72 81 61 149 14 20 49 140 91 105 99 4 6 139 109 22 103 2 46 3 83 89 145 75 32 57 18 79 27 127 
40 39 79 26 124 147 108 123 16 90 135 47 119 97 13 35 53 64 128 142 101 86 66 7 71 61 117 34 104 76 21 50 11 143 36 20 110 46 62 94 91 52 78 24 118 120 18 81 28 114 4 15 115 14 37 80 65 121 106 9 109 127 138 48 95 113 93 136 92 74 99 105 132 87 100 
104 48 58 54 36 107 139 141 86 115 8 80 78 118 12 140 31 105 119 64 122 121 137 83 43 128 53 46 35 120 73 123 63 72 146 135 15 138 3 66 20 99 131 26 101 147 76 16 91 57 65 113 51 45 103 109 100 129 67 50 17 22 110 77 4 92 84 116 21 9 
118 116 124 94 149 21 14 86 68 60 109 30 67 2 84 119 23 122 99 112 97 90 79 62 41 53 87 127 139 63 104 133 4 102 52 26 43 136 143 142 106 110 12 134 34 44 15 38 120 80 18 54 98 101 32 50 48 57 45 8 93 25 61 147 71 13 131 56 146 129 140 27 
115 140 19 7 97 85 2 127 29 72 101 130 116 53 46 51 39 16 133 67 31 22 62 142 78 38 138 68 106 108 117 60 74 149 73 10 86 63 50 114 71 48 32 75 112 105 57 103 12 81 21 137 89 45 80 128 4 28 3 82 102 144 135 37 24 
83 97 17 76 101 142 106 24 55 65 48 122 140 3 129 84 16 124 68 64 131 25 49 31 134 44 123 23 94 136 108 119 128 88 145 90 98 130 4 11 95 93 62 63 22 148 13 109 50 99 146 67 75 125 52 117 32 77 35 38 2 36 141 115 149 
37 83 41 150 122 129 87 17 89 74 80 76 118 148 112 69 65 8 120 61 50 18 131 134 105 145 136 68 99 63 113 117 126 35 86 9 149 133 78 1 54 15 114 23 11 95 104 73 46 14 34 106 96 124 19 110 139 32 107 2 140 91 144 58 75 60 66 146 98 47 64 44 22 88 20 29 
43 51 138 85 20 134 109 102 130 80 145 26 47 108 73 44 65 87 135 71 22 103 38 115 90 61 105 76 14 116 148 6 37 25 75 97 119 46 33 35 1 11 84 104 98 56 66 19 16 149 132 68 24 126 82 2 18 4 34 81 93 50 28 83 70 94 92 29 144 122 95 96 124 78 117 5 53 
150 122 87 35 73 143 60 105 138 100 32 92 20 3 11 69 70 6 90 38 125 47 76 74 57 39 104 88 147 113 2 55 132 95 45 112 21 61 130 135 42 83 134 30 19 127 22 49 72 7 106 137 48 119 117 14 29 67 4 1 56 68 128 10 118 94 44 120 109 18 43 107 131 99 136 59 115 64 145 84 86 15 97 108 27 26 66 54 148 
121 104 78 144 26 116 107 125 4 147 45 21 52 83 143 44 40 2 91 84 19 16 51 14 54 101 150 96 10 149 82 35 124 70 55 142 134 67 49 57 36 79 1 11 62 117 13 128 37 105 30 7 112 126 47 132 75 68 38 109 46 129 114 43 90 103 56 137 106 
87 91 43 58 116 126 101 4 112 12 33 67 57 45 103 104 133 15 66 37 97 128 13 35 44 125 127 22 135 72 141 86 115 118 21 123 52 46 137 113 131 90 111 30 18 114 47 40 93 83 109 106 88 48 144 68 36 23 99 150 148 102 14 29 50 3 94 129 124 19 84 80 89 136 120 1 108 64 
80 113 1 90 20 125 64 95 28 103 37 126 121 55 141 23 120 105 57 77 67 116 42 76 140 10 48 4 130 128 49 100 31 11 144 59 24 109 34 110 52 70 96 79 22 73 3 58 61 30 106 14 135 74 5 75 133 63 98 65 71 26 38 66 118 35 9 50 87 99 51 40 19 149 108 78 16 
111 45 43 34 142 116 139 146 11 112 52 84 76 59 56 136 62 69 63 14 26 141 22 128 94 44 114 117 103 16 98 147 3 78 118 90 23 72 54 138 5 51 33 50 60 75 143 27 70 82 97 130 126 67 85 17 19 89 28 13 149 6 105 131 41 104 47 8 71 110 25 21 92 83 
67 65 119 121 14 85 49 55 15 4 74 12 110 87 107 94 8 118 120 50 66 62 150 21 127 38 3 103 2 139 137 117 45 71 97 115 92 124 27 37 58 69 35 25 19 147 75 73 53 80 31 32 23 51 123 10 1 138 72 130 90 102 132 126 91 52 88 113 93 46 9 81 86 105 140 57 24 79 148 17 
11 150 59 89 68 46 52 101 103 30 63 50 138 10 67 60 137 19 39 35 112 36 12 85 84 22 21 3 42 81 32 124 114 83 115 119 105 7 58 14 20 99 117 77 90 88 9 121 128 113 8 47 61 71 16 129 134 55 116 79 97 96 69 147 127 149 56 94 135 100 15 144 57 104 
43 76 100 145 18 22 140 41 146 127 133 71 70 65 14 103 51 124 132 5 12 67 52 135 85 48 80 106 57 36 134 144 64 3 54 99 10 9 91 28 72 34 75 47 131 110 68 84 111 88 35 62 30 20 114 46 120 101 21 50 98 24 38 141 79 77 37 53 113 6 83 
60 139 33 76 97 125 107 119 29 142 21 138 41 46 28 32 54 75 99 66 83 145 22 150 62 72 100 92 137 86 2 36 64 79 3 43 53 69 35 65 37 124 45 81 109 104 26 106 85 39 130 127 63 18 94 19 126 59 88 47 23 140 48 49 117 8 101 80 114 129 123 
86 9 137 25 98 95 38 8 55 131 67 73 82 41 34 12 105 124 50 113 35 80 14 53 17 126 19 132 146 32 79 63 62 114 30 111 20 61 76 92 23 18 78 94 81 21 3 40 24 2 56 136 144 108 135 64 33 43 89 120 100 110 141 143 139 85 47 22 52 90 109 46 31 101 71 130 138 74 4 72 
88 75 129 27 6 78 35 148 108 119 79 131 120 21 64 67 146 106 145 141 124 100 18 52 80 127 30 44 77 50 71 102 72 140 73 65 95 34 48 28 2 117 83 121 14 70 42 41 37 10 4 43 90 55 15 142 104 81 63 3 38 53 91 5 29 94 113 45 8 74 138 