150
29 39 130 9 92 59 6 46 88 42 105 35 123 56 52 14 128 106 53 17 43 77 110 21 50 11 139 133 67 18 55 2 68 54 94 24 34 69 137 99 25 93 10 82 80 102 44 84 112 76 86 114 73 60 64 38 79 40 61 26 134 125 146 141 127 57 20 111 143 28 66 97 121 83 36 27 74 72 3 7 124 122 89 30 107 95 47 58 142 147 65 90 119 140 126 109 75 117 85 131 23 19 144 41 31 91 108 33 70 8 120 150 135 132 96 22 104 49 
25 62 10 112 52 75 1 20 150 44 26 69 28 33 94 31 24 116 120 90 124 41 49 140 22 81 147 74 84 17 66 85 38 102 132 133 114 39 36 65 9 141 77 146 129 99 47 144 3 138 142 118 19 67 35 53 76 64 135 103 126 98 40 46 101 136 137 70 96 89 95 104 48 68 88 12 134 8 83 11 15 63 87 121 72 4 143 43 7 110 14 109 117 56 55 108 100 5 115 128 106 73 6 71 107 119 127 34 92 
64 116 69 99 61 23 146 96 118 41 140 127 42 82 134 73 28 38 137 47 128 142 76 75 52 72 70 125 2 89 98 10 106 150 143 108 55 71 37 62 141 24 65 117 21 46 79 91 36 80 93 19 49 94 105 148 35 13 144 60 59 88 97 12 90 58 104 124 20 26 123 83 130 15 1 92 84 51 103 120 113 114 18 145 31 40 102 149 133 9 53 8 67 32 81 112 78 110 6 57 25 43 87 66 45 132 101 54 131 34 4 63 126 115 14 
60 8 10 136 27 81 26 85 64 87 15 14 131 133 67 23 40 33 102 7 65 41 141 74 79 137 119 55 118 63 54 83 116 84 49 99 126 139 90 24 46 150 68 76 37 111 53 6 146 138 66 73 44 112 120 110 50 97 38 75 22 129 11 117 143 114 34 95 29 42 82 61 128 140 98 77 113 69 56 9 148 52 145 106 78 17 91 31 57 88 3 71 2 12 105 135 122 142 123 62 92 30 103 19 100 48 127 134 149 36 39 147 80 130 
31 37 19 7 38 138 23 135 53 109 100 27 103 66 75 145 112 97 149 83 47 15 57 125 78 81 130 18 91 102 60 113 132 58 139 134 11 118 34 110 50 72 51 111 35 129 70 127 43 150 20 17 137 8 106 86 105 12 85 143 71 55 119 142 73 77 22 30 87 115 33 141 41 136 121 24 120 117 146 45 49 69 108 122 28 14 84 52 26 90 107 2 65 32 95 80 99 98 9 76 96 42 10 114 36 144 93 124 
51 95 63 138 129 31 46 97 73 131 34 47 64 40 77 72 18 37 124 58 60 28 43 1 4 114 112 144 75 108 89 146 50 85 52 11 147 56 127 57 86 65 3 123 21 105 19 145 66 33 136 92 119 16 74 61 82 150 36 22 29 102 125 44 80 30 14 99 2 122 107 69 91 143 79 67 13 88 68 110 128 93 100 62 45 149 27 96 126 84 98 10 8 104 25 141 132 23 142 48 134 26 94 148 116 39 121 9 139 117 71 103 130 118 
62 136 5 111 73 69 77 110 56 148 75 65 20 37 128 22 52 40 63 85 54 21 57 99 124 97 115 93 41 2 92 26 144 18 4 102 147 72 49 82 142 78 70 120 86 114 24 27 122 51 87 17 45 34 23 42 140 8 134 31 35 81 13 139 117 66 64 119 9 96 46 38 28 112 123 12 59 146 101 32 116 105 1 16 30 76 150 100 91 88 118 83 129 89 125 103 55 143 79 39 113 133 50 149 
2 62 28 89 69 101 103 80 117 122 34 142 139 12 138 78 107 54 129 29 23 35 47 82 42 1 5 46 105 63 84 52 98 73 96 123 145 30 59 91 147 71 17 119 114 6 68 127 31 11 4 72 61 9 76 79 87 143 106 124 125 95 38 7 94 66 56 113 77 115 14 45 22 128 49 13 40 67 58 16 121 50 93 133 43 134 148 118 19 132 130 65 41 25 112 110 88 141 3 10 44 85 15 100 83 70 39 111 48 60 26 74 
4 51 90 1 34 53 130 99 132 30 88 95 94 54 76 146 69 15 89 23 38 83 44 105 8 120 101 117 81 22 107 127 141 21 147 122 98 110 3 115 134 113 42 126 14 125 103 2 65 91 77 145 31 45 28 13 139 52 24 59 135 116 92 144 142 93 58 40 137 32 108 84 102 73 36 72 26 129 49 87 7 96 57 128 35 136 62 109 112 6 97 79 131 5 29 63 46 17 41 10 143 150 138 140 148 16 133 70 64 60 71 18 61 11 121 
4 36 108 80 115 135 114 121 146 140 111 58 59 100 2 67 126 113 55 78 116 86 17 63 65 41 106 27 62 103 118 98 5 88 109 71 79 93 31 29 84 150 16 9 120 129 3 22 56 139 38 35 104 141 69 1 8 26 19 24 83 32 28 119 95 89 123 143 60 127 131 137 122 18 34 46 25 99 91 14 107 45 142 52 85 21 6 23 128 44 136 76 40 43 42 87 72 90 64 48 
25 44 122 51 150 16 146 38 96 89 83 56 65 110 129 39 18 19 121 36 109 97 59 93 15 1 92 79 2 103 120 33 114 76 102 53 58 149 101 21 107 91 72 4 78 17 88 20 12 66 105 32 57 43 9 124 64 8 148 27 75 5 69 6 52 112 140 119 87 22 132 131 94 115 118 35 127 61 13 47 106 99 145 133 98 29 45 60 62 63 74 138 90 49 80 77 126 137 82 100 117 108 70 134 67 34 128 
86 31 69 83 49 128 126 41 96 99 63 79 53 144 94 98 115 40 114 30 28 105 67 106 24 123 56 143 119 132 57 118 17 112 117 29 137 3 85 89 149 121 36 34 39 120 75 46 104 107 80 22 142 58 65 4 7 138 55 145 100 70 116 54 124 88 136 51 139 82 109 148 74 73 131 27 72 8 11 43 50 61 47 92 52 42 19 113 32 134 25 110 59 35 64 150 2 37 20 97 5 108 133 21 45 146 84 141 135 93 14 33 95 
35 69 72 101 125 68 58 40 140 50 148 42 131 150 67 15 135 37 75 84 27 20 144 104 23 112 136 128 3 121 83 32 64 145 142 124 122 29 82 81 114 47 48 46 94 118 80 141 77 39 33 105 109 93 61 98 116 97 70 92 51 63 86 100 36 117 66 91 62 26 19 31 54 59 146 137 149 110 11 139 18 56 103 44 25 76 28 111 57 16 88 106 134 130 65 8 87 30 119 143 45 9 6 7 138 17 21 73 14 120 71 95 
61 87 42 33 85 103 44 19 96 138 12 48 36 78 135 62 70 113 50 18 49 92 94 23 82 27 51 143 40 80 93 66 29 5 65 45 26 89 142 112 9 41 148 1 88 102 34 25 39 17 60 37 99 64 32 52 56 141 118 47 4 130 132 144 35 63 116 149 109 147 136 84 10 139 77 129 79 125 86 2 38 67 46 137 98 115 75 105 30 74 59 22 13 133 72 104 134 126 114 6 123 68 69 3 20 110 73 57 107 127 106 122 119 55 31 71 120 8 117 111 58 124 16 
11 105 110 50 148 121 26 141 42 135 46 40 41 59 38 106 32 96 89 21 112 115 126 130 35 131 145 71 3 23 143 111 39 139 76 49 140 45 91 128 119 82 20 64 97 132 31 55 33 129 81 69 61 51 73 122 144 94 99 85 57 107 137 13 8 47 87 101 53 34 67 66 54 74 2 58 62 88 123 25 79 16 65 113 98 37 36 77 17 75 86 80 52 28 134 27 5 147 102 9 90 70 78 18 84 100 72 43 4 104 56 108 68 149 118 24 114 
37 139 91 38 15 138 111 47 134 94 128 64 146 85 75 87 9 27 56 131 110 69 8 101 25 105 26 140 50 71 76 122 149 148 142 7 121 13 41 34 46 88 78 36 62 124 65 133 106 147 90 79 103 40 116 150 77 57 83 145 59 24 92 6 28 66 81 99 19 17 29 115 129 60 96 107 21 49 11 82 10 126 20 35 55 72 45 86 135 67 31 53 127 144 30 143 102 58 63 39 14 130 109 43 
97 77 36 81 84 21 138 147 140 16 104 30 50 143 100 139 107 144 66 54 110 56 141 15 109 35 1 20 94 78 72 28 88 105 71 8 129 12 127 24 51 37 46 87 39 4 146 131 68 89 113 91 106 148 80 118 126 53 27 9 96 74 112 70 2 42 57 40 86 59 101 67 10 75 25 133 31 120 45 93 14 124 44 49 116 33 145 121 92 135 83 85 23 7 38 63 5 26 95 34 60 111 22 76 41 137 47 102 79 43 130 150 58 69 52 123 11 19 48 125 13 
13 64 50 5 61 67 94 54 131 52 82 102 93 79 43 44 83 104 84 111 74 97 118 81 133 125 19 51 69 95 150 65 147 117 31 77 28 70 126 100 109 127 103 9 29 56 89 45 114 48 113 96 122 30 59 58 11 41 134 106 40 85 116 22 49 38 138 142 55 26 63 137 76 129 71 145 92 119 115 139 66 108 91 42 1 140 6 105 87 7 146 86 27 10 120 32 90 132 73 3 60 14 112 15 135 25 21 123 
92 41 123 88 3 147 126 90 36 48 121 116 83 107 8 69 58 57 124 11 42 39 10 55 100 91 28 2 40 20 93 111 138 79 146 61 120 63 132 14 65 54 137 17 94 119 70 43 129 108 68 136 32 71 29 6 130 99 117 35 82 80 4 60 16 78 96 30 140 59 31 135 18 25 144 5 50 102 34 13 51 33 87 22 142 46 145 127 103 139 97 86 37 149 113 128 104 112 114 47 84 133 143 27 76 101 109 150 12 52 1 24 125 49 
117 11 56 143 52 102 85 134 41 116 106 87 137 121 109 111 115 74 37 68 88 19 132 138 136 21 149 24 94 61 84 114 89 14 107 60 3 79 91 1 82 139 48 44 72 65 98 36 147 7 2 12 47 108 73 75 69 100 123 63 145 67 45 55 80 15 54 26 42 105 23 71 31 131 66 5 140 40 146 81 86 77 126 122 83 110 35 58 39 34 22 124 64 133 28 13 101 113 59 103 17 46 25 135 141 38 127 43 144 27 33 16 32 125 
59 10 30 32 60 87 46 92 39 23 35 122 11 128 99 146 31 47 48 55 51 134 58 109 16 105 67 145 132 121 29 143 88 13 69 80 68 106 66 6 76 84 102 64 53 93 15 96 45 98 57 1 131 112 125 116 3 117 85 130 17 73 20 7 72 12 82 94 89 133 120 126 90 150 140 138 61 50 44 111 136 103 54 91 18 137 28 123 34 108 81 38 97 127 22 139 37 104 49 36 24 124 62 147 9 26 
134 44 87 137 20 116 132 110 45 52 122 9 105 56 31 61 24 117 18 55 19 143 12 30 120 126 140 139 119 80 138 73 104 49 96 53 28 90 101 54 106 66 109 88 65 11 121 8 59 34 100 1 50 75 6 47 39 41 17 67 43 81 23 10 136 148 99 82 57 40 2 107 129 46 74 21 60 125 142 25 69 111 37 76 112 124 58 97 115 94 63 123 4 147 83 150 42 35 79 118 149 89 144 92 48 36 7 70 5 108 14 141 86 
8 37 78 142 21 42 130 120 129 9 4 66 137 35 99 77 46 17 55 147 108 118 49 128 53 101 107 45 124 34 126 136 131 65 83 87 44 80 52 93 68 61 89 82 41 140 141 71 5 20 76 103 60 134 110 43 148 85 63 30 95 36 81 133 119 26 1 121 13 106 10 94 6 29 90 15 72 92 115 31 104 114 111 139 113 58 27 150 125 144 25 56 57 32 14 69 48 70 73 67 112 109 47 138 116 105 24 100 39 28 146 74 7 117 145 22 3 64 
108 43 137 47 149 62 81 103 41 131 122 3 142 120 12 36 31 32 95 63 52 16 98 45 46 77 121 48 105 87 75 57 9 78 33 58 144 101 70 90 109 65 5 60 116 50 28 49 89 94 21 91 147 125 118 124 61 4 117 138 79 10 40 134 143 30 7 26 74 1 23 140 146 54 80 99 37 126 104 42 72 22 106 127 67 132 17 115 107 53 76 20 2 34 85 66 39 19 119 82 56 96 86 83 141 100 123 136 133 68 15 113 
35 107 128 37 47 133 130 3 92 32 144 62 42 84 72 112 90 115 87 2 75 93 40 150 105 138 89 57 106 67 54 81 149 15 27 110 118 124 18 66 120 23 96 30 134 126 71 113 53 80 109 114 22 45 11 6 48 61 135 127 65 74 94 16 99 88 59 1 34 41 10 146 73 55 76 17 46 86 13 102 111 116 12 136 64 131 60 137 100 98 39 68 78 44 14 36 85 104 63 79 83 52 28 108 20 69 19 91 29 95 142 8 
107 2 35 132 130 61 117 102 94 17 86 69 81 67 145 57 40 43 45 34 13 5 31 60 109 15 54 28 129 6 136 64 122 39 142 77 119 100 150 65 52 46 121 137 27 44 8 10 30 85 29 23 111 134 97 33 141 139 16 32 135 106 149 21 143 127 148 9 112 83 74 147 91 68 47 58 78 98 20 38 144 41 90 55 82 72 3 66 131 113 140 80 110 118 87 116 70 24 7 92 108 36 76 49 79 93 75 4 95 114 14 18 53 1 89 42 99 
53 142 104 95 75 131 17 45 46 123 58 90 88 102 144 49 114 107 127 66 132 42 54 130 78 76 14 85 36 73 35 68 115 13 60 56 112 48 7 65 12 139 64 50 6 16 63 40 140 15 37 148 52 33 106 146 51 141 84 55 147 120 124 121 18 59 70 83 128 5 117 136 122 110 62 30 137 111 67 26 91 135 1 92 19 150 80 125 23 129 94 38 4 119 20 105 116 133 25 11 61 113 10 134 118 138 43 81 39 57 89 
9 3 43 39 86 88 114 70 73 71 38 35 139 22 57 147 5 30 68 150 56 46 124 100 69 76 26 91 64 10 37 19 110 40 96 81 59 47 90 7 102 92 112 83 137 50 97 15 23 49 18 1 34 98 115 140 99 146 149 125 21 120 89 66 2 12 132 148 84 36 32 20 109 16 24 52 62 25 87 119 85 127 129 121 104 80 29 75 111 135 78 82 61 72 79 113 130 107 145 6 44 48 108 51 55 93 67 58 142 134 60 17 122 143 13 123 141 33 116 8 138 
64 81 26 56 149 28 92 4 48 13 68 108 19 38 140 50 119 52 65 63 42 113 60 148 145 1 43 101 18 135 90 110 82 111 87 106 100 103 150 86 32 74 102 97 99 93 134 144 37 141 84 76 139 23 95 129 66 120 44 98 128 71 143 91 9 67 132 58 57 59 136 8 25 124 72 116 121 14 79 11 33 107 41 83 126 73 34 30 12 61 40 49 21 142 96 16 105 115 10 6 51 46 78 77 47 
36 34 122 116 12 27 107 42 19 72 14 119 25 67 111 86 90 22 37 53 41 141 18 39 6 29 63 131 74 135 84 23 81 118 96 98 46 145 80 24 33 4 134 65 31 137 71 75 126 50 121 148 9 130 54 125 93 47 109 140 105 149 123 120 52 82 28 35 7 91 49 13 146 127 106 108 87 99 64 132 5 95 97 76 1 142 83 144 16 26 21 129 133 69 150 112 45 60 88 17 143 104 147 139 48 8 102 117 114 43 57 110 94 32 
106 2 132 14 113 109 116 50 6 92 148 97 5 20 19 140 8 90 86 57 48 37 54 71 110 41 70 80 13 51 115 91 42 122 10 131 17 98 69 67 144 79 58 44 120 101 65 52 114 34 146 18 35 83 100 85 139 137 4 141 55 38 7 103 36 149 49 53 24 21 105 16 130 118 145 72 82 126 133 143 3 23 111 30 60 33 150 142 99 46 32 63 43 95 112 15 107 12 128 121 56 22 9 66 74 39 138 26 1 117 76 94 89 
24 91 57 59 15 94 88 138 11 53 48 109 122 78 69 9 10 113 103 49 135 141 96 55 129 84 7 46 5 47 81 131 132 86 124 62 126 74 40 50 56 60 92 112 75 64 114 137 98 85 20 41 61 30 70 29 145 58 149 115 90 18 43 150 77 99 12 139 116 87 118 25 102 13 107 52 14 44 54 130 93 119 3 21 146 65 51 97 31 147 121 19 117 45 144 105 136 80 128 26 38 67 33 36 100 23 76 28 123 104 
118 46 141 137 59 68 12 36 122 13 26 123 52 74 127 87 102 128 117 77 98 4 28 30 134 81 42 57 126 135 133 17 140 67 56 130 6 14 142 116 35 43 86 89 60 129 71 80 143 65 121 15 45 125 27 47 119 70 20 88 75 5 95 115 132 146 62 24 69 32 19 29 38 72 90 111 144 94 58 61 99 54 31 49 34 92 110 11 2 103 96 136 114 97 37 39 1 100 150 124 51 148 109 91 48 
62 47 99 41 131 2 16 109 135 134 26 29 82 120 97 3 112 85 149 87 49 100 117 147 69 138 110 57 102 84 12 60 74 119 23 78 86 15 90 1 101 126 30 56 121 88 142 95 45 148 51 14 54 144 20 143 133 107 124 22 63 65 75 4 128 125 113 105 21 36 7 127 11 132 115 33 37 25 6 77 17 83 48 80 8 9 104 111 136 10 50 130 70 96 150 122 108 44 55 118 24 35 68 67 145 123 81 66 40 5 19 114 31 28 139 
73 111 85 58 52 146 27 44 119 122 8 124 120 64 16 36 68 134 50 108 48 131 144 141 7 128 90 145 96 25 14 72 123 33 87 13 43 9 86 40 149 2 91 105 93 92 22 30 126 15 26 110 12 82 109 3 65 148 133 77 1 39 60 69 63 139 138 51 19 67 21 5 99 37 100 70 107 135 140 28 20 56 112 117 130 66 103 10 101 57 132 46 75 11 17 125 143 23 115 95 34 127 47 106 41 94 59 147 31 89 137 62 
21 150 4 80 111 86 12 118 112 59 73 32 77 52 109 38 142 58 47 23 136 98 129 147 145 14 6 139 68 93 115 85 9 16 94 133 63 1 11 113 51 49 87 28 56 108 57 26 121 82 20 44 83 149 13 46 3 67 88 144 43 37 60 116 50 89 39 17 5 124 107 84 78 114 69 125 33 134 102 35 128 122 75 64 30 126 146 31 34 74 71 141 120 138 96 19 101 41 10 70 123 25 119 76 131 103 15 99 143 72 81 2 48 22 24 27 104 53 40 
112 123 16 14 72 146 135 4 25 33 84 149 42 147 66 129 31 30 29 104 13 97 139 63 50 98 90 24 91 21 116 125 3 81 95 108 128 22 5 15 114 6 94 34 96 79 144 122 12 113 40 118 74 138 83 115 58 76 70 60 51 132 57 130 134 27 52 105 148 143 35 39 28 92 150 38 43 19 140 54 78 87 44 73 86 65 137 141 145 23 68 36 127 59 47 7 67 56 100 62 53 107 46 117 61 41 69 85 136 101 131 64 20 17 142 102 111 
5 119 141 133 94 110 84 115 33 50 37 63 16 101 137 125 88 113 134 97 103 44 17 99 87 32 136 36 118 77 80 1 54 14 11 41 138 47 58 46 74 122 20 116 4 45 39 81 79 73 150 142 148 90 64 7 140 21 42 131 15 18 127 82 117 96 65 52 98 75 123 10 149 89 28 8 128 108 27 95 126 106 59 3 91 62 146 9 83 107 147 78 121 66 29 130 132 111 86 102 76 143 31 51 114 72 144 2 93 26 85 109 
38 43 46 109 89 77 27 106 95 103 52 110 76 130 87 20 26 40 129 150 15 96 139 61 11 143 55 144 21 114 93 108 59 73 116 24 63 47 107 102 22 113 1 132 51 135 146 140 84 100 82 71 19 35 128 92 147 138 98 4 131 8 78 17 121 14 67 69 16 48 112 57 99 74 7 134 124 86 56 97 33 88 105 120 54 75 141 85 49 13 23 79 101 45 133 12 28 25 111 42 72 94 37 2 91 31 50 123 148 149 122 58 145 142 83 30 36 6 137 
93 143 108 45 80 79 16 138 7 89 4 144 43 98 111 44 1 22 129 90 75 96 28 94 116 41 61 20 142 139 105 51 125 148 130 117 19 69 46 27 77 76 8 91 47 36 71 64 65 84 141 146 97 18 121 53 9 13 115 52 106 123 62 25 78 32 14 10 73 135 131 85 100 15 29 49 120 24 68 37 107 12 17 3 34 6 137 124 134 70 56 39 88 112 122 147 26 109 2 50 54 150 119 55 110 48 59 132 35 114 57 
40 63 102 100 116 71 8 74 9 122 37 101 120 130 85 89 129 91 64 133 22 82 96 123 93 127 111 25 86 20 65 12 113 75 112 62 134 48 45 95 81 18 19 55 121 149 150 69 29 87 136 144 14 42 34 10 52 146 126 36 51 94 30 43 15 139 114 137 24 23 53 4 77 35 26 106 92 44 90 135 124 80 67 59 78 105 49 1 128 148 88 60 147 141 66 50 76 32 142 84 56 17 79 107 7 104 138 2 57 3 97 109 16 132 31 5 118 38 72 131 
146 17 55 75 143 94 135 66 119 82 68 20 129 89 69 29 147 150 19 44 26 106 78 122 62 1 81 123 85 117 5 48 142 12 7 98 112 47 41 93 80 77 133 70 127 59 120 15 74 9 49 50 13 126 90 31 33 58 125 27 53 140 97 38 115 22 8 95 30 138 52 134 65 37 39 101 102 104 103 139 87 99 23 60 25 67 64 76 132 100 124 141 46 61 54 109 136 131 105 3 18 4 51 45 10 63 144 86 14 88 92 57 24 84 
121 117 62 141 109 72 76 81 66 11 70 146 49 68 107 139 41 56 48 104 100 44 2 20 93 96 26 120 122 39 75 105 116 67 114 52 86 92 150 22 40 15 61 54 101 27 3 23 129 148 85 59 69 78 29 74 46 71 1 127 53 147 143 118 17 88 30 138 51 31 125 128 134 77 99 50 37 64 35 65 124 63 10 130 137 47 91 60 5 18 103 115 106 102 133 24 149 140 95 145 136 16 126 132 73 144 6 45 142 12 19 97 87 36 8 32 33 119 83 28 
74 28 8 18 137 136 81 75 55 106 141 120 146 25 11 140 1 10 66 113 100 148 6 21 45 104 88 99 102 70 143 26 58 129 145 110 40 115 32 125 82 142 73 78 87 126 69 149 134 61 57 4 84 38 85 34 20 122 17 67 43 64 133 23 60 103 123 37 147 54 114 80 94 119 109 41 98 22 144 150 46 31 118 77 50 2 96 42 14 95 13 29 71 36 139 68 131 72 135 35 107 63 138 92 86 130 9 105 
59 110 78 90 52 12 95 133 63 14 101 51 79 88 87 49 126 34 30 68 58 24 122 123 55 6 53 135 3 97 8 119 11 143 25 10 13 80 118 18 144 26 17 115 112 66 138 41 54 92 23 32 141 116 84 111 69 99 89 9 48 16 61 42 22 43 131 109 21 104 44 94 120 75 67 121 98 60 65 81 102 7 64 40 91 50 62 93 149 86 128 47 124 74 134 73 140 33 145 15 85 147 27 129 142 107 77 103 20 139 39 146 76 100 108 38 113 5 57 56 117 
123 14 16 93 60 114 101 2 124 127 149 98 111 75 55 64 24 74 22 116 42 133 94 31 17 3 48 65 30 83 95 142 29 145 69 10 76 128 37 28 105 27 112 146 130 106 12 20 78 121 115 56 96 26 32 85 135 144 103 52 73 107 15 21 43 137 81 8 117 109 38 50 44 1 25 88 108 97 57 99 113 4 39 61 47 6 84 138 35 132 9 104 13 40 49 58 141 92 66 150 89 139 80 79 131 122 119 23 140 102 36 7 68 19 118 110 59 33 
6 103 130 35 101 11 66 57 49 24 23 32 43 88 42 121 76 146 40 16 28 148 106 71 96 38 143 19 30 22 15 26 21 75 134 114 86 85 2 127 79 149 115 63 92 98 116 50 145 118 140 56 133 110 108 138 87 36 113 123 112 17 68 70 120 37 67 147 129 107 89 95 131 29 150 46 73 132 45 5 33 135 55 65 13 61 60 99 125 39 14 109 25 64 3 94 139 144 97 59 51 90 122 91 84 82 80 1 81 48 72 8 142 20 119 83 34 62 74 58 12 128 78 141 
20 29 150 8 2 88 4 141 57 51 64 120 24 35 25 27 149 30 112 103 74 77 13 49 134 73 43 122 32 148 42 96 21 76 58 59 124 78 40 83 119 46 98 121 52 47 23 115 65 130 94 131 99 101 132 140 90 129 109 127 87 34 67 113 18 71 17 45 79 105 92 81 75 33 123 143 137 126 97 138 95 22 68 116 6 28 147 100 56 80 55 31 53 125 118 86 36 133 89 107 39 62 19 136 102 146 110 41 10 91 14 60 
113 24 83 4 60 85 51 75 42 53 40 98 27 100 26 77 97 19 111 15 31 78 18 46 9 8 107 1 137 110 114 103 34 43 45 129 132 30 23 11 29 144 102 79 134 67 55 36 117 21 96 139 94 112 88 106 121 147 76 91 118 16 65 48 146 56 123 104 73 3 68 90 33 87 39 81 69 150 7 133 143 142 149 140 141 50 17 47 92 84 28 145 95 127 136 22 82 125 2 120 57 41 5 135 109 12 66 115 148 32 64 61 86 131 130 58 14 70 
21 15 63 35 137 29 111 116 4 6 36 135 49 14 8 140 95 1 91 67 112 101 81 110 127 122 103 69 128 144 98 5 139 52 109 78 45 105 133 118 47 66 77 44 40 7 54 72 57 41 131 68 16 88 149 53 84 17 75 27 39 12 43 130 125 97 138 82 61 30 100 34 119 102 92 108 55 22 80 147 24 94 31 145 19 32 70 136 64 76 46 85 58 71 129 51 141 42 93 56 123 143 142 148 65 38 89 28 62 37 18 150 13 146 
31 144 37 6 12 146 75 54 13 132 67 11 99 5 69 107 148 100 97 74 105 90 88 18 48 40 49 61 7 58 65 94 140 43 128 9 47 112 123 41 63 52 27 85 110 29 81 115 106 60 39 133 109 80 34 138 142 32 62 78 66 42 56 71 57 87 114 21 96 53 89 38 17 111 104 135 147 108 131 77 120 76 33 15 116 28 125 145 134 50 102 70 136 119 149 92 143 150 35 82 45 19 3 127 83 101 84 91 36 130 14 
139 59 29 79 140 117 36 38 103 25 57 97 46 39 35 30 14 99 145 53 71 26 72 55 82 33 31 7 136 62 4 77 89 112 128 70 116 1 123 45 129 23 67 107 135 126 124 48 121 40 22 81 20 131 144 17 142 105 78 51 50 108 143 37 64 32 41 75 91 63 8 24 150 120 147 74 9 95 100 54 58 92 6 65 10 68 18 88 146 43 15 110 3 114 90 118 134 96 66 76 69 93 42 109 138 61 56 85 19 28 101 5 27 84 11 60 12 115 2 111 119 
87 74 48 121 113 136 73 115 141 103 140 9 106 36 43 75 120 91 26 12 62 94 60 131 11 117 56 96 143 138 49 15 69 42 142 122 80 105 99 45 16 2 88 59 54 32 70 41 150 67 108 23 130 126 147 17 129 118 139 83 27 57 21 149 5 102 55 97 133 52 135 146 84 76 31 123 51 111 61 90 50 40 104 22 112 65 24 30 93 64 89 77 72 95 1 125 114 148 68 107 3 4 127 92 25 79 101 37 128 
20 148 139 71 120 42 91 50 25 122 124 51 88 73 102 127 19 68 146 43 70 144 4 133 78 55 76 82 72 31 149 134 67 130 96 30 8 112 132 107 84 63 150 117 65 9 34 145 33 109 15 39 66 53 105 137 138 101 142 1 99 74 12 92 110 135 128 58 143 61 111 7 57 131 129 77 38 69 24 13 59 3 147 44 121 125 32 97 21 37 27 26 140 94 116 17 123 104 86 18 83 95 52 114 60 22 40 45 
95 81 22 52 41 19 14 146 96 94 65 92 78 50 102 46 120 107 64 100 28 10 150 27 42 113 124 104 3 111 121 147 2 74 80 143 137 90 32 149 91 131 31 15 25 47 62 114 40 83 57 69 73 118 1 148 139 7 119 101 44 5 16 93 12 60 108 135 88 129 99 34 110 145 126 39 20 106 59 97 112 127 141 21 142 98 67 128 136 86 132 18 54 79 144 115 87 103 53 125 117 116 77 63 4 45 48 85 82 26 23 49 
99 95 130 121 29 132 36 69 74 90 46 112 104 1 71 107 129 59 23 51 143 20 32 134 138 7 64 57 28 124 50 47 72 13 108 105 149 96 45 34 114 89 75 84 73 141 91 62 2 43 27 102 78 126 135 8 49 11 22 53 76 109 48 12 10 146 139 60 37 115 31 86 70 123 131 118 15 68 98 137 14 111 144 16 35 133 116 58 40 17 128 100 18 4 125 39 81 94 101 106 147 6 41 85 24 77 140 117 79 110 33 92 52 
89 17 130 21 12 147 129 55 87 35 5 59 98 96 41 101 39 19 82 135 145 123 22 70 140 36 1 28 45 72 100 134 92 25 3 63 27 13 127 44 32 120 47 50 102 111 31 144 15 117 34 6 68 4 113 69 71 125 83 133 53 142 75 30 42 65 54 106 148 93 132 33 52 37 11 14 24 74 137 149 99 51 116 110 103 62 139 114 112 146 88 150 126 46 136 16 90 143 79 80 84 119 131 56 48 29 9 7 26 124 109 104 77 49 105 23 40 
88 49 126 106 39 93 101 146 85 99 105 84 122 5 92 19 130 149 56 21 94 77 20 87 70 32 35 113 10 136 132 144 28 14 51 81 13 47 27 16 17 109 137 100 76 48 38 123 8 29 22 36 73 18 133 115 80 68 143 61 95 124 107 119 1 89 31 145 131 72 46 45 9 26 59 78 37 71 12 134 91 54 75 15 33 52 150 139 62 111 79 110 66 97 24 118 11 23 44 64 117 102 6 50 129 67 42 135 103 3 
17 100 98 61 21 57 75 148 125 52 101 114 146 128 66 7 149 41 113 20 96 87 84 92 126 90 118 103 131 1 105 107 69 25 40 140 74 143 54 18 55 48 8 42 10 80 121 106 28 13 139 124 89 88 115 53 108 63 32 56 58 19 85 35 133 3 97 99 65 33 43 60 102 93 39 145 141 132 36 16 147 134 116 37 62 91 11 9 46 12 15 29 77 123 142 150 109 79 137 70 82 78 45 129 95 22 64 112 81 47 38 72 111 14 68 27 
102 110 73 111 30 36 29 104 136 121 64 48 4 91 143 131 146 74 26 77 95 9 53 63 17 113 147 87 86 31 20 120 89 41 133 144 93 78 106 25 84 139 137 122 81 123 14 16 37 82 42 101 55 83 149 3 46 90 27 54 145 22 97 119 65 21 134 98 116 79 49 66 103 96 1 45 125 71 6 44 5 114 92 99 18 59 118 140 72 85 51 135 138 47 8 62 75 34 52 127 141 76 23 28 19 129 115 132 61 107 56 33 68 35 43 142 11 10 32 24 
109 1 138 117 9 77 19 45 84 71 147 98 68 81 96 52 87 133 99 150 42 134 22 79 102 78 33 132 118 15 145 51 37 64 105 130 92 80 27 69 46 70 8 119 121 143 140 49 129 21 101 40 20 25 32 11 53 50 44 23 131 58 122 18 24 28 43 39 65 67 4 103 60 115 73 63 62 106 12 123 113 54 29 47 94 14 100 6 86 114 59 85 76 72 89 135 146 107 126 111 3 112 104 13 26 
21 14 111 119 35 78 134 76 3 6 97 38 100 81 122 75 25 98 40 67 10 129 93 65 11 42 47 68 57 55 27 2 74 101 48 80 64 102 108 61 73 83 92 88 24 41 130 53 95 137 59 124 106 8 131 89 147 33 60 85 90 126 114 50 150 120 13 52 51 146 56 72 132 135 104 7 145 139 37 96 112 69 43 116 105 107 143 34 58 4 121 142 94 84 9 45 15 136 32 140 125 103 113 28 16 109 
8 43 44 2 18 71 83 96 69 36 109 31 93 29 22 99 147 54 4 125 86 128 64 119 102 7 133 118 80 51 94 19 68 142 124 101 76 10 140 103 61 97 115 116 37 59 47 55 12 145 90 122 6 13 87 111 52 144 129 41 78 108 60 88 30 77 141 79 120 3 131 117 148 35 137 89 135 84 91 113 127 106 92 100 38 23 27 9 134 70 42 123 39 57 67 149 34 121 146 11 17 136 139 14 24 25 75 65 85 132 50 45 150 105 16 20 
42 104 60 121 148 43 45 36 63 13 61 70 134 41 16 50 47 92 2 139 32 27 44 52 140 4 149 6 98 85 90 73 103 117 143 74 116 115 147 69 81 58 59 1 82 71 78 86 21 118 122 72 131 48 46 77 14 79 56 105 89 38 127 10 29 18 96 145 3 144 23 11 20 35 110 28 107 129 40 112 83 138 62 7 132 146 66 101 113 15 150 12 126 67 125 53 9 120 30 87 68 55 123 49 37 25 130 95 142 26 
148 126 72 150 99 33 91 100 55 52 11 38 16 123 51 10 106 143 2 127 111 3 102 1 46 59 50 71 113 62 20 32 117 49 77 4 7 69 76 95 43 68 48 124 138 107 19 145 120 60 54 118 29 45 105 134 85 114 27 80 90 22 5 31 9 74 137 63 140 37 6 141 25 132 121 109 13 18 147 61 24 73 144 23 67 122 97 139 47 133 89 26 103 14 108 82 79 15 41 34 35 53 40 84 146 83 30 131 130 8 135 87 66 42 12 57 
108 41 100 43 83 88 23 137 121 103 45 111 16 31 6 126 79 50 96 46 44 131 65 128 64 124 35 127 7 109 134 72 93 42 21 98 99 25 116 132 117 59 136 138 54 130 71 114 97 81 140 87 14 113 67 133 106 22 92 123 27 143 5 34 139 118 95 20 104 105 38 73 18 3 26 84 125 120 15 29 58 47 135 77 51 1 78 49 11 8 150 145 110 4 37 85 60 122 17 86 146 102 52 129 69 28 68 149 70 13 2 24 147 
107 100 143 81 69 112 58 88 30 126 140 122 97 74 113 99 110 63 3 115 48 79 149 124 24 14 145 27 22 138 51 134 84 34 136 43 117 26 65 33 71 96 25 41 95 1 39 78 75 37 10 146 77 12 42 142 116 80 83 128 85 147 120 131 23 68 50 92 129 64 118 2 141 6 47 15 108 101 148 73 49 13 137 98 89 8 44 111 72 17 11 31 16 55 4 121 35 127 66 135 94 53 21 54 18 109 62 45 104 28 91 32 102 36 20 130 29 150 61 52 105 87 
127 23 102 20 25 135 72 98 35 107 116 145 66 82 40 6 122 79 58 59 125 139 115 60 57 17 27 150 140 133 134 88 144 146 65 4 113 120 74 26 15 47 45 37 142 49 21 105 86 56 19 111 147 46 70 34 33 93 14 69 108 53 78 75 149 71 132 87 123 119 148 77 106 63 28 103 73 81 131 13 8 29 62 96 42 138 101 110 143 85 1 24 50 67 54 137 48 91 141 128 64 94 52 95 44 136 90 112 61 36 80 84 129 126 99 2 43 
6 16 12 37 43 22 89 9 91 79 74 125 28 77 146 116 90 149 40 102 36 106 128 105 80 130 88 68 104 64 101 109 117 56 41 2 115 61 137 49 26 35 110 92 78 144 138 71 8 66 33 120 51 31 25 99 39 81 10 85 30 63 93 134 100 94 67 59 17 96 119 143 18 3 45 21 54 72 112 95 148 15 32 50 108 44 142 65 62 42 127 129 87 14 4 75 55 111 141 7 84 70 5 103 52 73 114 46 11 53 1 23 76 131 13 57 19 34 20 
123 93 124 135 12 75 43 72 107 66 111 15 85 125 102 113 56 134 34 126 77 105 100 31 37 51 17 63 53 52 84 79 127 47 24 27 42 121 138 90 122 99 3 69 14 9 13 8 26 98 119 88 7 5 146 128 2 118 86 112 74 116 81 19 117 144 148 22 35 57 82 142 54 91 73 28 104 50 132 149 140 95 58 49 23 137 78 68 71 101 64 129 32 44 33 120 36 83 139 92 76 59 115 97 61 18 150 40 1 143 11 108 
41 47 98 5 135 79 110 70 127 4 76 36 92 99 138 51 52 100 124 101 137 23 10 102 29 8 39 118 133 44 17 142 57 20 65 64 28 33 125 145 123 103 60 140 68 104 16 43 9 144 111 63 143 115 128 69 30 113 93 89 2 117 116 58 81 14 74 31 136 121 6 48 13 90 108 139 15 66 61 3 148 131 114 18 94 75 54 129 88 25 87 78 19 82 112 56 105 147 96 126 50 97 85 107 150 122 72 106 40 67 
113 124 53 132 149 148 89 1 65 59 85 70 94 91 44 13 68 67 54 21 100 76 118 101 41 145 71 10 38 30 43 98 103 125 130 146 78 139 108 75 129 57 135 12 3 39 15 137 35 36 6 92 116 79 14 23 33 26 28 140 29 25 52 17 80 50 31 102 73 144 66 8 5 7 20 47 2 99 11 96 117 127 74 115 60 121 95 64 106 61 37 93 83 69 62 142 123 126 16 134 110 133 24 88 128 141 58 119 56 9 
12 120 89 20 123 108 86 55 124 129 23 72 35 113 9 90 65 145 43 75 15 3 56 116 64 136 28 84 96 140 7 114 48 14 92 70 76 82 40 117 6 61 94 45 46 39 121 54 22 29 149 67 80 66 58 103 68 150 36 44 47 4 95 97 135 134 38 146 25 109 83 1 69 49 143 60 106 132 13 37 138 118 27 5 8 62 21 110 142 77 78 91 18 101 128 111 131 139 53 98 2 105 
57 65 107 108 56 97 48 18 51 53 134 34 138 29 42 95 92 146 130 44 99 32 119 136 6 121 129 52 45 148 113 84 100 72 83 59 68 77 36 43 54 26 132 98 23 37 76 24 31 11 33 75 46 104 82 41 114 25 111 144 118 125 133 131 12 69 101 60 8 71 30 4 62 143 17 123 122 38 47 14 142 116 81 87 2 70 15 86 147 115 20 117 149 67 39 88 64 1 55 126 105 22 139 78 
106 14 81 35 147 34 89 109 69 110 83 126 33 26 36 92 120 73 39 98 123 70 71 40 47 30 6 85 42 87 133 78 25 38 4 27 7 28 90 41 84 93 13 128 105 86 17 74 97 117 60 63 127 82 94 107 51 48 91 57 136 101 145 131 67 130 68 112 62 44 11 52 138 72 80 149 134 12 2 132 122 118 135 56 24 104 140 5 102 79 108 49 46 111 22 20 144 137 141 58 146 15 50 115 148 76 45 16 1 121 43 53 59 116 32 100 114 3 
143 53 46 135 108 115 25 147 133 27 4 113 75 116 7 120 22 3 42 50 118 146 106 30 71 43 31 52 36 109 84 2 51 95 97 83 82 127 74 1 110 70 85 93 47 125 132 37 142 130 10 111 92 56 5 73 100 99 26 123 94 60 105 145 38 39 139 77 17 18 63 61 54 8 9 21 41 96 148 103 81 62 90 58 29 32 134 140 16 122 128 114 11 112 19 45 129 149 49 87 28 48 23 136 40 78 24 69 65 15 79 98 72 101 138 13 88 144 107 
26 134 126 80 111 143 59 53 61 49 148 8 106 16 1 78 40 64 4 52 55 117 147 102 43 95 135 14 73 56 89 130 138 13 38 58 11 146 24 33 63 32 66 29 9 131 108 69 5 79 20 91 120 54 116 65 36 139 42 128 112 60 110 67 17 115 34 41 103 122 45 133 6 93 51 18 7 96 140 141 74 114 142 129 23 98 44 82 57 70 48 15 149 68 35 84 39 2 107 104 113 50 85 76 105 101 124 
97 98 116 121 7 102 122 25 37 42 82 34 36 143 17 83 149 105 96 38 107 19 90 44 84 112 85 86 79 70 136 72 127 145 26 103 150 69 114 43 124 133 10 80 47 5 8 45 93 28 71 68 54 32 58 74 89 41 62 142 50 67 91 16 88 76 52 4 95 66 39 147 11 125 108 120 75 23 46 64 94 60 139 118 146 130 126 113 15 55 119 123 77 24 137 27 81 73 49 51 14 134 100 128 29 109 115 40 63 56 131 132 61 59 48 3 92 
17 132 124 11 16 6 29 131 3 115 94 92 117 95 86 69 143 12 67 100 49 48 58 122 24 110 85 52 4 98 57 103 141 63 93 150 116 76 119 25 15 118 78 125 1 38 28 82 129 109 121 55 31 10 56 53 113 101 41 88 60 140 83 81 91 120 45 37 87 47 107 59 20 137 126 84 97 7 108 26 8 70 75 147 65 128 130 145 136 90 144 66 39 64 40 104 22 77 96 142 111 14 19 72 46 112 9 68 61 139 18 71 
149 36 87 120 114 117 27 48 44 67 142 62 148 139 83 78 53 72 106 127 6 33 13 40 26 122 99 32 102 75 118 45 112 95 141 51 93 96 128 107 111 98 131 63 20 15 90 115 132 73 109 28 21 55 77 57 135 147 3 101 17 59 110 1 119 58 46 82 41 125 144 136 19 14 22 42 4 65 31 86 113 124 85 38 145 47 108 30 94 10 69 12 81 146 68 140 23 24 103 34 137 61 11 8 92 50 25 138 5 100 
21 85 70 86 110 22 115 109 55 16 112 98 58 144 75 105 67 125 99 133 69 27 89 145 5 106 60 2 136 15 25 88 48 137 41 123 20 118 62 134 42 141 51 17 96 150 43 23 149 95 36 138 38 101 79 74 93 29 59 131 92 64 7 18 44 37 76 30 87 71 148 107 117 46 139 32 80 97 24 119 68 47 34 135 116 108 103 13 121 128 28 50 33 4 9 49 3 111 26 52 82 61 120 78 45 66 102 56 129 132 94 
52 7 123 31 104 77 88 97 96 112 11 60 4 8 19 21 136 13 144 128 142 129 65 39 134 147 50 80 38 16 100 107 24 149 102 26 125 74 92 143 23 118 75 42 73 150 59 111 101 57 99 79 86 44 70 12 85 68 18 141 109 113 105 20 51 36 119 35 103 41 1 71 55 76 3 34 138 126 93 94 22 14 64 146 139 114 120 89 140 54 81 110 30 29 6 49 28 15 132 78 47 95 108 
19 9 102 70 73 96 90 117 48 91 84 24 104 66 99 94 143 98 133 119 12 136 110 20 149 28 140 3 144 22 127 147 72 55 134 29 109 57 74 25 7 95 26 13 62 130 65 139 93 125 78 148 145 5 75 34 123 53 146 17 115 112 4 92 107 111 63 2 101 150 89 64 39 23 49 51 16 105 138 46 30 10 100 80 88 54 8 67 76 31 60 37 47 128 11 113 129 43 1 27 38 79 106 18 36 142 
138 114 53 14 105 122 27 2 83 117 49 5 88 128 6 119 74 95 102 38 129 87 143 79 91 76 75 10 134 120 51 97 1 146 59 93 56 29 68 131 34 86 125 150 63 77 50 58 39 19 73 99 127 32 30 52 145 13 42 115 132 20 118 25 17 112 28 78 100 113 90 41 12 144 3 9 62 109 37 98 46 18 111 61 104 44 54 60 66 21 8 67 69 15 141 137 47 96 121 70 45 85 123 40 4 57 133 36 65 
109 135 17 75 112 66 18 136 79 32 16 27 80 42 124 118 24 6 41 100 115 5 45 52 43 15 56 99 132 34 49 12 117 77 84 31 51 78 47 58 146 81 21 38 143 142 96 138 97 110 127 101 59 46 108 72 93 35 1 76 63 40 92 20 36 25 111 7 69 64 4 26 14 125 37 71 23 102 123 82 10 65 114 87 8 50 68 131 144 149 39 61 91 134 86 139 67 128 60 2 103 70 141 133 55 120 28 44 140 130 113 62 
101 5 43 26 49 10 93 28 82 94 80 119 148 122 54 75 124 103 105 106 73 39 25 84 15 107 102 134 36 34 89 78 32 1 63 143 97 136 74 66 108 16 38 91 88 55 70 109 146 117 125 111 133 127 47 48 123 33 29 30 142 121 37 130 135 118 7 116 99 113 138 144 104 96 129 12 60 44 17 20 14 56 64 19 61 24 137 132 42 31 6 81 45 18 149 79 150 114 41 68 110 85 35 22 13 
35 116 133 8 81 14 147 49 22 140 95 132 139 18 66 143 134 15 36 108 28 7 42 53 64 5 120 13 67 121 19 109 61 24 131 34 37 113 112 41 94 125 71 92 142 33 76 65 79 124 119 85 9 55 60 16 117 26 11 114 149 118 97 100 2 130 58 68 10 84 101 80 126 63 136 103 38 44 57 115 21 96 129 59 45 138 98 137 145 69 104 75 99 47 20 32 39 48 146 93 105 51 30 17 4 23 106 74 43 29 141 102 3 25 128 144 
102 15 20 4 34 127 57 30 44 16 83 13 69 62 12 97 138 19 42 122 95 45 112 8 25 82 71 132 72 133 21 74 54 11 101 22 46 50 147 108 125 84 79 115 6 131 66 36 47 40 146 28 116 38 3 41 134 43 81 55 59 10 52 129 110 58 86 145 67 78 140 32 17 93 126 105 96 53 106 2 120 149 76 144 107 33 91 103 111 39 148 128 27 70 89 117 141 9 48 7 63 1 124 130 123 118 68 49 14 51 135 
145 93 125 133 101 36 129 83 52 20 41 124 48 148 149 65 9 131 94 7 77 103 39 109 134 51 90 73 72 86 57 126 130 120 140 142 10 123 21 33 110 6 35 135 136 67 102 60 97 63 11 59 3 17 92 56 31 50 14 40 71 61 150 69 78 38 141 88 116 82 100 137 146 24 132 111 64 104 139 121 138 28 23 15 2 114 1 47 119 53 95 81 27 26 62 117 45 18 42 91 106 147 105 107 113 46 143 58 118 22 8 25 12 75 108 98 
96 69 76 68 24 27 94 29 31 137 47 111 105 84 21 92 132 57 147 48 52 128 33 130 28 56 122 38 142 134 1 133 95 110 18 65 59 144 10 37 70 75 42 89 60 138 93 146 106 91 140 16 124 100 117 115 114 99 112 35 62 131 149 119 53 26 80 145 63 148 3 23 34 108 143 15 40 55 49 150 41 71 101 127 45 11 51 9 136 121 83 30 64 73 5 123 32 19 25 22 129 125 79 135 78 98 4 2 
31 21 6 72 16 4 29 137 141 30 39 105 48 25 131 58 69 79 121 41 92 51 7 98 49 1 33 37 99 65 100 54 101 53 106 114 116 68 3 136 52 75 56 63 139 95 26 11 55 90 124 110 142 117 107 119 89 128 27 149 20 118 102 108 123 134 18 144 120 122 112 150 38 60 93 70 32 47 145 40 35 129 111 78 125 5 84 88 67 86 85 146 17 10 43 28 83 138 73 45 9 24 15 59 50 13 115 126 19 77 94 8 
101 12 120 52 54 44 115 134 59 9 146 129 90 96 117 18 89 125 112 79 47 135 66 43 11 62 67 7 94 104 128 61 122 3 143 35 78 28 22 142 73 16 74 51 64 4 147 13 132 58 23 76 102 26 81 105 121 131 46 95 118 145 126 70 137 119 113 57 69 31 17 82 150 85 42 63 33 39 14 107 2 6 75 91 133 80 53 21 45 139 124 48 41 55 116 37 87 148 138 19 106 50 103 144 60 72 49 1 130 114 71 97 29 83 27 111 56 32 100 25 
149 40 1 19 121 42 135 145 116 130 118 59 32 28 14 53 101 5 123 57 11 71 115 8 26 50 60 103 18 86 45 139 55 41 128 80 134 78 23 83 147 119 7 13 138 88 133 108 146 113 3 29 39 100 25 110 143 10 30 89 46 63 75 109 70 122 144 132 141 84 35 69 90 58 38 62 106 85 98 76 94 21 95 79 77 66 6 117 97 131 150 81 68 99 112 142 87 82 124 91 52 12 96 9 72 36 148 43 17 105 137 125 
137 127 20 109 71 76 32 63 83 61 11 90 118 107 12 53 135 87 78 13 69 106 120 117 102 56 40 44 144 75 25 24 22 31 21 92 125 99 139 39 48 126 35 51 54 55 124 112 46 122 68 119 15 47 123 2 3 116 100 110 113 36 114 129 103 42 93 33 49 79 18 17 16 142 82 105 132 104 58 108 141 136 8 41 45 149 143 26 14 62 9 27 72 19 37 140 6 96 50 30 73 150 131 23 1 145 86 89 81 67 80 38 91 
92 144 70 132 9 68 91 6 44 12 105 4 76 46 89 34 74 87 59 80 52 108 5 48 121 1 113 55 64 54 82 47 137 18 97 84 83 45 37 17 102 146 101 139 107 124 41 65 77 79 73 33 100 81 145 135 93 141 66 24 30 31 69 26 116 56 60 148 27 119 120 106 13 88 109 149 29 50 43 125 130 131 8 58 138 2 39 134 72 114 53 38 67 25 129 62 23 136 98 49 35 10 111 90 78 42 
22 17 135 9 16 100 69 57 93 71 128 14 83 34 130 59 80 107 140 111 101 64 37 72 29 55 105 104 35 1 5 51 147 19 90 88 78 123 85 84 25 54 62 106 44 38 138 30 24 110 2 77 43 48 61 49 52 67 53 112 102 41 6 36 28 3 46 82 132 32 39 133 114 97 60 117 63 86 56 33 8 121 94 15 79 73 144 137 92 66 109 99 76 7 115 129 87 146 149 150 18 143 40 11 21 131 47 81 136 116 68 12 141 122 
76 21 30 63 47 32 150 7 62 46 118 42 26 98 130 41 86 17 65 9 141 92 138 49 51 28 84 52 29 125 85 99 5 139 96 88 111 53 127 117 103 116 147 22 31 48 148 136 15 45 133 58 107 3 43 59 129 137 50 60 4 105 131 79 38 13 71 120 1 93 106 66 34 37 132 101 109 123 100 39 74 19 33 81 126 128 149 75 112 143 119 89 113 67 73 55 18 114 87 104 54 78 108 82 95 6 140 70 11 40 12 
68 11 8 6 93 109 134 20 128 91 129 15 37 141 101 62 64 5 135 10 32 38 138 47 149 104 81 90 113 79 114 116 67 13 150 26 83 146 60 4 31 87 30 145 142 55 117 137 97 107 21 124 14 3 122 66 80 106 49 127 25 42 110 72 45 130 70 9 12 108 111 57 71 126 33 73 59 132 44 56 136 40 99 50 140 84 75 133 76 123 39 77 29 36 89 78 119 48 95 102 24 118 74 61 139 148 46 28 2 
65 19 32 35 59 29 147 105 138 33 5 11 141 70 80 134 128 56 58 44 6 12 103 142 4 130 111 43 53 39 31 104 25 87 82 61 91 118 117 132 137 23 112 119 67 145 38 69 60 45 52 120 107 57 3 24 48 16 14 15 122 71 46 93 127 47 97 100 96 113 66 115 140 10 74 109 26 34 125 21 7 116 86 94 51 63 85 123 108 9 76 149 54 68 84 42 28 72 131 101 135 121 30 1 146 22 102 98 90 81 143 36 83 55 106 2 
119 132 89 76 128 66 61 103 131 15 90 80 129 13 111 20 8 75 71 145 4 24 35 22 150 96 48 149 144 23 50 40 127 37 69 143 115 65 57 114 55 134 74 2 87 83 107 45 122 72 140 70 28 99 26 117 12 32 63 84 10 44 79 123 130 6 7 146 92 118 112 58 67 33 19 18 125 139 108 52 59 17 147 43 142 5 62 42 41 91 106 29 93 82 25 94 78 31 11 141 56 49 138 97 124 113 85 34 39 51 109 95 
68 42 58 20 142 37 91 150 129 121 13 31 35 126 122 96 22 136 52 131 120 119 61 55 48 73 70 53 93 59 86 87 140 148 56 98 95 45 85 127 97 62 132 2 102 109 74 125 41 111 7 135 115 106 36 77 34 46 19 76 50 118 81 57 90 80 92 15 51 103 116 16 139 23 72 9 67 82 110 83 47 114 104 79 11 123 63 43 39 64 137 99 113 38 54 17 24 71 89 8 3 29 69 75 88 60 
140 55 38 114 107 95 91 48 124 27 43 51 89 57 33 98 87 60 71 142 2 15 50 78 63 77 85 133 86 141 129 116 46 99 41 4 42 94 106 3 92 84 150 1 147 6 19 59 58 143 66 44 127 118 21 9 37 135 148 16 81 88 96 61 45 121 26 149 36 120 17 30 34 72 56 113 146 69 136 32 122 83 75 18 25 11 131 62 128 67 14 101 53 105 139 130 132 28 54 125 144 49 109 138 5 7 80 20 110 104 108 39 68 70 65 29 82 
130 19 46 6 133 118 11 18 5 100 9 89 120 42 145 29 64 50 59 128 73 88 108 53 65 57 119 117 116 85 93 23 13 21 79 125 33 38 4 97 86 148 60 150 32 72 69 124 123 39 87 92 49 107 36 136 48 76 71 77 7 147 146 43 2 3 142 8 63 111 55 10 105 62 44 126 138 81 80 68 141 47 20 52 129 101 134 94 132 31 99 127 14 82 66 61 45 78 139 58 16 149 137 35 24 
96 57 94 108 136 114 99 86 144 24 21 140 127 75 17 83 109 143 69 10 2 77 131 116 139 22 82 46 62 122 12 34 18 49 130 56 107 6 45 13 120 42 138 1 137 79 123 74 87 124 14 15 64 3 60 55 89 106 146 113 32 66 25 112 148 41 128 54 37 118 27 97 84 51 125 101 147 149 115 36 141 19 98 142 121 105 23 28 30 102 53 119 71 61 44 70 92 117 43 67 
74 117 61 66 9 70 30 44 51 53 43 126 123 65 56 108 6 63 115 99 62 82 67 94 124 149 81 71 39 136 52 91 96 121 23 88 57 120 59 83 146 135 1 15 29 125 5 137 148 17 14 104 68 20 143 7 40 133 109 147 25 41 69 93 112 54 50 58 90 32 31 48 132 13 77 95 129 89 21 78 24 97 8 122 18 107 110 134 4 35 150 27 84 37 139 64 12 87 130 119 113 73 34 140 22 102 11 86 75 16 3 145 46 92 144 42 76 103 127 
23 115 63 71 142 24 148 35 61 86 68 123 109 38 133 75 2 118 119 25 114 26 88 138 10 91 51 104 40 144 42 69 15 97 96 90 110 111 58 39 77 81 53 94 120 87 93 3 132 95 102 44 46 66 65 98 113 149 112 27 76 5 108 101 12 116 62 80 21 83 131 41 56 55 43 11 49 139 141 8 122 99 14 143 137 18 30 16 92 89 1 60 4 13 20 100 22 140 127 121 129 126 130 47 29 31 73 150 72 17 59 57 
144 5 35 91 65 105 43 44 25 129 41 80 96 48 98 142 79 38 47 60 37 111 102 86 149 70 22 100 27 75 103 139 109 81 12 23 88 97 36 58 94 19 54 122 146 11 46 132 77 51 49 1 147 2 95 9 68 30 145 138 123 135 20 39 134 74 24 113 67 28 76 61 116 92 83 64 82 99 52 15 45 140 31 59 112 78 104 8 6 53 120 29 56 26 118 119 32 14 10 17 127 89 55 34 16 62 137 126 71 40 117 
143 38 128 69 150 104 66 127 85 47 25 35 68 144 56 36 119 123 40 86 79 100 29 88 93 146 117 65 103 72 80 55 15 118 131 102 6 67 110 135 105 63 94 18 87 77 5 10 114 141 111 19 90 98 21 95 126 52 24 12 73 30 74 53 134 9 78 97 71 20 11 45 89 142 70 125 91 3 81 62 82 147 148 26 99 34 130 75 113 139 37 51 59 76 140 50 106 1 120 149 46 2 22 145 39 121 137 23 28 
130 137 40 101 49 142 65 54 145 34 30 139 48 96 73 102 58 115 114 119 107 149 16 75 12 61 117 9 22 31 81 112 76 2 26 132 141 84 98 86 83 62 44 118 93 24 41 95 134 99 17 38 69 111 82 105 43 104 67 57 63 110 126 1 10 32 42 35 138 133 89 87 66 50 21 100 80 97 121 122 79 106 85 33 125 136 25 52 59 11 46 128 140 28 5 143 13 39 36 56 51 148 127 47 45 94 78 147 19 23 20 14 18 120 
66 144 150 45 83 50 47 75 60 121 88 56 11 101 23 67 22 102 93 131 54 40 134 8 119 15 34 33 109 85 115 35 105 135 117 128 138 49 73 4 77 26 1 86 64 125 57 82 123 17 129 29 114 127 94 132 141 55 91 147 89 80 142 69 76 71 126 116 58 133 149 30 28 145 13 52 140 120 90 46 9 44 2 51 14 3 7 48 122 124 6 79 118 106 38 12 81 39 20 72 108 143 68 5 16 136 98 31 25 96 27 
130 59 99 69 133 15 129 140 121 75 86 38 17 113 46 79 74 52 92 26 36 33 56 5 35 13 37 63 62 51 70 136 16 84 71 21 91 141 25 4 137 131 147 10 41 122 60 14 126 90 149 89 119 128 22 100 80 95 134 28 148 39 143 96 146 53 40 124 65 83 54 30 68 98 50 55 82 61 120 18 57 109 27 31 58 88 7 76 77 19 8 73 29 103 101 108 66 106 132 107 34 97 23 49 20 144 127 138 81 1 45 67 85 145 
78 120 3 62 123 141 30 144 15 79 149 87 68 143 128 90 59 91 93 56 97 53 23 22 71 48 148 17 36 67 116 55 104 28 83 117 25 126 8 31 47 21 88 85 76 145 109 39 40 42 35 82 57 41 14 49 92 13 135 19 107 127 32 50 136 134 94 132 4 77 9 124 84 64 61 52 106 129 5 139 113 105 2 100 137 18 118 146 133 54 6 80 142 27 45 11 75 122 51 69 81 131 70 121 37 46 26 7 12 99 138 119 96 34 1 
95 126 82 39 77 136 132 57 36 98 64 28 144 121 4 49 55 108 53 72 59 137 111 117 37 41 46 105 38 71 10 12 115 3 73 79 92 125 148 8 70 68 61 112 130 122 89 62 19 134 47 76 45 135 85 44 23 138 15 9 29 87 146 86 74 116 128 142 5 58 7 120 94 14 84 133 131 31 102 149 97 34 100 65 17 20 60 78 106 143 27 18 32 114 140 80 104 99 119 25 67 93 83 48 26 63 101 147 66 141 123 107 24 
135 127 10 75 147 39 102 80 41 90 15 60 143 85 136 98 61 37 110 128 20 36 7 51 4 54 95 23 34 46 12 130 121 53 108 96 14 65 84 137 55 104 40 26 148 71 69 30 1 116 134 3 106 115 78 141 19 101 13 77 31 5 38 89 47 6 113 49 56 25 66 57 91 87 119 43 33 97 62 18 138 44 76 32 118 8 82 2 92 94 150 86 28 59 27 117 11 52 73 100 142 145 74 109 126 
16 67 104 101 121 22 119 9 76 149 55 92 53 60 142 146 43 80 106 75 68 52 49 117 81 35 129 33 69 127 37 10 114 24 134 70 45 123 99 135 36 74 138 85 5 20 72 148 116 18 130 91 38 113 122 25 105 143 56 3 145 88 100 139 44 8 96 46 128 87 64 84 14 93 2 136 77 109 11 71 40 7 78 23 120 27 140 83 29 79 42 63 118 48 133 110 124 31 125 12 147 141 58 51 90 150 28 47 59 34 131 132 15 32 61 
10 77 21 52 78 86 27 6 134 2 30 40 23 139 46 119 70 149 138 89 150 55 99 54 102 92 7 143 147 63 48 113 75 29 4 36 32 96 144 67 56 50 141 128 62 142 95 33 66 60 120 135 57 19 136 38 72 122 71 69 68 110 3 13 104 45 17 101 39 20 117 140 94 41 97 37 148 93 103 9 24 129 31 74 91 81 98 112 16 126 28 14 47 114 118 26 79 43 106 131 51 22 88 115 18 64 107 76 59 127 12 87 73 125 25 
83 55 124 19 88 131 79 56 84 73 140 8 32 23 24 107 77 13 9 132 42 100 65 133 38 75 33 103 120 6 80 37 86 144 91 20 93 5 108 142 40 57 18 139 3 7 141 126 43 30 134 104 98 90 96 116 105 94 35 11 69 4 148 1 112 34 27 31 87 89 54 110 53 115 137 119 70 66 130 49 67 114 45 46 52 12 99 63 129 109 113 14 22 128 123 71 149 21 74 72 2 58 122 92 61 127 26 64 81 85 97 
75 103 108 94 128 41 110 138 143 92 63 126 18 93 70 119 44 72 11 27 36 106 136 132 71 88 65 100 85 79 48 131 7 86 59 58 145 22 67 30 84 122 135 150 112 116 61 47 97 37 45 74 78 43 124 87 31 2 91 17 60 125 13 109 82 123 15 53 144 137 4 24 101 25 80 121 23 149 64 134 130 147 32 81 104 107 139 115 46 12 89 129 10 34 6 114 55 3 98 76 56 120 99 26 38 52 50 33 66 8 5 102 73 49 14 142 
126 107 18 74 139 83 29 61 122 68 51 111 109 87 80 150 22 23 4 82 52 98 144 10 116 84 89 92 133 140 34 72 108 62 94 40 105 146 115 58 15 117 123 143 110 97 121 38 13 30 135 5 95 128 8 81 48 90 57 6 36 142 100 79 112 91 118 125 148 147 149 138 42 134 141 24 28 101 44 33 45 12 11 78 63 26 46 145 14 32 69 104 50 27 130 113 43 2 103 7 99 35 47 19 106 1 93 70 60 86 55 114 
31 63 47 127 54 108 115 117 103 77 23 132 85 88 45 112 39 113 138 141 145 104 24 68 144 35 135 87 122 94 81 42 1 3 121 53 131 5 126 148 13 44 52 125 107 14 28 40 69 27 22 143 25 70 97 82 80 106 79 51 147 57 17 21 95 118 101 102 84 65 91 116 92 109 73 29 75 2 129 142 11 78 60 7 12 49 9 64 36 99 67 55 130 133 149 105 124 30 66 43 41 19 76 48 4 18 137 111 89 62 110 10 34 
56 19 119 39 114 21 33 87 92 15 137 141 131 142 81 112 62 59 95 63 93 52 47 123 86 28 110 122 115 89 23 148 70 36 10 124 27 109 108 8 102 135 66 11 113 12 60 147 17 79 105 111 13 104 26 38 96 73 71 145 6 118 90 149 20 78 72 32 16 5 99 125 31 29 143 34 138 40 54 146 101 41 134 126 2 106 75 136 61 65 120 144 53 91 150 49 46 45 9 48 1 64 129 74 30 55 43 84 22 67 130 24 133 
86 102 101 5 42 109 84 123 58 144 13 140 124 36 10 77 27 125 14 62 15 1 150 100 61 105 70 88 112 67 60 78 4 68 94 48 111 119 146 30 41 43 149 127 38 128 24 44 21 121 147 74 26 9 117 93 76 98 28 80 22 50 136 142 104 143 139 115 11 118 47 79 99 6 135 71 34 90 63 107 39 129 54 20 16 134 53 33 66 32 91 106 37 8 92 126 110 40 75 65 132 120 64 7 131 113 96 18 31 116 46 35 45 137 133 
90 1 42 17 44 36 100 78 49 35 108 6 37 57 96 134 20 132 83 15 139 141 119 113 63 98 52 104 30 146 68 3 40 48 124 22 91 46 38 105 21 148 19 75 142 53 107 94 138 58 14 66 61 147 73 88 97 81 24 128 27 118 47 74 149 39 136 56 59 76 41 84 33 117 143 121 82 70 8 122 106 71 34 51 127 50 10 65 126 60 86 93 64 112 133 85 4 18 101 140 135 130 89 103 144 99 125 72 28 45 32 110 7 12 54 115 
8 103 21 136 104 35 22 90 24 16 41 19 140 138 126 123 13 34 43 102 122 105 71 87 93 77 150 134 115 58 11 110 78 88 54 131 17 65 25 98 91 12 23 5 59 132 141 28 45 145 20 112 33 66 137 118 127 146 63 14 2 72 1 62 6 46 144 48 29 149 139 130 32 73 120 79 86 148 67 27 40 56 95 70 135 3 89 117 7 36 85 39 100 94 92 80 52 57 133 42 121 111 147 55 
139 100 37 70 6 64 40 3 99 68 24 8 83 127 101 36 5 57 21 82 13 115 81 110 18 53 136 30 19 85 79 34 131 47 94 95 87 113 89 108 119 102 55 137 121 80 1 76 142 60 49 59 28 51 138 90 122 43 134 35 78 44 50 148 105 145 123 97 144 109 20 27 116 84 66 17 118 86 91 22 103 9 104 71 33 62 150 129 135 133 63 128 74 48 23 42 38 88 92 54 143 14 7 93 56 72 69 120 
72 108 36 25 71 139 117 135 105 12 10 77 87 94 31 38 41 16 147 128 11 62 130 44 61 30 19 98 122 43 59 64 127 3 106 134 4 17 32 23 65 58 124 56 150 101 112 2 109 66 70 119 33 88 116 6 20 143 1 78 48 21 29 145 103 89 79 129 74 68 132 75 34 131 9 82 45 57 42 92 118 114 67 53 133 113 35 123 24 18 111 14 52 142 55 22 110 121 15 107 120 91 97 
10 124 130 47 38 103 51 138 90 65 57 107 120 97 69 48 6 54 63 132 46 108 136 141 34 60 110 98 8 104 88 42 123 111 102 53 84 50 145 150 14 115 117 30 27 126 78 4 17 11 68 85 100 129 122 35 106 41 109 43 146 147 5 70 76 116 2 18 28 101 112 86 25 20 71 21 55 131 66 80 3 64 94 137 139 26 114 49 72 16 67 19 83 75 33 24 105 37 1 125 99 9 133 140 
139 34 97 112 52 142 63 87 100 9 72 96 137 73 3 83 12 77 79 115 90 19 136 113 33 80 119 35 122 45 7 85 47 10 25 114 144 55 82 23 46 131 16 148 50 59 13 43 146 6 116 31 76 29 93 51 66 38 133 27 111 126 123 88 54 143 104 78 37 102 21 81 135 11 92 32 110 108 109 53 67 39 1 15 56 91 130 68 41 117 2 4 70 99 125 75 36 118 98 8 69 103 150 84 71 
23 115 92 57 138 148 103 110 88 143 137 71 105 29 133 10 117 90 42 26 82 127 107 15 28 68 97 30 135 47 149 6 100 106 36 64 7 87 41 95 39 134 77 118 89 139 54 72 17 120 44 121 32 55 40 140 56 96 132 122 37 70 125 11 98 79 50 141 16 144 116 81 4 83 102 73 63 136 5 112 94 52 126 9 66 45 49 53 27 111 101 58 131 60 84 145 142 2 19 91 14 61 86 22 69 62 48 76 59 43 33 8 74 67 18 
37 95 62 131 31 21 140 106 117 67 142 17 96 136 54 33 76 32 28 26 50 98 141 13 99 135 30 46 4 121 149 114 56 128 90 48 89 19 9 126 64 75 6 66 77 72 14 119 108 100 35 148 87 109 16 78 123 93 1 118 111 15 65 49 79 83 44 143 150 5 38 97 86 53 103 27 39 139 124 88 74 3 43 138 34 104 8 120 25 105 58 51 61 41 85 127 57 40 92 113 115 133 23 47 102 134 69 
110 49 40 3 20 27 21 117 90 127 4 9 97 138 81 112 135 45 77 84 87 102 61 122 121 101 42 48 149 36 60 44 144 146 104 64 56 115 95 63 53 89 62 24 12 46 13 73 55 68 16 75 67 94 25 51 85 59 71 10 30 136 140 111 15 66 39 54 57 93 99 52 1 23 31 50 130 17 58 78 128 147 65 106 69 6 38 41 92 35 129 145 32 137 108 37 142 150 80 116 88 18 100 113 11 125 124 26 96 91 133 79 118 126 120 139 47 74 148 34 
111 100 115 141 15 133 103 37 78 150 72 74 63 30 43 39 92 109 112 1 96 41 14 76 42 99 51 9 54 29 79 142 35 94 107 57 31 135 102 33 95 143 34 89 49 59 134 148 40 105 24 61 90 56 93 97 81 137 84 101 28 65 46 47 85 22 68 5 110 117 87 8 70 123 122 144 2 136 73 26 62 38 140 64 106 3 126 118 58 12 120 11 55 32 98 129 124 6 127 21 27 75 60 19 18 48 146 82 66 20 113 86 80 88 
31 128 111 43 77 117 8 110 3 129 45 50 85 124 7 97 92 30 34 127 102 86 75 98 48 147 65 18 35 148 49 149 59 72 24 120 2 88 1 47 16 83 19 33 105 66 39 81 63 41 74 125 23 21 143 145 137 146 46 89 115 130 25 123 20 11 113 150 4 112 51 109 84 36 27 121 144 132 44 12 9 42 57 71 138 53 68 54 134 126 14 58 60 17 90 139 119 106 93 38 61 122 76 103 136 142 78 96 56 87 131 
44 62 42 6 29 130 21 139 142 112 65 57 107 113 125 105 60 93 9 49 47 145 89 132 52 119 123 7 135 69 109 100 35 146 92 70 3 25 34 75 144 85 124 66 90 111 91 76 4 78 28 114 129 39 117 67 30 116 51 48 37 147 45 122 87 63 23 18 24 14 12 26 15 20 95 82 56 68 121 88 72 81 5 136 54 61 118 138 77 110 59 74 126 8 108 41 103 84 2 16 1 115 148 43 141 99 13 22 27 98 36 33 73 38 149 58 64 83 40 86 133 11 137 
115 77 92 40 42 134 50 15 138 102 62 86 57 52 9 140 73 124 2 116 121 30 90 28 65 93 5 20 19 145 149 60 17 81 132 105 136 1 41 120 130 4 56 94 129 75 141 119 29 72 150 128 10 101 63 95 54 80 147 148 45 143 70 44 125 12 46 137 53 37 89 98 99 49 18 110 112 122 66 51 34 107 88 71 144 67 35 68 61 96 58 25 32 131 55 113 126 108 39 76 47 85 123 26 27 118 146 13 14 33 16 114 
14 33 135 51 55 58 134 71 43 123 91 19 76 128 34 7 102 98 97 36 149 49 133 150 130 85 143 60 114 113 73 5 6 29 24 121 44 63 132 62 89 81 86 144 138 124 26 32 12 90 131 67 50 83 80 146 110 27 21 82 66 22 115 127 10 142 148 118 48 122 101 79 74 68 103 109 42 111 9 94 4 87 23 75 139 125 105 38 25 52 53 20 95 104 147 112 78 37 57 116 96 41 2 129 13 
22 10 94 12 132 60 92 2 118 145 30 120 44 75 4 106 40 19 140 141 101 127 111 28 63 148 109 65 112 84 5 50 70 147 122 54 26 129 128 121 25 93 67 146 41 139 23 21 78 113 107 89 69 138 66 135 24 125 13 38 37 32 58 79 81 48 124 98 33 39 117 18 103 3 142 108 14 80 114 149 57 90 27 150 95 87 97 91 49 1 17 15 11 134 56 20 46 9 133 72 35 31 131 96 104 59 86 43 99 71 55 62 68 105 
34 140 53 98 37 11 56 119 22 127 21 35 86 44 41 143 84 148 95 16 150 8 38 45 111 80 92 64 70 93 74 42 47 54 48 89 88 2 134 68 107 24 100 104 99 18 124 106 118 125 115 113 90 12 23 39 110 144 31 65 5 9 75 40 46 145 71 82 129 17 116 14 85 69 102 123 52 76 32 61 6 87 121 114 13 96 135 77 66 36 133 137 28 60 120 139 130 19 27 149 112 109 20 43 97 67 73 25 83 4 136 91 81 141 103 50 131 51 
109 14 12 78 74 26 19 115 45 82 55 18 21 17 65 85 95 20 37 122 117 15 43 28 50 126 7 73 87 133 134 100 56 35 23 129 52 148 137 138 123 136 4 107 98 102 72 22 145 108 31 119 89 77 127 106 118 70 1 27 60 150 63 30 79 97 104 34 76 143 59 16 58 6 131 91 44 140 147 49 146 64 128 71 80 46 116 57 83 5 66 29 142 8 92 54 9 36 112 130 41 39 94 62 141 105 68 101 125 40 81 32 47 10 53 103 124 93 13 42 
139 109 63 31 9 19 143 87 22 62 27 83 2 80 108 117 98 97 11 46 7 82 111 105 10 85 94 52 150 122 24 42 146 72 54 138 26 129 50 135 123 59 35 61 131 3 60 79 13 16 29 102 17 33 23 100 67 137 53 21 66 56 104 101 106 96 127 18 48 43 37 141 107 113 73 148 132 142 130 88 1 70 77 47 38 124 39 144 116 147 65 90 89 28 49 30 99 15 57 45 51 71 76 75 115 4 119 68 20 44 110 64 
40 30 137 127 100 44 89 42 123 132 117 75 3 2 142 24 148 150 104 87 33 4 55 112 28 80 53 38 129 26 45 1 113 37 138 36 139 39 85 29 146 115 98 43 88 22 13 69 120 10 79 84 124 17 110 12 96 143 144 20 35 130 81 48 119 94 8 59 67 82 121 97 31 6 102 116 91 14 109 27 134 95 9 147 99 49 23 108 15 106 145 65 50 111 60 63 103 56 77 93 32 114 68 140 135 47 72 46 5 41 
139 34 63 54 8 82 68 10 77 33 42 147 109 149 80 12 146 4 72 123 86 36 118 131 25 108 3 117 136 128 51 55 85 7 120 26 40 87 114 116 64 90 89 70 130 119 140 49 53 1 83 133 150 29 98 13 22 71 23 134 112 141 67 69 99 62 59 41 46 94 16 5 144 92 101 100 79 132 50 104 148 37 31 106 73 18 38 103 107 125 129 122 102 6 28 121 110 137 30 39 57 113 43 24 9 47 91 2 115 14 60 74 126 76 93 19 52 44 27 78 45 
14 12 109 33 139 5 62 93 106 92 108 36 48 51 42 10 113 43 49 58 125 45 85 13 55 96 22 68 102 99 115 114 57 128 34 146 19 130 28 110 111 126 61 105 67 121 6 149 120 147 132 30 35 82 20 87 71 118 60 44 123 54 133 129 9 138 100 78 77 86 3 140 7 83 53 64 135 74 97 70 50 76 116 141 2 37 47 56 39 119 66 65 31 21 16 94 24 52 122 73 26 29 150 79 40 69 104 112 38 8 84 17 89 145 4 136 90 15 1 59 
134 119 70 63 23 100 64 118 92 133 54 88 110 55 120 121 16 35 125 69 84 22 102 145 86 32 72 37 111 132 147 83 46 29 39 116 58 141 79 131 105 74 31 94 14 42 129 13 124 80 91 26 50 71 30 85 49 138 123 122 41 65 68 19 96 75 24 38 90 44 52 40 142 51 33 57 15 76 136 47 43 104 107 95 36 7 135 81 60 25 148 93 17 9 149 82 20 12 113 3 106 108 140 117 128 27 5 87 45 2 1 112 6 56 34 
55 120 94 92 125 143 3 88 59 91 62 127 119 124 89 100 105 147 28 131 9 5 12 11 72 49 13 126 129 57 103 90 79 150 144 66 34 63 68 80 26 98 114 35 60 16 93 111 76 17 45 141 46 149 4 58 138 134 81 99 31 148 112 8 139 23 137 95 29 20 135 109 30 61 64 32 51 67 83 19 71 118 47 52 110 87 133 36 73 115 84 44 121 6 107 37 43 18 78 75 65 21 50 15 39 54 108 
25 43 1 51 123 128 77 37 108 57 2 133 86 137 35 150 100 90 112 50 87 47 48 17 42 7 4 143 24 64 78 85 18 76 60 80 91 21 28 147 55 30 139 136 45 38 141 66 5 107 23 19 32 44 124 12 16 39 9 54 121 111 59 56 31 3 61 72 62 13 10 115 122 49 67 131 113 104 53 6 20 63 127 69 27 149 65 140 11 58 92 33 84 36 40 70 96 89 68 82 105 98 93 95 134 73 83 74 142 102 135 75 46 132 41 103 88 99 119 52 
64 111 49 139 34 26 20 142 36 109 93 65 75 133 53 103 41 97 9 17 83 127 67 88 56 140 54 131 30 144 28 96 45 80 62 68 145 15 120 7 22 16 137 57 76 78 27 77 113 136 59 79 107 123 90 116 14 100 8 2 21 42 119 102 18 114 6 92 47 110 60 104 48 32 51 121 143 99 141 134 35 52 122 50 150 4 105 148 38 126 82 37 1 89 19 135 124 66 39 43 87 40 108 24 63 61 55 118 23 71 44 115 146 74 
97 88 108 144 75 101 137 44 7 121 28 38 109 145 139 71 8 135 41 55 48 106 92 147 13 49 29 54 22 113 33 51 117 114 14 131 63 89 26 98 142 83 17 86 40 67 95 47 129 6 133 112 68 77 37 59 102 4 80 76 136 115 65 16 72 70 43 125 150 27 141 103 12 111 50 69 53 31 116 57 3 34 119 140 138 23 15 128 90 39 132 30 74 35 64 120 130 104 11 134 123 124 93 9 81 105 
81 67 72 145 70 76 121 26 112 78 137 6 77 100 58 59 3 107 5 36 144 56 14 110 88 46 28 49 124 16 142 93 73 94 133 113 63 105 136 7 37 120 12 108 35 87 130 39 111 64 134 82 115 45 89 122 34 98 20 103 13 22 150 143 47 74 99 29 95 53 91 31 119 123 57 109 90 60 85 104 55 66 129 11 19 15 86 68 138 131 48 51 24 146 117 83 96 44 25 41 116 54 50 69 80 97 106 38 118 32 30 102 43 135 75 4 
42 2 79 105 33 130 9 36 133 126 139 86 73 4 64 146 19 16 103 28 124 43 23 100 136 30 138 142 41 90 10 147 31 62 53 98 67 38 18 118 96 59 143 11 89 5 48 21 114 132 34 135 63 115 119 22 55 84 25 116 131 61 46 13 7 83 17 82 92 110 128 51 47 93 145 68 97 32 40 52 141 101 127 106 70 71 29 3 102 94 137 49 121 140 66 57 6 122 27 108 1 54 50 81 148 149 58 78 12 44 125 37 65 39 91 26 
