150
125 96 101 53 88 89 11 76 52 49 14 87 95 121 149 114 117 98 116 126 122 32 134 145 77 25 90 110 23 69 92 139 104 86 136 97 141 21 103 74 9 106 
8 84 16 117 94 73 64 48 44 139 95 111 30 72 40 26 143 147 45 36 145 136 110 101 81 109 67 57 100 70 119 130 86 61 
20 35 115 149 25 30 123 12 33 32 100 87 45 13 44 78 143 29 8 98 83 103 97 60 62 122 126 75 
135 146 119 8 52 65 26 19 28 42 15 115 22 130 64 20 44 85 59 134 101 131 30 150 117 138 36 74 10 57 98 53 102 81 
100 92 25 124 126 104 70 26 45 115 111 74 149 46 52 112 87 135 15 43 127 125 84 36 131 35 21 146 101 47 23 44 130 134 50 42 109 20 9 96 66 105 31 37 
109 130 46 23 122 147 24 89 41 71 68 18 81 139 8 62 51 16 65 87 85 131 116 70 31 29 105 128 34 94 133 
27 123 142 22 53 99 100 147 91 36 148 110 26 38 17 133 60 67 105 101 76 40 135 15 74 103 114 12 127 51 45 
94 31 134 87 132 36 92 83 51 116 28 6 104 72 4 27 81 133 65 74 48 67 89 57 90 3 79 2 96 95 136 150 68 26 50 47 44 112 
19 139 5 124 34 16 136 41 127 74 148 20 48 117 82 91 17 107 130 100 42 149 123 24 103 137 12 81 45 78 86 99 33 1 120 
59 47 68 58 144 38 107 96 74 143 141 42 55 40 14 4 94 25 134 131 114 18 20 87 110 43 150 128 35 72 148 
115 80 128 62 26 88 107 96 60 1 139 99 52 34 129 58 65 31 147 30 120 78 85 24 150 44 35 83 77 59 105 
101 133 87 117 76 82 47 83 7 80 134 20 31 112 65 88 24 119 56 86 3 28 38 33 137 48 40 57 15 120 96 123 115 116 111 9 74 39 
3 18 66 92 85 135 60 104 41 35 98 43 32 70 102 131 33 93 51 64 68 77 117 91 120 40 123 101 49 97 111 139 67 55 115 142 29 45 141 15 57 38 
103 115 143 55 1 24 135 97 76 28 117 37 18 150 30 10 138 49 106 119 86 110 147 31 65 33 88 130 
4 140 43 126 12 34 148 20 81 26 31 5 58 55 84 13 149 135 7 19 110 38 122 93 37 100 128 63 64 44 77 98 120 80 46 147 39 86 49 61 
69 110 128 147 41 27 60 31 70 113 22 83 19 21 9 117 84 64 6 121 132 125 127 71 46 55 144 95 112 142 2 57 80 87 54 106 100 131 
135 136 84 97 46 81 63 108 70 111 118 76 130 127 131 88 145 89 61 94 9 25 126 133 62 93 7 78 38 140 138 34 44 139 22 96 28 23 112 53 72 102 
34 35 57 28 93 136 95 10 55 36 13 144 6 54 111 33 62 98 69 38 39 91 115 50 135 14 140 43 118 100 81 76 70 103 37 80 68 
105 66 9 78 72 4 21 144 29 83 150 74 120 133 44 28 58 15 34 23 77 54 35 112 16 123 102 64 141 59 47 91 121 63 136 20 89 116 118 
112 94 68 113 93 75 92 22 130 4 69 106 61 131 24 104 70 47 147 116 19 5 40 120 95 3 141 137 9 73 55 10 12 140 15 29 99 102 146 27 79 
141 37 33 41 138 75 73 1 80 112 82 67 5 145 19 23 16 34 22 50 42 81 96 68 38 24 142 46 136 
17 54 119 75 42 77 104 7 59 147 39 20 21 117 138 130 88 4 105 102 133 82 120 29 122 47 67 80 121 16 143 65 43 99 134 125 131 45 142 32 86 111 106 79 
122 66 5 94 78 150 6 67 112 48 132 102 35 59 75 106 127 108 123 116 19 120 42 101 98 105 147 87 60 138 21 1 55 137 85 41 17 148 40 
124 61 20 102 29 44 121 99 101 147 63 9 113 11 12 26 97 94 76 6 106 14 110 129 122 62 21 130 85 83 27 47 95 
135 138 128 3 1 69 66 33 104 105 72 99 127 145 112 125 10 89 5 46 55 17 61 93 83 60 137 113 65 87 143 
89 67 148 117 78 126 146 83 82 116 15 127 144 49 112 7 149 145 70 24 27 79 106 104 98 2 4 150 5 122 101 109 8 75 11 140 44 121 32 
26 108 31 132 110 77 123 64 127 74 7 97 115 16 52 90 57 33 146 144 20 133 70 114 121 8 138 86 80 135 24 28 
107 14 4 19 32 27 109 102 150 29 17 113 129 96 85 59 131 145 64 139 104 8 72 86 68 43 63 115 88 51 18 133 108 12 
123 109 32 6 3 20 94 81 37 135 85 105 19 122 111 95 98 75 51 28 106 70 137 145 60 138 24 13 77 44 99 102 113 114 72 22 65 59 92 120 40 133 53 91 30 
77 96 148 11 73 41 85 31 4 35 99 74 43 2 130 79 116 76 3 48 71 65 29 97 51 114 61 14 70 67 110 81 112 145 142 75 45 109 117 125 133 140 
139 37 141 72 70 6 32 138 149 130 81 107 16 42 46 15 94 11 5 41 111 73 36 69 131 104 12 38 119 30 27 47 50 14 8 
90 78 114 110 47 113 29 85 1 57 115 13 54 31 33 83 3 44 147 93 89 127 28 26 52 61 99 64 121 119 120 38 22 67 116 59 
27 96 132 12 18 21 89 104 32 9 108 25 3 76 14 70 84 37 71 142 115 34 79 56 94 64 66 139 107 101 111 73 13 39 125 127 143 
95 76 57 142 62 21 55 50 44 17 116 97 6 11 88 102 100 54 96 18 115 109 113 36 150 38 35 138 39 145 56 141 93 19 103 112 15 101 121 33 47 9 71 110 125 
53 143 10 97 109 19 75 34 40 3 23 118 54 46 13 133 121 124 70 72 71 132 43 42 36 47 115 135 37 69 86 5 41 136 11 30 80 52 129 18 107 
67 5 101 35 116 103 40 92 139 7 68 52 144 73 31 126 58 49 95 74 2 53 83 76 42 18 34 124 148 4 77 61 55 51 145 8 
125 148 56 51 116 144 108 105 128 50 18 29 35 33 72 122 31 65 53 5 21 141 94 79 75 66 145 102 69 123 59 55 15 64 14 140 49 147 120 
59 43 119 17 77 18 140 31 130 88 116 136 110 75 78 7 10 80 21 76 44 108 32 97 62 139 13 58 135 106 137 144 127 147 34 12 51 150 87 67 15 
33 34 40 42 146 41 18 52 54 97 130 128 67 134 76 131 71 22 93 100 87 127 101 72 118 62 129 94 117 80 43 15 121 12 50 92 
2 13 52 12 10 7 35 43 140 92 116 119 117 101 133 20 63 56 139 97 82 96 23 77 74 39 99 59 150 144 79 29 84 89 36 126 94 143 
16 110 123 63 49 107 90 39 6 109 148 92 21 71 59 80 83 73 56 31 126 50 136 23 131 108 139 120 9 53 51 35 13 144 94 95 30 
139 64 78 130 39 113 23 119 4 46 99 115 53 120 148 21 74 134 9 144 131 36 56 110 5 45 111 49 109 141 107 22 35 103 10 145 31 
18 70 40 28 96 39 93 65 15 48 134 76 108 38 58 131 118 35 53 86 78 22 98 74 5 73 110 77 10 148 46 102 128 59 75 13 138 30 
26 32 115 101 141 79 119 150 11 128 123 105 57 85 24 83 86 68 2 62 8 29 38 98 90 118 113 17 5 4 107 3 75 66 92 100 46 143 97 60 59 15 74 145 137 34 19 
52 115 5 95 121 94 141 3 150 96 91 119 110 66 79 13 9 139 107 146 7 67 47 92 46 143 22 42 50 125 130 126 134 30 2 
6 109 119 42 99 5 115 112 81 43 147 25 57 114 45 102 111 15 89 132 69 35 16 139 93 122 31 17 58 44 87 142 50 47 79 21 95 66 75 86 
116 100 24 32 133 121 64 10 111 149 22 79 63 148 5 34 117 48 78 102 68 20 108 31 51 19 8 75 55 45 46 12 35 107 73 
123 95 128 110 50 77 126 117 149 2 109 125 23 142 107 119 102 57 96 140 9 72 43 90 12 67 47 112 71 8 60 30 115 
14 1 75 124 15 80 57 65 137 87 138 140 70 96 150 105 93 41 81 74 79 128 36 76 110 117 88 42 26 111 84 62 90 37 13 118 
115 143 116 111 132 56 92 18 84 5 131 97 41 138 52 45 31 66 114 130 120 125 62 112 99 34 86 139 63 39 8 21 81 37 48 46 91 
57 8 79 94 139 127 41 36 63 90 146 129 37 116 82 120 87 110 38 28 6 118 95 99 81 47 137 142 30 13 135 131 58 7 138 61 141 75 112 29 
86 40 4 114 35 5 109 50 76 105 32 118 96 94 65 72 73 132 27 121 97 78 57 11 45 36 112 39 93 59 1 90 106 
79 122 106 4 54 64 104 150 42 37 58 17 43 29 123 101 36 105 138 136 7 116 80 121 102 131 62 147 35 83 132 41 141 76 55 95 56 1 
129 34 53 60 146 122 124 85 18 32 19 88 83 150 22 102 149 39 56 82 93 35 80 97 130 100 87 16 72 118 119 
92 15 34 116 103 37 16 87 64 59 23 127 65 141 25 20 112 62 14 81 36 10 47 114 82 88 146 13 94 53 18 115 
78 137 34 118 91 100 101 95 60 146 77 74 79 50 107 119 42 135 84 144 143 54 53 37 72 40 133 128 88 12 41 127 33 63 
59 150 144 119 100 18 86 115 63 51 27 101 129 143 2 139 81 77 49 58 46 109 13 147 97 95 88 34 16 4 73 62 32 48 102 12 52 8 44 137 
95 19 53 96 84 134 60 93 77 118 74 57 79 15 38 124 112 149 43 61 116 71 147 91 78 10 139 97 51 46 105 36 106 82 11 63 132 75 73 
40 130 37 97 28 76 23 139 92 108 43 38 10 147 141 55 119 123 101 81 132 52 57 67 83 22 115 19 11 44 4 29 32 148 41 106 126 63 
77 44 75 76 136 13 25 147 109 73 87 3 16 116 7 66 56 63 58 144 65 105 29 114 23 99 118 121 91 54 141 130 48 11 107 112 
68 51 89 86 146 122 58 77 17 100 110 90 148 84 147 30 25 36 104 117 92 15 62 32 63 94 145 101 2 20 95 133 24 142 
77 103 143 11 124 50 138 17 142 104 112 18 101 55 44 53 61 98 99 120 34 135 39 38 24 3 76 148 84 72 49 105 127 6 80 79 107 57 133 91 134 
98 106 50 47 19 113 141 102 80 17 120 111 124 92 68 24 60 78 108 57 112 79 59 86 40 65 51 61 117 138 58 130 15 74 143 28 41 110 64 134 56 70 
135 141 102 27 33 98 65 53 113 16 42 72 2 105 91 13 28 111 37 47 70 55 63 86 110 114 15 32 82 145 19 140 85 4 
64 77 117 126 55 29 60 118 4 37 63 25 81 133 30 14 43 128 97 140 6 123 11 142 136 108 12 138 49 52 8 87 124 103 129 22 
46 13 60 79 69 68 89 37 45 77 129 74 142 99 71 139 132 44 76 118 96 123 147 23 33 50 107 5 25 19 
7 140 45 99 13 98 38 127 135 96 2 104 23 111 21 129 48 32 59 78 93 26 39 149 74 92 30 88 22 76 143 120 70 8 36 102 125 
108 90 72 112 10 8 66 138 118 87 93 130 119 95 96 63 102 47 69 78 143 126 28 71 21 20 13 122 94 109 127 91 6 74 36 61 84 44 18 
118 135 103 101 31 18 25 138 112 144 1 46 68 16 96 142 37 113 86 20 115 150 79 102 91 35 66 143 84 
85 118 108 29 139 120 136 63 31 17 16 27 26 18 82 142 125 67 93 119 30 13 147 20 2 114 64 107 33 35 148 94 99 100 5 49 96 75 43 91 150 6 
101 120 138 124 33 66 34 6 68 78 58 48 102 128 39 16 103 75 35 41 99 94 111 98 30 72 144 134 142 148 
17 110 54 68 71 2 64 29 74 87 56 118 31 131 146 119 35 126 25 101 125 62 143 102 19 86 109 108 91 8 84 28 52 48 39 104 135 10 37 123 
83 78 120 141 60 57 94 30 2 43 36 139 103 131 98 20 47 52 134 31 58 33 41 92 97 21 
137 85 27 44 98 149 72 122 42 63 150 58 40 1 5 104 86 112 30 67 108 12 10 66 124 43 132 107 128 36 116 56 49 7 68 8 140 101 97 19 9 89 4 
60 115 26 126 101 35 30 21 37 46 38 98 49 76 44 85 51 22 23 70 3 58 29 81 99 146 77 116 20 133 123 108 110 90 47 71 112 129 109 43 145 83 
18 106 43 144 7 131 89 1 30 83 12 86 39 60 121 114 67 33 34 93 142 52 96 137 75 110 24 127 104 53 66 141 17 62 14 49 125 38 59 150 130 102 128 119 145 36 97 
60 22 116 30 43 61 27 103 13 94 66 97 40 15 126 123 38 75 108 36 11 48 1 65 96 117 29 129 56 99 91 62 139 58 79 57 19 
127 96 132 148 133 73 68 71 109 67 9 79 126 88 19 38 121 26 52 131 58 32 11 92 90 17 83 145 124 3 99 95 105 23 63 47 56 42 43 97 98 
20 78 94 77 69 51 82 92 46 37 47 8 110 26 119 91 44 112 123 93 45 56 63 89 22 33 40 66 62 109 30 120 58 49 129 53 
22 132 92 49 18 93 91 16 12 53 114 39 104 38 139 41 86 98 54 128 15 21 35 107 11 63 141 27 62 115 142 
75 30 147 51 146 92 21 55 115 111 105 46 15 65 31 2 6 49 57 127 95 4 116 125 86 93 59 106 98 9 132 17 18 50 130 29 8 
139 22 111 89 26 70 138 54 132 79 93 85 21 55 130 40 116 150 149 51 86 12 9 140 109 110 58 64 105 
137 73 53 44 25 127 8 105 54 26 134 119 59 11 110 41 136 138 131 36 76 108 12 24 78 126 32 117 3 141 116 19 111 75 16 
16 62 69 131 2 68 5 15 149 91 58 49 138 148 132 72 92 118 141 119 144 17 40 56 113 122 135 87 50 33 105 61 116 104 
130 70 113 150 128 6 54 146 29 97 30 132 23 147 140 131 75 24 13 32 64 4 28 112 74 111 105 116 98 11 82 44 125 135 102 141 
15 128 148 64 145 88 100 35 63 2 76 82 143 46 106 137 102 72 43 105 9 87 114 28 80 50 44 1 61 74 125 27 134 81 69 14 121 12 22 57 131 52 
135 12 88 68 65 72 55 38 39 1 8 104 90 114 84 23 95 60 112 140 118 139 54 16 143 113 3 6 142 25 51 103 91 46 150 49 10 86 116 5 
54 97 103 49 86 17 138 14 55 87 131 28 106 78 146 140 132 109 122 57 1 93 12 22 67 92 128 34 133 129 56 116 38 11 
26 61 137 100 131 46 140 82 79 76 130 17 19 32 96 107 8 125 111 40 123 133 6 33 136 66 112 74 92 25 114 1 
93 68 51 102 133 27 48 61 127 1 149 139 108 32 75 78 112 111 97 52 41 131 8 138 49 87 44 110 
72 79 97 122 118 69 143 106 29 149 18 108 140 136 138 68 7 105 9 45 132 13 60 70 64 58 107 56 84 99 80 50 112 129 77 87 62 117 19 
111 73 45 5 78 113 50 59 63 89 84 124 118 36 80 8 41 39 29 79 134 13 104 44 40 137 55 20 88 61 110 100 106 67 81 1 
58 76 68 18 97 133 132 32 144 70 52 15 79 81 25 54 20 88 34 80 110 39 130 119 67 49 141 43 82 108 125 17 13 46 90 
102 2 8 29 52 20 71 6 144 33 124 132 70 51 150 37 24 98 110 145 68 77 61 41 45 39 17 55 23 10 100 107 73 79 95 97 40 121 31 105 99 
130 98 48 57 45 2 138 8 20 94 29 87 68 51 78 141 61 41 133 24 114 107 1 146 56 113 34 58 81 46 121 148 150 115 16 53 145 101 140 128 116 108 36 18 
69 134 49 33 101 67 78 58 1 17 28 45 137 105 89 123 43 12 10 106 52 118 125 76 70 77 149 21 11 135 66 40 48 34 119 68 5 108 120 30 8 
93 123 54 132 74 149 14 17 133 94 50 110 88 39 57 91 65 58 34 13 78 77 1 59 73 40 3 98 122 24 121 30 44 126 52 27 35 85 90 76 38 
13 85 94 29 106 108 73 132 62 135 3 134 1 136 78 4 81 71 97 63 75 124 67 44 95 23 74 26 64 80 117 120 15 114 18 103 43 104 
9 51 11 135 91 75 77 121 125 128 138 29 134 117 122 114 107 40 60 94 32 78 123 50 146 22 30 46 71 67 142 7 24 20 70 62 66 148 118 130 25 105 42 
7 56 110 149 121 9 15 103 16 134 5 70 18 39 143 94 102 130 2 114 44 126 123 86 54 144 57 47 61 3 34 135 112 92 89 
71 44 26 36 59 111 69 102 96 7 74 13 4 61 33 112 34 23 62 53 24 132 2 40 5 72 39 138 129 1 75 95 57 56 12 121 117 
101 37 24 48 120 34 54 28 103 143 123 17 20 22 124 4 19 76 109 71 94 90 85 72 126 63 46 53 86 67 47 68 140 57 64 29 69 148 13 100 104 23 118 150 43 
77 69 9 121 7 142 42 65 1 144 34 3 115 102 36 125 98 135 14 143 112 71 88 73 137 18 140 87 62 55 100 
105 92 72 80 1 136 87 121 53 8 74 146 102 98 84 5 139 144 123 20 13 142 28 117 31 33 22 62 61 76 25 26 113 67 
138 11 99 86 85 62 37 23 84 44 6 81 132 64 111 121 29 78 25 22 49 149 128 96 19 136 91 58 94 60 104 5 82 118 7 130 83 109 53 52 
134 110 1 88 63 52 112 14 16 81 133 91 150 119 128 58 22 59 29 86 20 24 92 76 26 98 96 38 53 23 121 113 
70 62 41 122 28 89 80 130 47 129 10 95 128 99 11 42 31 45 44 109 123 74 66 115 117 56 48 91 127 9 137 35 94 33 131 120 60 
122 148 17 27 28 33 23 96 59 38 72 70 143 74 93 65 95 83 109 77 47 91 68 90 37 75 127 134 63 41 111 98 145 43 
5 118 105 6 68 52 79 2 30 146 41 108 60 82 115 127 48 42 132 88 34 102 107 29 110 126 46 26 57 131 78 28 148 35 72 75 
132 38 34 83 140 143 90 72 1 133 61 27 32 41 43 14 97 120 94 125 136 24 42 79 30 64 51 118 10 48 130 100 106 93 63 109 76 45 145 148 138 2 82 7 92 49 15 75 16 
119 50 129 128 64 71 47 118 90 101 2 89 49 13 85 144 22 42 83 33 29 142 12 136 46 82 63 5 133 67 105 31 127 81 18 120 108 92 17 
21 58 19 100 50 8 68 20 52 48 75 87 34 144 55 79 69 106 23 16 25 135 5 89 114 62 122 60 17 12 142 113 51 91 90 146 120 26 30 103 85 101 46 74 63 
34 84 32 64 104 16 69 42 137 112 25 29 130 44 95 24 92 149 139 142 125 85 87 63 106 28 20 
115 29 10 1 80 149 52 60 30 50 112 64 100 124 32 70 76 147 99 87 46 27 141 98 7 89 139 95 86 55 
34 35 45 50 42 103 27 75 48 46 28 11 109 129 55 149 146 124 18 80 3 13 114 33 81 44 59 12 32 95 107 123 121 4 14 116 57 5 69 
40 32 74 58 19 8 38 122 129 30 37 50 26 128 135 36 82 60 1 20 144 131 51 85 12 23 81 77 6 34 55 87 95 47 53 83 115 75 88 84 
40 91 26 128 16 61 1 63 9 30 99 22 49 107 12 13 39 2 65 48 4 101 14 145 127 47 104 124 83 77 139 98 119 
69 43 72 52 141 87 68 19 18 109 135 105 54 39 49 102 56 92 60 70 66 91 125 110 35 58 99 65 84 111 124 120 128 51 17 44 96 
132 93 12 45 68 31 84 46 127 111 106 40 130 38 32 4 124 83 149 147 123 54 70 72 14 122 125 117 57 42 56 146 79 96 59 2 44 48 76 145 143 22 
12 13 22 37 126 63 67 102 73 132 19 136 62 20 145 32 50 11 23 122 41 9 70 15 51 71 112 107 127 111 98 42 96 123 118 110 79 142 29 
52 53 60 142 148 99 105 27 26 86 16 115 95 143 76 103 106 1 101 97 22 100 24 35 34 104 32 45 94 144 139 78 132 39 19 47 
119 26 120 15 54 74 53 46 3 29 6 88 148 61 150 84 68 124 24 99 107 37 112 116 135 108 1 97 22 23 91 
65 119 77 97 79 72 107 100 9 19 7 89 102 133 53 59 104 99 75 13 127 29 48 115 23 129 44 41 3 37 12 142 120 132 27 96 66 
114 125 119 54 36 143 5 94 78 117 49 148 129 98 71 102 24 63 138 65 58 115 118 134 122 35 92 74 62 9 
22 147 45 141 50 93 119 124 34 16 113 1 76 48 5 128 70 86 142 67 85 96 72 132 149 150 89 118 81 30 110 33 103 99 133 37 25 
26 102 48 77 59 15 109 5 40 65 41 137 1 144 83 100 72 141 3 97 68 36 78 45 128 120 17 75 
108 25 55 111 5 129 39 38 27 68 83 136 109 23 81 67 7 9 139 51 120 33 76 26 32 117 90 141 123 62 107 132 135 78 16 119 17 56 
134 65 111 71 118 76 107 125 48 146 145 138 85 49 11 74 39 88 56 16 44 133 116 43 99 15 25 95 105 132 117 37 80 126 6 86 130 10 106 
39 127 91 54 75 111 24 140 107 28 51 67 35 101 66 88 79 57 123 124 115 11 65 77 116 
113 89 54 17 110 105 150 31 68 38 4 119 30 100 85 131 93 63 81 82 107 39 128 60 22 99 139 149 42 14 76 5 143 20 9 6 95 132 59 50 45 135 24 2 146 140 
86 89 10 73 130 22 85 109 17 148 53 6 20 83 51 107 16 90 41 4 39 5 31 50 43 84 42 13 72 28 116 76 88 78 
94 23 120 50 27 84 58 88 98 33 78 52 105 136 66 119 8 81 35 130 93 125 82 59 121 145 127 138 110 53 142 91 109 101 128 46 16 97 123 149 85 80 74 134 
97 19 89 29 95 62 35 142 78 56 128 61 106 17 28 150 27 12 148 111 123 30 22 75 6 7 90 134 110 93 125 47 141 65 88 40 8 
4 132 138 98 1 8 5 99 58 12 145 124 63 86 96 83 73 128 39 141 42 10 45 71 100 92 150 22 133 106 62 43 108 
146 18 127 14 85 27 56 130 67 29 99 96 148 84 7 98 69 51 62 87 17 100 15 103 149 25 122 4 13 64 116 72 38 112 5 118 35 
137 83 2 145 38 65 127 104 8 111 148 105 18 9 132 41 139 19 98 17 147 53 35 110 60 1 120 91 89 21 70 
12 56 86 113 29 150 139 83 103 136 51 57 89 9 49 38 25 20 96 107 23 126 74 149 92 76 142 44 
17 128 23 50 83 110 82 88 62 22 68 71 90 49 51 146 63 101 25 124 34 99 132 4 31 95 140 43 84 65 105 14 21 91 29 53 69 134 27 141 
117 9 51 77 143 113 90 121 42 46 11 45 87 70 80 28 17 31 40 6 150 38 57 130 114 58 73 82 1 104 50 136 13 33 59 36 137 66 41 144 140 127 2 
110 15 147 130 87 95 40 138 17 49 82 26 74 85 37 67 38 64 89 48 148 91 139 144 20 18 129 103 88 65 102 30 
31 51 134 80 73 76 45 125 133 53 83 84 126 59 138 64 118 60 34 44 20 1 55 10 144 85 114 147 37 63 13 93 42 127 19 21 95 
121 34 111 149 16 132 65 125 21 112 48 70 66 30 71 113 104 87 123 62 133 22 51 69 137 99 103 147 46 76 13 61 120 33 7 80 
139 63 56 44 45 68 130 14 102 35 103 72 10 150 67 50 108 40 3 33 62 100 25 87 22 124 91 119 57 110 86 2 121 69 
94 41 84 42 16 37 116 126 111 69 139 76 60 18 100 27 40 36 56 57 93 140 38 71 112 103 121 10 19 141 104 26 
78 42 117 86 134 29 119 2 61 76 132 94 28 136 34 26 110 44 21 17 36 128 95 37 120 30 64 75 108 1 25 
88 27 5 4 95 56 75 61 135 72 55 85 115 99 112 138 45 39 130 109 119 54 104 20 128 81 26 51 
15 114 11 119 6 125 59 7 57 141 66 58 140 70 16 150 85 22 37 23 38 14 20 136 24 81 142 46 53 60 2 32 61 
102 10 23 71 9 124 47 30 43 7 121 59 140 131 62 36 78 99 136 86 95 61 122 42 37 41 110 135 26 15 70 84 133 108 109 
142 130 113 84 54 119 3 114 105 58 74 125 115 67 132 137 9 90 91 96 31 26 97 100 82 47 15 1 48 5 135 
82 94 69 45 26 28 137 44 85 125 102 139 76 134 87 34 40 133 4 10 143 106 23 70 147 11 38 53 74 57 122 14 54 130 49 19 8 95 