150
132 92 5 131 21 32 76 122 44 115 88 112 99 108 34 128 123 69 141 75 48 120 138 104 27 93 106 107 86 110 113 59 130 82 142 61 147 78 89 46 12 37 53 72 127 65 81 31 118 57 55 28 90 56 29 62 47 126 33 54 22 77 73 79 35 60 117 150 119 51 58 121 103 148 18 146 129 102 40 23 52 143 105 39 145 137 67 74 101 38 16 45 97 85 6 149 96 114 19 116 17 25 66 7 98 111 11 3 84 124 83 36 135 70 91 2 80 100 136 41 15 10 50 63 14 8 13 144 42 64 133 68 140 109 94 134 26 71 30 87 9 20 95 49 43 139 24 125 4 
97 33 146 56 54 40 73 133 46 116 10 31 125 47 66 87 92 32 24 103 149 15 110 69 147 27 53 51 131 43 124 58 63 6 22 107 81 106 38 144 90 111 121 44 68 4 18 138 16 134 88 80 79 141 113 71 96 36 49 129 102 8 7 76 94 118 1 20 48 137 77 78 5 9 34 67 115 61 91 52 55 45 123 108 142 65 120 135 93 72 82 30 122 109 119 143 104 60 74 35 145 14 3 85 128 136 112 62 12 130 140 64 26 21 37 89 95 57 150 28 127 50 126 23 86 29 41 19 17 39 114 99 148 101 100 13 132 70 75 84 59 139 105 11 42 117 83 25 98 
73 122 134 117 16 84 137 47 8 78 143 10 74 80 146 9 96 72 49 113 20 12 150 55 5 102 124 100 42 13 110 95 48 53 17 104 50 25 6 69 81 11 58 149 145 85 26 4 2 37 23 83 61 63 105 132 34 67 119 89 141 115 77 52 44 38 107 68 57 88 130 79 103 54 27 98 112 28 94 41 64 45 123 144 142 86 148 14 18 108 99 133 87 1 65 21 106 121 111 135 29 129 32 62 82 109 31 43 138 97 128 56 131 139 70 127 46 35 140 126 19 101 7 76 125 33 51 75 90 24 40 39 92 147 120 15 66 116 118 93 114 91 60 59 71 136 30 22 36 
29 84 39 101 31 121 7 145 5 55 20 50 75 126 15 125 92 73 56 60 77 12 52 133 144 71 42 38 28 83 150 85 74 113 59 142 90 49 124 131 122 76 22 43 139 63 69 67 87 61 37 135 1 112 23 53 68 129 94 114 104 10 27 88 103 80 13 44 95 47 102 79 91 119 54 19 65 143 70 82 64 25 86 100 96 14 127 132 30 136 106 107 78 17 130 149 117 46 138 116 123 35 110 128 66 148 16 72 32 62 6 21 33 11 3 140 57 98 9 93 8 48 134 34 115 45 99 97 89 2 18 41 141 147 146 120 51 109 36 105 58 26 137 111 81 118 24 108 40 
77 39 24 80 62 143 37 108 28 125 48 144 148 6 44 137 133 78 18 135 26 34 36 105 113 15 114 140 120 41 73 134 150 16 61 53 101 141 29 13 87 71 96 40 107 20 58 12 81 130 116 11 21 50 112 27 43 109 117 52 51 93 99 131 115 127 32 132 94 98 68 86 90 17 25 63 106 104 70 3 35 139 110 69 10 91 118 65 47 147 56 4 85 2 83 119 75 49 89 9 55 30 129 7 88 126 8 64 46 97 145 128 22 54 1 136 123 67 111 100 45 42 146 66 59 33 74 84 19 23 103 138 124 95 149 31 76 102 79 60 57 72 14 122 142 92 82 121 38 
138 126 23 79 148 88 21 74 149 25 44 89 16 33 120 65 47 105 43 1 70 103 78 52 139 122 110 136 27 117 58 12 127 101 118 8 128 134 57 56 34 124 2 14 150 24 83 13 4 131 7 115 73 82 41 3 49 42 28 87 130 39 147 85 99 144 125 108 75 11 116 38 22 46 140 96 5 9 132 50 129 90 145 81 141 123 63 94 92 59 111 64 40 18 97 37 142 106 35 107 95 93 53 17 98 119 143 135 61 67 20 51 19 72 71 100 68 55 84 133 62 15 113 31 137 10 36 76 60 91 30 112 48 86 45 69 146 102 32 80 77 121 54 109 104 26 114 66 29 
131 10 78 138 74 123 54 114 89 13 70 51 28 90 34 105 35 64 101 119 150 48 69 25 75 91 149 58 117 115 95 24 88 145 45 112 19 53 132 44 47 87 66 126 46 71 76 92 56 80 96 22 29 23 52 125 8 1 77 3 57 18 84 94 110 142 128 144 31 118 59 147 120 42 38 65 4 63 135 15 98 50 27 32 60 67 43 104 73 137 39 148 21 134 61 124 127 103 136 40 146 72 41 99 12 37 141 14 133 121 113 26 11 16 6 20 111 2 140 30 17 83 106 109 97 81 36 49 93 116 62 130 102 122 86 129 108 33 55 107 68 9 82 85 100 79 5 143 139 
72 77 29 64 98 137 41 53 79 127 70 119 49 35 110 51 34 63 91 43 97 69 42 96 80 148 84 106 147 86 1 10 125 123 11 45 17 136 118 7 47 23 57 3 55 120 20 46 132 16 32 138 108 111 5 15 124 140 103 73 143 33 36 139 67 93 112 28 76 107 145 135 48 27 12 44 104 95 87 2 21 131 94 83 150 9 105 85 92 101 24 102 89 121 22 99 19 129 113 39 100 31 81 66 122 71 133 26 38 82 128 58 60 74 115 40 90 149 54 142 68 109 52 62 88 56 117 116 61 13 25 37 141 78 18 6 134 30 14 114 59 144 75 126 146 50 65 130 4 
39 52 110 148 49 93 119 38 18 8 109 135 140 67 10 16 79 120 130 114 48 46 131 112 82 64 5 66 113 108 86 92 62 123 121 89 105 84 150 3 99 1 147 104 24 44 35 22 37 128 137 34 54 85 36 127 30 63 25 33 4 144 50 72 122 57 125 69 132 76 15 29 2 70 59 61 149 142 78 68 43 75 7 26 102 118 19 94 141 40 81 96 77 139 21 71 138 80 13 116 115 106 111 56 107 100 28 55 32 88 41 90 126 87 31 117 12 143 91 27 23 133 45 97 11 65 20 124 60 136 51 58 103 17 73 95 145 53 83 146 129 14 98 101 42 6 74 47 134 
65 105 42 144 126 96 16 70 103 99 81 53 1 118 142 76 40 38 127 7 45 68 121 37 104 87 64 91 139 47 11 146 133 72 111 25 141 58 150 27 84 77 93 102 57 36 51 24 132 66 34 147 48 30 78 115 73 17 50 116 22 114 9 88 109 94 39 4 74 21 131 98 89 122 23 108 149 143 100 101 82 117 129 119 83 85 107 128 71 140 33 92 32 125 135 55 90 137 113 112 28 29 18 75 67 2 86 35 26 5 14 120 80 106 43 46 52 134 44 6 136 13 61 69 145 41 49 110 20 15 62 123 3 54 63 138 59 79 95 60 97 31 12 124 19 8 56 130 148 
117 12 21 92 69 59 137 68 52 3 77 125 93 23 110 128 44 106 126 24 34 140 89 150 95 7 64 90 25 104 85 112 14 27 109 138 38 18 73 136 91 62 98 84 47 99 9 46 37 101 103 139 20 2 119 41 61 100 36 19 97 113 80 114 118 81 131 149 66 94 71 67 144 87 58 35 57 1 40 116 141 115 31 74 72 49 60 8 120 45 86 29 53 5 22 26 78 147 54 13 75 63 32 105 133 123 96 132 76 43 107 122 70 56 48 135 10 51 50 148 79 39 55 127 102 42 146 142 83 82 121 15 111 33 124 143 88 145 30 16 28 17 130 6 134 65 108 4 129 
25 13 54 135 110 56 55 71 108 72 141 84 19 41 101 142 67 148 36 22 46 2 38 1 93 145 126 26 63 147 4 14 33 73 68 91 51 139 7 53 136 6 69 58 116 150 87 59 57 119 39 34 32 130 52 121 105 104 47 131 109 83 111 40 127 92 118 28 16 144 20 48 49 74 45 85 94 102 138 137 10 43 5 66 24 29 125 23 123 143 75 81 134 11 149 18 113 115 61 96 8 89 30 3 86 122 37 132 114 76 77 15 42 117 129 50 82 103 35 79 99 97 95 133 44 70 65 62 128 120 60 9 27 140 112 80 17 90 98 146 106 124 78 100 31 107 88 21 64 
24 134 41 118 144 4 145 34 107 19 87 26 97 76 22 120 142 3 149 113 104 133 58 63 88 52 132 68 74 6 37 20 14 1 51 46 54 139 71 11 126 121 84 105 127 33 89 79 32 8 23 29 81 39 25 119 91 130 98 93 111 60 61 70 16 78 114 10 73 128 131 72 106 27 75 35 124 103 28 47 82 129 44 57 148 136 117 62 59 94 143 125 116 90 77 96 45 140 101 147 109 36 135 48 137 100 56 53 49 15 12 108 38 80 31 5 92 40 67 21 43 122 55 95 99 2 141 102 18 50 138 85 115 66 150 110 146 9 112 30 69 65 83 7 64 42 123 86 17 
105 114 12 22 106 85 92 121 87 141 54 119 36 78 137 64 97 98 149 96 62 67 68 113 132 146 145 138 110 26 29 40 76 95 45 38 25 55 5 21 9 43 69 61 108 66 99 115 117 65 31 129 148 73 8 125 122 140 80 49 147 47 116 51 15 74 17 142 133 71 144 48 131 57 102 60 136 134 59 24 143 101 103 50 109 77 33 84 37 23 1 94 135 4 90 88 28 6 3 16 2 81 123 11 27 10 91 53 42 89 44 104 150 7 139 34 82 35 126 32 124 39 58 118 112 70 83 46 128 93 79 100 56 52 20 111 41 13 72 127 75 130 107 86 18 120 19 30 63 
39 43 89 18 81 22 6 144 91 29 34 64 20 1 46 82 13 122 114 48 84 71 116 146 86 11 99 76 96 121 41 36 38 143 115 55 120 2 98 8 63 142 85 10 58 118 74 148 4 131 124 51 108 26 42 150 57 97 49 23 79 113 101 94 7 37 33 61 68 140 127 47 65 139 111 125 83 126 88 50 30 75 78 145 137 107 73 28 12 66 40 106 24 77 102 104 133 62 87 136 45 17 3 119 141 80 110 147 105 72 53 44 14 19 129 35 56 54 109 21 92 90 132 52 95 103 5 70 138 67 123 27 135 100 128 112 93 134 69 31 32 16 149 25 117 9 130 59 60 
62 45 104 30 11 108 8 137 138 81 105 41 2 4 1 145 37 57 12 82 27 54 127 112 134 150 3 65 21 130 13 133 125 20 42 109 17 26 101 58 10 94 106 33 77 18 147 31 28 126 119 35 56 92 72 9 88 68 75 63 115 74 67 14 91 123 79 46 95 141 83 136 117 51 73 53 78 29 113 139 69 140 144 128 97 142 93 39 60 5 99 52 110 96 25 22 121 23 36 43 132 80 143 55 86 38 85 129 6 50 48 19 116 102 87 89 135 61 70 15 47 40 107 131 114 71 149 90 120 34 64 76 44 84 98 148 103 124 118 66 100 146 59 49 111 32 122 24 7 
3 111 112 7 45 85 95 36 138 88 120 91 115 41 18 50 38 104 28 92 29 118 137 132 77 27 74 78 109 67 19 72 125 70 34 47 106 51 71 59 134 145 128 79 129 61 149 123 93 80 55 58 14 10 1 86 53 101 81 15 40 48 124 65 82 22 84 30 133 113 24 83 117 6 5 114 39 66 8 26 64 150 146 76 52 69 135 121 103 147 141 142 49 31 140 130 16 89 139 97 44 119 62 94 21 32 107 116 20 110 54 102 23 37 136 43 131 98 96 105 33 57 99 90 25 11 87 56 4 46 144 127 108 60 126 75 42 100 68 63 12 73 13 148 143 2 122 9 35 
127 79 85 40 30 11 91 4 95 101 98 142 48 141 118 113 38 60 65 42 130 143 120 58 97 22 138 10 50 115 124 132 126 104 76 150 82 55 84 81 8 72 6 64 139 13 67 29 96 25 110 80 53 70 27 112 51 119 19 75 66 93 100 24 52 105 103 43 147 122 31 107 114 46 133 83 73 34 149 77 44 12 140 128 2 63 78 94 5 131 3 108 56 99 92 125 16 111 116 90 148 20 68 74 135 137 39 49 37 136 102 23 71 36 59 1 69 129 146 144 17 35 47 41 86 15 106 7 9 26 32 89 117 45 21 54 88 87 109 28 62 14 33 57 123 61 134 145 121 
135 120 20 4 12 47 51 95 43 83 136 74 2 9 150 38 1 36 59 72 79 140 60 86 112 32 149 42 138 24 122 105 103 119 57 123 48 109 76 30 81 87 89 34 31 80 45 145 97 61 65 106 6 49 141 114 54 121 147 124 50 29 75 23 52 107 78 132 17 35 64 26 21 131 27 126 25 73 125 84 88 3 148 142 100 41 7 115 8 55 67 101 102 13 108 82 66 113 146 39 18 77 62 143 71 96 16 68 134 37 93 104 118 15 133 63 94 10 111 127 44 137 130 56 11 46 139 116 33 144 22 70 128 40 98 99 58 85 69 117 90 14 5 129 53 110 28 91 92 
83 113 3 70 105 62 80 139 34 95 65 122 96 94 41 103 7 72 64 6 104 8 11 130 117 66 92 84 79 55 49 56 31 91 21 129 118 10 4 58 140 134 27 38 144 54 86 50 48 47 9 88 109 111 28 82 121 142 145 100 135 44 18 110 133 147 59 25 73 85 45 15 107 81 101 74 138 13 108 119 132 93 87 33 150 46 141 75 97 26 12 125 40 89 106 2 67 131 146 14 36 115 60 43 51 35 39 149 22 112 63 19 123 61 23 52 90 126 24 53 128 77 120 30 1 57 102 29 143 78 16 37 124 71 114 17 42 127 116 5 99 69 76 98 68 136 32 137 148 
38 116 24 147 6 35 78 72 97 40 49 67 119 2 10 55 107 98 66 26 71 65 57 31 89 18 99 50 37 46 103 88 14 41 83 137 95 113 121 58 69 100 108 125 94 141 84 130 76 45 27 135 4 136 47 17 68 33 110 143 124 126 102 115 54 70 82 15 34 28 23 117 122 92 134 133 96 111 32 29 128 93 80 39 109 120 30 20 129 146 149 16 36 90 123 77 79 104 61 91 74 64 148 106 81 138 22 101 5 150 132 13 63 44 127 51 11 114 112 53 85 43 25 105 131 140 19 56 145 75 144 142 62 8 48 42 52 59 12 60 9 86 87 1 73 118 3 7 139 
48 77 68 75 147 97 41 117 116 127 73 7 104 34 146 11 129 47 113 1 118 133 82 57 94 111 60 40 81 144 36 143 106 138 31 13 72 128 112 78 130 51 86 83 64 109 124 87 32 148 120 9 19 63 101 3 56 17 61 38 89 85 123 37 115 46 122 26 74 52 95 132 71 8 18 24 105 20 58 76 102 50 70 27 110 121 15 29 98 88 23 131 126 114 49 39 2 145 59 134 142 100 4 90 69 67 16 5 135 6 54 55 53 141 80 139 21 107 30 125 140 42 108 65 28 96 150 103 99 92 91 10 136 119 43 79 14 45 93 12 25 35 44 84 62 33 149 66 137 
24 141 38 48 113 83 95 139 98 26 55 18 10 20 17 49 90 92 32 21 40 136 146 22 67 88 58 126 122 39 108 87 68 35 79 59 128 27 56 138 62 73 41 53 102 150 30 11 45 105 107 124 70 44 36 31 145 2 120 33 65 52 149 147 8 134 104 103 80 117 91 97 123 28 93 29 119 130 116 69 131 77 47 63 135 19 144 129 148 121 114 71 140 64 37 74 76 100 9 4 72 110 6 12 143 99 50 78 1 115 101 89 109 96 106 16 14 86 75 46 43 25 57 42 112 61 111 127 125 132 84 54 118 94 7 137 133 5 60 51 3 82 13 85 15 81 142 34 66 
55 130 111 77 26 11 20 86 33 100 25 62 14 91 101 88 118 83 98 34 139 104 42 146 124 106 87 121 3 41 63 119 129 133 114 141 147 103 32 45 28 43 2 58 54 80 30 61 110 4 145 144 15 6 113 59 47 89 75 53 8 138 95 5 73 79 46 64 116 22 107 56 66 50 17 96 27 69 52 67 48 19 76 97 31 134 109 131 90 21 150 127 65 68 94 9 125 71 123 44 122 74 51 92 78 81 49 1 60 84 35 82 143 72 13 136 93 142 57 18 85 39 135 140 102 105 29 108 7 137 149 99 115 37 132 112 10 16 126 117 36 12 70 38 23 40 120 148 128 
29 64 107 98 10 41 37 104 38 7 114 55 2 21 147 143 94 69 8 134 99 40 73 20 9 70 97 43 34 54 18 112 79 108 116 23 45 115 39 15 95 36 128 53 74 61 1 118 52 13 51 76 100 16 101 145 33 30 138 150 102 67 75 44 136 135 56 77 123 49 127 31 80 120 28 68 109 146 60 125 105 66 90 86 139 14 93 81 83 12 144 133 140 126 124 47 96 3 113 119 59 48 110 132 62 46 24 11 92 117 89 91 141 142 129 87 103 58 71 72 82 137 6 78 121 131 32 5 4 106 22 130 88 122 57 19 111 84 149 42 35 27 63 85 50 148 65 17 26 
99 38 79 126 56 149 78 71 24 3 103 70 97 11 132 75 39 147 109 120 130 61 68 108 104 54 117 143 135 37 51 31 29 73 34 65 101 102 112 137 8 146 113 50 69 80 17 127 85 23 141 95 106 1 94 90 30 144 139 59 134 83 46 76 136 100 119 43 66 93 58 44 32 88 98 142 5 27 111 125 123 33 72 128 148 82 12 14 21 60 118 41 13 84 64 16 92 138 47 114 15 45 6 4 9 49 89 42 36 86 115 22 63 105 20 57 133 145 55 110 124 77 40 67 18 129 150 87 52 2 10 140 91 28 62 121 19 74 107 7 96 81 25 53 35 116 131 48 122 
86 98 25 45 120 63 74 16 14 6 96 122 34 139 117 104 71 113 135 61 22 99 83 26 125 3 59 5 123 2 66 36 13 115 37 105 72 47 4 148 43 29 41 101 126 137 15 118 28 140 80 131 81 55 12 35 78 21 133 44 95 58 127 150 108 70 138 146 143 50 91 67 62 111 10 19 110 136 60 18 88 7 119 53 92 1 40 65 73 87 11 116 147 57 17 82 130 109 54 32 89 132 90 114 106 129 64 102 142 9 112 103 52 31 93 51 77 68 69 84 124 20 145 42 56 134 85 23 79 144 33 49 97 30 75 128 100 121 24 94 76 46 8 149 39 38 48 141 107 
124 126 88 127 119 13 125 76 81 101 34 133 20 31 29 105 116 26 45 139 10 137 54 61 39 71 22 14 142 66 37 15 17 7 46 120 83 117 109 56 115 6 72 95 63 12 64 8 42 86 146 112 35 25 11 40 93 96 68 100 33 19 18 98 67 1 82 136 4 85 62 69 36 57 53 102 51 74 107 87 106 47 75 65 44 23 48 123 113 92 73 145 108 144 9 135 138 91 2 131 43 118 147 129 103 60 84 80 3 59 78 122 143 149 49 94 110 121 52 141 58 27 111 130 150 90 32 99 97 132 79 148 128 55 16 24 30 38 77 50 104 41 5 140 114 134 70 21 89 
69 120 74 9 88 123 101 127 80 126 95 136 7 58 38 18 4 48 147 89 52 84 45 100 91 41 46 116 24 75 117 65 146 31 14 40 143 83 121 71 68 97 63 13 90 21 107 81 87 92 124 133 99 26 150 114 112 57 130 129 20 73 56 62 22 148 111 109 119 23 5 37 27 60 141 135 53 1 77 50 44 142 149 106 59 11 118 93 51 66 138 144 10 49 19 96 67 8 30 33 122 78 72 86 64 108 34 140 102 61 132 35 139 103 105 137 76 36 42 79 32 94 145 28 113 2 128 98 134 70 39 3 85 104 6 110 43 55 125 12 16 17 82 25 115 47 15 54 131 
144 48 43 97 126 122 52 63 91 3 134 87 114 55 96 57 124 7 79 107 60 88 14 129 20 143 70 6 35 127 138 112 65 100 92 13 140 36 119 49 12 80 53 4 17 41 24 39 42 105 21 47 104 26 11 125 29 9 116 56 78 61 133 40 82 108 117 110 16 72 135 106 10 2 142 86 139 50 34 148 15 31 69 1 74 85 147 101 8 150 19 64 77 123 62 120 109 94 141 121 130 25 58 103 137 89 23 81 90 71 33 68 132 115 46 131 128 83 37 38 145 28 99 95 18 111 5 32 67 93 113 118 54 22 102 66 84 146 27 136 45 51 59 75 73 149 98 76 44 
74 110 56 143 29 135 15 33 52 88 44 26 127 95 77 80 138 113 132 67 93 19 97 16 41 91 150 140 89 58 123 126 40 96 27 55 43 13 21 125 149 146 12 114 118 2 17 103 34 53 20 121 76 68 117 131 38 108 106 148 73 145 115 11 111 142 124 99 87 7 32 79 28 39 42 65 92 63 137 102 136 8 104 47 36 59 119 133 3 109 46 81 10 122 35 82 18 70 85 1 60 147 64 61 37 49 78 139 57 120 83 6 72 101 45 51 69 128 116 30 84 54 24 25 5 107 86 130 48 90 100 50 98 144 9 22 62 14 94 23 105 75 112 141 71 129 4 66 134 
84 114 118 140 34 39 67 27 111 38 117 116 109 18 72 82 59 77 94 40 150 131 46 55 6 74 28 11 56 70 130 79 83 139 107 96 29 148 120 64 5 65 146 58 9 61 73 31 54 71 49 66 85 41 26 128 141 21 138 23 147 42 52 1 90 103 93 17 69 10 80 105 133 149 14 47 119 87 45 30 89 2 43 102 125 134 144 68 60 4 36 99 3 92 22 145 25 7 143 129 113 110 51 127 33 76 104 100 20 12 44 108 63 8 35 78 53 122 121 142 86 57 137 132 50 124 91 81 106 62 19 115 135 37 15 101 126 136 24 123 112 75 88 98 48 97 16 13 95 
96 38 92 72 122 91 32 128 76 69 43 51 112 66 48 40 120 50 130 74 139 125 90 10 95 83 67 103 98 49 59 108 68 140 31 30 46 113 71 142 73 64 63 129 134 3 132 26 110 149 44 85 99 7 57 25 34 115 41 126 18 124 23 61 114 117 54 13 60 21 37 82 47 141 70 84 45 143 62 131 105 146 121 93 100 20 88 8 150 80 11 52 77 36 1 22 133 97 145 101 94 136 14 127 9 106 111 102 119 16 28 148 81 65 53 55 118 104 144 42 137 17 27 5 147 116 15 2 89 123 109 135 87 39 35 79 19 29 78 138 107 24 6 56 58 75 12 86 4 
83 120 131 117 87 140 17 43 144 102 136 70 50 77 90 40 105 129 78 20 108 22 51 99 2 127 60 88 1 147 125 39 76 81 145 52 9 107 149 56 65 132 123 28 55 46 134 64 53 3 103 124 8 45 26 59 11 114 48 21 118 95 30 36 89 42 33 47 94 66 37 80 44 41 148 84 7 126 130 100 10 73 62 97 142 61 133 15 85 29 74 96 143 4 19 67 112 71 68 12 119 25 110 141 128 35 6 139 23 111 138 93 115 32 18 63 137 122 13 121 98 135 75 116 5 101 57 106 31 113 24 38 14 109 91 146 27 92 82 104 58 79 16 69 150 54 49 86 72 
17 80 50 1 129 9 128 13 79 28 89 42 123 2 147 40 117 92 54 81 141 131 38 110 134 31 22 116 121 145 53 94 33 30 27 146 125 71 83 12 111 113 144 76 84 97 135 7 91 148 150 120 67 105 5 34 140 37 19 114 149 102 122 106 95 52 41 85 65 143 64 93 63 25 59 75 86 109 56 55 103 108 69 14 15 23 132 87 58 137 45 142 130 78 77 47 119 74 88 49 48 68 104 101 138 98 51 26 139 66 99 124 127 20 8 96 24 133 60 136 21 90 112 32 62 70 107 36 72 6 73 43 4 118 3 44 10 18 115 100 11 57 82 29 61 16 39 126 46 
91 129 60 97 46 84 109 116 53 67 120 6 146 13 72 14 9 42 47 2 127 7 34 80 79 49 45 147 98 99 12 32 18 19 50 4 77 122 5 108 130 113 11 148 82 81 125 95 89 132 117 86 68 136 17 61 90 74 29 33 10 92 137 111 134 40 44 141 101 78 142 3 131 27 37 24 70 55 114 94 96 31 22 15 48 28 1 102 8 69 25 121 145 83 52 65 123 144 59 105 100 126 38 118 150 149 43 35 103 26 16 85 54 73 41 23 112 110 140 139 51 107 76 119 58 133 106 30 104 88 138 57 115 56 93 66 21 75 143 39 124 20 62 71 64 128 135 87 63 
79 86 39 6 135 23 107 41 78 90 96 36 85 137 77 29 33 11 84 58 150 117 14 95 101 17 57 75 80 48 81 25 121 145 62 27 16 3 44 109 8 1 15 108 132 138 140 92 24 30 110 73 83 64 124 50 47 116 61 19 26 4 111 119 12 45 46 105 70 142 7 68 146 104 126 130 120 55 13 34 40 31 143 52 21 69 32 148 65 97 99 72 149 10 127 122 66 147 128 51 125 100 18 118 76 35 93 60 59 103 106 139 87 115 94 112 123 136 98 71 43 91 113 9 129 54 42 22 144 89 74 114 5 141 131 133 102 63 88 20 67 49 2 134 53 56 82 28 38 
35 15 148 147 14 95 5 2 98 90 37 33 70 132 27 99 23 51 138 69 72 117 129 59 7 122 3 130 78 71 111 25 20 145 66 93 65 89 42 123 26 49 120 36 125 110 50 79 85 31 91 144 67 64 77 114 55 112 12 102 40 24 146 54 141 97 11 83 52 30 32 149 86 41 45 105 46 137 56 88 1 87 142 74 61 39 101 133 29 57 150 121 10 100 63 139 9 107 134 128 4 108 13 94 60 127 140 28 82 8 115 17 22 47 19 135 34 118 104 84 103 21 75 62 124 81 44 116 126 143 53 119 76 131 6 18 96 136 80 106 16 58 92 48 73 113 68 43 109 
105 61 27 58 112 13 104 110 42 115 103 19 136 52 69 71 25 117 68 66 72 124 149 49 14 116 139 77 132 30 64 17 70 26 127 113 107 37 137 40 121 15 18 32 73 8 91 101 44 131 95 84 96 111 125 12 4 41 145 56 79 38 138 46 141 9 98 34 93 11 54 63 97 47 144 6 108 2 35 75 43 7 1 3 74 48 65 120 67 142 140 62 150 148 106 109 45 20 126 16 143 94 100 90 76 21 78 80 5 28 130 114 89 87 83 53 134 122 29 82 119 146 92 81 31 99 129 60 128 135 10 51 55 24 59 86 85 57 123 36 147 118 133 102 22 50 33 23 88 
31 43 55 63 67 47 106 58 150 12 137 92 104 49 29 103 27 37 95 118 97 72 100 69 139 148 17 121 81 116 32 51 57 5 22 144 120 82 35 126 113 75 45 6 128 96 60 107 147 78 42 132 54 46 87 134 3 18 99 10 2 74 115 68 56 80 123 119 59 25 111 33 136 38 30 73 50 105 112 141 34 138 64 70 14 16 36 129 101 145 117 77 110 61 19 114 11 108 71 62 122 20 48 135 41 124 90 146 39 93 8 52 125 85 140 98 127 102 88 9 15 26 23 91 131 24 130 79 65 109 44 66 53 4 94 21 76 83 13 28 149 84 143 89 142 86 133 1 7 
42 131 46 23 2 27 72 49 94 115 85 63 22 134 67 113 141 76 135 99 53 54 56 5 81 19 25 86 44 11 118 142 28 7 65 106 62 30 73 20 111 89 71 133 139 82 57 123 119 128 122 136 29 124 97 130 148 34 69 45 114 9 103 101 109 132 107 92 84 39 145 32 10 55 61 129 126 146 93 91 140 66 24 35 74 16 87 110 120 117 4 70 68 43 90 18 95 12 50 51 108 37 125 150 80 31 144 64 3 112 59 143 15 105 78 147 88 83 14 77 127 102 137 21 1 17 75 36 52 149 138 6 98 116 48 104 100 33 8 60 58 96 47 121 40 26 38 79 13 
55 97 143 37 25 146 71 132 61 107 138 3 12 117 77 74 89 111 28 19 125 21 142 6 79 141 1 108 60 27 115 109 57 58 10 46 126 87 84 98 34 67 5 140 32 65 8 2 4 24 9 68 50 122 147 102 112 92 81 129 43 35 70 83 59 113 137 101 56 106 62 114 20 110 53 45 99 40 123 54 131 16 105 36 48 104 130 119 94 31 22 86 69 120 90 82 139 85 63 91 13 128 80 39 41 136 96 150 17 124 144 14 116 145 11 7 73 47 38 78 134 23 93 29 33 118 121 51 18 75 30 103 76 49 95 148 100 66 64 88 26 52 15 44 127 133 72 135 149 
90 88 67 134 26 81 74 40 48 113 9 133 13 102 130 76 33 11 49 50 84 15 27 119 6 46 117 41 137 147 111 56 79 22 118 28 51 72 24 8 58 115 103 78 12 4 23 61 109 69 127 64 77 146 128 39 101 141 38 150 53 42 52 60 70 112 125 21 34 63 2 86 145 54 124 139 122 62 25 94 3 36 131 121 95 44 97 29 116 105 45 135 89 132 107 59 99 7 108 98 47 129 87 143 31 85 96 17 57 16 110 55 18 126 5 142 20 136 148 120 10 91 92 144 104 80 30 140 37 82 14 73 138 68 100 83 93 35 114 65 123 19 32 106 66 149 71 75 1 
85 145 6 75 104 143 35 41 3 58 5 93 121 83 107 32 18 4 26 67 99 7 31 119 74 94 79 55 124 130 13 133 17 28 33 65 123 131 87 139 78 147 36 66 132 129 135 136 61 11 37 114 144 29 112 12 23 16 56 116 120 24 150 82 100 63 60 62 103 43 57 15 50 142 134 140 10 128 22 108 59 20 21 52 14 98 25 90 46 2 91 19 92 84 45 54 126 127 38 77 51 76 101 96 125 81 1 53 110 47 49 72 138 9 30 146 70 8 105 42 64 149 34 27 141 89 117 122 73 137 111 118 40 109 80 48 69 71 68 97 39 115 148 86 102 106 88 95 113 
150 131 77 85 145 139 32 55 61 114 43 91 92 57 7 12 130 17 87 86 72 5 111 75 69 101 140 58 124 88 10 105 104 99 59 42 117 95 6 146 76 33 141 126 19 82 35 15 97 31 128 41 127 138 108 38 70 147 67 116 47 115 65 96 113 73 52 136 20 18 122 107 24 27 25 149 29 74 133 50 51 34 100 9 21 14 13 132 4 121 64 135 94 80 142 129 103 119 44 37 28 112 79 60 46 110 90 22 134 78 54 118 148 62 143 48 102 109 93 125 40 3 63 81 106 8 23 68 84 89 71 137 1 11 98 53 36 66 2 144 83 56 16 39 123 30 26 120 49 
51 82 48 10 38 86 77 34 87 66 21 115 134 41 23 116 120 108 106 133 50 71 76 137 19 148 53 74 68 84 81 130 132 121 100 85 36 12 56 62 96 2 33 47 114 26 52 83 37 16 124 144 91 59 13 113 129 75 142 79 90 55 122 4 58 88 89 99 141 126 30 145 131 29 92 146 119 98 67 31 44 150 125 1 140 111 123 118 93 39 102 11 95 42 101 65 6 3 24 73 109 64 72 43 15 97 40 136 18 127 94 20 45 138 7 27 9 5 8 78 54 110 112 61 104 17 28 70 143 32 147 80 35 60 117 135 63 69 103 57 25 128 139 149 107 49 14 22 105 
48 59 94 6 40 127 62 77 113 8 121 104 116 5 114 73 123 71 31 143 55 64 140 45 72 2 126 109 85 118 144 96 57 97 89 141 75 50 124 150 26 32 95 30 53 112 105 84 65 52 106 93 107 119 9 27 46 41 49 80 42 98 122 101 92 108 22 131 69 39 111 60 115 25 58 68 24 19 66 99 18 133 149 76 134 132 128 28 37 3 78 20 35 51 110 23 117 70 88 139 14 81 36 7 86 17 74 21 138 146 102 83 4 103 15 33 87 10 63 147 120 148 90 136 125 100 44 79 91 11 137 29 145 82 129 16 56 61 43 135 38 130 34 1 13 12 67 54 142 
5 90 143 11 93 71 82 111 115 29 57 23 12 1 92 104 116 59 77 30 46 105 86 80 100 145 132 75 97 95 40 16 130 68 74 101 67 73 139 121 117 43 122 123 13 78 114 42 36 120 124 113 22 134 89 55 53 83 2 88 28 20 24 60 91 76 140 125 63 7 65 35 3 8 33 112 50 109 133 99 127 98 136 137 87 102 19 128 150 146 4 10 41 72 106 96 34 17 131 9 66 61 18 147 144 94 142 58 64 70 108 138 126 45 27 107 51 56 118 69 25 44 141 14 84 110 119 47 26 32 49 21 129 79 37 38 135 148 6 149 54 85 103 62 15 39 52 81 31 
36 129 147 52 59 114 102 51 98 128 149 138 32 90 46 40 146 96 31 97 126 71 107 63 41 65 76 121 21 148 130 133 35 93 18 58 45 84 94 136 1 117 6 28 81 95 61 47 50 27 14 53 33 106 105 24 44 104 57 37 17 150 82 125 89 25 116 7 118 20 108 83 4 62 8 135 66 73 92 12 34 30 137 131 10 87 91 56 43 70 54 19 39 99 22 85 55 42 123 23 100 132 120 119 112 113 124 60 68 110 144 88 2 86 29 15 77 142 75 141 64 143 145 127 80 16 134 11 79 140 9 74 69 139 38 67 101 13 48 26 109 103 111 122 115 72 5 3 78 
147 134 80 111 78 66 58 33 75 52 48 20 13 69 22 117 84 127 118 24 93 30 47 126 67 21 71 142 114 100 136 102 25 104 145 138 57 119 6 76 65 10 37 123 19 77 36 45 79 27 131 62 31 149 53 68 32 46 83 91 96 2 113 7 28 129 41 107 42 16 89 35 135 116 94 23 59 26 121 125 63 18 60 146 72 61 85 73 81 99 12 95 124 70 3 82 74 29 44 55 11 90 139 148 120 140 122 54 105 108 103 97 86 1 143 137 128 43 9 106 141 92 34 98 144 64 39 49 132 51 5 112 115 4 56 101 87 109 38 15 133 130 8 14 150 110 40 17 88 
149 26 60 1 8 130 95 146 78 125 120 24 13 17 134 79 74 139 33 93 42 68 116 112 104 2 9 57 73 142 32 47 61 128 62 122 29 50 140 100 80 72 77 36 85 44 119 94 14 88 110 45 71 15 97 90 127 103 54 102 3 89 147 23 20 86 41 131 143 48 38 66 83 121 30 81 58 39 34 108 52 49 75 114 16 105 117 82 76 53 135 84 21 25 7 43 148 27 92 138 87 56 124 5 11 18 10 63 132 19 123 137 141 59 69 115 4 46 12 118 107 144 70 65 145 22 109 129 106 40 37 126 64 31 113 136 98 101 55 133 91 99 150 35 111 28 67 6 96 
70 60 124 55 117 2 82 57 30 127 50 41 38 85 78 53 99 148 40 120 83 32 105 98 56 92 137 142 27 84 145 20 73 89 135 126 33 130 5 138 87 93 46 51 43 118 80 116 149 24 47 21 68 123 139 49 106 141 17 125 66 48 113 143 71 34 23 103 69 19 104 13 14 31 65 95 44 3 119 61 28 12 91 10 11 26 75 129 1 62 58 81 86 133 64 8 111 45 59 96 114 88 146 77 100 36 25 9 144 107 102 72 42 121 132 140 147 37 15 79 90 115 6 39 112 4 22 97 18 109 122 35 16 131 63 7 128 67 108 101 136 54 94 29 110 74 150 76 134 
60 122 36 113 2 118 97 110 114 123 147 32 44 26 82 23 3 10 138 111 52 21 48 71 67 64 29 19 131 115 130 9 126 63 85 38 66 4 22 42 109 77 1 27 65 13 81 49 99 105 69 148 25 80 45 106 132 34 61 76 11 96 79 73 127 43 100 72 46 103 16 12 74 47 135 90 139 70 15 51 54 119 125 91 121 31 59 78 104 144 30 5 7 41 17 142 129 133 20 140 50 68 62 149 86 95 143 94 112 40 75 141 35 116 55 150 128 58 18 136 134 39 8 89 33 88 87 117 14 92 84 120 145 37 137 57 107 124 101 108 93 56 83 146 102 98 24 28 6 
38 131 110 149 13 21 69 14 95 74 47 67 79 142 101 24 66 7 8 129 81 12 28 68 126 44 109 23 9 120 30 97 144 11 134 75 122 36 86 89 58 146 124 63 73 107 5 93 133 87 16 53 148 111 128 123 2 85 10 76 98 59 100 41 136 19 71 96 15 106 143 78 127 132 80 20 82 114 104 33 83 57 99 112 34 125 102 3 45 118 62 72 32 137 94 70 22 17 108 40 60 130 77 27 26 46 43 52 4 105 88 150 39 18 29 31 116 138 1 48 37 64 117 92 61 35 145 135 113 141 65 115 119 25 42 121 139 140 55 103 91 6 90 147 84 50 51 56 49 
145 130 24 36 140 14 61 143 111 109 89 99 33 93 58 80 138 147 42 73 9 98 83 128 120 107 92 64 150 139 47 129 16 56 28 136 49 31 148 100 8 40 122 102 90 108 141 37 65 45 105 116 13 79 113 53 44 91 121 35 84 117 110 86 87 95 112 78 72 20 1 48 134 96 127 124 119 62 114 66 67 15 97 38 69 126 88 26 43 106 5 142 118 12 7 137 60 51 10 25 103 4 149 19 54 27 11 76 32 77 50 23 41 133 2 82 146 29 74 17 101 39 63 115 85 144 34 75 132 52 3 135 68 46 18 94 81 123 125 70 30 57 59 22 6 131 71 104 21 
25 93 71 124 54 7 133 26 100 15 80 75 84 145 142 128 125 51 9 34 95 37 132 86 64 33 12 4 60 98 46 52 147 89 114 108 112 107 99 27 66 13 115 116 47 50 139 118 104 16 18 82 103 39 68 92 150 61 129 134 43 55 110 2 28 48 49 20 74 53 42 130 105 121 101 45 87 58 131 32 22 106 65 70 57 88 73 126 119 67 123 30 31 62 90 94 76 85 35 63 41 1 138 10 29 143 59 5 40 81 44 97 149 113 77 14 96 148 141 79 144 109 6 127 102 72 111 122 17 140 137 135 21 117 19 146 3 69 23 120 83 136 78 36 91 8 11 24 38 
149 100 107 150 146 44 40 3 132 6 138 148 72 55 67 16 88 119 97 93 36 134 99 49 98 32 50 122 59 108 126 123 42 125 147 120 51 95 131 47 4 111 141 136 80 66 1 48 75 128 20 143 11 114 86 37 25 5 60 46 58 15 13 74 116 78 41 113 23 117 144 101 27 96 110 8 68 73 28 105 94 65 31 127 142 54 89 135 29 38 103 82 61 39 133 115 71 63 53 26 52 118 102 77 18 62 30 33 12 140 76 121 92 83 43 90 69 2 84 24 79 137 10 35 21 70 112 87 64 130 129 14 17 7 45 109 91 9 19 124 81 106 104 145 22 139 85 56 34 
2 141 43 75 36 12 51 76 10 84 130 34 118 103 25 95 55 134 46 100 142 45 9 97 129 15 90 48 77 14 8 131 88 113 133 52 74 22 135 62 116 85 39 96 117 106 119 101 7 110 109 125 120 111 99 148 6 114 57 65 54 42 1 86 150 93 146 29 63 26 107 44 105 137 124 18 149 13 5 98 139 27 47 69 11 21 30 17 80 128 67 87 28 82 138 24 53 91 123 72 115 71 49 94 126 4 23 144 89 19 35 143 41 147 136 108 68 104 73 16 50 122 81 112 79 20 127 64 33 121 78 38 60 83 40 66 32 59 132 92 31 70 3 145 37 140 102 56 61 
17 150 19 133 106 128 84 110 76 87 95 82 148 58 112 67 10 117 146 132 108 54 50 134 143 136 92 8 111 127 118 140 3 144 13 44 122 126 81 29 32 100 47 75 26 6 145 68 9 137 35 5 125 119 85 33 124 40 45 2 101 60 61 89 63 57 139 39 15 94 34 114 78 4 130 12 21 129 73 66 107 90 113 91 46 97 102 109 56 141 16 72 48 115 131 51 116 149 22 70 147 123 27 135 43 53 24 38 14 65 105 64 23 25 79 138 62 20 83 88 49 36 42 37 11 98 74 41 31 104 30 99 77 71 120 121 52 69 28 142 18 55 80 96 103 86 93 7 1 
70 34 94 15 105 89 47 58 84 83 136 43 87 109 17 120 118 80 145 121 140 111 149 127 99 56 69 57 64 63 134 85 59 66 54 28 148 96 14 107 42 25 146 78 128 77 115 37 27 71 106 150 53 82 123 142 101 103 141 144 8 68 114 3 86 16 21 23 110 24 74 65 92 36 73 131 4 138 62 147 72 20 2 79 12 98 91 39 76 133 9 19 126 45 18 13 7 119 35 88 38 51 32 67 31 130 30 44 81 55 46 104 11 41 139 137 112 143 10 132 90 26 116 6 102 75 50 22 122 135 33 97 117 124 125 29 95 52 40 113 108 5 100 49 93 61 1 48 129 
58 98 132 62 119 128 106 23 67 148 2 72 66 6 125 110 113 103 5 100 74 1 51 87 43 82 123 29 8 70 114 118 109 147 134 129 126 89 33 90 117 44 127 120 30 112 102 48 38 35 80 135 54 97 88 81 144 19 21 53 86 42 150 69 122 139 77 24 31 56 141 47 71 52 149 25 99 64 143 13 41 12 138 17 50 115 121 11 63 105 22 92 7 78 79 76 46 59 18 73 65 108 84 57 124 20 91 3 34 45 28 4 55 95 94 104 146 36 142 26 27 140 131 10 137 32 9 101 37 145 14 15 83 49 111 133 85 16 93 107 39 75 136 130 60 68 96 116 40 
139 109 138 131 126 93 73 12 3 150 85 100 80 107 124 38 117 121 63 52 26 97 103 59 18 50 76 2 4 86 90 146 56 99 147 48 65 101 149 84 23 33 88 96 145 95 104 67 116 46 137 20 69 83 8 14 72 141 60 1 40 87 125 78 115 135 54 106 30 127 11 79 70 25 110 143 120 132 98 36 35 140 68 6 114 16 34 123 13 148 28 81 29 91 82 41 118 7 112 15 57 129 75 10 43 9 144 47 45 5 119 130 49 17 58 64 61 74 24 55 51 39 19 102 44 53 92 32 128 77 111 66 142 22 37 134 42 113 105 21 27 31 122 136 71 133 108 94 89 
21 126 67 84 9 51 147 10 76 120 18 128 145 148 20 102 4 127 97 49 124 78 136 5 89 64 73 93 15 100 133 107 22 17 33 11 61 141 131 50 116 65 3 139 36 104 144 2 56 146 132 75 27 101 38 39 150 28 42 105 60 118 14 45 6 41 59 83 125 74 44 68 129 87 98 52 81 113 1 121 62 25 43 66 31 110 26 94 70 115 23 79 35 108 143 53 82 55 37 40 46 91 71 96 13 77 80 58 24 30 99 117 111 32 123 122 7 130 106 103 29 57 137 140 95 114 112 16 86 138 19 12 135 72 109 88 90 92 142 8 149 85 119 54 47 134 34 69 48 
53 127 19 15 48 17 54 99 6 126 71 60 5 50 105 24 148 43 140 123 4 118 116 11 149 69 97 138 110 100 113 115 87 2 76 28 146 134 119 83 121 37 82 74 52 70 55 104 61 35 41 101 130 20 106 131 117 49 139 36 23 124 81 108 7 38 92 80 27 22 96 72 89 103 147 1 58 85 145 46 13 128 59 107 150 95 88 65 143 45 47 30 137 40 31 39 93 120 34 3 98 102 68 111 125 42 44 77 26 57 25 12 129 73 122 16 86 14 141 32 144 142 9 21 29 112 136 51 75 132 91 63 78 66 56 62 94 135 79 90 114 8 133 67 109 18 84 10 33 
121 132 104 1 133 51 75 52 56 67 14 17 69 147 102 143 80 114 59 145 139 92 3 119 108 117 23 95 97 135 58 61 46 100 89 91 32 21 83 19 79 2 68 37 74 47 107 115 24 26 140 101 20 127 76 30 71 126 18 87 123 49 38 42 13 25 98 131 70 124 63 48 142 93 12 146 11 29 16 77 129 136 36 149 138 10 85 55 9 118 73 62 144 90 53 96 82 72 57 106 4 8 28 43 105 41 5 60 34 134 64 54 33 39 113 84 88 66 112 150 103 148 125 45 86 128 109 50 31 141 111 110 35 7 27 120 6 130 22 94 40 44 78 15 81 122 137 99 116 
1 80 143 30 118 98 35 82 23 120 68 71 93 14 27 76 112 123 15 108 95 10 28 137 26 144 12 103 117 107 147 50 41 36 25 69 119 86 106 91 99 40 49 37 56 89 132 127 45 148 87 97 149 48 84 134 29 63 138 150 7 78 113 136 83 47 122 53 22 54 126 79 146 142 110 74 125 58 94 61 101 109 135 31 16 5 24 111 115 130 62 42 52 4 19 55 59 141 32 129 73 3 104 114 13 51 21 116 60 90 92 67 18 85 44 131 124 77 139 70 81 6 39 105 9 140 46 65 57 33 145 2 20 121 102 11 100 64 43 96 17 133 75 38 88 72 8 34 128 
85 80 24 39 105 143 120 104 133 90 111 15 26 13 66 17 100 97 31 135 117 12 134 142 28 148 113 21 62 32 132 58 126 19 106 41 78 16 119 64 145 71 44 109 42 6 131 140 138 87 115 125 8 150 68 22 76 61 37 55 45 110 34 7 38 146 27 74 63 48 121 129 136 83 43 91 147 30 124 53 108 35 118 144 99 86 69 81 82 130 75 77 72 65 36 139 103 1 54 112 127 10 50 59 141 95 29 70 96 114 89 40 128 2 57 47 18 149 122 116 49 123 101 107 92 98 56 88 25 52 51 79 4 102 94 73 3 137 11 84 23 60 46 33 14 9 20 5 93 
139 101 16 141 142 23 138 43 97 15 121 92 42 108 41 26 123 115 110 28 111 91 24 62 132 84 14 137 46 146 27 45 75 76 72 37 21 33 93 89 144 69 78 126 70 133 100 117 81 61 120 57 20 12 2 7 3 98 39 134 65 66 19 38 148 73 99 136 86 18 56 13 112 52 77 127 128 83 143 150 96 34 31 54 10 106 8 4 9 6 53 49 82 122 114 58 131 147 47 29 103 107 60 79 94 71 35 118 36 51 145 116 149 11 109 104 124 50 55 105 113 44 59 140 1 30 102 129 80 67 135 63 64 90 25 125 40 48 88 130 119 87 32 22 85 74 95 17 5 
56 51 124 91 140 89 3 97 131 53 121 26 142 118 52 143 8 70 87 84 21 90 144 148 22 47 133 2 107 32 46 128 80 71 45 147 102 36 14 122 43 135 141 119 99 103 101 62 112 50 93 54 9 125 98 40 88 106 137 114 20 82 109 41 25 75 116 68 6 30 55 149 57 150 34 10 23 61 28 65 13 63 134 31 5 33 95 58 39 44 35 81 100 113 38 115 129 27 108 146 94 138 49 96 111 145 15 120 104 29 76 4 117 67 110 92 78 77 130 136 60 132 64 83 79 123 24 85 73 48 139 59 105 18 42 11 72 86 37 74 127 19 17 1 16 12 7 126 66 
80 93 105 118 67 119 137 103 52 53 82 21 65 6 101 81 116 34 28 99 98 86 9 5 132 100 20 63 88 59 139 95 148 79 76 97 30 33 39 136 74 13 85 69 56 144 117 50 104 32 38 75 146 60 46 62 45 14 102 64 51 138 17 149 31 96 8 18 133 112 109 110 73 113 128 135 106 120 2 61 94 108 147 127 92 114 124 55 145 4 22 44 142 66 115 1 141 87 122 90 91 47 140 77 37 29 126 16 48 111 89 121 26 24 40 68 71 134 57 7 72 123 15 150 25 78 10 84 129 54 12 143 11 43 3 41 42 49 131 23 130 27 19 58 36 107 83 35 125 
76 134 137 135 119 39 77 145 67 144 90 80 140 146 132 109 59 29 16 6 107 38 95 105 149 143 70 18 24 120 47 136 32 11 8 1 111 89 62 91 122 98 66 115 52 58 51 85 53 83 41 121 150 74 12 43 25 129 37 97 20 79 60 130 92 94 125 26 22 124 96 23 139 42 9 28 35 102 147 104 108 63 30 68 142 141 64 84 73 10 3 118 113 48 49 131 65 81 101 17 46 34 72 40 50 56 54 2 31 27 116 55 148 69 110 61 33 36 78 45 117 112 99 13 4 93 88 126 82 19 15 44 100 138 86 75 57 123 7 128 127 133 106 103 87 21 14 5 114 
147 54 59 31 22 85 111 2 13 27 16 12 79 73 37 42 92 23 47 18 14 93 15 110 26 24 142 114 99 68 146 7 83 87 139 52 100 4 60 134 74 33 19 69 32 58 128 89 127 6 140 137 46 57 11 98 20 97 109 35 10 21 126 39 81 45 125 106 117 102 5 122 135 36 112 67 104 28 64 80 119 120 76 95 66 91 25 9 101 82 113 84 118 141 78 132 51 56 145 8 30 70 48 88 44 124 96 49 94 131 138 103 41 43 61 116 149 65 71 105 90 38 144 121 17 63 150 1 148 123 50 3 115 107 130 86 53 129 133 62 29 40 136 108 77 55 75 34 143 
93 125 90 57 27 119 126 59 14 7 113 65 55 120 76 77 28 100 114 79 115 39 51 99 20 122 104 116 61 52 71 86 8 110 56 95 132 146 141 96 109 111 112 140 1 147 68 53 133 47 11 50 23 138 25 89 82 128 17 58 75 40 131 60 85 123 137 107 130 66 42 106 31 2 136 62 150 98 15 34 124 83 117 22 45 38 54 67 13 70 84 135 21 29 30 46 105 33 143 63 5 142 108 36 149 94 88 41 3 129 81 148 101 72 43 6 32 102 103 118 97 10 9 80 44 37 16 139 78 48 87 145 4 144 121 64 91 92 35 74 69 26 19 12 24 18 127 134 49 
42 85 83 136 126 62 44 11 146 7 111 67 14 9 80 10 134 55 97 133 140 60 95 124 84 65 16 58 150 135 22 30 18 49 129 128 105 34 78 73 109 101 37 143 147 45 144 87 125 77 63 90 117 113 17 52 71 70 38 39 142 54 53 12 127 59 33 35 24 40 48 8 3 82 148 56 27 132 47 88 28 92 145 93 110 86 68 13 57 5 66 20 23 102 116 114 98 91 4 130 43 106 41 94 19 26 104 50 121 81 139 75 120 36 25 138 6 119 69 21 89 103 64 99 76 131 46 112 32 118 122 123 2 31 51 61 141 29 96 108 107 79 72 100 149 1 137 15 115 
17 95 47 130 40 112 134 146 50 73 136 145 104 91 38 31 1 32 9 2 122 128 106 125 78 124 55 113 116 96 150 36 5 86 13 149 98 82 20 92 101 24 4 107 102 51 87 114 10 121 59 110 18 30 83 139 97 43 60 28 80 111 94 15 103 14 7 84 6 148 57 129 72 132 89 56 127 119 37 44 68 120 108 117 46 77 100 143 21 25 39 115 70 74 3 29 65 123 69 63 22 105 76 79 49 35 135 62 45 81 53 48 88 141 26 16 64 142 99 109 137 42 85 93 33 52 147 19 71 27 138 131 34 140 41 11 58 118 23 54 12 67 61 126 8 66 133 90 144 
75 27 73 5 106 29 91 37 117 146 6 102 28 3 14 89 124 53 121 119 109 30 83 108 92 61 150 95 138 114 72 110 66 43 130 136 144 63 49 93 135 2 54 22 115 21 112 147 24 8 116 68 64 46 26 23 101 20 132 99 18 129 17 65 39 125 34 87 134 104 38 142 123 84 145 127 58 60 13 88 41 113 52 98 128 148 42 143 4 10 19 31 90 44 40 97 57 59 149 79 51 15 35 100 82 48 137 36 133 111 141 9 86 103 74 107 67 96 122 71 80 126 56 81 11 33 25 94 139 105 50 85 62 45 131 16 1 120 69 140 55 70 47 32 118 7 12 78 77 
61 16 1 22 141 85 106 84 110 27 135 58 4 115 54 125 121 82 11 8 45 55 74 100 36 94 30 49 95 114 144 132 131 64 47 119 66 109 123 113 57 5 108 80 34 98 137 133 138 62 92 3 99 65 103 71 46 24 52 29 33 72 67 2 78 50 59 9 96 130 90 88 148 39 118 42 139 76 60 147 23 21 143 31 128 38 28 97 37 6 101 107 26 43 18 56 32 70 134 41 150 40 136 127 129 10 124 73 17 75 69 63 81 112 79 25 48 87 122 126 86 53 104 140 68 146 83 12 116 105 14 142 15 91 35 19 93 149 7 145 44 117 102 120 89 20 111 13 51 
47 150 31 2 110 52 86 53 20 41 64 145 99 113 61 107 117 16 26 85 56 3 66 123 14 148 28 105 58 60 80 67 102 51 122 77 50 36 38 55 79 22 140 54 43 146 35 96 143 75 59 129 115 25 144 42 100 141 139 134 90 30 103 29 91 46 133 131 112 111 10 138 121 108 137 6 106 13 49 81 40 89 39 135 24 147 126 71 95 23 125 48 136 21 65 33 127 119 132 118 57 83 88 4 69 27 18 120 37 68 82 73 72 17 5 15 70 34 93 101 104 87 1 84 98 9 44 76 8 92 12 19 94 74 142 7 62 45 32 149 128 109 11 63 97 124 130 116 114 
138 44 103 83 3 88 87 72 121 2 96 25 51 17 65 90 36 37 102 95 122 120 150 119 134 137 21 117 84 128 86 115 22 7 76 125 80 97 56 145 129 81 55 60 23 113 133 19 43 53 101 61 69 40 63 31 35 111 14 109 148 57 143 34 11 42 46 73 29 104 39 149 33 15 116 118 62 4 8 85 6 89 136 74 77 99 32 146 135 10 20 30 16 50 78 139 49 144 93 27 82 108 132 92 28 59 126 38 123 24 13 106 110 9 70 48 141 91 147 68 45 64 12 142 112 105 26 71 100 52 67 114 131 98 107 18 41 75 5 124 1 130 58 140 54 127 66 94 47 
108 55 127 2 115 137 28 40 100 134 31 15 54 65 120 107 47 42 99 59 112 79 96 66 109 51 21 123 49 81 90 121 148 67 13 32 91 53 144 39 131 135 87 12 60 98 27 30 145 64 105 129 111 29 1 3 75 34 83 118 41 146 150 44 19 102 82 92 73 61 26 89 36 52 104 68 133 119 143 6 62 128 4 43 45 122 7 56 93 23 138 70 8 141 58 50 76 88 126 86 48 72 20 25 63 114 117 14 139 101 106 35 94 97 69 149 130 147 33 10 142 11 37 24 74 5 22 71 125 57 95 38 84 124 78 85 132 140 17 136 46 77 16 18 103 113 116 9 110 
33 99 147 130 76 5 12 80 93 86 18 2 51 75 126 45 19 42 28 88 35 66 60 115 37 10 62 34 116 69 95 36 82 71 50 149 11 142 59 57 26 48 101 70 94 129 23 143 103 6 56 9 67 107 124 83 8 85 43 41 141 27 105 79 84 98 38 30 68 78 49 122 146 125 52 128 148 47 133 64 54 132 15 140 17 13 1 39 96 109 118 100 89 137 110 108 134 4 55 150 25 120 58 136 40 123 145 131 22 65 72 114 73 63 16 102 7 29 87 44 104 117 61 135 92 53 21 144 106 31 138 32 74 121 91 3 97 127 111 119 14 20 90 139 112 24 77 113 46 
122 133 73 125 147 60 23 93 27 89 13 141 99 30 55 47 87 80 15 40 63 76 114 8 103 9 18 106 44 11 110 117 74 6 96 145 143 81 51 102 116 123 68 135 70 3 129 120 21 115 97 33 56 137 24 91 146 57 26 34 126 46 14 148 112 83 95 29 134 77 138 150 104 140 78 105 1 88 72 79 139 67 20 69 61 86 52 113 22 107 53 101 118 149 85 124 127 62 41 36 92 12 71 31 94 50 111 48 131 132 4 66 59 25 32 119 98 100 90 108 19 43 84 54 49 10 136 7 5 39 38 16 64 42 37 28 45 35 17 75 144 130 121 109 142 65 2 128 58 
88 99 53 120 13 3 1 121 125 18 65 127 66 145 64 7 21 51 55 25 76 46 142 98 44 116 82 70 112 33 150 6 58 77 113 137 32 59 14 71 47 115 40 19 60 75 146 132 93 9 57 45 129 147 35 139 134 24 85 128 56 34 2 106 27 122 105 143 79 54 118 109 16 141 94 110 84 136 52 41 62 67 72 31 15 17 61 43 39 78 73 130 37 48 28 5 103 23 117 87 12 4 26 102 124 111 126 50 133 22 149 90 20 101 140 108 81 91 114 86 97 119 95 107 63 10 30 8 80 144 135 38 29 131 49 69 68 123 11 89 148 92 42 104 74 36 96 100 138 
17 43 112 106 117 69 145 58 147 7 37 68 30 46 119 20 40 31 92 130 129 66 1 65 36 42 13 122 101 5 111 88 73 96 141 110 25 108 127 140 93 35 61 76 62 104 105 29 19 139 16 81 120 70 89 57 150 38 14 12 51 121 83 132 10 63 74 34 125 79 103 136 91 118 75 21 85 98 82 48 77 67 26 41 71 59 95 47 115 49 109 94 135 97 78 116 53 86 18 28 60 2 148 143 134 56 126 50 137 64 22 100 138 3 54 52 45 72 113 114 128 33 24 8 102 4 123 39 131 32 107 11 9 23 90 87 44 144 124 15 149 142 146 99 80 133 55 6 27 
149 22 13 78 147 57 42 143 72 60 63 132 95 53 67 97 7 59 28 101 79 47 120 1 112 124 32 23 93 24 115 138 5 18 134 84 62 31 146 103 45 70 54 20 121 73 51 52 139 127 148 92 10 21 50 8 66 130 71 91 49 65 44 27 12 123 3 96 122 34 142 133 37 40 15 144 64 118 119 75 82 17 41 30 87 131 94 55 141 26 35 86 56 74 2 61 83 89 90 6 140 19 104 135 107 38 16 126 137 129 25 106 11 98 116 111 108 46 114 36 58 43 88 150 125 33 109 39 76 113 117 14 77 145 48 128 69 105 100 110 81 136 29 9 99 4 68 80 102 
62 98 26 47 2 12 95 25 32 122 7 1 43 42 14 144 134 69 10 37 16 106 21 121 50 52 99 23 87 59 65 138 63 82 27 31 148 70 5 29 41 22 91 13 68 136 147 80 105 30 128 141 108 34 8 117 66 83 38 76 101 132 127 61 79 89 118 44 111 114 93 19 3 125 90 6 51 124 97 120 55 24 71 113 57 35 45 28 107 142 36 123 150 145 39 60 135 116 137 74 140 73 81 139 20 149 53 49 104 85 54 119 96 75 102 78 15 4 131 17 92 143 115 103 94 33 130 18 100 48 109 112 64 67 126 11 58 46 88 133 77 146 129 9 84 56 110 72 40 
72 108 18 74 98 94 128 2 96 113 61 89 111 31 104 115 47 29 26 17 143 85 116 125 66 80 21 137 12 126 124 52 3 42 76 102 30 44 77 64 48 141 33 107 88 121 129 92 99 131 109 15 73 60 78 53 39 138 40 32 97 50 139 63 38 133 43 93 69 4 10 91 16 135 27 36 7 49 20 123 146 144 67 120 106 37 22 56 59 25 149 103 71 13 28 81 82 11 57 114 132 34 150 58 119 130 23 6 148 62 1 145 140 100 35 83 54 8 51 70 122 46 41 112 147 134 117 9 142 110 84 24 105 45 19 75 79 86 14 101 68 136 5 55 95 90 127 118 65 
93 19 3 73 46 79 39 6 71 66 137 119 145 120 30 110 100 59 131 121 67 55 90 4 35 148 103 135 142 69 113 92 23 20 25 122 54 134 112 60 80 72 64 140 15 50 115 138 104 37 68 16 86 107 61 56 45 117 109 97 102 101 143 1 116 144 70 21 141 126 44 12 43 22 51 83 146 99 77 149 7 9 8 133 150 124 34 89 27 33 147 13 74 62 14 26 24 41 123 128 111 118 17 82 65 114 125 42 40 52 105 87 75 127 53 106 48 63 96 98 136 85 91 57 38 29 58 36 81 94 5 78 47 84 129 95 2 18 28 139 10 11 31 76 132 49 32 130 108 
45 143 58 20 62 72 69 80 22 61 40 142 1 105 26 144 85 63 135 53 64 29 150 27 17 81 125 118 48 86 24 84 82 94 145 52 3 83 9 35 5 75 15 119 138 32 101 78 55 93 110 4 109 115 7 149 136 102 67 47 123 28 56 92 6 132 70 37 10 134 60 77 131 30 90 49 88 18 36 11 16 141 41 44 98 14 23 146 113 71 74 59 111 117 120 108 133 116 112 19 139 95 21 43 148 2 39 127 124 34 66 38 33 57 25 76 130 104 13 51 107 65 46 106 97 79 137 147 129 99 87 8 122 100 68 126 50 140 42 73 128 91 103 12 31 54 114 121 96 
92 70 97 101 69 118 49 8 48 30 141 61 62 64 72 108 96 68 73 1 123 71 58 19 149 63 146 35 134 26 93 133 45 87 55 122 7 67 132 121 43 84 39 34 94 136 80 103 140 95 15 138 129 142 116 143 148 59 79 82 109 88 57 86 111 66 37 13 135 110 115 145 40 89 32 126 2 24 27 17 54 107 33 53 6 137 38 128 76 60 147 29 22 91 102 56 11 44 127 104 81 36 42 14 16 31 98 65 5 9 117 77 50 150 113 46 23 85 119 52 106 78 105 144 112 28 100 25 131 125 47 124 99 130 20 83 139 74 114 4 120 51 41 21 18 12 75 10 3 
63 133 52 69 97 101 93 103 130 128 40 57 42 11 116 30 124 56 53 110 122 89 131 34 117 37 19 66 6 44 72 51 112 75 31 138 59 33 108 81 79 150 27 125 12 9 55 84 7 142 73 67 47 86 106 141 137 88 13 62 16 98 134 115 90 49 35 113 23 119 136 121 70 5 29 58 114 100 2 140 20 132 145 111 118 65 149 146 43 109 1 148 46 92 77 22 85 38 82 96 139 102 120 26 71 68 83 32 10 87 45 41 4 80 18 147 129 21 123 60 61 8 15 94 78 50 127 95 74 104 54 144 24 64 36 107 17 105 135 25 48 28 126 3 76 14 39 143 99 
145 82 6 132 41 100 124 20 39 24 137 85 95 97 116 30 93 29 119 43 140 7 51 17 14 126 90 71 143 141 66 15 56 54 40 21 37 106 36 76 75 38 69 45 98 117 84 96 135 63 47 118 34 52 138 142 65 108 104 28 127 35 9 121 2 8 55 73 32 74 147 4 18 133 131 10 64 25 125 26 101 23 3 129 80 44 70 123 113 81 88 122 57 109 49 77 134 146 72 110 46 13 50 19 114 62 1 5 89 150 102 61 67 83 130 99 22 31 139 115 87 11 107 105 68 27 112 149 33 58 103 53 86 91 60 42 94 48 136 59 111 144 148 16 79 12 78 120 128 
23 114 71 22 127 56 57 65 75 24 109 78 79 50 1 2 61 13 66 119 32 99 62 52 64 10 58 18 142 94 30 74 81 33 117 16 25 27 95 31 73 126 45 80 82 96 77 87 11 138 98 120 139 85 102 67 97 106 115 76 150 14 69 147 128 84 29 146 7 132 15 143 83 28 54 60 116 121 20 72 21 49 36 92 34 135 130 37 129 100 42 90 113 149 68 40 88 19 59 101 133 26 89 144 47 9 51 53 137 48 91 123 43 55 148 38 5 8 103 140 110 141 44 17 104 118 122 124 134 63 112 4 108 105 125 35 41 12 6 86 39 136 46 107 111 3 145 131 70 
42 143 84 75 72 134 113 76 9 141 48 40 74 81 14 108 133 67 145 43 54 96 85 147 12 109 26 102 13 129 119 139 83 100 61 35 57 24 146 87 19 27 88 132 140 36 63 62 71 82 3 131 92 105 136 101 126 34 38 20 107 47 69 121 8 56 4 114 118 31 97 122 41 15 28 90 104 51 120 17 125 80 127 39 138 148 95 33 111 123 117 37 5 22 77 124 78 135 150 65 6 10 103 79 106 66 59 16 18 25 149 110 55 112 98 30 23 52 91 115 1 89 70 53 45 21 142 60 144 7 68 86 137 29 49 58 11 2 73 64 130 44 116 93 46 128 50 99 32 
11 114 71 62 38 121 33 132 1 118 59 109 2 74 44 150 54 89 128 99 73 23 149 136 10 100 63 5 26 12 113 78 60 112 20 103 94 80 18 6 22 48 127 131 13 47 34 37 138 9 98 51 129 66 35 69 79 93 36 4 67 28 55 50 85 111 90 91 108 83 64 86 135 76 125 116 107 84 75 53 115 143 148 16 124 134 147 30 14 43 133 96 32 105 29 142 145 119 65 39 102 141 92 126 144 25 19 27 68 7 24 122 104 45 61 146 110 88 15 140 117 130 81 31 139 137 82 49 21 106 77 72 8 70 42 41 120 3 87 17 57 52 101 97 123 56 58 40 46 
26 17 39 69 92 72 107 129 148 77 128 122 85 18 31 11 94 12 136 104 68 74 34 121 13 79 60 87 66 38 30 144 124 33 112 139 109 53 119 102 36 48 62 106 16 105 98 141 56 97 46 110 103 108 93 127 89 133 81 5 130 41 149 7 143 63 49 90 116 99 4 24 21 2 135 27 14 47 132 84 142 120 51 118 58 76 44 70 3 80 138 22 57 23 45 115 126 134 32 147 8 100 140 117 88 50 43 73 113 114 55 37 54 95 75 15 150 1 42 82 29 6 19 146 83 111 9 123 137 59 91 10 61 86 78 40 101 35 52 64 28 20 65 125 71 131 25 67 145 
50 94 84 129 132 10 136 2 114 3 12 124 31 121 85 95 34 68 116 20 67 63 90 24 11 65 13 117 32 15 111 128 6 43 70 7 76 60 58 75 104 44 9 131 71 55 119 36 145 33 127 107 18 38 122 82 21 100 8 115 23 98 101 149 35 83 28 110 86 47 22 133 51 37 135 56 147 30 150 108 16 52 77 141 25 144 14 87 1 26 102 54 105 139 126 103 143 64 59 27 92 88 5 134 41 113 142 96 46 123 130 48 79 53 99 120 140 49 81 118 148 73 91 89 17 57 138 109 62 146 80 61 42 74 45 72 39 106 93 69 40 4 66 137 112 78 19 125 29 
39 50 13 87 4 20 12 84 144 7 69 66 48 21 130 74 104 64 33 109 78 49 42 112 121 116 9 136 56 51 18 97 131 125 95 101 107 26 108 77 11 31 46 67 23 145 141 61 138 34 72 25 127 71 41 146 52 102 111 82 59 132 8 36 135 150 22 17 35 30 32 103 124 10 85 45 123 96 27 86 83 143 139 134 133 47 93 128 90 122 92 65 106 43 63 6 115 53 58 76 119 99 37 126 148 15 29 100 117 91 70 16 149 14 147 1 137 113 54 3 142 105 118 57 94 24 73 55 68 129 114 38 28 140 5 120 80 89 88 44 40 79 62 81 2 110 75 60 19 
118 26 11 35 73 75 83 16 109 129 143 47 19 108 85 123 92 104 150 23 52 134 78 88 111 65 131 138 18 124 117 64 97 147 77 82 122 74 98 33 106 135 46 51 116 136 1 146 50 57 119 56 86 94 15 139 95 6 87 121 72 13 17 10 79 81 7 102 54 32 31 61 93 66 3 4 90 24 84 21 9 37 8 55 144 137 126 43 132 114 5 62 125 58 49 105 76 101 45 145 91 149 39 34 38 107 25 41 112 71 30 128 27 60 80 44 67 14 110 28 133 103 36 68 142 130 2 20 53 96 115 63 42 12 59 22 127 113 89 148 100 120 140 69 48 29 40 70 141 
133 36 54 23 55 1 65 122 112 146 66 118 58 77 69 131 120 126 35 136 53 81 2 14 86 62 25 60 20 93 68 38 150 75 6 94 18 76 40 87 90 127 74 17 56 39 129 89 104 16 82 137 134 98 51 13 101 107 119 85 110 26 105 19 117 59 70 4 103 22 33 31 113 50 115 128 21 84 124 61 144 80 9 142 64 45 10 145 108 97 91 57 37 34 72 92 41 49 7 111 139 114 140 29 138 109 67 48 28 83 121 44 47 123 73 52 143 71 141 79 130 42 102 78 106 149 8 3 125 147 43 24 88 135 116 15 30 132 11 148 95 46 5 63 96 27 32 12 99 
94 43 3 76 95 73 90 81 83 133 89 33 84 31 59 8 131 34 46 100 128 71 112 79 136 50 115 53 51 16 142 113 141 5 56 22 9 63 78 35 40 105 110 135 10 17 55 119 82 45 147 87 32 11 127 86 145 109 52 107 120 66 102 48 24 20 137 111 30 37 27 118 117 144 121 23 92 21 75 65 138 57 36 39 130 47 4 28 58 116 143 69 41 14 126 44 99 64 6 42 38 13 19 68 108 125 12 106 123 54 1 26 85 124 148 88 132 97 93 62 80 7 60 91 70 150 129 96 72 74 114 18 49 15 134 149 103 67 140 98 122 104 77 61 2 29 25 139 146 
144 36 124 4 31 132 85 77 12 120 126 19 136 40 33 49 29 75 113 150 65 106 105 8 99 97 54 1 98 133 26 25 118 38 60 141 90 81 107 47 111 131 43 110 68 82 17 51 143 142 145 140 115 119 74 58 32 148 109 46 112 18 78 63 24 59 116 95 146 28 114 39 6 52 56 123 30 138 2 72 48 45 42 34 103 149 130 147 86 100 80 37 83 121 10 20 101 9 93 27 128 16 88 91 61 125 55 57 50 13 139 87 134 89 71 76 35 70 104 84 66 5 135 44 22 23 122 137 15 94 69 79 7 108 67 129 21 62 64 14 11 96 117 127 53 3 73 41 92 
63 127 45 106 117 137 124 145 20 84 149 83 120 38 104 65 9 115 105 75 108 96 13 69 121 60 58 49 27 64 29 25 46 100 12 6 138 109 55 68 136 146 21 85 81 113 57 70 94 66 61 111 88 43 17 76 99 15 3 7 78 98 80 5 122 123 37 28 71 118 35 8 22 125 86 79 107 126 59 53 110 51 34 133 44 140 36 91 48 112 42 95 139 67 90 56 31 148 19 144 16 77 24 32 119 39 132 97 92 73 131 87 93 47 1 54 52 141 129 82 72 130 114 142 135 147 14 30 4 26 143 102 101 150 62 40 128 11 33 23 10 89 2 41 18 134 50 116 74 
27 145 76 127 118 108 54 74 66 75 11 69 67 88 91 58 82 50 70 47 65 79 141 109 95 114 17 15 92 26 111 21 133 60 7 19 59 56 97 105 90 131 68 18 4 45 53 20 129 37 63 64 49 6 89 125 96 86 33 140 99 71 148 112 135 5 103 30 149 24 83 55 57 113 120 25 98 31 44 147 2 12 9 150 13 123 1 116 36 78 62 23 22 115 29 107 100 35 146 126 16 51 32 43 87 52 93 102 101 28 40 81 117 61 77 14 134 48 110 122 72 42 38 138 144 3 124 73 46 121 34 142 139 41 143 85 132 84 137 94 106 10 8 39 128 136 119 80 130 
48 115 145 69 120 34 107 136 86 54 38 100 127 37 80 6 150 11 140 92 59 57 68 3 27 15 97 70 99 5 13 112 98 2 7 104 12 36 42 25 128 44 142 122 49 114 43 32 79 52 102 72 22 85 39 64 31 130 65 108 55 16 56 21 113 40 133 129 90 134 46 103 81 148 139 88 84 94 109 10 62 20 117 61 110 87 8 135 77 58 23 149 60 4 24 91 82 28 144 17 50 30 33 146 119 26 126 138 45 9 63 75 124 53 132 125 93 51 118 121 123 101 137 73 106 111 29 71 19 47 96 66 143 35 14 74 95 131 78 116 141 83 18 1 67 147 76 89 41 
40 65 71 70 51 29 20 148 17 37 66 110 144 89 55 121 30 119 147 129 39 4 111 150 23 85 46 31 80 86 135 26 11 103 33 125 38 9 16 105 13 116 143 78 84 35 137 139 101 25 132 3 10 42 2 146 94 19 134 32 36 44 118 54 14 34 99 112 133 61 140 102 82 100 15 79 76 58 81 12 83 117 24 108 114 60 142 128 75 41 5 126 127 92 88 49 1 122 91 7 138 95 67 50 113 149 18 97 62 77 93 63 96 72 141 131 64 115 47 123 107 21 22 145 120 73 69 130 68 74 104 59 53 45 48 27 124 87 28 8 136 90 6 52 43 109 56 57 98 
20 42 85 94 25 84 38 4 7 19 75 34 3 71 29 90 11 72 12 104 142 44 115 105 24 88 23 67 35 132 123 86 146 48 66 96 102 127 61 6 143 14 47 21 122 69 111 77 112 28 68 27 46 148 150 55 15 62 145 56 126 37 137 73 147 76 17 41 83 54 116 49 58 32 109 22 91 13 114 139 121 138 26 108 120 140 16 141 117 59 129 2 36 64 9 31 82 45 95 78 134 39 30 74 100 135 92 40 70 57 98 106 118 128 119 63 133 51 18 1 33 103 101 52 79 81 124 43 99 8 50 5 113 110 87 144 149 60 131 97 10 136 93 65 89 53 130 125 80 
77 66 121 103 14 38 132 92 93 125 41 32 105 109 141 9 19 149 98 76 22 35 39 89 118 7 94 97 127 133 49 42 73 15 30 148 87 25 150 96 12 10 78 126 52 69 55 99 62 74 26 124 100 106 116 119 20 43 68 57 48 37 129 142 60 102 59 90 16 56 6 63 85 111 5 81 3 136 21 128 72 101 40 104 135 140 134 70 123 117 61 71 50 64 65 53 17 23 120 88 36 130 112 8 137 34 46 29 24 115 67 84 138 51 27 83 79 147 1 4 2 86 80 144 31 47 44 33 143 146 75 139 107 110 58 122 113 13 45 91 95 28 131 18 11 82 54 114 145 
147 74 7 71 99 49 124 117 106 135 21 129 14 58 52 120 119 91 55 102 142 19 30 145 144 97 93 65 39 54 85 84 53 34 23 100 128 118 70 50 86 121 95 122 35 25 24 63 8 4 43 130 42 127 89 12 108 139 82 149 56 57 125 87 60 37 98 17 148 46 31 47 92 33 32 1 45 69 29 72 123 138 90 133 2 126 111 18 116 3 131 13 51 132 67 103 150 104 22 114 48 94 61 5 64 137 112 76 28 27 96 73 9 38 16 68 134 88 141 80 110 143 107 26 59 136 66 6 62 83 105 41 36 15 77 11 20 10 140 75 101 44 113 40 81 115 79 146 78 
146 135 80 34 45 130 89 91 112 108 38 11 138 49 137 99 115 74 122 72 1 8 21 97 10 94 3 120 15 116 14 117 12 60 26 28 145 144 71 61 65 140 107 52 59 111 37 44 39 69 19 148 5 67 32 63 43 106 101 76 51 126 131 68 54 136 123 47 33 40 70 95 114 119 147 4 96 129 127 57 85 105 121 7 149 53 103 6 142 92 133 93 62 20 79 58 84 150 88 81 125 2 22 77 87 109 41 104 90 143 102 23 139 50 98 46 82 75 9 35 124 16 24 27 141 31 55 134 83 56 128 36 13 132 48 113 42 73 30 86 66 18 25 17 64 118 78 29 100 
85 128 20 90 58 124 83 21 44 82 34 54 67 14 103 8 42 127 114 12 60 94 22 25 24 91 75 102 18 68 110 99 117 146 134 149 140 23 86 4 37 15 62 135 96 52 17 137 119 11 123 70 101 50 29 63 7 131 112 76 129 89 74 148 19 116 126 57 100 87 115 13 55 27 80 33 28 107 141 118 77 144 51 45 41 3 73 65 32 5 133 106 40 78 121 64 35 47 120 10 66 48 125 39 6 136 38 79 113 59 130 143 46 30 105 72 16 108 1 93 139 142 49 147 71 36 132 31 97 2 84 61 138 26 145 92 122 69 104 9 43 81 150 53 56 88 95 109 98 
20 83 98 29 59 51 130 84 142 148 74 55 66 141 138 120 38 63 18 126 91 46 48 23 49 97 7 80 61 101 39 122 69 92 147 111 78 132 85 67 106 28 65 53 56 94 116 104 143 119 114 150 50 137 15 87 107 9 62 42 71 110 44 88 89 76 109 75 113 47 149 144 54 82 8 70 16 131 64 35 145 105 33 121 4 79 32 123 125 124 12 2 26 58 60 115 81 13 22 139 57 127 31 11 73 103 133 27 77 68 41 17 95 45 135 108 134 36 72 129 1 93 3 14 10 6 136 24 40 140 128 118 117 86 25 34 21 5 37 30 100 19 99 146 96 43 90 102 52 
128 114 8 94 110 70 29 69 90 65 71 18 49 133 44 111 43 106 147 57 36 98 143 72 146 136 60 140 96 6 35 93 138 125 118 135 22 85 123 41 76 117 27 132 116 102 25 9 47 37 68 109 45 86 127 134 149 30 100 80 89 130 5 3 97 67 122 53 13 129 120 144 55 31 33 61 62 124 78 20 42 16 50 10 79 121 66 39 104 63 58 105 150 88 74 38 119 34 28 54 81 148 84 26 145 107 2 115 131 82 126 91 52 95 75 7 14 59 99 15 1 17 73 77 87 137 4 141 32 103 23 142 51 112 12 21 56 19 24 11 64 46 108 139 101 92 40 83 48 
48 113 80 9 77 11 41 33 52 35 144 78 137 64 101 61 68 149 62 140 120 21 103 1 112 5 15 70 133 129 96 93 92 116 106 12 2 89 83 8 122 46 60 105 91 125 44 73 111 47 31 118 81 139 136 123 146 65 107 23 10 79 132 126 67 58 88 49 110 25 138 50 40 98 74 7 22 34 99 128 18 3 69 148 95 13 108 43 97 53 54 55 142 117 37 14 28 121 38 27 56 32 59 87 131 102 143 115 6 30 20 45 145 82 104 147 16 135 124 109 63 84 75 24 36 19 86 39 119 94 42 130 127 57 71 4 26 150 141 29 72 100 90 51 17 134 66 85 76 
11 52 29 18 89 140 136 135 94 141 41 124 86 15 100 125 118 25 46 142 43 84 30 83 4 33 133 63 138 40 137 145 117 35 144 105 39 60 45 13 134 28 38 62 121 14 69 130 77 149 126 9 47 80 148 88 55 101 3 92 87 76 32 79 8 42 66 1 131 64 98 122 103 16 95 6 37 21 150 24 10 57 114 102 36 56 65 123 70 26 53 74 139 17 73 113 128 2 67 22 5 143 120 12 71 104 31 132 48 127 107 99 96 85 72 147 20 97 34 119 44 54 50 49 146 23 106 78 111 58 82 27 81 93 116 51 75 19 90 61 109 68 129 91 7 59 112 108 110 
57 64 115 91 81 88 36 92 109 43 8 26 14 38 90 103 148 7 45 86 150 12 74 82 99 136 47 19 129 144 134 67 114 71 108 132 106 97 146 10 80 79 131 21 138 127 13 17 24 39 147 42 142 16 2 119 143 32 52 22 51 126 33 121 73 111 96 130 48 139 140 9 98 29 4 40 149 70 49 28 128 137 94 56 69 133 60 5 27 123 53 112 135 101 76 44 85 30 61 50 1 25 37 41 46 55 31 87 118 89 65 23 63 15 102 93 120 105 75 117 77 18 54 145 125 122 58 107 66 110 35 104 6 20 113 141 84 83 124 78 3 11 34 95 100 68 72 62 59 
25 150 22 126 12 67 85 118 121 26 2 16 71 146 141 34 106 139 105 74 77 53 112 116 47 128 84 136 11 42 143 56 28 101 78 40 144 52 81 82 21 90 13 66 68 32 44 37 70 38 54 137 91 109 134 7 62 89 92 27 123 76 72 131 10 36 145 64 24 100 142 50 8 110 79 46 51 99 73 107 83 20 95 6 35 48 55 120 124 59 114 135 147 88 1 15 45 96 127 5 132 18 60 31 65 115 3 43 102 69 86 103 113 129 29 23 17 58 9 49 93 61 148 63 80 19 104 41 87 75 140 122 97 111 98 39 4 108 149 94 125 133 130 14 57 138 33 119 30 
45 77 99 55 53 59 137 16 90 25 50 67 17 82 69 123 43 150 106 119 32 28 84 10 6 76 21 34 18 30 146 134 26 112 51 72 87 8 37 80 14 125 49 60 27 58 24 3 56 31 33 98 42 140 145 94 127 19 2 130 133 52 129 79 44 108 91 109 1 111 101 13 23 143 149 5 115 100 35 142 110 148 54 93 139 126 83 85 78 15 73 121 65 11 114 75 46 120 97 104 147 116 113 57 103 138 63 9 70 92 81 131 66 88 128 38 62 68 105 74 122 7 144 22 29 64 12 136 41 96 47 20 135 107 102 95 124 4 61 39 141 36 86 89 117 71 48 132 40 
38 20 132 16 27 15 12 95 97 49 93 29 66 113 17 121 143 53 32 101 24 127 92 146 79 86 73 134 133 35 138 85 41 131 21 84 7 10 34 107 56 47 141 150 67 48 71 50 1 111 8 142 40 77 72 61 23 117 51 122 124 14 135 2 6 45 106 3 130 69 112 43 26 139 82 19 44 30 78 11 96 18 80 57 36 108 54 110 98 63 148 100 145 52 42 120 123 137 88 60 109 68 118 74 125 4 59 114 64 136 128 55 65 116 37 81 140 75 70 91 9 13 126 28 46 87 99 31 5 39 115 62 102 83 90 25 149 33 129 76 147 22 89 58 104 105 94 103 144 
27 41 97 11 125 66 10 57 102 138 122 79 148 140 16 36 60 142 132 4 2 21 6 65 42 110 67 81 73 84 144 34 118 50 99 89 145 45 87 33 115 94 72 13 143 1 52 134 30 63 64 74 77 31 5 96 49 150 29 12 107 137 126 98 26 90 38 149 54 24 124 32 113 56 131 111 22 86 58 39 92 136 20 7 37 130 76 103 35 17 25 133 28 101 62 123 82 105 83 121 119 75 40 18 59 129 71 3 114 19 55 70 104 106 85 112 51 135 108 46 93 95 100 91 88 109 78 139 48 116 15 53 128 80 147 43 44 47 14 127 68 69 146 141 61 8 117 23 9 
69 136 22 133 71 82 104 39 119 92 143 131 122 138 46 65 7 37 149 3 109 144 63 32 40 129 124 105 141 111 70 13 64 146 30 130 59 94 73 14 91 112 127 89 16 41 96 84 38 97 140 90 17 34 87 150 20 88 26 120 147 117 74 47 5 23 49 18 54 142 11 102 19 9 75 35 67 21 68 93 36 95 79 76 99 28 128 15 42 110 126 29 86 43 51 116 25 45 78 85 1 134 58 27 98 52 50 148 33 62 66 100 139 107 113 44 106 103 137 53 132 61 56 8 2 123 118 4 60 55 6 10 12 81 83 31 145 135 108 24 80 115 72 57 114 77 101 48 125 
44 143 35 3 128 126 72 74 147 112 148 69 9 145 142 21 90 132 67 123 31 79 68 77 87 36 124 80 78 54 139 15 7 116 30 119 28 82 134 38 13 120 131 65 150 32 107 99 140 81 39 53 60 75 19 115 110 121 127 29 100 23 1 136 20 70 130 61 101 108 91 135 73 17 12 18 57 98 51 5 85 50 41 6 117 84 71 16 146 45 83 104 137 49 37 48 109 103 118 88 26 4 94 89 141 58 114 76 43 149 34 62 92 111 86 10 96 27 129 24 52 14 56 47 125 66 63 22 93 113 138 40 95 55 105 102 144 97 59 25 42 33 46 2 106 11 64 133 8 
30 89 116 61 2 48 98 96 59 42 103 36 104 135 19 117 124 72 17 58 129 34 37 93 113 29 126 32 110 9 55 10 143 102 106 91 95 125 84 88 21 112 86 43 136 60 38 99 148 109 6 90 68 5 23 97 33 16 77 145 56 62 111 28 150 144 35 39 107 63 41 114 108 3 26 8 100 69 13 47 7 146 147 15 45 49 83 27 79 85 120 75 132 87 81 25 66 119 121 149 78 40 12 115 74 137 82 67 1 52 44 51 4 92 128 22 131 20 18 65 50 134 24 46 70 94 139 141 14 105 76 64 11 133 142 53 122 127 80 140 118 130 57 71 54 73 138 101 31 
43 33 138 143 85 37 76 149 90 28 104 20 8 3 32 135 97 145 126 84 39 111 101 57 113 29 80 112 14 30 23 136 6 77 86 91 48 79 99 73 141 110 105 41 11 119 134 25 36 148 69 35 15 60 89 146 125 2 26 133 106 56 102 40 93 74 123 10 88 129 109 1 52 127 92 13 38 103 150 49 61 82 121 117 51 59 62 128 118 45 81 63 120 5 31 142 18 71 107 55 140 122 50 68 67 34 16 78 58 75 42 44 132 98 24 72 116 21 64 144 4 22 7 70 27 53 115 94 108 65 66 130 96 17 12 95 46 137 9 19 54 47 100 87 139 114 131 83 147 
120 82 99 60 45 36 135 150 126 94 43 47 56 32 103 37 6 48 144 17 42 130 50 23 35 67 90 91 127 74 115 97 58 30 106 8 84 14 10 16 96 114 24 20 109 41 12 129 7 55 105 108 137 34 146 128 149 59 2 79 78 142 134 26 87 95 100 72 138 46 73 86 31 54 68 39 145 122 143 53 131 69 148 92 88 75 102 63 18 33 111 133 27 1 118 113 61 123 119 25 147 139 104 28 98 71 112 81 76 52 4 40 22 62 29 124 83 11 44 3 107 80 117 49 64 70 85 93 9 57 5 89 141 21 66 132 136 15 116 110 77 65 13 51 19 140 38 101 121 
124 9 33 53 139 136 74 4 25 8 114 129 89 19 137 15 121 12 78 17 144 18 63 5 100 125 27 101 56 97 46 117 94 92 60 93 127 120 66 105 49 90 95 23 42 111 140 48 26 85 6 107 145 109 61 35 40 73 133 134 72 51 132 99 62 21 71 131 79 96 77 54 24 82 115 110 45 32 29 123 141 81 34 86 119 64 31 104 58 14 98 116 13 122 142 28 10 88 1 36 11 38 2 44 103 76 83 57 59 75 113 22 20 39 84 50 69 68 47 70 102 67 130 41 108 146 106 118 135 16 148 43 3 7 30 112 150 87 143 55 52 80 149 147 37 91 138 65 128 
121 84 54 62 51 131 58 129 47 5 13 43 1 4 48 52 94 45 35 116 38 75 33 99 102 150 7 16 79 73 87 88 25 125 148 83 90 122 49 37 92 31 143 77 10 106 19 95 28 130 60 105 2 61 142 113 65 119 42 80 29 36 76 128 34 91 26 135 39 138 85 46 139 132 6 50 8 147 53 27 66 12 112 20 67 118 107 141 100 101 104 108 68 70 103 110 40 18 111 23 56 124 137 55 98 81 114 97 41 30 17 109 146 22 9 136 93 69 74 126 149 15 72 11 44 145 144 134 71 120 3 24 57 63 89 133 96 117 64 140 21 115 59 123 86 82 14 32 78 
46 144 44 32 10 33 91 43 14 111 96 52 83 109 15 17 92 150 69 35 72 4 48 129 119 143 25 97 7 105 140 31 125 29 21 149 121 85 45 124 133 73 3 127 141 65 39 80 47 6 59 116 123 70 16 117 79 138 87 107 61 84 24 1 56 20 42 5 81 122 50 82 27 134 68 145 22 88 18 9 54 137 57 136 77 99 103 36 95 113 60 132 112 51 146 108 76 130 23 142 86 106 2 101 28 30 11 147 98 34 131 71 58 90 94 148 118 63 64 37 26 74 110 114 53 8 126 100 93 67 38 104 139 135 12 66 102 89 19 120 75 55 49 62 40 115 78 41 13 
61 27 18 44 111 38 40 91 139 24 143 22 82 71 62 28 41 21 37 48 132 8 23 67 84 51 69 36 136 68 89 35 15 103 119 149 2 52 104 63 92 16 85 90 110 31 120 55 9 53 80 137 118 127 144 93 81 12 34 29 66 5 148 97 50 79 58 142 122 72 125 150 96 83 123 32 75 146 3 145 59 17 73 94 60 100 117 7 131 102 70 54 107 106 87 65 99 64 124 47 57 147 13 42 76 95 112 25 126 134 19 10 115 98 4 39 14 138 108 128 130 6 45 135 133 105 56 88 86 77 121 114 116 46 43 140 1 49 74 26 30 33 101 113 141 20 109 11 78 
142 114 32 58 93 19 68 140 95 63 123 111 146 15 30 100 105 129 51 27 64 10 145 143 35 42 92 24 104 36 72 73 38 115 4 98 149 49 50 11 89 18 84 1 28 59 117 132 102 75 77 148 81 138 106 109 118 134 56 8 22 126 37 16 86 48 107 94 136 122 133 65 83 125 113 62 78 17 31 9 60 79 144 85 139 135 45 112 90 121 43 110 137 54 55 44 5 29 131 34 41 127 101 2 12 141 80 66 47 13 70 7 150 87 91 57 3 6 33 25 103 71 119 39 128 124 88 76 96 99 69 40 21 97 14 20 74 120 67 61 23 82 108 116 46 53 147 26 52 
41 70 106 4 90 7 66 12 117 29 105 143 13 20 40 126 145 44 100 134 139 47 55 34 149 129 75 124 2 16 56 108 96 114 77 95 48 94 14 21 150 116 67 81 107 72 136 22 74 19 84 50 26 132 146 6 38 17 10 68 80 142 138 24 104 148 76 144 42 113 101 63 31 147 121 9 49 62 115 91 111 51 65 71 127 89 141 137 28 112 102 33 64 59 5 30 85 92 87 130 88 52 46 133 83 123 73 122 69 93 97 60 120 11 32 109 37 25 27 61 140 98 118 119 43 86 1 39 23 18 57 125 45 8 110 53 79 78 103 36 82 135 54 58 99 35 15 128 3 
76 143 57 42 63 10 109 14 41 108 62 65 111 119 150 140 60 23 67 98 27 144 43 87 95 24 49 44 104 35 141 61 138 88 75 149 110 146 46 130 100 84 103 18 45 28 25 90 97 83 134 52 77 30 11 59 118 55 36 81 122 133 40 94 147 105 101 73 47 74 29 58 106 137 99 72 135 32 34 131 126 82 142 31 120 19 139 50 16 107 5 112 21 7 127 70 86 56 78 115 89 3 121 124 113 8 54 26 79 93 102 53 129 125 123 66 20 2 96 148 12 71 116 68 4 37 1 33 64 9 13 48 117 51 15 91 85 69 38 80 17 6 114 128 145 39 136 92 22 
24 80 66 8 122 78 47 104 21 147 12 135 112 2 39 17 110 63 72 37 106 3 42 18 141 20 134 95 140 148 34 88 14 67 142 48 149 83 36 43 59 120 75 92 113 145 4 115 144 125 1 100 55 128 52 32 82 62 26 131 137 89 96 114 19 35 15 93 138 65 76 119 29 70 44 16 94 98 109 118 38 97 22 102 53 23 123 139 126 84 25 46 57 45 7 5 146 69 49 41 73 103 28 107 68 117 81 27 61 60 58 33 54 74 143 124 30 99 11 136 111 129 85 77 71 121 91 50 9 150 40 130 116 132 127 51 86 31 6 108 79 56 101 90 105 10 87 64 13 
55 18 16 3 100 98 11 70 117 124 42 69 50 63 20 25 96 108 26 6 78 23 120 13 136 102 105 40 24 47 114 107 19 89 53 95 137 150 93 58 132 97 17 122 59 109 45 38 51 99 54 37 21 76 86 43 140 75 118 126 143 68 39 33 83 131 8 94 149 139 28 62 144 29 111 4 15 61 141 85 104 1 22 80 12 110 49 56 60 146 46 91 147 81 142 64 138 66 129 2 123 65 101 119 87 34 67 82 103 71 77 31 128 35 41 52 115 116 106 145 14 90 57 44 73 79 130 48 133 10 7 113 92 84 30 88 127 72 121 9 36 135 27 74 125 112 5 32 148 
112 39 99 68 143 15 20 60 134 74 27 96 93 82 126 48 51 40 100 7 119 76 87 122 141 41 110 23 97 22 37 11 47 53 54 114 65 118 84 132 66 109 128 85 145 61 131 103 49 45 24 104 77 105 124 75 98 46 62 52 78 34 8 102 129 120 123 9 121 2 3 18 69 5 57 26 72 30 14 90 31 70 13 137 142 133 64 144 44 50 42 63 19 43 149 29 83 89 12 4 6 25 107 147 101 55 1 113 35 80 10 71 115 125 138 81 38 56 17 88 73 117 21 36 91 146 94 130 58 116 106 16 139 111 67 136 28 127 92 59 86 79 95 148 108 32 140 150 33 
39 117 108 128 58 64 74 29 78 53 45 118 86 81 123 80 88 37 24 46 132 3 84 113 124 75 90 83 129 28 36 57 47 42 89 38 103 19 121 62 35 119 104 43 130 67 87 23 50 140 114 134 147 127 122 26 73 44 32 82 4 115 31 79 1 5 126 40 102 71 142 15 21 12 149 143 116 33 99 61 22 97 56 52 144 48 70 107 16 76 27 20 141 30 138 93 100 25 112 96 13 69 105 7 17 111 150 68 98 49 145 85 41 120 18 6 139 63 14 65 91 2 110 101 146 148 125 51 137 77 92 135 9 55 8 54 11 66 95 106 131 60 72 59 109 94 34 10 133 
139 122 85 36 4 60 132 7 106 54 133 45 105 114 72 109 19 13 34 27 108 101 140 113 22 129 11 44 14 70 66 103 121 31 12 91 125 86 43 99 90 64 136 149 144 21 17 82 53 16 79 40 118 96 15 120 112 124 77 41 95 80 73 52 61 87 28 94 143 6 93 134 146 56 142 10 150 25 9 18 8 76 30 126 49 37 148 68 62 111 127 63 23 32 24 119 69 84 104 39 78 42 123 74 51 5 67 141 117 83 131 2 55 29 88 50 33 97 89 147 57 75 59 48 145 138 135 81 46 38 65 116 128 110 3 20 1 58 35 98 100 115 47 102 92 107 71 26 130 
93 85 48 27 150 26 102 132 86 46 84 78 49 71 31 133 55 70 47 16 146 148 110 28 65 144 107 25 100 35 112 41 24 89 67 82 52 56 95 129 111 79 40 141 29 140 97 137 103 39 96 19 15 68 64 119 147 101 145 75 120 6 74 105 60 1 126 87 122 81 38 51 58 83 61 33 80 30 90 45 109 13 76 7 117 3 72 98 14 113 10 127 50 135 94 124 88 69 66 62 32 149 73 17 104 108 99 4 20 18 125 114 2 44 5 22 121 106 92 131 118 23 136 54 9 36 11 91 77 53 143 128 43 59 134 42 115 21 130 139 63 37 12 142 57 123 34 8 116 
83 4 90 55 61 105 79 31 134 81 72 50 89 149 148 145 51 80 75 18 96 65 138 41 144 10 77 40 21 33 99 137 39 53 22 30 3 120 70 92 124 62 127 11 103 104 67 128 9 63 131 73 114 98 6 140 34 135 117 68 115 52 107 122 132 86 85 69 48 38 37 91 29 42 106 150 113 17 56 102 43 60 59 101 45 108 74 49 111 25 15 95 27 12 87 146 20 32 66 97 5 28 126 94 8 141 142 71 125 46 82 100 109 93 136 78 84 1 36 130 26 44 14 57 23 121 88 54 119 110 129 143 2 19 76 112 47 58 16 24 7 13 123 147 133 118 35 116 64 
6 102 107 85 13 124 36 15 113 25 2 118 150 104 14 67 66 1 39 135 122 50 9 109 24 11 92 128 26 53 3 101 149 52 31 87 96 60 64 47 30 111 145 132 86 125 146 56 61 42 45 99 37 76 115 83 34 38 73 65 19 22 70 7 93 51 33 114 32 46 121 105 12 35 143 90 43 57 68 55 71 80 49 63 123 100 133 116 144 84 82 139 108 103 23 81 77 5 147 10 89 148 79 29 136 88 41 127 16 134 130 54 18 4 141 48 62 138 112 98 129 74 78 21 44 17 95 69 91 20 106 110 58 72 75 131 120 40 142 27 94 119 97 126 8 137 59 117 28 
6 135 98 40 95 113 20 74 55 131 28 107 106 51 57 81 115 146 50 4 53 29 142 36 13 41 129 15 1 71 127 65 91 132 43 73 3 33 59 5 93 75 48 39 83 147 148 8 86 31 124 136 54 9 126 130 46 114 60 101 32 22 42 79 30 25 52 34 143 119 82 66 70 80 58 134 102 38 88 90 137 26 116 56 112 44 140 68 94 61 125 139 87 14 144 97 18 23 10 105 35 111 96 99 62 17 49 108 21 12 72 100 69 77 133 123 67 63 78 85 138 84 103 122 2 117 7 109 104 37 128 11 118 24 149 19 16 45 64 27 47 92 89 121 145 120 150 76 110 
83 33 143 10 132 6 37 147 56 105 125 71 119 47 30 64 38 114 82 139 144 53 15 69 28 116 89 146 113 66 17 43 73 45 65 138 78 103 104 27 59 90 124 74 55 26 101 25 102 18 88 48 14 140 80 94 3 16 129 145 93 85 128 50 46 91 150 106 70 13 39 32 117 21 120 31 60 84 72 75 92 40 63 77 112 54 57 99 136 111 7 110 108 23 96 76 51 95 5 149 126 81 52 133 29 20 115 9 109 130 1 127 58 148 44 22 118 79 42 34 131 67 41 107 4 141 61 98 19 35 12 134 62 121 135 2 49 86 122 137 123 8 24 11 100 97 68 36 87 
112 77 18 53 136 71 30 118 150 132 100 62 106 59 60 102 3 25 82 124 101 2 79 41 116 119 142 4 61 144 115 19 39 12 146 109 91 72 69 86 6 94 104 35 114 20 49 78 125 148 50 92 10 147 24 90 120 65 98 56 111 46 51 14 40 55 48 83 140 149 22 130 122 58 11 66 13 26 52 70 135 27 8 57 97 42 68 44 76 128 137 110 54 93 16 108 1 45 87 23 17 64 107 99 85 134 32 21 121 33 127 9 7 129 38 28 80 81 37 47 15 73 145 88 74 131 105 103 95 141 63 113 84 89 133 31 123 34 29 139 67 36 43 96 138 75 117 126 5 
89 4 31 18 83 90 147 75 13 91 146 107 116 132 121 143 119 117 20 98 136 21 1 43 109 19 99 14 125 148 70 92 138 37 139 77 12 79 127 140 69 60 54 93 6 40 130 32 52 64 133 85 120 102 108 81 131 25 61 16 23 105 73 141 137 135 33 11 27 55 22 88 35 24 128 46 113 48 106 41 38 15 67 29 51 100 71 110 94 78 72 58 5 126 118 103 17 26 30 66 84 114 97 101 59 104 150 123 134 68 39 145 3 74 47 76 7 34 65 142 115 49 122 9 56 36 57 111 112 53 63 8 2 44 86 129 80 62 42 10 82 95 28 87 124 96 50 149 45 
25 43 119 8 82 148 24 122 135 127 87 91 58 78 11 45 124 30 100 112 128 134 90 18 97 17 95 77 2 10 132 138 137 149 85 70 38 35 20 42 66 81 125 63 44 104 54 16 32 67 147 12 105 111 51 59 7 65 72 143 142 39 3 41 21 55 140 86 96 69 146 121 117 144 27 53 62 31 48 139 130 83 150 80 15 102 4 109 75 94 89 98 74 6 28 108 129 113 33 22 136 71 110 118 133 9 23 141 88 60 68 14 84 34 99 5 56 73 116 106 123 64 131 50 126 79 46 93 13 29 61 101 19 36 52 47 120 103 57 76 40 115 49 92 1 26 114 37 107 
137 99 28 92 44 25 124 57 29 65 46 55 61 115 39 142 79 150 66 31 73 27 4 109 9 24 145 8 111 120 77 127 16 141 130 72 37 5 49 132 128 136 50 75 103 88 80 3 47 98 60 48 11 95 43 63 94 13 41 82 71 123 21 135 30 17 15 113 104 143 102 97 107 81 22 116 114 86 36 20 35 45 58 138 133 51 14 38 74 108 93 87 112 23 76 33 26 105 100 10 117 129 59 119 101 110 118 89 40 147 125 64 54 121 78 91 7 18 32 144 2 85 62 67 19 1 68 134 148 6 149 106 139 90 140 69 84 56 126 34 52 12 83 131 53 42 70 96 122 
113 118 6 77 26 10 123 56 122 129 36 112 69 131 31 45 47 37 4 25 20 126 79 8 146 7 128 84 135 65 16 111 91 85 63 2 106 12 95 1 73 52 92 64 13 15 149 21 50 93 9 60 39 54 72 96 108 78 133 98 121 75 145 74 67 86 109 57 150 130 46 14 99 23 40 42 104 102 94 90 49 97 3 88 53 141 17 81 51 41 68 138 119 134 29 27 140 34 120 110 66 38 87 61 76 71 18 127 136 125 11 62 115 80 117 89 19 132 83 48 55 101 58 32 114 24 59 148 139 43 137 124 100 105 103 82 35 5 116 22 143 30 107 144 33 28 142 70 44 
3 81 41 36 105 50 102 98 46 63 126 20 86 44 27 147 103 149 28 1 146 35 139 79 111 82 15 116 45 141 143 62 76 11 124 84 85 144 8 112 74 104 66 88 14 92 108 29 94 12 25 110 77 109 9 71 134 133 52 4 118 2 53 67 40 115 34 6 127 83 73 96 100 26 131 89 61 123 130 113 125 120 24 91 60 10 51 69 23 64 87 132 37 128 136 75 70 16 72 49 80 22 31 21 117 58 65 97 93 39 42 5 17 129 57 122 54 7 150 32 48 95 99 106 135 142 140 145 101 33 138 121 59 43 119 38 18 107 90 30 19 56 55 68 47 78 137 114 13 
47 28 4 109 12 141 118 69 35 129 91 79 19 75 40 139 97 26 11 142 50 103 147 13 86 54 65 8 70 34 100 99 33 7 43 95 44 120 124 90 121 85 22 1 74 123 114 23 127 105 77 60 41 55 15 146 117 32 59 56 2 30 42 25 78 53 87 3 148 31 115 145 150 144 46 93 38 137 84 88 48 9 135 126 133 63 89 76 107 72 83 20 94 111 10 113 138 51 62 80 108 143 132 101 64 112 106 110 82 134 119 6 16 130 98 21 18 92 52 102 45 5 29 73 14 67 122 36 96 27 57 81 24 116 125 71 136 39 37 128 17 66 61 131 104 58 49 140 68 
102 136 125 64 12 134 140 139 106 78 114 132 142 77 117 130 128 7 124 38 21 15 23 79 109 9 46 13 62 10 148 32 48 3 122 112 149 76 80 59 141 34 72 60 29 110 71 31 127 73 75 81 144 50 107 92 53 8 26 37 19 30 135 25 14 47 49 90 137 54 52 40 91 17 63 121 45 96 103 39 116 58 85 95 143 115 119 6 57 5 16 118 101 69 55 83 113 108 138 146 41 24 51 61 2 111 65 87 35 88 11 120 104 129 105 133 43 44 36 4 100 93 99 70 66 147 131 20 82 42 68 1 126 22 94 123 86 18 33 27 89 56 145 98 67 84 74 97 28 
