150
80 58 103 150 132 105 140 127 141 51 96 12 117 131 124 106 76 56 102 21 49 9 85 17 8 136 57 38 75 26 63 14 92 6 13 60 145 126 135 66 25 53 45 97 89 84 47 82 10 86 42 108 3 22 52 74 77 101 31 147 43 70 88 113 114 119 104 112 90 28 146 138 107 137 15 95 37 35 18 128 73 46 48 20 65 68 11 69 24 16 23 41 36 19 5 116 142 32 67 109 98 110 50 111 139 129 122 125 64 99 2 30 130 148 120 91 
81 105 68 85 7 50 82 116 129 40 51 5 91 108 110 1 65 29 114 112 127 98 104 10 140 150 113 103 63 134 119 4 88 59 86 46 41 102 136 135 147 125 126 52 23 21 18 47 131 32 94 96 31 3 14 22 145 45 111 106 137 16 122 49 48 149 123 97 89 77 8 100 93 20 33 13 54 60 71 87 9 133 117 53 101 64 37 132 120 17 38 12 92 6 73 24 26 138 57 66 55 43 30 121 78 
140 128 14 79 12 103 95 36 82 121 19 138 30 116 124 18 69 37 28 26 141 107 137 113 42 66 142 117 85 60 51 44 22 29 127 68 1 49 90 75 9 52 105 33 139 72 88 59 31 76 98 134 146 120 144 126 6 64 4 27 61 16 63 73 136 80 92 32 84 23 45 20 130 118 74 148 114 94 67 8 123 5 10 65 56 70 93 143 21 78 87 62 115 81 13 135 2 147 7 108 102 40 109 11 104 149 
44 8 100 47 50 120 146 140 53 79 109 10 85 61 31 135 116 125 28 148 137 83 3 75 14 19 16 12 34 145 122 36 62 104 89 128 11 70 74 57 82 52 69 130 91 46 107 95 2 13 33 42 29 133 23 15 111 7 32 138 108 123 5 136 56 103 68 101 114 24 105 48 131 143 40 38 64 106 26 99 25 67 110 134 87 81 117 45 71 96 18 86 49 141 98 118 132 9 147 6 66 17 80 113 27 58 144 121 
104 46 82 70 133 87 49 75 56 6 117 61 7 96 136 72 35 17 29 78 137 40 3 110 30 90 12 120 27 148 18 112 31 19 2 109 67 39 47 119 99 122 16 142 43 34 103 68 52 45 66 57 106 105 113 60 63 73 24 51 134 77 131 125 129 126 76 64 41 123 38 9 4 53 146 132 55 1 141 98 62 150 37 145 54 10 93 81 84 108 144 89 88 102 101 8 149 91 140 44 33 107 147 
66 147 56 44 75 120 45 60 138 95 92 2 73 101 41 96 10 38 70 94 93 99 128 143 81 29 76 40 119 102 91 114 12 34 146 118 26 31 84 52 32 135 89 11 5 27 121 113 108 140 82 19 79 7 126 62 106 67 33 14 149 130 48 58 116 8 61 15 74 3 25 125 141 22 87 77 78 86 131 71 134 30 64 17 69 110 53 137 20 117 139 36 97 39 103 63 50 1 51 16 47 28 42 107 43 123 4 57 68 54 88 
65 94 84 116 60 99 35 44 8 76 144 93 33 98 53 102 78 117 115 77 46 122 25 42 110 63 103 50 127 109 86 61 129 4 92 22 101 100 139 105 74 111 89 69 34 5 20 13 47 10 27 146 133 113 23 32 72 107 39 30 112 80 136 71 108 14 40 131 56 3 21 145 87 36 88 130 141 143 121 140 149 137 90 95 85 134 147 81 66 62 79 38 52 43 83 41 104 150 73 37 55 58 54 148 19 6 120 96 11 51 16 70 135 2 26 28 
122 3 74 142 27 2 108 42 14 118 105 98 25 51 100 72 46 133 39 120 48 9 56 54 92 67 69 45 21 66 129 35 16 106 145 132 137 58 138 5 131 34 99 32 86 81 116 63 26 61 59 88 135 44 117 113 10 89 24 1 73 52 6 33 4 36 87 143 83 109 121 95 78 7 85 139 140 84 43 146 55 149 134 15 91 90 60 144 49 115 20 75 94 17 11 130 112 126 30 107 97 128 136 124 102 50 38 96 104 148 12 76 119 101 40 13 79 47 65 93 41 19 127 
147 86 141 142 14 18 83 11 31 47 59 4 57 117 56 28 54 89 3 121 108 49 100 40 29 107 118 132 144 39 87 5 101 21 38 114 148 1 127 140 137 129 109 48 72 36 122 91 53 145 123 67 26 84 131 23 62 134 63 12 37 60 119 10 80 71 19 104 17 103 75 120 66 15 25 41 105 82 77 78 138 51 106 150 99 43 2 20 95 8 55 13 24 126 30 79 97 143 76 93 22 32 139 44 149 128 96 136 125 
8 5 18 64 56 80 61 66 139 110 54 146 102 17 98 83 31 24 105 109 111 90 138 67 2 3 11 104 35 89 50 96 76 49 149 48 106 81 125 82 131 20 126 86 32 28 57 19 12 60 30 88 79 53 39 144 100 114 59 147 148 9 84 43 22 34 103 133 116 97 65 140 121 1 132 69 135 94 73 71 33 36 99 4 92 112 29 127 38 142 74 6 118 63 25 91 75 16 123 40 14 141 115 13 7 107 93 46 72 55 77 
61 53 44 102 37 55 148 4 52 74 36 106 100 94 147 101 58 139 108 121 15 86 140 143 105 62 116 18 110 75 3 27 10 54 103 19 96 137 134 145 73 64 125 17 32 14 92 98 146 144 76 31 65 12 60 91 42 40 21 22 28 118 81 63 7 119 47 48 9 26 8 33 95 126 38 122 68 71 133 49 112 85 142 20 129 41 89 136 70 113 78 111 107 35 39 1 56 25 132 46 66 57 34 6 93 131 135 43 24 
1 5 76 26 141 104 85 55 69 4 106 71 105 112 102 49 103 115 100 29 18 142 57 20 107 114 86 78 124 84 80 74 35 59 23 43 2 89 6 19 81 28 138 120 108 134 75 143 83 121 54 140 122 149 127 77 136 91 116 96 128 58 65 117 38 82 64 9 129 94 126 145 13 101 15 17 133 118 56 95 42 93 45 148 60 130 144 139 30 3 131 10 36 88 90 21 40 16 146 135 132 24 46 11 63 61 37 34 147 73 8 32 99 39 
18 126 101 26 106 82 60 107 31 137 2 147 90 105 74 81 52 100 120 58 96 102 44 72 136 103 117 88 57 32 25 138 134 110 113 8 95 143 130 68 131 16 4 87 9 61 53 91 56 133 21 41 22 62 34 47 45 15 97 84 29 128 42 139 146 83 144 12 64 77 33 51 17 80 54 7 46 93 73 38 124 55 69 67 19 123 129 10 79 85 98 122 94 27 135 24 109 3 89 30 108 49 127 1 65 112 132 
103 135 45 125 44 11 58 2 96 140 101 139 23 114 119 8 94 110 61 136 147 84 65 34 71 108 137 128 26 53 127 25 121 41 88 83 32 118 29 95 20 43 59 87 79 37 27 63 133 74 138 130 115 16 122 99 89 112 134 81 66 19 50 46 102 31 68 35 4 126 80 3 28 56 62 10 64 70 90 72 1 67 48 111 86 54 47 105 76 85 7 30 6 42 78 97 123 107 109 113 57 142 22 9 106 144 21 15 150 52 17 98 
51 12 70 108 109 117 107 13 102 98 140 39 77 40 146 42 94 145 37 149 72 43 92 30 46 74 26 28 1 6 11 132 87 82 128 103 81 86 9 62 41 91 59 63 53 58 100 61 24 119 4 45 135 114 137 148 54 99 150 35 48 78 120 60 18 111 83 44 8 118 50 68 25 113 138 52 20 122 129 93 123 73 67 105 147 115 75 31 69 16 27 84 106 95 23 21 47 29 19 80 142 97 89 88 36 126 121 65 33 34 14 
10 5 2 109 148 149 49 118 101 40 142 127 61 99 51 84 33 73 12 46 22 128 98 55 136 97 96 26 134 83 92 54 125 119 138 146 150 107 76 4 81 53 130 48 133 1 139 6 29 65 17 103 37 28 102 14 7 66 137 8 87 108 131 67 3 113 59 69 85 116 74 23 123 44 42 88 79 43 89 58 143 34 68 24 38 31 39 15 71 64 70 135 117 140 50 100 93 145 124 47 144 80 121 126 18 141 13 
68 109 77 107 63 131 8 9 92 145 49 148 55 94 42 111 99 127 1 65 93 61 33 117 69 58 57 56 144 41 45 120 14 113 98 132 135 40 142 16 38 35 116 62 106 82 67 85 133 71 140 101 119 79 103 54 70 50 23 147 76 20 22 88 138 4 25 31 66 128 36 96 95 73 29 104 100 21 105 6 43 18 10 19 118 87 80 149 122 97 59 126 108 11 121 64 13 112 102 2 5 74 136 60 37 143 24 12 115 52 137 
11 136 3 115 97 39 149 121 74 82 27 50 99 52 54 79 102 100 44 49 90 91 28 59 108 41 87 48 16 45 88 140 58 92 141 31 85 139 123 36 75 25 107 56 66 32 33 135 103 22 94 12 1 98 68 65 80 4 106 129 35 95 76 19 96 62 127 60 57 104 10 81 5 70 130 134 29 86 144 21 30 142 78 15 71 42 38 93 13 40 55 17 72 148 145 9 124 132 37 113 67 150 122 116 89 2 137 83 126 64 138 51 73 53 117 
6 114 12 116 135 111 30 35 85 70 43 67 117 52 23 102 124 45 20 108 93 110 40 86 34 31 50 87 59 129 139 80 62 32 1 88 10 22 107 145 63 137 142 5 134 133 136 54 96 48 66 90 58 36 4 65 121 138 17 78 29 101 41 9 3 47 49 130 33 13 106 148 140 118 82 25 128 53 77 89 55 64 7 14 99 24 38 61 84 115 103 104 15 143 56 27 18 8 72 73 97 81 76 11 57 123 21 74 131 122 120 127 79 149 126 91 
103 64 140 50 32 97 113 57 133 52 146 66 3 7 51 26 60 21 42 100 148 9 36 56 49 142 47 144 1 149 46 115 114 138 89 127 19 83 23 122 117 125 62 65 11 119 41 39 75 77 8 137 30 25 24 6 88 72 141 109 80 145 74 2 92 17 38 37 63 126 44 107 101 61 84 67 85 48 128 120 136 99 102 73 91 10 134 43 112 27 98 70 104 45 95 59 111 40 15 82 35 33 139 28 79 131 12 14 94 132 
2 50 46 14 139 20 89 37 26 55 57 58 71 101 23 103 38 124 95 112 130 109 87 126 9 120 63 64 100 59 33 45 51 3 99 27 85 43 78 115 25 92 68 81 8 29 105 119 135 18 61 134 98 30 138 54 67 76 19 136 13 123 47 22 17 149 36 127 83 70 97 106 140 118 125 65 66 114 34 35 111 86 108 73 77 11 131 12 121 40 144 56 41 72 132 44 148 128 142 7 48 49 42 117 129 75 1 15 
103 14 19 138 140 59 99 132 53 149 44 93 56 75 117 1 143 122 42 106 7 118 109 76 145 111 101 120 127 23 95 18 6 16 55 39 28 77 26 27 58 64 110 34 84 38 2 13 87 62 129 82 90 10 108 31 63 36 146 45 41 11 48 141 24 89 102 46 142 3 124 133 9 78 74 69 67 65 96 29 86 37 123 35 66 79 148 119 88 17 80 47 32 50 85 54 134 147 112 114 71 94 130 52 21 98 43 57 
57 12 111 72 16 125 9 69 75 25 20 97 136 24 89 150 56 35 80 115 94 87 27 37 34 122 146 85 106 28 47 7 93 114 121 3 48 108 92 81 141 63 76 68 29 17 135 2 124 44 1 117 96 95 131 148 62 88 147 50 46 21 71 98 105 43 60 58 52 132 149 53 90 19 129 59 22 145 70 55 67 139 101 39 51 77 61 65 100 119 91 15 26 109 41 83 86 142 118 4 45 102 140 38 54 79 14 78 84 144 64 120 30 32 128 113 
106 148 52 5 67 96 11 99 102 49 40 139 13 110 16 121 132 36 142 42 84 79 83 100 10 65 32 44 33 51 89 93 133 111 87 12 37 150 39 23 31 57 62 2 88 125 22 17 20 124 98 53 128 78 104 117 138 107 112 1 120 58 136 45 69 94 4 34 101 35 137 38 8 74 135 73 82 131 27 146 70 129 61 56 114 123 72 43 63 80 15 91 19 29 47 115 92 46 25 30 113 105 90 75 126 9 140 
115 48 86 128 52 140 119 129 72 42 74 145 124 39 133 91 31 8 90 13 18 10 56 44 134 120 24 14 49 15 82 127 131 87 6 37 33 54 100 66 109 11 32 148 46 101 98 76 1 26 53 75 19 79 102 92 138 83 111 139 63 122 70 17 94 141 143 30 95 117 80 106 81 71 28 132 29 50 126 57 60 23 113 78 123 61 150 47 55 41 69 77 89 4 110 27 58 7 147 103 118 9 20 112 149 21 
40 125 63 139 72 80 117 148 145 37 147 120 7 77 2 25 43 34 36 45 94 46 95 29 132 118 33 87 53 6 20 114 9 123 78 22 51 44 109 101 59 57 21 48 136 4 128 85 67 14 31 84 60 49 66 13 12 11 143 89 140 116 105 16 1 91 122 8 64 90 131 111 55 88 100 38 23 71 141 15 39 99 115 30 73 35 82 112 32 127 52 124 142 144 86 133 75 150 135 70 3 104 27 76 126 69 
85 80 117 87 132 116 88 76 23 52 135 53 11 126 81 131 134 146 83 137 133 18 72 62 97 40 90 123 86 26 59 95 31 150 22 28 25 105 46 82 13 34 63 84 29 45 147 108 142 73 89 149 140 115 47 144 75 119 111 70 91 5 19 50 24 112 39 125 6 15 61 36 124 98 8 139 55 51 4 48 68 21 14 148 130 118 113 93 60 49 99 136 106 122 30 71 33 7 114 56 20 138 3 67 143 69 145 66 54 141 
50 103 113 146 77 115 135 9 118 78 54 59 16 79 131 88 110 48 71 120 46 150 137 87 144 84 18 99 96 142 65 76 130 4 72 63 138 91 61 43 20 39 90 122 107 57 70 112 15 73 140 145 27 86 106 101 40 34 116 58 56 75 53 32 55 125 6 68 64 45 12 25 11 94 3 119 47 127 121 49 102 149 69 7 139 104 22 14 92 124 82 10 111 93 42 128 83 134 98 123 35 133 51 132 1 23 38 
57 69 2 68 95 4 72 87 58 13 16 5 123 146 52 26 147 75 51 14 65 77 93 54 76 134 6 18 109 136 144 35 25 137 34 44 110 142 53 80 38 88 99 48 79 74 90 100 41 115 73 9 81 105 96 40 83 62 82 22 12 17 122 125 45 3 31 33 42 10 19 24 148 49 129 139 32 84 30 15 71 94 121 128 132 78 143 56 92 66 27 63 46 23 150 67 55 21 89 91 133 113 120 70 114 104 103 36 39 112 
122 73 66 23 6 44 47 35 137 43 106 90 52 7 119 117 128 87 96 58 103 41 99 63 56 1 39 20 124 133 36 75 123 107 141 70 54 146 61 68 19 38 110 140 64 100 34 113 2 69 126 78 74 18 50 92 125 76 116 81 57 31 25 10 46 29 14 105 108 82 5 3 115 60 120 118 77 9 109 37 40 121 98 147 94 12 145 15 65 80 114 86 13 24 51 27 59 143 148 142 138 130 32 135 101 150 127 48 8 55 72 139 21 71 26 136 79 45 
46 62 104 66 56 11 98 47 42 101 16 95 13 125 88 79 146 9 134 15 90 73 107 75 65 81 33 32 51 105 132 114 10 142 67 3 115 120 6 40 145 118 99 18 27 64 53 93 127 14 102 63 77 19 49 117 126 110 48 52 123 50 22 39 124 68 109 34 2 85 78 44 37 130 83 87 70 25 38 1 89 92 72 137 108 150 71 57 113 97 103 43 55 138 106 60 17 5 30 141 76 80 26 36 140 131 96 128 129 121 111 29 119 116 122 24 35 4 
112 143 140 138 99 71 64 116 8 4 142 31 57 91 94 120 107 1 38 23 125 80 121 131 83 87 50 69 133 105 110 149 82 41 93 127 75 124 52 24 117 6 66 72 145 95 44 19 122 2 115 58 67 113 118 55 42 49 12 51 100 128 18 70 9 22 35 147 14 102 10 77 54 37 98 43 89 137 85 97 150 148 79 20 40 114 30 106 129 73 144 13 33 132 90 62 130 146 119 92 123 25 76 3 134 135 59 111 26 28 109 34 29 7 86 11 
116 129 3 118 137 13 74 134 144 103 21 102 82 50 42 119 117 24 57 130 31 86 34 89 139 27 94 105 5 55 79 87 96 19 20 29 123 41 145 17 127 48 56 40 46 38 131 70 11 101 135 25 7 98 72 6 58 113 110 16 108 18 84 43 45 141 32 138 37 15 54 78 2 60 73 47 83 95 68 122 59 10 142 81 132 124 150 52 120 76 99 62 63 143 4 93 8 44 75 147 121 140 49 85 35 112 26 90 51 77 71 91 125 80 92 128 97 149 115 
44 27 122 28 6 111 30 107 99 141 43 31 143 70 147 145 96 126 76 36 65 138 148 132 116 134 92 63 22 121 15 47 112 128 124 133 102 46 54 109 97 51 21 40 136 23 42 87 100 12 69 41 130 58 82 123 118 110 146 88 77 55 73 11 53 80 13 115 103 90 95 137 150 139 24 108 35 26 113 74 60 50 94 72 10 8 29 33 89 149 83 131 91 85 52 39 57 49 140 37 142 7 32 14 56 68 78 4 16 93 19 98 101 114 5 59 71 79 
1 11 28 105 123 103 53 104 38 19 140 147 26 132 7 73 106 93 10 99 42 34 43 54 68 98 75 114 77 81 146 94 139 118 143 57 134 113 60 76 111 14 78 23 95 30 58 40 36 63 112 18 89 65 56 82 17 96 87 37 92 136 24 97 21 15 144 88 67 70 64 141 86 74 115 129 142 29 90 128 107 80 127 44 20 33 130 32 41 22 137 62 110 47 121 39 85 71 46 108 12 119 83 133 49 31 126 59 138 84 48 72 120 124 5 122 8 
125 124 42 146 139 47 29 60 82 107 34 113 27 53 3 63 77 26 46 35 7 22 103 10 57 69 140 52 55 6 80 135 91 56 148 11 109 83 78 84 75 149 79 85 86 116 59 9 123 20 65 31 94 30 101 39 37 76 126 44 81 70 67 43 102 64 90 147 133 62 134 49 54 122 18 96 98 144 4 1 41 100 110 17 21 150 97 104 142 93 112 92 74 95 24 38 141 12 143 138 127 115 15 61 131 71 87 111 50 106 137 19 129 68 66 8 40 58 121 108 
36 60 94 68 15 102 98 32 85 50 9 122 145 23 51 33 108 148 96 71 136 45 58 135 56 64 118 147 48 35 119 3 143 61 67 83 117 113 74 77 14 54 55 5 72 47 100 46 2 115 24 53 128 142 18 25 150 16 107 123 66 84 81 57 38 106 62 138 88 130 109 114 12 42 31 97 90 126 21 131 49 149 80 44 110 99 1 17 30 34 22 121 120 76 65 78 11 41 124 139 91 75 127 52 101 20 7 112 26 129 137 132 92 70 
10 26 30 139 29 146 22 92 87 1 17 58 147 134 13 39 50 6 80 90 47 43 106 8 102 16 19 72 44 24 20 97 118 144 21 18 5 132 123 135 36 126 49 59 83 37 31 116 68 56 114 51 115 42 4 111 57 9 74 7 130 67 11 85 95 100 142 60 12 96 104 145 41 109 140 133 65 32 81 75 79 54 62 113 52 148 107 112 138 99 76 101 48 88 35 91 143 105 33 84 120 93 103 136 77 2 110 23 28 124 45 86 
75 104 150 62 149 111 26 30 42 24 66 124 40 92 10 112 20 106 61 130 110 120 25 116 114 138 136 31 12 23 88 80 123 145 147 70 58 83 63 5 22 125 101 98 126 28 142 9 79 45 139 86 69 27 51 148 54 74 68 105 53 134 36 144 16 90 72 103 57 49 18 93 7 96 133 94 15 38 56 137 81 84 41 64 91 11 118 71 127 55 129 48 109 140 29 34 143 82 128 122 107 146 115 35 77 43 59 46 102 6 73 78 99 8 
56 93 141 29 127 51 121 131 122 87 86 112 142 113 17 137 73 126 80 69 77 60 150 78 109 135 71 70 79 76 4 28 55 140 128 139 59 118 66 41 143 130 16 47 103 110 94 30 106 101 53 36 35 8 6 134 144 24 45 105 136 75 19 15 3 34 125 100 7 18 81 31 12 119 85 26 42 39 111 33 74 116 102 145 98 148 50 68 120 88 46 82 27 2 123 146 21 90 84 43 89 57 63 62 117 114 129 32 11 104 99 95 64 124 61 72 5 10 107 97 67 108 9 132 20 52 83 
39 92 65 47 11 130 137 60 22 36 23 66 140 98 21 37 40 18 141 132 70 19 80 143 131 108 77 100 134 64 97 69 74 110 94 138 139 142 29 129 112 45 6 59 1 128 2 85 8 7 25 146 89 51 32 53 35 136 68 117 149 84 113 76 88 147 38 75 103 127 148 46 120 55 33 9 72 135 17 119 49 109 5 145 42 114 126 34 104 73 95 106 14 87 20 15 101 30 150 44 13 78 57 91 123 111 116 54 144 90 
146 131 14 24 124 39 15 64 4 135 75 120 82 108 133 101 25 88 31 48 122 97 78 40 35 130 65 112 66 46 143 62 118 100 61 81 13 137 21 132 7 83 12 17 149 72 70 58 34 55 33 37 150 71 128 103 38 141 111 113 119 107 29 16 86 129 138 76 139 1 28 136 95 20 11 22 125 8 32 44 91 63 18 104 105 6 80 59 116 67 140 45 60 123 3 73 41 79 94 121 36 98 114 96 117 52 115 50 110 74 51 147 
52 10 82 103 75 115 66 26 47 91 59 35 48 102 100 128 119 86 72 136 9 1 145 129 38 55 106 22 88 127 17 113 126 23 84 67 104 79 60 133 8 124 57 69 101 33 118 99 49 131 5 120 21 109 65 144 148 16 138 97 95 94 134 28 31 36 39 122 121 15 77 19 54 40 81 32 85 140 93 96 6 110 70 73 71 141 7 20 89 34 51 30 111 24 14 92 80 50 139 114 107 61 105 12 11 2 150 146 108 76 137 149 135 116 87 
67 118 134 113 139 72 125 59 41 7 148 126 108 9 83 149 87 93 109 11 16 26 42 60 32 147 143 84 45 18 81 103 86 13 92 117 145 36 15 31 68 73 99 8 25 82 98 97 38 61 123 62 107 77 78 46 58 5 129 69 94 138 124 21 150 52 95 137 48 75 105 85 114 22 14 141 89 20 110 35 66 116 33 29 106 142 144 127 111 34 101 65 51 24 6 130 70 30 54 122 91 64 96 104 131 49 3 23 37 47 90 4 140 135 
100 59 79 135 86 29 106 28 81 111 73 64 82 26 1 74 3 144 105 6 115 102 19 47 56 23 133 94 77 129 4 42 92 5 80 121 37 33 18 76 122 71 101 20 70 136 63 21 150 139 88 116 53 2 44 130 127 61 38 91 132 141 99 146 27 119 15 40 41 113 137 93 112 12 22 57 134 85 17 108 107 66 75 104 114 60 68 39 65 142 110 147 138 124 72 24 52 8 128 14 30 13 
21 94 64 4 124 10 139 72 70 13 115 89 28 143 65 91 26 54 97 83 25 106 63 81 108 128 129 141 33 144 148 90 42 59 137 133 96 80 39 145 114 75 61 74 41 85 121 66 131 44 136 99 71 118 127 35 101 130 47 103 30 8 98 107 73 58 15 138 134 29 2 31 22 147 5 100 20 27 40 24 87 146 119 55 69 1 95 67 149 37 122 23 52 120 12 7 142 135 11 36 14 34 123 62 16 102 49 111 79 82 
13 63 143 150 115 124 103 33 38 83 87 133 127 138 81 31 116 49 130 113 54 73 114 132 4 40 21 79 131 117 43 101 16 55 76 34 98 58 147 82 149 57 145 45 50 66 75 112 20 126 74 36 53 44 107 28 136 85 120 135 86 72 27 6 1 46 9 11 14 22 102 7 78 23 100 15 62 37 137 61 30 139 48 24 52 99 25 141 125 51 134 144 5 104 8 35 91 19 88 41 2 142 56 110 59 
30 109 61 58 39 150 88 124 80 123 96 52 144 112 60 137 50 66 135 10 132 81 43 9 113 47 11 22 79 111 59 42 73 90 95 16 92 38 28 55 94 78 110 23 89 125 1 77 131 14 117 105 116 141 106 143 129 37 82 68 31 19 27 146 148 118 76 33 97 74 149 119 99 121 65 69 6 93 21 115 102 72 120 136 57 122 18 87 2 134 15 91 85 63 4 20 64 44 29 71 107 26 8 25 51 35 127 56 
29 101 147 84 128 103 13 145 137 59 63 17 27 116 11 21 16 78 120 10 8 38 52 85 4 66 5 34 133 112 72 134 46 144 12 25 99 110 9 67 41 102 39 122 95 138 43 56 125 18 94 126 77 60 76 131 140 75 32 150 82 61 127 37 44 96 117 19 69 139 58 31 129 73 97 51 107 124 64 121 132 57 100 88 114 109 136 141 3 53 113 2 135 47 28 86 24 35 54 20 119 98 50 33 71 36 26 70 1 55 142 
104 140 128 109 6 25 10 141 78 31 63 32 86 37 21 59 80 81 27 49 8 116 20 79 124 22 47 88 97 127 137 15 14 67 92 100 40 62 19 150 82 74 147 33 94 7 122 112 110 1 93 42 83 54 69 115 134 23 121 99 102 28 72 113 38 146 133 48 98 143 16 91 68 2 76 108 117 89 107 73 135 17 36 125 139 4 142 105 43 66 101 84 18 96 30 138 149 34 136 
49 85 111 7 146 23 92 29 112 72 43 131 32 83 149 48 30 61 136 73 20 74 31 147 21 116 128 67 114 82 70 125 37 119 3 16 118 100 106 78 66 95 108 110 39 15 8 126 97 84 5 99 127 26 109 124 122 91 105 64 80 47 142 79 24 28 38 144 130 75 2 60 6 33 139 41 27 77 55 93 68 138 89 133 129 52 42 13 18 107 90 53 101 63 65 96 98 59 40 88 9 56 34 44 137 1 145 
111 85 127 51 78 95 20 87 138 89 122 30 104 130 84 149 67 117 59 144 2 136 7 68 139 146 63 102 99 108 126 141 22 77 25 4 74 92 27 11 120 83 113 6 49 97 37 26 100 3 65 132 133 112 17 145 115 48 66 57 147 24 23 43 46 29 137 150 71 5 107 143 129 1 8 86 121 109 18 15 93 88 40 81 91 105 125 80 69 47 13 54 76 53 33 131 75 34 94 140 19 45 124 32 31 142 44 123 72 60 36 73 14 118 38 42 62 
120 135 136 78 139 85 89 40 47 143 22 25 77 49 24 45 129 131 16 109 57 65 110 1 103 73 54 52 29 59 19 118 111 72 41 86 35 126 18 146 36 81 140 11 28 88 13 69 96 6 55 83 61 119 4 92 34 60 128 94 133 113 117 56 2 26 99 7 10 37 87 93 15 27 70 115 124 104 98 64 112 82 39 74 75 95 62 79 76 9 31 14 63 23 51 91 5 121 
19 29 23 34 37 128 58 32 71 123 2 21 113 116 39 53 22 12 108 119 78 115 50 30 43 57 28 90 124 139 141 142 148 59 80 74 36 143 97 41 44 110 92 72 118 107 6 61 84 15 98 79 68 82 130 101 103 95 33 62 46 49 150 137 11 47 77 132 129 9 83 64 89 94 8 120 126 147 146 16 55 60 109 138 25 86 38 73 127 91 65 17 104 121 144 145 114 66 87 10 76 18 14 136 117 106 67 35 135 125 102 7 52 100 5 131 13 27 63 
75 37 17 108 64 86 9 16 60 72 49 150 11 18 19 112 131 58 141 120 83 132 57 87 113 90 47 115 142 31 69 124 62 32 30 92 96 107 43 123 59 130 67 5 74 8 93 33 56 125 79 100 129 135 65 122 71 77 147 85 10 82 88 54 28 40 104 91 105 13 63 7 140 21 128 23 136 148 102 97 36 42 106 51 134 27 76 139 78 2 26 101 95 61 133 99 119 138 103 137 143 146 117 118 12 149 25 41 114 22 144 127 68 80 109 48 110 46 34 53 29 39 
103 131 94 132 134 100 140 24 92 48 93 36 65 136 1 97 120 116 95 119 18 110 139 25 98 38 45 148 57 147 96 55 34 27 51 142 14 114 144 23 29 82 12 74 112 133 88 11 19 113 127 30 37 63 135 21 39 108 58 99 10 107 7 22 145 5 9 84 31 64 102 123 40 128 91 8 13 79 3 141 117 17 124 125 71 89 69 49 85 87 6 20 106 150 137 53 28 121 111 83 122 33 104 47 35 105 129 109 75 72 70 4 
123 138 139 117 43 6 150 48 105 129 96 55 64 108 134 125 38 127 141 76 26 145 133 11 118 32 53 9 148 80 22 103 142 88 28 73 67 33 81 74 128 86 24 63 106 124 130 101 144 95 36 77 10 91 87 114 83 1 102 13 25 19 52 135 31 69 30 45 121 116 98 41 2 146 62 71 136 147 72 40 89 120 49 21 107 17 82 35 58 4 54 12 18 14 140 84 111 5 56 37 100 23 90 34 132 113 94 143 104 47 79 20 99 39 29 66 65 
60 144 66 120 24 132 143 110 14 99 28 128 8 1 140 98 18 37 135 62 92 104 55 130 70 7 39 101 142 16 124 38 126 30 148 80 89 17 107 85 6 84 61 114 46 131 56 90 145 111 87 36 19 44 33 32 116 115 129 117 81 96 48 150 149 72 71 127 47 139 86 105 63 138 97 121 69 88 21 12 23 112 49 118 113 100 67 83 73 57 11 106 59 29 125 94 147 119 13 54 141 34 134 78 91 133 15 4 136 25 42 82 35 22 
48 72 79 128 51 60 80 41 14 23 134 12 76 61 30 16 119 135 142 78 2 114 20 8 64 147 127 44 32 133 112 140 42 34 110 54 38 129 33 137 85 21 125 149 27 93 109 18 138 22 91 47 87 15 90 49 71 19 3 106 28 116 39 77 46 99 81 66 105 124 35 98 104 136 10 97 53 55 67 26 92 131 122 36 101 40 120 43 102 145 107 65 132 123 45 84 63 58 73 68 17 103 96 52 50 143 100 117 126 121 70 9 
116 146 83 84 38 55 125 86 150 66 2 7 52 8 40 10 113 70 36 54 97 45 103 82 61 76 93 126 122 110 59 25 118 133 42 3 20 102 69 63 71 78 141 43 105 123 49 127 11 72 131 148 51 121 30 12 138 17 1 18 89 88 68 129 44 73 92 85 112 53 79 27 64 9 23 58 34 91 77 41 142 115 135 35 15 137 37 6 136 31 26 130 13 33 67 107 48 104 140 139 5 100 81 80 108 145 132 147 
108 99 93 78 141 44 13 87 122 43 132 53 36 5 62 143 118 21 100 69 67 40 129 49 86 82 3 131 144 6 64 65 70 125 66 58 146 27 76 120 136 81 92 28 25 60 104 84 68 46 24 103 19 107 63 16 140 105 8 145 71 47 30 4 121 110 97 115 114 147 55 111 119 124 73 20 42 14 85 15 96 72 90 37 91 112 51 54 130 59 148 12 23 10 127 116 11 45 83 39 117 7 74 80 150 95 89 88 113 17 101 106 149 126 48 
33 37 130 96 87 103 39 95 84 66 64 108 111 27 68 5 53 20 80 73 57 92 32 44 72 77 90 102 147 143 100 35 9 124 141 22 128 42 117 74 31 58 109 125 3 7 36 55 50 83 134 93 54 127 122 88 135 13 126 38 144 118 148 94 19 86 120 14 46 6 11 24 131 79 29 52 47 23 4 15 129 133 104 40 17 61 142 71 145 76 75 63 116 140 137 18 99 106 138 
28 120 17 112 74 10 68 23 88 20 26 46 139 45 129 101 81 57 109 60 55 91 126 92 106 25 76 89 124 27 49 73 35 105 144 66 53 58 116 135 24 14 47 75 150 42 97 56 30 8 34 141 98 29 86 138 15 95 19 131 61 22 114 118 52 132 84 108 12 103 3 127 9 119 70 90 115 125 11 51 40 33 2 59 82 71 36 121 85 65 130 48 80 54 148 6 123 147 50 102 117 104 122 7 39 1 21 134 31 140 72 64 62 5 
141 46 123 19 93 109 125 111 105 11 71 1 122 10 135 115 59 4 41 145 77 76 63 60 124 17 2 39 73 81 117 82 138 96 140 139 87 49 45 3 32 16 28 6 113 30 55 22 133 40 23 99 129 35 31 72 66 53 97 65 106 118 107 56 80 119 130 13 62 51 121 75 18 112 90 110 44 101 12 128 48 91 149 79 20 143 74 21 89 42 108 54 5 104 134 137 88 26 57 148 95 102 120 146 14 61 78 37 36 86 70 142 
114 116 53 74 109 3 48 43 140 73 129 126 29 63 128 21 41 14 45 19 89 93 54 82 106 94 67 37 42 104 141 36 144 80 133 12 127 7 31 38 24 103 44 64 105 88 132 51 15 75 46 23 111 115 138 71 56 150 59 149 30 125 124 86 107 97 79 145 139 2 92 70 69 119 13 18 10 99 52 81 121 61 57 28 17 84 87 91 148 134 135 131 68 122 20 34 11 100 147 76 8 55 137 78 142 95 35 118 136 130 22 1 16 143 
121 67 134 117 71 36 94 88 74 79 63 90 46 52 142 20 124 39 115 60 59 61 149 144 137 113 1 54 37 16 8 9 86 44 129 114 4 58 47 109 127 122 92 11 32 45 17 136 131 19 120 6 72 102 68 118 150 83 100 82 31 99 107 75 64 147 57 143 7 108 111 104 18 25 135 76 105 69 77 10 42 2 91 138 50 106 141 140 48 30 43 96 130 51 70 133 116 80 41 5 26 27 22 49 139 145 14 87 3 21 98 89 29 95 62 81 40 148 132 
94 148 122 66 10 54 20 55 61 146 117 6 74 8 73 16 95 85 121 57 144 108 110 143 14 44 27 65 145 13 137 130 24 135 139 9 133 60 142 119 15 46 52 35 21 37 107 97 5 88 78 23 86 90 32 18 147 70 91 98 77 42 104 38 126 43 1 149 36 106 112 125 114 118 31 89 3 19 26 134 102 71 59 124 58 4 82 51 22 103 17 68 96 101 105 136 111 81 150 141 49 116 76 40 29 50 83 
61 39 117 99 112 55 71 18 103 1 139 83 97 65 141 150 126 149 41 37 132 6 80 91 127 116 125 76 62 77 5 29 114 35 104 95 50 54 4 17 73 27 14 3 118 138 137 128 23 98 96 110 85 82 63 60 148 113 16 136 133 34 45 119 51 90 21 107 52 13 106 140 11 44 2 102 105 38 33 15 59 48 129 40 28 69 31 122 130 78 75 121 134 94 81 67 145 66 100 70 79 144 36 101 124 30 111 92 
65 48 73 24 29 117 109 46 70 3 146 123 106 66 53 12 124 10 148 44 26 125 78 16 102 116 138 7 92 143 50 17 58 97 87 96 22 55 43 49 135 32 4 8 100 82 88 68 23 79 139 72 39 107 142 133 71 80 91 15 27 61 140 1 40 34 89 99 57 60 75 130 41 28 104 6 77 36 132 56 83 52 122 74 13 136 25 119 118 108 86 81 98 105 94 103 30 134 113 145 
76 104 90 106 42 133 85 82 24 93 129 96 16 51 73 53 65 89 26 33 139 146 32 23 119 144 122 118 71 83 114 81 149 123 130 1 44 17 66 59 46 28 63 126 67 3 27 115 127 39 45 14 109 30 75 142 87 88 5 56 37 31 116 111 136 78 97 25 58 7 36 124 18 35 132 64 60 43 69 100 74 40 121 68 95 21 110 41 49 4 145 20 29 15 34 6 143 147 108 117 61 11 19 137 80 141 135 86 125 
98 102 17 83 56 55 68 22 89 122 70 54 11 103 92 46 137 30 37 91 96 16 130 114 145 33 85 107 115 139 18 87 34 128 93 123 66 95 59 142 108 57 43 94 62 104 129 132 111 31 9 69 21 76 106 82 99 61 42 117 40 27 72 120 100 48 28 75 73 2 14 52 119 86 39 25 6 127 65 143 23 36 150 7 88 67 10 138 26 80 105 35 148 58 49 4 110 64 113 63 32 101 146 77 29 12 90 109 60 45 131 147 112 135 
95 58 7 104 48 142 14 81 121 118 19 117 50 76 131 88 38 66 40 146 59 133 49 54 135 136 128 111 25 44 61 107 94 62 37 5 32 85 92 52 71 100 56 139 43 41 53 138 83 96 42 75 144 63 127 10 30 109 123 125 108 97 21 45 86 57 18 77 39 64 143 148 24 29 55 105 60 140 69 23 115 126 20 99 150 13 80 110 93 35 31 98 34 101 28 119 147 84 145 46 130 141 33 74 8 134 15 26 82 120 87 47 137 9 90 51 114 3 124 129 27 
33 126 99 61 32 21 40 41 63 64 147 2 65 145 106 59 127 34 29 43 3 134 108 74 49 113 47 60 125 140 18 101 75 17 42 120 138 135 128 112 70 46 20 45 118 96 52 5 13 50 7 129 104 119 105 121 88 78 10 48 28 133 71 12 85 69 92 30 82 93 26 1 148 39 84 91 44 27 57 11 122 31 79 83 24 102 6 130 90 15 150 8 114 67 132 51 137 139 68 115 117 81 54 19 62 109 35 58 80 53 143 16 
53 127 15 25 50 121 86 143 4 8 95 103 129 41 24 78 39 29 122 135 77 62 139 80 54 47 55 40 13 107 19 6 36 100 45 140 20 17 84 10 3 101 56 72 146 90 73 124 144 132 85 1 148 133 63 75 98 64 93 137 92 66 87 110 125 65 142 96 134 61 83 108 91 70 52 48 34 112 7 35 76 14 51 16 81 106 37 113 115 67 11 12 131 22 123 116 33 42 82 69 18 38 30 120 46 57 111 105 99 117 109 147 136 114 79 
109 114 123 121 51 35 37 49 102 25 31 138 89 118 125 69 144 53 22 129 93 115 126 45 56 101 104 73 38 131 3 143 28 47 137 91 136 68 78 130 10 140 43 1 122 86 33 32 142 94 74 146 87 15 90 5 92 103 147 83 108 64 107 12 52 40 9 111 149 23 82 39 11 27 8 79 65 18 95 117 29 30 85 26 55 6 100 127 20 112 21 148 24 70 71 66 41 84 72 44 77 81 133 110 42 135 46 4 76 134 36 63 62 
70 11 80 81 57 149 136 40 117 28 36 3 74 96 53 72 139 55 7 66 1 138 29 132 52 27 6 146 65 32 84 112 54 21 33 34 31 19 9 147 26 93 142 42 128 109 137 49 60 30 8 92 94 5 68 59 18 145 64 118 106 88 131 25 61 87 12 37 113 125 14 104 101 127 17 102 120 134 22 124 140 144 122 129 114 63 43 38 47 75 48 91 95 116 50 119 115 23 78 16 10 141 35 108 62 71 133 98 90 143 86 45 100 67 111 41 77 
49 142 148 82 78 59 113 60 123 149 15 40 106 55 83 125 109 37 84 36 30 19 86 66 115 108 43 139 72 38 110 121 34 80 26 45 122 135 69 48 131 5 114 75 94 146 79 21 100 150 6 52 51 137 12 1 74 62 20 57 9 89 85 97 103 76 7 54 138 10 140 31 23 107 130 33 35 144 95 93 112 129 29 92 105 39 53 25 32 104 13 44 128 64 147 22 17 71 67 87 111 120 41 28 90 145 68 98 2 
123 40 34 64 137 80 28 85 111 18 150 48 97 126 37 106 110 68 50 55 89 87 147 36 11 7 26 39 127 138 108 93 145 100 95 77 70 94 9 49 33 99 19 15 82 140 44 86 122 69 134 52 3 61 31 23 92 21 130 6 24 12 91 124 135 51 14 120 42 79 76 113 83 143 53 73 67 30 54 131 129 103 58 96 90 5 142 116 146 2 25 132 102 125 112 109 29 105 41 8 59 119 144 65 121 115 47 88 84 128 60 136 74 139 75 35 107 22 
39 111 83 6 150 93 102 46 128 101 147 22 135 16 107 145 146 43 104 64 38 50 74 69 4 55 90 115 28 84 142 7 140 139 47 100 30 25 114 10 3 91 138 82 125 89 48 68 62 9 14 31 13 109 42 56 103 75 123 116 105 54 66 8 73 113 20 112 80 77 88 143 57 40 18 33 36 29 51 85 53 86 92 45 23 98 148 120 17 117 97 134 130 87 65 32 24 121 96 60 19 132 78 108 119 59 126 137 34 
55 52 48 140 45 36 68 32 89 34 37 144 20 3 38 81 136 30 74 128 14 135 66 18 115 65 79 60 29 10 139 125 97 132 92 143 1 99 121 150 90 33 131 86 78 35 134 88 104 73 70 22 42 111 24 141 76 9 27 31 25 54 124 142 93 19 12 57 123 94 100 107 41 146 69 112 127 61 95 51 119 109 15 63 110 129 85 72 62 16 113 4 83 58 64 103 50 82 59 40 7 39 71 84 46 96 13 138 23 120 26 43 106 17 102 101 77 
43 119 76 100 150 31 15 45 127 70 66 6 104 136 74 40 83 134 98 80 19 108 116 42 139 106 132 117 12 145 7 61 138 10 110 5 101 69 16 38 125 141 25 88 14 65 47 112 87 86 121 21 23 50 115 142 135 57 128 94 91 68 27 137 146 35 72 107 131 11 85 130 33 75 8 46 18 3 82 30 13 29 118 113 39 2 67 4 93 126 53 58 84 99 109 64 73 123 36 63 90 52 37 140 44 59 124 147 48 60 120 149 
1 17 67 71 98 77 58 101 123 119 4 40 147 125 48 97 24 13 115 2 110 57 73 112 3 39 90 127 60 30 25 141 81 12 20 84 128 53 46 54 28 117 79 95 56 68 36 45 91 94 142 51 6 85 102 63 64 55 9 15 148 22 61 32 35 93 47 78 136 87 108 114 66 139 44 100 70 143 99 129 92 130 124 133 33 49 34 43 118 145 121 50 88 80 135 105 18 29 83 132 104 26 111 107 122 42 5 65 19 113 106 72 86 69 74 75 27 10 
102 141 40 58 86 131 46 143 25 51 82 57 18 100 128 138 94 9 31 8 36 149 123 124 92 21 74 104 106 52 7 99 62 42 70 72 20 98 109 35 15 112 47 88 81 103 150 60 54 133 95 87 105 147 75 78 23 55 24 16 113 93 66 101 134 107 126 121 37 61 118 129 39 115 68 148 73 69 50 79 34 38 10 89 142 110 12 67 85 130 91 13 80 114 32 122 4 29 53 139 44 56 127 140 28 77 135 71 144 27 14 33 
116 8 122 85 147 38 23 109 107 61 130 79 117 75 57 81 149 120 29 90 80 82 43 113 40 65 148 104 94 125 139 33 60 5 6 137 95 141 72 73 74 52 39 92 20 126 22 131 143 16 76 26 87 19 101 77 1 13 127 12 37 51 150 24 115 136 50 135 142 112 97 3 9 10 106 86 133 49 62 7 146 129 63 28 41 56 58 91 102 14 111 140 114 27 44 35 99 105 96 36 78 89 54 93 144 110 15 59 98 
134 111 141 56 18 109 46 81 1 4 59 124 47 113 88 100 96 147 80 60 11 45 130 121 70 53 20 37 135 16 34 75 32 38 82 92 23 131 77 40 140 127 89 17 48 55 19 33 102 138 67 107 21 31 78 148 87 132 52 71 73 12 41 44 79 103 110 2 84 83 35 115 74 112 51 139 117 49 27 14 146 43 22 143 3 61 94 145 137 97 63 91 114 68 108 13 120 90 104 26 119 116 7 144 36 72 58 8 
52 23 127 7 42 36 72 140 137 123 111 117 93 125 9 69 96 107 87 80 108 150 14 4 112 97 114 89 71 82 103 6 91 109 18 26 146 147 148 77 32 110 70 11 130 2 62 84 45 63 10 126 144 104 50 75 22 120 60 102 1 61 119 38 66 118 47 138 81 64 135 78 43 115 25 90 53 27 99 40 100 129 65 83 139 35 19 145 142 141 95 15 28 133 106 54 136 58 94 49 57 8 67 76 74 12 55 21 92 98 79 30 143 39 44 128 116 121 33 
17 9 56 53 94 93 3 46 23 74 57 84 15 54 134 36 48 41 114 44 18 52 29 65 97 103 59 16 8 22 33 82 150 31 13 27 124 135 90 96 148 26 7 139 133 2 25 88 47 30 58 143 109 98 55 130 34 142 64 118 61 69 24 76 35 126 77 32 6 101 145 4 110 62 132 72 21 121 86 138 66 40 144 108 137 75 106 147 28 104 146 43 107 78 5 81 19 113 112 14 92 38 129 105 79 83 85 89 122 149 100 71 70 111 
113 18 72 103 119 20 62 111 53 71 60 85 133 50 12 123 66 94 8 2 81 40 42 124 37 149 28 105 34 106 134 45 43 76 109 98 143 112 121 140 139 107 128 102 144 150 47 138 7 52 146 99 16 73 100 63 64 78 69 83 49 15 104 126 38 22 23 90 27 122 148 127 6 14 67 1 118 92 29 48 26 79 31 19 13 56 82 131 65 108 120 70 17 93 5 110 115 55 3 87 80 58 51 91 135 57 142 35 10 130 125 132 114 41 116 61 39 24 
128 16 27 133 90 69 148 23 132 91 10 93 109 117 53 100 78 67 149 48 144 25 19 80 24 33 9 46 83 120 43 40 21 11 122 56 58 1 92 22 66 85 13 94 77 6 135 111 95 64 142 84 34 87 102 99 44 4 15 70 71 138 54 31 121 32 7 130 118 57 124 63 8 104 112 12 2 123 115 137 41 20 52 61 75 86 50 51 131 126 145 139 105 14 108 5 35 141 65 26 79 125 18 127 29 96 119 140 150 129 60 103 113 
126 92 8 149 114 78 54 34 74 40 148 77 85 87 94 63 75 67 35 3 55 133 23 25 38 28 146 57 46 44 68 22 127 18 109 51 131 108 122 71 134 98 97 62 125 121 115 59 142 26 76 7 72 111 143 48 19 89 130 84 105 33 79 61 102 93 1 96 139 140 70 147 14 37 80 12 64 27 13 73 10 116 32 120 119 137 124 129 58 150 66 30 82 41 112 5 81 88 95 29 103 36 138 100 31 86 118 106 39 24 107 
34 85 79 59 38 141 131 83 33 112 96 114 98 148 19 129 81 1 10 69 63 74 71 2 52 73 75 147 46 115 117 45 29 50 118 5 103 133 137 82 39 97 143 89 47 140 108 44 122 123 149 60 53 58 54 144 106 107 125 130 32 121 57 25 23 86 101 9 93 11 68 99 127 76 42 119 142 110 41 48 20 13 66 84 15 26 95 124 36 111 78 28 132 27 12 43 65 61 138 116 37 24 8 6 56 64 100 18 88 51 55 4 105 67 135 
38 128 89 52 8 118 36 50 66 1 149 102 69 62 142 144 83 35 61 111 39 68 72 147 80 114 136 90 120 100 43 34 76 133 59 23 129 105 125 3 65 21 41 143 115 110 121 87 30 137 150 75 101 28 127 132 29 97 138 103 148 25 82 94 123 130 56 119 48 37 44 112 63 6 73 33 15 32 96 58 11 141 126 86 85 88 45 79 104 10 16 51 20 74 54 117 24 18 60 95 146 31 53 84 78 98 71 55 2 108 107 7 17 122 77 134 
18 118 55 38 97 34 126 59 82 119 5 130 31 72 81 56 99 9 48 76 78 106 101 88 22 39 129 91 128 105 144 3 50 133 70 143 135 71 12 131 116 87 115 147 52 19 117 40 7 74 24 112 148 35 150 109 73 77 10 145 6 53 108 90 96 136 142 98 84 17 2 94 61 100 141 124 89 102 43 32 146 8 138 80 120 140 137 51 132 111 45 149 15 134 64 36 11 33 44 114 60 29 27 83 75 23 79 127 65 16 13 104 62 28 86 
78 106 34 11 35 39 148 32 75 6 115 130 62 113 71 52 116 126 57 125 14 121 2 66 17 150 26 128 40 101 45 67 43 119 83 102 48 69 68 72 81 89 18 100 12 133 124 76 138 54 44 37 56 49 82 87 20 111 110 65 10 7 24 23 22 131 33 117 28 36 42 30 41 134 25 58 53 137 90 29 84 141 50 143 120 123 146 93 103 135 86 85 15 46 13 104 96 129 99 105 92 77 80 8 97 144 88 112 145 3 149 147 
35 1 62 129 68 96 123 51 113 44 66 42 15 115 97 61 130 143 106 109 64 146 108 102 63 78 4 136 12 27 138 70 65 76 117 17 131 110 20 89 23 31 54 56 83 107 33 118 6 32 100 26 49 126 148 21 116 104 90 133 40 82 132 53 74 75 41 142 77 114 8 98 46 11 67 29 125 124 3 80 7 43 105 14 25 13 141 72 121 99 86 134 139 120 9 71 22 34 91 18 57 112 103 84 55 52 128 145 92 38 48 36 
126 148 131 66 117 105 9 94 128 140 124 80 67 57 8 118 37 5 51 119 100 84 102 104 49 91 93 121 120 6 130 90 86 72 42 16 59 144 43 143 142 2 87 74 55 92 69 7 123 12 150 34 111 78 95 147 116 133 1 137 79 24 99 73 33 141 39 46 11 23 70 61 89 146 135 29 18 134 31 30 22 38 44 136 56 132 35 48 19 53 106 85 145 17 115 101 129 125 58 64 50 127 71 13 14 28 36 68 10 112 62 76 4 
102 84 44 120 72 117 101 144 54 86 49 42 70 16 109 105 17 41 13 100 37 67 98 55 92 107 14 95 135 9 60 87 65 82 150 46 48 141 2 6 56 69 15 115 33 80 140 52 138 59 143 103 63 121 58 94 112 79 18 36 61 116 113 108 106 1 40 136 51 34 20 130 125 99 93 128 85 21 43 35 91 147 124 119 8 19 31 78 38 134 68 129 23 110 139 10 27 50 64 32 77 90 
10 103 20 125 69 47 97 39 68 144 137 115 99 36 13 124 71 83 113 139 95 54 33 1 74 17 3 147 44 76 90 88 23 72 81 146 143 106 42 86 127 66 5 30 129 120 40 16 148 92 31 2 128 112 63 138 28 116 79 15 145 77 110 32 53 109 51 57 140 34 130 21 102 22 149 25 87 104 142 58 108 18 27 114 49 118 82 11 111 131 93 126 91 46 8 14 132 24 59 107 67 35 4 50 41 37 135 56 7 84 121 136 
141 109 142 125 82 37 68 91 96 119 134 32 53 29 100 94 12 51 107 101 35 123 20 140 128 93 102 80 81 121 84 44 56 19 129 38 31 108 8 40 89 45 47 115 46 137 74 78 66 50 34 15 131 72 39 57 145 55 59 73 98 28 16 97 124 112 48 143 110 64 27 14 104 6 139 126 5 18 113 26 148 65 117 149 24 136 43 116 69 58 95 150 122 88 111 106 49 22 71 144 17 10 21 61 4 132 86 146 52 30 83 1 9 130 118 33 62 135 7 
70 36 76 2 124 143 145 111 122 68 7 29 66 47 114 109 88 142 140 16 30 120 90 97 106 77 116 43 130 4 89 72 10 65 56 121 58 110 18 78 49 112 71 79 86 21 52 50 119 138 13 144 11 85 147 135 55 94 69 32 83 87 81 141 118 139 57 54 20 23 91 61 115 41 42 34 107 9 60 113 46 150 149 128 26 24 136 82 123 74 127 15 129 99 45 25 37 92 12 59 40 96 51 62 80 75 17 95 93 117 148 38 8 
50 82 19 36 33 134 112 137 141 122 67 110 131 31 5 99 25 54 28 42 121 40 39 38 94 145 142 146 114 116 80 23 84 124 49 44 87 8 46 12 51 43 4 138 68 11 37 132 130 133 104 13 147 9 21 92 6 129 149 17 72 41 144 45 117 61 75 14 108 106 1 79 26 63 2 30 7 93 109 73 24 64 91 74 57 125 97 20 96 118 123 59 76 81 136 139 103 58 126 55 34 47 113 71 16 105 22 140 83 127 102 
60 149 18 85 45 10 89 7 71 79 31 20 8 23 86 59 36 5 142 140 13 50 121 47 1 38 143 138 124 37 134 12 116 93 62 11 90 25 17 16 24 150 96 56 97 40 136 3 95 106 67 92 28 33 63 66 22 15 80 64 146 131 32 139 103 147 39 83 54 137 57 135 43 123 94 129 148 122 69 104 84 98 48 19 6 76 145 49 141 119 73 78 99 68 46 2 108 34 14 75 101 52 88 82 117 55 118 
14 91 145 65 69 129 38 114 1 29 107 108 59 117 34 135 31 53 95 106 30 105 55 35 22 17 62 131 109 54 10 40 94 13 7 98 78 92 150 125 18 142 71 5 2 148 4 126 149 41 85 19 86 74 132 20 43 42 60 118 28 111 25 75 57 36 88 123 89 56 67 136 68 124 133 3 87 44 144 121 122 12 90 102 83 6 147 79 130 33 46 16 15 120 77 101 47 61 49 39 63 11 97 80 143 21 119 9 
67 131 113 79 3 31 12 75 105 18 141 44 118 7 52 149 19 2 5 24 117 132 39 63 85 99 10 60 98 120 110 35 29 61 64 107 95 135 145 57 47 130 88 102 58 119 87 26 50 96 139 68 62 28 8 77 69 73 36 76 56 94 123 83 121 108 1 71 9 53 92 43 66 4 125 42 84 137 148 17 41 38 82 140 93 147 45 89 112 70 54 40 65 86 144 59 80 101 55 134 133 142 20 115 128 111 72 81 106 
88 74 114 140 144 60 44 115 40 93 148 118 35 48 27 108 23 65 124 67 82 72 134 94 147 8 38 101 150 73 138 57 84 50 145 120 51 83 5 103 4 64 137 43 3 55 126 77 29 31 117 10 130 128 79 69 149 42 66 111 1 39 92 17 132 95 33 63 30 123 9 11 7 106 21 96 52 136 112 107 122 12 125 87 71 45 56 32 26 68 58 97 61 104 113 135 59 121 116 13 89 24 91 2 15 78 142 90 146 131 14 119 
12 119 108 1 86 118 68 98 146 82 81 59 18 66 99 48 70 136 46 57 129 40 134 114 15 112 102 128 37 103 131 71 45 94 123 36 91 121 21 100 127 116 30 148 63 83 2 117 19 95 97 135 24 61 147 120 76 87 4 22 93 55 101 104 90 44 115 143 32 39 80 25 13 14 110 11 67 56 105 51 141 64 41 138 65 62 78 43 10 8 74 77 35 88 124 73 132 140 125 5 142 137 133 17 31 6 126 84 27 107 96 69 130 23 9 54 58 38 28 
46 43 44 110 61 91 45 67 134 28 37 49 65 1 86 50 34 136 138 20 39 121 118 140 82 84 3 150 4 48 137 147 38 122 108 98 117 149 105 109 69 13 15 24 97 55 128 116 87 99 52 19 129 5 132 77 111 144 18 64 14 68 11 81 85 119 32 57 6 47 7 106 114 40 131 104 112 36 66 56 12 83 35 75 79 42 88 141 59 74 10 100 58 103 71 148 92 80 16 9 133 90 51 72 135 95 113 60 78 31 139 30 17 54 8 
44 76 115 63 42 22 119 134 98 102 87 30 36 106 99 67 127 11 64 101 50 34 105 138 111 40 6 121 137 122 147 23 110 55 16 73 129 46 93 19 61 21 33 15 118 72 35 139 92 95 81 71 43 132 31 13 85 128 8 12 52 124 130 51 107 103 60 56 45 114 2 90 7 86 109 14 82 78 89 27 41 18 97 117 3 75 4 69 104 136 57 54 112 62 1 91 77 9 70 131 120 135 126 17 74 5 145 88 37 79 66 
59 15 76 40 86 132 36 62 120 23 9 52 16 124 34 73 50 70 115 26 14 8 116 99 31 77 17 51 131 142 144 39 38 74 88 66 55 7 93 107 63 48 75 121 10 119 149 140 101 111 71 108 100 4 1 89 20 98 95 32 56 69 78 54 37 5 80 22 44 13 137 83 112 113 130 114 143 64 79 123 85 49 30 84 103 127 43 65 25 72 53 150 97 21 134 41 29 81 3 87 148 145 117 129 90 
19 122 100 80 85 119 70 133 126 92 34 132 138 64 35 25 82 32 91 75 56 88 47 48 1 150 135 114 33 142 74 116 4 31 13 98 24 99 49 51 2 44 71 123 41 129 54 120 106 68 84 127 59 140 61 11 97 148 107 14 113 94 53 5 30 60 141 72 124 67 117 130 134 37 38 137 45 55 121 81 36 118 77 95 87 28 40 149 139 43 39 86 22 104 10 50 143 42 108 7 136 101 6 58 29 83 78 
68 28 126 10 146 44 118 23 108 21 88 85 75 74 134 76 14 20 15 87 67 90 57 143 41 61 109 78 107 36 147 132 51 138 42 71 62 127 145 130 1 26 52 141 117 92 43 140 11 133 56 65 91 80 150 17 124 120 105 7 89 135 139 82 34 2 45 104 66 4 94 64 79 53 121 100 148 39 70 136 27 98 84 113 31 103 72 40 125 77 24 46 115 144 142 128 35 22 25 32 58 96 38 86 99 114 19 48 93 
59 96 94 117 114 97 17 42 5 128 49 143 93 135 22 109 108 99 137 52 41 71 75 95 140 38 86 45 90 101 28 89 25 104 124 85 81 63 148 91 136 35 55 106 8 92 37 76 120 29 27 139 53 14 127 146 88 84 20 73 147 141 98 138 26 79 7 74 36 107 150 87 125 24 21 83 77 56 33 1 121 134 64 105 32 100 132 51 34 82 113 13 40 60 2 129 130 68 61 80 12 78 47 126 119 67 11 48 116 118 10 39 58 50 
122 74 29 104 34 77 119 128 61 41 49 147 141 16 71 127 60 38 43 36 50 101 111 87 121 89 27 57 78 135 88 126 140 2 120 66 145 109 82 83 7 6 133 1 68 79 54 40 112 123 64 11 114 13 24 73 146 42 48 100 85 76 17 148 30 56 4 25 5 32 110 143 47 33 144 55 129 98 8 15 18 14 95 97 137 139 58 105 31 94 99 81 23 53 45 52 136 84 134 35 117 80 44 107 3 20 28 69 37 
126 113 34 121 98 101 127 6 76 4 45 26 24 61 109 146 88 41 93 86 42 15 65 79 73 137 85 107 29 139 77 147 95 51 118 21 103 55 20 72 47 138 43 91 115 144 105 129 106 31 124 131 19 108 92 35 75 1 9 100 133 135 14 134 110 39 2 130 141 12 27 40 82 143 32 83 117 136 66 10 63 22 68 23 58 70 122 54 112 67 3 148 74 38 119 84 87 125 142 71 57 56 149 90 44 30 49 111 59 46 37 
84 33 126 92 149 75 76 79 83 91 125 132 29 36 18 82 133 86 138 142 60 96 42 109 81 80 37 136 15 53 35 120 146 119 74 25 61 117 54 147 55 71 78 43 150 94 23 88 47 116 26 24 20 31 7 100 28 64 10 32 45 123 65 93 14 98 48 50 99 124 63 27 66 8 131 95 70 105 73 137 85 90 129 111 39 128 72 114 140 38 19 77 122 17 12 106 46 34 97 30 3 58 89 141 21 108 121 52 135 104 
19 139 91 138 88 98 17 131 33 54 56 81 62 70 142 93 101 100 68 69 65 125 115 105 102 95 96 11 122 61 7 31 58 28 117 107 8 149 40 109 97 137 74 85 43 39 99 48 110 27 6 45 51 1 38 127 12 49 126 76 26 44 57 140 59 130 10 129 84 42 50 3 112 86 66 79 41 78 94 90 16 60 123 67 4 18 36 145 32 2 147 144 34 63 106 30 150 47 
106 95 33 50 6 76 142 17 1 64 44 52 69 67 41 140 134 138 86 150 102 4 133 107 136 135 103 96 75 57 108 22 2 84 124 127 13 23 31 74 143 16 139 111 100 56 62 92 131 148 123 97 115 47 37 137 109 99 118 53 105 21 59 63 66 15 112 20 73 81 125 70 3 68 89 5 120 104 114 24 58 48 7 25 8 27 85 9 147 149 91 82 32 144 54 42 141 146 116 113 49 18 110 101 93 71 12 55 61 26 79 128 94 19 40 30 121 145 132 72 
16 15 96 107 70 12 67 39 135 88 130 65 6 42 129 44 138 125 11 100 119 48 136 68 30 146 106 25 133 52 137 43 81 55 105 58 26 21 98 64 111 63 19 102 35 134 10 37 28 147 4 46 54 17 92 86 99 112 114 9 32 27 87 51 82 40 122 132 91 34 14 69 31 141 23 8 61 72 57 95 90 123 38 73 117 104 101 3 76 62 89 139 22 33 110 75 120 126 60 53 145 150 108 127 83 93 103 66 
89 49 48 148 64 88 31 147 86 90 134 78 102 81 35 23 68 91 20 150 14 97 143 99 85 96 80 121 67 27 58 61 17 33 59 135 105 82 42 128 137 125 112 103 110 114 79 106 145 6 53 136 120 124 11 138 139 54 32 130 25 5 107 69 22 100 40 108 41 1 8 37 15 51 104 132 122 118 2 146 70 46 76 16 72 63 21 115 43 45 113 109 9 30 133 55 123 94 92 73 93 142 149 65 28 56 71 141 
147 113 128 86 97 80 72 125 28 94 98 47 84 66 25 61 89 104 136 32 41 30 100 142 52 122 141 129 15 73 59 20 95 1 105 46 19 106 57 81 133 58 21 48 135 111 49 76 23 17 43 31 96 54 108 139 93 29 77 63 150 4 9 42 55 117 8 6 92 5 64 7 3 130 110 74 90 12 38 78 118 37 127 2 144 109 148 143 88 112 40 85 134 71 24 115 39 56 103 22 35 119 146 123 62 137 33 13 53 140 79 26 
119 124 57 125 111 8 40 46 42 79 127 85 96 9 61 136 110 92 140 30 34 97 19 11 147 91 123 73 117 48 88 37 63 78 107 66 12 59 83 135 16 129 6 126 33 81 65 32 58 72 87 109 23 80 52 3 145 15 18 75 45 103 10 114 94 24 70 53 35 105 7 102 122 74 106 4 134 137 60 68 101 146 143 113 36 95 115 31 90 54 89 17 130 67 98 43 133 29 112 100 104 21 2 56 149 28 82 64 50 49 14 144 99 108 77 86 
99 141 15 78 128 48 45 50 69 131 119 60 127 55 76 101 150 37 129 114 120 74 135 65 17 8 7 56 90 123 1 64 92 136 130 71 103 22 105 26 116 126 43 39 27 34 46 63 77 30 91 87 118 102 32 4 137 33 66 11 31 23 59 88 51 29 20 14 146 115 12 148 89 70 149 19 139 42 82 140 100 18 25 121 132 125 113 13 28 44 61 2 108 107 83 75 9 5 73 84 52 62 110 67 68 49 138 36 40 35 
14 95 44 103 16 38 119 4 5 3 116 39 118 130 41 59 125 72 120 18 96 99 136 34 63 32 2 149 60 147 56 94 64 88 70 100 82 71 134 25 40 81 146 105 77 75 83 92 10 79 109 22 46 55 78 42 19 13 89 9 29 37 91 28 6 31 48 104 121 54 126 113 36 143 69 15 117 52 24 138 35 140 132 122 30 139 128 110 86 26 145 101 102 133 115 137 131 21 33 106 144 74 57 27 80 
109 27 105 13 133 3 59 33 99 1 143 39 42 100 28 72 47 132 68 98 31 150 25 63 52 146 83 43 97 121 93 108 66 110 34 95 81 62 36 23 139 94 38 65 89 125 129 64 26 127 55 18 131 128 40 147 8 96 76 106 137 30 21 67 114 58 12 85 82 45 51 46 115 70 48 61 148 103 142 22 119 130 56 53 80 35 91 145 140 44 112 16 78 88 117 90 87 111 24 102 49 69 74 144 32 141 101 37 50 57 138 149 134 54 19 
32 72 140 124 14 73 2 123 98 36 136 144 44 148 75 40 135 103 5 105 131 116 61 81 95 54 101 1 99 76 117 122 74 142 89 82 21 80 134 106 24 92 58 104 16 62 31 29 28 119 60 33 86 27 118 78 47 68 20 10 112 79 96 9 48 64 26 88 6 84 67 150 55 97 137 141 49 23 52 90 56 51 147 4 39 129 63 11 42 65 120 111 69 94 126 70 77 59 50 121 130 114 145 30 57 138 91 115 128 127 
75 26 111 61 145 94 144 150 123 49 17 43 98 13 106 20 27 83 132 141 36 84 24 5 143 31 125 96 15 47 34 38 142 127 95 114 58 86 128 110 138 18 113 140 30 137 70 10 73 54 81 99 35 25 52 12 122 147 37 60 78 53 116 105 103 9 121 115 44 129 72 79 101 2 149 63 51 130 62 3 88 16 39 14 21 67 93 1 6 108 112 146 59 118 87 19 133 65 40 92 90 41 11 135 89 136 8 68 
98 35 138 81 9 40 110 96 14 139 118 149 113 48 148 31 60 28 132 2 137 13 55 56 61 116 1 19 54 17 57 142 83 33 50 22 90 80 44 65 43 124 82 101 122 144 71 58 16 8 41 21 49 86 18 52 59 128 108 25 12 130 91 68 143 10 121 70 147 131 20 84 114 62 7 117 88 134 136 63 76 30 135 72 133 46 100 141 45 36 75 125 51 37 89 126 140 26 47 85 109 39 112 32 106 74 73 3 120 150 66 93 78 92 111 
95 71 39 125 64 148 45 16 65 57 37 21 53 124 54 14 120 81 25 76 59 96 49 15 33 93 13 130 97 89 42 41 35 4 58 12 105 50 3 149 20 80 106 98 8 46 99 62 6 32 88 115 119 126 31 78 122 40 83 56 100 133 26 92 137 117 112 77 19 104 111 30 129 55 127 17 94 150 135 138 51 28 9 72 24 86 34 113 107 43 1 142 82 68 79 143 136 29 108 147 146 123 73 140 23 
142 108 93 86 110 59 125 148 122 145 107 58 1 42 40 121 44 52 80 72 77 66 25 75 103 41 112 64 54 65 35 94 133 141 144 101 57 63 15 106 120 53 82 73 137 37 139 136 61 51 83 126 114 18 11 71 5 2 92 150 109 78 113 100 9 31 24 49 90 116 39 135 76 36 118 130 55 74 95 8 7 87 99 62 32 98 97 102 131 23 147 43 128 21 60 96 29 89 124 13 84 56 70 91 22 115 48 19 12 45 33 68 46 
39 12 116 124 18 114 35 128 106 146 88 137 89 91 78 38 105 104 140 65 141 100 16 84 87 19 142 103 28 149 64 70 44 108 109 147 101 63 47 67 110 98 129 60 123 21 94 66 34 145 57 99 90 40 68 32 31 62 69 13 71 121 118 82 86 111 150 95 75 83 97 52 22 112 81 27 144 96 119 8 93 51 58 33 61 37 79 55 41 120 85 134 131 73 126 127 54 136 3 6 7 92 143 72 14 138 30 1 4 46 77 122 45 42 125 
65 53 78 109 105 117 125 91 99 2 95 24 80 20 8 107 88 132 83 89 6 96 147 103 74 124 51 59 136 16 7 72 71 41 9 55 75 62 129 1 134 42 54 66 46 116 36 40 17 104 13 98 139 43 33 115 108 130 85 21 5 81 28 84 56 25 4 12 60 144 48 142 127 114 94 49 26 63 44 93 143 77 90 137 123 150 102 140 149 37 148 11 138 145 10 31 52 106 19 58 133 101 34 122 23 47 135 61 27 32 76 
107 82 57 11 22 13 122 74 28 45 134 91 87 66 123 73 143 108 105 118 61 65 60 34 27 70 42 48 40 18 104 133 49 150 136 1 93 101 32 119 17 126 52 12 20 71 24 146 92 144 10 135 15 127 29 139 56 99 38 79 109 142 41 21 98 2 112 89 88 110 115 96 69 31 81 55 106 35 80 103 54 140 59 9 95 148 5 131 58 4 8 124 111 76 33 68 117 63 47 37 25 149 23 78 26 145 138 85 
104 24 22 90 134 69 88 43 11 5 84 144 111 46 83 25 16 67 58 35 129 91 29 7 49 59 89 120 30 95 127 131 8 93 132 147 73 32 101 121 36 72 65 128 55 76 45 150 70 103 60 42 53 10 145 64 57 26 62 17 113 141 87 86 82 68 110 107 20 39 27 51 148 52 149 137 138 2 75 139 92 142 34 38 14 56 13 74 12 126 96 118 47 50 114 28 66 106 4 19 119 124 123 94 115 117 
9 136 22 105 119 123 99 75 117 124 107 34 112 32 41 102 131 4 72 121 106 35 133 44 139 94 114 46 108 73 138 97 55 47 5 69 88 11 13 130 142 137 19 140 40 101 92 18 81 3 95 33 56 39 6 50 20 125 113 93 8 111 43 29 45 62 150 132 67 148 120 36 58 90 2 74 65 49 141 96 83 85 76 149 118 16 78 66 63 87 12 7 21 110 68 28 127 57 25 145 31 64 109 59 80 38 79 14 27 48 104 
88 84 77 145 78 79 15 94 37 70 127 21 49 67 89 126 63 82 3 62 115 144 74 132 114 12 18 91 105 33 13 40 118 85 44 1 73 112 108 146 142 23 45 54 50 148 106 41 27 10 55 99 125 97 141 150 66 96 104 111 47 6 83 72 43 32 48 86 75 16 36 121 17 139 110 65 149 64 46 103 100 147 107 122 11 56 53 81 80 8 14 59 129 38 128 26 131 42 4 137 143 119 71 117 69 136 24 58 30 57 98 102 2 19 7 28 87 93 120 60 113 
53 122 1 42 93 146 119 38 141 47 76 105 66 56 98 29 19 110 48 127 39 40 20 61 65 37 69 99 81 43 24 21 13 123 16 148 74 58 9 150 52 49 129 11 128 135 126 92 111 125 101 23 68 72 102 149 4 2 103 106 54 121 78 50 134 51 108 117 144 131 80 5 114 95 17 113 120 96 140 7 132 138 41 130 57 100 45 75 8 3 115 12 26 35 82 142 30 107 84 18 86 118 34 46 60 55 70 97 67 143 27 112 14 59 
59 24 98 84 115 14 70 44 62 135 46 9 78 13 28 56 19 11 91 3 121 40 89 139 4 20 51 138 1 86 7 129 68 118 114 34 143 126 66 37 106 99 45 125 50 27 39 147 130 110 43 15 87 123 117 112 17 5 104 54 120 134 6 75 90 119 146 101 107 48 31 76 102 29 79 33 35 93 77 71 92 8 16 131 124 85 32 30 67 49 127 96 73 55 141 41 108 81 133 47 2 140 64 149 109 36 128 113 60 150 42 65 72 105 52 18 94 116 122 74 
19 3 4 112 50 27 116 2 98 13 107 128 38 88 130 122 52 12 125 60 72 31 137 42 127 105 141 148 21 79 123 18 126 111 34 43 47 75 66 73 106 131 24 119 28 145 134 62 76 6 15 78 30 91 20 39 63 146 17 95 93 64 118 94 10 54 51 139 16 68 55 81 133 108 90 86 69 36 46 136 14 101 85 33 100 80 115 97 150 25 140 58 110 49 77 9 45 32 35 44 22 59 124 102 117 41 89 37 114 8 149 83 57 65 147 87 92 71 132 1 
120 57 102 101 13 63 85 104 66 14 41 72 99 65 149 68 11 39 123 76 35 98 38 3 97 79 51 24 25 40 7 132 42 86 100 52 58 64 122 47 134 56 135 80 131 77 9 8 67 140 81 49 33 37 129 112 116 16 108 127 150 6 71 84 26 83 69 107 82 88 133 145 43 141 36 53 119 78 90 45 30 27 73 18 12 28 124 21 138 89 146 54 117 70 50 34 20 87 60 142 74 19 137 46 23 29 118 113 10 1 95 114 111 55 44 110 147 
96 31 59 121 109 104 132 86 38 99 143 16 61 28 91 57 131 56 150 15 60 50 11 68 74 125 35 117 53 102 105 81 84 65 69 5 17 113 75 101 124 24 2 55 112 20 12 32 43 1 10 100 58 76 78 126 120 14 23 21 44 127 115 39 128 139 90 52 137 83 7 77 19 111 42 34 138 9 25 62 33 72 149 3 97 22 85 80 122 30 141 49 110 89 136 93 116 36 41 142 63 144 40 88 27 8 18 106 98 123 73 107 6 4 134 79 26 66 130 64 
12 56 64 114 119 66 148 136 130 82 54 138 95 94 16 49 101 127 110 133 76 150 96 135 125 1 9 20 3 142 46 43 48 67 22 118 52 41 86 99 63 6 4 126 30 100 23 7 55 47 120 91 65 107 42 70 134 129 72 140 44 62 18 27 106 68 25 102 50 80 40 85 144 112 58 92 145 61 143 122 36 81 35 34 45 111 117 83 115 57 104 139 97 26 5 93 33 31 113 89 137 124 84 10 60 
60 128 127 18 23 140 44 89 135 35 78 81 30 69 19 133 37 56 101 98 115 120 124 75 65 105 16 136 32 17 8 64 93 46 39 38 91 58 149 143 40 99 72 11 129 148 21 79 28 90 24 5 116 71 126 57 20 12 125 147 80 111 103 14 45 106 67 109 34 130 50 86 139 92 22 49 59 47 62 76 110 66 144 82 36 117 51 10 145 26 88 132 3 96 119 114 41 84 77 102 9 95 87 52 83 70 27 141 104 33 29 1 74 131 31 55 134 100 150 15 54 
113 61 121 92 114 95 65 88 76 38 98 83 127 70 37 30 123 35 69 55 32 96 62 91 112 59 48 50 87 33 7 71 120 148 126 102 130 135 117 128 8 11 136 141 80 57 47 100 6 42 27 16 82 46 144 97 73 103 74 41 93 78 147 66 13 124 85 110 53 90 145 137 54 34 75 44 86 25 79 52 119 67 19 142 72 29 106 99 12 4 36 131 150 17 26 64 84 132 94 39 58 22 3 140 9 111 40 109 
87 41 52 142 133 116 48 85 75 97 54 8 33 35 126 29 84 14 65 5 93 13 51 47 12 77 105 76 124 140 40 56 136 11 117 17 20 46 141 3 4 16 127 121 145 113 103 7 129 104 39 80 72 36 150 146 49 23 131 99 10 27 70 92 143 21 149 38 101 74 58 68 147 130 28 57 63 88 94 67 78 98 107 109 9 114 125 62 132 123 111 91 61 86 32 26 18 43 83 135 120 89 55 45 44 66 96 100 
34 67 89 39 38 11 129 61 103 4 121 12 47 46 86 5 43 126 94 7 149 64 31 72 82 105 134 15 87 109 54 70 56 125 73 95 71 33 100 58 69 17 76 118 41 144 18 79 113 30 8 85 62 2 104 26 119 124 28 1 37 117 130 108 20 66 96 52 27 147 51 49 9 141 32 101 77 44 40 111 93 59 65 78 148 81 68 57 23 133 131 143 132 22 135 102 116 139 16 142 99 146 123 98 19 60 25 138 
39 144 90 95 13 48 28 148 60 124 12 87 36 119 22 50 10 55 102 115 149 93 54 96 98 45 11 6 72 75 27 85 5 77 139 118 88 86 30 15 42 69 113 70 128 52 20 51 35 67 112 111 29 123 16 80 81 61 3 34 1 8 94 57 74 71 40 23 31 137 38 117 105 121 46 122 130 53 138 114 24 64 41 145 4 150 79 78 106 92 126 135 120 132 43 136 32 147 84 76 101 7 99 
36 105 34 120 75 47 108 94 107 14 111 121 44 84 63 101 149 77 23 100 137 22 124 91 70 81 73 33 4 82 65 112 87 129 56 51 86 17 116 93 98 52 41 46 144 131 49 114 90 96 123 142 106 127 74 145 115 5 50 60 83 66 55 11 67 113 138 42 130 13 12 71 6 58 139 119 10 39 25 78 135 3 117 104 1 2 61 15 27 146 102 97 133 45 76 125 143 118 30 26 57 72 103 35 85 29 38 79 128 62 126 54 92 32 9 7 59 37 
37 77 133 125 113 145 105 12 91 100 60 68 114 25 132 38 32 75 99 1 98 72 73 46 69 30 16 86 34 29 119 24 111 142 64 18 54 20 62 150 5 7 141 55 109 66 87 146 143 39 129 79 106 138 65 22 41 10 112 92 124 128 107 26 23 27 17 110 3 85 8 88 149 4 104 61 93 120 90 83 44 135 71 43 11 136 95 94 89 84 9 117 127 58 56 103 134 102 21 122 67 131 82 74 96 15 48 36 19 40 63 57 
145 67 17 137 110 23 43 8 42 88 70 41 47 59 21 99 64 115 9 5 28 37 68 116 142 66 20 84 147 134 130 94 19 93 146 119 126 15 133 39 114 121 103 128 109 131 27 100 101 89 32 3 77 138 22 127 98 55 16 87 105 144 91 107 132 90 46 65 36 122 44 25 81 50 34 58 51 18 124 140 123 12 75 117 135 76 92 33 10 83 61 52 102 148 48 7 139 6 2 104 136 
148 54 31 60 48 63 52 25 83 9 116 37 73 26 2 137 105 40 130 134 58 61 119 24 79 7 141 81 50 136 126 120 131 146 36 97 86 88 66 118 57 102 15 18 5 87 96 1 72 80 16 30 34 71 39 41 28 43 33 115 55 117 110 112 14 56 103 77 125 100 23 68 67 84 92 139 42 133 122 27 99 44 128 142 129 107 93 127 32 124 89 47 90 135 94 132 49 138 45 144 140 65 78 111 109 143 29 
