150
94 124 71 110 120 136 125 53 12 93 77 61 128 116 60 84 63 102 46 43 127 139 141 36 89 19 123 22 14 75 92 48 44 130 90 40 27 10 24 137 73 83 29 148 3 5 99 132 33 105 100 70 47 87 114 147 140 135 111 69 65 41 109 85 39 82 2 30 145 52 122 55 68 88 38 42 107 98 50 35 131 112 104 95 7 51 23 103 118 49 8 26 126 72 144 113 108 86 78 119 57 121 97 11 56 143 106 59 31 66 129 146 91 96 101 54 21 9 150 81 37 4 15 64 134 17 16 62 28 80 13 142 79 18 58 34 67 20 149 74 6 32 25 115 76 117 45 133 138 
62 73 71 47 120 48 132 103 65 101 85 84 20 5 9 14 52 63 144 94 108 77 53 110 70 142 67 3 38 106 107 18 125 43 44 1 104 102 28 22 149 39 79 78 112 145 4 16 23 116 91 54 72 76 46 31 146 75 60 99 138 95 34 51 49 50 93 56 124 127 7 96 109 10 30 17 42 121 37 98 26 40 100 128 114 80 82 118 58 133 105 57 35 143 69 45 33 74 147 36 55 61 136 12 15 88 141 140 68 81 66 13 6 83 137 148 64 19 113 8 130 139 115 123 135 41 119 131 122 25 117 134 59 150 129 111 97 24 86 21 89 29 90 32 126 11 27 92 87 
73 32 83 145 88 62 78 15 148 67 137 115 16 18 6 86 123 140 63 147 91 130 68 77 38 107 12 57 44 118 95 61 50 13 48 124 99 23 108 53 22 129 100 60 56 52 34 59 76 70 27 64 116 54 98 5 42 2 143 72 31 11 92 101 36 87 14 105 122 94 37 71 135 49 10 19 25 111 103 89 128 20 90 66 110 120 51 146 81 26 21 134 30 7 125 43 149 85 28 75 29 142 127 17 1 40 8 97 24 104 136 126 121 144 58 133 150 106 109 4 33 141 139 96 119 113 45 69 131 132 93 35 138 46 102 112 84 82 65 41 80 47 39 114 9 79 74 117 55 
87 107 88 137 70 139 13 111 30 11 2 24 75 90 66 142 105 62 127 141 97 51 92 80 33 131 21 10 15 23 64 150 67 96 84 32 101 16 123 37 20 95 49 98 69 77 83 115 44 94 12 36 126 39 122 93 65 113 6 42 48 52 25 68 104 135 60 9 103 133 121 146 50 8 82 26 117 1 110 74 118 120 79 100 72 99 132 112 53 85 14 119 108 56 124 136 61 140 43 78 40 28 55 45 46 3 109 17 134 102 57 18 47 38 22 31 145 54 81 59 34 106 41 91 27 86 114 73 76 63 19 29 116 130 147 7 144 143 128 35 58 89 5 138 149 71 125 129 148 
127 63 142 114 147 58 13 92 132 27 130 28 43 54 95 144 31 141 149 3 85 110 139 100 72 133 120 124 111 37 49 129 57 112 78 81 80 73 140 77 50 12 48 67 71 70 146 98 113 61 17 25 115 55 47 104 89 121 75 10 68 59 6 101 11 16 86 105 96 79 46 1 62 20 90 64 66 56 122 107 69 15 14 52 137 26 150 38 136 36 9 51 2 34 134 87 93 60 76 126 40 29 94 148 123 53 22 83 45 88 109 35 106 102 117 21 41 125 18 33 65 143 44 8 108 128 116 84 119 32 24 42 23 118 30 145 39 135 138 4 7 131 97 82 91 19 103 99 74 
47 71 49 123 127 117 35 95 38 75 111 115 64 61 77 114 93 39 100 48 45 28 137 99 98 13 3 116 108 46 10 126 119 16 12 42 83 110 84 67 58 73 109 5 32 30 55 31 148 133 51 146 140 60 68 139 66 86 65 91 8 142 15 17 102 132 131 70 135 145 143 20 88 26 2 24 59 69 96 92 124 37 33 76 78 82 57 27 90 44 141 22 54 121 147 9 43 53 1 14 105 138 122 40 136 144 118 62 29 63 129 107 113 34 23 81 104 11 106 128 18 94 36 50 87 52 72 97 101 134 120 79 80 112 103 41 150 130 149 7 74 4 25 89 21 19 85 125 56 
69 58 31 112 97 116 82 85 95 118 149 33 3 121 133 75 103 27 45 13 86 140 68 51 144 48 77 134 52 11 143 12 6 122 111 30 104 99 44 60 73 110 109 80 147 131 150 37 1 84 38 76 41 139 19 100 66 4 148 17 57 56 142 105 138 128 125 87 141 78 101 137 92 47 8 70 20 81 25 64 35 107 94 93 136 91 49 117 72 65 90 119 22 102 23 106 53 55 124 61 130 79 120 63 36 2 42 135 21 10 146 9 88 108 89 39 16 5 28 46 54 126 129 62 113 114 18 132 67 145 74 34 123 59 115 26 71 50 15 40 29 98 14 43 127 32 96 83 24 
94 146 137 122 139 42 79 76 53 2 104 96 121 141 4 80 124 99 41 134 47 3 68 98 132 12 55 46 7 138 23 95 19 77 81 83 131 32 109 25 11 118 13 144 103 52 75 69 147 60 136 125 56 71 112 18 16 135 30 101 105 143 36 57 39 29 15 114 87 73 20 9 140 93 65 62 84 48 82 106 120 37 110 116 40 38 74 66 148 128 31 92 70 64 97 115 58 59 34 6 72 24 28 91 21 119 49 127 5 61 88 63 108 45 27 123 111 129 130 26 14 54 113 150 85 145 90 100 10 43 78 126 102 50 142 133 67 35 86 149 22 117 1 107 89 17 51 33 44 
63 147 55 31 27 11 111 125 114 21 133 135 108 119 86 139 131 8 37 143 10 83 101 39 51 73 150 110 109 130 124 49 2 62 82 40 88 33 32 117 77 17 90 136 41 100 15 13 26 66 76 29 145 104 141 132 69 85 105 128 38 65 81 67 115 42 3 96 95 16 57 44 56 28 14 61 123 68 59 148 7 46 80 102 146 25 149 134 30 36 19 106 71 64 23 129 75 54 92 52 142 24 87 113 20 1 98 89 84 120 140 70 50 126 72 53 22 47 5 4 138 127 137 43 107 94 60 35 12 122 99 34 121 93 18 79 118 45 48 74 6 116 58 112 97 144 78 91 103 
14 99 124 76 3 46 53 75 132 138 66 47 64 144 31 68 94 52 104 2 38 91 15 20 63 126 35 73 129 135 122 133 120 32 146 27 60 39 145 87 72 22 5 105 119 139 58 140 143 37 70 80 51 88 107 57 112 149 19 95 89 54 11 137 29 136 85 36 102 134 123 24 150 103 81 117 84 7 43 13 18 59 82 12 34 147 141 127 92 16 83 109 48 113 96 71 67 116 42 128 30 114 1 26 106 111 40 50 9 131 93 45 121 56 69 8 17 130 6 65 101 148 110 23 100 28 115 118 74 44 108 78 97 77 49 4 142 21 62 61 90 98 25 41 125 33 55 79 86 
23 79 94 139 98 4 12 78 96 15 35 115 93 138 64 29 130 56 134 5 43 42 99 41 109 60 113 54 33 21 7 22 135 121 149 144 13 74 55 143 3 73 150 51 63 57 141 24 120 18 10 123 80 104 28 122 119 147 34 92 97 48 86 39 131 2 84 87 91 16 44 32 145 103 117 20 30 37 65 82 146 40 107 137 118 85 140 66 70 142 9 148 106 108 25 105 1 46 102 8 45 100 81 27 127 36 47 31 128 19 49 111 58 129 114 67 110 75 133 132 88 83 68 124 50 14 95 72 71 136 112 62 90 26 38 6 17 61 89 52 116 101 77 126 76 53 69 59 125 
146 130 132 7 128 124 50 57 38 74 105 18 78 104 125 137 27 94 150 143 120 34 117 31 13 3 68 108 106 112 116 24 140 29 46 88 48 36 70 39 28 148 41 25 77 37 47 113 121 118 71 11 59 21 40 87 22 142 89 92 66 23 9 42 111 114 131 122 69 84 101 91 16 30 97 127 80 35 43 129 82 8 95 133 99 64 32 81 115 135 17 134 123 15 102 4 10 45 60 93 1 51 26 136 126 72 61 54 62 144 83 65 56 44 63 2 86 52 139 75 55 107 14 20 138 119 6 33 103 145 98 19 67 141 49 53 90 79 147 5 58 73 110 100 96 85 109 149 76 
134 43 139 89 106 17 45 82 38 34 86 44 18 23 148 73 94 7 62 113 127 52 76 60 87 9 63 46 48 99 53 70 120 125 49 80 123 68 36 1 56 24 147 51 96 16 137 118 133 100 26 57 5 8 121 66 132 65 29 39 32 101 74 129 110 72 10 141 116 97 143 98 126 12 42 30 75 71 115 33 83 4 119 31 15 105 90 11 59 108 85 78 95 54 145 109 22 6 79 102 2 19 35 111 69 149 103 81 131 47 124 146 88 84 93 77 114 50 40 37 20 64 28 142 14 136 128 107 55 61 138 91 27 67 117 122 112 41 130 92 144 150 25 140 3 58 104 21 135 
71 38 86 139 128 29 89 127 35 58 124 37 94 136 93 137 73 36 81 82 147 129 135 85 146 100 142 144 119 61 49 55 20 5 46 149 112 25 19 33 74 64 32 123 105 80 131 15 28 78 77 21 106 95 84 23 90 42 88 98 91 104 4 52 122 70 59 12 54 143 40 110 66 17 132 56 16 108 39 45 47 62 24 150 120 117 41 10 102 130 63 125 53 26 1 48 65 103 141 34 57 111 6 69 3 148 101 92 7 118 31 133 109 9 107 75 51 50 138 99 87 121 13 134 44 67 96 126 113 76 68 11 140 97 79 60 2 8 18 115 43 22 145 72 30 83 116 114 27 
17 63 121 106 147 24 51 9 144 148 44 135 43 80 150 20 98 131 2 138 46 10 53 11 83 32 133 100 28 102 62 6 107 33 123 34 12 143 139 75 126 108 119 3 21 76 57 149 49 13 110 117 30 68 60 125 66 72 31 118 38 26 36 41 25 29 145 142 112 73 115 42 95 47 94 88 132 74 14 91 141 77 1 67 99 124 69 18 89 146 50 40 103 134 55 96 65 130 104 136 84 101 70 78 22 16 19 113 128 45 105 93 122 59 90 8 37 109 27 114 64 71 39 127 87 97 23 35 81 120 54 82 129 140 86 61 4 52 79 5 48 116 137 92 111 7 58 85 56 
106 90 146 71 52 122 5 34 4 150 142 127 28 17 126 98 88 62 40 46 81 145 74 29 55 56 105 117 15 22 138 109 149 61 147 48 123 47 27 53 125 94 136 111 116 18 30 137 42 96 32 73 143 20 1 148 75 110 82 80 69 54 60 119 31 78 70 9 132 134 21 83 135 3 84 104 36 57 25 39 14 101 68 13 113 129 7 38 86 51 133 140 89 114 77 108 76 102 45 124 130 12 139 6 19 120 8 87 92 23 50 63 141 97 66 95 43 59 26 85 121 144 24 10 107 131 72 44 41 37 65 35 128 67 58 112 2 79 100 49 118 64 115 93 91 33 11 103 99 
58 2 128 52 140 72 71 123 133 9 5 57 24 67 147 39 62 91 141 136 110 31 118 37 33 95 8 137 40 22 23 64 121 134 30 124 10 92 54 47 107 138 74 90 125 127 27 132 131 68 94 29 101 49 46 120 63 144 146 114 60 150 12 142 104 50 100 34 43 65 41 80 15 1 96 69 3 45 99 44 25 53 66 55 70 81 77 112 11 16 149 85 21 38 98 97 87 48 143 109 75 32 61 117 115 59 76 126 88 129 113 78 20 86 139 84 106 13 6 26 82 28 102 36 108 56 103 130 122 14 105 145 148 7 79 35 4 83 89 111 93 18 119 135 51 73 19 42 116 
149 107 42 71 52 36 134 143 55 37 102 98 63 22 23 43 51 141 16 136 83 41 81 138 88 126 125 94 89 150 93 20 62 72 44 109 60 32 68 95 45 35 119 116 64 34 65 148 53 26 4 11 24 76 77 103 38 133 120 56 21 142 7 50 14 74 128 31 129 131 39 13 57 144 59 137 46 10 66 147 115 28 75 54 58 139 91 99 2 86 84 6 146 117 70 12 48 8 15 29 9 108 67 124 106 114 140 130 135 145 127 33 113 49 19 132 40 97 73 96 27 92 118 105 111 104 90 121 79 85 3 1 61 30 101 110 112 87 82 122 78 69 5 80 25 100 17 47 123 
92 66 40 87 120 22 113 143 11 121 104 102 129 2 32 77 84 86 90 45 30 25 108 99 91 70 146 20 7 133 136 12 79 83 37 128 78 105 149 41 18 107 75 69 49 100 123 72 150 132 74 10 39 9 33 62 137 31 114 134 144 8 16 63 97 1 43 76 26 101 21 24 48 57 59 98 65 119 68 35 124 81 60 118 47 142 85 93 125 130 52 141 13 95 28 36 112 111 34 116 67 44 80 89 131 122 14 23 139 94 46 3 126 58 82 55 88 148 61 110 138 135 4 71 51 106 96 54 64 29 147 6 145 56 109 53 5 115 127 73 42 140 17 117 27 15 38 50 103 
16 118 119 18 136 42 43 96 109 95 17 28 105 48 12 65 51 4 111 102 29 148 143 86 120 92 63 38 93 9 115 7 98 126 146 62 91 135 150 78 147 79 25 60 49 124 44 70 32 116 99 114 123 71 100 131 45 127 22 8 113 80 138 19 97 1 128 77 41 94 50 83 24 36 33 40 67 23 5 85 125 6 145 142 73 141 21 75 107 3 14 15 34 108 53 81 103 31 84 11 89 47 74 139 90 54 121 57 117 66 68 35 88 76 55 37 58 59 112 140 56 61 132 30 82 133 69 2 129 144 46 52 26 72 13 64 87 101 149 104 137 130 10 110 134 39 27 106 122 
6 135 125 123 91 14 101 88 85 49 34 104 145 43 113 19 87 139 15 77 78 138 86 73 97 146 106 105 134 56 1 112 129 71 121 75 108 150 31 96 63 147 23 62 13 133 119 7 72 137 42 22 122 136 131 142 127 5 46 126 109 141 32 107 110 99 90 149 114 94 52 116 80 25 27 103 93 17 95 65 74 48 79 3 4 40 26 33 54 10 59 132 100 117 18 140 28 61 50 11 60 111 64 45 83 118 39 98 69 9 44 53 24 58 92 2 12 35 66 84 8 67 70 68 36 143 81 128 47 29 124 51 144 57 102 115 16 55 20 37 30 130 41 148 38 120 82 89 76 
149 116 55 19 90 67 30 20 94 68 42 59 144 78 17 54 121 2 126 79 15 93 62 72 150 92 88 64 80 136 101 29 81 63 31 48 96 65 107 51 32 133 47 140 74 21 1 44 95 16 113 127 85 10 49 39 118 146 103 148 130 35 41 135 27 25 139 125 141 18 120 9 131 52 99 122 106 50 82 12 86 23 128 36 137 132 46 6 105 76 98 114 142 53 83 70 69 102 143 13 71 4 61 3 77 26 14 129 43 5 40 66 56 124 97 134 147 11 91 38 75 34 115 28 117 110 145 89 100 112 60 33 119 7 108 84 45 87 37 138 123 104 24 73 109 111 58 8 57 
148 36 26 44 124 37 17 106 68 120 24 21 112 15 145 94 108 116 33 3 125 52 131 50 142 8 75 85 143 13 130 12 58 14 104 77 61 135 18 49 103 96 117 71 138 140 90 72 25 73 105 11 2 66 39 136 114 47 150 55 53 69 144 31 60 92 70 22 38 27 76 28 97 95 146 63 102 129 128 139 10 46 48 51 137 127 82 126 84 134 147 7 107 4 110 87 20 119 88 56 93 99 132 115 118 111 57 6 101 62 1 67 149 59 64 113 133 34 122 83 91 81 100 54 5 123 19 86 74 42 41 78 45 43 16 121 9 79 80 35 40 29 109 89 65 141 30 98 32 
106 139 89 142 9 76 78 74 60 36 11 115 149 75 134 113 122 82 16 15 131 99 1 125 138 104 42 70 86 136 30 103 40 66 144 91 69 28 116 79 46 22 19 117 47 119 97 98 87 57 10 61 84 17 62 130 23 45 132 85 108 18 59 83 26 48 90 71 53 44 121 4 20 25 73 27 12 72 63 105 102 5 52 67 51 8 145 126 7 58 118 140 143 32 68 54 33 38 129 21 135 29 94 3 64 2 109 34 93 31 114 133 120 110 123 50 43 141 6 124 37 92 49 81 100 107 39 88 146 41 112 101 65 56 111 150 77 13 127 137 80 95 147 128 55 14 96 148 35 
95 64 68 57 148 23 112 114 18 146 125 120 1 65 29 45 28 108 56 135 86 118 77 53 104 2 132 84 85 91 72 123 39 139 70 4 102 133 79 150 103 98 73 105 100 54 22 36 27 26 127 49 38 82 10 12 47 92 142 66 74 141 71 48 87 35 128 94 78 93 80 149 144 3 81 5 119 58 33 140 30 20 117 46 62 63 76 32 129 37 90 111 106 13 9 11 145 34 113 55 147 75 134 17 43 99 143 130 122 97 51 89 116 124 52 137 126 121 16 44 101 14 88 15 21 60 50 138 59 83 6 96 24 136 42 67 131 115 31 69 61 19 107 109 40 41 110 7 8 
11 137 100 135 78 95 75 144 5 116 15 125 24 122 6 23 42 130 102 140 89 109 141 21 60 33 53 108 114 57 98 31 105 38 35 136 113 79 86 138 27 29 94 146 44 145 133 63 69 119 47 16 48 9 71 34 3 111 36 90 110 93 142 18 10 149 147 129 128 121 17 97 82 115 56 28 103 104 2 99 49 72 112 96 20 40 64 76 46 88 126 59 14 139 120 68 39 61 65 148 52 55 101 8 37 32 58 81 30 22 4 106 62 127 131 43 12 25 51 80 7 107 77 67 70 50 132 123 84 83 91 45 85 92 143 118 134 54 13 124 19 117 150 74 41 87 73 66 1 
126 89 140 106 94 83 142 101 48 30 52 47 80 119 72 21 54 132 43 16 18 112 46 93 98 33 51 88 92 49 44 36 41 149 12 13 42 129 124 24 61 2 85 73 131 64 105 144 40 84 86 130 37 146 116 11 3 138 50 78 26 95 123 35 110 96 121 38 8 125 87 82 23 145 147 29 115 15 103 65 108 75 66 141 114 17 102 135 9 71 28 20 70 19 127 74 104 53 91 69 120 133 122 63 111 58 148 134 56 59 68 76 62 14 55 60 1 57 143 90 67 118 32 79 139 34 137 7 113 6 81 150 100 107 22 128 31 39 97 136 10 4 45 25 117 109 77 5 99 
46 78 13 105 115 112 101 35 89 107 109 144 90 40 141 25 136 57 11 118 110 20 62 95 130 121 36 14 55 117 82 12 66 32 98 145 49 31 137 1 4 68 29 37 21 93 103 142 2 76 52 135 24 114 79 88 116 45 50 53 18 60 69 108 16 134 67 7 17 44 3 65 42 8 41 58 30 74 147 43 100 131 85 97 75 73 23 84 34 9 133 122 148 126 94 47 38 124 54 86 56 27 6 146 143 87 150 106 120 33 125 127 19 10 80 51 39 71 26 128 81 91 104 92 63 140 99 96 113 22 138 111 102 48 77 83 15 123 61 132 64 70 119 59 5 72 149 129 139 
106 126 88 143 22 86 119 24 139 103 32 74 65 131 100 48 123 81 121 140 105 45 8 67 16 1 64 15 36 12 129 56 134 14 37 111 124 72 35 83 7 114 53 69 10 115 112 90 128 82 4 71 26 2 125 108 44 43 59 93 120 57 137 84 141 41 27 50 63 18 148 110 19 96 76 52 94 21 92 89 104 99 117 5 109 144 30 73 145 54 87 58 39 79 42 6 62 132 138 77 75 142 66 91 13 122 61 33 38 55 34 9 51 130 47 95 97 101 135 17 146 78 127 70 28 68 118 113 147 102 85 107 3 23 46 25 149 136 116 11 31 49 20 40 133 80 150 98 60 
123 106 98 141 133 65 150 120 115 38 85 132 69 50 62 25 124 84 79 122 109 24 91 18 4 131 83 93 72 137 53 39 92 33 13 23 108 118 70 14 77 5 20 95 34 7 2 140 112 102 27 44 66 144 128 130 49 57 86 16 17 139 78 105 6 147 81 10 68 71 138 80 134 48 96 121 116 36 61 87 26 110 107 94 148 73 127 58 35 8 46 113 76 89 119 47 3 32 135 55 146 19 40 64 54 75 74 142 15 1 43 97 99 100 12 21 9 149 103 117 51 28 136 29 37 59 31 129 63 56 82 22 143 41 104 145 67 60 42 11 45 101 125 126 88 114 90 111 52 
132 124 5 116 107 67 48 121 19 111 125 75 17 79 70 94 105 39 145 139 24 64 102 56 25 88 106 18 27 83 65 55 53 89 80 57 117 54 118 138 35 122 92 146 14 20 16 29 33 30 9 34 69 21 141 135 120 3 7 144 43 74 45 11 85 66 104 58 63 140 93 77 143 52 126 150 36 32 149 8 46 99 86 42 12 95 23 37 134 81 60 127 108 4 82 78 38 129 71 62 44 50 2 119 72 40 10 137 91 90 22 13 115 133 128 76 148 110 114 142 28 97 112 49 131 41 15 1 61 6 26 98 96 109 100 123 47 51 147 68 59 84 101 136 103 113 130 73 87 
71 139 42 6 55 143 111 57 70 61 98 45 26 114 62 33 88 69 14 100 142 101 39 3 130 73 84 74 12 36 78 127 112 68 137 43 102 13 54 58 28 133 141 75 16 149 83 122 15 41 96 144 99 40 2 22 31 97 87 67 107 117 59 124 138 115 110 47 5 46 1 20 35 21 126 38 7 65 129 77 10 118 76 56 51 79 19 89 9 123 128 80 94 145 125 150 119 90 92 147 85 113 135 105 18 23 25 66 95 27 37 52 24 17 29 48 30 146 106 49 64 11 148 121 103 131 140 134 109 34 93 120 108 50 53 136 4 91 63 82 44 116 104 72 60 132 81 8 86 
35 92 44 144 67 11 95 103 57 90 127 25 31 9 132 76 147 104 36 150 32 5 145 28 133 120 126 148 54 7 82 124 43 41 138 141 47 109 51 112 73 59 97 80 102 75 34 94 29 137 142 52 42 50 139 19 1 22 18 149 140 105 83 131 134 14 24 13 108 60 10 30 123 119 136 23 49 85 61 77 45 81 48 128 4 27 65 110 93 130 84 63 125 12 74 118 53 38 17 26 135 66 40 113 107 116 64 2 55 15 100 58 96 72 114 8 6 115 78 87 143 101 62 71 56 122 37 106 91 146 21 89 70 88 69 98 68 39 16 99 3 129 111 117 79 86 46 20 121 
98 87 5 13 89 150 9 121 2 8 21 26 108 137 50 12 27 35 92 72 119 96 67 140 54 29 63 136 18 40 124 59 103 90 117 38 149 126 19 7 68 4 88 100 122 25 110 83 106 58 104 133 76 127 111 143 86 62 145 22 55 77 53 3 107 64 20 51 48 142 23 37 42 118 57 112 28 47 85 24 44 46 113 135 60 16 128 73 1 94 82 123 61 56 105 15 148 102 31 139 36 75 134 66 84 52 99 65 6 39 11 30 132 33 125 131 14 32 45 78 144 147 101 120 71 80 129 146 17 74 70 130 116 41 115 91 69 141 109 10 114 93 95 43 81 49 97 138 79 
14 134 39 66 42 21 118 75 144 55 129 60 92 87 120 33 57 4 63 77 12 139 61 119 40 126 73 1 149 27 98 148 34 76 147 123 105 113 101 28 22 41 17 8 90 5 32 96 133 125 45 11 25 23 64 85 58 30 121 80 62 106 135 44 13 88 29 130 93 132 79 81 107 50 16 99 84 109 97 128 142 102 70 71 67 100 69 146 47 94 24 37 59 48 19 82 110 91 72 2 74 78 52 143 51 18 54 46 108 124 89 116 26 137 114 38 68 43 122 136 31 6 103 86 111 95 115 140 7 56 127 53 65 36 141 150 112 20 117 104 10 138 131 83 49 3 15 9 145 
33 6 32 149 145 79 101 127 15 108 143 21 12 113 35 50 53 67 130 27 47 14 28 62 91 142 39 52 98 42 77 89 119 134 81 128 144 23 85 146 94 31 83 60 22 84 38 126 73 49 105 18 68 147 75 69 118 63 106 120 16 129 135 19 139 54 37 26 5 138 13 7 87 102 115 133 122 110 112 92 51 66 3 141 20 65 64 80 34 124 4 58 17 97 56 1 29 121 114 99 78 123 41 55 125 132 93 57 45 25 131 117 72 70 82 2 76 48 95 137 8 107 30 9 109 150 61 88 86 74 136 71 90 59 46 43 40 116 24 148 104 11 103 96 10 100 111 140 44 
71 136 106 69 107 52 84 105 66 63 93 92 56 90 36 127 143 125 53 35 88 23 32 29 13 121 64 82 111 11 148 138 77 98 137 110 1 145 86 67 55 46 79 14 100 113 58 6 128 50 48 28 116 131 43 117 38 73 25 41 119 44 10 114 115 126 150 142 65 49 141 9 139 70 2 85 144 68 101 108 30 19 47 62 130 134 5 8 83 15 147 120 27 60 76 75 16 26 12 24 33 57 31 109 91 4 129 103 3 95 96 40 74 94 72 45 135 20 22 99 81 89 54 118 149 133 59 61 80 102 104 140 18 39 78 17 146 21 123 87 112 124 122 51 42 7 132 97 34 
52 137 51 104 131 81 113 16 19 138 99 25 9 49 1 7 76 48 31 134 36 122 8 70 126 10 135 102 90 3 66 84 65 42 53 44 80 120 129 117 60 6 46 75 106 103 59 27 96 132 67 115 91 89 26 21 139 119 147 23 128 130 57 61 101 100 110 118 29 62 32 28 15 111 85 127 149 143 109 69 64 37 54 24 35 95 136 73 125 71 141 148 114 18 98 108 112 20 87 63 97 83 22 140 56 41 78 12 55 4 40 121 123 5 77 82 142 133 79 11 93 88 47 50 144 14 43 150 30 146 124 92 17 68 145 94 58 105 13 45 34 72 86 107 2 74 39 33 116 
85 89 37 100 44 129 33 102 112 47 94 115 26 98 114 148 63 28 23 88 131 133 31 149 34 123 101 56 120 48 35 9 146 144 14 109 46 43 73 107 42 145 8 58 134 116 65 13 12 68 79 110 53 70 18 1 76 121 72 93 142 81 75 91 119 22 29 51 66 67 139 97 5 143 10 138 80 54 90 130 71 137 117 83 96 84 74 108 82 78 86 15 55 30 140 38 125 147 25 122 52 36 11 32 2 41 61 21 141 3 45 135 40 60 16 62 4 20 64 7 57 24 118 136 103 87 150 126 49 95 111 99 59 50 113 128 6 92 132 77 27 104 106 124 17 69 105 19 127 
123 78 139 76 137 145 105 55 66 35 149 127 25 87 101 12 113 143 102 62 144 51 97 1 13 104 37 18 21 29 63 79 8 39 69 135 64 5 72 68 58 36 3 23 41 24 88 38 54 91 30 74 89 103 34 85 128 7 4 107 133 67 99 70 43 125 9 2 109 80 142 98 115 48 150 96 147 16 75 117 59 73 60 116 49 95 20 110 57 136 81 146 121 71 92 138 84 52 27 108 124 120 86 126 61 42 32 33 129 111 31 65 56 11 93 90 134 15 118 114 119 100 50 106 130 28 46 94 122 45 53 19 17 22 83 44 77 131 82 47 140 14 132 26 6 10 141 148 112 
131 142 134 119 89 37 73 84 96 48 69 102 70 125 104 118 90 55 129 92 145 43 95 34 42 40 105 6 50 29 31 79 62 87 13 113 108 150 67 86 91 97 49 136 98 60 143 80 94 149 117 26 81 17 61 135 111 88 110 46 38 101 36 32 130 27 65 21 120 16 83 7 33 18 64 116 100 12 82 24 19 14 20 30 126 147 68 47 3 45 78 22 106 52 114 53 128 148 85 39 112 15 56 58 10 140 103 76 93 57 115 127 54 109 5 75 122 124 139 63 107 72 121 35 25 4 77 1 51 137 132 133 141 8 59 138 123 44 11 9 71 23 144 2 74 66 28 99 146 
84 123 97 75 78 82 131 105 94 51 133 13 43 134 124 106 138 18 4 92 85 142 20 129 52 127 104 93 44 68 12 24 32 35 39 99 102 67 53 95 120 50 26 45 17 100 83 107 73 116 98 110 115 74 80 72 6 14 79 89 144 30 31 130 58 27 121 3 148 57 41 137 147 66 149 111 96 87 118 22 62 38 119 108 15 8 61 59 90 60 37 91 112 9 1 122 5 146 109 140 46 70 16 21 145 141 7 28 76 86 65 33 139 71 64 132 101 56 125 54 19 150 126 2 29 77 25 88 113 128 69 40 117 36 11 103 143 81 34 136 47 49 23 55 63 135 10 114 48 
143 88 87 130 116 97 89 79 11 18 137 81 98 5 85 84 16 90 48 28 40 148 139 109 68 20 83 112 115 15 125 49 92 140 74 30 107 126 36 77 14 146 60 1 72 147 54 96 37 113 133 9 114 102 120 91 105 103 128 135 127 106 121 3 66 29 24 39 13 73 55 35 111 118 142 46 117 69 51 50 132 119 64 38 58 93 110 25 136 10 149 80 65 19 67 99 108 63 32 27 8 122 150 138 104 4 44 59 52 45 123 101 124 134 61 31 6 129 22 76 82 71 41 131 23 33 145 95 78 100 53 21 62 34 86 141 26 47 57 17 12 42 94 2 70 56 144 75 7 
149 139 77 86 79 133 73 92 148 42 29 17 56 20 8 126 115 6 82 70 28 46 33 45 63 147 9 13 48 113 142 99 38 72 19 96 64 74 66 31 109 27 111 137 103 120 88 36 108 69 129 23 106 98 30 85 75 60 145 130 14 83 101 100 102 11 54 49 125 39 76 15 134 119 84 12 41 58 124 90 122 80 3 59 51 26 128 1 140 52 40 143 136 116 50 110 67 112 107 22 97 114 104 150 95 105 117 55 47 131 4 7 81 132 5 10 94 43 57 78 127 118 24 93 87 53 35 37 146 135 71 144 21 65 68 91 123 141 18 34 121 2 89 32 25 138 62 16 61 
126 73 86 110 12 142 21 5 118 62 96 2 72 104 115 150 32 101 117 94 22 64 43 84 6 8 28 92 49 27 119 75 35 13 85 78 57 1 58 147 138 31 105 111 54 24 130 93 33 145 143 65 3 23 48 140 91 127 134 103 15 149 47 29 80 141 87 146 10 51 121 26 41 122 108 40 123 69 83 66 129 88 132 100 9 16 128 136 25 99 76 137 67 81 125 37 79 7 56 20 44 52 133 19 30 53 106 42 120 38 14 113 36 107 71 116 77 11 39 34 124 114 17 90 46 109 135 74 60 68 148 50 144 89 59 95 61 131 97 139 18 82 98 4 63 102 55 70 112 
18 85 33 114 95 17 131 36 128 87 13 24 108 56 106 75 53 146 113 76 74 102 111 42 30 138 70 67 6 3 61 100 41 145 88 12 141 2 50 26 21 54 119 149 10 109 107 38 140 84 132 64 49 89 34 127 83 123 135 103 142 73 69 117 71 143 5 51 116 130 31 15 86 43 137 105 66 57 96 55 40 118 134 4 8 25 101 39 58 20 68 19 126 32 139 72 27 112 122 92 150 1 78 98 124 14 82 22 144 91 65 23 110 80 9 97 115 133 148 94 29 147 44 59 129 60 16 120 52 47 7 62 136 28 121 63 48 45 77 90 104 79 93 37 125 99 81 35 11 
118 52 92 128 134 87 48 93 4 63 46 129 113 110 42 86 106 36 123 135 150 10 50 112 28 109 102 73 6 121 69 122 99 15 27 136 117 90 105 22 108 25 18 16 88 9 8 35 2 107 21 37 70 58 62 98 20 79 126 85 141 55 144 29 32 101 54 100 17 43 64 130 131 96 84 97 82 80 61 59 140 139 14 30 45 51 147 89 66 104 49 76 19 116 94 7 57 75 11 148 124 74 149 127 115 114 137 5 13 34 91 83 95 145 40 143 120 71 119 133 26 103 53 111 142 23 38 65 31 68 138 146 33 12 3 67 56 132 39 81 125 41 1 24 77 44 60 72 78 
122 86 58 104 123 38 77 4 138 35 61 70 3 112 148 65 83 78 142 124 106 11 68 116 130 6 23 144 102 141 81 74 93 54 5 114 66 118 42 57 63 99 84 33 47 134 41 115 85 127 110 59 150 71 16 96 2 20 80 103 21 146 97 113 51 139 120 82 12 92 105 28 121 8 55 95 29 132 17 25 75 44 108 100 87 49 76 30 79 94 52 60 56 27 119 32 26 9 140 50 31 129 109 125 43 111 126 136 14 39 135 15 69 128 46 22 19 18 72 149 24 145 98 13 137 73 89 91 37 36 1 117 7 34 45 90 131 62 101 64 53 88 67 10 40 107 133 143 147 
114 67 35 132 110 7 9 140 20 56 102 48 38 130 59 15 90 13 27 82 91 92 106 8 99 138 46 24 143 57 5 43 21 70 25 53 33 87 71 145 118 98 135 85 44 3 11 133 63 54 128 136 104 89 45 147 149 74 119 105 16 17 40 113 84 41 58 137 142 68 109 125 139 126 4 86 134 51 129 55 30 65 34 36 146 115 108 121 66 120 2 14 124 31 10 61 64 6 93 75 23 52 18 12 101 60 26 150 22 81 28 29 50 95 73 96 79 103 94 97 69 76 1 116 107 77 39 42 111 122 62 117 100 32 127 19 78 80 47 37 72 112 131 123 148 141 83 88 144 
66 30 98 130 4 131 63 106 49 134 54 140 142 7 97 139 79 95 75 56 43 40 15 52 27 127 124 1 18 24 9 104 39 88 92 72 29 55 108 121 78 57 119 37 111 25 120 20 115 136 53 76 81 141 128 113 91 70 89 33 146 86 16 73 19 149 90 6 59 64 94 42 105 74 11 13 112 41 107 44 117 133 10 116 96 100 138 22 17 135 147 84 67 118 31 85 69 23 93 21 83 51 46 34 102 61 148 103 82 3 145 144 129 123 5 68 8 77 87 125 99 2 122 26 32 35 114 132 45 101 38 150 80 143 12 126 60 28 48 36 110 58 71 65 137 109 47 14 62 
122 34 125 19 93 121 78 141 103 123 149 32 18 4 91 56 124 41 64 133 27 115 109 69 67 116 3 112 43 86 65 100 113 16 88 58 132 11 137 77 108 142 128 119 63 13 76 54 12 1 20 35 134 45 83 147 55 50 15 49 106 98 105 111 2 39 95 84 71 96 53 90 31 42 14 138 6 140 80 120 29 72 85 101 127 61 129 135 36 57 21 75 92 59 150 52 87 73 126 22 37 33 8 89 81 148 79 131 146 7 114 94 48 82 23 30 97 145 28 136 118 10 9 26 68 60 104 66 117 44 5 102 46 40 74 130 17 144 62 25 107 99 38 143 110 139 24 47 70 
96 127 107 105 150 103 91 16 79 90 3 60 86 117 131 20 65 108 58 37 74 57 45 67 68 116 109 28 144 18 27 53 14 76 148 98 61 13 43 111 121 7 123 110 139 145 47 42 95 5 94 88 149 54 130 138 122 114 82 143 100 83 23 118 71 22 15 6 49 73 40 35 137 101 31 104 19 4 147 56 120 66 92 48 141 136 29 99 24 115 140 85 142 34 135 25 72 55 9 59 78 106 62 11 1 93 30 102 69 50 21 32 12 133 41 77 128 125 38 64 70 2 80 119 126 51 89 84 10 132 63 33 75 17 87 39 112 46 8 146 129 134 124 113 81 97 44 26 36 
131 24 19 66 56 137 15 148 61 89 149 150 80 2 78 14 70 11 120 136 122 31 6 138 125 97 58 36 35 71 141 7 146 100 65 49 134 105 42 112 107 39 121 32 143 86 40 73 57 96 76 22 33 60 128 74 41 54 132 98 30 81 18 108 119 129 145 38 4 106 130 69 1 77 23 72 139 90 114 140 124 52 99 115 5 94 46 44 12 92 104 113 142 88 27 25 110 21 103 127 50 95 101 102 13 147 16 126 3 29 28 59 10 87 68 8 37 111 84 55 91 79 17 83 62 43 51 63 85 109 123 48 47 144 67 20 9 133 26 34 93 135 82 116 117 118 45 64 75 
124 110 105 53 91 42 38 117 50 69 94 46 132 122 63 100 44 2 45 65 11 86 149 143 146 16 147 18 68 49 89 120 106 39 70 60 78 108 148 1 22 4 102 8 101 71 144 77 142 119 121 137 72 29 43 127 123 20 84 51 17 83 103 57 3 56 131 25 104 76 6 47 30 73 27 55 23 33 126 48 107 81 140 99 98 129 90 41 24 133 82 9 134 116 97 145 128 26 115 28 10 150 111 31 113 74 12 109 92 13 52 7 35 135 88 141 85 95 130 136 21 93 34 66 112 19 64 67 80 118 61 15 139 62 87 37 125 5 138 58 114 40 36 32 75 59 14 79 96 
51 113 94 81 85 2 35 14 142 103 5 104 98 90 117 38 6 29 101 21 88 62 17 46 72 67 37 132 138 119 143 130 28 26 115 112 49 95 136 10 127 93 3 125 25 140 109 118 41 54 108 129 60 146 141 97 110 31 87 78 82 79 122 121 66 40 57 65 22 74 70 128 106 63 137 114 149 123 11 24 111 4 80 12 69 19 73 44 147 92 32 50 30 99 150 84 107 124 64 68 58 131 144 13 18 36 7 91 120 139 116 102 8 105 71 20 1 53 52 86 148 27 75 34 33 56 96 145 76 126 89 23 9 45 59 15 48 16 47 61 77 83 135 100 134 43 133 39 42 
134 120 126 40 107 118 131 42 88 31 54 147 41 110 34 15 49 93 17 20 121 117 68 87 111 105 146 92 103 5 4 78 140 8 132 142 122 45 24 91 150 74 133 95 28 79 65 85 148 39 32 115 82 89 143 16 124 72 66 63 96 3 125 71 130 55 98 26 101 99 27 12 69 76 64 84 106 129 46 86 21 116 10 35 52 2 75 83 119 14 36 18 97 128 11 136 13 25 123 61 7 80 1 22 138 59 43 58 29 33 44 19 112 114 48 139 9 109 81 70 94 100 62 23 67 60 57 113 127 37 90 47 141 53 51 144 102 30 149 137 6 50 38 77 104 108 135 145 73 
34 61 90 69 41 147 35 49 129 127 142 37 103 124 24 138 134 53 21 146 17 117 29 11 113 148 89 149 51 118 59 25 125 101 60 98 123 70 109 66 5 97 52 64 28 65 130 93 71 91 78 104 99 92 145 48 80 77 133 58 112 132 1 128 46 108 4 50 79 62 102 13 88 87 73 136 20 76 122 27 10 40 144 141 84 114 43 115 121 42 36 44 33 106 72 31 119 116 85 47 107 6 15 135 7 68 18 63 150 81 100 8 105 67 94 131 26 95 143 54 9 139 126 22 3 23 75 56 110 82 137 55 19 30 120 39 45 32 2 38 86 96 83 16 12 111 74 140 14 
70 141 131 140 8 7 112 78 103 22 113 62 84 10 45 134 126 30 105 65 32 145 118 28 127 83 76 74 120 72 75 59 129 107 1 111 147 4 150 23 115 82 55 125 80 85 31 92 87 79 130 13 138 57 6 133 67 119 149 143 47 48 40 124 16 2 117 44 27 34 64 91 63 98 93 24 37 12 114 88 108 38 144 39 51 11 102 136 19 14 61 69 146 97 132 21 73 49 123 5 60 41 110 17 35 46 52 9 56 95 66 142 53 139 81 50 89 54 90 33 77 101 96 128 20 135 36 68 106 109 18 122 3 26 104 29 121 148 99 116 100 43 137 94 25 86 15 42 71 
82 73 21 130 66 150 96 121 54 144 139 40 113 28 87 72 105 8 25 57 47 51 90 34 33 7 117 58 80 46 50 122 74 123 61 140 109 6 91 142 16 98 14 141 145 115 146 107 32 62 104 78 85 97 128 138 5 39 132 36 27 76 41 88 44 70 77 129 55 92 12 10 95 118 131 106 93 114 110 79 81 108 13 3 133 149 63 135 94 148 20 103 49 134 38 22 67 124 112 69 35 125 29 15 11 147 126 52 127 48 136 42 2 75 143 30 45 68 84 111 19 43 17 65 102 18 100 89 71 26 9 60 31 83 37 101 64 1 120 99 86 23 24 137 4 119 56 53 116 
29 144 82 149 3 120 124 91 113 47 42 11 75 128 132 105 127 118 84 137 90 80 74 33 69 18 106 136 40 134 93 7 5 135 10 48 92 122 67 49 15 101 19 58 125 45 147 54 79 13 57 73 36 68 116 44 30 26 121 100 35 129 109 70 23 61 72 102 130 27 87 56 22 81 43 55 65 146 89 24 133 28 20 76 25 16 34 114 1 31 53 46 83 119 142 6 111 141 39 12 63 145 21 71 62 117 8 88 64 150 148 131 123 4 126 143 112 139 52 108 37 50 96 98 32 107 77 140 9 97 115 99 14 94 38 138 86 95 103 66 51 59 17 85 41 104 2 78 110 
121 47 102 48 3 69 32 63 140 29 98 135 96 4 91 79 87 26 94 30 53 70 122 83 11 37 99 81 104 105 95 8 22 74 107 66 65 141 142 88 106 31 146 21 60 113 49 73 58 111 139 59 117 124 126 116 97 2 34 119 120 129 57 85 127 108 25 38 137 114 14 51 54 27 56 28 6 42 130 150 7 78 1 39 115 128 19 16 110 64 89 45 41 90 35 77 132 18 103 147 68 44 148 40 5 138 15 92 134 10 93 24 144 75 101 71 36 12 84 82 145 52 143 76 112 9 109 33 17 125 80 149 50 133 123 23 62 13 46 20 72 131 136 67 55 43 118 100 86 
51 87 69 150 125 37 7 132 84 126 15 145 36 144 52 140 61 110 72 100 122 4 40 131 124 34 149 147 57 114 11 16 27 102 67 99 113 111 19 90 50 75 91 137 127 28 41 89 77 76 35 80 39 26 25 22 8 74 73 118 24 47 92 139 119 148 86 17 56 88 14 65 98 128 55 112 123 12 108 23 3 33 121 46 38 30 107 68 104 58 143 142 45 120 83 103 116 10 133 82 31 146 94 42 79 134 70 130 53 117 1 81 138 105 2 32 54 59 106 44 18 5 64 85 135 21 29 60 13 136 66 49 97 63 115 78 71 95 109 141 48 6 93 96 129 9 101 20 43 
139 119 60 75 142 105 86 13 94 121 2 76 104 61 9 33 65 8 140 51 138 11 88 146 117 87 12 37 96 80 118 92 109 21 48 26 50 29 135 52 66 100 97 112 49 25 143 45 54 27 41 150 64 124 47 23 99 68 84 133 127 129 82 85 81 55 73 7 18 10 148 83 89 67 126 106 114 44 102 32 137 98 34 74 62 78 141 20 113 15 108 149 36 17 69 14 59 6 147 122 71 110 131 5 56 91 116 128 123 22 132 28 58 16 1 57 101 90 72 145 115 136 103 39 134 19 30 125 93 24 144 95 107 3 43 42 4 111 38 35 120 31 77 79 70 46 130 53 40 
45 87 12 27 134 14 4 81 145 48 56 129 90 91 101 149 98 95 125 13 80 84 3 71 116 68 121 140 60 61 2 106 138 51 11 47 70 128 6 67 36 8 111 142 37 79 92 102 15 96 83 107 89 117 131 147 109 41 72 112 43 69 126 21 132 127 31 144 119 39 52 55 33 120 49 74 141 59 150 110 58 35 63 148 133 105 97 136 75 76 18 7 77 23 57 42 16 124 104 44 10 24 40 94 115 19 28 86 108 65 25 66 62 130 139 1 53 20 46 73 78 50 26 113 99 32 82 143 5 22 17 123 118 85 54 135 114 103 38 9 30 93 88 100 137 34 146 29 122 
76 150 74 15 20 7 36 122 10 59 55 94 80 23 107 146 78 126 46 90 4 117 53 50 14 25 40 5 142 57 127 58 37 49 70 110 32 104 96 109 67 139 149 133 148 100 60 136 33 11 30 9 88 8 21 138 81 87 120 6 56 118 83 134 115 85 43 112 93 141 62 48 18 103 17 102 128 77 111 131 64 2 26 98 99 124 73 114 144 125 45 61 147 72 54 34 119 140 31 71 135 95 91 28 89 24 35 12 69 84 137 42 123 97 145 66 16 19 22 79 105 130 1 92 13 63 75 29 116 41 132 3 106 47 68 51 44 143 86 39 108 27 82 121 101 113 38 129 52 
110 51 146 50 113 87 82 94 88 148 95 53 127 63 64 131 84 89 25 97 121 117 40 10 58 119 12 112 85 126 132 13 48 125 29 33 99 114 139 79 105 54 77 71 24 19 69 37 43 65 41 38 108 116 81 45 52 78 145 57 92 49 67 144 32 23 39 76 103 104 135 150 80 111 98 16 149 46 142 26 11 36 141 14 61 68 147 120 137 72 56 15 86 83 101 93 27 96 91 28 138 4 124 1 75 22 59 136 143 122 74 106 109 47 3 133 100 130 35 30 17 107 8 21 42 115 7 123 102 44 90 6 62 70 140 73 34 31 9 128 5 118 55 129 60 20 18 2 134 
30 135 36 16 35 98 92 62 55 28 94 47 8 134 138 18 25 112 6 44 88 128 9 49 86 117 26 4 20 108 133 120 103 15 136 140 78 10 99 95 21 38 59 61 68 93 24 64 29 73 74 96 116 72 54 37 12 149 48 110 39 71 80 22 27 43 46 31 137 77 57 32 142 105 81 115 52 2 63 60 109 70 104 106 7 102 82 83 53 97 50 122 90 45 139 42 132 111 143 131 33 141 126 150 87 147 84 125 127 40 123 144 76 51 124 14 100 146 58 13 75 19 34 129 5 23 91 65 11 85 113 56 79 1 3 89 130 118 41 114 148 101 121 119 145 17 107 69 66 
136 116 49 105 138 8 90 97 134 22 127 144 130 2 125 23 129 135 77 11 43 87 19 14 115 1 110 147 7 137 4 107 143 111 65 142 78 28 83 85 66 54 133 117 32 84 139 51 128 102 25 62 35 94 70 73 50 132 108 3 140 124 67 26 150 31 56 42 44 41 91 101 82 99 53 36 71 122 33 146 80 16 5 100 21 20 69 145 64 86 59 131 104 52 106 89 148 76 63 10 60 75 118 58 72 57 112 15 123 29 9 13 47 18 12 141 30 40 46 79 37 95 96 121 6 34 149 93 114 27 88 126 61 120 113 48 39 119 55 24 92 109 17 81 74 98 38 45 103 
122 47 53 82 25 31 134 37 73 36 147 145 142 87 137 146 126 3 70 32 35 42 101 144 114 116 129 99 109 112 150 72 139 79 86 13 110 111 98 68 136 130 100 75 84 119 66 5 65 49 26 59 8 107 51 115 133 118 54 124 106 60 50 2 44 57 138 46 95 140 62 20 48 96 80 143 132 63 55 7 11 24 23 103 81 6 102 128 28 104 17 61 148 97 125 33 90 117 120 58 127 38 93 123 56 27 12 88 113 43 76 30 14 92 41 10 34 40 131 15 108 74 45 83 141 91 4 1 105 18 121 22 71 9 29 19 39 67 135 94 89 64 85 21 52 77 16 78 149 
85 84 33 121 138 88 134 66 28 8 79 93 9 137 115 40 76 91 113 71 63 150 36 130 129 118 4 47 119 69 75 64 78 105 30 10 46 74 127 81 38 13 68 26 145 16 57 34 55 99 147 100 44 111 106 61 136 87 65 107 67 122 102 58 5 17 126 54 51 42 86 123 41 39 142 11 82 19 132 143 90 37 125 56 117 131 43 24 7 92 135 112 94 59 3 95 15 128 124 139 72 120 18 31 148 77 73 144 96 35 21 103 116 29 50 110 146 89 12 1 114 48 45 20 32 49 27 14 60 140 83 108 149 141 6 52 109 2 97 22 25 62 98 23 101 133 104 53 80 
126 42 61 93 73 33 97 6 11 14 68 65 137 140 138 56 3 52 79 43 10 7 98 92 105 130 131 150 143 95 62 101 17 13 69 45 72 25 103 100 20 115 78 99 128 120 55 9 84 51 64 35 147 16 87 38 76 57 12 148 86 107 117 46 134 2 119 139 32 144 90 129 28 108 66 37 24 29 47 36 41 31 48 82 94 53 81 141 34 149 85 96 124 19 27 60 127 44 102 83 59 125 75 77 121 113 135 133 8 136 118 110 145 18 26 58 114 63 80 67 21 4 116 50 40 109 112 23 22 89 30 91 39 70 74 104 111 54 122 123 5 132 142 15 1 88 49 146 106 
141 122 4 2 74 30 150 16 145 87 143 128 108 93 75 95 49 23 102 63 104 53 89 127 5 77 17 70 97 42 15 27 144 107 45 11 54 110 22 98 44 36 132 92 10 19 105 78 68 8 59 142 41 24 21 64 66 94 9 18 67 121 6 12 48 25 83 90 120 114 139 76 26 60 32 1 123 13 134 7 112 58 40 37 43 34 65 31 106 149 69 117 46 113 115 101 99 82 71 147 88 136 3 96 129 148 140 131 116 79 80 125 135 126 118 35 84 28 56 20 146 81 51 119 62 39 50 55 52 33 138 124 85 29 100 109 91 38 103 14 137 57 61 133 47 73 130 86 111 
16 26 40 20 104 144 39 130 111 137 33 90 89 25 37 143 19 74 100 28 7 43 145 77 110 109 61 133 129 103 76 49 127 125 82 31 85 52 11 98 122 62 44 107 102 35 70 81 15 140 142 79 50 121 10 126 84 51 120 83 95 141 64 99 13 88 134 72 106 66 9 78 41 69 80 92 30 63 2 54 58 114 94 12 136 1 105 27 96 139 4 132 108 115 3 117 24 6 87 75 118 18 45 32 150 146 38 36 21 116 101 53 149 97 68 42 23 34 65 59 47 131 135 124 5 123 93 112 148 22 57 8 56 46 67 17 71 119 86 147 60 14 29 55 138 113 48 128 91 
43 79 143 18 103 111 92 97 11 107 113 17 22 84 2 19 58 104 85 89 96 44 9 20 33 102 145 24 21 63 120 16 49 32 121 52 31 135 78 75 27 83 72 56 28 5 51 133 149 59 91 125 81 67 64 29 71 129 134 45 122 126 38 141 77 119 50 41 25 127 86 140 115 105 55 73 37 34 26 76 65 144 139 69 116 114 138 136 88 146 90 46 132 7 80 10 39 61 98 93 8 15 118 68 142 23 124 112 95 48 87 47 4 82 109 6 3 13 42 60 70 53 66 137 35 57 62 54 106 150 14 123 94 100 130 147 108 110 131 117 36 1 128 30 12 99 40 148 101 
64 127 54 88 109 133 128 124 34 94 40 85 67 83 65 120 76 9 31 79 25 108 99 86 45 101 149 14 106 13 30 131 60 126 142 12 143 70 47 132 7 39 11 134 80 3 29 37 119 90 130 140 44 16 28 87 43 96 125 5 121 100 10 58 24 46 69 147 116 146 78 49 122 35 21 118 57 38 135 110 71 92 112 104 66 84 111 68 6 61 136 129 17 117 113 103 51 137 50 77 91 52 56 102 98 105 42 36 41 82 8 93 62 95 23 139 33 107 97 148 73 2 55 27 48 1 59 89 63 74 19 20 4 32 144 72 81 15 138 114 26 115 18 123 53 22 141 145 150 
95 85 149 91 108 37 19 15 119 49 148 74 99 96 9 142 55 122 66 136 62 73 23 6 128 112 93 147 80 5 53 138 64 121 101 10 11 38 107 18 127 17 79 28 134 104 150 115 131 88 113 56 97 125 12 34 7 126 48 109 84 105 32 132 124 43 20 45 89 44 54 140 102 16 144 3 78 2 68 61 118 50 123 33 70 26 75 90 13 42 83 120 46 41 21 143 72 65 137 47 145 103 81 27 59 4 141 69 130 52 22 117 94 87 106 25 92 24 86 35 71 8 98 31 1 114 60 29 14 57 58 36 129 139 30 51 67 39 133 110 77 100 82 40 116 111 146 63 135 
139 115 55 98 63 121 64 8 144 132 43 60 110 122 87 44 142 150 2 99 88 69 56 148 7 68 32 100 143 107 116 47 138 3 1 5 90 97 89 104 52 12 4 14 62 82 59 18 130 22 92 50 33 74 128 79 93 80 6 51 58 84 72 26 124 46 35 111 70 76 16 129 81 86 101 11 31 140 78 137 119 23 94 66 134 136 17 27 25 45 36 96 39 67 29 61 112 125 13 117 102 9 37 83 41 95 53 10 146 65 15 113 109 126 49 145 118 127 24 85 73 135 133 105 123 108 34 106 141 131 114 20 120 40 75 21 28 91 38 57 30 71 19 149 42 147 103 48 54 
139 60 147 134 66 148 47 92 14 112 122 106 85 75 10 149 125 95 113 110 103 76 40 21 145 6 50 55 16 71 150 124 51 11 30 58 53 68 33 99 81 115 72 114 39 19 97 24 29 9 54 133 136 98 100 5 43 86 94 41 25 144 108 70 15 52 8 104 83 46 32 107 137 77 143 73 105 82 45 74 23 7 102 87 128 142 132 111 3 65 129 35 26 141 44 42 119 131 62 96 49 18 126 121 67 120 118 36 79 22 69 13 127 63 38 123 61 135 1 17 88 89 101 2 34 37 130 64 56 146 12 57 28 84 90 20 59 117 48 140 109 31 4 93 116 27 138 80 91 
15 69 4 123 78 124 126 33 1 83 107 40 55 46 22 95 2 21 47 39 115 141 24 139 142 127 76 91 58 10 104 63 94 117 70 145 85 6 62 81 143 23 20 32 54 50 120 98 109 131 106 84 29 134 14 13 125 34 77 31 67 114 148 100 118 73 48 140 92 105 61 101 30 71 52 28 43 111 116 74 17 130 49 113 133 93 102 57 8 128 112 150 88 90 51 65 64 149 80 72 66 110 96 44 26 59 87 41 53 35 18 27 138 42 99 121 3 9 146 16 89 56 68 75 147 119 60 5 136 132 36 137 7 38 19 144 25 97 103 82 129 12 11 122 45 37 135 86 108 
119 1 147 86 40 148 98 124 117 41 89 10 133 29 2 55 78 59 14 120 149 115 58 7 127 142 108 23 85 97 111 122 84 101 3 88 30 72 46 25 140 38 131 50 150 139 20 45 39 61 99 125 94 141 28 146 102 75 83 16 35 92 144 19 69 112 31 82 64 109 49 44 67 22 54 24 21 5 107 123 87 106 36 12 143 65 13 33 26 134 17 95 63 93 110 18 121 100 76 128 43 62 51 47 114 74 53 137 66 6 34 91 145 15 77 136 113 103 129 52 104 70 79 11 60 48 42 71 96 68 130 57 8 116 90 118 9 138 105 32 73 135 4 132 27 37 81 126 56 
34 96 15 17 141 33 111 86 120 132 45 84 123 144 12 38 16 87 26 52 19 80 13 110 44 149 46 31 48 8 148 25 22 89 112 82 115 36 101 32 21 117 4 24 9 91 99 92 39 57 116 55 133 122 51 59 124 139 23 102 73 10 131 72 107 53 74 54 62 138 70 20 71 146 103 61 66 128 126 37 85 47 109 143 136 60 2 77 142 56 5 11 134 137 94 58 41 69 3 68 108 98 7 105 125 30 43 140 67 130 75 114 79 28 118 18 42 50 147 127 90 49 64 119 113 1 93 145 150 106 6 135 29 76 40 63 104 95 129 100 14 65 27 97 88 83 121 35 78 
57 108 65 68 63 142 28 52 101 38 113 118 74 120 8 129 14 78 45 121 130 111 81 53 125 112 94 26 5 73 147 110 42 141 37 21 138 105 9 19 115 10 114 119 91 123 109 1 4 132 85 75 46 99 24 50 31 84 12 107 34 124 76 79 29 135 58 61 69 17 54 41 67 48 56 136 146 86 62 35 3 27 102 106 6 122 148 144 11 25 103 60 13 117 100 70 89 133 64 150 72 96 87 7 145 128 16 20 104 15 59 71 77 47 23 140 126 55 49 134 44 88 98 2 93 143 33 127 66 139 116 36 97 90 43 137 83 40 22 95 51 80 30 92 131 18 149 32 39 
113 146 41 46 47 149 84 109 23 91 8 5 22 43 65 14 33 1 98 131 4 17 96 94 26 117 112 118 141 44 80 21 60 67 28 59 122 40 31 97 20 147 62 74 119 88 125 27 100 55 104 42 53 128 25 107 12 16 82 19 144 54 85 37 49 78 81 108 140 93 72 36 135 132 136 121 115 24 48 90 137 29 34 127 86 71 99 126 73 35 51 57 106 150 133 111 38 30 101 70 103 64 124 68 77 13 102 69 110 87 148 139 75 39 92 114 9 95 66 32 105 10 143 63 76 79 134 15 2 18 138 120 61 130 56 89 50 142 6 7 145 3 129 58 116 45 11 52 123 
6 32 90 23 134 109 68 144 131 103 65 114 51 8 138 72 86 24 13 21 102 132 112 100 5 117 64 106 69 54 36 113 55 73 133 93 126 80 48 34 110 127 38 115 75 148 92 129 66 95 18 89 125 96 50 104 71 7 67 2 147 81 58 105 53 17 121 43 124 46 39 91 62 128 145 56 4 10 52 42 25 136 11 119 74 140 9 29 14 83 30 85 143 33 61 94 15 70 1 31 107 150 41 20 77 87 139 37 135 130 22 40 44 26 45 60 88 101 82 79 116 47 59 123 12 108 141 142 27 19 149 99 97 49 120 3 16 146 98 76 57 28 35 63 111 122 78 118 137 
34 27 45 132 81 60 11 55 14 79 105 88 93 2 78 130 74 96 142 44 15 89 3 77 17 107 91 98 144 82 111 10 22 51 30 126 112 92 67 72 134 59 64 114 73 47 63 87 25 58 40 83 135 146 56 139 4 147 28 41 116 140 120 86 31 100 97 39 13 138 149 109 141 76 113 32 68 131 95 38 9 24 143 137 54 129 104 33 145 46 125 70 62 20 50 66 119 103 121 42 6 18 26 133 5 1 12 16 118 90 123 148 110 8 21 136 7 150 48 84 19 106 94 117 124 75 52 102 69 101 127 49 122 80 36 128 43 65 115 35 108 23 57 71 37 29 99 53 61 
116 8 22 39 14 25 28 15 72 58 65 32 74 51 33 23 96 123 55 73 2 145 19 129 107 79 35 60 93 5 40 18 146 1 140 113 76 44 85 130 87 4 9 139 46 13 78 127 82 128 83 30 132 131 138 100 49 147 64 7 95 122 92 57 17 81 125 69 70 77 48 148 103 21 59 101 91 117 27 136 98 84 88 121 71 68 24 62 31 102 37 111 97 52 120 99 16 126 118 45 34 134 75 29 42 143 141 38 11 90 150 105 133 67 10 124 43 104 112 115 3 26 50 110 109 106 94 54 80 119 56 63 20 53 89 114 142 135 47 108 12 36 41 66 149 61 137 144 6 
145 68 45 15 28 141 88 38 67 79 106 108 46 136 7 71 43 70 30 64 47 72 80 125 120 100 95 12 140 31 29 8 57 52 126 134 82 101 34 94 111 33 105 16 10 116 59 78 4 127 17 9 58 122 85 41 3 143 5 14 36 18 107 23 128 130 147 73 150 99 144 142 26 93 48 109 124 22 61 110 77 148 62 24 35 131 25 90 13 53 137 11 104 149 97 66 112 54 117 103 114 91 39 51 42 98 44 76 37 55 138 121 132 6 115 118 50 60 20 129 40 27 92 1 65 113 133 139 49 123 2 84 102 89 81 32 69 74 75 56 119 96 19 63 135 83 21 86 146 
39 107 126 83 98 7 141 34 140 82 123 143 84 63 27 30 89 38 22 25 8 100 46 73 43 45 69 127 66 64 102 28 105 110 40 86 26 144 79 15 70 67 51 101 57 44 114 129 62 94 87 92 33 148 55 90 74 109 118 116 119 31 78 137 138 95 130 20 117 136 59 47 132 54 42 111 97 23 112 104 18 135 108 103 133 93 122 16 65 17 4 12 80 37 131 134 72 32 145 125 56 3 99 50 52 2 5 19 10 106 14 139 60 49 9 29 147 58 24 77 21 146 36 81 91 13 113 53 1 71 124 48 76 142 85 68 11 61 41 115 120 121 96 35 149 6 128 75 150 
95 102 91 149 105 47 52 90 39 40 58 100 108 29 150 9 138 125 54 48 42 99 79 55 71 12 20 80 66 111 61 124 17 123 70 65 64 104 78 135 87 33 30 134 53 19 88 139 49 101 126 93 115 18 76 128 31 36 32 69 116 50 59 41 84 73 26 44 35 107 142 45 132 129 13 60 37 5 46 143 11 131 34 57 68 98 82 56 145 43 96 8 77 140 7 144 27 62 21 72 147 14 15 103 81 1 133 97 16 28 114 75 119 3 2 146 94 113 122 117 109 121 136 51 63 130 127 83 38 120 74 110 24 92 106 23 112 137 67 6 85 25 22 86 148 4 141 10 118 
45 52 36 10 1 134 8 25 132 35 46 32 15 69 18 91 99 24 88 2 44 123 115 145 4 111 79 150 68 143 110 42 126 65 26 55 50 127 33 84 5 64 74 140 63 11 96 43 121 75 130 71 19 114 57 89 102 105 94 48 122 92 31 47 148 16 138 109 78 135 40 60 125 81 101 93 59 139 144 21 61 86 53 118 70 124 83 146 17 62 85 77 106 98 108 82 37 120 54 20 104 119 12 107 72 128 100 39 87 133 27 137 117 142 22 34 7 76 6 30 149 3 80 9 73 66 29 112 56 14 49 129 95 28 97 38 13 67 103 131 147 51 116 58 113 136 141 41 23 
12 38 11 27 6 52 48 135 35 71 90 69 74 89 93 49 149 140 110 85 79 16 19 18 94 134 28 15 92 26 21 5 47 31 143 36 59 117 112 88 65 45 142 50 124 51 34 44 8 130 84 39 63 144 128 78 83 81 145 146 24 100 87 131 56 147 10 104 113 141 54 122 53 76 29 148 25 103 66 116 109 20 106 3 133 14 80 126 101 58 138 62 64 95 55 22 37 30 115 123 97 137 136 139 46 108 107 118 13 42 9 75 23 72 32 7 114 111 43 127 2 129 86 121 70 150 99 125 77 82 98 105 67 33 60 68 96 120 17 132 73 40 4 57 41 61 1 102 119 
62 111 16 44 126 40 115 53 52 6 81 32 61 35 82 79 102 9 148 43 147 106 24 25 65 69 58 88 41 10 39 8 103 51 139 105 145 119 30 55 63 12 124 107 34 132 37 99 33 123 71 48 90 4 120 98 121 89 19 130 140 143 23 137 60 135 146 133 14 78 28 96 5 22 112 127 97 21 75 134 15 110 141 7 50 17 1 83 113 54 27 74 85 125 42 56 11 59 149 2 95 46 150 26 72 76 66 31 80 142 117 47 18 86 136 108 20 128 94 70 67 84 77 131 45 138 36 38 109 73 114 68 87 104 64 91 116 144 93 57 101 3 129 122 29 100 118 13 49 
2 17 49 34 142 133 58 29 106 141 128 137 118 23 140 76 122 60 43 101 37 19 30 24 89 38 95 26 42 22 20 41 59 67 87 35 48 147 108 148 53 32 61 114 88 80 27 51 64 10 136 146 16 145 45 6 100 75 63 44 77 3 107 14 86 7 119 116 135 138 96 150 47 28 143 90 18 73 9 15 112 71 98 102 139 65 85 11 13 129 117 84 36 79 130 21 50 131 69 52 8 33 70 81 144 12 123 109 113 56 126 25 120 121 46 94 110 1 82 91 111 103 5 4 66 99 83 68 78 31 134 124 127 74 39 104 115 72 149 40 132 54 105 62 97 55 57 92 125 
88 97 18 74 11 43 101 66 2 13 54 149 46 53 71 98 41 17 42 136 143 10 55 108 133 65 1 84 78 124 123 69 68 95 122 72 16 15 6 145 89 70 40 77 114 129 100 104 30 31 75 91 26 32 59 4 141 25 146 93 132 134 36 99 8 87 111 39 85 112 35 90 7 127 115 110 119 38 83 130 116 20 51 79 118 27 82 102 142 137 57 81 86 135 138 107 120 113 96 50 105 24 45 63 3 52 64 92 140 148 44 60 47 19 67 21 117 62 12 22 23 144 34 128 28 73 61 139 150 125 76 14 37 9 131 80 56 49 29 103 5 126 33 109 147 106 121 58 48 
16 6 59 102 1 88 48 4 33 79 85 75 32 76 107 43 23 67 93 116 143 82 74 12 11 98 120 27 37 109 80 44 50 138 41 20 125 49 119 47 5 133 117 132 84 96 71 105 140 124 141 110 148 58 92 53 61 100 7 19 128 115 70 18 54 29 97 31 39 22 38 46 129 121 36 147 134 57 103 89 56 26 139 118 149 10 94 122 130 126 81 13 45 144 64 66 127 21 146 113 86 60 145 101 65 35 83 51 73 112 106 14 87 24 78 34 131 104 123 68 142 62 17 150 72 108 8 99 25 52 137 111 55 69 63 28 136 90 15 42 30 9 135 40 2 3 114 91 77 
86 3 134 75 102 85 137 24 40 142 11 17 89 5 9 60 125 135 76 2 73 10 52 18 69 147 119 1 16 90 14 115 123 50 30 4 65 132 71 28 19 49 47 136 54 148 53 81 101 133 48 58 56 98 139 117 66 70 51 67 26 84 99 108 113 140 12 20 37 35 78 100 94 82 138 64 59 41 107 55 150 61 13 21 74 111 95 31 145 8 27 38 128 39 103 25 127 80 87 143 109 116 88 92 62 120 46 36 6 112 144 106 105 79 83 149 130 129 93 34 23 104 141 126 22 118 124 97 43 68 45 110 42 7 29 15 63 146 32 72 44 121 33 122 77 91 131 57 114 
59 16 8 94 115 30 100 117 20 128 14 77 143 89 46 63 31 70 137 114 150 13 111 110 102 103 54 145 71 138 41 109 6 132 21 73 106 61 53 45 15 35 82 79 124 22 101 57 60 62 27 86 135 19 50 47 81 49 122 144 78 52 23 18 38 55 72 40 142 141 95 116 66 11 48 2 83 119 131 121 148 90 99 136 65 88 113 129 149 56 126 43 85 146 112 118 10 51 24 29 74 68 4 32 1 25 125 69 87 42 75 123 28 130 37 5 147 58 140 9 7 93 84 3 108 139 76 107 133 12 44 104 134 64 33 120 80 105 36 98 127 67 26 96 91 34 39 17 92 
31 83 106 35 134 103 16 90 67 78 92 136 150 45 14 36 58 130 137 120 13 108 64 109 47 121 73 131 81 86 119 107 104 40 55 74 110 128 29 60 125 117 52 126 30 28 15 53 27 10 71 26 24 46 132 97 1 82 51 118 139 146 72 9 115 105 135 122 124 20 57 3 23 79 70 145 25 65 77 54 85 140 80 2 32 18 88 56 127 144 38 114 44 75 6 19 62 33 69 63 76 22 39 91 123 149 89 12 112 100 141 96 61 43 49 42 84 101 68 41 138 4 5 11 93 50 142 102 133 116 94 111 34 87 95 8 148 147 59 66 48 99 17 113 21 37 129 143 7 
118 131 31 34 80 90 5 114 15 148 17 108 35 2 33 79 26 126 125 149 56 69 150 95 128 21 68 13 115 14 40 25 3 20 50 140 73 36 85 11 87 27 135 136 134 62 138 130 112 89 6 119 116 102 88 60 53 141 117 123 44 19 48 92 67 97 142 7 77 38 145 16 37 75 137 39 93 110 4 144 147 113 103 98 121 29 76 96 70 132 18 104 109 72 139 54 43 59 55 78 133 42 51 86 22 129 41 91 63 64 111 83 1 100 49 74 82 57 45 61 32 107 122 28 65 101 24 106 120 52 58 23 94 105 10 8 81 143 46 12 9 71 66 124 84 146 47 127 30 
68 6 99 38 11 79 84 8 124 117 105 112 13 55 122 107 51 15 42 50 110 17 78 136 66 128 82 40 21 20 10 86 52 101 49 109 123 143 39 131 54 5 71 92 81 22 29 103 34 96 120 80 142 113 56 27 108 25 119 53 89 104 114 95 88 134 63 144 26 67 90 111 91 140 150 41 76 33 87 85 83 59 75 24 94 30 149 44 57 60 7 37 43 9 69 72 14 61 70 147 141 35 36 145 73 74 97 16 132 146 3 18 121 93 135 28 130 133 31 116 19 138 12 106 129 118 2 58 64 47 137 139 32 77 65 48 46 148 98 102 127 126 45 125 62 1 4 115 23 
75 127 5 52 99 40 61 102 10 83 22 90 8 112 123 63 133 139 85 58 33 34 59 143 36 108 68 23 65 24 105 130 141 137 31 26 19 48 111 150 132 92 2 124 1 60 140 7 11 53 17 29 131 37 78 56 80 148 74 117 12 3 115 72 38 136 89 20 9 81 84 41 93 55 70 15 14 147 86 69 47 54 94 77 97 119 149 35 114 43 51 6 28 128 113 91 18 126 96 42 103 125 25 121 138 118 129 110 27 120 134 71 45 30 66 135 64 4 49 46 39 100 21 73 87 98 57 116 142 79 88 146 104 32 82 16 62 144 106 95 67 145 122 107 76 50 44 109 13 
96 21 126 60 146 13 80 115 132 82 145 33 114 106 49 103 111 54 97 88 109 124 84 10 8 41 15 87 92 91 64 34 119 122 47 90 53 48 135 131 38 1 77 94 104 29 85 52 61 112 35 4 121 58 127 5 130 137 17 37 56 42 95 107 70 19 110 28 45 133 31 14 116 27 62 78 32 139 140 143 108 7 46 144 68 51 12 43 69 20 23 59 99 83 136 57 73 98 25 40 30 2 117 3 9 89 125 76 118 16 123 128 147 86 150 67 120 11 113 65 39 75 26 50 138 100 129 44 142 105 101 141 18 22 74 134 63 55 71 93 81 66 149 79 72 148 24 6 36 
127 149 83 14 27 146 150 49 45 89 58 99 52 116 61 59 92 46 117 100 102 80 38 93 79 37 122 20 105 32 41 141 4 18 78 145 96 31 33 3 15 39 107 19 124 1 88 40 143 121 118 84 69 73 114 109 98 55 67 77 42 147 90 86 110 113 135 24 136 35 30 10 6 7 72 119 22 75 54 43 48 125 50 97 62 139 128 87 12 65 129 17 138 60 144 111 26 81 126 132 85 51 104 11 142 56 101 5 44 68 66 123 63 71 148 29 13 112 9 2 8 91 64 70 21 28 131 36 47 108 34 25 140 130 82 74 106 95 137 76 23 133 16 134 115 57 53 94 120 
36 23 146 123 74 135 10 139 31 86 39 15 72 132 137 37 1 53 140 7 49 26 125 52 48 64 59 3 121 109 143 80 88 119 133 77 113 21 5 11 67 103 117 114 46 134 82 63 111 96 44 84 34 141 138 13 70 91 120 115 28 60 2 98 9 93 122 89 79 43 112 83 126 127 18 148 87 51 102 124 99 108 145 90 4 81 6 66 58 107 27 62 130 150 131 94 100 61 144 75 142 40 45 41 118 110 69 85 38 101 47 35 76 105 22 128 136 97 149 65 56 29 16 106 12 30 8 25 33 20 129 14 71 73 17 24 19 68 32 78 92 55 50 57 54 116 95 147 42 
88 132 55 135 4 50 38 99 58 125 121 18 75 81 32 19 100 86 12 97 31 118 80 29 49 92 73 61 78 141 2 63 60 52 137 122 56 144 147 64 145 72 17 106 140 108 23 83 22 44 79 128 134 6 5 101 124 69 15 20 96 111 94 127 117 7 53 87 148 35 37 107 59 41 130 136 104 123 138 54 27 43 116 45 33 1 10 11 76 126 13 85 129 120 62 34 109 68 146 40 28 112 150 131 65 142 143 91 110 103 74 89 21 102 25 133 70 67 39 82 9 3 90 46 114 98 77 51 36 57 14 84 26 42 66 115 48 30 71 119 149 16 139 95 47 24 113 8 93 
14 116 97 119 130 117 146 23 95 84 139 122 35 9 68 65 114 12 123 70 83 141 94 142 16 93 71 149 101 137 28 52 105 17 72 58 34 24 102 124 19 96 131 2 86 81 82 89 67 36 15 75 118 62 135 78 91 42 6 55 90 37 53 48 88 126 140 148 40 99 18 77 3 112 150 25 76 66 132 26 57 47 136 73 7 32 79 92 11 27 20 125 129 22 38 13 113 109 121 29 103 147 104 111 80 128 63 144 31 85 41 56 44 134 108 30 60 138 50 54 39 51 33 8 61 10 143 21 110 69 98 127 115 100 74 145 64 5 43 133 4 49 120 1 45 87 46 59 107 
14 37 110 39 44 11 12 78 129 124 125 111 8 6 136 66 77 72 46 54 147 101 23 25 123 59 2 149 113 49 96 24 138 18 87 19 10 43 121 40 145 3 112 48 97 122 109 127 31 35 26 135 105 131 99 76 34 142 30 95 98 119 146 133 84 139 150 92 15 94 114 67 86 7 65 64 116 61 58 106 90 55 56 88 91 81 27 73 71 126 20 140 50 63 103 60 9 79 70 47 141 75 89 108 130 144 82 93 33 41 13 22 51 29 134 62 74 57 69 115 132 45 38 104 102 32 80 21 52 137 17 42 128 36 85 1 120 28 4 100 5 68 143 118 53 16 83 117 148 
146 47 57 29 102 138 73 32 77 72 150 144 22 79 113 16 132 142 37 124 2 143 136 42 15 89 131 110 130 45 66 64 71 93 36 85 70 112 38 133 90 8 109 63 83 119 84 11 99 122 52 23 104 17 18 60 117 140 44 139 7 67 49 127 137 33 125 48 91 56 129 96 78 50 141 65 148 114 13 4 118 115 9 34 26 97 41 35 1 31 107 27 25 111 80 121 105 88 14 6 82 134 120 76 24 59 81 149 103 69 51 128 92 95 123 30 5 55 106 147 61 98 100 20 101 75 21 53 28 86 10 87 39 54 12 46 145 135 126 94 68 40 116 58 74 19 62 43 3 
19 84 106 33 96 97 20 111 118 53 132 60 125 119 112 6 72 43 101 82 7 120 108 107 86 85 79 146 105 68 144 102 143 46 22 137 94 74 71 15 66 80 92 110 135 21 2 65 32 121 88 113 76 75 14 61 55 89 49 91 77 58 138 39 98 64 117 93 42 115 114 140 124 136 8 40 18 48 127 123 134 57 131 12 3 141 13 47 70 139 37 142 50 99 63 129 54 133 31 35 5 130 122 100 83 29 73 41 90 95 62 34 10 103 81 4 16 36 126 147 59 27 145 26 24 150 52 23 17 11 1 28 104 44 78 149 45 69 67 9 25 56 51 30 128 87 116 38 148 
133 145 8 65 12 10 122 15 101 59 75 113 64 114 90 105 120 43 41 11 134 14 103 93 62 50 125 71 9 92 96 106 22 148 58 73 88 51 100 108 31 21 4 57 40 20 119 109 60 18 34 54 137 42 95 86 150 33 19 55 85 121 112 53 32 147 77 131 76 35 68 127 67 70 141 45 104 37 46 149 107 80 98 47 89 87 25 39 1 115 26 49 3 117 13 102 24 63 143 126 74 56 52 28 130 30 23 144 78 123 91 61 83 81 6 99 124 138 16 17 66 146 69 135 94 139 82 72 142 118 29 84 129 36 27 44 7 5 111 136 128 2 48 79 132 116 38 97 140 
86 147 137 2 88 20 48 82 3 97 128 140 116 8 5 51 130 141 84 6 81 149 74 90 17 27 33 99 49 131 113 7 36 108 16 136 12 11 129 139 145 28 52 30 120 46 112 79 98 115 44 15 53 47 58 59 121 135 37 22 29 31 107 102 50 61 103 10 150 56 118 60 25 35 24 134 125 32 38 45 40 1 75 55 73 19 69 68 18 80 124 87 62 94 143 78 93 110 64 95 54 23 39 109 138 100 144 83 92 26 114 148 9 146 63 123 104 57 72 133 70 42 13 119 66 106 127 122 34 142 4 96 21 77 41 14 132 71 67 126 65 101 76 43 91 105 85 117 89 
34 15 68 91 70 77 142 106 67 26 25 132 11 116 96 76 32 63 147 121 20 3 6 143 5 75 131 82 133 134 69 29 53 117 19 79 62 93 92 2 9 130 64 141 57 52 43 85 66 83 59 49 48 1 80 148 136 41 125 44 46 28 74 90 146 128 36 87 119 22 10 123 97 42 103 86 56 33 17 145 135 129 120 94 39 40 81 111 55 149 45 24 16 127 47 113 144 150 88 30 50 78 99 114 98 61 101 54 65 13 89 95 84 140 73 110 104 37 23 35 38 31 27 71 8 108 21 137 12 105 115 109 14 60 118 124 126 107 122 72 4 138 51 102 100 139 7 58 18 
19 93 109 114 129 38 6 101 82 92 4 15 74 110 51 35 66 91 141 30 111 71 10 124 84 16 149 63 86 73 29 95 34 118 12 44 59 13 69 14 140 89 77 119 128 25 143 85 40 49 146 130 42 47 142 43 61 75 98 24 125 117 107 88 18 54 122 1 134 21 36 123 80 150 56 83 41 87 145 148 126 97 50 8 17 52 60 33 23 147 96 136 65 132 27 105 100 81 131 32 58 120 28 133 115 68 46 90 79 102 139 99 135 108 11 67 9 57 22 5 112 2 76 7 62 53 144 70 55 72 48 78 37 104 26 45 94 39 20 116 106 3 31 137 103 64 121 127 138 
90 112 44 120 116 49 14 10 119 130 42 85 63 60 3 93 62 115 140 132 100 27 59 104 125 127 78 108 68 79 133 118 139 137 11 65 55 106 142 123 17 51 22 9 66 20 107 143 53 113 26 23 61 121 126 47 82 45 91 8 105 32 147 74 71 110 88 128 16 2 73 144 124 83 122 56 134 67 98 84 24 31 33 5 86 81 69 97 138 28 52 54 41 30 149 117 1 38 70 76 72 7 148 15 136 129 34 21 96 40 80 99 39 50 92 35 48 4 12 146 102 150 141 145 18 111 77 89 58 103 6 29 94 36 87 46 135 101 13 95 109 25 19 64 57 131 43 37 75 
112 119 94 66 35 59 99 23 68 14 90 111 10 69 49 6 26 32 46 54 125 144 42 110 51 2 88 101 25 146 141 74 80 30 109 102 135 13 44 84 43 40 140 17 126 138 79 73 52 97 98 47 9 53 22 130 1 71 11 64 62 37 55 36 78 77 136 149 93 45 4 5 27 3 123 61 139 21 39 72 142 103 60 95 16 65 145 133 143 18 83 118 89 120 34 75 128 76 87 48 127 15 24 33 20 122 86 121 81 67 82 57 28 56 29 50 148 134 106 114 31 105 150 108 131 147 38 124 63 92 104 132 12 19 137 113 96 7 58 129 8 116 117 41 107 85 100 91 70 
72 105 108 100 121 126 52 46 38 99 144 140 47 134 102 60 15 84 103 145 44 58 133 132 82 130 91 27 7 57 10 25 148 118 30 73 13 29 8 112 119 81 101 37 36 113 2 14 28 67 68 43 141 92 77 48 106 124 143 87 122 69 31 45 109 128 89 76 33 88 114 97 150 51 26 138 117 125 111 55 96 115 123 120 11 142 20 6 86 53 21 54 94 80 95 59 61 65 39 131 12 24 98 147 50 62 70 129 63 41 32 75 56 146 23 1 34 85 49 74 135 149 5 4 18 3 9 127 66 139 83 78 137 17 22 64 93 35 16 90 19 79 104 136 107 40 42 71 110 
19 86 27 144 139 96 15 53 35 41 94 74 121 99 83 145 136 80 71 49 3 31 73 109 100 5 67 133 131 61 78 90 52 30 54 26 125 28 64 23 141 120 84 113 146 93 51 25 128 43 10 57 20 75 60 68 9 106 45 135 59 66 63 14 48 1 50 104 148 116 82 38 97 103 123 122 143 140 124 21 137 36 65 111 47 134 42 2 98 24 69 81 102 56 132 77 142 150 34 115 107 11 33 39 130 105 12 62 76 118 91 13 17 16 101 147 88 92 8 108 72 7 18 4 44 70 114 58 40 32 87 29 55 138 112 6 110 129 119 22 89 126 149 127 95 46 79 85 37 
137 120 101 9 37 57 61 18 13 113 23 28 74 144 104 84 111 83 138 149 133 14 75 90 89 65 100 86 131 150 66 21 60 54 132 106 51 142 55 123 8 4 114 62 32 49 79 17 7 96 15 2 148 91 1 5 147 59 87 108 27 110 31 146 56 46 124 107 39 136 20 117 80 53 43 34 143 68 81 93 50 42 3 99 112 119 25 30 78 36 10 52 40 127 26 109 116 85 82 48 122 38 97 130 88 41 76 145 22 73 45 126 6 128 63 33 98 92 77 64 105 58 16 139 67 141 35 11 70 12 135 71 29 129 19 121 140 125 134 72 115 24 47 95 44 102 103 94 69 
136 88 94 82 121 138 95 122 114 80 97 107 27 137 43 135 66 31 22 96 110 132 15 55 104 76 71 128 57 124 113 20 16 48 44 72 83 70 6 74 5 21 125 78 89 8 12 130 93 10 23 38 63 117 139 41 13 42 3 129 60 1 49 112 25 50 79 149 26 141 59 126 131 64 85 7 84 108 58 37 147 62 120 75 146 87 106 65 148 90 103 102 123 61 17 101 32 116 4 109 99 86 36 51 67 53 30 92 24 150 11 81 105 34 134 46 133 127 39 2 29 9 18 47 144 115 142 56 98 19 140 28 69 52 35 68 145 14 73 118 54 91 40 111 100 77 45 33 143 
63 130 99 80 39 17 72 108 15 68 107 94 16 13 123 111 62 136 33 115 42 24 147 57 119 106 146 95 35 85 93 45 74 67 144 4 58 29 20 26 141 36 64 73 28 116 47 53 69 89 61 133 25 84 3 124 131 140 79 50 23 38 65 11 12 110 83 100 54 149 135 138 55 125 112 49 105 14 10 70 128 56 78 9 96 137 7 32 87 97 127 41 77 132 21 121 46 48 129 126 145 51 2 34 76 150 19 27 52 66 82 143 8 90 71 91 109 102 139 31 148 43 18 114 98 103 104 44 75 134 92 60 30 6 113 142 117 59 40 22 118 81 5 101 88 86 37 122 1 
68 42 112 118 123 11 39 19 89 126 93 12 141 113 81 134 137 65 16 50 88 85 143 10 144 75 129 82 119 91 45 62 149 103 136 38 145 107 22 18 37 69 58 29 80 32 44 20 133 106 4 115 43 83 139 23 150 130 59 35 74 56 36 116 49 34 71 17 147 3 108 40 122 148 14 78 7 146 72 84 127 92 30 27 99 64 117 102 60 73 53 77 125 57 97 15 104 24 111 54 55 25 86 33 100 63 114 1 48 26 128 96 61 105 52 101 51 46 70 13 67 76 90 132 41 87 79 8 94 31 47 21 135 142 9 140 2 5 98 28 124 110 131 95 6 138 109 120 66 
50 74 125 127 67 147 129 54 86 34 64 77 23 44 116 57 75 96 124 47 16 27 123 136 138 80 81 110 7 76 111 87 31 117 103 134 30 93 56 70 24 84 97 132 118 83 35 38 39 88 41 82 2 109 79 28 12 112 59 15 113 25 55 149 22 49 19 33 146 68 37 135 133 145 105 32 137 48 46 141 131 26 126 142 63 5 29 92 107 45 100 144 102 73 130 90 60 85 139 143 17 11 4 52 21 9 101 89 98 10 51 115 114 43 148 71 65 121 94 69 150 6 106 8 140 91 18 119 95 20 1 62 14 13 61 3 108 42 58 99 40 78 72 66 104 120 53 128 36 
92 93 87 78 34 121 139 117 83 137 64 126 128 65 49 77 15 84 97 50 89 74 21 24 99 75 111 42 16 145 101 62 102 142 104 144 63 141 22 72 118 114 41 11 53 103 112 32 90 124 100 12 86 26 107 110 81 51 143 91 7 148 135 56 106 36 82 140 146 67 33 120 68 133 37 29 138 98 108 20 38 9 8 57 55 13 52 28 48 58 147 79 47 61 10 71 109 129 54 39 134 44 59 1 69 149 150 105 66 127 3 125 94 40 85 43 35 113 6 88 25 46 132 31 96 116 23 70 17 95 27 122 5 136 73 30 18 4 19 115 14 131 130 45 119 60 76 2 80 
63 28 128 93 79 108 145 96 66 48 131 127 84 5 3 58 100 19 43 24 35 142 110 47 117 36 29 102 26 67 92 113 45 57 77 49 16 56 59 139 94 82 144 2 150 133 39 136 146 41 6 68 140 31 78 13 126 52 107 83 62 148 22 54 90 87 89 88 120 64 9 143 99 104 15 23 27 72 10 123 85 81 70 147 8 115 60 86 42 114 134 97 80 18 125 4 105 61 74 55 149 37 101 138 21 51 95 135 109 17 119 25 91 44 130 50 40 122 20 11 76 106 69 116 38 75 129 137 98 32 111 12 1 118 33 132 112 34 53 141 46 103 65 73 30 14 7 71 121 
65 21 29 63 58 137 66 93 142 64 23 128 53 76 12 150 110 92 111 101 83 118 25 14 126 47 30 3 104 17 120 20 141 114 96 107 124 13 121 7 38 119 88 15 50 103 87 18 147 77 26 75 136 115 74 105 16 59 81 56 127 6 84 129 99 52 62 91 82 1 4 132 71 102 10 113 48 57 145 138 51 106 139 11 24 45 108 80 22 54 122 135 40 143 85 33 34 109 27 36 44 144 95 140 146 8 68 133 31 49 19 60 90 37 89 134 69 72 123 148 67 32 5 35 149 86 28 61 97 42 98 130 94 117 78 2 116 131 100 70 9 55 41 46 43 79 112 39 73 
11 134 145 1 121 77 113 148 93 57 14 52 92 115 70 99 118 88 123 30 125 147 109 36 132 61 91 58 47 122 63 117 20 85 8 83 59 96 74 10 45 76 140 95 5 127 32 108 21 25 112 44 35 84 139 90 81 86 18 65 72 2 104 37 144 69 29 89 82 124 80 133 15 110 141 79 94 119 111 4 107 16 120 128 105 143 138 22 31 101 46 114 51 17 130 23 55 48 28 50 131 98 33 71 24 149 135 73 116 62 137 142 150 53 40 41 75 60 136 106 39 3 7 12 43 42 87 49 6 146 34 26 13 56 103 38 102 66 9 100 97 54 19 68 67 64 129 78 27 
37 64 97 17 114 119 78 108 61 146 124 130 91 106 111 71 139 126 2 134 5 116 11 9 142 62 115 100 77 66 109 48 140 65 105 63 83 138 92 43 12 13 15 39 53 30 113 101 102 47 147 20 110 67 68 58 131 95 76 32 103 45 50 118 117 122 7 75 55 74 18 10 144 69 1 73 56 21 22 54 132 143 31 107 25 86 23 150 80 79 33 3 120 35 46 8 42 89 19 6 135 14 49 84 26 133 57 70 148 136 90 82 85 125 141 29 94 16 38 36 99 60 87 128 104 98 93 81 72 59 145 96 28 121 149 137 41 52 88 123 24 27 40 4 129 112 34 44 51 
68 107 141 2 88 77 11 62 51 7 38 123 135 106 40 59 54 24 44 69 91 41 146 50 140 126 87 131 26 108 98 52 134 99 48 81 136 111 116 97 101 90 47 79 145 12 150 46 20 1 66 71 45 73 74 105 64 19 86 75 65 30 104 35 129 93 127 37 133 100 117 148 132 43 76 144 119 18 139 28 25 36 121 120 109 84 112 58 85 9 142 137 5 60 124 67 34 114 8 118 3 27 102 6 49 29 95 21 94 14 138 92 78 72 39 32 70 22 113 31 115 103 61 83 110 55 10 57 63 96 17 53 16 15 89 122 82 130 56 143 23 33 13 42 149 4 147 80 125 
128 14 77 90 47 91 114 146 51 61 115 133 24 149 126 85 111 27 39 48 22 76 141 82 69 112 30 49 59 13 41 1 87 17 81 92 62 122 2 143 106 124 20 144 67 137 84 73 107 34 53 43 33 118 10 138 113 16 60 28 25 79 23 88 9 142 117 104 7 18 70 110 97 121 21 40 15 37 80 135 102 36 100 145 120 38 54 46 29 139 5 136 44 148 52 35 78 103 127 42 68 50 98 125 105 3 74 65 64 12 55 147 140 58 123 8 75 108 150 86 4 109 101 45 131 93 57 99 130 72 56 132 95 83 94 6 134 96 71 63 31 32 116 89 66 119 11 26 19 
118 23 18 17 51 69 150 139 64 22 63 99 67 127 34 26 29 19 21 14 126 76 97 142 114 120 5 115 101 131 82 138 84 11 60 88 124 121 56 144 48 61 116 108 110 90 20 92 57 140 83 146 53 132 10 15 133 135 94 104 111 143 89 44 75 47 13 113 32 66 9 81 1 119 54 73 33 95 46 78 2 122 125 102 149 30 86 105 3 145 79 37 100 117 74 85 45 71 4 62 55 80 50 72 24 38 137 42 91 49 106 136 6 68 40 28 16 123 109 134 31 39 7 70 103 112 58 12 147 107 52 36 129 93 65 43 41 25 35 128 8 96 27 59 98 87 77 141 148 
45 98 137 54 12 55 71 27 146 42 19 50 142 22 3 56 104 58 145 62 144 72 31 86 66 63 134 5 81 109 44 123 116 67 7 34 114 108 25 82 84 14 6 139 13 117 29 94 91 32 118 16 64 17 99 41 75 133 78 60 51 100 4 10 20 112 73 124 125 127 57 11 138 48 74 46 18 103 35 59 92 95 26 89 148 38 68 37 76 149 49 101 8 135 128 122 40 105 43 143 83 9 28 93 1 126 30 24 132 140 106 107 85 65 110 121 2 15 119 80 113 21 120 90 129 52 23 77 96 33 47 97 130 69 88 115 136 147 70 39 79 102 53 150 111 141 61 87 36 
150 36 130 30 2 86 89 41 35 140 29 141 118 69 74 71 122 124 68 11 107 110 23 48 4 52 63 54 142 15 57 1 102 117 45 145 134 19 126 10 125 28 43 139 70 147 62 114 80 24 12 37 113 92 146 93 33 32 13 149 31 6 75 66 60 101 106 119 88 40 131 38 17 111 144 133 42 79 136 3 85 25 27 67 95 109 8 18 143 78 46 56 129 76 73 99 5 81 83 50 39 90 123 98 135 65 64 7 97 148 59 121 53 100 116 103 61 94 105 137 82 51 104 72 16 77 138 91 58 84 49 9 87 22 20 115 96 120 21 108 14 128 47 34 26 55 127 44 112 
140 60 127 81 86 134 25 72 83 20 22 131 59 55 63 30 108 109 110 141 45 76 78 38 126 79 61 130 52 136 26 24 32 98 18 13 15 97 43 5 96 4 99 94 17 27 14 65 51 143 129 111 48 150 37 71 82 123 68 10 62 49 9 70 54 75 138 95 33 74 42 113 122 117 146 91 100 64 145 88 125 57 19 132 3 29 12 139 85 107 102 58 6 36 41 23 53 34 120 115 147 121 28 101 104 16 7 46 39 35 80 67 8 89 93 142 69 148 47 87 137 124 56 106 40 31 77 144 149 11 118 135 119 112 105 128 50 21 44 92 103 2 84 66 1 90 114 73 116 
3 143 116 14 80 126 33 150 89 27 142 133 108 78 69 75 128 72 101 70 122 36 100 43 147 23 42 87 51 140 10 40 55 135 34 13 12 88 91 113 47 22 114 102 46 86 52 125 76 56 35 121 38 15 16 20 29 59 115 105 148 4 6 67 37 28 85 103 81 129 106 98 24 120 9 138 146 123 136 32 25 149 66 83 30 48 44 64 93 117 95 71 111 49 18 94 127 54 65 145 19 73 21 17 90 74 82 39 107 104 132 92 68 61 8 118 45 96 99 77 60 141 26 110 1 79 131 84 139 5 2 109 31 57 11 58 144 130 62 119 7 53 124 97 112 137 50 63 41 
22 93 101 145 61 11 99 88 114 92 76 149 59 130 142 28 39 112 121 56 104 150 72 110 34 1 117 131 7 73 83 137 79 37 105 107 68 95 140 89 45 6 106 141 116 48 2 52 87 80 125 118 103 70 133 14 123 84 113 90 42 16 41 74 143 4 53 5 81 25 24 111 33 50 75 147 46 96 94 126 20 51 40 18 15 30 69 102 100 124 49 54 23 82 129 31 119 8 38 115 108 44 65 12 144 91 85 35 55 67 148 60 86 19 13 128 43 122 9 3 66 146 32 21 77 36 132 27 139 47 10 97 98 71 64 136 17 29 62 63 120 78 57 109 127 26 134 58 138 
44 40 125 100 113 65 54 105 97 107 41 84 56 34 38 111 135 117 31 61 13 69 36 75 6 146 150 1 73 80 127 21 103 11 98 138 120 129 9 12 60 101 64 42 142 99 4 92 93 71 137 89 57 123 90 139 35 59 7 131 33 15 43 20 47 63 79 72 102 51 32 85 18 108 88 148 126 145 30 19 39 133 116 121 67 86 130 48 115 16 94 122 53 68 134 46 118 52 62 5 144 14 132 29 50 109 141 82 70 96 17 37 78 24 110 128 112 83 10 8 25 140 66 23 26 87 149 95 2 124 77 119 114 55 91 22 27 49 76 3 74 143 28 104 106 58 147 81 45 
18 119 136 35 146 31 88 23 15 94 98 13 117 14 21 123 9 101 144 56 82 132 34 90 89 149 42 81 25 126 36 44 63 24 141 93 79 115 26 38 65 19 70 85 52 29 104 120 6 7 30 76 108 48 138 130 122 3 59 45 95 84 58 112 37 11 113 40 62 60 129 12 72 74 131 46 10 69 111 143 99 41 22 125 27 57 39 118 2 64 107 148 77 61 66 92 51 73 91 109 127 150 8 145 50 135 106 105 20 16 17 47 75 96 110 97 116 4 53 68 5 124 133 67 32 43 139 28 1 83 33 114 49 103 55 78 142 102 100 54 128 134 87 121 86 147 80 140 71 
141 78 41 129 27 14 62 111 65 56 3 95 6 139 5 33 17 55 127 120 61 75 9 84 22 7 67 140 118 146 59 19 143 30 113 66 34 35 85 48 122 130 25 112 74 38 4 121 47 28 106 133 8 109 54 137 145 31 87 135 91 39 124 125 114 96 147 134 110 98 49 148 136 26 92 108 50 20 88 128 42 72 70 107 142 2 53 71 76 16 13 64 11 99 60 132 69 150 115 68 144 103 18 97 101 90 100 12 105 32 46 44 149 73 1 21 82 15 52 83 43 117 94 104 86 126 77 119 123 93 40 57 131 45 24 51 89 36 81 10 23 29 116 79 37 80 63 102 58 
69 40 43 116 103 138 85 113 70 109 134 137 1 143 4 41 124 149 53 78 60 5 6 57 63 89 82 129 34 98 55 122 145 72 75 39 136 90 125 61 31 74 88 64 16 15 47 66 56 58 11 105 86 35 83 131 59 141 110 27 48 19 79 108 147 132 146 44 71 46 76 120 84 9 18 117 54 8 20 104 123 49 36 32 106 25 118 80 33 94 111 30 99 133 140 87 22 42 96 26 119 67 148 128 135 21 7 12 68 121 14 130 23 28 112 51 144 100 37 62 17 92 10 24 81 38 77 150 102 3 29 50 97 115 93 52 126 142 73 45 107 91 95 2 13 101 114 127 65 
10 111 123 71 11 148 127 4 24 85 16 43 110 103 41 61 141 63 109 89 92 98 126 97 40 117 42 2 72 20 34 132 143 35 76 48 17 88 105 52 129 77 50 46 28 6 13 51 131 65 57 86 45 99 93 21 101 138 128 108 139 19 39 3 30 145 149 70 144 83 84 121 96 130 47 33 79 7 102 53 78 95 142 18 81 23 1 36 59 100 26 27 56 15 90 136 147 62 114 12 38 135 104 8 82 124 55 67 134 94 118 91 119 60 137 66 75 116 107 14 80 133 5 64 73 37 9 29 112 58 49 69 87 122 54 44 68 32 113 106 120 146 125 22 150 115 25 31 74 
59 103 61 111 40 1 10 18 150 74 12 13 38 73 42 134 137 66 98 19 142 93 79 47 108 146 64 78 135 2 27 3 63 109 6 118 24 125 90 120 37 16 67 113 23 76 11 41 8 148 48 92 114 126 56 99 72 34 60 53 4 69 100 117 43 25 5 95 91 133 144 55 32 65 112 7 81 51 89 68 39 35 138 21 36 122 80 29 28 101 127 110 50 52 105 84 14 75 107 88 131 54 115 96 45 124 49 136 149 71 129 87 77 130 97 46 20 119 121 140 58 83 128 143 132 123 70 139 62 102 82 44 104 31 15 106 147 33 86 85 9 145 57 30 22 17 26 94 116 
104 52 10 63 99 24 117 147 113 141 40 146 148 101 125 145 131 64 100 57 136 11 8 122 27 13 37 90 9 42 50 17 102 150 85 133 4 143 16 30 38 126 86 20 83 109 76 95 114 119 29 15 130 149 128 47 77 12 137 116 68 41 132 72 73 43 124 2 84 21 140 60 70 115 53 144 94 75 103 33 3 26 59 89 46 110 96 108 45 23 22 66 56 120 134 48 111 67 80 31 1 39 36 65 58 54 129 51 44 123 69 88 92 14 7 32 71 135 74 35 82 106 78 25 107 62 138 28 105 98 6 61 121 55 112 127 5 81 118 97 49 139 79 91 34 93 18 19 87 
128 138 86 24 69 78 39 141 81 103 132 85 104 38 60 125 12 146 102 97 111 63 64 127 40 131 7 71 14 95 142 3 59 133 90 33 148 17 55 48 144 92 68 80 13 19 21 53 73 56 47 52 20 70 22 31 93 28 25 36 130 2 9 5 88 18 91 54 89 49 82 42 134 109 121 126 76 66 11 108 10 140 114 58 72 74 35 34 117 44 77 79 30 116 120 122 136 1 135 16 99 139 98 45 118 113 29 87 106 43 147 83 123 137 46 107 105 51 145 26 94 150 62 23 112 124 41 119 50 57 84 27 129 75 101 100 110 8 32 67 61 65 4 96 37 149 6 15 115 
106 89 119 41 114 113 73 54 34 91 93 69 126 28 22 146 26 23 123 134 140 138 96 43 79 128 44 65 33 16 56 62 47 141 42 102 12 145 61 110 78 36 5 121 76 117 98 11 104 31 66 147 142 35 3 124 29 37 82 55 99 25 60 50 18 64 127 51 53 108 103 20 7 21 71 92 40 130 112 107 6 94 129 46 135 101 150 87 49 48 137 39 67 74 95 149 10 81 136 131 68 125 70 59 27 118 85 32 13 57 17 143 120 72 88 2 14 15 86 77 133 30 75 109 19 116 9 105 84 148 24 58 97 80 90 132 115 4 111 122 8 100 63 52 83 45 139 38 1 
134 88 128 82 8 73 139 63 1 95 67 79 17 9 109 124 60 30 86 136 144 123 105 122 43 148 70 127 6 36 107 85 2 119 48 93 102 146 76 39 7 126 68 4 3 14 34 87 26 150 71 138 108 32 12 90 84 142 31 74 19 131 91 65 125 53 15 49 24 18 83 118 44 16 69 13 92 54 66 40 42 97 75 132 116 10 58 56 57 111 47 28 99 143 27 112 135 113 22 120 64 80 103 94 104 129 114 98 140 121 141 106 77 23 59 115 72 149 55 35 81 52 96 46 147 11 133 25 29 117 33 50 45 38 20 61 130 101 21 41 89 62 5 51 137 37 110 100 78 
40 25 142 47 60 21 120 101 123 41 132 24 77 75 148 92 136 56 34 28 85 62 2 128 103 71 18 125 147 69 79 23 58 130 72 118 32 49 105 94 36 55 90 106 133 64 20 109 100 141 138 144 43 117 137 102 7 65 129 88 104 11 59 22 27 127 143 83 37 96 89 31 112 45 95 145 35 14 3 98 139 70 38 131 63 17 52 86 110 134 84 39 135 119 121 42 124 33 82 12 9 6 30 1 66 16 80 115 44 5 50 73 53 10 48 150 68 78 46 76 67 15 91 57 93 87 29 149 74 99 126 4 8 13 140 54 122 61 116 114 97 111 81 113 51 19 107 108 26 
134 85 141 93 98 82 11 28 149 80 13 91 100 42 73 2 102 49 24 88 19 50 5 33 113 108 130 103 120 45 21 9 95 131 58 71 122 61 10 137 48 89 79 39 62 116 63 55 76 92 27 119 138 127 29 36 47 4 67 112 111 31 56 60 72 99 3 105 87 143 20 146 117 25 118 114 30 68 109 83 32 124 74 140 121 7 12 132 139 115 16 148 40 78 8 107 94 23 145 65 17 22 81 57 35 53 51 150 37 59 123 43 6 101 97 46 44 144 90 14 125 54 96 133 15 66 64 84 41 77 70 126 106 136 34 110 18 26 129 52 128 86 142 75 104 135 1 69 38 
129 111 121 9 15 76 120 110 36 150 82 118 109 140 107 104 84 51 23 95 85 86 108 101 117 45 63 81 7 75 78 87 142 49 12 13 137 14 64 100 127 32 55 131 143 124 73 16 79 105 31 114 43 2 92 145 35 66 112 68 128 77 54 141 4 47 41 37 10 116 90 1 94 65 21 52 53 3 69 30 67 144 40 115 48 17 33 25 89 72 74 59 135 126 58 149 61 138 147 125 103 46 98 38 133 139 56 24 80 106 132 134 70 11 93 113 6 44 28 39 146 71 18 5 29 62 20 99 122 119 136 96 130 88 50 97 60 102 8 19 91 34 22 27 123 42 26 83 57 
47 34 73 137 46 33 82 66 54 48 25 114 142 80 1 43 121 124 122 112 113 116 140 64 147 32 109 93 52 108 16 110 31 27 5 18 61 86 123 8 107 41 94 118 53 79 130 15 49 128 150 96 9 78 84 141 62 106 7 68 126 75 125 63 42 91 3 37 12 133 120 55 127 95 148 30 21 45 59 136 56 88 76 103 51 17 132 69 105 101 26 10 146 60 67 143 70 11 28 138 29 90 36 72 145 14 85 57 13 40 139 74 135 100 119 35 2 102 39 144 131 111 71 129 89 117 97 6 99 81 115 19 83 92 65 22 24 20 77 44 134 104 58 23 98 38 87 4 50 
74 51 132 37 69 85 39 58 116 45 81 2 71 119 67 82 41 17 12 122 94 111 25 124 54 65 102 88 15 113 95 84 135 149 11 72 134 110 83 49 147 63 28 20 131 55 35 19 40 75 13 8 121 43 47 34 108 87 148 16 141 36 109 50 115 128 126 136 68 100 70 120 80 117 107 46 38 123 59 27 92 52 125 4 96 61 76 99 73 10 44 6 18 114 31 105 7 90 33 62 29 78 57 42 137 127 145 23 21 144 106 56 66 5 140 91 139 48 1 112 26 89 14 97 133 101 138 77 98 32 30 53 93 142 60 130 118 86 129 79 103 9 24 146 3 22 143 104 64 
