150
107 42 112 99 12 56 51 137 96 58 97 106 132 15 53 102 45 110 123 62 148 109 84 100 144 37 75 95 150 136 86 33 
131 29 81 55 5 38 39 30 60 59 132 21 13 27 107 140 97 77 142 58 56 22 130 23 17 127 18 85 103 47 143 73 88 
96 32 66 64 51 148 57 12 67 23 130 56 13 75 48 76 55 45 118 99 134 20 150 136 9 25 33 142 26 30 77 15 19 146 133 4 137 58 110 95 
137 124 59 108 83 85 69 118 114 99 150 82 71 117 51 141 74 39 145 142 30 70 78 139 20 147 3 48 37 100 12 97 65 
88 132 136 62 34 129 12 36 30 38 127 33 54 58 135 96 9 128 46 17 80 98 146 50 145 60 95 102 72 61 141 57 40 19 13 85 130 2 23 82 42 66 24 87 149 93 26 120 55 79 21 
17 85 30 101 64 49 138 58 15 91 119 33 98 14 113 12 103 81 123 7 20 83 40 140 89 41 143 37 
75 87 63 47 20 46 6 136 76 78 117 68 141 41 82 128 71 32 96 118 150 85 102 91 64 149 30 101 137 130 
35 116 62 126 41 99 32 92 64 149 56 23 46 43 14 121 147 11 89 117 123 142 87 20 22 96 148 50 81 52 110 24 140 71 107 128 30 
101 68 56 110 59 25 89 10 125 65 5 52 111 3 104 84 35 14 102 28 90 66 129 46 80 99 105 87 145 60 148 107 61 106 58 128 92 88 112 
73 51 103 23 94 147 144 55 85 97 143 58 64 66 134 104 146 53 75 62 114 115 126 34 49 119 106 36 141 138 42 21 12 27 68 132 84 43 125 9 70 54 35 101 41 24 22 61 149 47 32 15 
121 114 102 116 49 25 38 39 125 147 131 67 27 20 140 17 136 73 22 30 86 61 115 47 8 119 52 96 15 55 79 90 88 141 122 113 
109 4 105 6 10 5 45 58 136 79 110 18 1 14 50 75 129 101 134 114 106 67 28 3 15 86 87 88 150 131 59 70 71 21 19 73 
14 70 3 131 85 145 22 142 119 126 15 127 58 71 115 92 144 139 136 2 49 25 84 93 56 114 23 5 65 73 20 98 61 138 57 59 149 128 
64 40 43 18 12 42 130 113 22 133 73 112 86 146 101 142 124 67 8 103 44 27 85 71 62 109 97 84 13 75 41 9 96 50 6 99 
47 10 99 63 146 11 123 83 71 80 6 137 60 140 16 118 124 135 49 54 1 150 51 18 30 52 116 43 78 27 13 108 65 3 50 129 12 91 57 21 
105 149 77 48 15 108 75 130 57 73 56 71 61 25 111 22 59 112 29 28 31 83 96 47 66 134 150 50 63 141 126 82 121 69 60 117 127 148 107 
47 122 64 150 85 75 2 89 35 148 81 119 146 108 25 140 69 5 6 109 97 70 116 135 100 78 62 76 60 120 130 11 46 56 
139 97 148 120 96 138 68 113 132 80 103 15 92 143 110 77 67 85 2 105 123 88 52 91 12 78 99 147 43 36 14 117 48 122 107 41 
114 95 20 97 140 143 49 85 29 117 67 64 77 12 115 27 22 21 101 102 82 40 134 59 123 32 55 3 94 5 72 25 145 
11 40 145 130 8 96 49 88 85 69 132 21 87 63 7 93 123 42 13 19 149 102 65 75 3 47 27 77 120 139 54 140 70 6 23 147 4 
136 137 28 35 79 56 2 100 108 83 147 15 119 51 141 19 59 12 67 40 93 5 90 30 81 60 49 10 71 72 131 144 20 75 117 127 
90 31 60 127 10 129 121 2 37 87 36 114 143 133 132 119 14 110 8 11 115 49 84 38 19 54 16 57 78 43 101 62 13 134 
3 147 149 26 139 125 89 105 30 84 112 104 111 38 45 119 8 117 13 131 140 63 24 48 73 5 20 10 101 150 72 29 39 143 27 2 47 102 122 103 25 121 
10 30 124 5 32 110 57 29 31 69 34 122 23 77 96 33 132 94 8 121 125 42 84 144 25 52 54 141 101 43 
123 45 136 19 107 24 51 68 126 53 90 42 23 70 77 62 89 96 80 108 117 11 16 78 83 110 17 150 134 54 148 13 145 82 3 116 37 61 9 43 143 
123 40 98 46 3 50 106 52 94 140 38 23 61 62 49 64 102 132 47 101 42 84 112 135 5 96 
117 29 76 23 69 2 147 142 141 122 108 100 119 130 55 87 36 97 92 45 101 52 128 115 11 42 19 91 143 15 49 140 114 137 65 116 111 10 95 20 134 50 14 148 47 121 
144 58 103 12 79 135 83 9 106 124 136 102 122 132 91 47 50 49 21 55 109 65 107 116 96 16 63 126 59 31 97 73 137 69 127 
81 76 146 2 109 112 126 111 23 24 70 130 52 80 94 16 118 143 117 115 108 27 96 147 150 129 127 75 30 148 19 49 123 
108 3 23 58 37 150 93 83 74 91 24 4 80 127 131 11 41 118 95 21 73 6 75 2 15 29 130 39 56 144 7 71 8 66 65 5 135 48 104 113 84 111 77 90 116 142 59 38 
103 134 35 73 110 43 132 62 22 114 63 83 28 54 49 38 107 92 115 123 124 24 52 61 66 144 131 121 80 58 16 119 142 68 148 
73 117 24 79 61 98 7 63 88 48 129 56 10 39 50 103 35 19 133 132 85 40 115 64 77 3 71 95 37 69 143 97 66 100 53 119 125 51 145 130 8 
77 123 122 45 65 147 52 24 116 78 56 82 6 87 50 85 104 73 139 1 83 102 35 60 54 121 39 92 61 53 34 143 114 103 93 5 3 149 120 135 100 130 101 
145 50 101 33 41 60 10 109 127 105 75 87 40 150 125 111 118 43 86 5 108 24 38 52 92 71 48 117 137 144 116 130 132 
103 8 148 43 136 104 141 67 84 147 97 56 47 32 54 61 131 111 21 51 117 10 140 121 31 150 37 82 17 81 133 145 99 9 63 96 74 146 33 
18 150 72 142 37 96 27 139 78 69 22 66 134 80 52 47 46 114 133 132 76 50 5 42 83 117 147 111 10 84 103 61 125 131 67 
123 88 85 132 96 25 71 146 4 106 1 108 84 35 140 36 77 6 121 100 128 30 22 66 148 134 50 32 104 105 51 
34 52 95 146 26 112 140 51 124 31 5 148 50 11 48 2 130 120 23 57 89 129 115 90 22 87 65 46 60 83 119 125 131 41 81 30 55 76 66 141 
125 32 70 30 59 116 149 23 71 145 40 89 122 114 77 104 109 101 4 48 119 130 56 63 11 2 33 80 60 
64 137 45 44 114 71 53 94 109 140 148 47 42 133 122 63 32 85 79 60 96 134 39 52 119 102 93 51 6 61 34 20 149 55 49 50 128 145 117 26 87 5 19 142 123 14 91 21 106 116 48 
18 113 49 38 131 47 117 48 122 134 44 6 30 8 73 45 106 136 101 55 60 34 118 54 147 50 10 7 141 148 139 150 14 57 81 
96 49 70 88 10 1 40 93 24 111 26 99 76 104 86 25 65 46 27 47 59 36 48 58 14 20 5 82 56 143 64 127 80 72 148 45 149 
34 101 8 54 31 10 78 83 18 60 90 147 104 141 25 75 82 119 96 125 22 65 91 62 15 35 142 86 72 148 127 14 24 48 74 139 109 51 137 
120 118 128 130 65 84 99 107 89 86 100 101 137 136 131 123 149 83 77 147 14 88 41 54 85 150 53 40 75 
66 112 109 139 93 141 110 41 63 142 118 105 3 1 12 33 54 145 87 64 94 95 97 42 27 72 76 86 23 40 25 85 57 132 
42 115 76 73 79 94 128 81 107 72 9 118 112 38 93 101 7 129 67 8 148 143 106 36 26 89 56 141 62 109 130 17 5 80 
20 2 7 54 50 16 58 63 110 95 86 108 10 23 112 135 72 27 11 142 15 17 26 40 103 52 140 65 36 69 28 109 92 134 131 60 41 42 127 104 35 
102 18 99 40 139 32 38 83 69 43 58 4 119 100 74 135 84 141 30 82 3 68 85 16 60 140 75 93 106 34 86 118 104 114 23 42 41 143 108 150 39 67 56 
96 42 26 6 121 11 28 76 86 143 31 52 21 127 53 27 147 29 22 92 60 13 148 89 19 10 117 113 20 100 41 114 90 15 144 51 105 146 106 69 79 40 135 57 109 93 80 
28 107 77 116 82 27 142 147 146 119 32 8 12 37 14 59 87 34 81 113 141 140 15 36 112 71 90 124 40 144 103 41 117 130 101 26 16 38 84 5 47 126 33 
129 78 83 61 131 21 49 95 147 3 38 98 10 25 79 57 107 71 32 52 81 15 99 115 4 109 75 134 101 54 37 120 138 35 1 104 119 149 116 89 43 114 40 67 
40 95 119 126 130 116 133 34 132 24 49 140 125 15 27 9 94 8 64 100 102 99 29 33 11 104 66 69 149 51 84 38 26 143 86 97 118 18 147 57 138 59 47 80 36 31 107 103 
94 85 44 75 49 95 134 64 124 136 60 99 114 73 81 10 143 1 40 98 91 89 107 56 150 25 33 74 32 
143 45 135 85 70 22 104 94 5 133 41 10 119 51 103 76 66 141 47 65 62 98 43 131 64 69 90 44 31 93 20 68 35 25 105 138 123 57 77 88 24 60 117 55 15 96 59 83 112 33 
3 104 59 102 64 11 82 145 134 27 41 114 76 103 128 40 95 28 90 109 126 2 86 106 63 5 10 138 93 19 61 142 54 65 87 38 
57 53 85 8 79 86 42 77 30 33 131 39 2 75 1 132 46 59 9 66 112 142 13 91 3 115 21 96 129 32 123 71 48 35 17 16 
144 13 146 140 52 127 70 128 129 86 135 24 137 15 54 38 51 45 133 113 49 96 83 71 149 116 65 97 84 56 22 5 3 16 87 117 109 41 
93 10 120 59 1 48 12 102 92 130 9 42 125 85 31 105 103 132 71 81 66 47 115 89 13 110 127 117 88 112 63 6 99 145 2 30 67 28 3 5 137 
13 99 50 113 136 105 111 63 64 110 143 115 130 28 128 9 56 21 39 77 42 55 54 58 135 150 73 4 16 108 91 62 12 30 52 109 2 142 78 19 123 
43 108 149 34 136 101 54 72 100 62 47 61 107 142 9 33 123 15 134 143 112 48 110 49 21 22 114 133 135 53 113 16 2 132 99 40 128 17 38 5 41 79 119 102 39 111 
117 148 144 32 5 13 118 35 98 25 51 11 119 26 9 67 40 95 36 85 63 55 74 76 102 65 33 127 60 91 128 140 70 73 16 138 82 132 31 89 10 112 
110 112 8 10 105 107 134 1 60 22 120 124 129 89 14 103 46 43 65 17 115 79 25 135 140 98 101 92 104 54 66 26 5 59 31 
113 130 92 116 61 127 108 31 39 148 115 146 133 47 89 16 80 68 93 119 110 149 23 118 55 140 28 45 88 32 35 78 40 102 139 128 83 59 7 135 15 20 58 
53 52 77 141 8 54 17 133 125 106 115 120 110 92 45 3 147 93 7 59 101 112 66 68 6 118 105 108 100 32 127 149 132 146 82 131 134 26 14 117 80 55 40 123 42 10 84 19 
130 54 4 47 44 30 71 20 57 61 27 149 90 72 119 82 9 28 33 125 88 115 62 139 13 68 38 15 84 109 86 111 144 136 43 42 55 143 70 128 145 91 
147 38 30 56 119 118 3 103 10 149 32 62 134 107 54 36 67 114 5 45 121 16 64 76 80 115 75 91 58 148 143 109 52 128 9 79 72 37 73 93 131 31 
14 137 76 61 46 78 86 19 144 18 126 48 104 35 21 143 51 111 119 3 66 74 135 139 129 101 116 79 11 146 36 108 145 58 12 96 106 
64 138 101 7 54 128 136 91 63 132 69 111 18 10 73 65 97 104 123 108 109 88 122 31 9 89 25 80 96 144 48 92 
70 83 54 97 27 36 119 108 126 96 52 20 113 24 47 49 32 48 68 94 81 4 123 121 77 71 104 28 17 89 101 16 107 146 
12 13 134 25 149 111 42 150 139 88 10 118 39 4 29 81 122 98 69 84 75 20 76 65 128 102 61 120 57 87 54 145 17 
34 57 145 121 85 58 103 39 91 21 126 37 69 108 119 51 7 16 4 15 40 77 50 138 131 14 99 56 125 12 102 124 32 30 65 8 122 13 143 
138 74 121 107 19 150 45 46 94 21 127 66 36 118 23 122 5 140 142 106 43 47 42 93 81 116 100 90 114 60 125 65 137 87 
46 140 16 2 113 131 53 124 41 14 33 61 23 66 89 117 30 82 10 136 87 93 12 11 68 13 129 31 59 83 118 75 32 79 107 132 122 28 
85 86 150 133 102 67 72 129 43 135 139 53 120 4 101 30 93 87 61 123 144 122 48 124 35 
30 99 21 147 20 29 85 7 87 17 91 145 48 44 1 88 112 53 43 51 114 14 73 77 56 34 95 12 10 3 144 142 140 128 16 123 86 120 70 124 66 
104 97 86 3 42 55 46 36 107 127 108 110 17 80 38 136 67 106 54 29 141 140 27 126 145 45 7 49 88 66 128 70 114 125 61 
104 2 113 88 146 32 20 25 56 103 114 39 71 117 18 16 54 50 89 69 130 59 19 24 115 140 91 135 30 106 3 95 64 111 33 44 75 79 86 37 87 136 141 
85 146 79 15 59 63 18 112 51 139 97 22 145 33 7 17 4 43 114 109 67 36 86 25 102 
21 77 49 28 129 67 60 78 5 46 100 112 11 85 87 62 144 73 32 90 92 138 131 96 56 12 117 40 104 120 106 123 51 66 
66 82 9 109 36 99 148 106 30 63 117 29 5 25 108 102 46 88 64 121 93 86 49 97 18 120 107 76 68 52 119 98 131 15 114 31 147 39 42 146 
41 130 72 99 69 133 50 17 70 8 134 58 2 121 53 21 148 118 6 101 111 132 35 90 115 87 29 38 91 113 46 107 51 105 
124 19 55 16 120 7 132 43 80 91 102 4 98 42 25 119 64 122 35 131 149 100 48 108 50 5 139 65 123 86 61 121 89 134 73 111 33 
30 21 130 43 38 91 36 121 114 98 120 28 73 44 57 51 69 144 87 15 48 31 112 63 33 119 25 107 4 16 54 6 
57 103 36 10 65 122 30 101 139 24 100 23 98 106 118 150 35 96 52 1 64 125 124 145 9 50 44 37 26 128 121 13 48 105 142 127 14 130 70 22 
45 19 53 17 37 92 18 143 121 137 7 6 40 116 107 75 149 148 33 71 145 44 20 54 32 13 56 61 10 94 79 5 136 110 14 78 48 58 4 74 2 
57 34 55 131 44 132 149 103 114 14 67 52 1 45 127 104 75 108 89 112 128 65 78 49 87 145 92 12 77 120 124 116 74 82 143 96 48 42 43 56 11 94 80 141 76 47 
8 147 148 142 33 75 77 73 38 150 57 125 86 126 55 83 107 101 113 20 72 5 27 103 50 40 122 45 131 70 110 128 133 12 135 145 9 81 108 93 79 22 115 74 7 92 34 
2 108 63 70 77 96 18 115 123 97 75 54 58 44 68 92 95 146 20 11 120 9 122 100 125 42 65 133 103 5 12 113 140 138 132 32 37 121 76 80 
125 134 123 17 146 58 9 49 73 6 143 69 39 82 63 149 107 100 25 97 119 140 62 122 38 147 86 77 98 61 46 8 91 23 105 113 136 44 53 117 93 131 68 51 
11 43 150 110 25 65 22 118 147 134 49 104 109 79 149 38 21 30 54 130 126 9 50 72 93 81 92 55 
61 131 30 96 65 128 68 81 110 93 82 95 7 89 53 102 15 27 56 40 139 75 120 6 18 59 101 83 71 108 98 43 28 77 126 97 66 117 148 116 113 103 
33 124 88 9 63 13 143 47 68 112 62 18 109 79 86 99 85 144 126 111 131 34 104 49 8 110 96 90 150 27 146 101 58 122 87 107 31 64 
58 64 54 147 49 138 131 133 122 91 89 90 145 33 135 74 73 80 21 48 149 127 46 99 45 142 30 110 13 119 42 72 66 150 87 40 113 20 63 5 55 140 
69 54 40 145 26 86 46 99 100 118 98 29 85 53 136 97 10 124 96 45 104 105 19 24 107 72 111 119 137 52 
38 3 88 149 61 27 140 150 97 128 32 47 142 52 55 77 45 75 126 5 1 19 30 131 53 51 91 
36 25 42 8 92 125 29 97 119 11 84 94 14 16 91 130 103 142 67 20 145 109 143 149 108 24 111 18 3 7 40 139 86 57 49 69 54 37 35 43 88 68 56 1 5 26 79 28 135 
14 78 111 112 107 52 129 91 28 89 45 35 120 122 57 32 1 4 68 136 94 109 76 19 95 10 27 141 140 2 18 80 105 17 137 102 69 96 88 
102 118 110 62 32 135 91 61 139 128 131 119 146 82 5 114 53 6 109 54 123 70 80 127 84 104 94 51 89 83 26 13 
52 14 18 75 120 48 137 93 80 9 71 114 136 53 4 115 59 35 122 1 81 8 107 143 15 103 109 58 44 92 140 60 3 42 51 94 
145 124 33 130 64 147 129 49 120 82 52 32 110 84 44 94 89 4 60 148 1 17 21 72 103 48 88 128 122 116 133 27 79 37 
24 46 50 39 108 118 44 22 23 26 84 91 142 67 12 68 74 134 148 111 122 133 34 33 7 60 119 81 6 27 43 51 10 9 87 109 69 19 92 62 64 105 144 41 14 
28 78 70 106 74 71 91 119 129 116 23 5 48 98 123 141 113 144 105 7 9 33 142 146 63 55 26 60 134 112 11 58 126 40 1 97 145 52 61 80 20 19 108 82 
52 107 58 109 23 129 100 91 87 18 117 2 36 137 121 143 62 99 35 86 96 66 71 6 88 31 47 10 32 146 130 33 50 55 141 28 113 122 14 77 54 84 
52 9 39 116 92 37 135 98 105 146 35 79 55 132 62 10 48 47 86 90 23 143 147 42 69 118 51 30 67 43 77 94 54 68 33 76 
94 45 81 37 139 140 12 18 49 104 101 16 62 102 89 130 23 131 84 129 59 97 141 64 54 58 9 34 
9 12 40 135 129 46 133 150 48 72 10 138 37 76 79 26 127 49 132 1 67 55 64 80 130 84 28 41 136 102 107 77 126 139 128 
97 87 72 53 122 18 121 106 140 81 89 116 16 28 132 44 52 9 8 1 85 76 31 51 131 128 46 69 62 80 50 83 94 149 25 66 2 60 92 103 73 99 109 
136 82 48 17 91 71 112 117 102 76 101 146 63 124 140 59 67 132 25 68 29 47 141 96 109 122 69 4 30 21 80 64 127 87 37 121 60 86 27 150 34 16 15 88 
78 96 138 125 80 47 29 65 103 149 90 134 39 43 150 51 108 116 17 97 45 99 68 120 12 66 34 1 28 59 46 107 55 57 92 14 122 40 49 123 98 101 
87 47 124 62 58 1 64 98 91 3 31 59 138 100 24 93 8 92 60 76 9 45 85 18 22 135 25 144 131 63 90 139 12 
132 70 127 30 92 34 77 16 147 118 121 126 42 35 59 23 9 29 97 36 145 94 101 82 81 68 96 60 67 27 65 122 
141 108 58 116 149 54 125 102 45 50 115 92 150 56 97 62 134 29 143 9 16 135 79 14 60 64 139 75 26 78 38 1 86 83 136 46 47 119 23 61 
59 41 14 126 103 129 89 73 11 60 138 102 91 93 50 127 119 18 87 57 6 77 123 130 145 63 137 81 30 69 88 117 142 49 116 
12 19 138 27 80 78 143 76 22 48 49 126 125 99 139 40 31 98 66 75 36 39 53 83 13 33 72 51 55 60 77 10 86 4 11 
135 22 62 88 87 99 59 38 145 58 31 133 11 112 149 146 19 127 51 65 66 64 63 77 10 81 56 13 32 27 46 29 131 139 
144 112 27 52 15 107 51 100 28 102 123 33 136 34 39 118 86 57 50 104 11 138 67 40 149 17 91 63 109 8 85 72 25 113 30 
58 50 127 21 40 137 54 34 4 8 128 141 108 131 19 113 32 36 80 7 142 103 77 41 91 16 25 139 79 130 119 73 18 57 120 49 27 23 149 35 29 61 64 145 126 89 
147 101 7 66 63 52 81 45 116 34 64 41 127 30 72 146 104 119 111 120 44 126 98 15 124 73 29 61 143 70 48 84 46 90 3 4 94 
13 43 148 61 6 83 82 67 39 69 23 131 10 149 137 17 101 38 118 11 54 126 125 27 66 60 98 48 96 112 52 71 89 50 113 31 102 65 21 63 32 40 51 93 22 145 94 80 117 
38 134 74 97 109 123 64 80 118 17 143 33 133 5 86 70 129 148 62 79 99 137 139 144 83 20 82 58 91 117 100 140 44 51 18 75 88 
131 108 72 24 133 107 150 66 11 31 71 85 80 88 82 8 27 69 103 16 37 23 140 35 33 22 81 111 83 49 84 132 
71 41 68 99 82 28 74 111 39 107 23 147 73 24 133 87 27 100 72 148 17 40 70 18 137 84 92 11 88 132 33 97 103 93 101 109 89 108 
60 149 33 6 59 88 37 98 54 29 8 1 89 126 129 120 109 132 64 18 68 40 150 79 69 19 25 26 75 133 134 113 125 82 56 116 127 20 74 102 44 31 15 
118 4 94 28 100 31 110 138 84 14 71 134 38 62 73 125 50 86 108 74 53 92 140 146 75 24 82 15 
123 32 36 146 132 131 87 58 34 133 76 39 9 38 96 124 52 10 71 147 112 11 114 24 65 84 64 72 43 149 109 23 89 88 119 140 
91 106 134 69 132 76 28 92 119 90 10 136 102 13 16 50 114 117 67 133 111 87 52 147 145 123 8 55 95 118 71 25 29 142 113 
22 117 129 42 113 93 84 16 106 21 34 29 76 43 49 13 30 2 108 64 28 57 115 72 86 130 5 47 111 61 58 63 123 144 118 149 98 
86 68 84 98 76 132 61 65 95 87 139 135 13 46 131 44 60 27 9 57 66 75 143 91 106 100 63 59 7 8 40 5 70 150 146 134 117 149 37 136 55 107 
15 103 135 9 73 62 137 56 67 113 120 102 12 146 123 106 127 97 46 38 29 79 148 105 32 100 51 57 74 22 136 5 
77 138 5 20 17 148 30 58 100 132 34 63 7 27 90 33 50 44 46 32 16 39 2 139 38 65 52 83 59 84 113 150 105 106 3 14 96 103 81 29 117 127 
51 38 98 44 128 54 125 47 92 30 115 12 73 71 95 87 117 2 36 110 143 82 107 56 31 89 105 41 91 121 23 35 86 66 64 21 80 147 13 11 93 138 119 79 
82 31 108 68 2 5 134 135 58 1 45 122 130 10 61 86 56 22 73 64 37 139 32 52 26 123 137 125 34 107 24 88 136 128 106 111 60 81 20 18 36 104 121 126 28 
100 87 35 52 138 36 121 125 64 3 141 57 32 60 54 81 63 120 126 14 93 122 22 88 101 123 40 106 74 115 144 
139 101 102 16 60 19 137 3 40 144 89 123 126 10 143 25 31 36 124 82 70 41 112 138 109 53 81 142 62 47 51 64 12 128 90 120 66 37 27 55 22 145 132 149 
17 28 87 5 63 54 148 142 60 145 15 128 48 104 26 98 140 57 110 129 59 96 93 30 67 106 77 132 33 147 150 115 112 141 47 62 49 74 
108 129 65 76 132 35 59 68 5 116 138 89 12 73 94 85 3 1 128 99 112 97 13 44 140 77 106 147 25 60 41 28 21 11 126 7 53 143 
148 28 97 58 122 117 113 44 99 67 85 120 3 134 7 4 40 34 119 43 132 129 72 57 15 94 103 145 21 142 27 143 1 
55 88 61 136 79 54 146 124 51 148 134 109 141 13 131 116 110 145 10 71 113 114 68 130 18 72 6 93 52 133 106 
48 98 117 96 84 78 36 112 20 13 105 114 4 67 91 106 120 18 132 128 82 41 43 115 130 33 65 134 23 63 74 45 110 70 
95 23 89 135 11 150 52 50 108 121 47 136 76 107 38 15 26 48 19 73 8 93 62 88 2 72 17 57 61 63 105 75 37 99 35 124 27 6 40 120 142 97 77 20 125 
5 54 86 105 117 4 77 16 135 148 21 64 41 149 48 97 112 46 76 7 103 24 108 35 45 138 27 102 50 10 133 11 43 38 
40 55 50 45 2 31 137 13 59 47 72 3 87 36 4 75 43 146 84 126 101 27 102 30 96 95 93 113 56 14 134 60 117 140 147 8 135 
120 32 86 99 46 148 118 33 114 10 25 22 134 137 89 59 103 29 54 53 136 131 85 6 96 2 49 128 27 23 67 66 71 104 48 112 92 60 18 65 52 42 19 
49 10 24 75 34 50 133 1 61 28 149 101 83 116 110 57 127 68 120 102 134 74 146 13 30 21 92 31 65 79 67 
126 58 94 117 85 71 32 65 87 93 20 39 75 40 5 147 135 70 102 134 111 113 67 96 76 55 100 13 4 115 86 150 137 78 45 25 19 84 34 35 119 138 9 
80 144 49 64 77 128 103 67 115 102 14 118 5 142 138 108 57 37 10 38 63 125 15 29 92 78 69 88 35 124 89 129 104 17 50 98 3 
43 20 51 10 131 35 41 23 87 29 90 111 11 149 4 18 126 66 118 104 80 75 50 142 125 64 52 33 136 93 21 145 44 36 122 49 89 100 8 27 135 
1 3 46 38 129 43 81 40 100 27 80 141 29 9 87 135 31 63 42 137 143 18 130 120 16 37 138 122 85 91 41 49 8 61 66 101 149 17 119 35 25 
52 141 125 148 65 20 128 82 51 127 57 150 123 8 10 144 119 66 13 90 89 23 42 39 5 112 93 134 96 115 44 60 117 63 70 64 85 109 7 147 95 40 86 33 116 16 107 
130 109 59 87 93 106 17 74 34 1 41 84 128 72 145 121 92 3 16 108 53 70 140 95 30 25 15 135 123 12 36 35 112 29 44 48 149 7 90 4 23 