150
100 40 115 92 87 105 13 57 4 10 89 76 98 145 106 39 41 61 15 91 30 12 88 83 65 144 104 45 25 28 
131 121 82 134 140 49 116 4 113 11 132 73 139 21 3 129 52 16 56 8 38 85 103 60 126 93 114 13 65 106 120 58 119 27 59 
27 37 7 136 71 135 129 49 32 2 22 58 10 122 108 83 60 110 95 24 141 131 77 127 115 120 130 23 84 38 21 118 93 57 61 106 90 82 18 43 72 113 
7 84 132 49 36 143 79 64 20 135 150 2 57 99 114 149 5 110 91 13 1 31 74 140 52 67 122 125 11 120 83 40 16 
137 19 78 25 100 79 23 115 114 50 94 98 150 53 70 4 138 85 125 91 84 124 136 26 73 27 18 87 117 8 56 32 132 83 119 82 21 141 120 113 
150 18 70 87 48 98 148 41 22 120 135 39 33 99 140 38 149 79 104 106 9 23 16 122 73 94 113 69 123 34 83 101 75 108 130 81 93 
84 111 67 106 43 95 117 9 51 46 90 136 92 4 75 147 3 141 110 42 25 113 20 35 112 10 47 103 104 19 114 44 61 129 150 100 119 83 
77 136 89 119 121 40 90 65 81 94 148 72 143 66 78 9 82 5 12 51 133 27 84 48 42 56 31 73 32 2 106 57 102 85 114 149 79 139 
135 32 62 23 8 150 31 20 140 113 95 124 139 142 96 130 121 71 66 49 144 116 119 7 90 128 122 69 134 147 6 82 40 141 
140 141 124 90 137 34 131 86 48 28 56 113 33 41 125 101 1 134 16 133 39 129 72 7 3 116 110 115 94 146 80 
17 139 91 86 88 59 119 42 144 41 25 55 82 76 131 44 74 34 147 71 121 68 45 104 51 113 56 83 127 136 80 70 2 97 4 61 140 117 
1 122 76 58 23 13 140 27 51 97 84 127 31 103 82 128 56 89 85 124 37 25 54 133 8 28 129 145 48 14 88 115 16 70 104 98 150 36 125 80 91 130 
114 18 50 119 1 85 45 97 27 12 20 129 77 4 35 58 118 109 100 53 80 2 71 144 104 75 146 72 26 47 73 113 
94 147 52 46 121 26 28 149 19 92 112 140 23 91 143 136 61 12 66 25 62 71 88 95 63 87 68 81 56 27 58 74 57 43 130 90 142 16 21 89 80 82 75 116 
132 104 117 49 80 74 142 108 52 130 102 1 33 45 146 101 82 134 43 44 16 88 137 29 32 55 110 26 56 54 17 63 30 19 71 105 
6 74 31 103 131 101 132 29 41 149 54 116 42 69 2 61 15 99 122 94 84 21 142 121 58 82 128 105 10 72 17 14 68 4 37 40 92 65 114 141 19 137 62 109 96 135 26 12 
67 96 92 144 102 78 45 56 72 143 65 131 73 111 99 103 149 60 51 110 55 84 75 11 36 23 112 16 87 109 119 15 66 58 88 26 118 89 137 
129 39 80 63 125 59 102 3 135 5 87 48 65 22 19 34 106 113 78 145 44 73 104 23 6 92 69 13 75 70 47 83 112 46 32 67 89 96 
105 107 98 139 22 73 5 18 75 38 46 26 129 138 85 39 14 53 52 15 65 57 47 141 126 97 142 33 49 78 127 70 89 68 27 88 16 82 71 149 42 119 7 29 95 
103 118 30 4 116 52 51 144 145 32 49 65 13 85 46 129 108 37 56 7 54 90 124 61 93 112 28 82 135 87 74 67 58 22 27 125 111 64 136 81 75 126 26 134 9 
146 14 2 37 48 115 73 65 30 109 39 119 134 3 36 28 132 128 90 118 74 130 79 123 91 81 58 127 63 137 104 85 70 71 32 44 144 125 92 5 93 89 59 16 
84 93 96 126 83 3 44 6 46 112 122 30 120 132 23 104 47 109 62 18 28 19 33 105 89 61 20 90 82 79 72 71 27 24 111 100 
125 97 30 141 127 14 64 17 103 6 105 144 55 96 3 26 118 102 22 18 79 72 148 12 37 94 9 74 69 136 109 5 35 138 66 104 54 126 146 77 110 133 58 70 25 137 71 63 147 139 
73 133 137 93 40 144 54 106 101 31 3 62 141 56 28 30 35 39 90 136 72 34 123 65 22 115 148 97 140 99 109 46 113 94 59 74 49 47 130 146 
141 128 77 65 47 106 12 53 48 97 146 81 107 54 120 40 38 103 49 100 66 89 64 139 57 69 50 59 11 5 41 14 129 88 46 136 23 137 1 61 28 7 
14 121 65 42 92 137 74 50 20 48 17 30 79 146 87 91 100 106 103 102 101 109 28 113 5 144 127 13 27 23 16 114 19 134 15 36 
41 52 116 8 144 20 118 136 79 32 85 140 88 64 26 19 65 129 122 111 3 60 67 22 14 44 13 92 2 42 107 74 82 96 69 5 50 150 12 112 
75 107 12 20 22 21 137 35 29 14 10 125 1 132 92 25 54 102 127 59 88 148 61 24 26 63 143 50 
137 66 35 143 28 131 144 33 50 36 135 75 150 127 96 57 82 94 34 15 107 37 121 19 44 53 41 52 97 47 98 103 106 30 56 16 48 88 39 104 38 142 65 122 
99 80 116 148 132 147 15 51 29 62 121 22 139 81 108 21 149 75 124 144 23 1 131 134 125 26 89 88 60 126 46 69 24 58 118 123 86 72 47 98 20 
83 95 12 16 104 4 76 36 102 88 40 139 58 140 118 127 112 37 130 99 8 9 24 107 94 90 82 147 150 
121 36 130 94 106 21 85 108 64 3 74 55 73 9 18 109 15 59 131 104 27 116 52 44 86 122 48 8 87 143 79 5 69 129 66 20 53 
141 67 129 91 144 94 42 72 112 95 38 121 90 99 19 68 148 15 45 39 103 149 37 22 55 69 6 139 62 124 29 10 135 64 140 83 
69 124 11 118 121 63 6 10 102 48 92 99 137 39 123 129 77 18 87 62 24 46 50 133 120 113 122 29 
71 24 7 89 102 93 23 110 120 51 50 130 41 28 83 111 54 59 48 63 49 75 118 43 55 42 56 117 108 131 84 126 64 73 29 127 82 139 74 13 
112 12 117 119 139 123 75 143 63 42 147 46 21 125 132 76 110 32 29 26 31 69 38 137 91 4 145 88 142 113 17 94 56 138 41 
74 106 97 55 125 60 127 20 12 81 113 52 3 114 65 108 33 29 99 105 128 117 85 50 31 135 21 58 23 142 84 143 76 43 39 16 
29 143 105 55 86 66 61 2 52 107 58 101 137 135 117 142 122 119 149 127 6 116 95 130 150 45 19 108 96 48 77 3 46 25 33 36 60 136 104 50 43 
68 134 21 103 59 72 117 1 73 95 89 118 65 105 146 67 19 33 56 94 34 37 29 128 40 119 51 24 116 140 96 149 83 108 63 125 10 6 120 18 87 50 113 
106 147 141 116 120 92 74 1 130 39 79 101 126 8 63 68 142 31 9 24 138 118 122 16 144 93 113 66 108 133 125 94 132 100 145 85 114 45 25 4 
140 84 62 74 36 35 47 94 44 122 56 71 116 113 141 121 6 135 25 101 102 46 134 109 70 87 66 16 98 10 29 27 131 119 11 129 1 
54 143 147 62 98 130 76 122 33 59 36 138 134 87 101 16 11 137 97 102 120 83 128 131 8 94 19 55 93 26 81 136 65 68 103 115 73 35 27 82 67 7 
15 56 3 83 54 87 132 37 142 68 14 106 138 76 35 64 38 7 46 99 104 113 75 71 109 143 92 58 119 146 74 73 122 72 85 137 112 90 66 145 
126 15 21 108 87 41 58 60 18 66 88 89 27 22 65 121 143 125 77 54 64 7 50 123 11 32 103 132 29 145 92 
99 11 75 38 33 50 15 1 73 80 125 79 143 130 93 57 107 40 111 17 142 91 74 134 97 117 150 126 114 51 95 90 100 72 102 94 13 68 
7 133 34 54 72 18 102 20 51 124 41 119 25 91 96 135 43 64 62 36 19 145 38 103 114 105 30 22 146 14 98 55 50 24 101 75 
56 139 145 29 53 99 104 41 90 18 140 25 138 107 68 71 113 102 24 122 84 111 92 108 70 19 30 136 87 147 64 127 112 22 7 13 
26 52 95 87 65 10 106 60 34 110 88 62 146 134 21 38 50 18 127 6 12 114 99 29 74 143 25 135 54 105 100 149 57 32 96 75 8 35 55 
53 9 4 85 129 136 141 2 135 122 35 100 15 133 24 81 110 65 103 50 145 71 25 19 60 3 20 72 107 58 79 95 61 83 
26 5 55 105 38 121 27 119 95 116 127 52 145 45 13 123 115 135 90 114 137 98 37 39 35 104 25 48 118 59 49 97 125 28 46 54 87 29 66 44 34 71 
17 150 116 136 134 123 117 129 8 35 84 46 62 39 56 12 90 76 147 88 52 11 85 143 72 138 141 57 118 122 7 20 30 45 137 60 119 144 128 
64 121 138 109 63 137 53 4 56 2 103 20 15 113 115 122 51 123 129 102 32 54 37 29 19 107 150 90 27 50 38 135 14 100 48 146 
56 138 87 19 32 98 90 144 52 105 61 25 47 29 140 118 116 13 75 95 113 127 121 49 67 80 93 64 5 55 117 
42 95 52 20 62 55 82 122 35 16 44 141 86 24 99 125 43 12 28 96 15 116 57 143 25 50 148 145 46 78 48 23 142 131 149 
106 42 134 11 111 46 48 97 38 124 76 103 126 98 32 93 53 17 54 105 135 136 50 78 148 15 99 84 37 88 149 23 33 35 
84 43 17 36 145 39 24 115 15 109 47 52 53 10 51 58 91 41 12 78 149 8 102 100 140 69 133 144 147 20 123 60 5 139 29 14 11 2 35 120 
137 54 141 1 25 19 106 124 4 132 51 108 48 70 14 68 150 3 71 88 80 45 100 61 8 89 29 97 60 112 138 
116 84 30 143 131 128 67 86 2 14 38 31 21 145 49 113 13 129 73 110 23 89 56 109 124 44 12 20 3 144 16 87 17 139 37 146 43 95 92 
18 91 11 62 21 76 133 83 42 99 35 135 2 28 108 136 118 50 25 24 74 70 139 113 39 32 114 94 134 142 115 60 143 
38 75 17 103 97 51 73 126 2 117 71 125 94 123 150 122 131 87 57 48 44 30 88 49 37 119 56 27 3 142 59 105 79 137 90 121 
11 14 132 68 75 104 123 25 93 96 1 16 139 7 133 101 53 49 125 102 20 110 140 38 88 22 100 57 3 28 90 66 112 99 
51 89 122 149 150 80 24 46 67 79 100 93 85 66 41 69 34 30 22 118 141 54 65 9 14 70 88 114 33 59 42 82 48 144 120 104 134 16 77 
68 21 36 14 97 34 87 28 120 40 142 129 80 122 23 92 110 96 128 90 15 18 139 109 35 82 99 39 69 113 124 112 52 76 
35 44 147 120 27 129 117 122 33 20 89 4 72 47 25 76 43 32 91 53 78 46 79 104 88 142 74 148 106 90 23 52 124 94 
116 8 140 148 114 72 130 27 108 24 19 18 62 39 48 66 26 21 118 70 2 138 132 29 135 42 37 44 1 67 87 25 49 17 16 150 20 117 96 142 122 147 139 105 
73 62 129 145 147 82 40 17 14 88 71 144 32 43 69 74 70 99 9 8 128 50 121 130 44 114 38 29 104 140 25 109 146 65 61 23 41 67 91 
121 20 86 27 120 58 140 105 39 62 83 66 17 114 53 113 138 75 93 144 145 127 65 33 18 139 42 4 7 
19 71 16 91 43 63 132 45 129 96 127 143 74 33 40 141 39 123 108 140 133 61 135 78 11 72 103 138 122 57 93 73 14 106 110 116 75 128 95 104 69 47 42 
36 66 138 6 16 83 124 18 9 68 97 56 136 113 92 32 25 82 33 149 111 119 23 112 63 94 116 85 76 126 30 62 134 27 128 34 150 77 148 115 
62 59 21 66 129 104 74 23 148 65 97 57 12 88 101 18 141 6 121 47 135 19 131 119 107 77 11 83 5 76 85 138 41 134 
35 11 102 114 100 68 50 3 57 41 23 66 21 147 43 133 76 131 47 22 9 115 79 117 49 73 119 91 15 112 60 103 143 13 72 14 95 106 19 
39 43 123 46 16 113 65 103 45 13 128 17 49 98 23 22 51 144 138 92 83 68 95 116 8 64 135 71 104 10 33 142 80 3 99 30 24 118 137 127 
39 68 17 60 105 66 21 8 146 5 132 117 88 45 35 43 150 58 82 13 18 137 6 106 42 131 87 24 112 120 102 118 126 19 140 116 2 74 32 129 71 
16 45 101 11 133 94 23 124 40 41 73 68 108 120 97 103 135 26 116 70 143 15 144 130 35 24 114 140 89 86 127 100 66 87 43 27 64 4 20 107 37 21 129 59 14 48 32 
43 36 79 46 77 112 84 17 137 13 67 30 80 140 61 60 20 101 35 76 45 135 7 88 18 53 130 19 29 141 82 28 138 106 6 124 89 48 93 68 14 103 
120 98 51 70 69 63 82 110 31 147 12 90 55 77 1 43 71 83 37 42 11 59 36 130 75 64 145 102 
123 79 85 23 143 25 84 62 142 96 44 82 81 116 8 93 76 69 139 70 105 75 89 141 100 3 38 34 80 114 13 
5 114 19 64 56 83 55 128 136 17 82 133 125 91 120 68 8 18 54 148 132 150 146 
84 27 77 49 98 45 26 60 6 40 22 23 106 110 75 4 121 64 21 118 108 95 5 96 131 32 71 62 147 99 136 109 89 86 8 97 148 
115 15 72 53 120 108 143 91 14 77 148 13 103 18 99 123 102 117 12 62 75 93 10 105 30 127 142 111 45 11 145 63 114 57 
42 118 6 25 49 109 97 77 145 86 140 117 8 94 14 149 37 30 120 119 21 20 124 
119 73 3 66 20 103 75 29 115 77 95 145 114 9 78 62 22 35 131 14 121 15 101 2 42 84 5 133 92 19 63 54 8 94 69 134 129 108 142 12 76 83 88 112 102 11 16 106 136 27 31 147 
138 31 5 82 7 59 4 139 43 1 84 49 120 95 127 11 122 69 147 6 89 78 18 3 67 76 33 116 143 103 144 148 72 108 42 35 39 22 114 70 115 
37 86 75 7 55 3 22 137 12 83 109 92 96 139 79 102 41 4 8 5 82 130 115 150 122 118 47 117 56 95 106 135 91 77 134 17 16 112 51 58 35 
51 37 27 21 2 40 105 20 70 19 49 117 43 150 96 69 12 8 122 128 135 5 97 32 13 143 77 62 145 101 
32 131 30 139 81 74 54 117 10 89 115 96 130 111 102 58 112 133 88 95 38 145 128 67 84 11 104 107 79 
120 105 106 50 6 65 60 44 108 47 130 63 17 100 136 97 41 92 26 39 18 73 42 14 74 146 141 101 121 32 124 58 138 147 34 1 135 5 20 43 53 48 98 
121 86 55 120 19 36 118 149 14 132 82 66 73 12 94 129 90 143 15 102 17 27 25 44 61 101 48 147 11 30 51 70 31 93 64 62 119 127 122 60 29 1 28 75 125 111 109 57 
19 103 25 107 21 77 106 125 74 86 62 150 57 83 110 64 44 58 126 35 138 8 39 75 123 121 1 134 147 124 14 142 18 30 115 128 12 79 136 117 22 17 
31 113 52 60 108 53 8 135 145 7 47 117 76 63 45 64 61 33 43 21 100 136 138 20 119 96 110 14 24 105 9 88 50 97 10 131 22 51 115 3 
113 12 111 137 26 84 80 133 117 128 134 78 46 68 122 36 126 59 11 115 66 1 141 21 143 142 71 45 14 4 106 112 56 64 150 140 33 5 131 
119 105 143 98 97 21 14 27 47 28 99 16 116 18 134 63 34 7 149 26 109 146 100 43 82 69 72 1 131 115 17 87 84 103 44 58 104 40 
77 55 40 100 135 134 126 115 42 96 148 98 3 35 142 53 75 68 20 67 110 62 88 102 6 2 97 113 130 24 147 80 45 22 121 21 61 118 
148 74 29 39 145 42 104 59 6 143 41 16 24 10 69 88 32 60 8 81 14 33 114 31 45 121 99 100 23 118 36 64 128 122 5 139 82 142 130 40 117 
19 144 130 113 79 84 82 48 3 14 50 141 124 49 110 129 33 7 71 146 58 9 137 83 31 54 53 112 96 104 45 72 109 111 135 108 97 86 38 106 150 138 39 68 
103 122 39 142 46 9 23 102 118 86 133 77 61 54 65 17 97 16 84 114 29 107 27 68 138 18 93 90 113 79 115 95 38 63 110 85 48 22 
150 123 95 124 109 19 50 11 92 37 115 120 70 104 29 96 23 114 69 90 85 13 12 60 130 137 63 147 57 128 45 87 25 135 55 79 24 93 81 108 74 139 42 125 
127 143 128 41 137 19 106 113 120 12 118 5 79 125 87 101 76 46 30 6 1 92 53 72 110 42 148 55 50 93 29 
140 80 133 59 43 24 127 105 135 79 45 30 111 16 55 119 61 113 63 136 148 33 102 94 66 92 122 72 34 117 125 6 150 54 100 48 31 37 4 129 47 17 
56 111 125 118 137 147 94 74 90 87 61 127 77 62 104 135 92 7 130 25 99 149 1 40 93 26 48 49 106 114 71 57 52 45 22 5 13 108 
15 87 134 122 135 24 98 82 109 119 138 74 38 115 40 61 41 26 10 141 46 136 70 16 75 150 88 85 42 6 114 
31 23 8 28 17 84 71 99 129 88 42 15 141 34 133 35 82 121 61 73 52 145 93 41 86 47 80 46 18 76 140 26 56 142 106 125 96 45 
128 7 131 112 83 135 105 17 26 49 119 55 92 80 125 46 29 75 122 60 134 16 20 121 25 42 12 82 23 2 33 72 68 110 39 71 44 115 89 52 96 74 
29 21 142 86 118 70 18 134 66 11 149 97 94 62 92 117 128 32 131 150 126 22 64 6 106 31 43 7 72 23 1 12 100 15 47 68 13 61 138 50 38 95 
50 38 37 39 116 80 16 23 90 77 99 87 1 112 92 60 48 109 53 19 67 65 103 149 55 120 136 73 22 15 46 142 85 124 111 
100 18 98 8 55 48 144 89 64 87 130 102 91 25 129 32 7 3 40 73 111 138 120 26 1 79 104 29 71 128 107 37 2 95 82 84 6 68 75 43 149 57 118 24 135 141 142 
108 31 52 141 139 29 124 116 45 70 25 28 74 38 132 137 89 49 96 86 19 111 144 106 27 127 136 47 
20 90 39 15 3 68 107 6 79 82 44 100 83 113 80 59 65 32 95 97 123 30 137 38 87 147 74 35 40 112 37 57 119 47 
16 32 17 22 110 21 123 41 81 125 101 129 88 92 23 142 24 52 13 79 26 56 58 95 105 117 97 84 66 43 116 141 63 136 
119 17 147 89 134 48 4 35 49 61 90 131 68 58 126 3 63 133 96 112 95 118 7 103 36 93 15 109 79 10 23 98 76 
95 115 47 105 80 106 27 121 86 45 17 7 35 134 107 91 20 22 88 126 100 141 99 55 69 114 
147 69 108 43 113 110 22 120 137 86 57 123 47 134 117 84 145 63 27 17 36 105 14 71 75 82 73 91 61 95 142 31 33 149 150 20 7 103 146 18 140 
34 39 37 114 120 13 141 90 112 2 7 9 10 36 98 40 134 95 41 96 11 24 53 52 58 47 93 128 6 108 69 18 91 59 26 3 72 136 130 63 67 43 122 99 5 126 
77 82 46 50 78 74 67 97 83 2 94 13 7 128 150 116 48 66 101 59 125 45 16 100 40 62 65 37 26 113 5 139 111 96 8 4 117 145 71 80 
69 59 82 97 3 93 80 86 91 83 103 50 10 131 119 71 1 132 12 42 56 5 52 92 89 116 146 125 139 101 96 136 90 21 84 140 127 123 24 111 
124 145 50 138 27 16 39 105 38 68 77 41 150 20 72 53 126 73 14 30 109 149 137 69 117 114 135 32 74 65 58 40 54 118 92 2 51 83 9 115 10 107 
89 11 71 84 144 90 65 85 45 51 53 81 94 86 37 116 114 124 5 91 60 36 145 104 112 7 35 39 134 15 73 122 38 109 99 148 64 80 
59 104 106 65 126 94 98 145 17 62 79 27 96 84 35 20 72 30 110 135 51 81 141 100 125 21 53 13 93 116 23 39 120 3 31 73 40 50 88 34 
140 81 60 41 90 70 82 51 36 11 128 38 71 108 132 101 43 19 5 115 69 127 17 2 50 46 103 21 39 150 142 99 9 143 110 13 7 92 88 8 
131 6 2 64 113 76 39 106 56 62 78 141 40 73 81 118 121 5 25 112 97 80 83 130 98 133 42 3 74 4 34 128 88 67 150 35 22 105 87 63 
8 52 124 88 67 111 34 142 102 33 103 60 89 16 11 53 29 44 123 66 93 94 125 120 70 41 82 50 26 2 30 87 14 79 32 9 137 
22 127 143 47 117 27 88 43 141 103 99 144 62 29 42 63 60 101 54 32 84 6 12 4 16 51 38 41 96 94 91 83 131 137 150 128 146 40 64 34 65 3 85 49 52 68 9 113 
149 112 121 109 24 50 72 60 30 125 51 44 134 52 80 77 6 34 68 36 89 108 56 21 115 97 61 
140 57 139 33 5 107 55 74 20 148 58 10 63 30 69 105 116 87 75 132 34 130 81 95 64 117 97 9 121 133 12 131 46 89 
18 44 121 21 10 141 98 132 114 103 97 37 54 36 100 99 28 5 150 123 102 118 126 39 20 23 109 89 88 61 78 4 60 50 30 45 115 127 12 40 
91 2 20 136 125 69 45 23 118 35 30 111 93 104 147 113 73 19 132 22 89 110 116 44 55 60 40 
38 74 144 21 50 67 88 31 12 26 23 83 37 99 68 28 122 53 72 47 98 48 130 11 150 35 136 80 19 29 3 100 107 125 115 119 
51 106 119 69 86 66 129 78 97 12 72 68 21 149 122 16 103 104 39 63 25 135 58 37 120 91 113 98 9 140 114 42 89 85 94 147 
10 34 70 63 102 49 52 109 138 88 25 32 7 95 41 18 20 58 135 142 51 99 148 33 128 19 3 12 82 66 13 106 68 73 64 2 27 74 133 140 
3 138 106 24 31 15 40 84 113 127 76 32 143 42 66 12 38 9 45 86 93 100 97 87 124 94 65 35 21 74 135 95 75 14 120 6 
120 17 30 41 115 10 147 132 32 82 91 110 86 3 140 54 11 103 71 70 142 92 35 2 73 16 104 79 145 42 137 58 122 29 60 90 124 
40 107 4 125 137 65 144 115 57 21 131 15 88 43 30 124 28 78 143 5 61 73 16 119 44 68 149 2 36 22 126 
124 138 142 74 34 40 148 96 68 24 141 78 61 8 46 82 56 59 49 120 91 12 129 135 10 71 99 110 86 23 102 
103 21 20 69 140 42 39 104 147 111 112 2 110 117 139 89 45 9 59 70 92 148 141 48 91 84 55 41 113 150 93 82 101 30 15 123 26 10 62 51 
93 6 95 140 106 16 97 74 90 20 139 103 4 52 133 3 101 49 85 50 84 29 68 48 59 75 99 118 87 147 70 37 9 128 116 38 129 41 33 46 142 18 100 72 55 65 130 
113 99 127 20 42 82 59 89 25 7 126 24 55 3 79 51 107 101 8 105 49 23 78 47 87 69 14 90 27 5 38 11 149 115 109 
121 146 21 112 84 10 72 17 95 60 38 28 29 42 108 91 141 51 97 23 57 16 116 73 50 52 26 25 5 139 132 100 122 34 15 131 75 24 107 98 36 43 
75 68 52 72 95 57 87 130 42 106 19 83 23 96 69 43 101 89 133 65 104 70 36 5 53 144 116 142 129 40 90 47 67 51 
33 143 8 146 137 115 25 86 141 23 36 56 67 47 114 59 11 107 124 84 19 61 9 58 97 63 35 94 65 2 31 134 30 135 83 77 
112 4 66 135 65 56 129 134 99 131 75 149 41 9 2 33 124 147 74 31 61 67 11 24 68 119 39 10 73 102 81 91 6 53 47 115 12 14 128 27 
139 113 3 102 118 70 75 120 23 25 9 57 40 87 107 142 122 147 62 133 51 137 33 111 68 19 150 49 106 77 7 109 95 54 24 41 125 101 91 10 16 5 134 
102 112 138 96 40 45 54 19 16 64 29 150 135 109 63 141 148 60 37 72 77 119 93 91 82 143 131 14 65 105 106 146 104 121 9 80 43 38 133 129 94 59 89 36 15 
68 43 74 139 58 44 94 130 92 98 122 88 71 32 38 54 142 29 42 8 77 51 132 59 28 45 17 85 146 14 119 80 91 37 48 83 4 36 
9 67 24 138 11 13 53 72 51 66 107 1 58 127 40 23 62 83 106 17 56 95 117 74 150 30 132 29 122 20 26 33 21 27 
81 66 82 49 1 149 46 94 117 112 18 86 67 90 36 47 54 12 44 76 80 43 50 102 58 114 116 56 118 85 131 20 40 
13 147 137 23 46 26 39 73 143 87 122 92 43 24 78 95 115 10 139 142 112 21 48 25 15 52 66 58 
40 140 100 23 87 31 97 76 135 36 134 88 14 71 112 30 7 93 146 108 126 51 64 79 141 131 66 11 9 42 56 83 89 82 128 110 65 47 
124 93 99 117 98 8 79 69 134 28 54 94 142 6 70 23 24 65 129 133 33 80 83 64 55 78 30 149 
55 106 148 132 81 145 54 8 19 104 48 88 69 33 136 38 140 14 30 39 116 4 6 105 16 62 112 100 17 92 123 128 56 
84 97 141 119 125 89 142 6 31 85 114 4 38 52 7 60 73 12 78 112 62 5 144 51 57 29 116 95 9 127 101 122 99 27 69 104 134 91 45 120 65 