150
39 90 128 12 29 57 144 132 113 45 77 102 119 16 49 93 114 74 92 27 147 68 87 145 10 101 44 9 76 111 134 40 84 11 96 133 46 56 135 104 58 52 55 83 123 6 41 14 70 130 117 48 4 150 79 73 33 141 97 116 94 37 86 54 109 88 124 139 26 13 2 19 91 50 149 30 107 20 3 120 53 82 148 143 129 69 105 75 35 8 118 38 28 122 66 62 67 51 36 34 60 5 43 126 22 63 21 71 31 95 146 125 25 65 98 18 15 7 64 99 72 108 137 103 85 61 138 100 47 23 81 110 80 142 131 78 17 140 89 112 115 136 32 127 106 24 121 59 42 
119 5 100 25 95 89 111 67 82 30 141 126 56 29 44 52 143 3 115 87 68 140 96 130 42 107 71 133 137 132 33 36 6 34 88 61 131 108 146 4 78 86 51 58 127 142 91 66 109 13 26 101 18 83 11 81 17 15 45 145 47 62 37 94 98 139 116 50 7 10 73 14 99 48 85 20 144 110 135 136 57 35 21 31 103 90 92 69 19 64 9 124 1 54 75 128 22 93 32 55 106 41 49 150 118 59 8 80 148 105 72 38 138 97 70 134 79 114 60 46 40 77 117 84 24 16 76 122 74 147 129 102 113 123 104 12 149 27 53 43 39 63 120 65 28 125 121 23 112 
89 10 45 112 13 115 11 34 135 126 41 4 129 136 62 19 83 9 145 46 37 71 107 132 127 148 88 60 66 69 138 39 70 25 64 106 21 72 20 55 5 104 31 54 99 38 94 131 12 117 1 68 86 121 14 116 96 119 36 15 84 63 33 144 79 28 133 26 7 142 125 122 82 123 120 140 65 74 87 91 67 6 61 124 143 95 141 8 27 51 114 146 78 50 23 98 56 113 17 58 75 48 92 44 35 73 77 59 128 100 108 43 2 105 32 24 97 53 101 49 42 18 149 22 40 16 57 85 130 102 103 93 29 147 81 150 109 118 110 90 111 80 134 52 76 47 137 139 30 
70 122 84 116 25 129 89 119 8 14 27 95 79 50 142 13 39 23 104 109 35 41 80 56 73 150 148 144 49 21 28 108 40 31 53 105 64 42 134 127 102 135 92 110 61 24 45 82 69 77 132 1 6 71 9 16 37 58 97 75 51 90 130 88 11 47 81 133 131 62 107 55 117 12 72 96 101 94 66 149 146 57 59 44 136 87 85 48 140 74 106 141 68 32 18 76 38 126 26 3 7 33 43 5 99 78 120 29 112 67 60 2 123 125 147 34 138 22 91 137 15 36 139 93 83 124 121 65 10 52 98 115 118 30 143 46 86 17 54 113 114 100 20 111 19 63 103 128 145 
100 23 27 74 68 29 20 64 90 78 55 133 149 25 130 91 40 45 134 150 73 109 71 18 16 137 146 51 89 82 56 10 7 41 101 119 58 84 105 98 72 122 69 66 54 106 26 126 143 1 125 124 85 131 37 49 9 139 19 132 14 15 103 129 63 99 136 59 93 110 42 43 108 141 92 83 107 114 61 142 8 35 145 50 115 33 52 121 147 39 28 65 127 24 77 86 120 2 62 148 97 36 81 53 79 96 102 13 44 95 48 6 87 111 60 34 12 4 113 31 104 117 47 116 57 76 135 138 88 17 38 70 22 30 118 94 80 112 3 140 32 128 21 144 46 123 67 11 75 
106 86 101 50 31 102 75 18 140 134 63 78 150 44 90 8 25 54 56 28 13 136 59 114 149 107 70 27 1 125 128 67 5 119 111 21 88 60 121 115 10 141 66 33 148 92 82 32 62 137 80 52 24 4 20 30 120 46 29 126 103 93 147 124 49 97 127 73 34 79 11 68 35 9 135 3 12 122 39 69 65 105 2 55 53 45 26 96 144 43 104 133 109 138 94 17 145 36 41 87 19 71 113 81 48 99 130 143 100 77 74 85 76 40 118 146 108 38 83 98 89 129 23 116 95 132 91 61 84 16 139 72 7 64 142 42 15 22 51 112 117 37 123 14 131 57 110 58 47 
21 103 62 67 132 44 130 147 82 92 29 105 36 55 94 96 23 6 2 101 149 50 76 108 102 60 43 14 40 135 72 68 104 51 66 115 58 106 16 133 120 148 131 89 48 85 123 84 39 12 49 107 42 17 4 126 81 69 78 75 24 124 11 145 10 121 112 52 34 129 93 138 57 98 25 136 18 139 119 86 41 19 113 111 143 122 27 91 20 100 109 64 22 116 80 97 47 134 74 137 3 140 71 53 33 65 54 117 144 31 127 63 114 9 73 13 45 38 90 88 28 141 99 70 61 46 56 142 32 95 83 37 15 59 77 125 110 118 128 150 87 146 30 79 35 5 1 26 8 
60 37 28 11 34 81 4 76 149 22 109 21 57 88 147 12 9 96 135 131 123 53 35 56 144 113 23 33 67 83 32 93 74 89 45 128 125 119 6 72 54 31 70 26 58 42 69 78 90 39 107 43 99 100 59 92 25 50 146 122 94 118 80 5 68 46 7 71 124 130 13 114 77 36 10 141 29 136 15 87 115 73 91 134 79 97 66 19 117 1 137 108 102 48 116 63 51 98 142 138 104 120 148 40 24 110 75 18 20 84 44 127 101 38 82 112 106 95 65 2 30 143 14 126 17 62 105 47 61 103 85 52 121 139 27 150 41 64 55 3 133 111 49 86 145 129 140 16 132 
63 123 70 116 127 96 105 25 106 48 84 77 148 56 61 6 128 112 58 22 35 141 11 40 47 119 124 53 41 138 145 115 79 1 121 104 57 117 120 102 8 133 74 33 17 65 80 42 21 146 46 45 147 88 37 93 51 144 38 5 143 68 19 92 10 44 101 111 136 140 81 129 30 72 90 27 14 7 118 18 149 55 31 26 142 126 34 87 3 139 114 24 69 125 54 76 85 95 107 130 78 52 113 94 97 108 137 28 4 100 131 50 20 91 60 43 29 16 66 150 62 99 64 12 109 110 82 59 15 89 122 103 36 23 83 67 32 134 2 73 13 132 75 39 135 71 86 98 49 
149 102 113 105 19 145 6 23 96 40 139 103 119 111 75 4 114 28 87 86 5 144 49 147 52 51 55 92 50 61 59 110 45 115 83 41 48 126 22 94 109 57 84 125 118 30 97 136 85 62 39 117 13 25 42 108 93 130 91 44 131 90 77 116 95 100 35 69 148 78 124 53 123 32 31 72 88 122 146 1 46 33 60 68 18 99 58 36 142 74 98 20 101 112 27 150 47 63 11 64 135 106 29 107 54 24 80 141 129 127 38 121 120 26 79 134 9 132 2 8 56 133 71 43 12 104 37 81 65 17 67 15 34 3 7 137 14 89 82 140 76 128 21 138 70 73 16 66 143 
45 139 62 33 107 23 145 1 6 97 35 88 41 104 42 84 57 73 65 149 98 22 56 134 30 43 128 82 146 138 95 136 122 59 124 125 94 86 26 69 141 24 44 25 131 103 74 108 2 140 60 32 14 143 20 102 127 3 16 93 72 78 133 21 100 114 116 29 101 105 142 123 47 70 54 137 38 115 119 13 80 31 110 112 66 71 68 132 4 37 92 91 40 9 79 99 58 51 130 76 34 120 61 49 36 15 12 55 64 5 81 147 111 87 96 46 135 148 53 7 52 19 10 83 90 27 121 48 28 85 67 117 77 129 17 18 144 50 126 109 63 39 118 75 150 8 89 106 113 
91 48 123 54 80 18 35 98 114 99 66 141 144 7 88 93 146 81 97 72 85 87 95 32 33 125 37 62 133 53 107 6 139 140 145 38 108 45 16 82 103 105 55 67 24 68 71 58 51 75 147 89 70 74 43 8 102 90 131 100 42 2 126 40 136 110 64 128 21 60 143 13 111 69 59 22 118 14 19 41 5 86 4 130 78 124 148 20 52 1 96 10 77 39 79 122 27 50 137 112 117 76 138 47 116 142 57 150 31 65 29 11 56 109 23 129 92 46 134 149 30 44 73 113 101 127 36 3 28 120 26 132 83 115 63 25 135 121 17 84 34 61 106 9 104 94 15 49 119 
135 122 77 54 148 119 89 102 37 99 66 71 114 20 6 48 128 88 110 10 39 1 67 82 52 147 124 74 68 64 121 33 46 109 3 9 149 146 140 29 18 16 84 31 127 75 80 22 59 57 53 142 129 24 116 45 25 70 103 93 150 113 90 130 115 8 38 49 117 15 125 78 97 86 47 111 96 144 42 17 87 43 73 85 94 21 63 55 12 4 11 143 105 106 69 104 41 108 131 79 36 101 61 76 145 27 134 58 28 91 92 126 139 83 34 40 133 35 51 138 50 14 19 32 5 65 141 56 112 95 60 107 72 118 132 136 23 98 62 120 26 7 100 2 44 137 123 81 30 
58 142 42 124 83 91 78 114 65 133 30 66 84 130 128 8 94 82 101 122 25 19 86 37 15 40 104 121 36 102 71 90 144 85 53 147 4 52 129 81 17 44 45 61 123 18 60 2 69 74 120 28 140 96 113 98 148 131 143 132 34 127 77 6 112 5 23 49 115 47 46 20 92 138 73 70 26 64 79 97 106 93 116 41 7 110 146 16 9 24 108 109 125 63 68 76 43 80 12 38 29 59 137 57 35 139 51 11 126 89 32 54 1 111 149 39 33 118 117 87 103 107 72 119 136 31 55 10 50 100 105 67 95 13 141 134 88 99 48 150 3 62 21 27 56 135 75 22 145 
77 33 84 142 100 112 98 63 23 56 91 137 32 66 116 72 128 47 135 18 51 41 50 37 96 119 95 110 25 60 44 75 69 45 104 145 17 54 55 31 139 150 114 24 1 92 26 138 126 87 38 147 34 130 53 11 89 10 67 40 134 124 90 68 140 28 121 3 70 149 117 141 88 144 108 52 115 16 59 64 22 12 106 122 125 146 49 62 76 73 79 57 21 81 48 27 14 148 7 136 58 29 42 4 46 71 109 86 132 19 133 102 101 43 9 74 65 127 143 111 20 2 123 99 129 78 82 94 83 93 85 118 5 13 39 131 113 105 8 30 80 35 6 36 61 103 107 97 120 
31 9 24 52 121 129 149 65 119 58 68 138 91 60 50 23 80 133 71 137 74 2 67 81 106 14 103 13 34 39 146 140 82 87 105 18 25 104 43 26 139 93 10 124 92 42 55 11 21 22 33 84 66 130 148 134 101 75 38 47 45 126 102 114 7 98 1 115 51 111 112 70 95 73 63 32 96 36 35 62 57 5 3 40 56 123 41 144 78 147 46 69 29 12 109 94 19 86 135 122 27 53 120 143 4 113 125 89 150 20 97 49 145 85 15 142 128 108 30 116 131 28 83 37 107 48 127 132 117 17 88 59 141 100 110 90 99 136 54 61 8 6 72 64 77 76 44 118 79 
7 57 144 2 8 37 89 135 141 86 28 58 88 111 67 69 20 112 48 108 40 6 92 79 125 114 127 150 9 18 118 39 74 80 73 59 115 65 50 43 119 56 64 41 42 139 149 1 55 60 93 30 23 11 134 95 91 29 138 33 128 117 70 148 113 121 53 104 132 116 105 98 35 3 47 137 24 62 77 133 32 22 13 66 72 129 71 76 107 63 90 124 110 131 25 38 46 147 5 27 103 75 14 101 130 109 36 78 85 87 81 31 94 52 146 84 10 44 106 122 21 68 12 120 19 123 54 45 102 143 49 26 16 140 142 99 34 97 61 100 145 51 136 126 96 82 83 15 4 
145 118 98 135 7 128 8 56 81 126 12 100 119 38 96 86 49 123 112 9 30 36 39 5 115 85 6 55 58 82 108 13 27 88 95 54 72 28 141 21 16 113 79 127 34 68 131 69 110 107 99 143 47 116 102 37 45 61 92 35 97 57 142 91 60 149 147 63 4 51 40 148 94 83 14 43 52 125 10 73 78 62 44 46 80 121 48 53 93 50 77 2 101 146 89 11 130 136 22 144 90 109 111 122 117 65 32 139 59 134 120 64 41 105 70 31 104 1 71 17 24 150 66 26 33 129 3 23 133 20 29 124 114 138 75 19 15 137 103 87 76 25 140 132 84 42 106 67 74 
83 71 30 56 73 90 106 9 146 108 102 110 36 98 20 103 13 126 34 26 138 117 37 51 96 74 68 18 41 94 28 139 140 12 47 95 42 99 91 48 54 147 40 129 125 97 15 8 43 144 31 131 113 112 89 75 120 69 118 132 148 124 79 65 1 86 4 55 134 5 38 127 14 50 25 76 53 130 111 121 77 62 84 122 35 52 60 72 21 143 149 150 32 66 145 3 10 119 33 61 7 80 11 63 45 107 100 136 109 128 142 137 17 67 116 58 82 115 135 23 88 123 39 16 141 114 78 57 92 93 59 44 46 64 29 2 104 22 101 27 49 24 70 105 85 133 81 87 6 
116 40 39 88 99 56 144 125 136 115 77 5 90 146 82 26 142 65 137 97 38 4 18 31 7 93 80 58 141 110 61 91 138 148 128 34 63 27 47 84 81 83 11 50 104 19 71 54 51 98 112 24 74 37 105 106 103 9 59 60 101 96 126 72 150 107 36 8 145 135 129 15 42 46 16 62 73 75 121 149 86 100 45 17 119 22 32 43 79 6 147 89 10 140 29 85 48 64 70 102 108 117 133 139 132 28 143 23 57 122 30 33 14 120 41 134 111 1 49 67 13 127 68 109 94 78 113 25 95 52 76 21 69 55 124 66 35 2 118 12 44 123 114 92 3 53 130 131 87 
145 44 120 9 99 17 23 150 103 96 19 149 65 109 143 25 2 111 70 71 24 91 102 144 116 49 90 31 35 77 98 26 95 97 54 122 37 139 121 85 59 127 124 1 140 142 123 136 33 46 62 43 101 75 138 128 66 112 130 28 72 30 100 131 47 104 20 125 41 92 137 74 52 108 69 39 29 36 61 115 8 14 110 5 135 7 105 82 86 13 89 117 15 83 94 119 107 84 106 51 12 16 126 22 18 27 63 34 4 134 11 10 80 42 60 73 50 68 88 55 64 146 58 93 148 129 147 38 6 53 114 133 132 113 141 48 79 32 40 87 81 57 3 118 67 56 78 45 76 
141 63 80 108 4 67 44 14 78 76 87 86 7 54 48 127 3 106 147 57 113 82 12 140 102 47 77 114 101 8 30 136 104 129 71 89 37 133 94 145 130 128 13 150 142 59 5 35 68 10 49 31 125 33 46 50 81 53 66 29 28 105 116 1 97 148 84 17 139 9 99 2 119 111 126 93 16 62 123 45 144 40 115 85 117 92 58 15 65 11 109 90 120 134 36 118 100 26 96 55 38 41 135 27 19 60 137 75 52 56 122 91 112 23 51 24 39 95 69 61 121 42 110 32 98 25 83 88 138 72 64 143 34 103 70 6 131 146 149 74 79 107 132 73 43 20 18 124 21 
132 15 119 28 46 38 138 55 66 113 36 7 57 101 71 75 80 144 126 130 100 107 87 84 60 40 127 65 145 52 67 6 78 136 34 114 17 86 109 63 108 2 50 110 143 134 92 35 137 68 94 131 122 16 88 49 125 12 59 99 77 124 58 72 42 140 98 4 85 102 39 104 45 37 21 14 95 123 1 31 111 27 53 117 56 47 81 70 103 146 90 89 79 32 26 93 83 133 150 33 51 61 115 121 116 96 13 91 112 64 135 43 142 44 73 54 41 120 139 118 128 74 147 5 76 141 24 19 9 10 20 129 82 30 18 22 148 106 11 69 29 97 8 3 25 149 62 48 105 
80 104 51 150 94 18 46 124 138 149 100 84 64 81 125 146 54 126 85 133 67 8 41 10 114 13 98 120 23 31 111 9 52 142 36 143 97 40 75 140 96 32 3 141 53 26 123 74 130 86 42 11 6 20 89 79 144 37 118 22 39 57 113 76 21 48 44 28 83 93 105 148 99 12 45 72 92 4 27 115 78 73 56 107 132 50 103 128 77 66 117 108 95 131 112 87 102 90 47 122 5 59 38 127 19 106 55 129 60 139 71 16 145 137 91 70 58 135 82 7 116 110 29 14 69 49 101 109 33 30 1 35 88 121 2 63 43 134 65 136 17 119 61 68 15 62 25 147 34 
120 131 108 95 4 62 44 68 114 57 16 123 97 96 75 5 2 8 22 63 110 86 88 9 132 51 89 46 72 128 133 105 74 38 134 124 116 20 32 58 60 143 119 79 101 73 59 23 26 30 146 104 14 99 83 87 52 135 48 142 93 50 145 118 92 136 12 34 139 71 28 1 103 49 40 121 82 11 18 29 137 90 39 144 69 76 113 47 19 24 78 102 112 130 7 17 141 42 55 129 54 15 36 111 31 117 45 94 41 147 77 100 127 126 98 122 149 13 125 138 85 3 35 84 37 109 21 81 61 6 67 150 10 53 140 27 106 115 66 33 43 70 107 56 91 65 80 64 148 
79 130 12 80 28 144 100 95 56 63 121 14 64 49 7 43 97 68 139 124 59 120 46 135 78 125 37 50 85 113 5 112 106 118 108 60 51 70 17 104 117 143 41 103 55 44 111 33 6 54 138 4 148 19 110 45 36 32 127 134 136 57 38 84 90 141 20 119 87 133 105 101 107 74 42 71 146 67 11 89 2 128 58 25 65 18 91 99 142 34 77 13 140 122 24 3 16 61 15 66 145 123 149 53 147 86 10 114 47 9 131 137 93 109 116 21 39 96 35 69 88 29 22 73 102 98 94 82 40 75 76 72 81 126 52 62 150 31 30 27 115 83 8 48 1 23 132 129 92 
22 145 7 109 65 43 135 133 36 15 148 30 140 106 38 96 120 66 8 72 125 5 83 102 104 67 62 56 4 88 17 28 14 47 40 123 46 139 143 82 71 95 134 86 101 60 32 84 64 76 6 1 132 34 147 136 77 89 128 117 11 111 52 10 138 90 141 19 51 21 42 114 142 103 45 150 49 53 87 37 48 54 137 16 113 118 122 68 35 94 110 31 74 57 59 99 50 80 13 97 55 39 149 119 44 127 24 126 98 58 41 61 121 12 91 124 26 33 69 105 112 29 63 146 78 129 85 144 92 108 115 131 18 23 79 93 75 70 3 116 9 25 73 2 107 130 100 81 20 
108 47 150 51 139 73 94 60 44 16 26 71 87 88 140 36 98 138 63 96 70 92 31 115 67 112 17 118 149 69 99 126 65 81 133 56 57 145 66 8 21 33 106 128 49 124 6 23 32 12 79 113 134 74 89 45 91 77 137 35 27 48 78 117 143 38 25 24 62 1 144 95 46 103 102 120 123 90 72 110 135 105 39 132 53 50 43 109 100 127 13 75 83 20 146 55 64 122 130 34 54 41 76 37 148 59 86 42 52 114 141 5 121 142 3 2 82 9 80 104 136 15 18 147 61 107 85 129 7 97 119 58 116 29 22 84 131 68 4 30 40 14 101 10 93 111 125 19 11 
75 119 44 141 53 36 38 81 145 41 68 9 118 123 127 62 39 57 113 112 70 116 136 32 33 97 121 98 89 71 106 99 87 69 128 56 50 93 103 12 25 4 15 77 61 83 22 144 86 96 140 129 2 102 80 23 20 66 40 126 30 124 17 120 46 149 137 51 24 60 100 104 117 135 14 11 105 28 27 64 94 132 31 85 18 114 55 130 139 26 78 10 142 115 150 45 134 7 133 76 95 90 92 37 67 48 3 111 13 110 8 88 54 6 63 72 5 148 47 107 108 109 131 138 16 35 1 65 21 59 74 84 101 49 34 73 52 147 43 82 91 58 125 143 42 122 146 19 79 
51 85 5 126 114 55 62 22 139 26 17 150 59 54 20 89 68 45 142 113 97 47 103 6 28 56 46 49 18 38 74 25 34 93 13 2 39 70 128 145 63 78 143 147 82 100 66 3 9 115 108 140 101 41 79 86 69 120 53 129 81 96 134 105 119 130 16 40 37 83 88 84 138 33 122 7 35 132 15 102 29 125 67 121 52 117 42 32 14 141 73 133 131 91 135 4 104 127 31 112 106 48 19 43 60 71 98 50 36 65 124 75 76 116 149 109 110 8 58 95 92 64 136 90 57 137 146 10 99 11 111 87 144 72 123 27 23 107 24 12 1 118 44 77 94 80 61 21 148 
34 25 56 49 7 87 27 24 48 8 69 150 149 12 139 114 88 144 147 83 127 65 102 64 97 75 117 17 131 21 37 93 98 79 129 124 42 99 14 32 134 100 4 122 10 60 23 62 115 77 108 126 116 111 125 105 91 82 130 142 9 33 106 55 30 16 50 72 45 137 40 28 76 119 140 92 26 145 58 19 59 54 148 5 2 121 41 39 90 113 138 123 68 78 53 74 44 85 80 112 38 136 61 18 63 95 22 3 146 71 57 51 101 47 133 109 46 52 15 135 132 35 94 104 141 86 120 110 107 70 81 20 84 67 11 103 89 143 43 96 29 66 128 1 13 36 6 118 73 
63 105 150 23 51 64 61 52 34 87 80 93 94 72 71 139 86 53 5 112 110 141 65 39 142 90 103 78 3 76 109 62 92 113 96 83 7 26 89 138 143 43 129 148 18 146 13 75 46 27 19 84 29 82 17 73 123 97 58 111 37 136 134 107 102 114 31 1 55 149 81 135 121 79 118 100 10 130 49 128 25 15 120 126 132 106 60 21 68 127 147 47 48 144 54 44 59 74 91 11 14 85 145 133 69 20 12 8 88 119 70 36 137 99 140 2 108 9 28 56 67 57 45 16 4 124 38 122 33 131 30 117 95 40 24 6 50 41 35 116 42 66 101 22 125 115 77 104 98 
47 64 16 87 142 37 84 137 29 22 71 54 134 81 105 124 74 119 110 111 135 104 15 5 98 100 55 45 65 12 30 76 72 112 150 94 59 40 122 115 24 88 132 10 25 48 11 32 39 36 120 89 106 9 4 93 130 141 97 19 144 103 80 21 131 34 44 6 116 51 57 73 14 7 49 90 28 56 67 102 148 91 96 58 86 20 75 60 43 125 109 70 108 140 136 82 61 1 38 133 92 2 13 126 138 17 78 63 85 127 118 83 18 23 35 95 113 147 129 149 107 62 27 46 69 114 41 145 53 42 123 146 50 121 68 79 128 77 99 66 143 117 52 8 101 3 26 139 31 
44 144 57 25 105 35 129 99 62 26 140 24 88 33 36 149 18 59 46 4 104 145 91 7 52 54 70 137 76 89 13 21 19 148 66 50 143 78 130 135 94 119 42 8 2 126 84 95 56 120 85 1 114 39 77 98 111 82 49 3 80 136 51 87 6 61 37 123 45 118 106 9 10 29 31 102 128 108 43 127 68 110 121 122 60 22 133 55 147 131 15 73 146 32 40 138 63 12 64 132 41 124 93 90 65 86 23 53 101 139 67 71 17 141 47 109 16 72 107 79 115 113 92 11 125 30 97 103 20 14 112 134 5 48 74 28 150 117 116 38 27 69 142 100 58 83 75 96 81 
129 150 9 36 71 115 124 116 103 111 80 136 102 29 37 141 51 27 113 109 14 23 65 123 17 33 120 46 131 16 47 87 134 126 50 31 39 112 104 69 6 93 138 142 149 99 77 117 133 2 135 139 140 5 15 108 68 63 53 101 3 13 127 41 148 54 44 106 7 81 60 12 107 144 74 64 11 4 86 42 132 56 94 22 79 130 19 67 34 143 98 48 43 10 92 89 1 32 118 146 137 82 38 76 24 30 66 57 114 20 122 58 18 52 78 97 49 26 95 8 105 100 75 85 73 28 61 72 119 96 88 62 128 110 90 147 25 84 83 21 70 45 59 125 121 91 145 40 55 
23 93 68 81 96 132 108 77 16 122 3 31 60 74 69 87 63 131 35 88 55 43 57 99 119 107 7 141 129 50 123 20 106 4 14 42 127 147 112 84 48 120 114 13 95 103 89 33 25 51 82 65 124 150 29 8 113 10 38 59 90 134 11 17 149 104 41 115 56 12 5 100 15 148 1 121 98 66 142 27 140 91 30 44 102 19 2 76 49 73 24 86 105 18 70 72 85 75 126 133 52 125 138 145 116 28 83 101 22 71 21 64 32 144 47 6 40 61 117 146 39 111 78 53 97 45 130 109 80 67 9 26 79 128 143 92 137 118 58 62 34 136 54 139 37 94 110 135 46 
42 125 67 59 116 21 143 99 68 15 40 53 26 74 73 93 98 2 4 86 139 114 91 22 111 58 70 24 150 132 6 90 119 32 89 146 145 34 128 13 48 105 96 69 20 50 87 18 51 29 46 108 118 14 127 92 94 88 130 131 33 142 10 28 52 31 107 84 80 64 101 27 115 54 100 97 112 60 11 129 30 110 25 133 83 109 71 95 63 23 85 78 16 5 36 61 76 72 79 124 3 102 144 121 148 147 65 137 43 1 62 134 75 122 126 9 19 41 149 38 57 39 77 44 140 12 7 123 113 103 17 138 66 141 45 120 55 47 106 56 82 81 117 49 136 104 135 8 35 
123 66 145 82 45 15 106 59 92 31 29 87 78 79 129 107 88 49 25 81 51 141 32 95 18 69 101 9 36 33 1 127 102 99 65 63 55 72 50 7 103 16 28 42 3 130 83 11 134 27 22 100 61 135 117 113 68 137 30 149 47 128 140 150 96 17 97 6 93 91 114 43 23 67 144 13 76 147 125 84 56 112 60 146 26 143 86 20 34 111 89 8 46 116 77 132 57 62 105 5 54 53 85 21 110 74 71 80 19 136 109 39 119 108 94 120 24 2 124 41 133 40 52 90 118 104 98 131 122 58 75 121 64 139 70 37 44 126 12 142 48 35 10 138 115 4 148 14 73 
81 32 113 8 130 46 100 7 37 12 30 47 35 49 53 126 23 137 20 34 77 17 64 57 148 98 22 129 29 1 84 85 143 19 26 116 106 60 149 6 65 119 114 33 110 66 96 67 4 38 115 9 27 3 73 86 58 61 101 118 69 123 50 90 139 120 59 117 128 82 75 45 92 144 104 103 99 94 141 51 95 136 54 112 111 142 105 28 68 62 48 63 146 72 132 40 10 97 150 70 93 140 42 122 13 71 74 78 89 102 91 135 11 5 2 56 18 124 14 88 41 21 25 108 147 16 83 121 24 125 52 127 15 138 43 109 80 44 107 79 133 31 36 145 76 55 134 131 87 
99 56 8 98 96 34 62 25 124 36 130 136 37 104 116 81 55 140 117 43 71 84 57 42 68 91 6 120 85 51 102 48 58 10 74 70 135 33 132 137 109 122 30 90 12 118 21 59 53 32 149 45 61 95 75 87 123 47 111 52 4 38 11 69 5 15 66 86 73 67 50 63 148 1 9 14 126 143 39 72 141 146 19 28 145 20 89 80 114 13 129 101 79 29 92 65 115 44 49 17 133 54 131 7 27 144 119 113 26 110 105 142 23 103 125 35 83 138 106 82 2 31 112 24 60 78 150 88 100 64 147 94 41 77 18 22 127 121 16 128 46 3 134 76 97 107 108 93 139 
43 13 87 55 32 92 86 20 46 99 19 129 56 141 142 11 18 2 125 74 39 84 71 135 136 60 124 110 52 16 80 144 104 114 40 57 109 134 119 26 113 29 79 107 95 147 22 15 83 105 34 76 64 50 58 31 28 88 81 24 36 77 103 89 85 49 97 102 44 146 90 8 3 4 111 53 17 42 121 131 127 150 38 91 33 9 37 120 82 78 116 1 117 145 138 10 75 133 27 122 128 25 7 45 23 148 67 101 96 130 35 98 6 108 54 118 123 14 63 51 100 65 47 12 5 21 66 149 93 69 140 139 48 61 72 59 94 30 112 126 137 132 73 68 143 62 106 115 70 
129 56 10 82 121 1 64 63 45 107 133 125 11 78 146 120 75 128 86 27 97 124 88 29 68 50 33 43 54 116 7 87 104 136 102 5 35 109 26 93 147 38 83 67 89 30 123 39 32 91 150 105 94 117 103 58 112 119 47 80 111 25 8 84 48 41 55 72 95 145 140 66 110 141 71 81 139 142 37 69 90 59 96 2 101 106 22 132 70 135 143 149 114 21 62 23 31 76 19 99 74 40 113 137 98 36 17 18 131 77 52 15 134 28 14 46 57 4 24 51 61 9 108 126 13 148 44 79 6 12 130 3 127 53 16 144 65 138 60 122 118 73 92 100 85 49 20 34 115 
144 93 11 10 105 5 69 92 86 143 108 70 61 35 81 133 6 40 58 50 65 12 76 39 64 16 18 21 127 141 118 75 2 52 114 126 149 34 38 102 57 146 99 91 135 137 147 32 30 96 59 1 104 20 142 124 26 66 129 15 55 53 33 23 148 122 4 89 117 54 106 17 9 100 87 79 19 62 130 132 115 121 107 13 131 150 138 25 63 111 24 8 27 41 103 101 97 46 90 68 134 44 139 85 48 7 28 37 94 95 113 80 123 49 71 73 120 125 145 116 136 45 88 3 77 98 78 31 84 74 110 128 29 72 112 67 119 109 82 60 14 47 83 42 140 51 22 36 56 
123 95 144 18 67 25 110 111 70 72 114 35 134 58 118 53 1 112 141 9 121 6 16 31 5 23 136 146 147 150 22 135 116 124 80 140 19 63 51 120 45 43 109 24 33 93 89 103 38 39 14 60 127 102 62 130 37 11 68 56 20 55 61 86 87 90 108 78 84 73 7 149 129 13 41 117 29 47 71 64 107 21 106 3 133 59 139 46 75 10 101 83 132 36 126 42 100 8 119 92 74 137 142 104 40 82 26 17 105 96 97 50 32 81 113 94 145 27 57 12 2 122 115 69 148 88 34 54 48 128 4 99 66 125 49 28 79 85 30 76 65 52 77 143 15 138 91 131 98 
25 7 40 46 98 30 78 81 2 26 142 100 72 126 104 74 54 83 21 3 56 19 102 120 137 52 70 53 28 109 9 139 146 134 96 86 41 38 18 125 58 92 127 90 39 138 147 112 42 89 129 8 61 79 144 93 95 94 121 106 91 16 97 50 27 48 34 80 4 63 14 107 130 143 13 77 123 6 84 51 47 149 117 22 66 133 35 99 68 31 73 145 33 67 85 140 141 105 87 75 62 23 49 12 15 116 1 11 17 124 64 136 135 108 119 5 148 69 115 118 32 24 150 128 76 101 20 44 10 71 29 37 122 36 132 82 55 114 88 65 110 60 43 111 113 131 103 57 59 
54 7 38 147 44 30 50 12 76 140 148 112 131 95 62 42 138 49 100 13 28 93 85 115 10 145 19 101 139 84 137 146 109 110 63 107 71 56 91 5 74 130 103 81 31 150 129 79 126 23 2 72 70 6 121 143 94 125 133 57 141 114 92 78 98 90 104 102 22 128 1 127 116 113 47 53 111 97 29 88 41 8 33 48 58 73 134 117 43 69 83 20 18 21 82 27 61 24 37 132 67 135 142 64 9 51 119 59 118 136 25 4 15 66 3 149 122 11 144 120 55 17 123 96 99 52 68 86 87 65 124 26 32 105 75 35 34 39 40 14 45 80 108 36 16 60 77 106 89 
20 2 52 102 7 65 17 33 139 121 119 32 103 137 30 68 77 144 69 26 89 123 114 42 133 94 25 29 122 19 108 143 112 132 38 130 6 93 131 87 56 1 61 82 66 120 95 36 141 63 72 18 49 128 71 37 101 91 100 129 60 57 48 50 28 81 59 83 138 80 14 110 15 125 75 55 85 107 148 31 92 124 111 146 127 147 104 53 43 62 145 21 5 13 74 24 76 109 84 39 23 64 134 12 46 116 73 96 99 34 11 22 113 27 86 90 45 4 67 58 40 10 9 106 135 98 97 149 3 140 16 142 54 8 78 79 118 44 117 51 126 105 88 70 41 150 115 136 35 
26 120 62 20 75 55 56 85 19 77 142 127 37 95 72 7 144 52 24 80 30 59 46 27 54 63 61 14 65 122 111 107 140 42 147 121 29 3 92 94 78 41 129 60 138 74 84 104 105 18 97 135 40 6 141 22 146 134 49 53 83 5 68 13 139 9 124 86 98 70 115 57 136 36 113 149 150 81 10 118 76 88 106 89 34 8 133 17 131 130 137 99 67 123 39 90 69 143 93 128 12 2 47 28 103 91 79 116 4 132 126 82 87 11 148 117 125 44 31 50 102 21 71 100 16 32 66 109 58 25 145 35 38 119 73 51 114 43 45 110 1 96 15 23 112 64 108 33 101 
125 129 96 48 142 51 35 80 147 123 55 134 22 25 82 112 7 54 68 143 89 100 95 69 60 20 23 131 86 26 115 128 98 145 53 141 71 92 117 21 66 91 93 124 121 102 36 104 57 140 87 70 40 105 38 2 107 58 138 8 135 132 114 122 17 77 31 111 110 15 113 146 97 118 42 149 12 5 83 109 6 148 76 126 81 3 88 52 101 44 24 32 79 59 63 65 46 10 144 61 72 130 62 106 133 94 41 136 28 85 50 116 99 74 119 27 4 67 47 13 120 127 56 34 30 19 37 73 137 18 45 150 75 64 16 33 1 90 108 9 43 29 78 14 11 139 103 39 84 
59 112 22 58 52 61 33 7 20 14 30 77 110 55 92 131 145 113 12 26 135 91 141 4 17 85 120 84 139 109 129 114 115 95 39 1 64 74 78 119 104 71 124 41 24 9 13 100 103 53 3 57 44 35 21 42 134 47 98 19 5 38 37 10 76 137 31 80 73 121 140 105 133 25 96 81 72 51 49 138 116 16 144 111 136 2 130 101 107 23 11 29 142 90 70 60 56 88 65 82 68 127 28 62 66 143 122 67 48 126 46 27 40 128 86 150 117 125 97 36 79 102 63 89 69 18 45 75 123 8 32 149 6 146 148 15 34 106 93 108 87 132 118 99 94 83 54 43 147 
147 40 38 117 119 130 124 126 91 85 11 19 118 56 114 7 25 24 35 16 101 75 57 120 106 69 32 127 116 144 46 100 129 90 145 94 97 4 104 82 112 77 9 48 143 8 27 76 108 44 60 128 36 20 148 31 87 149 55 43 146 99 88 33 109 14 122 21 17 29 141 121 70 150 139 135 68 92 59 96 63 30 3 18 74 47 113 123 102 50 84 66 61 137 28 53 2 12 34 105 107 78 95 138 23 132 111 62 125 86 140 1 5 37 133 103 73 72 64 79 13 83 98 10 115 15 41 52 26 49 89 65 81 136 58 6 45 22 42 67 142 134 131 80 54 93 110 71 39 
149 9 12 104 82 146 65 140 143 125 94 91 113 33 46 81 21 83 54 15 131 36 28 119 51 23 32 136 84 118 14 39 123 62 73 127 107 96 71 29 133 142 101 67 31 103 13 43 79 66 59 88 105 147 8 78 6 98 44 95 4 102 26 120 20 90 132 41 145 150 116 3 25 40 42 126 99 86 87 69 57 5 55 130 110 80 10 50 63 100 121 60 108 128 22 35 47 37 24 148 30 111 144 17 18 58 117 115 7 64 45 16 19 134 48 141 75 2 92 109 93 56 89 61 114 76 72 112 70 85 106 11 49 124 122 27 77 53 129 1 38 68 138 139 34 74 137 97 135 
63 52 109 113 134 101 123 37 18 104 65 28 130 21 15 128 88 3 77 60 120 26 7 24 95 50 41 122 138 141 106 76 112 142 116 9 87 147 11 51 58 86 32 35 115 62 68 17 59 140 108 103 145 38 144 100 73 94 10 107 110 82 6 85 99 55 61 121 29 133 114 118 132 13 89 43 54 146 4 143 119 72 124 111 92 127 96 139 71 74 56 98 149 67 2 66 81 90 75 148 125 39 5 102 150 80 47 25 79 91 19 137 31 20 34 64 105 36 93 136 40 16 97 135 46 42 8 78 1 45 83 49 69 27 70 129 117 48 57 33 12 23 84 30 126 22 44 131 14 
42 80 55 81 150 146 26 134 34 37 17 136 96 79 145 107 112 132 85 149 68 144 99 59 14 124 109 6 62 143 5 100 123 58 94 36 69 128 66 130 95 131 122 92 10 140 70 9 73 15 121 8 101 102 20 29 52 2 138 24 47 16 44 120 41 105 35 75 111 74 27 98 51 117 50 71 133 89 39 46 104 45 108 31 21 110 91 148 19 11 78 87 82 126 86 93 114 48 49 141 137 32 56 18 118 106 63 40 7 38 65 23 90 142 3 139 4 127 57 22 61 129 1 147 43 115 76 116 13 113 33 67 12 72 84 103 60 135 28 25 53 30 88 97 64 125 83 77 119 
92 73 81 128 137 33 79 88 7 18 129 95 71 31 41 61 141 14 85 116 45 50 98 42 125 93 51 121 118 103 74 115 122 80 69 147 5 104 119 62 107 102 84 35 32 112 145 114 6 12 82 22 86 8 149 30 138 26 64 66 46 127 134 109 38 77 146 91 9 87 17 49 13 39 140 108 111 48 68 63 126 36 105 65 47 4 20 89 19 130 131 97 78 44 144 67 120 57 25 76 132 59 75 11 143 10 117 150 124 27 28 60 136 94 2 15 110 52 21 29 135 43 101 83 34 16 96 37 133 3 123 106 72 56 148 54 24 142 23 139 40 99 58 53 70 1 113 100 90 
58 67 61 77 49 64 81 79 44 88 62 70 38 96 136 134 130 95 35 121 133 10 128 114 150 29 72 48 52 28 86 149 146 74 37 124 122 25 101 141 6 105 46 103 41 13 50 123 65 117 68 131 91 24 90 59 8 33 2 57 97 34 113 120 30 69 100 142 98 5 94 112 17 40 32 87 55 43 1 42 104 108 75 66 16 9 14 83 21 111 92 132 36 63 3 119 54 18 78 102 15 47 139 12 60 93 31 76 116 80 143 118 129 51 137 89 115 106 27 99 39 110 107 127 85 140 138 20 4 109 73 148 135 82 23 125 19 45 71 84 147 144 145 126 11 26 7 53 22 
69 25 120 130 109 140 72 5 53 105 106 47 150 18 28 73 118 58 52 87 51 80 29 141 26 16 112 116 45 100 70 61 8 64 1 33 65 14 44 126 39 48 94 128 129 110 90 133 31 148 97 59 93 74 144 30 82 86 15 127 78 67 115 89 134 66 125 84 83 117 75 54 135 136 98 56 143 99 95 139 77 3 50 111 102 41 131 79 19 24 103 34 13 17 12 88 36 42 96 101 145 20 104 55 46 147 63 137 60 119 123 114 121 40 11 71 38 76 37 91 107 146 7 23 4 62 108 124 81 35 138 132 10 21 2 122 92 22 142 68 9 113 149 27 32 85 49 43 6 
36 48 148 5 96 101 112 12 79 10 90 8 13 21 65 80 138 72 107 56 18 116 74 114 91 149 54 105 49 123 17 71 3 1 44 25 135 31 40 111 119 134 46 142 42 19 121 139 62 103 95 97 57 125 73 27 144 93 66 2 137 7 35 98 117 99 22 115 130 11 120 50 52 29 34 70 45 86 118 89 53 82 94 60 32 145 4 92 84 26 59 47 113 87 126 33 132 14 61 23 106 78 104 68 100 143 108 28 136 110 122 63 83 133 37 16 129 140 102 146 6 76 81 43 55 38 30 85 41 9 141 127 88 67 64 51 124 109 75 24 128 77 39 147 131 20 150 69 15 
60 28 23 40 38 131 45 3 109 73 31 54 27 29 33 147 79 90 7 146 149 128 108 50 134 4 142 88 37 141 69 96 36 49 148 110 93 55 104 122 13 136 133 8 46 74 32 35 58 34 117 95 26 21 118 63 71 82 1 47 84 6 20 139 72 143 111 98 65 16 130 30 81 9 113 85 56 25 99 127 11 66 137 44 57 119 10 135 129 68 116 97 53 126 12 15 48 140 18 80 52 107 101 121 125 103 150 19 94 14 61 67 77 86 91 123 132 24 112 43 76 62 42 2 83 144 115 39 106 102 41 114 70 124 22 92 5 64 75 105 100 120 145 17 138 87 89 78 51 
47 120 80 51 29 30 16 72 103 23 96 93 59 105 75 71 19 74 104 101 20 106 66 50 140 130 128 43 41 57 147 115 116 12 99 65 102 14 2 146 36 131 144 34 145 8 1 95 52 21 5 40 3 89 111 90 83 24 32 35 26 92 139 143 27 114 53 73 122 13 127 118 46 126 79 62 91 55 33 45 39 135 67 82 38 123 141 6 113 117 58 9 77 110 149 88 108 87 107 148 133 63 94 109 22 125 17 142 68 37 49 15 132 56 69 150 86 134 18 64 4 44 138 98 124 112 119 61 10 76 121 97 129 81 31 100 70 136 42 25 48 54 137 84 7 78 85 28 11 
116 47 94 142 27 113 102 127 73 140 13 110 114 121 38 76 21 56 139 134 100 97 137 62 34 66 65 131 75 71 89 132 106 17 57 55 83 103 136 108 95 28 45 31 24 68 70 59 135 8 2 150 30 26 120 12 86 29 84 23 148 119 64 147 77 112 19 146 69 15 126 90 48 40 79 122 52 25 144 41 115 143 145 22 80 149 37 3 43 74 33 81 98 117 1 104 123 10 111 42 7 88 63 36 96 101 35 50 82 124 32 138 6 107 85 109 78 105 93 16 99 53 39 60 49 128 91 4 92 46 11 5 72 58 118 141 54 133 18 130 44 129 20 67 14 87 125 51 9 
112 57 48 26 10 42 137 128 134 6 91 5 72 46 77 122 70 69 44 138 110 9 18 54 29 133 12 21 108 64 23 88 120 123 150 119 14 16 145 79 49 32 13 149 68 96 114 40 61 56 118 131 36 85 39 59 99 143 25 33 63 71 95 136 142 43 1 17 89 24 116 102 126 106 22 52 124 130 82 75 84 93 50 140 148 103 105 60 129 27 55 86 19 67 45 81 66 37 147 30 76 121 78 115 41 20 100 3 107 109 146 101 28 94 35 135 47 127 65 90 97 132 80 34 87 31 98 117 51 104 139 83 144 7 15 4 111 113 125 8 74 73 38 2 92 11 141 53 58 
81 19 145 141 37 56 9 105 43 70 103 20 111 119 11 82 133 2 74 114 76 142 128 124 42 54 26 140 41 99 129 134 75 131 34 39 13 40 139 110 44 64 96 52 8 22 147 135 5 61 108 55 93 53 143 35 62 91 59 78 126 23 120 49 66 116 68 109 6 130 125 122 107 84 25 24 14 28 123 3 127 88 32 113 77 1 112 4 7 29 18 87 73 46 51 72 16 117 104 102 144 30 132 17 71 146 58 48 36 98 118 67 15 31 97 12 149 150 148 21 106 121 80 83 45 95 136 86 79 27 33 100 94 137 69 57 50 65 90 47 38 10 101 115 60 89 85 92 138 
115 37 55 131 22 86 122 18 80 76 52 92 75 150 81 65 10 104 2 30 5 43 83 127 147 137 26 6 112 17 134 102 62 88 91 119 97 121 3 100 21 50 24 63 49 138 95 57 84 128 116 148 72 146 48 78 141 144 129 68 93 19 66 27 145 90 118 132 20 136 140 77 45 28 15 142 34 79 120 105 110 8 42 41 135 73 143 101 107 74 70 16 54 32 124 9 47 31 14 51 109 53 87 35 71 60 46 7 111 82 133 89 23 149 61 33 114 94 25 56 39 29 38 59 11 130 125 126 113 44 40 13 69 12 103 99 96 106 85 67 108 117 98 1 123 139 4 58 36 
10 54 6 50 73 96 17 126 85 143 2 127 150 98 28 27 29 84 8 119 131 112 117 46 108 76 146 15 53 47 93 21 140 102 110 64 95 16 14 11 118 106 61 43 40 139 26 129 133 148 116 7 104 60 147 138 86 45 82 71 34 123 44 74 42 37 142 125 1 100 41 80 75 62 111 30 3 18 101 12 4 87 19 66 31 105 13 35 124 88 107 48 141 145 136 51 103 113 59 120 32 58 91 134 89 25 115 24 39 68 9 121 52 69 81 149 114 20 99 94 132 109 55 92 72 23 56 70 90 122 63 97 83 22 57 5 49 78 67 38 77 137 144 128 33 79 36 130 135 
91 24 86 127 100 37 57 55 88 95 16 147 46 32 33 120 58 102 128 84 22 25 61 72 92 133 126 116 90 39 135 35 80 118 64 81 5 41 109 136 97 129 145 76 143 27 137 141 144 142 106 131 1 21 150 117 94 124 85 62 38 68 99 115 6 140 70 13 4 69 17 51 146 67 138 15 36 54 63 139 29 71 148 31 123 59 47 45 103 9 105 53 28 114 119 121 10 73 98 52 122 48 104 42 108 2 40 8 77 111 93 78 7 149 75 19 60 56 110 134 43 130 74 49 87 96 65 14 125 30 23 82 44 113 11 12 26 3 101 107 112 89 34 79 132 50 20 83 18 
41 11 14 18 83 66 36 38 29 98 109 50 84 97 101 137 125 140 6 121 114 120 87 7 12 54 147 5 142 90 57 17 91 63 102 62 81 13 76 73 113 116 133 78 40 95 21 144 89 58 25 79 80 65 44 107 135 124 68 64 131 129 130 4 16 117 100 105 69 118 35 93 136 145 148 77 2 143 19 146 45 108 75 119 96 53 49 20 60 32 51 70 26 48 111 24 33 94 9 74 150 99 139 42 22 112 72 8 31 15 43 56 92 104 71 82 141 55 10 23 149 126 3 115 86 47 37 34 28 46 128 1 59 110 103 134 61 123 30 52 39 88 85 132 122 27 138 127 106 
20 85 143 17 9 16 120 81 74 121 11 140 144 127 44 132 13 102 5 46 59 56 122 33 27 135 142 76 52 84 148 113 115 92 119 117 75 35 82 63 28 42 19 90 126 150 34 23 47 103 73 112 37 136 30 72 109 116 31 51 134 146 87 118 58 26 53 111 125 108 40 54 67 6 21 124 96 50 62 100 55 32 29 7 18 2 39 139 10 86 71 149 123 88 45 41 49 77 130 8 114 1 98 65 3 137 128 107 105 14 57 99 110 106 48 104 101 131 83 25 78 24 89 15 38 95 66 61 145 4 141 133 147 138 97 129 36 22 64 69 60 79 70 93 91 43 94 80 12 
142 99 81 25 37 26 115 68 60 51 140 119 136 120 128 22 72 100 148 90 111 125 149 45 132 105 73 114 42 28 109 133 43 146 49 118 24 144 40 131 21 107 95 30 1 112 77 3 36 41 14 122 8 23 93 19 7 67 58 96 4 139 89 61 76 62 39 108 15 34 33 143 84 87 124 80 103 48 64 86 113 75 6 9 82 94 55 10 98 150 147 17 29 145 52 18 35 129 57 78 130 2 121 53 13 5 47 92 79 88 74 44 46 66 32 123 135 63 27 141 104 116 56 70 54 50 138 71 20 110 102 126 106 137 134 16 91 38 83 12 101 97 11 31 85 65 59 127 117 
138 12 68 136 100 36 139 145 64 53 82 48 105 91 110 143 123 23 106 61 14 7 80 20 101 32 59 51 22 41 128 120 75 26 60 18 129 66 142 37 90 133 116 30 31 49 102 45 117 148 130 50 71 112 28 95 118 126 113 104 124 39 122 86 10 76 87 43 4 150 5 72 17 147 67 34 19 121 16 114 33 92 109 84 134 98 96 132 62 79 15 3 47 29 135 27 13 77 94 44 58 88 21 1 54 8 52 65 24 144 85 111 141 137 55 127 40 38 99 149 11 115 46 83 35 6 81 78 63 56 125 108 146 42 74 89 73 140 97 131 9 119 25 93 2 103 57 69 107 
43 24 60 27 57 8 136 80 107 20 15 72 141 128 68 32 127 103 122 45 134 48 2 69 35 118 74 130 55 87 109 7 101 139 4 89 132 13 10 22 125 38 90 54 123 41 137 44 121 49 3 29 11 56 144 83 53 34 16 106 58 146 63 99 145 120 39 78 143 47 129 9 97 19 111 149 84 23 85 102 91 86 42 81 119 21 94 14 75 37 140 40 59 1 110 12 116 126 88 105 17 104 148 113 52 73 93 64 100 31 131 112 61 18 95 36 65 26 28 6 62 76 98 147 46 138 79 117 142 150 92 30 114 66 51 77 25 67 124 133 108 5 50 33 70 96 82 115 135 
133 134 34 143 130 43 67 47 65 48 9 96 54 21 12 88 112 148 71 27 108 146 35 144 114 141 29 126 55 59 102 81 40 125 20 46 129 68 128 23 30 138 58 117 6 100 69 85 83 18 110 140 103 36 76 118 116 42 41 106 87 25 91 150 64 16 17 139 75 77 98 92 107 24 62 95 149 99 14 145 115 28 111 131 90 104 142 2 120 53 50 119 3 32 66 73 122 51 39 4 127 80 121 22 52 8 33 97 10 86 74 19 82 13 1 61 60 94 101 137 84 11 15 63 56 79 78 45 26 38 136 5 89 135 93 113 70 132 44 123 31 7 109 105 37 147 49 124 57 
147 20 49 22 30 42 137 35 146 15 83 140 100 96 134 111 7 113 127 19 118 150 54 46 67 141 109 129 58 135 103 131 66 32 104 108 76 51 26 68 133 97 78 71 105 44 114 4 31 25 116 40 1 17 52 91 28 16 63 95 88 94 75 27 23 60 123 79 2 112 90 128 143 89 125 122 6 145 9 5 47 34 124 39 38 50 86 13 37 29 77 139 87 69 8 24 136 74 144 148 115 132 107 117 10 62 121 48 64 106 36 138 11 81 70 98 93 41 56 99 126 12 142 59 53 102 92 110 61 57 85 45 65 21 149 72 80 82 119 55 3 33 130 14 101 120 43 18 84 
105 49 115 82 48 59 8 148 98 93 132 79 56 131 90 43 1 70 45 27 116 42 75 106 46 80 22 2 30 12 104 111 92 83 135 9 136 40 144 88 124 114 86 3 149 123 72 52 100 96 50 78 10 18 47 89 127 94 57 121 126 134 69 23 21 150 64 85 137 77 16 61 24 41 138 7 15 29 17 102 53 51 139 91 31 36 110 119 32 125 107 145 129 11 38 101 65 20 39 97 14 141 37 130 73 60 44 66 62 117 146 118 28 25 5 112 109 142 122 34 84 33 68 4 76 103 6 113 128 120 26 95 58 54 71 13 108 140 133 87 147 67 81 19 55 63 35 99 143 
23 6 98 100 48 54 113 112 115 64 46 127 116 66 3 119 20 9 104 62 143 16 97 10 134 145 144 49 55 118 68 26 102 124 28 1 59 80 22 43 19 2 128 52 17 150 45 120 92 122 7 29 70 47 72 36 4 109 85 114 42 137 71 65 74 25 130 56 79 63 41 149 15 110 73 142 50 108 111 8 21 131 135 24 81 138 60 140 117 126 141 133 121 11 88 18 27 37 14 146 82 84 44 95 101 30 76 51 40 12 39 69 33 78 125 58 31 53 57 87 96 132 34 139 86 148 107 99 32 67 61 93 136 103 147 129 38 91 94 35 77 83 123 105 13 5 90 89 106 
68 111 81 20 147 146 44 19 41 112 125 128 148 43 52 91 6 109 53 123 55 127 59 51 100 90 121 116 54 21 136 46 138 98 77 25 89 3 40 88 4 141 86 92 66 1 82 27 49 120 131 83 17 8 31 70 143 106 118 67 94 56 84 74 87 142 93 34 58 105 135 140 60 103 97 150 137 35 42 13 72 101 28 26 18 96 65 132 24 2 62 130 73 22 48 29 114 110 85 124 108 102 23 115 9 119 32 104 50 30 95 79 75 63 15 64 80 78 16 47 39 122 36 38 129 45 117 69 7 126 5 61 37 11 33 71 139 12 107 14 134 145 149 10 99 113 133 144 57 
146 1 107 125 29 38 97 88 108 78 68 84 112 70 143 133 62 98 56 147 67 117 50 145 21 114 81 131 69 94 53 64 33 48 128 103 32 2 46 25 136 47 26 5 73 93 27 80 24 41 18 58 150 89 3 22 19 115 104 91 101 127 28 79 106 15 37 119 6 138 52 139 83 75 66 42 55 95 134 124 92 140 72 113 123 144 43 137 4 111 87 35 63 31 61 65 142 10 96 8 121 135 71 12 141 9 44 76 30 17 148 51 86 7 20 110 13 100 82 59 39 54 90 118 120 36 130 85 105 45 40 74 16 149 34 49 132 99 57 23 60 102 129 122 11 126 109 116 14 
148 5 107 103 25 24 91 93 76 115 129 121 90 123 31 55 98 58 82 29 62 145 9 37 119 126 109 39 74 141 49 8 7 53 85 143 142 97 71 4 124 111 23 106 122 18 35 27 120 60 54 2 150 94 20 22 12 132 61 108 41 59 67 3 1 57 44 130 114 64 92 102 88 116 149 32 84 125 56 100 66 17 99 52 89 95 133 73 43 28 14 51 10 81 45 33 140 19 75 38 136 117 137 68 128 65 26 63 146 127 131 42 50 134 104 16 40 139 79 87 144 86 101 47 83 30 70 147 77 135 105 21 48 13 113 80 138 15 34 110 96 11 36 69 112 46 118 72 6 
74 14 67 132 117 145 47 50 110 3 142 4 28 128 101 51 112 64 149 122 70 148 36 60 93 123 17 138 139 76 102 48 39 83 124 16 84 92 21 75 59 40 143 35 49 127 106 18 56 91 20 11 129 126 104 29 6 26 62 5 119 9 120 38 52 32 33 135 7 87 2 107 34 25 118 24 31 66 1 111 125 109 116 147 77 53 37 115 121 19 146 99 63 8 131 113 130 44 65 105 134 13 108 10 57 95 30 15 12 46 89 54 69 41 27 72 86 141 42 144 100 81 23 140 90 80 78 150 133 136 61 71 96 103 98 73 114 43 55 58 68 137 85 22 88 82 94 45 97 
82 120 79 30 56 103 10 52 1 83 99 76 9 6 51 16 29 21 97 60 116 61 147 78 17 131 11 18 32 136 104 43 31 95 91 122 101 108 105 63 98 70 150 19 87 81 8 25 45 140 93 4 124 109 41 64 75 46 84 5 53 138 141 36 135 89 73 125 110 58 139 117 37 113 66 115 130 13 23 92 28 144 123 42 49 67 39 26 143 71 40 96 22 137 86 27 142 85 55 44 112 94 119 48 47 114 34 106 15 33 69 72 20 14 132 65 126 100 54 77 59 57 133 111 3 62 50 127 35 74 2 88 38 146 148 90 145 7 129 24 149 121 134 118 102 68 12 128 107 
9 57 106 85 76 107 64 79 3 83 52 20 123 131 41 146 33 51 103 140 40 100 27 80 65 149 1 134 98 29 72 38 7 90 139 28 35 92 78 55 121 110 66 50 101 25 11 53 42 95 108 21 135 132 136 87 14 37 71 117 112 17 22 150 19 74 96 145 61 86 30 24 39 116 23 58 45 44 56 111 82 94 18 105 67 8 60 148 124 77 43 91 115 13 54 10 62 59 88 46 93 16 102 125 36 15 127 122 128 69 32 4 126 75 2 118 99 89 34 12 147 68 48 142 137 130 97 6 5 144 138 84 143 133 104 113 63 31 120 49 119 129 47 141 114 70 26 109 73 
92 7 63 6 15 52 124 128 93 11 30 117 95 106 56 53 147 58 36 60 97 29 47 96 119 115 118 4 70 127 64 51 72 20 79 25 40 86 46 146 113 44 68 112 38 89 34 139 135 90 16 50 137 80 8 83 88 78 143 35 12 81 33 107 39 13 45 125 3 104 71 144 140 130 9 142 134 84 102 103 77 94 2 37 10 87 5 75 120 21 17 62 121 32 114 66 42 74 65 59 129 150 19 49 138 26 105 14 98 1 67 110 108 69 55 85 73 148 76 133 109 57 31 145 48 116 126 122 132 28 41 22 23 54 123 149 91 100 43 141 24 131 101 136 27 61 99 18 111 
40 37 127 31 110 23 74 93 54 92 14 52 18 130 69 64 56 105 79 90 1 68 89 9 49 111 30 140 24 129 13 80 99 109 67 137 2 134 60 58 29 125 47 107 6 87 120 136 45 148 70 88 19 118 126 121 72 103 71 42 149 17 94 21 15 46 12 138 7 97 32 100 27 5 25 101 119 114 41 65 82 73 85 131 50 57 96 3 144 26 10 147 146 133 39 35 84 106 4 112 34 61 76 91 28 51 75 98 20 36 150 62 145 143 33 132 55 104 63 142 43 44 53 124 22 95 123 77 59 115 81 128 86 139 116 16 141 122 11 113 117 66 48 38 135 108 102 8 78 
138 62 74 68 85 52 102 49 17 108 75 147 38 83 86 15 141 64 60 132 149 73 95 116 125 26 76 134 72 2 92 53 42 143 66 98 61 150 126 28 89 21 117 30 78 51 139 36 39 44 6 81 99 127 25 140 40 70 9 142 1 43 47 137 130 103 67 120 29 34 16 104 41 124 11 87 105 129 50 122 24 146 135 48 90 32 123 63 37 23 14 112 144 91 77 56 114 31 82 20 107 106 109 145 57 18 101 96 45 121 8 54 33 136 115 93 55 12 22 4 119 148 7 46 79 111 128 35 133 110 69 94 5 59 10 19 3 65 71 27 13 100 80 113 88 58 131 118 97 
38 128 9 142 109 50 101 33 31 24 65 6 135 88 40 71 103 21 143 3 119 122 58 57 30 129 138 148 10 108 92 104 18 49 32 4 90 45 11 136 22 91 93 77 94 67 99 86 19 80 139 140 147 84 98 111 100 14 63 146 95 127 70 43 1 7 106 74 16 13 62 120 20 46 54 78 39 2 59 145 53 64 37 114 150 34 131 123 35 130 68 79 56 66 149 125 137 82 44 76 110 81 87 60 89 102 5 23 52 69 134 112 8 117 29 25 47 121 96 26 61 126 17 118 12 15 141 73 48 144 41 28 51 55 124 113 107 83 27 115 116 105 97 36 133 75 42 132 72 
11 59 88 72 89 76 121 129 77 146 144 141 25 85 143 1 149 22 69 71 17 93 120 6 34 60 115 125 29 65 10 38 9 5 64 131 21 49 53 30 81 112 109 132 105 136 43 118 28 33 104 116 130 123 42 58 24 103 140 50 56 32 117 31 19 18 128 4 27 82 35 68 84 90 87 137 61 14 26 122 74 94 23 114 15 16 110 36 7 133 95 20 55 3 63 40 12 66 57 134 126 48 113 2 138 13 47 99 150 37 106 147 98 135 44 52 127 79 54 70 39 83 145 92 62 91 119 148 108 8 41 80 124 102 139 101 111 97 51 100 142 96 78 46 45 75 67 107 73 
143 22 61 11 3 25 32 86 79 109 91 50 66 108 118 40 27 100 23 125 129 93 36 10 128 145 136 6 18 94 115 65 52 53 104 131 85 42 78 112 141 35 59 64 48 77 72 46 110 74 34 122 96 82 58 103 124 147 47 44 41 127 140 43 70 56 60 101 88 1 111 30 68 7 17 38 98 121 24 76 97 83 90 45 133 20 54 9 63 5 107 117 134 150 95 71 33 144 69 80 120 2 105 12 132 62 135 130 15 113 28 26 123 89 106 139 99 31 55 19 49 138 84 14 114 126 13 119 142 4 73 146 75 81 92 37 39 149 148 8 16 116 67 102 57 29 137 51 21 
102 97 108 26 14 34 139 103 98 15 67 109 45 25 71 115 90 48 94 107 79 38 127 117 29 74 37 12 33 32 85 100 2 82 5 19 58 16 140 122 49 13 62 31 133 39 111 1 70 80 6 69 56 75 55 83 11 126 119 95 93 50 135 144 105 123 136 40 124 84 145 72 9 128 121 120 35 42 91 76 129 147 114 46 104 43 78 89 87 65 143 101 30 60 17 141 28 134 23 41 51 99 138 86 149 47 142 64 81 52 53 44 112 3 110 21 106 116 54 59 132 130 4 36 68 24 77 148 18 66 92 96 131 125 146 73 113 8 27 118 150 20 57 61 22 10 63 7 137 
22 1 75 132 83 105 91 48 84 109 111 128 102 10 51 19 7 93 46 100 148 16 26 64 3 17 74 58 49 6 13 29 95 88 8 14 11 139 36 119 121 103 122 55 92 112 28 140 71 73 124 99 69 143 96 67 27 146 47 142 56 30 126 150 59 34 4 138 52 76 66 42 50 15 144 136 62 24 25 31 94 133 123 135 21 145 130 68 81 61 12 82 116 40 149 45 125 86 117 87 43 37 2 101 44 98 113 9 134 141 20 97 131 79 57 38 118 110 114 106 65 80 137 53 115 35 129 104 107 90 78 72 41 5 60 120 147 39 32 33 63 85 54 77 70 18 127 23 108 
89 28 120 35 88 107 27 45 136 117 92 33 108 55 54 26 41 7 119 125 17 134 131 24 110 147 145 25 71 102 123 73 15 66 29 69 12 95 91 122 96 40 106 20 53 49 144 47 70 133 126 86 143 23 58 141 74 118 99 82 113 51 78 83 115 30 109 10 39 42 43 132 101 50 77 59 63 130 62 48 142 75 67 64 146 124 13 6 2 44 76 150 46 129 80 114 140 148 9 61 14 56 16 98 38 18 94 116 57 87 60 103 22 68 3 138 32 11 85 84 36 5 135 72 79 37 127 19 1 8 65 81 137 139 97 121 34 21 112 100 128 111 105 149 4 93 52 31 104 
35 140 31 66 112 135 19 47 25 27 132 145 17 37 52 141 26 58 15 55 75 11 86 76 48 128 7 40 79 131 59 5 67 32 110 102 108 64 89 56 93 65 12 36 97 84 72 22 60 14 71 95 70 116 111 130 139 23 50 24 147 83 118 113 39 100 80 119 77 126 38 2 105 28 114 62 21 137 106 61 81 122 127 42 150 1 30 46 43 9 149 3 138 134 117 45 34 69 33 133 85 125 142 101 73 115 96 109 68 136 120 123 53 57 103 82 92 144 124 94 54 87 90 121 41 6 16 143 88 8 99 49 129 44 13 98 74 20 104 4 107 78 51 146 63 18 10 29 148 
33 10 58 145 94 30 40 54 64 82 122 56 70 80 90 139 127 148 135 39 107 93 22 95 114 28 16 20 128 99 71 66 24 111 18 25 106 140 42 134 101 98 87 72 7 144 85 21 105 76 149 17 5 110 41 147 68 132 100 113 19 84 91 130 108 119 89 49 57 6 34 38 27 97 67 124 48 143 23 141 96 45 3 11 126 120 31 81 4 14 146 46 43 109 9 29 74 117 123 12 13 1 50 83 69 60 55 115 78 26 77 15 150 138 53 142 62 63 44 102 61 59 65 112 125 121 37 52 8 35 51 118 75 88 2 32 133 104 137 79 103 86 36 131 116 47 136 129 73 
68 86 131 117 84 50 10 71 103 142 2 92 44 109 95 37 73 150 9 132 74 5 123 112 52 1 4 149 27 97 124 100 139 88 53 96 54 47 72 61 125 28 107 60 64 122 31 19 16 102 136 30 7 43 89 144 15 119 17 114 8 90 116 42 41 76 99 45 46 69 21 25 23 18 26 11 126 137 49 111 66 58 81 133 51 24 115 140 38 82 110 48 34 141 148 63 147 146 138 12 108 70 80 113 85 56 128 120 32 83 75 35 13 101 29 129 134 33 22 94 59 105 104 91 130 143 145 3 55 79 6 14 106 67 65 57 121 62 39 40 77 36 78 20 87 135 127 118 98 
115 24 48 14 60 103 19 86 68 12 97 128 9 111 34 104 135 100 51 28 146 42 3 84 121 132 49 85 54 98 1 77 26 63 62 64 138 46 99 137 131 136 22 93 123 23 81 148 87 102 21 56 53 11 66 105 2 55 61 140 38 58 78 134 119 43 37 73 107 150 41 8 71 30 25 109 90 144 130 96 124 127 39 18 6 89 112 108 52 110 72 32 120 143 16 142 45 74 147 31 139 133 114 13 35 91 47 40 129 75 113 125 69 4 95 44 79 36 83 76 116 80 29 141 145 118 92 88 70 20 67 117 10 33 82 101 27 65 149 5 17 57 7 126 122 50 106 59 15 
13 126 19 119 31 37 137 7 121 85 106 102 72 124 59 138 51 132 142 34 5 70 67 24 52 55 148 131 43 133 92 128 80 105 136 17 141 39 130 140 104 48 144 12 115 64 86 20 47 149 147 96 108 120 107 134 57 78 65 14 71 35 53 93 88 42 22 112 8 41 23 6 150 63 139 73 11 116 111 49 3 101 146 25 122 97 83 81 77 40 26 109 54 94 66 68 127 76 82 27 29 100 21 38 50 28 103 36 4 113 69 145 75 16 2 143 44 45 84 46 79 117 114 15 99 87 123 32 1 118 125 33 62 60 89 91 18 56 61 58 10 30 135 98 74 110 90 129 9 
121 82 18 92 129 58 31 41 24 117 36 90 94 128 42 45 32 118 59 44 22 120 39 77 123 47 57 56 78 65 145 81 119 134 67 63 115 111 60 140 12 52 79 100 3 28 2 20 104 53 138 72 48 110 66 75 142 35 70 112 51 62 139 14 122 124 61 84 93 69 83 91 114 25 107 106 89 125 13 137 103 97 54 86 109 1 34 23 147 5 27 29 68 73 148 15 108 71 50 98 99 130 141 113 101 43 87 4 40 80 105 19 37 26 150 146 17 64 9 7 85 55 95 76 136 127 21 74 49 16 149 144 143 10 126 102 135 30 131 8 116 38 33 132 6 88 46 133 11 
120 89 75 93 127 102 148 53 101 119 92 59 2 34 121 86 98 20 123 145 29 69 42 140 19 124 23 114 146 90 60 5 47 99 115 76 61 126 144 6 142 143 58 18 149 35 84 62 83 74 45 122 141 128 48 38 70 131 130 88 4 67 104 7 17 14 95 46 137 73 150 79 66 112 107 82 117 25 80 9 8 64 113 40 72 43 44 147 52 133 55 10 103 11 16 108 56 32 71 15 135 49 132 116 106 41 36 13 28 22 110 54 68 27 125 3 33 26 138 129 91 65 21 31 118 77 96 12 81 85 30 109 100 37 63 50 51 94 24 139 136 111 105 134 39 1 78 57 87 
116 56 13 139 103 112 44 149 129 19 28 107 52 12 117 21 16 150 14 89 101 11 64 85 60 128 100 102 51 131 73 38 81 27 110 46 93 134 78 5 41 45 133 43 15 10 39 145 9 74 84 141 49 136 62 118 20 59 121 31 146 65 70 23 86 37 132 29 26 8 22 36 34 2 50 105 42 123 106 96 90 61 6 87 109 124 122 94 135 119 148 17 47 91 55 113 138 63 97 143 7 68 144 82 95 104 30 147 88 79 33 108 111 58 69 24 125 137 67 114 83 99 32 18 75 77 142 3 35 80 120 115 4 48 54 66 40 76 126 25 72 1 92 127 71 130 140 53 57 
111 8 53 116 130 48 134 63 105 113 38 123 74 110 2 75 70 33 49 61 32 102 60 94 20 9 132 16 96 26 84 30 120 15 83 11 124 19 114 80 117 1 125 147 65 4 3 7 76 103 31 100 34 17 72 133 119 67 136 58 42 121 29 46 88 97 62 91 44 35 21 106 138 25 5 137 43 146 68 50 118 143 148 92 98 6 81 69 141 54 59 55 107 85 112 22 56 87 115 135 39 51 150 122 93 13 82 104 28 95 126 131 45 86 90 145 52 14 71 109 47 41 73 10 77 37 24 140 64 36 149 23 27 144 139 79 108 78 57 66 129 89 128 40 142 18 127 12 101 
4 83 87 14 75 58 9 63 121 39 98 80 150 44 71 35 11 143 46 8 126 2 78 120 18 144 7 69 31 29 30 53 48 25 73 16 134 50 55 13 122 85 124 138 1 96 66 3 103 47 56 104 72 41 101 22 142 79 115 88 82 74 49 119 23 91 64 84 132 65 86 109 93 32 54 70 77 51 38 42 17 112 40 102 10 111 133 136 127 95 140 28 59 45 61 81 90 106 107 52 57 113 20 141 105 5 97 19 94 33 116 92 24 128 125 148 67 149 27 145 147 68 108 114 36 60 26 6 62 129 117 21 12 137 15 43 110 76 139 34 130 99 146 118 89 131 37 123 135 
75 111 65 149 98 63 95 79 17 117 118 148 96 147 103 18 125 86 6 30 25 99 1 42 48 67 8 107 33 20 57 143 13 11 131 53 15 122 10 89 128 51 145 49 77 100 115 126 85 59 44 116 21 124 132 102 119 5 4 84 94 35 56 50 104 144 40 133 138 76 74 109 140 78 52 92 41 26 62 16 55 146 64 19 129 108 70 38 54 88 32 39 135 45 121 87 46 58 31 36 97 29 82 3 91 114 12 112 23 142 81 69 141 47 7 113 93 105 61 9 123 83 150 90 2 27 80 136 14 71 28 60 106 130 34 120 127 43 137 134 72 139 68 110 73 66 22 37 24 
14 70 103 71 134 63 83 86 121 90 123 99 113 88 39 149 148 73 10 112 32 130 141 19 135 55 25 40 11 29 116 50 51 59 2 42 129 9 147 95 7 48 124 16 21 78 79 108 92 3 133 138 45 24 89 75 150 65 140 72 105 131 47 101 77 74 62 117 8 15 68 58 26 81 28 30 34 76 139 146 43 87 1 4 80 69 61 31 110 132 111 49 20 142 96 66 84 67 94 64 126 125 118 106 100 33 38 18 54 97 107 127 53 85 13 35 41 82 104 137 5 12 60 109 119 93 37 136 22 128 52 57 115 122 27 114 144 56 46 143 98 120 145 6 44 91 17 23 36 
30 18 64 122 90 14 3 79 133 89 109 119 144 91 132 84 78 5 105 87 23 110 146 60 134 93 50 118 49 73 112 55 28 67 128 46 39 129 115 57 131 13 21 2 113 4 117 143 147 99 111 88 26 10 137 62 41 59 116 140 66 37 114 43 44 83 17 142 20 100 42 104 6 7 135 102 40 127 63 85 45 124 126 8 136 31 70 47 98 69 24 12 54 29 138 16 68 71 11 15 108 36 53 35 58 1 106 120 101 149 34 77 150 92 96 56 82 80 141 19 22 121 95 94 125 130 72 27 123 51 145 148 107 33 86 97 76 139 38 65 52 9 74 32 81 48 25 61 75 
18 99 52 56 148 20 34 38 58 77 79 24 10 19 145 110 53 59 138 122 74 121 61 123 75 88 101 25 134 2 93 109 131 116 85 37 119 98 81 118 21 136 54 96 14 27 111 5 39 17 63 127 129 141 26 91 133 15 44 95 9 97 135 106 144 114 128 142 62 31 108 139 80 103 22 89 16 30 120 60 112 105 50 49 83 82 67 68 4 73 66 23 45 13 28 55 102 36 43 78 72 69 130 3 41 90 1 48 94 57 124 47 51 11 29 146 84 7 35 12 150 65 6 149 46 92 40 71 86 147 132 113 87 76 115 32 70 107 8 100 33 126 117 140 143 125 42 137 64 
122 57 3 19 97 28 36 84 15 125 58 132 103 115 21 142 56 116 149 88 145 62 112 9 55 41 68 54 63 83 140 79 120 45 17 29 99 35 89 96 5 23 95 22 72 11 128 134 123 30 119 70 6 82 34 59 137 67 102 38 7 26 108 124 16 65 76 49 100 93 138 141 20 143 78 37 61 101 117 53 131 4 44 106 92 90 113 150 148 64 31 98 80 94 39 104 73 146 126 81 139 50 71 85 12 135 14 87 33 74 129 127 47 60 147 114 1 133 13 144 24 43 91 136 107 109 111 66 8 86 46 2 77 10 25 118 75 69 51 130 42 52 48 121 40 32 18 110 27 
116 146 92 143 8 63 20 12 6 57 119 77 97 131 117 45 124 36 86 50 2 105 23 74 140 9 139 150 48 25 29 65 69 55 26 91 68 44 30 18 34 66 82 4 126 33 99 101 59 123 95 47 81 62 149 138 147 102 21 56 39 46 132 94 125 130 134 145 70 83 75 7 107 100 5 128 19 15 108 113 135 144 58 52 76 78 111 71 64 96 35 27 11 42 87 32 61 137 89 37 28 112 38 79 22 121 127 104 13 109 1 31 49 40 93 118 84 133 136 80 115 98 141 24 17 3 142 14 120 41 72 51 54 73 16 110 67 10 90 53 148 129 88 122 114 60 85 43 103 
83 70 51 99 108 81 47 1 113 74 123 117 76 82 18 125 57 45 105 85 140 42 89 60 135 136 40 62 80 49 53 98 19 131 87 4 14 139 124 28 93 148 88 52 13 118 27 39 58 7 75 90 138 132 71 68 50 38 137 5 103 9 102 41 149 23 122 146 91 119 8 2 35 84 21 17 97 86 121 144 29 130 59 104 37 12 69 141 147 44 63 100 56 128 111 133 110 33 127 31 46 65 64 54 26 79 92 120 25 77 6 73 30 142 134 3 72 106 55 15 66 96 115 48 126 150 109 114 112 11 34 32 116 22 61 94 78 129 95 10 36 16 67 101 43 24 143 145 20 
57 66 49 68 27 99 129 64 5 115 41 70 7 58 140 106 100 14 91 101 52 126 25 44 133 35 96 76 105 10 75 33 71 69 117 103 144 85 67 47 102 124 93 77 51 128 79 138 137 135 42 37 13 19 142 146 1 145 130 59 131 11 30 81 141 29 63 53 132 21 119 34 118 114 113 147 43 73 89 107 74 88 86 72 46 92 23 3 82 65 122 15 111 61 139 55 62 104 8 60 56 136 40 45 28 38 50 143 18 112 2 97 110 149 26 95 80 22 87 17 6 83 125 120 98 109 123 78 54 90 116 94 121 31 39 32 148 48 4 20 16 84 36 12 24 9 134 150 127 
70 113 130 120 110 86 142 62 89 45 119 63 5 49 6 75 64 42 79 78 104 143 101 22 54 124 61 58 52 39 1 137 59 35 53 67 14 36 33 21 82 30 13 117 127 51 56 55 18 83 112 31 20 25 115 24 146 17 48 26 95 65 77 141 16 28 71 93 38 66 81 15 29 23 91 50 43 4 9 19 138 80 136 27 98 128 60 135 122 74 145 121 116 2 118 57 87 150 129 41 3 94 76 10 69 134 147 125 96 8 44 72 68 139 108 99 12 37 133 7 40 140 111 47 126 11 102 88 90 114 73 131 148 105 107 32 100 103 84 34 85 46 144 132 97 123 106 92 149 
54 48 72 52 81 32 97 28 88 24 55 143 130 120 103 53 115 46 50 96 37 63 108 90 7 117 129 43 12 47 146 41 147 87 22 77 99 114 101 126 116 26 18 10 102 122 3 34 21 38 92 141 106 13 57 78 19 127 113 135 100 86 16 67 1 149 2 85 112 40 83 109 69 9 119 89 133 6 14 76 138 11 36 80 62 93 137 39 51 148 84 136 75 145 73 30 131 29 33 105 111 107 150 64 134 140 68 79 31 128 5 142 125 94 95 60 56 74 23 59 35 17 45 123 66 121 49 58 25 124 132 98 139 91 118 42 71 15 8 65 70 144 104 44 27 20 4 82 61 
65 115 17 140 31 112 1 124 104 58 88 11 43 91 13 30 128 90 29 57 78 130 47 84 136 56 109 38 99 3 5 7 46 143 118 4 101 138 9 137 45 34 19 110 21 60 77 135 15 14 127 67 2 44 146 52 22 51 72 16 144 73 98 81 87 114 27 107 37 10 64 126 26 53 148 97 89 106 119 83 147 92 75 149 116 103 25 117 28 82 6 54 100 33 139 49 68 102 108 125 24 134 80 70 23 59 132 62 142 120 41 122 71 150 39 145 40 74 55 61 141 48 69 76 63 94 79 20 131 95 36 8 35 121 96 42 32 66 18 129 123 133 50 85 93 86 12 105 113 
67 146 33 28 5 101 130 108 57 13 145 120 106 72 53 133 63 96 66 140 88 20 32 121 11 56 65 132 50 77 6 19 69 17 105 34 136 44 116 55 122 84 14 92 104 12 27 99 21 15 75 54 115 18 37 110 64 78 51 83 60 124 114 87 62 89 149 10 129 126 16 49 107 138 76 85 109 52 40 31 48 2 8 118 26 81 73 91 3 95 82 131 128 35 144 135 123 80 25 142 125 4 86 139 117 29 30 127 141 24 7 71 147 79 150 41 9 43 61 137 74 98 39 59 23 70 103 94 102 1 113 22 148 68 97 111 47 119 45 143 38 134 46 90 42 93 58 36 100 
143 117 120 61 14 109 145 96 35 87 116 101 33 65 125 53 122 112 49 30 57 22 20 119 147 79 89 75 82 70 92 78 135 54 45 18 60 80 86 140 50 19 76 127 93 8 31 102 94 32 114 28 98 2 5 44 128 105 17 9 37 4 1 85 139 133 73 72 64 3 115 42 132 25 21 47 29 12 88 150 38 27 103 84 56 146 41 90 16 131 63 7 99 39 136 34 106 83 144 77 15 74 6 148 62 97 23 130 51 81 13 36 11 110 95 71 111 48 121 67 124 100 10 66 69 126 59 55 26 134 142 46 107 141 91 52 123 137 104 40 129 43 108 58 138 118 68 149 24 
63 40 6 87 72 23 94 19 136 109 61 90 119 99 27 146 126 96 42 65 47 103 113 75 45 21 36 46 110 58 144 141 43 39 121 66 33 38 112 135 142 70 37 115 148 76 104 97 1 118 57 17 44 131 150 78 127 67 4 95 124 88 25 108 139 11 60 93 73 31 16 106 86 107 134 49 13 32 85 7 137 10 54 53 55 14 28 5 29 34 130 81 77 133 125 64 50 111 2 3 9 84 24 147 62 80 91 128 100 105 129 138 132 15 41 8 26 149 20 143 89 59 79 74 101 52 117 35 69 12 145 116 123 71 51 92 22 48 18 30 56 102 122 83 82 120 98 140 68 
15 118 30 8 103 32 140 55 46 104 84 54 63 131 21 83 130 122 72 142 97 119 27 127 60 28 143 6 148 22 25 48 75 47 137 79 1 66 114 92 133 94 23 96 29 16 111 11 68 134 93 146 77 109 36 14 61 70 38 12 100 50 149 86 59 45 10 73 107 105 20 85 58 124 126 136 110 106 9 52 108 135 56 112 138 117 129 43 34 19 3 150 82 71 41 80 90 37 26 44 42 88 67 31 2 35 102 87 91 95 65 128 123 98 76 64 147 40 17 121 144 39 81 78 53 7 145 24 141 125 120 101 62 132 49 33 51 116 4 57 113 89 18 74 69 5 99 13 139 
92 95 128 108 25 38 29 46 102 8 103 64 66 65 120 83 122 59 114 30 138 17 58 142 35 60 54 84 12 140 45 110 133 87 143 48 31 24 11 139 127 144 93 88 115 51 106 69 89 34 37 147 90 107 47 105 72 27 44 112 150 118 98 67 50 7 36 56 96 113 77 132 126 134 85 39 53 21 4 86 32 79 146 57 63 104 91 121 61 18 73 16 137 13 68 125 82 117 141 28 55 14 81 10 33 148 23 43 1 3 19 99 130 94 2 136 149 62 41 129 109 20 76 111 22 75 78 100 119 26 145 135 52 101 131 74 42 80 70 40 9 49 71 124 97 123 5 15 6 
120 105 10 9 96 24 34 82 36 55 22 111 85 95 131 35 80 39 42 78 7 57 49 106 71 52 13 128 77 11 31 63 132 12 66 65 4 125 3 110 137 86 119 83 109 28 141 108 126 2 136 144 44 112 53 19 138 23 20 103 62 47 88 45 98 58 59 118 94 149 29 61 133 68 84 107 121 26 104 92 142 54 74 1 102 64 101 148 113 5 14 32 73 100 130 123 56 139 21 38 72 140 87 129 51 116 8 115 76 99 50 150 18 147 16 81 91 6 37 46 27 43 134 135 60 17 124 90 41 146 143 69 40 122 70 127 93 75 89 30 114 48 145 25 33 67 15 97 79 
21 42 138 129 123 34 59 82 30 63 65 83 13 89 113 131 11 4 109 75 95 18 128 48 147 110 45 86 140 19 149 72 122 70 66 144 37 141 88 14 108 25 134 68 116 104 97 43 1 40 15 51 114 105 145 92 6 33 111 150 23 62 5 112 85 93 101 81 130 115 79 124 31 16 55 77 125 58 143 90 3 120 71 135 127 76 121 36 28 132 44 78 46 133 50 106 12 8 32 103 146 26 94 7 126 74 10 57 27 54 84 69 56 2 52 9 117 47 100 22 24 60 102 139 29 20 137 35 17 119 87 41 64 39 67 142 73 61 148 107 49 91 136 99 38 53 98 96 80 
37 67 89 22 145 58 104 101 84 87 102 114 91 17 11 59 148 106 13 41 57 110 68 121 100 69 126 31 81 72 16 92 127 53 103 48 4 150 63 90 33 5 144 30 122 15 26 141 52 99 132 38 93 34 109 108 95 24 23 21 20 94 8 6 117 149 27 43 19 10 61 1 2 129 88 44 120 18 80 9 146 50 25 45 42 115 47 131 140 134 116 78 98 133 113 74 137 65 105 130 75 77 62 28 128 123 76 125 3 56 36 40 60 124 79 147 71 86 66 39 85 135 136 12 64 29 14 118 55 112 70 111 54 96 7 49 142 73 143 51 107 32 46 83 138 82 35 97 139 
23 68 91 27 87 115 123 118 121 51 94 25 88 43 145 2 63 109 141 136 98 26 34 4 46 71 75 59 11 60 10 110 5 97 102 7 131 52 144 15 84 78 41 92 86 100 21 3 30 122 143 18 82 128 90 104 56 54 126 111 47 37 140 17 45 147 74 29 48 70 108 14 95 33 16 73 62 112 61 137 24 119 79 107 35 138 53 85 93 125 106 77 113 114 39 89 132 96 40 135 57 36 103 55 148 65 130 127 44 80 124 76 12 116 117 9 133 67 105 129 13 6 31 146 150 32 66 19 149 28 139 81 72 142 1 69 38 58 49 50 83 101 99 20 134 64 42 8 22 
124 10 93 119 122 28 110 126 108 144 116 70 41 96 24 37 73 59 134 113 63 39 114 51 5 104 32 40 128 88 68 62 38 30 141 98 53 100 86 61 131 129 80 19 54 23 26 99 14 92 97 120 127 2 49 139 111 71 66 85 123 118 95 64 147 47 103 9 36 3 77 13 55 57 43 81 82 101 76 6 11 75 29 146 52 94 4 115 109 91 58 112 12 136 135 48 138 90 42 106 8 45 130 79 15 60 137 125 69 67 143 148 87 78 142 33 34 117 102 7 89 84 132 140 21 65 145 72 31 107 74 17 149 150 27 35 83 16 50 22 133 105 44 46 25 1 20 56 18 
68 47 124 150 77 51 40 129 128 91 96 32 84 18 60 131 52 62 80 93 123 72 138 87 81 120 55 104 142 28 13 125 38 67 95 37 101 29 102 139 106 109 146 115 79 25 21 103 42 36 24 12 144 30 59 45 64 78 113 71 143 35 16 149 105 99 76 132 141 148 74 147 9 31 22 119 54 114 66 44 33 50 111 98 65 83 85 73 117 2 3 23 89 126 97 1 70 19 53 88 75 137 8 14 140 134 69 57 26 58 11 127 20 27 43 110 133 41 56 46 86 136 82 116 107 5 135 130 61 48 17 121 15 63 108 4 6 90 145 118 49 7 94 112 92 39 10 100 34 
114 49 149 19 89 22 139 103 63 142 59 99 115 133 66 125 148 76 55 56 82 92 140 88 41 1 85 130 10 91 95 15 120 61 117 129 145 21 36 147 27 131 11 29 84 62 67 54 25 65 46 126 71 105 45 110 83 108 86 128 134 144 57 53 48 43 112 69 78 60 17 77 20 39 143 127 137 136 26 24 35 79 40 146 34 38 132 111 12 37 122 138 107 90 9 119 33 28 98 50 87 72 47 44 80 7 30 104 58 73 42 75 6 8 64 70 18 32 74 109 97 101 31 5 118 100 96 4 16 23 14 113 135 51 68 150 81 13 141 2 3 116 93 124 106 102 121 52 94 
83 71 21 109 73 4 70 58 115 100 104 116 132 52 26 16 141 117 72 31 59 82 146 69 143 64 33 6 68 133 76 139 43 27 135 18 87 128 23 44 10 66 53 24 149 32 13 144 47 81 96 41 61 55 84 125 30 49 75 136 92 46 113 138 110 25 29 108 39 57 105 140 63 67 91 94 122 9 90 99 48 98 103 12 40 120 150 19 102 60 127 37 129 28 42 74 17 56 93 35 112 126 95 142 118 80 1 85 5 50 77 123 131 14 88 107 65 137 130 2 15 89 86 79 78 38 34 22 114 45 148 97 147 145 62 101 54 106 20 36 111 3 119 7 51 121 134 11 8 
3 129 59 65 79 97 105 115 36 74 50 84 12 76 77 145 62 83 22 8 14 136 81 37 101 43 68 144 40 114 100 104 32 24 123 51 18 106 72 27 52 117 140 66 94 44 7 21 30 102 142 58 143 99 13 60 146 42 29 49 53 46 130 70 108 45 11 103 121 133 25 5 107 9 48 148 126 141 86 41 111 35 1 116 93 112 4 34 150 127 80 139 39 56 17 124 122 131 20 64 71 95 6 118 134 147 16 69 47 55 119 132 54 90 149 120 61 88 110 57 23 138 78 109 75 28 31 26 38 82 15 73 98 63 87 128 137 67 89 113 92 96 19 85 2 135 10 33 91 
9 115 142 13 81 113 114 147 102 41 49 53 70 65 40 35 104 143 80 7 60 20 31 6 36 85 128 145 90 111 140 74 71 146 86 97 138 130 10 118 3 55 5 56 125 134 17 21 92 43 106 72 150 28 15 83 103 98 58 121 2 144 78 24 26 107 44 148 16 64 139 32 69 112 149 95 14 96 51 61 84 122 108 99 129 110 62 1 18 25 66 132 12 76 124 131 82 39 45 119 34 19 105 141 89 27 47 63 46 123 137 93 109 136 117 68 133 8 22 4 79 94 75 87 77 135 29 30 38 73 57 116 23 52 91 50 59 88 33 37 101 11 67 48 54 100 127 120 42 
98 122 18 134 49 35 36 70 33 125 149 14 139 12 118 6 19 61 108 111 53 39 26 77 48 1 65 79 124 126 74 105 2 144 91 82 117 148 34 129 17 131 114 142 27 102 15 88 8 71 24 72 4 31 150 41 46 86 78 136 121 23 64 45 56 119 104 89 37 51 147 13 38 62 67 32 10 115 84 29 80 55 140 43 87 76 40 90 116 60 109 69 138 54 141 112 9 106 132 145 100 20 135 42 68 133 73 22 28 47 5 94 85 92 66 30 99 52 63 123 81 97 130 103 113 95 75 25 110 101 11 93 146 3 16 143 128 83 50 59 21 44 58 96 57 107 7 120 137 
2 27 86 11 44 54 93 13 109 38 122 150 41 96 79 125 23 34 10 21 148 60 116 30 95 73 113 63 88 4 68 33 72 19 102 9 133 107 39 32 147 61 58 132 114 55 31 78 145 36 112 37 16 92 110 65 134 45 80 17 119 49 121 144 83 136 67 111 70 94 98 62 56 50 71 5 64 131 76 135 6 69 35 12 127 99 140 74 42 142 22 149 82 28 15 91 137 77 103 139 89 53 20 129 66 75 106 3 47 97 101 84 24 105 108 141 40 7 87 117 115 59 14 130 81 51 120 25 1 8 100 18 46 124 118 126 90 26 146 29 57 52 85 43 123 104 138 48 143 
58 75 121 21 42 123 82 1 144 49 45 20 83 107 31 57 92 118 76 56 93 50 39 2 27 113 24 9 96 10 127 124 25 29 68 12 139 38 69 108 138 89 7 11 79 94 120 97 81 112 85 98 78 28 105 18 70 48 104 122 40 115 133 43 141 88 23 3 15 103 47 59 22 131 116 32 53 84 147 67 74 64 135 62 99 46 148 134 60 145 19 128 54 71 117 35 95 73 87 110 130 137 149 90 109 136 51 80 37 150 126 14 72 91 5 8 86 142 146 65 44 63 13 125 66 41 6 77 143 16 36 102 101 4 61 30 119 52 34 100 55 106 132 26 114 111 33 17 140 
51 80 49 128 91 120 121 126 5 106 150 28 85 103 107 73 139 78 14 30 97 75 144 76 64 127 54 23 101 31 53 21 114 79 90 4 6 48 9 59 93 11 145 89 137 8 41 69 86 66 68 32 46 2 29 57 142 19 50 13 122 38 60 27 94 149 43 74 125 52 44 99 136 20 96 129 35 84 1 15 65 47 61 34 134 111 131 104 81 132 140 72 148 135 87 71 67 7 77 102 33 37 124 56 39 105 45 141 58 108 133 146 100 16 147 36 83 62 138 109 98 92 143 26 112 25 118 70 17 40 116 55 22 42 10 63 123 18 119 115 110 88 82 117 95 24 3 113 12 
29 84 56 106 13 95 121 1 74 137 61 143 8 93 54 134 90 82 32 52 31 105 128 142 38 48 27 34 51 88 47 112 50 96 119 71 85 15 103 55 68 123 76 10 83 81 45 99 28 147 23 22 116 9 17 117 133 70 37 100 118 65 36 30 136 94 3 146 67 97 24 20 60 57 102 150 109 44 26 69 79 59 40 14 49 72 73 104 4 75 91 86 2 126 101 18 25 89 16 62 78 11 144 98 135 21 66 149 124 132 58 111 92 5 122 130 41 114 129 80 125 42 107 77 87 115 7 145 64 148 127 140 12 6 110 39 46 63 120 139 19 113 33 141 138 35 53 108 43 
27 72 67 91 80 28 40 5 89 90 54 110 100 51 33 73 99 78 96 10 48 93 77 61 66 85 117 30 97 69 53 106 131 113 52 138 36 62 118 143 79 104 19 108 150 58 124 75 16 4 44 3 147 148 76 149 25 127 26 29 24 39 12 129 98 50 123 23 56 17 46 63 125 65 37 112 137 142 83 59 47 144 55 9 95 134 102 133 126 14 122 31 71 92 88 119 87 43 13 35 34 135 140 128 38 94 32 7 145 11 41 139 101 130 20 2 86 42 64 120 109 141 74 45 15 18 103 1 107 49 136 105 146 8 22 21 81 60 121 82 57 6 84 68 114 70 115 116 111 
88 7 145 5 105 131 74 71 57 116 54 140 128 80 103 113 134 150 24 27 26 130 110 20 107 124 39 1 45 8 67 63 15 59 86 77 41 18 144 121 84 135 82 28 40 123 111 117 141 73 139 132 29 129 49 101 44 72 58 13 60 6 99 83 47 148 100 118 87 78 85 43 95 65 23 68 115 31 112 122 22 48 104 136 146 61 2 64 3 98 50 75 114 94 52 42 120 10 51 38 92 62 66 16 19 138 81 25 142 149 36 109 33 34 76 91 32 79 4 12 143 35 90 70 102 127 14 137 119 21 46 108 106 96 97 37 147 30 125 56 126 89 11 9 53 69 93 55 17 
63 131 5 19 27 7 128 32 9 3 57 140 74 73 42 72 40 59 145 127 1 65 67 58 105 122 118 149 80 144 15 121 46 71 10 142 106 78 16 132 51 64 143 135 56 97 81 37 93 54 150 36 107 99 125 24 55 112 137 90 116 53 139 22 100 62 8 84 41 49 47 60 104 124 2 136 17 31 82 130 85 83 20 146 129 126 69 148 141 92 113 18 86 61 119 96 115 39 35 88 138 120 79 76 21 50 87 111 94 108 28 98 117 101 29 114 103 52 77 4 34 110 123 30 45 12 26 11 91 70 89 109 38 66 102 33 48 44 133 75 23 25 13 147 14 6 43 68 95 
64 42 54 110 131 56 61 104 123 147 58 108 114 37 81 46 96 107 92 44 63 5 47 24 88 124 121 145 144 52 120 73 53 101 128 9 48 66 133 27 84 71 139 138 83 85 99 103 146 126 49 119 105 75 90 7 80 32 35 125 111 109 28 12 79 33 112 15 39 122 30 40 1 57 50 17 14 36 25 11 102 91 38 72 118 26 142 113 31 132 130 6 129 86 21 141 117 74 43 115 136 127 4 150 2 3 148 137 34 68 106 10 45 140 97 82 116 100 89 95 67 41 69 76 65 94 77 29 18 70 93 134 59 23 78 13 143 19 60 51 55 20 8 62 16 87 149 22 98 
49 103 121 68 9 82 94 104 84 91 14 116 15 44 80 1 77 55 73 150 21 133 36 107 47 41 5 85 89 109 35 6 88 118 120 102 12 137 81 122 25 143 127 24 98 75 144 43 59 69 11 20 87 63 3 57 17 119 129 58 130 112 100 86 106 52 42 64 39 40 33 61 97 142 79 18 62 7 19 108 23 139 111 95 2 128 51 4 71 117 38 110 99 96 105 45 32 48 27 131 78 132 92 31 134 114 141 72 37 46 115 66 34 13 54 29 16 140 65 8 50 148 83 124 147 113 22 76 10 90 123 30 26 93 125 135 138 146 145 56 126 70 149 53 74 67 60 28 101 
48 146 134 30 81 13 12 135 87 46 57 84 40 49 29 38 59 76 1 50 32 43 72 36 52 35 51 120 125 74 33 10 119 116 114 20 62 126 45 100 130 64 148 37 86 90 8 147 61 53 14 136 44 4 2 22 140 128 113 24 75 67 78 39 127 122 121 150 139 144 21 77 103 28 19 115 26 70 18 3 102 141 73 83 16 118 94 7 132 80 17 149 91 60 97 63 138 117 54 58 123 71 131 108 98 112 106 88 11 5 31 55 41 104 15 27 95 6 99 101 47 124 85 133 42 69 142 9 93 79 68 129 89 110 111 65 143 105 56 96 92 109 107 145 82 25 66 34 23 
52 50 49 40 145 51 19 107 123 104 26 2 140 48 125 41 142 68 37 31 24 1 17 10 108 120 45 20 46 18 34 67 96 127 82 129 39 122 83 141 32 112 29 124 4 11 121 65 144 74 77 136 116 134 81 117 143 101 44 128 63 28 78 106 57 94 7 90 16 135 8 72 87 99 91 149 86 25 53 70 95 59 92 89 61 14 119 133 131 62 109 6 56 69 84 55 79 21 58 80 42 150 33 103 47 54 73 93 23 30 12 9 105 98 35 115 100 75 27 110 113 97 71 146 43 60 118 137 5 76 148 111 13 126 147 132 64 139 15 130 85 66 22 102 3 114 38 36 88 
130 30 81 11 55 46 33 104 54 86 84 63 133 101 62 113 107 132 48 72 109 68 111 140 123 117 77 102 85 82 92 110 108 96 135 131 39 90 12 65 26 52 67 50 71 144 115 141 9 134 59 149 35 121 58 103 122 118 53 125 7 15 44 138 148 120 17 3 75 70 69 98 10 145 5 57 31 143 8 45 4 83 91 128 150 87 127 61 64 42 112 24 32 95 14 124 21 28 23 38 18 106 126 37 78 29 20 129 43 56 41 60 100 34 51 2 89 93 116 137 114 74 19 76 105 142 13 136 119 80 22 47 27 49 36 66 146 79 94 40 1 99 88 97 6 25 73 147 16 
121 136 62 129 42 103 5 122 126 64 18 60 81 109 94 130 44 30 67 96 106 1 143 88 100 68 75 150 22 14 49 76 21 105 23 41 43 108 47 26 46 38 54 33 3 70 115 50 57 58 63 141 28 84 138 2 95 135 139 83 92 97 145 118 37 52 19 34 45 128 119 36 85 48 16 27 51 98 144 124 79 148 17 32 147 25 116 9 120 99 11 90 89 104 149 146 31 39 131 74 20 101 102 10 114 7 113 137 78 125 111 91 87 127 59 80 69 133 110 132 82 112 13 123 72 134 77 65 93 6 66 73 15 71 29 55 35 117 12 24 61 4 86 53 107 8 142 40 56 
137 39 112 17 150 79 69 54 41 15 110 61 28 122 43 24 83 132 145 45 21 81 99 85 105 103 109 59 67 93 75 118 25 143 90 1 108 58 84 78 128 12 22 120 8 136 104 116 14 33 51 73 18 38 56 9 80 127 6 42 91 96 2 40 29 55 140 31 148 44 47 19 46 76 125 5 74 16 102 34 3 4 86 123 49 106 10 7 144 37 129 65 146 131 142 130 111 97 107 89 114 98 60 62 13 68 48 134 71 95 66 121 94 70 135 20 113 133 115 26 126 23 124 92 57 119 139 77 138 64 82 53 35 101 11 117 88 87 100 50 32 72 52 27 36 147 63 149 30 
107 129 59 110 68 132 43 36 86 3 64 95 109 116 45 100 27 62 30 90 51 40 65 19 54 94 1 75 144 108 121 111 7 76 32 38 89 80 9 16 106 72 123 71 61 48 66 141 63 37 136 147 91 124 126 115 92 49 55 42 2 29 128 93 113 138 17 140 5 145 77 135 114 137 74 139 117 25 13 125 41 10 53 87 85 98 46 133 6 33 20 102 39 122 79 118 69 149 26 150 18 112 58 11 28 96 24 14 82 84 56 105 22 88 127 4 99 101 103 134 44 104 97 31 52 70 12 119 21 35 15 50 60 23 148 83 8 120 81 73 143 47 131 146 57 34 67 130 78 
32 147 92 98 43 136 37 149 135 50 141 93 114 88 107 110 118 77 46 74 38 25 69 99 140 115 58 81 10 127 101 60 26 5 15 3 95 112 61 82 4 123 100 91 111 145 83 41 9 148 49 72 96 33 120 42 67 78 66 75 124 104 103 65 40 62 90 18 63 132 68 13 70 39 21 47 45 48 73 55 105 53 8 129 44 131 108 23 138 146 24 125 56 86 6 109 85 106 76 97 34 36 27 57 94 113 126 20 122 59 144 64 134 17 1 29 28 121 51 12 87 11 89 128 142 79 116 35 102 19 31 133 119 137 84 130 71 14 54 150 52 30 117 2 7 22 139 16 80 
143 5 37 59 98 86 94 110 81 4 24 115 54 67 41 148 76 138 128 121 119 63 87 120 7 122 105 21 47 147 135 20 134 85 117 142 10 19 92 66 88 64 36 62 123 71 65 51 31 146 111 43 60 50 132 109 56 9 108 124 34 93 12 15 30 17 141 131 23 133 1 139 72 13 11 78 16 136 26 90 100 68 129 96 125 101 28 32 130 61 2 55 79 137 113 83 112 48 70 18 38 114 97 69 35 106 82 140 44 74 95 91 102 73 99 40 39 84 80 104 14 57 127 22 89 42 58 29 150 27 49 75 53 25 52 107 145 103 77 45 149 8 46 6 118 33 126 116 3 
12 121 44 89 13 115 141 76 138 148 114 52 54 38 109 108 9 94 135 133 43 39 112 53 150 87 70 129 68 132 107 78 80 123 77 105 24 49 60 35 147 149 46 130 118 117 50 142 69 86 14 127 33 56 26 92 51 120 140 88 106 139 82 125 11 34 128 29 17 100 102 74 25 36 64 19 95 10 79 137 42 91 20 41 31 59 8 98 116 85 23 90 72 65 15 40 32 67 27 134 126 73 111 103 146 110 81 84 131 45 124 83 5 61 48 75 1 96 144 136 55 58 62 16 113 97 6 37 30 93 66 7 101 104 21 63 122 71 18 2 4 57 28 22 3 99 119 143 47 
118 121 50 136 49 31 148 70 46 71 37 41 104 103 27 140 56 26 61 12 125 144 126 15 33 45 134 54 40 18 66 114 8 43 76 16 39 100 83 48 109 116 19 91 55 105 138 36 81 3 7 6 117 90 141 142 150 58 13 149 143 80 123 89 65 108 129 112 51 96 132 131 20 139 122 110 23 120 10 4 115 68 34 79 93 77 29 21 94 67 72 35 47 98 62 84 107 1 53 38 42 88 111 137 97 11 95 60 127 64 145 22 128 59 82 32 69 14 99 85 119 86 17 57 130 135 24 92 102 74 9 106 5 2 124 28 133 113 73 63 147 25 52 101 30 44 78 75 87 
81 139 103 26 96 61 133 120 41 78 132 150 29 11 45 23 114 135 88 74 51 13 25 19 87 108 22 40 15 48 121 37 137 104 73 53 21 102 69 27 109 42 54 111 113 8 129 89 24 144 79 18 56 112 127 93 68 95 134 148 75 34 141 116 2 50 44 16 47 1 63 110 66 126 142 58 83 67 31 5 117 130 72 91 57 7 107 149 20 38 125 94 99 43 106 98 35 28 39 6 36 55 52 145 33 77 65 3 143 82 30 84 122 60 138 119 146 140 32 100 59 12 80 76 118 90 70 71 46 85 86 9 14 92 131 97 115 4 10 128 64 136 105 62 17 123 101 49 124 
121 81 144 145 71 6 76 60 125 114 21 97 31 100 109 59 9 137 46 69 83 44 146 111 47 50 112 33 19 61 37 49 73 90 116 128 141 34 107 23 25 38 87 66 93 115 77 86 79 16 130 72 88 102 127 41 52 27 67 57 26 150 20 103 11 105 134 94 74 82 5 139 104 42 108 29 122 78 140 14 124 126 113 101 80 143 91 135 48 32 43 133 45 13 4 85 51 136 35 110 95 12 96 28 17 39 117 22 119 54 75 55 2 18 63 118 123 138 53 129 106 24 68 30 1 65 10 40 149 15 56 36 70 84 92 7 8 99 62 132 58 98 131 142 64 120 147 89 3 
148 48 116 128 7 33 64 132 29 101 13 120 74 114 49 25 23 14 88 26 38 60 111 68 129 55 82 91 37 56 130 59 79 115 69 36 145 39 107 144 17 94 31 142 97 122 10 139 34 43 3 2 124 117 104 150 106 92 93 90 98 16 123 62 100 28 19 84 80 76 77 41 18 75 47 135 78 89 63 58 6 61 140 4 72 85 45 73 109 32 136 40 103 12 65 126 1 52 134 141 127 50 20 86 51 138 112 131 83 57 102 30 99 81 147 27 137 87 5 9 66 54 70 44 8 53 110 113 121 118 133 105 146 22 21 11 46 35 119 24 143 96 71 125 15 67 42 95 108 
136 87 22 48 1 71 58 140 141 82 76 45 25 57 10 115 145 147 15 105 32 65 35 106 124 85 134 116 12 86 100 17 103 52 73 19 148 107 31 123 110 132 61 3 93 40 5 49 142 92 90 131 78 101 118 111 80 109 127 98 7 50 13 149 95 97 77 4 63 125 46 75 114 138 16 117 119 34 33 104 89 20 47 112 55 62 74 130 144 56 2 21 44 28 27 67 51 41 113 29 139 143 38 121 26 42 53 11 135 96 81 69 23 14 60 72 6 39 108 59 120 66 54 122 79 9 88 91 84 43 94 128 83 64 129 36 18 146 133 30 137 102 37 126 68 70 8 99 24 
