150
85 26 149 135 106 23 99 3 16 11 115 36 17 98 18 134 34 55 29 10 97 88 84 94 145 45 80 64 111 147 35 69 142 50 8 140 144 146 122 110 59 58 62 128 65 13 25 60 83 92 33 20 52 109 71 15 125 49 19 72 7 63 126 22 102 74 53 91 143 12 130 39 90 6 121 66 123 116 28 57 82 124 108 148 56 137 127 138 105 47 43 120 27 21 38 24 40 77 103 4 67 139 114 136 32 30 104 37 5 101 129 78 
5 9 88 56 97 36 58 146 33 68 59 77 22 117 87 79 107 83 128 121 89 70 11 39 67 4 114 122 86 69 78 57 21 112 91 65 62 27 41 49 50 14 142 6 141 104 105 125 143 118 55 108 84 149 20 17 100 144 64 51 35 29 127 76 44 94 126 95 52 54 140 93 92 133 120 99 138 8 63 26 81 145 135 42 61 139 75 32 132 102 3 90 30 31 40 113 106 47 130 60 111 103 38 82 10 18 71 74 148 98 37 
94 11 21 68 86 115 96 71 127 81 112 19 45 5 125 143 78 63 16 133 131 55 103 120 76 122 109 129 121 124 106 15 83 12 48 80 37 137 90 73 7 58 14 88 146 61 69 136 34 50 117 20 13 84 27 82 64 57 102 141 66 67 134 26 123 111 87 41 92 23 72 77 138 6 118 150 42 49 30 28 52 1 104 108 110 99 101 29 135 74 18 65 128 62 46 10 145 2 56 95 139 36 70 130 116 114 24 53 
110 89 111 65 82 141 54 57 123 22 42 74 36 18 19 68 11 9 99 84 2 148 55 95 37 34 149 140 7 49 69 127 129 120 72 62 130 8 135 107 6 16 145 73 70 96 81 128 100 102 50 29 10 41 66 121 47 83 61 59 119 109 146 134 43 13 28 150 92 32 64 93 115 76 26 122 94 97 23 58 126 48 117 44 38 125 88 147 35 67 17 79 60 104 12 5 56 116 39 30 80 52 78 14 87 132 86 27 124 33 85 106 90 63 1 112 113 98 
64 27 68 87 126 14 78 111 43 77 83 120 17 45 129 86 82 96 81 97 26 18 6 67 10 99 33 137 93 85 56 36 76 139 47 128 136 147 65 48 71 138 24 19 58 112 122 98 130 32 31 116 42 110 127 2 80 105 22 148 115 119 107 3 103 134 113 34 142 101 30 60 70 44 8 146 41 104 72 50 89 4 9 145 55 40 12 25 37 75 59 57 149 114 91 16 1 23 73 125 141 29 69 135 54 121 52 108 15 132 95 38 28 88 51 79 
123 116 115 150 148 114 69 105 68 88 144 71 109 20 100 86 53 17 41 107 138 125 27 139 84 103 113 55 57 101 28 50 92 60 124 1 29 78 66 118 58 33 36 75 143 70 83 67 34 128 94 99 35 25 80 3 140 146 121 147 56 87 106 93 18 74 102 4 49 7 8 127 5 32 43 142 112 44 104 149 45 72 54 134 97 91 135 11 141 47 12 65 137 85 16 31 19 136 30 21 61 14 129 130 39 2 79 90 73 111 15 131 
30 77 113 128 17 125 70 90 61 143 66 36 82 23 60 136 37 117 121 112 49 14 85 45 127 73 39 64 69 15 147 116 46 1 72 86 111 3 102 119 78 120 68 8 80 149 150 24 44 47 51 21 141 140 109 41 53 95 38 10 74 25 135 84 11 4 124 99 83 43 79 97 34 104 33 129 42 52 130 76 87 48 55 12 13 144 106 65 32 94 126 145 133 108 88 98 16 148 134 122 31 6 139 118 89 28 62 57 75 
16 52 60 118 135 137 65 73 113 121 143 21 48 105 74 90 23 17 6 109 136 75 57 99 44 83 24 93 12 49 149 103 64 13 37 9 7 104 66 97 29 108 34 117 140 116 76 106 91 138 22 87 95 36 25 32 147 110 72 127 84 92 2 126 45 68 31 59 124 112 77 146 43 70 86 111 102 10 42 122 148 4 145 144 46 61 81 134 63 27 5 26 40 58 39 94 89 1 98 56 15 50 125 30 123 54 139 114 107 41 
26 71 128 79 70 108 81 51 89 31 57 58 24 8 29 120 73 92 100 80 102 145 117 22 42 64 138 60 83 146 39 33 55 52 110 47 118 135 82 69 88 147 77 112 130 142 90 16 78 53 127 50 132 19 76 95 91 86 28 35 149 93 41 136 75 4 99 101 20 123 129 107 84 121 54 27 104 94 67 25 10 137 30 45 37 68 65 2 36 144 74 113 140 61 131 34 85 40 103 97 38 98 43 109 5 106 18 32 148 48 141 13 115 116 139 105 122 
29 95 37 61 101 2 27 147 97 48 85 67 71 14 145 141 131 17 132 136 126 80 22 89 3 104 46 107 78 65 98 137 24 1 106 55 87 13 34 16 9 44 51 66 4 100 32 64 7 142 130 8 83 41 57 31 81 30 146 43 39 121 127 115 26 92 15 119 49 125 52 73 68 33 143 56 23 103 113 40 120 5 47 69 38 91 74 86 72 96 11 140 122 28 133 18 150 45 149 111 118 148 58 75 105 53 139 129 109 90 110 94 135 62 77 
48 85 74 26 120 143 78 96 76 98 20 89 69 73 16 141 103 34 81 83 46 39 75 92 142 107 50 116 4 109 10 97 79 17 113 53 112 25 110 7 36 49 122 28 90 129 43 77 140 31 56 24 37 71 128 38 118 27 91 137 2 60 133 117 125 29 102 3 146 14 59 99 104 55 44 52 130 139 150 132 12 145 6 86 106 18 66 82 57 121 40 15 124 1 148 23 47 131 42 58 41 115 126 22 64 108 123 65 147 100 
17 126 114 78 3 67 97 8 96 48 141 16 139 66 128 22 123 13 89 110 55 1 45 124 35 69 109 63 7 84 44 4 68 49 24 150 134 53 28 52 86 137 71 149 73 98 57 146 11 70 112 74 56 104 33 50 119 140 117 87 81 21 91 143 76 32 65 5 136 145 37 127 93 138 92 36 122 40 142 31 132 80 88 14 113 41 148 115 83 43 131 6 59 47 77 111 42 15 102 94 118 100 116 101 120 64 62 54 29 58 133 147 95 99 25 85 
125 50 33 65 37 61 87 18 63 89 140 138 26 128 12 46 80 67 7 93 79 126 52 58 142 24 54 106 27 78 102 53 47 97 114 25 64 109 4 135 115 15 76 133 66 81 95 3 150 16 40 69 145 98 70 32 123 73 39 59 9 38 136 143 51 149 57 56 45 14 60 120 103 21 99 20 10 137 30 90 77 144 28 118 148 49 116 48 108 43 1 34 134 22 146 113 68 122 55 112 62 36 8 
7 117 52 6 64 136 73 96 59 43 21 57 146 82 141 20 13 84 30 104 90 108 45 135 122 15 69 113 93 55 145 109 22 118 83 70 115 37 111 19 80 75 3 41 4 44 16 2 100 85 32 46 121 91 120 125 49 110 81 17 132 112 147 105 71 63 149 5 97 10 56 137 18 35 131 54 123 142 36 114 126 67 74 40 65 148 133 140 42 98 12 144 29 23 77 87 61 119 11 139 72 89 150 103 47 34 25 95 
72 83 130 117 149 84 55 30 105 81 128 51 21 122 135 116 39 56 109 14 140 76 77 103 58 78 118 32 69 86 141 65 98 3 95 111 75 150 92 16 53 104 73 66 121 31 57 34 137 148 13 11 33 54 49 90 48 67 96 44 89 70 8 119 94 71 41 112 5 147 35 7 99 126 138 142 26 139 6 59 10 132 18 20 97 136 12 87 42 146 82 37 38 36 100 134 123 133 1 23 74 28 25 68 107 91 19 143 88 93 27 110 
88 140 113 66 7 97 75 74 3 61 148 103 80 19 4 106 33 12 100 49 44 55 145 65 115 63 70 124 90 42 39 127 34 99 14 114 52 73 22 104 13 92 59 107 37 87 133 110 117 119 83 53 132 9 89 128 8 111 109 10 116 93 50 131 36 11 20 146 48 25 141 126 15 85 38 18 29 136 47 139 108 21 71 91 17 122 31 98 123 54 24 78 26 79 149 84 27 105 1 102 130 112 5 6 147 58 35 69 125 86 67 43 
138 116 80 98 99 36 137 23 7 43 88 96 39 12 67 24 105 132 11 111 58 64 75 129 51 112 20 131 29 107 8 97 14 134 121 74 42 86 35 41 120 53 100 124 117 30 145 144 27 2 135 33 45 31 77 141 92 84 6 52 72 87 81 123 38 21 136 68 143 130 40 127 109 110 48 104 147 5 26 76 83 93 90 146 150 63 56 128 91 89 71 54 47 1 32 149 37 57 61 44 62 16 69 4 49 140 126 28 148 10 82 25 125 
44 99 73 78 109 43 97 127 39 64 134 69 115 143 40 79 2 123 91 94 132 55 140 33 113 48 16 10 96 49 104 4 53 5 101 114 102 146 145 130 42 52 144 6 62 124 13 87 1 34 9 38 116 11 26 148 108 133 93 29 80 75 84 41 121 82 137 138 98 85 92 83 103 24 126 14 77 86 122 66 135 45 71 72 128 67 25 61 106 21 63 19 129 105 74 3 36 131 147 139 70 141 54 47 100 90 142 46 89 125 15 56 110 
119 21 134 29 147 130 145 74 57 56 67 125 27 50 65 34 32 92 23 54 43 127 72 22 69 15 83 99 84 42 63 53 37 79 61 31 122 100 59 80 26 9 58 66 82 68 86 49 120 102 131 77 48 129 118 51 136 30 96 47 62 108 141 112 135 16 24 109 110 121 25 106 143 103 95 75 41 28 70 142 1 101 76 3 14 90 5 148 132 104 138 18 144 91 111 133 46 4 105 88 78 98 6 123 
106 28 140 100 45 91 46 137 56 109 104 96 78 122 150 29 55 113 149 2 62 23 53 126 138 142 102 25 146 30 26 72 131 1 119 136 97 73 128 82 139 110 83 54 105 95 133 70 39 121 77 51 59 89 27 94 9 143 49 147 114 90 64 145 112 98 14 35 144 134 71 16 76 63 117 75 81 69 79 13 123 88 74 108 22 99 38 86 116 52 32 115 103 120 33 124 6 17 80 21 129 66 41 85 92 65 15 3 11 148 43 37 125 
24 2 76 84 57 3 78 94 7 69 22 63 91 120 42 100 43 20 99 71 87 39 75 68 148 93 79 73 50 28 131 74 102 25 54 104 35 114 40 18 14 115 12 41 145 37 65 118 143 119 67 112 117 128 60 52 44 127 16 140 8 82 27 13 134 146 150 142 125 122 6 1 113 85 17 45 34 90 51 30 83 121 64 103 92 136 36 138 49 101 53 15 26 107 108 23 109 62 77 149 59 132 19 126 106 61 141 86 98 66 72 144 
36 35 67 89 90 77 32 44 16 53 87 20 138 11 63 26 2 93 51 40 49 148 37 125 139 1 141 52 41 113 24 19 38 124 134 12 118 46 66 31 84 55 13 149 64 61 83 76 33 131 56 72 45 109 8 79 43 116 69 112 5 106 146 104 74 114 107 42 136 130 95 58 29 25 92 128 68 97 105 9 121 137 21 100 60 108 62 94 75 65 123 28 103 27 10 4 96 54 34 126 122 78 135 81 39 57 102 50 14 127 111 117 73 144 80 85 86 150 47 
11 94 106 39 47 8 80 72 127 144 86 46 103 48 27 136 123 75 111 53 117 91 132 87 81 17 5 129 40 150 41 88 4 76 82 57 59 114 118 95 34 62 1 3 141 28 90 135 84 73 145 108 31 33 97 148 36 37 24 21 79 58 74 147 61 115 140 26 42 119 143 93 96 7 104 49 138 29 70 19 63 113 107 54 50 149 116 133 142 15 125 14 32 44 146 100 10 130 83 77 71 64 105 69 38 51 55 110 126 65 20 
44 117 7 86 55 30 72 147 135 9 104 114 76 108 48 99 141 49 142 140 11 27 69 115 19 130 53 125 94 67 134 85 23 95 123 127 50 66 136 18 122 79 105 5 39 71 137 131 56 17 57 12 73 54 98 60 3 93 33 146 32 121 10 149 47 148 112 96 46 133 58 51 61 89 62 106 36 13 120 29 116 1 70 63 102 25 22 65 28 78 101 80 43 128 8 16 75 35 68 82 21 113 109 45 84 144 110 64 132 87 107 
72 102 19 65 26 75 27 140 113 84 144 132 48 126 81 104 67 121 6 124 149 103 39 58 92 59 78 118 57 22 32 5 143 93 11 66 135 142 60 36 127 100 29 134 88 99 141 20 116 13 54 110 90 108 9 16 47 139 89 94 112 17 130 8 91 109 62 98 69 96 18 85 95 79 63 76 21 145 42 86 14 46 53 49 101 133 45 136 128 105 34 83 138 87 129 107 24 12 111 1 37 115 68 82 52 44 122 71 114 56 147 28 40 7 15 
41 37 144 143 48 97 31 78 15 112 73 142 50 128 89 62 22 8 116 74 27 107 38 3 47 69 103 11 134 131 63 114 110 149 65 9 95 122 88 61 104 85 136 18 16 130 54 43 81 96 20 113 17 99 33 132 93 137 138 94 126 139 148 32 146 70 124 141 39 13 28 56 120 129 1 2 98 79 72 68 121 140 145 119 135 34 29 57 19 58 5 30 4 25 10 67 71 125 66 133 23 51 75 84 64 40 52 36 92 21 127 109 
36 101 62 119 3 105 139 23 125 6 73 35 39 148 30 134 1 19 24 57 76 4 115 145 93 48 79 96 137 118 42 26 64 10 2 53 40 131 135 13 67 68 32 106 136 100 55 21 38 34 109 25 43 75 127 129 37 72 94 65 112 58 80 52 20 111 85 70 92 69 108 9 120 138 61 47 124 5 86 51 81 102 140 33 133 98 126 41 130 54 87 91 77 90 11 17 146 99 121 142 114 49 97 82 95 16 71 132 8 141 22 29 78 15 143 
147 65 51 143 39 31 144 52 7 81 126 128 11 87 122 34 3 29 99 50 38 22 61 104 137 47 91 68 130 57 95 19 139 129 72 97 120 102 106 54 62 70 36 35 55 89 58 45 56 133 46 111 24 101 93 76 150 32 108 26 20 23 116 9 94 121 135 75 146 148 13 90 4 64 77 96 21 124 43 138 66 44 149 88 49 123 30 5 83 103 117 40 136 15 1 59 142 140 53 105 85 119 42 37 17 74 109 141 79 71 25 6 10 131 78 98 114 12 127 125 145 63 
75 32 113 78 8 27 99 148 11 133 5 20 81 146 104 85 111 60 142 22 88 2 36 112 80 10 1 77 87 79 97 66 92 38 101 24 145 28 41 40 141 114 51 138 147 74 61 91 120 4 19 26 90 76 73 139 98 116 65 12 83 47 3 71 137 64 122 42 55 30 135 89 34 128 57 63 103 118 130 100 23 48 95 18 144 53 84 115 62 109 107 31 102 129 46 110 59 126 9 119 33 72 17 117 14 58 131 39 125 16 96 68 25 150 6 
61 99 133 56 71 3 15 108 14 137 80 40 149 50 37 86 144 47 2 105 64 82 109 53 148 100 128 43 1 121 54 8 113 46 70 42 85 21 26 126 101 92 93 136 124 77 112 140 41 127 119 107 111 28 33 9 73 7 114 95 87 125 145 142 97 135 79 35 110 91 83 19 58 32 134 131 60 34 74 4 5 55 13 118 27 94 102 63 120 10 49 141 29 117 67 139 24 129 146 104 106 52 17 48 62 123 143 20 6 130 69 103 150 72 
129 57 89 86 137 62 11 66 116 60 132 35 26 113 134 114 6 117 51 54 126 42 100 120 49 99 78 146 97 68 123 79 85 45 76 142 95 15 108 121 12 131 50 82 37 52 148 136 64 135 91 40 105 2 141 133 10 112 22 70 140 61 16 44 122 56 80 98 72 88 17 34 96 107 59 39 147 58 29 102 83 139 7 74 9 81 101 46 33 36 55 38 128 143 32 90 125 115 69 124 77 19 41 23 71 130 104 28 87 75 65 8 5 110 63 111 127 119 150 
100 19 27 7 23 77 31 61 76 38 66 45 36 119 134 83 30 35 63 123 113 91 88 96 58 115 5 60 37 42 8 109 92 70 105 52 128 24 140 125 41 64 111 142 126 15 4 131 20 120 129 1 39 146 130 54 51 14 29 114 87 103 94 137 124 98 107 62 33 6 147 150 13 133 108 106 57 55 44 121 82 93 43 56 78 46 104 75 12 85 49 2 28 148 22 26 141 132 136 145 138 117 17 110 79 97 10 9 25 67 
12 5 42 121 94 31 15 133 82 46 135 127 10 104 61 85 2 150 75 48 73 134 22 56 62 142 49 76 20 107 83 18 71 87 36 37 139 24 136 23 16 35 105 110 39 40 78 1 123 9 93 27 57 34 111 112 65 66 118 128 44 63 143 114 38 147 98 29 99 32 4 30 6 88 53 43 106 125 13 113 100 115 68 132 109 92 140 17 26 7 64 101 72 79 141 45 122 69 96 60 80 67 116 148 77 59 47 149 54 
79 11 81 83 104 44 36 42 39 143 77 57 46 127 130 71 25 76 26 28 111 13 102 31 8 148 140 89 21 63 10 37 92 105 125 108 120 139 15 121 112 5 41 106 75 116 70 59 124 27 99 62 66 90 101 48 45 14 40 16 58 6 68 118 145 117 109 119 9 56 103 30 115 138 80 94 135 100 122 142 126 134 84 35 19 7 64 3 51 38 53 149 93 123 23 60 47 54 129 147 4 1 78 91 33 131 61 18 146 87 29 22 128 55 
86 84 60 41 39 96 132 50 89 129 136 16 79 116 52 119 37 105 44 118 33 82 22 49 141 133 62 27 31 142 90 107 120 54 57 123 51 34 122 131 145 12 88 48 4 6 93 103 21 28 81 126 115 38 14 43 64 63 46 70 139 125 127 112 17 98 111 45 150 15 58 94 146 59 97 78 147 71 56 1 53 2 40 109 72 124 66 32 87 30 55 73 91 9 92 20 83 95 80 67 108 106 85 144 24 110 135 65 76 36 
133 132 113 43 93 5 116 25 73 86 108 85 76 9 16 138 146 35 1 50 56 90 61 21 126 134 13 141 97 31 51 114 99 47 26 24 115 57 58 137 2 105 34 129 40 144 54 135 109 78 111 17 119 60 80 131 3 41 42 52 120 15 74 8 102 28 83 110 67 125 149 22 96 106 72 66 11 128 63 32 82 122 7 68 107 142 103 101 49 44 95 4 27 94 59 64 48 88 145 12 136 127 33 100 69 71 29 14 23 112 130 84 143 18 75 6 140 
89 79 26 78 53 60 125 87 76 100 1 16 32 67 149 66 80 98 105 70 12 19 93 45 72 143 30 11 52 107 112 97 121 56 68 146 22 28 130 7 34 133 23 86 5 15 25 131 99 102 104 116 50 49 109 74 9 108 126 106 90 75 10 77 62 17 21 115 31 96 35 132 103 20 144 85 139 3 138 51 13 2 84 120 141 40 137 83 119 58 41 8 147 39 48 4 122 148 57 14 142 113 145 33 128 140 27 65 114 123 59 118 55 136 
1 10 48 31 132 54 99 9 5 27 40 51 107 115 49 53 63 75 35 146 16 133 28 65 17 15 45 84 89 61 125 20 101 73 11 18 34 94 41 92 81 82 128 43 58 135 64 77 131 50 91 105 13 42 123 111 148 74 141 29 112 72 80 32 121 149 57 56 90 46 96 44 70 129 117 124 113 120 145 69 23 85 2 114 119 47 98 71 4 122 22 66 118 33 78 103 39 110 147 138 150 52 109 26 7 87 
72 95 88 51 18 20 71 32 8 83 21 25 145 28 79 91 114 62 45 115 26 16 15 31 23 122 65 49 110 118 17 40 81 76 131 27 117 108 135 99 87 140 121 74 89 38 98 102 70 75 104 60 42 66 84 7 22 139 6 141 125 100 77 35 132 48 44 4 37 11 93 126 2 129 150 148 64 10 92 33 96 94 43 82 41 147 57 134 142 29 53 137 52 109 116 105 112 107 103 63 136 34 1 144 146 50 124 9 13 68 47 59 24 80 58 130 46 
103 12 113 31 130 143 115 18 94 8 72 29 140 147 150 145 107 65 60 101 79 132 68 88 1 146 38 10 63 37 70 53 41 100 11 92 58 66 90 71 95 114 21 134 39 118 85 91 99 110 124 54 5 126 135 52 28 117 106 26 22 142 112 82 27 9 104 2 111 62 74 43 45 119 137 59 35 23 133 67 36 136 44 57 93 17 105 83 56 25 109 87 125 98 96 141 84 73 34 139 33 30 69 14 13 78 122 120 48 123 76 129 
54 117 14 89 47 42 30 131 55 5 80 133 18 127 62 22 134 74 141 34 101 82 61 67 93 97 23 76 38 130 63 21 35 78 106 108 113 137 123 83 103 64 115 2 20 100 112 85 43 44 65 3 118 95 84 138 94 126 68 50 148 136 4 132 36 90 110 29 79 139 124 122 17 37 70 10 45 86 98 8 128 46 40 77 12 92 149 135 145 27 143 31 102 32 121 59 129 15 60 49 140 109 39 7 69 87 144 116 66 142 9 114 96 119 146 51 104 19 6 11 56 26 72 
9 39 18 84 8 4 123 135 139 150 149 80 34 82 141 81 41 108 19 55 67 88 133 59 77 62 78 94 17 49 22 109 66 11 57 75 54 140 104 50 107 76 36 128 115 122 3 23 97 44 73 85 70 87 47 148 90 2 124 91 12 110 16 137 116 120 43 111 101 15 118 29 48 7 14 32 28 79 113 52 146 127 30 45 142 134 5 95 27 93 96 31 130 74 33 64 132 125 21 143 112 103 38 53 71 117 68 86 25 51 126 
72 121 80 62 41 54 83 6 14 95 107 93 20 143 13 76 131 8 63 102 51 85 10 141 32 78 134 77 123 92 69 42 68 17 130 9 148 100 81 61 60 105 144 39 128 104 65 140 28 117 132 73 24 99 120 55 146 52 79 97 18 12 89 70 126 86 53 33 49 147 19 36 40 118 127 82 22 113 30 129 111 124 5 57 137 1 75 27 56 26 98 145 11 139 122 74 138 84 94 21 16 101 96 149 38 91 108 64 58 90 46 112 114 35 7 136 142 4 
86 59 116 63 148 109 124 74 45 39 145 66 67 31 28 91 42 12 120 54 21 135 55 69 49 70 100 85 4 73 132 102 95 8 114 79 118 99 60 18 126 24 34 14 121 133 82 93 76 40 10 119 90 87 112 129 16 7 47 61 141 15 136 25 150 51 103 5 92 57 62 115 113 36 11 94 64 17 134 107 106 80 125 32 108 58 143 101 22 105 38 56 48 128 35 131 127 2 146 83 110 97 6 78 23 41 33 77 
66 25 63 91 119 12 97 69 92 118 100 33 133 146 77 74 67 24 41 86 7 143 108 49 73 40 32 85 76 51 83 81 14 44 87 114 68 102 61 3 57 72 94 20 42 6 141 101 80 111 103 1 112 18 22 126 17 13 129 144 107 38 130 5 106 8 62 34 116 10 65 110 120 88 138 145 148 137 28 123 113 104 71 37 53 89 70 21 132 136 93 105 140 134 149 98 56 82 39 54 139 78 59 79 35 131 127 135 31 50 84 117 9 
105 147 32 112 30 68 107 135 98 39 133 106 67 31 81 49 7 84 141 94 23 108 47 38 114 88 29 134 124 70 28 65 48 102 101 111 115 63 18 119 57 90 130 74 148 58 75 76 140 52 55 22 53 51 138 85 79 149 97 34 24 117 120 93 139 33 54 116 66 82 3 87 62 143 145 10 142 131 132 14 89 91 41 144 71 13 73 72 59 110 78 136 128 20 64 126 25 103 11 137 19 92 113 43 8 109 35 
28 25 19 111 27 17 141 30 23 80 143 88 96 98 134 14 2 101 46 16 106 97 41 102 107 59 75 149 65 142 138 61 105 74 84 85 4 6 48 150 50 76 1 135 126 100 38 122 53 103 54 117 34 18 67 114 39 99 11 62 49 89 128 5 139 95 73 71 127 12 64 115 9 60 146 109 7 90 130 10 55 56 81 72 36 29 13 118 137 77 33 87 94 44 51 132 147 120 42 113 78 82 24 119 22 91 69 110 26 
52 127 93 106 85 119 118 50 86 53 25 67 42 125 18 128 60 150 26 115 90 33 24 59 140 142 17 121 122 89 64 37 91 57 12 47 61 10 123 95 44 3 131 54 27 143 98 135 129 62 9 56 65 30 107 69 34 76 15 71 126 83 7 145 4 74 13 75 109 46 97 111 5 19 138 103 124 68 8 120 133 114 72 36 55 16 134 29 102 88 70 39 84 99 58 38 141 51 110 149 80 11 35 23 40 139 112 137 132 
44 63 30 130 61 46 121 32 133 85 3 116 109 95 90 137 53 60 81 68 72 75 139 128 107 11 37 35 10 146 41 138 71 47 87 144 129 33 57 54 93 19 16 94 131 27 8 17 86 23 1 149 136 56 76 143 134 31 22 91 13 88 64 97 150 38 108 115 83 12 148 70 4 99 111 123 36 142 45 100 7 140 50 6 141 96 119 101 80 124 25 39 132 92 51 135 122 21 120 20 42 106 117 102 28 18 114 82 58 104 84 112 125 2 43 52 14 78 69 67 24 105 15 
49 1 41 52 21 96 149 9 126 42 103 111 37 128 133 61 138 115 123 74 87 8 84 51 86 147 6 38 140 82 22 3 4 39 30 141 72 134 66 148 83 59 94 100 101 97 131 73 19 23 26 67 112 139 56 48 79 35 135 13 24 137 36 45 116 136 53 144 54 70 93 5 11 88 2 122 78 121 76 142 60 125 109 63 127 31 89 105 90 92 81 65 110 12 64 71 117 47 16 129 28 132 114 106 145 
136 76 84 100 66 131 54 60 74 73 125 42 92 127 147 128 31 118 24 112 57 85 46 15 102 45 149 28 146 111 27 95 67 145 23 116 34 70 122 68 35 44 94 61 21 19 26 58 10 59 114 69 36 80 108 88 106 48 115 7 55 41 50 37 141 119 9 49 20 71 82 138 89 39 29 52 126 150 120 2 65 53 81 103 107 98 143 110 93 62 22 64 144 47 38 132 17 86 96 32 5 75 77 72 101 90 43 13 
38 4 129 82 86 117 60 85 39 127 103 133 139 93 124 12 26 106 77 48 119 2 43 89 130 18 36 73 13 55 67 68 102 121 28 10 25 9 75 105 91 95 71 98 80 11 5 51 72 35 79 135 20 83 59 147 57 78 122 1 90 97 16 148 49 150 132 22 70 14 30 112 7 58 76 109 69 107 66 31 50 138 146 111 54 108 131 46 62 56 149 37 118 32 40 125 61 84 42 110 140 8 17 27 126 3 21 88 92 123 65 114 
113 131 16 78 84 109 97 47 111 135 75 71 3 34 115 48 21 46 117 11 74 66 1 63 140 9 73 122 105 37 38 133 114 93 10 92 129 30 80 70 33 54 94 50 17 43 60 106 112 121 57 134 108 143 68 123 28 6 49 85 116 101 138 39 141 88 13 65 15 96 125 64 7 104 20 40 55 25 103 42 29 107 24 12 83 79 87 90 45 56 144 146 62 100 119 35 149 127 22 91 18 128 58 27 67 51 102 86 76 19 148 124 23 
150 30 65 8 147 48 108 73 129 13 139 143 17 74 126 112 67 144 61 36 44 18 34 138 119 59 96 55 58 47 24 69 98 130 132 134 35 133 109 80 6 22 63 23 9 135 128 16 137 28 31 53 122 76 113 64 86 78 117 116 92 72 38 46 26 99 90 77 62 101 52 2 145 107 124 131 4 51 21 5 14 114 97 83 70 50 71 41 68 79 43 115 104 40 81 103 15 87 120 12 45 20 19 102 33 148 32 56 110 25 146 121 42 127 105 100 91 27 49 125 
1 31 104 148 124 37 118 74 131 107 6 54 5 80 69 29 22 32 95 119 85 81 134 35 23 24 91 87 66 90 144 102 70 114 115 67 71 20 150 48 77 89 133 78 72 53 98 56 62 75 2 96 86 4 93 13 12 125 11 34 130 51 138 52 7 14 117 110 94 83 30 142 64 18 28 82 41 108 123 126 43 103 127 136 146 97 128 101 109 3 57 44 105 65 147 9 46 27 92 15 129 42 132 140 137 73 122 47 10 16 76 116 
127 24 13 146 32 105 4 40 86 135 44 94 142 77 145 41 64 118 36 14 81 150 60 5 10 67 128 143 129 87 112 62 33 106 15 89 104 59 8 93 141 37 48 119 69 22 18 19 132 61 117 47 88 2 134 73 122 123 54 12 20 26 148 28 34 57 136 130 58 120 99 140 1 17 25 65 31 85 83 43 45 38 68 63 55 96 111 95 3 133 52 149 30 35 110 78 49 98 125 102 50 138 97 72 6 107 11 74 53 113 
110 99 111 81 138 106 73 67 36 117 112 118 70 1 74 145 29 72 43 21 22 139 91 105 132 27 122 12 2 39 28 115 95 40 15 146 63 82 33 17 65 140 26 147 86 104 13 68 3 148 85 45 127 32 44 31 103 55 8 88 53 9 125 25 5 80 38 6 48 19 46 84 113 123 64 71 11 35 77 109 78 14 93 34 56 58 134 60 7 37 135 75 97 51 24 143 52 10 114 149 102 94 69 124 126 142 42 108 4 49 129 23 130 83 
61 93 6 68 60 142 137 132 140 98 13 56 87 110 25 30 97 35 65 80 91 70 63 1 24 82 129 48 10 2 145 40 22 15 64 23 128 96 54 29 120 67 39 3 102 57 114 59 37 99 44 122 73 94 117 81 36 28 101 32 11 105 51 85 66 83 112 139 143 106 34 147 46 125 113 43 121 16 109 26 8 52 123 38 4 53 72 138 89 136 86 17 5 130 127 9 27 133 149 77 135 108 92 19 90 111 124 116 69 49 118 79 103 31 107 146 74 104 12 
13 100 77 93 132 129 14 33 45 70 11 104 94 23 87 63 8 143 130 50 58 75 39 105 84 31 4 12 52 89 128 76 90 139 101 1 99 56 91 146 19 5 127 150 65 106 103 48 109 67 28 21 25 20 102 34 86 88 92 16 145 123 140 46 71 79 37 40 112 44 114 2 42 41 149 82 119 148 29 125 72 83 51 136 54 36 147 95 62 61 73 124 137 47 122 35 69 15 
113 148 24 97 44 33 1 48 93 150 139 22 108 43 102 79 124 78 98 116 81 135 40 53 114 73 121 70 47 107 34 57 63 100 101 76 74 126 62 36 29 112 123 129 11 4 58 122 7 96 2 31 133 71 35 90 117 142 77 131 120 87 137 5 72 125 9 32 52 109 75 6 149 13 145 51 67 8 49 138 91 37 69 39 132 128 141 56 84 144 127 110 61 25 143 95 136 83 118 115 68 50 80 41 85 86 30 21 
75 89 17 111 84 120 10 52 136 100 23 67 65 93 98 107 134 112 106 82 142 118 59 2 34 43 38 99 90 117 63 48 18 21 69 16 70 139 72 54 60 6 135 101 3 140 41 50 131 148 126 97 71 24 128 47 36 26 121 78 92 64 110 29 51 9 105 123 132 76 28 58 114 138 115 56 122 85 147 4 22 14 31 130 44 30 96 7 119 125 27 133 19 124 104 49 91 137 77 127 32 109 103 144 86 13 45 88 94 113 33 141 87 73 83 149 8 145 
60 98 42 23 101 33 71 73 20 21 69 45 55 32 47 95 48 53 114 93 44 75 127 134 27 133 86 117 88 116 7 35 37 68 40 103 107 109 115 76 41 56 4 143 87 141 34 128 52 22 81 106 80 29 102 10 111 119 105 18 19 147 77 72 67 142 132 59 2 1 17 46 66 25 3 120 13 12 96 139 135 145 82 54 148 144 24 138 30 39 31 70 51 28 131 43 136 65 84 130 118 26 90 113 
25 88 22 12 53 110 33 2 38 8 112 61 137 98 69 138 72 133 108 128 94 95 134 29 121 68 104 103 45 99 147 115 117 3 124 106 76 101 120 79 4 140 116 31 65 17 123 30 26 149 44 19 81 93 90 105 57 16 35 113 129 102 39 131 122 91 14 82 40 50 49 109 132 150 100 75 18 20 77 142 28 13 23 1 73 126 32 56 67 36 24 58 78 80 143 41 60 46 135 21 59 34 145 97 71 43 54 84 74 
27 130 94 38 28 122 89 76 128 129 14 20 125 80 47 22 86 139 77 146 66 137 57 35 17 106 88 108 2 119 34 85 97 134 135 90 31 140 32 30 71 136 51 127 138 3 143 24 54 73 124 48 98 142 26 131 41 58 110 39 148 1 67 93 53 18 55 43 44 72 109 49 116 91 103 50 101 4 12 36 74 132 10 61 114 79 78 5 23 8 21 82 46 115 56 112 99 9 83 111 11 92 133 118 7 42 13 144 29 117 120 65 33 147 
53 120 1 70 139 8 28 99 4 29 132 147 76 148 85 55 58 50 10 145 27 97 47 5 104 56 98 127 35 62 140 33 111 116 89 90 115 84 63 66 37 54 11 38 14 31 108 45 71 74 9 3 20 114 16 87 105 110 118 103 91 12 15 22 86 7 75 23 40 77 83 52 25 6 133 135 39 61 117 144 95 109 146 136 41 129 46 125 69 67 26 43 134 21 149 13 113 19 100 57 121 2 126 64 48 131 106 68 51 137 79 82 96 80 93 73 24 81 94 143 59 
65 85 20 15 31 83 4 37 126 114 138 76 119 19 88 93 87 38 25 125 79 7 44 36 1 29 101 45 132 140 3 136 124 97 133 69 11 22 70 28 64 116 8 32 53 144 131 35 137 40 84 122 150 33 86 24 92 42 141 16 78 120 75 146 18 81 34 6 39 115 130 26 41 102 127 149 10 123 94 12 68 113 50 73 106 13 71 51 147 139 55 129 46 117 62 118 58 145 121 109 52 21 
65 127 79 68 27 62 84 6 110 138 103 88 97 117 141 47 17 147 63 1 92 143 12 46 44 32 89 49 123 72 57 16 55 24 94 116 124 119 113 107 5 36 87 83 129 109 54 58 125 102 2 111 21 15 52 9 81 82 59 106 13 139 51 3 137 142 37 48 78 45 56 41 61 18 120 86 121 4 74 99 19 98 114 42 80 90 33 122 108 10 26 69 64 126 149 40 96 70 118 150 50 25 93 60 131 53 85 22 35 30 77 105 73 145 134 14 
42 82 109 62 2 4 54 118 33 97 36 46 94 85 45 3 99 137 77 22 134 115 58 78 143 113 26 144 139 90 12 148 88 107 105 5 29 66 81 40 25 149 13 126 53 150 95 57 72 67 74 8 79 141 140 15 9 76 52 147 100 83 7 145 135 10 49 6 130 89 39 129 132 108 51 142 112 122 27 71 98 116 65 133 120 56 70 37 146 127 60 41 17 19 63 75 106 31 34 48 93 43 24 104 28 21 119 128 131 
140 60 47 33 127 83 73 148 143 25 20 90 94 17 10 6 93 86 49 149 126 18 129 51 4 43 121 3 112 31 12 75 5 63 13 141 38 137 101 22 89 87 117 61 16 58 54 97 76 81 103 14 56 115 113 138 66 23 134 11 150 24 67 130 132 71 74 98 118 9 139 55 65 124 80 120 1 57 15 19 41 104 88 40 131 135 36 26 107 27 147 85 82 48 21 30 59 96 105 45 44 133 119 108 7 116 52 2 62 72 91 
16 9 43 88 58 78 89 39 101 86 91 46 4 18 72 144 20 26 139 14 130 38 128 6 5 74 71 108 76 13 142 54 2 148 52 35 81 57 8 120 110 55 51 84 145 68 100 50 149 41 49 61 23 87 127 53 132 143 104 79 80 107 82 24 65 31 147 114 28 126 30 115 27 83 48 12 141 95 135 19 119 60 137 40 32 105 44 94 99 113 62 124 116 131 7 111 66 67 37 129 98 45 15 42 77 133 93 146 97 59 34 3 
133 94 109 53 80 88 52 148 10 48 24 61 21 84 47 93 51 6 82 54 31 134 29 11 9 79 70 45 149 12 124 91 145 114 57 36 98 125 104 128 23 5 121 69 33 14 136 42 102 3 18 27 20 16 15 68 81 140 129 146 95 65 28 40 2 106 62 87 30 60 92 50 150 142 17 55 139 85 116 39 119 138 76 127 101 49 77 86 110 35 34 64 107 132 75 113 143 122 108 117 38 131 137 66 72 1 63 26 46 78 74 59 25 
84 143 90 60 68 46 118 4 39 125 92 123 124 57 75 80 48 17 128 10 61 89 120 102 70 104 111 49 59 114 6 69 150 54 64 94 129 138 43 36 63 56 31 52 105 96 137 83 62 28 73 35 135 81 67 14 40 55 78 122 115 58 145 107 20 24 74 130 29 22 27 91 71 33 8 133 77 45 149 87 100 140 117 15 18 141 30 41 109 86 19 47 147 119 103 26 95 134 25 38 23 101 51 144 3 136 148 7 50 131 88 5 121 79 37 93 21 82 1 76 98 
76 3 90 148 23 65 26 118 95 94 146 98 124 35 46 36 67 117 87 22 33 29 4 82 63 15 47 59 77 11 109 135 64 141 54 69 85 91 79 103 149 126 53 110 18 99 147 14 97 129 6 134 75 60 38 52 81 80 143 142 121 107 43 62 20 89 131 144 24 16 137 13 120 136 55 138 140 104 45 128 132 27 78 105 57 123 133 5 8 51 58 30 61 12 40 50 10 42 56 127 108 116 44 125 101 83 72 113 21 66 7 93 122 9 
113 147 99 26 146 44 4 107 60 38 29 89 141 78 110 97 55 15 64 46 95 20 72 2 19 65 100 6 103 120 87 128 140 8 129 98 119 45 136 9 57 93 145 28 18 16 142 138 118 101 104 7 58 50 63 56 126 48 14 108 31 91 92 115 75 94 42 68 23 124 137 150 111 10 21 109 47 12 53 130 39 102 135 71 67 17 125 41 96 69 144 22 36 133 81 85 30 112 37 1 11 51 148 43 86 116 54 132 106 131 70 3 40 90 
36 69 146 71 86 52 107 68 7 132 6 11 87 110 48 32 108 46 73 39 22 119 63 103 10 62 14 104 47 80 98 55 115 111 89 43 122 49 99 90 74 117 8 144 9 114 60 138 141 116 121 15 147 123 34 100 95 61 5 139 102 25 88 29 135 131 59 31 33 19 27 26 91 145 92 133 28 125 23 124 93 42 112 53 77 101 79 148 84 57 85 83 72 17 37 24 136 2 18 20 143 149 21 65 81 106 51 105 130 66 140 94 38 76 16 120 
133 33 89 112 142 146 121 85 147 136 128 31 90 8 20 2 63 150 61 78 145 4 51 37 73 119 148 124 132 122 134 82 46 7 45 99 101 5 42 116 15 27 44 97 3 149 66 9 72 39 107 129 23 22 52 125 17 79 34 83 69 59 55 41 48 65 29 21 62 84 49 141 137 40 47 75 32 36 131 68 102 43 100 54 13 139 110 53 25 138 35 105 94 144 71 114 117 123 19 11 93 70 24 81 80 12 77 64 28 50 60 91 
144 9 96 39 108 123 118 18 115 54 55 19 104 111 30 45 87 42 143 73 103 3 97 27 22 23 58 71 138 129 61 51 10 57 15 64 127 32 91 94 14 121 128 132 59 11 1 105 68 75 107 119 85 12 70 28 21 117 88 116 5 34 139 134 72 47 100 38 76 120 31 86 29 67 89 2 80 43 56 98 133 17 79 7 33 52 37 126 102 63 148 101 106 99 62 13 20 124 41 82 142 95 149 8 135 60 65 112 44 109 
26 91 1 43 76 31 107 93 99 52 133 29 103 5 2 19 37 124 33 16 3 80 101 88 108 67 36 71 44 104 141 13 32 147 10 55 138 40 61 145 74 6 119 136 68 100 21 106 135 9 112 121 143 35 116 84 4 73 123 132 46 63 130 128 111 47 24 98 20 118 137 25 27 54 22 139 83 64 81 34 53 56 122 42 70 82 105 95 66 72 125 12 109 57 7 85 110 142 90 45 97 28 18 87 38 127 126 150 50 15 117 96 11 49 41 148 114 146 60 
24 5 138 134 22 131 91 122 43 116 20 87 59 125 83 126 21 4 101 120 76 110 60 100 53 98 26 37 97 92 65 118 105 77 34 146 9 63 114 124 46 130 94 23 72 28 109 54 143 148 82 73 29 40 45 107 70 75 102 64 81 67 30 150 25 111 132 19 88 86 108 31 106 149 13 71 66 144 39 27 133 85 18 50 35 90 142 136 16 135 2 42 117 33 128 44 7 119 68 137 113 58 41 115 147 121 11 129 6 95 93 32 89 52 
34 114 65 145 99 146 48 89 31 13 112 121 22 54 92 120 10 18 102 42 35 63 116 71 27 103 41 6 64 70 109 16 150 58 24 78 1 82 148 53 7 9 67 94 95 57 91 60 104 136 37 125 107 45 97 111 84 134 49 17 19 90 96 5 127 47 133 130 33 105 73 39 88 131 115 86 76 30 55 123 119 122 4 85 3 141 106 44 124 36 75 77 87 38 23 20 69 12 43 51 52 129 14 147 29 72 62 93 
134 45 93 86 150 78 109 39 25 46 83 66 50 17 85 27 87 13 115 47 98 143 137 130 119 54 139 65 3 145 97 102 31 122 67 107 103 29 10 49 105 95 35 9 70 99 128 132 2 4 55 69 106 5 82 58 100 14 22 94 135 113 15 133 73 57 8 121 104 120 34 68 146 141 75 60 51 28 56 43 38 129 74 63 124 96 117 131 26 116 90 118 20 62 126 76 71 111 123 11 12 72 23 42 79 
128 146 144 69 127 4 96 94 108 83 77 76 119 17 142 101 136 20 21 98 113 58 132 79 138 131 143 78 35 59 92 65 15 70 39 25 23 88 40 107 9 64 141 67 2 49 137 71 89 45 63 120 11 57 133 62 103 73 93 30 100 41 14 32 117 150 55 121 99 145 33 5 61 124 123 50 24 68 85 90 147 38 7 43 72 130 46 122 129 27 31 18 80 134 52 19 44 47 36 51 95 1 86 42 3 81 84 
2 110 23 1 142 81 18 22 108 70 84 120 140 76 9 41 55 7 57 105 104 11 92 28 82 35 54 52 118 31 45 40 103 130 75 125 56 61 17 91 98 37 58 148 79 85 15 49 68 36 111 114 109 39 50 145 59 116 123 20 147 72 90 64 19 97 86 135 48 149 5 34 4 138 144 53 119 139 150 143 8 95 66 25 32 113 133 100 29 14 67 129 16 10 126 33 60 101 99 6 137 73 3 43 78 12 106 44 65 69 122 21 115 30 121 87 
63 103 41 34 37 147 19 59 36 78 8 130 125 94 50 15 38 106 135 80 75 18 101 16 107 133 124 22 131 149 26 119 1 43 23 3 62 6 110 140 21 98 95 24 93 76 118 88 72 111 45 51 86 141 9 39 40 35 46 132 92 57 108 7 120 138 82 136 67 71 60 143 89 25 49 83 99 85 52 97 90 65 53 134 17 48 2 129 126 137 114 116 117 123 29 144 104 70 150 122 4 12 47 96 87 115 66 91 61 42 14 102 
110 47 83 65 27 76 58 38 98 149 106 60 93 103 99 119 21 82 128 146 16 105 77 101 33 79 81 5 32 148 57 55 26 112 41 64 6 124 144 52 115 74 145 142 36 109 114 48 35 4 31 104 116 122 46 96 43 20 138 80 40 51 78 141 123 75 71 84 29 56 131 121 11 24 117 1 66 127 61 14 147 118 135 130 126 120 42 53 129 69 7 111 28 22 86 12 25 150 49 9 113 107 91 18 67 100 30 134 136 132 37 90 125 92 45 73 10 89 68 88 140 44 
132 95 41 55 58 127 147 22 10 59 45 36 79 87 69 149 24 118 5 102 67 3 15 105 43 98 75 30 48 50 112 70 62 21 16 72 124 96 77 11 134 144 108 9 90 37 52 146 89 139 6 109 54 80 8 113 143 31 4 65 93 44 107 97 64 123 114 84 25 27 19 57 110 115 2 12 137 83 142 140 18 74 150 122 20 119 120 106 42 60 7 23 17 49 66 128 56 71 99 35 82 85 61 145 81 53 91 51 121 125 
49 130 25 138 113 77 28 74 134 133 148 67 121 39 65 33 149 12 91 86 61 47 90 92 8 69 98 10 137 15 135 66 71 129 123 122 84 50 44 60 4 81 31 16 100 5 112 114 101 21 78 75 102 17 2 56 97 124 79 38 150 120 131 99 94 142 46 128 115 105 143 13 88 141 27 140 24 110 30 136 62 34 6 73 104 83 96 147 72 145 40 117 58 55 80 109 53 95 18 3 70 107 93 29 32 59 23 103 42 22 45 54 14 7 125 37 41 35 
12 4 78 111 68 113 20 90 51 131 123 42 49 31 106 125 62 45 108 1 139 16 135 5 84 114 94 129 100 134 119 61 136 85 126 104 7 69 64 120 19 79 107 149 66 137 91 57 15 82 132 102 35 148 115 72 29 17 23 118 3 6 105 80 141 150 36 56 89 117 28 87 46 95 39 40 75 92 116 48 146 110 70 25 50 97 145 77 53 98 9 71 138 33 67 112 52 26 2 59 63 32 47 
147 114 127 132 24 136 117 58 47 129 98 137 123 122 15 113 39 77 115 143 74 80 48 130 95 5 109 119 28 76 12 52 25 128 41 84 26 85 10 108 135 73 14 67 37 104 59 133 45 112 35 149 8 16 121 134 69 38 141 144 118 9 20 55 29 93 79 126 70 46 2 7 31 34 88 68 64 11 125 145 99 142 96 82 91 120 22 65 86 111 17 4 61 43 56 13 18 51 50 116 148 72 75 
84 17 106 138 44 25 76 112 122 83 133 18 123 109 115 101 81 75 20 146 72 46 36 129 119 14 42 120 93 82 15 13 58 87 132 149 49 7 43 98 139 78 47 65 48 103 29 54 28 62 4 55 128 52 110 147 118 91 37 21 134 19 9 73 125 67 61 111 68 3 63 104 79 105 96 59 23 85 38 51 16 2 22 143 6 102 88 114 131 117 80 145 53 99 107 31 97 40 141 1 64 8 11 121 95 150 34 50 142 126 135 41 60 69 74 92 10 108 86 100 27 35 
144 116 112 61 133 75 44 103 23 19 141 1 149 58 14 54 76 135 80 72 120 55 59 106 87 117 147 21 115 148 140 11 90 57 32 101 84 78 79 143 31 45 126 105 20 64 18 134 17 86 29 125 12 124 63 10 38 2 94 48 88 85 137 9 5 150 73 39 6 99 60 146 132 8 49 46 28 16 65 43 71 121 25 42 70 98 130 128 123 89 15 92 139 52 30 53 104 100 93 40 107 122 34 35 83 74 77 108 27 69 47 
49 45 74 91 114 3 34 41 25 29 121 10 11 55 19 101 9 128 120 88 93 54 118 58 142 83 46 32 44 136 38 126 33 50 123 131 59 147 90 145 102 95 39 53 103 107 1 138 122 80 85 133 117 82 40 119 18 99 6 8 17 143 94 104 51 150 75 139 43 61 12 137 30 79 15 2 96 100 135 144 132 52 22 116 124 67 127 105 26 84 140 87 112 21 64 125 20 35 71 27 108 72 149 66 4 16 130 
17 50 109 42 111 27 56 2 36 91 99 35 51 121 134 115 110 89 142 128 45 141 113 136 86 102 130 138 40 63 14 82 117 76 33 135 57 148 126 64 15 149 107 101 119 52 87 12 108 65 32 120 41 116 8 75 90 78 18 59 58 24 25 39 81 9 22 146 118 150 21 26 72 95 125 60 37 103 70 48 53 6 66 147 49 85 55 137 80 43 69 28 61 131 79 34 4 68 144 73 62 23 92 5 145 106 132 13 67 122 104 44 127 71 16 84 46 105 140 114 30 74 97 129 
63 82 6 95 116 101 35 117 140 72 15 123 28 7 22 92 10 1 30 68 64 43 124 114 3 47 118 56 39 145 84 131 69 66 146 58 128 99 9 103 41 132 113 135 49 50 44 142 21 133 129 12 141 18 33 74 38 46 136 42 76 104 130 119 36 138 127 125 96 59 32 23 143 120 53 108 81 122 27 24 102 149 57 79 121 65 75 77 20 2 55 100 61 112 40 134 45 80 70 8 71 137 88 73 105 26 34 87 4 115 91 106 67 110 51 25 
19 113 47 77 149 106 87 39 150 126 22 108 110 90 121 92 82 5 48 13 105 147 74 62 120 59 84 131 12 93 51 73 14 88 75 100 15 102 44 103 146 43 9 71 24 80 68 56 135 79 23 41 52 20 4 10 124 136 55 86 25 128 49 57 139 94 127 98 119 138 140 89 28 96 104 8 81 42 118 83 101 7 114 65 137 30 132 78 122 72 40 117 107 60 35 26 31 125 115 2 109 63 3 29 145 97 130 116 143 36 27 70 
94 81 25 50 27 89 140 99 17 62 22 33 95 130 14 65 86 43 104 107 120 98 47 19 150 29 78 51 85 146 102 110 97 4 87 3 106 40 38 35 143 116 11 31 41 24 49 115 20 32 114 53 39 113 37 92 12 56 74 149 111 58 23 135 119 144 128 133 108 5 123 100 139 61 131 141 55 10 121 36 82 67 80 118 18 15 101 69 28 112 117 60 72 137 148 54 77 84 26 42 145 127 134 90 124 105 
83 45 76 70 81 120 12 27 60 15 104 134 106 44 46 41 86 93 18 42 10 1 90 48 99 26 96 31 32 125 20 23 95 121 35 124 16 22 114 8 55 7 133 111 57 137 5 122 144 142 30 13 17 52 58 100 80 110 109 98 146 149 36 78 107 132 143 29 115 6 74 68 138 84 112 61 101 2 4 69 150 135 79 105 65 54 43 53 11 136 56 50 49 127 140 123 131 148 67 28 66 64 47 37 73 87 63 9 113 14 77 88 130 116 126 
24 63 71 79 65 48 15 4 112 90 51 37 128 106 58 150 102 2 96 110 12 137 29 143 114 31 130 47 148 95 27 129 144 28 88 104 11 75 64 32 68 87 67 61 70 107 41 127 19 18 26 39 81 125 108 14 8 45 25 91 118 115 1 82 54 134 109 69 133 138 52 62 77 78 72 7 40 74 16 140 10 136 113 89 126 101 145 97 17 86 73 33 83 60 135 99 13 121 46 9 43 146 56 85 139 35 116 55 120 21 20 147 84 38 5 
56 70 136 138 1 86 76 65 39 49 19 98 101 20 54 89 38 25 144 12 18 100 61 7 78 132 67 68 85 34 140 110 33 8 148 81 26 150 63 24 128 80 16 121 107 146 44 47 129 36 58 94 93 75 106 64 103 141 6 9 77 30 29 11 87 135 2 143 84 28 27 115 37 15 118 147 57 149 5 125 92 91 31 126 114 102 96 97 134 113 127 105 90 82 131 116 145 40 17 48 21 108 74 3 142 13 123 104 4 83 59 73 122 43 
108 107 99 51 82 144 138 88 23 121 109 2 68 47 34 85 43 70 134 54 6 117 27 60 30 143 61 96 140 32 110 78 18 131 41 114 135 90 37 105 83 139 29 120 75 59 91 118 44 53 128 92 126 94 21 149 123 122 119 10 20 95 4 19 39 49 81 106 141 87 45 115 63 9 12 136 124 116 137 65 25 74 33 22 72 130 16 127 17 133 97 31 36 79 77 11 145 76 146 132 129 142 14 40 15 101 50 
41 113 74 49 99 1 36 64 3 131 12 10 72 77 118 59 76 47 106 45 109 141 149 73 60 142 122 107 91 75 62 58 85 114 146 125 66 42 119 18 27 28 140 55 116 87 148 84 110 46 78 33 95 6 40 97 21 25 38 92 63 102 145 98 19 93 136 51 9 29 127 124 104 123 34 50 133 117 5 71 30 43 100 128 112 90 24 150 139 83 132 61 96 70 138 79 94 31 82 69 120 111 53 54 44 
120 130 101 107 128 90 24 139 147 93 106 66 11 140 80 75 3 125 39 133 113 77 129 27 37 62 121 59 20 29 76 92 86 118 46 57 142 51 16 123 47 145 48 117 56 19 58 28 81 138 67 18 1 112 12 53 111 71 150 104 63 34 110 84 9 98 87 141 105 21 41 103 94 13 109 31 116 44 137 74 8 126 143 132 6 135 95 52 36 2 136 99 60 72 7 30 45 55 96 54 4 146 88 25 43 49 79 22 
47 8 135 30 3 32 148 84 95 35 122 111 41 120 65 63 40 139 21 92 87 13 38 93 81 80 67 146 57 25 105 23 77 42 48 18 22 14 107 45 83 143 110 117 5 26 6 29 134 127 124 73 10 102 140 121 28 138 9 94 69 116 99 90 1 108 62 147 78 131 58 15 119 34 141 44 51 64 149 16 123 59 136 11 130 46 106 52 82 19 137 54 36 72 2 20 55 132 115 53 145 75 118 74 150 50 39 85 91 37 61 
32 23 25 30 54 17 87 146 24 56 31 63 1 41 149 61 68 70 133 107 73 57 128 99 88 141 118 135 106 129 53 81 80 108 124 96 144 19 45 2 49 92 102 3 114 12 83 75 16 142 42 58 89 130 18 8 20 95 11 116 77 93 110 7 6 14 115 78 71 72 59 122 4 85 84 98 10 22 97 15 43 134 117 91 90 39 34 101 21 119 148 112 137 111 55 131 94 74 69 5 132 125 33 147 140 120 28 139 26 9 37 65 126 145 29 40 
137 30 44 27 143 52 53 92 68 118 28 18 57 25 50 36 34 59 87 125 124 107 56 40 95 99 17 123 35 121 88 94 114 43 126 115 127 69 83 96 32 14 77 91 146 6 72 45 144 39 37 31 38 16 62 112 70 97 120 106 19 49 110 9 63 65 111 86 1 20 79 54 100 147 46 76 47 103 133 78 139 75 55 116 129 93 134 109 140 119 67 81 61 33 15 23 2 132 90 8 122 131 5 80 24 113 102 145 22 85 10 58 73 138 
135 40 61 63 77 68 58 138 75 111 122 65 10 78 50 4 100 124 149 95 93 6 7 51 79 45 59 94 9 62 91 139 13 30 101 98 104 90 34 102 128 37 83 108 44 23 52 121 3 56 148 140 117 118 2 48 85 41 132 74 86 36 109 134 80 24 144 129 103 114 19 16 81 57 46 20 133 22 47 145 8 21 33 131 112 119 142 28 107 143 99 18 32 27 71 11 66 64 123 125 137 127 105 53 147 1 96 67 88 84 97 35 49 115 
137 33 86 134 39 36 38 23 142 125 117 115 15 92 24 61 54 97 100 93 140 108 31 118 70 5 43 52 139 114 73 130 56 144 138 145 51 4 8 131 48 22 16 58 90 106 55 88 135 81 35 85 147 91 25 60 6 84 9 30 79 76 71 45 99 129 120 87 105 26 46 111 21 32 2 98 17 110 40 141 101 95 42 72 78 69 67 143 148 123 126 80 44 146 119 75 62 112 82 149 53 104 122 37 68 10 77 49 47 96 102 103 74 29 11 132 136 
117 133 45 86 54 37 49 75 110 122 13 124 104 79 35 111 1 20 118 83 43 109 130 74 24 106 21 2 60 93 125 150 14 39 32 77 142 8 100 42 11 51 19 70 7 52 18 128 115 34 5 136 139 149 46 9 27 89 3 88 84 58 137 138 123 94 23 55 68 91 53 16 22 36 69 41 44 144 64 135 103 25 57 95 78 65 31 112 71 30 107 90 63 73 99 148 126 140 146 82 92 98 113 67 145 96 28 
137 54 80 17 18 147 101 53 135 86 61 102 66 119 142 90 113 117 133 36 87 81 100 14 34 8 131 29 146 1 130 79 37 126 83 122 48 67 7 145 97 139 74 41 115 141 123 27 19 40 85 33 46 64 9 35 25 118 108 136 111 73 16 63 105 30 49 32 4 20 26 28 58 125 121 42 11 89 47 62 78 72 12 71 44 95 98 59 134 13 114 112 15 39 93 77 143 68 55 52 10 65 6 150 22 38 24 3 57 50 60 21 120 106 
123 24 42 125 73 107 39 8 31 11 38 41 10 104 97 12 67 99 30 130 15 20 36 17 126 88 84 150 115 45 114 86 129 60 132 33 57 133 35 74 48 4 71 50 65 105 46 148 102 64 5 55 78 100 52 108 149 44 116 98 142 112 76 3 146 83 93 56 54 87 103 40 143 9 58 23 128 117 63 19 122 16 47 95 140 25 70 79 119 32 26 75 135 101 90 61 29 94 18 96 134 111 51 14 120 85 1 118 
113 74 109 70 80 88 122 116 104 129 49 45 40 15 30 143 36 107 83 48 97 17 4 52 105 22 31 27 84 2 128 58 25 3 121 78 50 51 135 8 19 57 29 1 75 46 72 67 119 5 43 93 130 85 115 56 32 144 77 108 102 64 16 79 81 120 47 141 7 61 138 12 6 62 140 103 65 28 38 33 34 14 42 35 23 106 131 123 53 112 148 145 110 142 101 96 149 90 89 133 10 
75 76 97 7 113 126 41 15 2 3 88 56 90 57 134 22 107 127 5 58 111 33 108 141 35 59 102 149 77 13 40 116 64 139 45 37 21 17 96 133 43 24 147 138 27 50 86 114 6 85 124 142 31 131 74 120 52 118 87 14 68 110 29 53 92 63 34 30 36 105 4 117 12 54 119 91 48 69 136 78 106 16 9 80 8 144 115 20 38 109 49 148 42 19 44 130 60 140 137 89 11 101 61 104 94 26 25 51 46 39 98 123 135 
53 118 139 143 99 105 83 66 61 68 22 12 137 24 9 4 117 145 128 21 102 114 56 44 25 146 62 98 81 136 123 40 124 16 8 26 94 96 140 144 141 149 88 65 142 5 41 32 111 73 89 11 131 74 29 20 63 129 70 86 116 127 133 135 112 85 54 108 93 121 87 42 130 71 31 79 101 57 115 109 60 134 13 67 69 38 120 97 47 36 6 30 7 95 43 18 138 33 45 14 23 58 46 2 82 37 10 
104 125 131 43 89 105 32 16 126 41 140 129 139 6 120 80 1 18 22 84 92 20 99 27 107 62 100 147 136 94 13 88 47 72 144 127 28 2 45 51 37 57 66 5 31 65 8 59 96 49 26 52 55 134 60 98 39 115 67 130 109 138 123 122 46 86 101 23 110 75 76 33 70 132 112 12 38 93 137 48 25 83 85 119 90 149 78 30 58 61 3 143 97 148 29 14 53 121 106 64 79 150 21 95 113 40 24 44 133 145 118 71 36 50 87 54 
29 44 121 93 114 69 18 20 110 112 53 139 89 54 74 61 145 16 23 31 63 113 81 84 79 91 126 123 88 87 75 105 24 94 6 1 47 50 103 137 39 62 136 12 122 127 37 3 66 13 117 108 14 130 85 72 80 124 55 21 107 98 9 134 149 96 109 128 10 135 33 77 40 120 41 100 131 86 111 97 119 51 34 133 144 4 70 65 48 35 42 148 46 132 141 38 5 116 99 95 60 68 36 118 142 32 90 27 49 11 104 25 106 83 129 64 57 
75 103 37 6 13 105 113 20 142 147 99 74 77 3 91 8 144 28 79 93 68 101 97 35 104 15 134 67 95 119 5 98 80 7 136 34 42 26 141 139 29 110 81 150 69 50 148 12 88 100 55 78 66 18 64 22 85 54 102 24 9 129 23 137 96 149 45 132 60 41 53 58 121 44 25 70 84 138 31 1 92 125 76 33 118 89 143 39 117 130 65 83 49 94 131 73 71 63 16 17 122 51 140 112 133 111 62 11 115 36 4 46 
87 72 134 7 53 82 52 69 67 101 84 108 129 20 136 62 132 14 85 21 119 139 112 9 50 23 78 106 45 17 122 64 76 96 54 56 124 31 42 137 121 15 4 22 2 39 77 30 148 92 32 94 65 8 118 115 133 116 109 16 91 61 55 95 103 81 113 47 41 88 38 143 66 147 130 58 40 75 142 24 34 126 71 79 102 104 3 138 107 127 43 46 57 93 12 11 131 73 90 128 100 144 49 89 110 60 29 28 63 
27 35 102 132 112 37 110 130 98 107 126 44 12 41 29 52 9 23 116 122 2 21 72 90 101 103 117 7 143 95 108 125 45 19 51 55 74 145 38 81 69 137 60 141 146 39 133 85 94 67 142 66 3 14 33 57 96 113 25 61 40 6 92 105 10 99 48 77 139 73 64 136 89 134 43 30 42 47 104 100 84 124 109 83 114 120 15 106 135 147 119 68 78 79 58 150 8 86 65 127 34 123 13 56 93 140 62 22 88 11 115 
104 80 45 148 54 92 130 93 26 21 62 66 52 20 35 5 23 86 27 128 61 126 75 4 59 15 145 69 110 36 137 133 48 29 38 111 122 88 107 82 10 144 127 100 28 31 47 140 90 105 19 37 53 74 149 32 16 103 109 55 136 83 49 142 106 7 81 124 78 95 70 101 112 84 64 96 118 77 89 46 44 67 34 121 125 12 76 114 147 85 135 72 40 68 141 115 139 94 56 30 79 117 116 51 14 131 71 41 
37 111 115 30 36 105 81 60 38 101 2 147 67 141 68 98 114 125 138 14 128 136 62 43 48 121 77 89 7 127 149 34 74 29 19 82 96 26 27 139 133 124 104 35 79 12 88 142 97 24 64 94 131 143 73 91 17 5 3 87 47 135 46 150 86 40 49 148 32 72 45 109 51 11 44 112 10 70 103 95 63 75 130 90 107 42 69 134 13 28 102 61 83 100 58 110 31 9 84 118 144 80 4 1 66 54 113 56 20 85 129 92 140 65 126 21 93 
90 28 37 1 49 132 85 78 83 19 95 97 79 100 143 117 120 126 20 130 109 91 94 60 72 43 148 38 142 139 2 127 32 11 136 128 123 26 98 135 7 106 149 33 14 113 116 34 52 54 4 21 15 30 111 73 147 87 50 61 65 119 133 144 63 145 105 75 24 86 44 102 3 69 114 66 92 93 53 103 115 140 122 77 6 41 99 17 27 80 5 137 82 9 81 25 10 18 76 39 22 58 89 96 31 71 124 67 8 141 48 134 
5 128 25 20 56 51 33 2 53 97 117 118 58 60 72 43 150 135 50 66 7 15 145 110 141 108 78 76 89 84 93 4 31 131 38 9 55 47 104 68 85 106 21 48 36 95 90 100 22 80 79 41 139 19 86 116 147 94 8 28 121 18 144 42 91 136 87 132 3 71 140 103 82 148 35 83 59 99 92 149 39 26 119 81 16 107 14 73 124 134 129 114 24 101 37 130 1 109 61 34 75 40 115 11 67 126 111 54 125 13 127 64 57 105 10 52 63 29 12 49 
110 41 66 28 127 1 107 135 11 89 49 32 57 141 50 105 130 48 20 96 133 37 43 92 61 42 86 94 134 63 103 77 8 13 131 12 67 88 125 132 17 83 146 128 45 118 34 53 99 33 91 22 108 9 60 106 40 139 102 143 115 81 80 19 85 59 23 55 84 109 148 72 137 4 52 24 6 144 3 100 56 76 121 15 138 14 16 35 73 145 129 149 30 87 58 114 111 31 38 112 142 126 113 78 75 97 82 101 18 90 
31 42 149 150 60 79 44 49 137 112 95 141 46 127 28 18 64 41 81 69 125 142 25 92 78 17 20 128 7 6 86 12 43 32 76 108 27 101 52 71 66 96 118 74 115 145 134 119 54 106 77 100 40 3 63 11 35 75 39 97 53 94 139 130 55 34 148 1 122 72 80 4 38 138 143 16 73 61 147 129 117 58 120 91 26 85 67 113 84 144 8 82 104 48 22 105 57 30 59 87 70 103 121 
129 131 73 105 122 123 24 2 135 137 40 10 145 106 67 85 27 37 18 110 144 8 118 7 97 86 120 6 1 19 30 104 93 99 89 35 126 64 34 95 32 3 60 48 90 148 79 56 57 36 80 102 150 53 83 132 127 52 94 44 66 128 101 28 49 139 74 65 142 119 33 4 116 136 78 14 87 75 149 59 124 84 31 22 107 138 143 51 13 50 11 16 108 130 109 114 140 23 5 21 29 17 76 55 54 38 88 91 141 72 92 58 71 39 42 133 98 61 26 20 
78 34 41 114 110 43 67 93 121 84 50 12 81 51 134 132 85 46 105 40 117 125 42 22 139 90 39 48 4 115 11 97 2 102 138 60 57 20 145 52 109 77 149 120 119 143 123 17 129 47 36 37 83 45 92 88 130 8 146 16 18 54 28 68 15 66 35 65 73 89 100 118 150 26 44 79 91 14 131 7 5 95 148 74 141 104 23 55 30 98 63 61 13 10 69 140 29 27 99 107 70 21 1 112 122 136 32 25 31 108 
35 24 141 33 43 70 23 119 96 3 31 117 17 77 122 47 27 7 68 115 136 30 6 125 138 21 124 58 18 132 4 80 10 137 26 112 89 61 86 100 129 67 55 8 62 146 142 92 150 78 12 5 19 123 105 144 57 56 106 94 95 9 22 121 25 71 48 60 103 34 134 97 1 45 54 120 149 66 93 44 135 85 50 82 41 53 118 139 65 99 114 2 59 36 42 128 98 140 69 147 51 16 52 101 28 64 73 113 
133 139 5 129 61 34 92 141 2 32 18 82 26 138 146 96 149 132 51 125 12 20 117 28 147 21 30 81 108 142 25 33 93 122 150 123 22 11 15 87 94 145 127 124 47 72 56 43 7 53 115 37 113 36 86 76 144 68 31 79 16 70 17 95 48 44 63 4 106 46 59 1 64 140 38 91 121 85 9 101 119 98 60 49 13 50 3 111 134 99 135 74 29 71 78 120 42 24 90 110 102 41 77 58 148 104 62 131 55 73 54 100 89 6 
36 125 136 69 31 43 146 84 38 11 30 80 17 39 53 147 66 32 18 45 71 56 25 26 83 130 142 64 60 77 57 128 73 88 94 116 143 59 20 100 126 107 10 123 52 105 1 145 6 122 141 85 90 34 131 81 89 55 27 70 58 63 5 99 44 29 40 82 9 23 7 139 135 134 65 79 137 111 49 50 93 106 110 72 98 19 102 127 3 4 113 76 48 35 115 67 28 114 68 133 41 54 74 104 149 117 87 124 120 
27 55 109 32 15 110 56 82 41 22 66 119 59 117 104 9 79 134 45 37 100 116 31 123 125 150 10 118 121 93 96 28 80 139 91 19 87 30 57 149 64 108 147 131 122 138 61 111 54 78 3 103 52 5 129 39 70 49 83 81 107 43 137 40 36 92 75 34 18 126 46 74 68 25 97 26 24 69 47 89 95 11 16 102 7 120 135 115 4 112 29 58 146 6 2 148 72 85 144 94 23 145 84 1 98 142 124 113 42 141 114 17 62 143 
72 48 116 73 87 74 69 114 9 43 35 149 122 61 12 67 49 19 22 38 99 24 11 81 36 10 50 45 75 71 88 100 76 145 140 60 120 129 92 82 134 29 65 84 111 144 97 142 94 146 55 41 14 95 31 79 54 147 16 115 107 109 44 105 53 101 128 46 21 18 62 117 39 90 135 106 123 104 26 126 63 68 113 137 6 93 51 34 125 130 30 66 70 112 20 27 96 80 17 3 32 37 136 52 138 132 64 28 148 85 103 119 
101 48 32 39 24 118 10 36 89 21 44 33 143 73 142 105 59 35 42 125 70 85 5 115 114 79 84 88 46 123 110 49 92 117 54 97 66 38 45 68 52 138 128 82 37 136 107 50 14 77 74 60 131 11 23 15 47 56 100 116 146 75 31 126 78 86 76 12 145 81 16 127 58 147 2 64 121 102 17 122 57 9 26 40 91 94 55 90 93 135 99 141 150 95 19 61 18 106 62 25 69 27 43 71 134 63 4 41 51 140 103 104 65 
102 44 148 81 134 83 42 18 106 63 129 78 144 91 125 82 84 94 20 68 100 36 146 29 139 40 72 48 12 70 149 15 89 76 65 53 26 121 109 28 105 49 118 11 150 45 31 116 104 69 80 113 114 136 14 75 50 111 61 7 3 37 73 108 92 19 119 23 33 101 96 56 87 46 120 115 30 74 13 117 32 64 135 79 38 123 41 110 97 62 10 137 2 55 77 52 35 25 112 54 24 128 141 90 27 60 98 66 58 71 16 
103 30 6 3 39 44 118 17 48 149 50 8 46 19 137 1 94 122 106 41 81 47 112 140 114 97 136 26 72 143 13 82 131 53 116 142 109 80 68 49 32 54 57 24 88 12 100 61 43 120 123 93 110 145 45 27 7 56 77 31 128 36 104 34 84 130 148 127 25 63 5 113 115 89 144 15 98 55 42 67 21 33 132 18 126 73 138 85 86 99 65 22 96 87 146 91 20 105 107 62 69 64 117 121 90 129 79 139 71 76 40 4 147 124 133 
139 31 100 1 25 109 92 123 2 5 10 72 88 75 87 69 65 142 49 62 85 140 48 104 122 125 103 3 107 111 102 130 108 45 42 73 36 26 132 7 74 44 53 22 95 147 119 56 146 24 149 84 150 50 136 97 118 91 29 46 133 127 57 113 99 128 143 98 35 58 112 145 78 64 39 96 81 8 47 41 60 61 40 9 38 83 141 90 110 30 115 94 89 70 131 121 68 4 77 28 63 23 17 54 120 13 18 14 27 79 19 106 33 137 129 6 34 93 52 144 15 
116 41 71 102 131 44 10 76 78 95 50 135 85 120 33 101 3 82 121 100 72 14 149 22 140 36 65 144 92 12 61 127 58 21 32 60 1 87 107 115 94 79 8 26 98 148 132 150 108 51 117 103 118 19 40 16 20 6 66 7 27 129 93 112 43 134 109 35 13 62 39 56 80 59 37 125 31 99 24 122 17 49 126 142 23 28 9 45 25 97 113 64 74 5 114 15 73 30 84 55 88 89 133 46 75 119 
118 88 43 12 36 143 26 140 28 3 41 113 141 81 66 1 105 89 84 65 146 61 27 30 124 144 123 59 102 147 114 135 67 112 72 54 40 97 93 11 64 79 15 134 39 95 125 106 14 47 6 86 131 58 42 22 96 69 104 119 92 17 121 100 127 129 115 87 94 98 55 103 13 130 73 10 20 138 71 70 9 29 91 107 37 32 117 133 78 5 45 142 8 76 18 83 48 150 46 109 50 74 82 31 108 60 49 148 145 24 68 116 63 
25 27 94 53 128 95 75 34 130 72 127 112 105 2 85 131 58 12 82 66 1 126 51 113 124 84 32 22 117 49 134 3 120 137 77 19 8 28 87 98 102 29 92 123 36 41 76 63 64 61 73 100 103 97 56 145 5 20 147 88 54 149 47 6 15 90 107 101 79 43 139 9 46 69 21 132 142 18 141 50 106 13 55 108 93 99 74 60 62 57 111 148 83 67 26 78 38 52 48 37 17 125 116 144 71 23 114 143 45 
126 134 127 1 102 25 9 34 29 130 124 81 71 43 42 120 20 30 117 10 50 121 35 107 64 103 59 125 91 12 135 66 116 26 3 118 86 75 15 105 119 68 149 109 67 27 49 52 77 108 142 128 45 2 58 5 46 96 104 101 145 76 129 39 14 62 70 69 140 33 95 113 146 138 78 133 11 88 60 98 106 37 90 31 65 100 150 92 47 122 7 8 83 112 16 115 28 22 123 61 144 18 54 41 40 57 141 114 6 48 
102 48 132 14 39 6 135 107 104 41 142 43 145 121 9 64 2 8 20 139 59 108 73 87 72 114 7 28 16 1 83 24 4 122 101 103 95 36 40 134 68 26 32 85 118 84 119 75 111 141 137 112 25 34 98 69 149 63 100 21 53 93 52 92 143 116 106 97 27 113 131 94 144 50 13 125 120 99 148 15 55 49 86 11 46 91 110 33 61 23 31 42 10 57 30 147 12 150 71 74 56 146 136 18 37 105 58 17 66 127 126 45 96 65 128 
113 115 138 144 123 42 150 9 56 140 109 88 60 50 85 66 38 2 39 139 130 143 76 3 111 17 93 62 37 16 25 49 128 73 119 41 29 78 101 102 82 72 120 124 30 133 81 4 48 84 33 14 91 70 12 145 107 24 74 40 36 5 53 100 6 75 67 132 61 80 23 87 99 142 116 137 28 31 147 103 35 19 90 96 47 89 112 10 15 104 43 68 11 22 45 135 118 148 122 94 44 125 26 69 7 51 46 127 18 126 32 121 27 129 21 
25 33 85 121 48 26 24 18 58 29 146 11 99 120 107 106 101 108 117 136 119 150 131 62 5 15 41 118 40 87 2 139 12 79 100 115 128 32 64 23 102 125 35 67 123 34 124 127 57 27 21 30 50 28 37 68 76 143 147 36 92 78 13 145 56 149 47 73 31 113 9 49 134 93 138 97 111 90 70 10 39 135 112 46 19 63 43 132 89 71 6 86 14 110 82 77 83 74 42 141 129 20 61 130 137 140 116 1 109 94 60 104 55 
25 137 62 70 59 36 106 40 105 98 2 141 17 94 69 11 146 125 71 8 84 45 67 64 114 31 81 91 12 7 65 43 130 147 27 103 42 1 34 123 20 60 99 124 132 142 13 96 95 138 28 68 140 10 97 90 117 100 92 44 107 37 49 113 58 86 75 89 26 150 82 87 19 53 63 149 23 118 135 110 73 78 111 51 77 121 72 145 46 54 83 126 6 47 109 41 33 79 134 30 120 21 15 48 116 56 18 3 129 102 57 
21 60 140 29 64 24 84 68 36 37 30 53 119 77 79 46 2 127 137 1 45 49 93 83 61 104 14 99 114 35 120 113 76 124 82 18 54 51 125 135 41 105 92 26 65 55 106 9 98 39 50 66 20 131 123 117 111 89 141 43 62 91 13 70 122 97 74 8 139 116 25 134 22 75 149 100 138 136 17 28 128 108 148 115 72 85 96 150 133 19 73 121 7 112 147 23 130 107 86 6 
105 23 50 45 123 4 139 16 109 88 43 44 13 138 122 9 59 21 29 32 27 30 20 143 54 134 82 90 93 96 137 65 130 108 114 121 18 68 103 78 70 74 92 113 28 10 19 51 107 75 63 141 17 38 100 57 132 25 89 11 99 98 67 86 8 26 76 3 60 80 7 129 102 142 48 72 62 131 14 66 41 106 87 101 35 40 140 83 5 104 85 2 71 12 126 115 46 1 118 94 39 135 119 128 95 36 148 34 111 56 37 81 125 124 61 58 149 
74 34 26 28 123 81 94 38 109 52 118 56 88 102 85 41 98 58 82 105 68 133 103 42 95 78 53 35 39 57 66 91 32 21 75 11 137 93 134 99 29 6 140 128 14 142 9 143 4 149 64 148 150 30 101 49 71 86 16 110 15 76 23 36 79 127 1 100 5 80 107 24 104 65 12 55 135 130 44 40 139 131 31 43 51 8 97 59 54 27 3 70 37 147 17 96 126 20 73 2 10 113 13 45 108 18 132 22 47 129 90 
20 79 59 66 52 80 18 10 75 106 121 72 62 117 134 122 83 141 69 50 11 16 65 46 63 112 40 67 128 143 6 114 119 142 4 58 98 78 131 68 91 35 64 127 29 132 39 103 7 14 76 1 140 55 61 148 95 129 138 118 150 93 102 87 54 149 146 116 8 24 25 70 107 19 74 33 144 109 31 120 130 92 82 15 86 57 12 43 105 99 5 17 23 124 37 137 47 34 135 9 89 73 51 28 38 32 85 90 84 104 
136 46 97 23 34 49 101 144 1 78 62 54 39 2 133 79 128 89 8 4 50 24 64 117 60 55 138 7 73 30 70 108 42 21 32 106 5 65 121 124 126 52 72 98 37 22 9 111 14 88 130 85 19 87 56 119 103 29 131 122 137 71 76 18 38 141 27 41 99 147 16 12 114 20 91 10 93 123 80 77 120 26 68 28 107 53 110 75 43 140 150 15 17 69 115 6 146 83 45 74 59 104 145 31 125 11 33 134 13 112 116 96 44 57 61 
67 124 13 6 30 57 42 139 113 112 115 122 17 114 72 49 130 53 46 38 23 140 133 61 26 125 91 1 111 34 145 95 36 24 129 96 108 70 120 127 66 52 71 33 47 101 144 83 2 128 87 58 43 119 25 73 50 121 126 28 86 97 15 14 143 84 90 20 9 116 77 79 99 100 75 63 138 85 150 22 48 110 135 4 59 92 134 88 51 107 7 10 106 136 56 69 21 16 147 60 45 146 8 89 93 104 76 131 65 5 12 94 41 103 142 68 123 37 
55 80 76 102 30 60 91 86 74 10 12 48 132 33 128 127 141 47 69 68 130 90 71 40 13 51 17 3 21 6 22 149 108 79 72 124 109 139 29 95 135 7 20 114 122 120 142 85 84 31 96 63 143 136 88 82 148 137 67 140 38 42 28 101 126 98 99 44 54 23 118 14 15 87 4 11 147 78 97 66 83 59 81 93 125 116 146 56 35 133 39 32 110 49 92 144 103 52 
