150
31 129 71 108 60 52 106 35 79 48 6 139 3 125 112 118 5 132 111 21 17 33 55 101 22 114 72 140 86 141 30 100 38 116 133 11 137 128 81 124 34 109 148 104 105 66 23 42 64 18 69 73 89 27 36 70 97 87 43 2 15 98 12 150 63 136 83 143 84 119 144 95 123 138 10 20 16 142 41 122 32 28 54 91 134 65 58 8 44 50 90 96 29 94 107 62 115 25 80 26 146 68 9 45 13 130 76 37 
27 66 106 88 101 42 82 4 68 47 44 120 136 10 50 110 126 77 70 45 61 122 35 57 17 51 96 100 141 76 80 84 118 1 147 95 25 133 131 115 73 12 53 26 86 8 41 91 3 46 116 13 19 21 130 43 90 56 40 81 105 123 138 128 54 149 142 93 114 117 49 16 135 39 102 33 64 55 72 92 36 37 129 65 107 111 150 74 98 104 14 119 71 58 108 29 132 31 103 34 127 75 24 85 97 94 83 62 63 125 89 7 112 69 15 6 
98 89 72 62 140 99 102 4 94 20 100 36 92 81 125 22 74 43 6 103 108 5 93 121 112 83 120 146 107 61 114 105 68 139 54 84 86 66 118 2 79 97 70 45 46 31 67 56 11 116 47 113 144 109 147 32 141 126 104 133 149 101 17 42 145 51 15 14 39 19 7 134 64 127 63 40 1 143 18 131 95 33 59 136 30 73 41 44 49 122 57 111 87 96 8 23 55 52 128 80 119 24 78 10 91 13 28 25 69 9 137 106 
100 29 12 3 42 60 116 91 17 58 133 98 50 141 139 53 78 109 38 56 120 74 125 5 72 144 92 143 149 95 44 68 2 146 89 128 57 39 23 103 99 76 9 142 41 135 87 21 115 106 83 65 22 80 37 52 97 14 126 111 26 28 110 131 49 121 46 35 55 114 123 147 77 93 30 108 140 129 40 66 75 13 8 19 86 63 61 84 102 82 71 117 119 59 105 85 138 48 145 15 137 
4 28 114 78 143 104 125 79 138 135 119 56 148 110 61 107 59 51 19 34 87 55 14 66 149 49 57 139 103 32 93 43 115 126 141 11 52 122 15 48 131 67 117 44 137 140 17 76 18 129 95 84 100 27 88 71 120 64 72 118 83 37 102 12 54 25 60 150 86 16 109 58 77 74 6 69 127 106 26 82 42 91 8 1 41 73 38 36 40 108 30 3 62 111 96 53 23 101 105 10 147 112 20 68 47 128 39 7 
38 53 91 71 141 72 80 29 133 149 62 132 15 57 148 136 146 40 63 2 27 58 139 9 51 90 52 127 69 14 76 65 116 135 8 97 124 128 59 86 68 98 48 56 114 95 147 67 42 24 143 81 123 108 32 126 107 28 17 117 104 79 101 99 43 78 96 87 22 88 10 20 131 49 109 93 73 50 122 36 89 5 144 111 34 3 92 94 138 85 82 1 83 26 60 119 150 61 140 134 11 33 41 121 
109 71 11 86 121 10 103 34 8 123 100 136 56 81 48 52 38 128 98 26 113 143 126 70 82 117 141 47 30 3 65 125 120 36 145 84 135 78 130 131 99 41 115 20 87 77 9 101 18 5 69 75 32 51 50 49 46 138 54 31 39 119 61 21 73 149 76 57 23 96 124 58 146 55 105 93 114 19 148 12 137 80 111 13 2 24 106 37 150 134 63 129 45 67 66 43 33 53 62 40 118 35 22 29 25 
48 45 70 100 123 89 24 56 6 38 111 148 30 88 133 73 118 85 18 42 138 27 96 103 74 37 109 91 92 16 84 137 122 119 43 87 41 113 112 107 117 120 134 23 132 35 102 146 142 58 150 83 51 47 10 14 59 60 62 77 5 131 50 130 104 1 99 46 36 121 4 2 141 124 7 68 19 52 97 53 128 82 17 12 32 79 31 21 20 29 116 114 57 71 136 76 115 93 86 13 3 81 147 67 
134 32 20 43 37 24 40 148 105 66 146 129 1 96 86 47 26 48 139 28 109 145 63 23 76 91 102 94 112 45 21 95 80 104 17 106 85 147 90 141 113 79 39 67 68 135 34 92 60 107 18 126 124 116 144 150 73 4 87 72 81 142 100 6 36 93 103 55 127 7 99 25 42 118 78 128 77 56 16 61 115 84 62 137 119 122 33 52 41 140 131 88 58 98 82 51 53 22 57 31 65 101 19 110 149 30 3 50 49 121 133 15 123 
39 95 113 34 137 16 129 7 142 35 27 23 90 118 120 78 42 82 70 133 69 57 125 101 38 106 85 108 121 117 8 75 50 136 74 2 77 100 81 93 66 144 41 45 51 37 87 32 40 130 140 60 88 59 48 14 61 138 148 25 72 3 111 132 96 36 21 123 107 104 6 83 124 102 98 28 94 12 46 26 97 131 128 127 1 89 55 24 86 84 19 49 43 149 52 146 103 92 99 71 64 56 20 5 18 11 53 
138 64 90 139 147 119 65 92 85 130 18 41 112 38 129 74 70 42 25 102 12 149 141 98 87 99 51 7 30 103 28 133 14 97 134 40 44 142 19 118 91 114 75 47 137 80 109 13 105 22 52 3 84 68 59 34 6 63 43 57 125 124 83 82 10 143 131 23 148 94 136 29 26 32 16 123 110 17 67 121 49 117 78 144 55 35 73 128 1 122 15 146 31 89 5 21 39 20 95 113 62 127 81 115 
97 123 46 23 27 137 78 19 113 91 138 111 115 10 71 75 132 142 5 8 76 35 31 16 112 85 69 7 86 87 92 44 57 96 150 88 81 102 1 4 120 68 95 47 107 80 41 104 58 70 117 53 20 66 105 126 2 131 140 144 21 26 62 54 14 13 147 11 139 74 50 136 36 67 108 73 17 51 114 134 64 18 122 28 101 39 89 24 22 45 43 103 79 34 93 109 110 61 118 106 32 30 40 55 77 49 72 29 25 65 
69 82 129 15 79 34 148 49 108 107 3 60 93 146 103 31 20 48 58 43 65 67 111 125 81 80 99 8 77 135 114 87 1 139 102 95 127 131 24 16 17 123 126 56 45 134 59 36 11 71 70 40 37 19 32 91 25 140 33 47 89 132 54 110 120 136 130 105 30 21 23 98 22 76 63 88 124 86 84 133 116 66 90 104 119 4 38 121 14 138 78 12 44 7 18 147 26 75 106 39 51 92 112 2 
109 136 16 34 78 40 111 110 141 147 15 71 119 87 61 13 60 57 65 53 107 86 35 116 41 42 11 103 84 26 85 89 45 102 74 18 4 113 120 133 97 127 146 143 2 129 125 126 52 106 92 100 48 81 12 122 25 54 144 27 59 75 128 73 38 79 149 69 105 56 51 5 33 67 104 88 98 37 130 23 17 6 77 72 50 36 24 114 43 93 95 115 8 80 118 68 142 124 91 82 55 10 108 32 70 112 3 83 30 121 117 134 58 
68 72 93 70 89 102 144 143 52 48 99 19 87 46 18 82 40 30 100 112 11 126 16 55 125 139 33 17 79 4 75 96 97 110 21 101 20 145 58 105 76 2 32 129 106 108 95 131 147 13 80 39 122 64 56 61 81 121 107 128 60 14 148 109 98 132 103 69 54 34 86 77 104 22 1 28 42 25 119 6 115 29 41 142 59 65 9 146 83 43 57 118 44 51 149 45 90 67 116 36 91 27 114 140 78 94 5 3 62 
18 128 105 2 144 125 74 85 10 9 54 44 130 112 11 40 48 127 57 116 61 139 111 53 94 68 148 99 39 97 84 27 145 108 107 67 28 126 141 20 103 60 31 98 51 143 96 12 119 5 33 36 77 24 147 146 72 8 76 41 118 46 80 63 56 136 124 45 64 104 73 109 50 78 86 91 89 129 150 66 62 133 95 42 135 93 49 34 23 43 138 106 70 79 142 15 58 149 19 17 90 1 140 13 137 117 113 88 123 120 100 132 14 25 131 21 115 
63 19 111 59 138 9 123 42 145 66 57 27 43 1 20 80 55 39 44 127 2 93 36 126 24 49 61 146 15 11 26 105 140 90 149 114 82 137 96 35 62 18 131 88 40 142 107 141 79 116 6 103 91 21 65 97 4 125 110 30 121 64 119 45 51 95 67 41 109 83 112 5 108 81 136 76 38 86 50 3 74 8 92 98 16 14 48 12 34 139 33 132 117 53 69 150 13 75 101 134 32 133 28 120 68 54 23 71 52 148 128 143 85 29 73 87 129 
127 26 24 14 126 29 46 147 43 31 75 112 111 16 67 82 100 65 3 69 86 1 73 130 54 110 119 8 122 94 70 121 109 61 140 57 116 118 85 125 79 144 120 133 48 64 77 132 93 23 47 63 71 92 80 139 149 137 108 106 107 138 19 81 145 95 7 60 141 83 12 17 10 131 114 74 21 150 117 66 53 41 62 135 33 76 102 49 72 104 42 51 148 99 146 89 9 28 15 11 105 58 13 40 5 59 143 115 36 96 
99 131 61 128 22 96 28 43 116 104 20 11 68 7 84 83 88 27 46 123 100 133 81 124 77 74 101 113 16 120 115 56 10 129 47 125 122 82 109 76 49 72 8 45 140 79 142 54 32 89 66 30 17 73 145 107 55 127 147 119 110 86 31 134 70 118 64 91 15 53 37 33 4 117 23 50 90 98 106 69 5 35 102 12 137 94 39 75 80 52 25 71 87 92 136 2 78 63 58 143 40 95 48 3 105 9 13 146 141 114 42 18 24 62 132 60 144 
81 146 19 47 104 31 25 119 112 134 113 44 99 90 58 34 94 1 48 124 93 71 11 96 115 80 39 9 63 82 98 22 84 12 68 102 59 130 121 56 118 144 32 13 8 88 87 97 149 133 28 75 129 10 55 41 60 52 131 29 148 109 16 110 3 57 50 38 79 51 139 64 54 77 135 145 73 117 150 138 127 107 147 72 123 116 66 142 26 65 136 91 122 17 46 78 100 67 114 74 21 15 49 128 92 141 6 140 137 7 111 5 35 69 45 132 53 
8 88 142 7 117 4 107 105 78 96 122 61 124 118 10 41 128 123 108 101 150 69 127 63 12 133 72 92 46 31 68 11 35 87 54 84 77 25 17 132 44 39 102 71 149 40 66 74 100 29 104 48 144 49 56 119 91 52 140 125 18 115 113 57 23 98 24 148 27 30 147 20 111 114 90 86 80 93 95 60 85 137 47 26 16 146 89 1 33 36 13 106 43 82 112 81 139 50 109 67 94 15 110 9 2 126 79 130 
1 132 135 142 84 44 38 138 52 98 95 128 27 145 49 144 86 39 29 115 148 61 15 110 59 81 134 104 116 89 80 113 58 51 121 32 108 133 7 93 143 25 103 77 41 20 28 40 70 129 141 140 4 69 85 36 126 125 109 19 71 60 45 34 150 43 120 87 100 62 46 78 92 47 117 88 50 123 147 139 42 65 107 102 114 106 79 11 136 130 111 72 118 101 68 48 6 83 23 12 67 76 55 149 13 24 119 35 3 9 54 
132 57 143 4 68 17 113 119 80 14 61 142 26 84 30 50 102 12 62 5 128 16 129 76 21 53 40 63 55 52 106 115 45 130 42 78 99 11 147 137 36 71 47 94 34 101 87 31 120 54 83 69 22 81 150 141 114 35 7 145 112 24 19 72 8 58 33 82 91 92 13 95 1 124 134 49 25 51 79 98 88 41 48 135 66 131 89 133 10 74 97 149 140 67 123 39 3 77 108 86 9 18 29 144 64 117 110 111 139 
3 66 25 124 138 85 62 80 13 29 44 121 39 41 123 72 9 119 10 120 87 79 74 131 128 78 16 96 59 42 104 17 67 57 7 68 86 106 91 93 56 50 108 130 70 28 40 150 54 135 18 112 147 12 82 46 102 8 60 92 142 26 84 32 2 139 6 145 51 14 113 118 110 75 34 77 109 43 33 55 144 35 100 129 149 88 141 133 19 69 38 98 90 64 23 95 89 148 53 21 45 48 97 58 73 122 146 61 83 22 
125 64 136 108 149 138 107 63 14 123 83 146 103 115 69 95 58 56 10 93 55 113 7 22 15 105 37 9 134 54 76 12 48 62 35 23 100 84 148 31 66 50 91 99 71 11 144 150 65 27 79 28 77 121 90 16 40 19 92 57 127 29 70 86 21 5 120 46 42 94 87 53 30 33 32 24 119 72 74 47 49 104 52 109 102 78 59 13 147 82 98 61 38 89 73 128 143 2 85 132 44 36 110 81 142 117 129 20 139 111 3 145 43 1 
29 149 30 121 98 120 90 141 111 150 82 4 49 116 123 21 124 12 40 133 42 130 13 110 10 70 11 72 18 53 88 105 129 137 63 48 14 76 75 96 99 79 119 20 52 104 33 24 58 101 67 54 138 92 37 38 139 6 77 68 46 62 31 86 73 89 45 107 57 132 81 9 65 32 125 147 1 142 118 134 146 103 17 7 5 95 23 100 144 55 41 91 47 114 112 97 43 106 136 93 94 102 85 59 127 28 2 140 71 51 66 84 
34 119 54 108 6 98 5 63 113 85 56 57 146 132 107 2 45 1 114 40 62 150 100 31 12 103 105 126 25 136 71 94 88 101 123 42 67 30 61 19 115 16 95 130 37 74 141 116 125 60 44 66 99 96 55 33 83 127 68 17 148 73 133 109 14 78 144 140 65 89 21 106 48 29 122 147 92 41 124 111 51 97 134 75 49 39 72 86 87 52 22 38 112 8 59 10 69 81 145 36 77 110 143 139 76 43 129 15 102 121 
108 80 123 24 115 142 62 141 50 78 67 145 20 16 81 5 51 58 70 140 69 64 91 71 131 18 144 33 39 46 147 94 116 101 6 105 38 15 1 66 31 44 132 63 36 9 107 68 122 3 59 11 110 56 90 149 82 104 25 138 65 17 41 48 85 109 35 30 126 47 12 121 10 135 124 19 43 53 49 22 75 61 103 113 106 87 77 148 88 4 98 52 146 40 99 112 37 118 129 97 137 76 89 93 55 133 95 26 125 45 74 120 127 
100 21 4 43 37 8 71 30 12 79 116 40 118 143 23 39 90 70 107 38 136 2 44 7 66 132 119 31 72 130 56 48 24 1 81 99 104 53 115 80 96 126 62 144 146 54 15 128 124 27 113 11 93 89 17 138 63 123 134 105 55 45 75 60 22 42 137 83 18 73 82 91 58 76 68 98 94 120 50 101 20 78 25 92 121 33 106 65 52 139 6 122 74 95 150 85 26 141 145 32 103 86 109 110 111 117 97 64 47 131 51 147 
57 8 105 133 106 124 139 94 49 23 42 41 68 53 56 118 25 12 36 97 62 114 101 136 47 50 59 45 119 44 92 71 21 74 127 100 137 17 129 4 58 65 75 85 140 11 72 81 32 86 31 132 33 35 19 148 39 34 111 67 5 26 1 46 98 96 126 115 48 70 123 7 76 77 134 121 69 104 135 29 122 40 66 14 108 9 73 110 130 13 15 93 3 131 149 91 144 27 89 125 145 54 141 38 79 90 82 28 120 51 88 112 
21 132 37 70 93 86 105 30 139 18 58 118 43 1 75 129 148 66 147 149 26 59 113 54 94 28 73 120 25 95 7 90 100 39 127 49 11 9 136 123 85 72 99 51 83 40 150 137 35 142 111 145 67 77 71 64 131 2 3 126 44 16 116 82 79 52 76 56 38 108 110 144 53 13 138 87 121 134 69 45 55 97 29 61 23 65 20 19 50 143 141 109 119 114 117 128 125 27 106 12 122 62 33 130 34 60 81 8 48 101 84 57 
15 69 71 26 113 37 111 60 8 96 109 34 143 36 77 101 10 120 20 150 130 70 68 100 33 93 125 49 6 39 119 24 124 73 46 76 104 1 41 137 88 38 80 66 55 52 84 114 91 5 81 108 86 9 79 40 67 85 19 50 44 140 117 134 57 115 133 29 106 47 83 129 25 12 59 148 98 30 14 142 11 122 51 132 105 43 103 3 87 128 61 131 136 63 53 149 139 95 78 110 17 35 121 65 90 92 22 118 48 102 97 7 13 74 
18 139 130 79 111 91 137 49 44 37 41 135 80 115 34 84 70 40 50 68 32 55 92 67 73 60 113 94 26 16 87 6 149 78 31 110 61 125 95 134 65 1 51 82 64 3 42 76 93 140 104 131 53 108 54 77 103 17 23 133 85 14 13 29 58 90 150 126 52 7 46 122 127 148 107 121 43 35 27 15 57 69 89 99 21 9 124 30 119 38 142 105 25 72 63 97 147 116 88 45 66 74 48 28 114 83 109 24 2 98 75 117 19 71 138 141 
45 101 108 1 5 114 100 31 130 49 129 87 124 59 123 107 125 42 69 72 75 121 6 134 10 91 146 147 2 103 120 11 88 81 51 9 79 36 143 128 96 58 27 82 22 52 64 33 57 110 48 65 61 90 144 73 43 105 97 63 84 106 12 67 98 35 32 140 16 113 109 76 86 7 13 137 40 15 24 78 139 122 14 20 115 56 83 112 136 135 132 60 126 119 138 127 23 102 89 70 30 74 39 77 104 17 37 93 
12 143 44 139 8 66 75 63 37 28 112 104 106 135 46 81 40 107 47 117 33 24 142 86 49 120 140 1 65 51 10 118 103 128 116 93 59 61 38 36 144 136 88 138 43 2 23 131 22 94 121 80 82 133 41 150 137 32 98 74 48 68 78 34 71 73 19 124 109 99 58 101 130 108 84 4 123 56 76 11 31 132 147 129 20 45 149 141 95 14 7 148 55 30 105 17 25 42 127 113 21 67 97 70 85 114 72 111 126 
70 146 79 21 124 41 7 84 104 136 147 83 14 140 30 142 99 120 109 122 64 145 2 106 80 51 137 43 144 150 97 75 131 107 28 116 35 10 85 58 69 60 82 6 38 119 141 102 17 88 12 68 134 113 135 57 46 73 34 96 27 18 8 50 1 42 148 86 71 128 5 112 105 138 13 72 115 55 54 53 9 56 78 40 52 123 92 139 127 16 101 77 67 37 125 49 143 100 114 32 15 22 110 25 23 3 126 
85 90 132 147 117 9 87 64 96 62 53 71 78 128 77 149 10 72 95 70 119 91 126 131 67 109 141 50 99 116 102 83 79 143 13 148 133 93 19 146 34 29 84 7 123 98 94 39 136 52 76 8 137 130 2 110 36 57 105 54 81 5 104 63 118 45 46 92 111 138 41 4 31 32 88 139 125 75 61 59 51 112 135 25 103 33 28 150 27 1 113 144 120 122 127 66 35 124 114 145 74 69 47 26 14 42 65 107 
100 29 11 44 113 109 4 103 64 116 99 119 76 71 140 35 108 87 46 43 8 84 58 10 88 63 80 48 132 65 51 77 126 91 50 148 40 115 112 125 94 79 55 83 26 102 129 136 5 22 57 36 72 75 54 17 114 24 31 85 1 89 6 127 122 81 68 105 130 124 14 33 147 67 30 20 98 144 137 107 131 121 56 97 25 52 145 78 7 101 93 70 61 90 13 104 47 111 32 82 27 73 149 28 41 39 138 110 
92 125 103 32 105 106 132 42 9 21 58 7 135 109 3 79 144 133 62 54 49 40 98 19 114 2 78 12 22 139 137 111 17 85 69 60 142 46 126 34 87 41 11 119 68 37 74 16 145 29 63 53 134 130 138 110 28 83 4 121 96 122 13 59 93 113 72 48 15 86 89 27 90 52 147 20 112 24 45 123 10 104 75 100 23 120 128 115 136 94 31 64 108 77 30 150 82 81 101 148 102 127 47 70 140 57 107 71 84 38 146 56 5 61 141 97 50 
130 95 127 109 24 33 53 128 105 58 123 82 39 73 81 14 92 43 19 52 114 75 144 85 90 96 100 42 6 45 113 65 119 125 91 64 148 111 149 150 22 63 132 133 13 16 38 88 36 141 129 35 62 86 147 103 5 143 79 31 11 55 15 32 146 108 68 18 107 112 136 4 9 25 50 93 2 21 135 26 27 30 83 44 102 142 60 101 126 78 23 94 56 71 28 80 3 66 98 48 7 124 47 134 34 140 70 74 59 104 118 139 115 29 54 97 17 10 12 
15 149 134 90 71 96 16 110 117 64 106 35 10 132 51 139 23 138 99 75 145 108 17 77 30 97 105 128 127 74 33 22 11 146 14 66 86 24 9 82 68 115 79 57 48 85 52 50 37 101 20 36 12 69 4 116 45 62 104 8 3 141 120 28 147 49 107 1 78 137 38 124 2 130 143 89 76 46 119 95 100 142 7 39 103 121 112 91 113 21 135 18 26 56 70 61 55 98 67 27 88 123 6 73 32 43 80 44 59 111 140 129 150 126 5 60 
19 3 54 61 108 87 133 129 149 16 114 27 22 125 141 127 47 136 107 112 17 1 132 140 58 135 116 142 57 64 48 34 105 6 23 49 80 72 9 94 98 26 45 100 8 66 39 106 121 83 35 15 11 102 145 40 10 52 5 50 131 55 29 4 110 56 134 70 85 137 37 111 99 75 128 88 30 74 59 103 69 122 14 43 62 92 65 101 33 90 2 124 86 81 126 82 60 25 84 148 93 18 73 71 24 67 119 143 120 130 77 36 113 76 68 51 123 
59 35 31 79 52 15 3 42 27 55 117 144 135 138 60 22 127 112 1 57 63 149 111 48 85 83 99 81 11 40 105 28 93 91 53 29 98 100 124 80 92 34 58 16 129 7 14 126 12 114 44 128 41 118 9 142 56 94 24 68 89 71 146 115 145 54 122 10 131 75 51 21 70 18 62 97 17 95 104 136 72 113 8 38 26 88 86 82 46 2 102 103 140 25 19 13 150 73 5 120 119 137 125 47 36 109 101 61 33 45 76 121 6 49 106 32 90 
11 110 117 135 137 3 101 35 108 53 125 5 98 81 144 31 72 89 15 123 69 80 60 43 141 109 91 65 20 58 2 128 139 87 126 114 61 99 64 40 136 13 100 85 83 106 134 24 16 96 140 29 86 41 148 17 28 95 59 73 113 25 30 21 121 119 103 51 12 124 147 77 45 50 4 131 74 127 146 70 32 63 78 66 105 79 22 138 120 47 97 38 88 132 145 129 52 116 82 33 111 49 27 68 48 1 
35 83 77 56 2 54 44 117 28 8 116 150 80 141 43 79 19 149 34 114 133 68 66 37 93 17 127 91 89 97 92 96 84 123 14 3 139 15 142 30 90 144 33 29 109 95 81 62 13 60 9 24 58 26 71 57 20 22 100 51 59 41 124 82 88 65 128 73 131 105 110 16 126 87 94 132 134 52 118 129 122 27 63 113 103 74 40 23 69 42 31 119 1 125 12 86 39 67 7 99 55 130 70 72 146 106 140 101 10 104 
140 3 58 97 138 62 35 76 53 41 113 130 39 2 147 37 10 135 52 87 33 84 99 119 16 136 54 89 28 144 91 124 122 50 112 145 51 20 132 61 120 65 68 128 137 56 83 43 90 18 21 103 15 4 47 25 75 32 94 149 86 118 66 100 48 102 59 24 150 30 111 78 114 73 36 108 93 143 96 8 133 81 38 7 105 104 19 64 88 22 77 26 74 12 148 92 142 125 126 134 117 139 146 109 
130 75 40 82 124 8 52 110 111 126 139 145 70 35 109 69 129 104 101 132 37 12 43 85 9 137 74 54 67 44 133 79 91 150 120 90 136 86 73 118 20 88 2 97 19 140 32 93 56 143 38 102 11 61 42 23 25 46 65 149 107 106 29 78 80 114 116 62 22 51 53 84 63 5 21 3 92 64 30 117 59 7 112 128 115 57 141 26 18 103 94 105 138 58 71 28 77 49 146 95 39 83 48 135 148 108 13 
133 130 86 60 134 131 38 16 115 129 143 84 28 15 58 23 41 62 10 97 79 80 103 78 107 94 123 34 88 146 109 113 22 145 29 101 27 59 87 106 40 92 21 61 52 13 144 47 68 71 46 82 4 26 6 53 124 5 149 31 136 67 33 30 32 42 77 114 126 90 70 112 102 19 116 20 99 9 74 128 8 139 18 110 96 57 14 1 49 135 24 141 44 85 132 138 25 76 43 83 35 17 104 39 95 55 127 63 108 81 7 
71 17 11 111 126 39 149 115 99 25 148 76 64 106 69 91 32 129 53 132 116 142 144 44 47 119 89 56 108 130 100 145 12 120 30 23 42 117 79 72 103 48 36 122 51 85 78 102 123 61 93 34 28 10 96 4 31 74 92 118 84 62 75 136 90 21 150 13 18 107 26 33 110 128 41 60 3 137 138 97 113 109 55 88 67 19 66 77 65 20 124 139 43 6 94 52 2 9 101 131 104 27 35 16 114 7 141 5 58 68 133 112 143 22 50 
89 140 127 84 132 91 24 139 31 2 17 46 52 32 115 95 90 30 75 123 135 145 94 112 76 65 82 53 62 105 104 42 96 69 44 150 6 129 110 61 108 21 41 20 9 72 40 73 64 29 101 146 126 103 12 107 116 54 57 10 98 36 106 7 85 114 109 77 93 113 111 14 86 117 119 136 131 58 133 83 23 8 99 149 56 128 49 55 39 60 4 130 38 37 16 138 19 122 1 80 25 78 70 118 28 66 141 22 33 71 
146 80 55 70 105 2 84 34 131 54 111 124 12 67 104 28 98 86 13 109 145 122 77 129 87 144 108 22 32 58 118 112 143 30 43 33 95 78 61 148 72 15 36 9 150 24 91 120 149 75 141 23 117 62 20 100 140 132 114 142 52 128 138 90 60 107 102 110 46 123 37 8 119 69 66 38 27 18 31 121 45 82 92 76 113 35 125 16 65 49 68 85 97 3 130 101 63 127 133 26 11 47 93 41 10 42 136 94 126 6 99 17 44 5 7 14 29 
140 81 84 86 55 27 90 97 128 74 57 10 38 133 88 130 100 14 70 72 51 41 98 127 76 50 117 75 116 61 102 7 59 8 20 40 25 136 91 63 56 101 39 9 19 62 87 145 5 125 44 26 6 147 22 105 129 45 28 60 99 143 148 31 42 138 33 95 46 48 82 139 118 108 77 106 65 119 124 11 58 109 36 66 15 104 112 43 78 92 34 21 120 80 144 93 29 150 131 96 37 4 3 122 1 64 68 113 49 67 123 47 17 23 111 32 
48 20 110 14 64 93 101 54 30 24 141 6 18 137 127 12 150 23 63 4 74 28 9 145 61 89 37 17 123 19 96 138 125 108 91 7 82 2 95 113 55 103 31 118 126 133 87 40 69 44 80 104 26 94 16 131 25 36 32 73 85 75 46 120 47 90 79 8 129 116 67 146 58 111 86 56 130 50 115 59 132 84 136 119 39 5 134 33 122 83 57 121 29 43 71 49 128 10 68 106 76 135 
117 147 99 126 116 108 14 107 83 140 95 105 21 40 93 127 134 142 103 31 3 7 13 64 53 5 148 150 42 1 30 128 110 133 56 76 125 136 67 90 26 22 20 118 25 59 50 39 23 81 94 88 91 114 57 112 96 106 47 113 43 87 45 111 70 19 92 145 73 135 130 2 18 27 24 16 17 29 86 37 33 15 51 89 46 61 63 12 77 36 120 38 68 66 121 84 123 
125 137 102 45 29 108 146 48 90 91 135 120 121 65 70 109 31 4 87 106 122 84 27 40 5 133 72 62 35 103 126 141 123 23 71 7 1 41 117 81 77 118 22 150 69 9 138 12 33 2 116 96 79 43 119 114 132 58 38 56 94 75 97 140 76 129 52 15 95 14 26 53 25 60 148 28 49 3 89 36 98 92 83 82 64 100 32 57 20 131 61 134 127 105 85 68 136 50 128 10 19 59 144 11 17 51 24 42 
66 40 38 110 36 57 145 61 25 70 137 127 72 59 54 92 99 113 96 84 7 80 3 140 139 55 144 83 30 133 41 16 47 29 135 15 118 68 10 14 6 64 98 24 116 94 130 35 73 52 91 111 131 114 5 79 93 141 78 108 77 115 9 125 148 19 119 95 53 20 117 50 8 126 58 150 86 39 123 4 107 112 67 65 122 147 45 128 142 31 34 75 129 90 43 102 105 85 13 136 89 82 49 109 2 28 46 146 71 21 76 124 27 42 149 
113 143 38 2 112 65 149 91 148 33 93 103 109 144 14 70 72 27 76 96 128 132 52 114 18 138 21 3 104 90 20 63 55 134 4 15 37 39 9 127 26 84 95 115 48 117 124 98 142 92 119 56 67 106 54 81 111 136 11 107 5 87 83 7 78 141 8 25 88 97 41 125 145 47 10 147 42 80 45 30 32 129 122 69 99 118 79 126 94 43 31 24 64 34 50 85 36 68 135 131 58 12 75 108 6 120 102 17 16 101 23 137 53 121 82 
23 82 116 29 71 105 107 126 145 78 31 6 130 9 28 134 129 142 15 137 20 88 35 121 81 148 26 51 34 96 63 74 139 86 122 92 135 14 68 141 39 97 50 38 56 52 79 5 33 57 53 94 100 75 104 124 109 16 66 128 44 61 115 13 84 69 7 4 25 49 133 91 40 108 55 18 36 106 136 22 111 132 30 8 2 140 89 42 146 90 95 60 99 47 119 150 48 102 43 12 143 73 114 98 1 113 24 118 19 46 70 76 45 117 77 
22 53 140 56 121 10 102 141 26 34 104 79 85 63 13 60 117 116 95 61 31 126 46 64 40 18 137 93 83 105 4 42 70 73 37 47 74 98 44 149 119 120 106 14 3 43 28 115 123 72 54 52 48 143 84 41 35 80 55 62 127 142 94 6 97 68 39 129 111 15 81 92 71 124 101 27 96 45 118 20 150 82 30 112 99 5 8 65 24 76 144 67 136 113 11 148 125 25 75 133 17 87 134 100 107 78 146 122 135 128 32 109 89 
68 8 90 41 148 138 116 108 31 40 79 22 139 102 83 133 119 69 65 146 49 141 80 76 89 6 64 134 29 20 123 71 33 114 87 50 48 32 93 52 72 45 9 16 97 113 1 42 144 117 147 58 10 101 62 59 125 66 61 124 43 19 140 135 86 112 122 36 107 67 103 15 34 111 136 115 77 24 127 55 137 84 70 150 18 81 98 4 5 44 74 105 85 75 13 104 39 129 27 51 73 21 14 106 96 78 145 94 120 121 
140 9 116 19 23 25 43 27 55 150 79 37 84 14 82 12 59 146 105 51 44 5 33 122 112 121 87 88 127 111 133 85 72 100 16 78 63 38 21 7 17 56 62 104 97 96 74 126 15 35 123 75 58 65 130 31 42 119 48 41 68 47 28 124 3 102 125 147 2 34 99 54 32 50 136 76 115 92 77 139 149 101 71 73 129 22 118 98 49 134 137 52 109 18 107 67 70 108 6 94 145 110 60 114 53 142 141 95 120 24 46 39 10 135 4 
103 126 41 1 11 148 100 3 90 60 55 82 107 122 40 139 136 86 94 79 127 142 137 9 28 141 135 133 121 110 47 119 134 25 59 50 46 2 18 65 149 37 30 70 140 105 19 101 15 93 144 83 31 131 150 12 24 128 26 109 104 68 129 43 48 89 27 67 87 132 102 8 52 91 123 125 115 85 145 77 108 51 61 66 23 111 16 88 124 39 17 114 29 81 143 112 138 5 45 106 75 7 95 78 80 130 49 6 113 22 42 72 
101 117 16 120 47 99 143 52 150 17 77 72 70 109 73 65 119 80 76 138 21 88 29 82 57 71 43 9 135 124 23 48 110 69 32 87 18 114 51 132 84 2 67 90 103 11 92 95 121 34 3 126 33 123 64 100 4 130 148 1 45 38 27 94 118 61 146 37 142 108 6 141 7 127 104 20 35 78 122 53 59 134 44 68 136 25 54 131 13 81 83 145 93 125 26 111 39 106 28 85 66 58 102 19 105 40 139 107 149 
88 11 128 118 1 140 141 91 83 147 54 31 104 114 81 110 74 41 108 10 59 42 63 29 93 120 95 85 70 66 123 38 116 129 106 37 18 119 109 84 150 12 99 115 121 16 138 3 87 2 82 134 146 50 92 142 23 17 71 135 94 36 28 46 111 113 78 89 60 5 24 65 101 19 139 55 107 39 20 53 86 76 130 52 131 40 103 15 98 75 57 34 44 47 25 105 133 132 149 56 96 143 49 77 33 97 
69 45 34 148 46 150 141 71 73 37 49 35 126 64 14 61 103 91 130 82 12 62 13 138 86 55 44 140 100 70 42 108 137 29 139 57 52 40 28 84 75 101 22 67 15 25 32 83 95 7 129 115 118 20 96 51 18 116 2 6 94 74 109 33 122 50 105 17 112 143 133 9 85 117 132 88 38 111 114 59 66 1 136 80 99 76 98 31 56 81 26 107 77 30 4 106 149 120 47 11 102 68 63 79 119 89 60 134 104 27 123 87 146 144 
107 110 142 45 74 118 80 10 46 82 123 70 149 127 1 60 76 3 49 129 89 134 65 35 62 84 26 64 119 99 128 97 5 116 67 52 24 126 113 104 102 112 16 50 143 96 100 133 7 19 93 147 28 17 73 120 86 37 92 83 44 139 18 114 42 56 103 94 101 58 63 13 31 71 2 88 69 144 145 29 12 72 23 150 40 105 98 41 121 108 124 30 85 20 32 81 140 146 4 27 54 125 95 25 78 137 130 131 90 9 141 75 51 117 136 21 33 
52 15 3 32 147 60 56 14 90 5 140 97 127 94 31 37 42 125 77 115 141 7 63 49 12 51 103 95 143 16 99 138 30 66 86 142 135 61 13 28 20 133 47 62 120 85 131 102 110 93 38 45 18 108 117 17 112 48 148 79 128 96 100 98 26 6 146 132 119 23 73 92 24 41 80 111 72 104 53 57 113 144 89 130 11 101 59 21 121 54 27 34 22 9 71 145 149 78 122 106 83 36 65 35 81 91 87 8 74 33 126 
115 116 91 48 41 62 143 90 8 17 136 57 53 4 124 97 102 111 103 134 105 123 39 52 120 9 141 87 27 69 45 72 54 28 5 108 113 86 138 100 65 109 42 2 60 43 21 74 144 131 36 127 121 14 30 59 129 11 80 93 51 12 95 148 29 99 22 70 130 32 61 40 56 112 19 58 107 126 75 140 63 142 119 96 20 118 92 3 73 122 23 82 88 35 94 24 1 49 55 16 33 15 38 101 71 79 46 6 84 137 44 26 
13 50 149 41 89 84 141 106 101 126 22 111 114 33 12 25 144 109 97 21 115 1 20 86 2 122 34 28 3 31 110 129 113 105 63 77 44 134 32 146 143 23 85 83 17 75 108 55 18 51 99 19 60 6 88 128 36 47 5 94 68 78 30 37 57 91 127 73 24 58 136 72 130 49 39 98 82 118 42 116 65 66 15 92 140 139 95 10 90 74 7 96 138 137 53 27 14 45 
35 92 16 68 72 50 77 42 89 24 57 140 30 25 36 115 132 44 109 45 43 60 126 75 95 116 63 10 82 90 80 65 142 7 71 79 134 52 106 48 51 58 119 66 15 122 110 8 133 78 94 139 3 37 56 149 123 107 2 61 121 99 141 113 47 1 143 22 150 26 28 100 131 34 62 29 138 38 84 41 31 117 11 146 120 40 112 111 86 14 55 64 12 32 73 88 108 19 59 97 87 33 54 103 147 144 136 148 39 13 104 18 130 
58 42 141 61 26 114 149 98 125 40 35 63 64 91 103 67 41 7 86 121 102 28 118 29 49 1 23 33 45 130 70 38 95 18 5 13 126 12 59 66 10 22 31 27 122 21 142 100 138 53 43 19 17 65 90 32 25 108 75 8 145 143 104 83 50 129 116 120 105 134 112 97 111 137 74 99 20 101 56 68 123 36 148 55 4 81 139 124 110 82 37 85 144 140 132 94 2 47 135 117 30 106 48 131 14 6 39 60 92 
91 50 77 97 4 51 109 18 44 60 83 108 29 39 56 85 144 2 88 27 26 137 62 59 15 57 147 33 130 14 134 35 34 86 120 121 3 116 100 124 135 150 9 146 81 128 38 20 36 143 12 111 92 139 110 82 1 76 6 140 87 78 68 125 115 103 89 23 24 74 75 70 69 22 52 31 123 141 42 149 98 119 127 67 43 37 25 30 94 93 117 10 101 104 63 84 133 5 61 55 19 79 21 132 45 114 49 16 66 95 
30 8 120 145 148 70 137 139 77 132 82 33 141 32 46 130 105 147 102 134 54 36 121 60 131 115 27 53 16 74 81 149 61 144 19 92 40 88 59 89 119 69 129 9 104 41 93 1 127 42 24 35 138 146 3 113 123 94 5 18 65 111 110 12 11 126 117 68 140 75 34 26 25 31 17 58 101 2 91 43 114 29 95 67 66 97 38 83 80 14 85 125 100 7 118 47 128 50 20 133 45 63 56 124 6 44 
71 93 123 49 129 18 39 19 12 148 64 97 134 27 94 17 104 150 14 67 113 127 121 85 4 5 53 66 44 84 142 65 82 149 88 75 42 23 109 60 37 144 118 95 33 86 28 108 34 79 90 119 114 48 35 24 68 143 117 115 136 20 83 59 72 98 102 21 145 46 30 100 10 106 112 140 3 45 89 58 122 137 11 47 29 8 92 40 52 126 128 73 131 101 16 32 61 69 147 125 146 25 41 2 81 87 
87 28 117 80 133 86 91 64 69 106 79 26 37 36 57 99 147 85 92 76 101 88 127 53 15 66 18 107 98 49 7 50 43 2 31 149 72 144 93 17 47 11 39 148 20 73 123 55 56 121 27 142 59 115 120 84 12 131 14 90 10 134 82 97 70 150 125 119 122 77 65 146 34 13 30 38 35 24 124 118 19 89 135 40 95 145 62 113 128 51 130 60 61 46 29 104 4 71 136 110 52 42 58 74 108 96 81 41 111 33 137 68 
58 8 108 53 72 148 18 66 22 60 110 38 92 9 79 29 115 107 145 109 6 81 15 23 48 133 126 4 55 13 41 116 52 141 128 19 33 1 7 50 99 93 54 143 63 31 114 46 30 144 83 26 118 56 134 106 43 37 96 112 35 140 28 2 95 139 137 125 132 82 147 89 87 34 5 119 59 51 142 101 49 146 77 61 91 12 64 27 123 80 130 113 124 25 98 75 42 149 90 16 88 32 65 17 57 
16 2 133 5 109 69 95 10 51 131 63 28 50 4 65 86 30 114 47 142 55 41 32 147 140 125 105 37 46 24 72 126 34 138 56 112 104 115 76 99 15 70 149 9 79 96 33 26 111 67 145 106 120 144 39 122 52 103 20 132 80 118 102 8 128 58 124 44 100 42 23 27 14 54 45 89 141 7 101 113 19 75 21 81 49 135 127 22 12 91 136 98 108 78 64 18 60 110 25 73 62 38 107 87 90 13 31 61 36 48 
35 37 126 52 135 28 38 40 63 46 6 77 146 89 144 7 86 79 20 13 11 117 104 72 122 83 128 48 150 142 119 41 123 19 140 24 62 36 51 60 137 14 98 59 16 96 82 94 145 141 22 29 106 21 4 90 50 134 99 9 64 27 97 25 23 105 115 101 39 69 61 44 67 108 70 47 66 12 5 116 120 110 3 58 87 147 10 80 114 92 102 85 32 56 57 95 112 121 139 130 103 107 49 34 15 33 136 
5 98 82 93 65 112 85 72 48 83 29 132 23 18 128 90 36 55 68 127 20 1 87 96 37 38 81 113 88 41 30 77 3 75 138 6 145 13 111 110 141 148 97 142 74 57 70 22 15 45 115 91 140 14 131 24 104 92 144 147 16 40 34 100 62 39 8 118 139 129 108 58 78 133 60 49 33 136 19 105 61 17 126 84 150 106 122 114 31 47 26 137 56 44 53 21 95 102 9 120 59 99 67 125 25 32 107 123 43 124 80 76 135 12 
51 11 149 150 70 68 20 65 81 141 120 18 60 2 41 133 87 97 94 125 78 12 83 121 143 138 24 16 111 114 76 116 47 63 106 22 21 118 9 52 142 19 66 23 89 59 104 101 40 67 109 33 35 132 73 29 95 107 15 6 85 36 53 127 1 108 99 102 75 91 128 117 131 62 100 145 105 86 17 147 45 139 14 84 93 4 7 43 56 50 129 144 92 134 110 103 124 77 13 90 115 38 28 48 42 146 3 148 44 57 79 119 32 137 
57 112 29 83 2 6 25 137 42 129 14 22 125 107 1 55 21 30 127 54 132 122 31 66 13 74 98 9 115 40 93 8 37 72 73 59 110 43 116 104 32 26 148 80 38 124 90 142 19 11 114 91 18 102 39 88 100 92 67 45 141 79 23 139 62 65 101 138 77 144 143 58 135 44 134 15 3 123 60 136 27 99 133 84 10 106 12 117 85 48 52 109 103 20 140 150 118 71 63 75 76 34 46 7 17 96 105 64 35 28 
131 146 121 126 122 110 107 11 115 7 74 53 79 5 2 135 59 83 114 48 47 112 106 4 35 78 30 9 23 44 14 21 137 66 58 73 10 52 43 13 147 140 103 28 132 15 36 148 8 89 130 129 92 17 29 41 136 144 84 69 149 117 25 105 125 100 72 99 55 68 18 45 119 109 102 64 24 38 19 76 86 113 75 62 71 6 63 70 91 20 65 31 57 33 26 96 123 138 85 56 94 51 50 40 116 95 93 34 61 42 39 
17 105 50 39 112 108 101 38 92 91 32 29 72 93 59 66 123 121 78 143 18 80 84 60 27 81 118 15 69 25 37 1 33 149 48 2 110 124 63 6 42 119 117 31 40 142 137 87 46 100 44 129 19 116 54 130 24 36 11 90 141 99 138 106 122 23 114 139 133 86 5 53 102 128 74 76 111 14 47 65 3 97 62 132 82 127 67 79 73 94 55 56 107 45 22 134 8 145 64 57 96 89 43 4 147 34 135 131 10 71 85 
124 35 87 138 83 144 55 54 142 132 2 115 102 114 125 13 50 57 3 1 53 8 63 113 52 92 105 10 96 42 130 79 69 32 65 7 24 137 31 117 36 48 89 93 121 59 98 136 97 47 39 129 21 49 51 58 122 103 74 60 64 95 110 128 127 107 133 26 81 9 141 70 123 11 118 135 16 112 139 66 72 91 56 86 126 94 106 45 61 80 75 99 22 46 5 20 25 109 19 148 149 38 34 111 134 90 120 145 68 23 14 88 4 82 37 33 
113 57 101 11 112 99 42 100 103 145 35 16 41 129 25 40 47 147 2 4 71 60 150 127 96 36 56 31 102 72 43 64 123 107 44 149 65 48 39 144 139 115 18 138 21 118 135 22 28 126 89 146 32 117 86 9 50 133 110 17 141 37 87 81 55 90 27 124 75 111 97 80 24 63 38 95 132 79 92 140 114 12 6 62 120 61 78 69 59 49 30 26 74 29 82 73 98 51 83 8 66 94 93 67 10 148 33 119 53 143 116 121 134 14 
7 121 89 75 2 90 66 118 142 16 14 42 146 141 112 115 23 10 99 85 71 45 93 129 128 114 122 58 100 65 147 145 111 94 25 78 107 74 27 15 108 139 77 24 116 51 96 34 8 64 62 113 29 127 67 21 35 70 13 22 105 133 134 53 18 137 72 32 87 4 140 9 48 150 60 56 36 104 119 19 117 103 82 148 84 30 39 124 126 80 26 41 69 50 68 5 12 47 43 40 6 136 131 52 46 44 88 31 17 95 97 1 3 83 143 54 123 125 
113 24 97 92 42 74 3 129 141 5 57 62 7 77 23 96 88 48 138 133 53 55 76 22 121 60 33 124 61 64 38 68 78 107 131 108 103 20 85 109 110 13 84 146 136 144 28 31 145 94 80 122 143 67 135 37 54 132 10 91 79 72 119 70 99 150 120 148 46 115 21 127 52 63 27 59 32 11 44 4 14 98 105 45 86 1 6 51 117 65 128 25 116 149 15 104 75 19 39 12 8 101 111 95 83 126 100 142 139 17 125 9 34 118 93 140 
64 2 68 106 124 105 34 84 115 70 113 110 41 125 147 35 36 87 129 45 24 111 135 73 133 43 112 9 69 101 22 91 121 146 16 90 62 8 150 148 14 48 32 65 38 100 61 20 114 28 26 63 142 52 58 103 23 6 136 120 10 75 33 94 108 49 86 149 81 54 21 12 119 143 141 5 109 57 76 42 128 13 95 19 27 72 144 89 17 37 116 104 92 79 126 145 102 66 46 44 134 40 30 47 74 93 
135 49 41 24 60 18 123 98 70 119 30 65 83 22 147 111 93 38 39 91 139 136 133 34 6 142 10 113 96 120 80 131 66 124 11 54 75 126 78 118 82 76 12 86 25 15 13 1 116 88 121 33 145 85 106 53 103 29 45 43 144 94 62 74 55 28 107 4 72 44 137 50 19 8 21 67 101 58 84 64 108 27 104 16 69 105 46 56 26 77 23 149 2 59 14 3 112 99 114 95 102 115 73 122 130 
88 133 10 114 97 63 42 105 47 37 2 146 120 6 40 126 78 11 29 60 28 118 96 58 147 142 51 92 129 74 144 41 141 91 132 117 110 149 80 24 19 31 56 57 102 71 76 99 95 55 94 16 79 62 145 106 38 83 13 139 46 135 69 30 86 107 108 20 33 127 148 85 123 34 68 52 15 54 67 84 104 17 66 75 43 111 1 125 50 137 9 140 49 98 45 131 26 48 113 77 25 21 81 32 121 70 39 93 53 122 115 
144 58 71 150 20 132 25 107 29 69 127 101 104 68 145 13 57 88 50 14 16 1 54 62 65 75 8 3 100 117 24 148 44 141 5 124 142 98 40 149 33 51 138 38 49 122 110 4 90 116 112 84 11 21 46 6 77 114 56 89 52 79 113 34 30 41 67 82 26 130 73 136 123 47 120 55 96 37 12 105 97 87 81 9 83 23 143 133 115 76 95 103 32 106 109 129 126 2 140 147 19 17 43 72 118 80 15 28 53 45 64 
26 99 61 123 10 56 47 79 149 67 74 81 76 98 30 90 106 113 70 58 121 12 72 20 54 111 13 8 36 21 43 133 71 138 124 2 144 137 27 42 88 82 129 57 40 18 135 148 104 52 87 128 11 122 55 141 75 46 84 146 49 9 73 116 83 134 14 66 108 23 109 17 69 102 64 95 29 3 22 119 39 4 105 32 80 94 85 59 45 24 68 126 120 93 25 78 143 63 33 51 142 6 19 48 117 37 132 
123 68 138 73 13 40 56 32 18 79 45 146 5 62 109 96 22 102 7 117 145 24 81 42 108 99 3 82 54 16 120 33 43 14 111 135 94 147 30 90 38 76 67 60 89 6 105 28 85 37 34 118 8 57 59 119 113 9 47 139 104 20 84 63 126 112 2 21 103 49 46 86 92 137 29 10 64 142 115 87 4 72 17 31 25 88 75 26 51 80 148 122 95 39 97 130 52 15 66 12 128 150 35 53 74 110 50 134 101 114 100 107 83 125 133 
61 147 21 83 106 6 70 33 84 125 40 109 82 107 56 144 127 42 93 25 23 57 139 73 19 135 58 29 49 18 96 55 31 20 120 108 9 124 68 35 87 110 121 64 51 15 11 90 142 141 136 86 113 129 28 145 16 72 53 50 3 114 85 38 133 74 137 148 105 27 140 26 54 66 130 117 134 101 112 48 37 97 69 115 30 102 128 39 46 67 65 116 78 89 47 2 92 71 100 146 63 62 80 122 1 59 45 123 119 103 60 88 10 138 43 99 143 149 
135 106 138 58 104 148 63 142 78 12 116 28 4 87 105 26 35 128 145 96 80 57 84 23 15 149 90 55 68 125 31 82 2 6 74 65 118 45 124 67 102 37 16 150 44 73 10 9 79 137 69 134 76 54 113 86 97 43 77 22 5 71 40 59 17 14 62 21 47 51 61 108 91 89 13 133 88 114 93 139 53 111 25 18 50 72 19 85 130 121 126 75 70 1 32 131 48 11 119 3 101 66 147 56 120 24 64 122 27 33 41 144 92 140 52 29 
66 140 86 148 32 107 145 27 103 5 61 102 58 34 129 106 108 122 21 44 89 120 94 49 41 134 52 69 54 111 130 144 60 104 36 55 87 75 93 79 67 138 3 2 147 20 18 24 139 12 76 68 81 8 45 64 9 110 40 123 118 53 39 29 135 127 91 109 16 146 37 6 121 48 65 115 128 133 124 116 15 82 17 90 56 141 26 7 131 113 57 101 50 117 85 77 19 95 30 78 132 112 10 84 83 99 1 59 46 
130 1 117 34 79 102 93 137 116 118 43 70 71 80 46 28 67 6 140 114 104 129 3 16 134 74 133 58 44 40 108 59 145 55 131 141 109 38 49 11 85 61 31 136 2 45 121 119 86 72 84 148 135 94 47 66 12 124 78 57 149 75 52 26 15 105 60 112 68 91 142 24 23 51 101 36 90 73 95 64 4 110 10 17 14 123 83 29 30 138 35 115 87 122 69 8 32 48 33 41 20 27 39 144 139 113 
143 34 91 24 42 58 112 123 66 134 74 26 99 13 116 25 79 40 141 81 78 126 6 100 144 118 130 33 57 41 142 102 55 64 39 16 10 43 19 104 7 137 128 37 65 20 109 21 115 60 129 131 59 127 108 32 27 35 150 3 76 107 90 23 138 92 145 111 28 56 85 9 89 44 15 75 67 14 136 140 1 72 22 50 113 148 119 29 38 84 125 51 69 133 71 11 139 4 147 52 121 146 30 105 17 87 61 77 2 
149 9 148 134 86 29 81 150 122 146 70 90 128 26 31 45 41 25 67 107 139 66 58 69 115 4 13 78 44 141 106 105 63 119 132 19 54 57 112 136 98 142 7 76 50 110 109 20 121 71 123 52 118 43 56 49 46 35 138 93 94 48 18 147 68 82 80 84 23 65 42 96 104 114 38 59 89 36 64 103 135 27 85 113 131 130 127 111 61 102 79 125 15 145 129 28 8 143 92 3 116 83 6 11 126 77 87 37 140 10 75 120 51 16 33 
87 127 102 26 147 116 38 40 36 68 114 5 79 63 88 30 109 121 118 22 108 59 20 94 8 55 124 137 7 126 103 142 42 15 148 128 123 31 3 111 72 81 51 122 133 62 16 80 44 1 10 120 71 130 138 73 14 45 105 24 140 34 134 19 18 58 29 141 117 65 61 135 77 131 25 27 32 70 91 119 82 49 85 9 104 4 110 143 67 106 39 136 86 2 125 21 43 145 41 74 149 66 139 52 98 46 112 83 93 
22 34 138 122 145 131 107 10 125 87 150 121 78 38 30 51 7 12 65 143 88 53 43 76 140 67 77 41 139 21 40 49 69 64 141 19 149 9 104 61 96 36 27 63 102 57 45 3 15 32 39 47 17 66 5 62 74 112 60 115 28 1 144 148 116 80 126 130 137 113 29 142 26 110 83 93 123 59 52 42 73 134 23 72 95 6 48 75 85 2 91 97 81 132 35 68 31 71 120 44 94 127 89 50 
101 89 14 90 26 121 10 119 67 134 74 95 92 15 84 20 142 12 146 55 43 48 77 32 93 66 99 125 117 85 80 122 118 83 62 144 140 56 97 40 143 98 34 49 110 115 100 13 136 94 18 8 59 104 22 68 88 51 132 52 73 107 63 103 23 71 2 96 106 124 57 37 116 25 105 81 130 47 36 3 19 9 82 39 126 113 138 131 61 79 27 120 21 11 58 137 127 60 4 135 38 46 5 112 78 42 24 65 
40 53 63 45 15 102 12 116 32 35 38 5 140 128 8 126 41 107 66 138 118 25 22 124 78 10 127 136 147 130 85 70 37 3 16 121 55 91 50 71 80 65 34 39 27 7 129 81 134 149 119 125 89 62 77 96 33 67 139 105 106 88 42 84 17 148 68 132 9 146 141 113 48 82 87 11 57 64 108 4 46 93 54 120 47 72 99 43 94 137 28 14 13 135 60 2 114 44 100 49 131 86 145 29 26 150 
13 90 116 36 131 43 137 58 87 50 100 25 60 146 41 133 20 78 12 14 77 8 96 127 101 2 88 1 18 66 24 40 111 129 121 150 35 110 3 71 148 140 33 79 72 139 37 106 63 80 92 65 91 57 22 61 75 117 145 123 5 53 6 95 16 52 143 126 46 73 62 112 144 130 28 109 30 81 86 45 102 34 89 32 10 138 64 19 51 29 97 48 67 74 93 38 120 119 125 39 99 142 47 15 70 105 122 136 124 132 59 107 26 98 21 9 49 
83 30 62 84 13 118 55 81 64 59 104 38 56 113 142 12 114 43 1 128 9 97 129 117 106 34 66 58 51 63 80 124 31 141 25 143 125 93 149 21 77 7 127 68 39 16 37 89 61 71 65 90 99 14 52 145 94 11 116 126 120 4 35 140 69 95 91 100 15 36 5 47 46 40 42 78 17 132 86 102 82 60 33 2 28 150 3 88 115 121 50 148 19 44 98 41 18 92 139 137 26 144 29 138 122 123 73 32 131 79 87 146 119 54 108 134 45 103 27 
52 141 109 3 149 144 78 67 1 74 21 15 140 65 107 32 12 29 31 2 83 14 54 19 28 71 63 26 128 132 129 150 34 136 138 36 91 18 60 48 57 104 123 80 70 120 76 102 59 134 146 114 55 115 99 50 130 79 42 24 117 135 9 126 100 16 35 75 111 88 41 127 89 137 124 58 145 103 90 64 47 118 147 94 95 113 125 4 92 105 49 23 27 81 45 112 5 7 96 10 43 30 116 39 108 82 121 44 13 62 69 53 22 84 119 122 133 77 
63 3 38 87 114 124 76 148 91 25 29 79 18 128 129 2 56 81 96 62 102 57 127 68 110 85 48 139 94 34 116 121 109 9 28 65 82 15 22 83 36 54 131 90 6 33 136 5 78 42 144 117 12 51 39 77 47 126 134 20 93 19 98 111 145 27 13 50 26 60 104 106 123 61 99 103 1 137 40 84 35 41 89 122 64 16 115 138 101 133 135 75 130 37 14 108 17 86 66 70 59 80 142 120 143 10 58 21 8 125 150 49 
56 150 22 50 122 115 18 49 86 106 27 42 89 61 120 30 3 96 134 44 12 110 79 31 97 38 52 63 143 53 98 71 88 125 17 113 34 54 107 118 51 139 47 92 103 130 55 109 74 80 75 67 1 70 146 66 133 35 57 94 93 128 137 149 83 145 16 116 123 140 41 76 142 6 23 105 4 13 148 14 60 10 32 5 64 62 111 95 147 90 78 15 25 39 117 135 127 21 24 48 28 119 77 100 40 87 33 132 124 72 2 126 69 65 68 58 46 121 
127 81 93 27 126 6 59 150 94 140 20 100 106 125 130 117 15 16 135 1 74 91 99 72 88 113 56 147 58 48 112 134 43 21 133 70 138 148 120 36 149 14 29 24 8 57 69 87 128 39 61 37 34 11 4 116 25 31 122 32 38 124 118 136 76 137 98 33 18 92 62 142 97 115 111 107 145 46 5 68 141 51 129 9 64 19 65 96 47 82 144 22 3 84 110 114 28 77 12 50 63 108 40 7 45 44 55 139 35 80 52 49 17 104 
70 53 41 100 82 2 12 66 111 77 33 104 87 76 140 25 102 78 125 96 148 62 9 13 132 30 18 109 39 115 124 139 14 21 99 71 26 127 145 28 22 83 11 75 5 133 85 27 17 49 146 94 24 80 42 91 36 56 118 38 37 51 54 48 81 32 79 34 44 50 4 73 64 67 107 84 120 29 117 143 137 23 93 138 20 121 69 134 97 116 45 47 31 19 101 108 147 90 113 63 72 61 135 15 88 128 
50 10 145 85 12 38 143 132 127 6 64 137 33 109 87 47 100 18 68 30 31 69 88 135 65 25 49 39 14 63 58 57 73 129 83 32 130 142 131 61 79 43 92 114 1 134 46 20 67 96 5 138 23 22 21 108 70 2 126 17 77 149 118 4 80 95 72 3 148 59 7 150 54 84 52 107 140 104 98 13 42 86 29 136 133 115 93 62 99 51 60 8 89 144 106 27 116 40 90 41 121 71 37 110 26 56 16 44 35 75 53 122 
98 54 89 81 93 88 46 30 141 28 102 104 40 2 38 97 117 123 143 94 83 43 3 37 127 129 138 57 109 122 24 34 60 1 74 35 48 71 49 124 61 13 100 79 70 140 17 85 96 62 115 39 118 76 18 101 41 11 130 8 114 91 86 134 146 67 99 77 47 9 23 131 106 52 149 66 119 16 51 26 144 21 136 59 50 78 150 139 20 12 82 137 84 121 42 68 14 135 27 36 113 120 132 5 56 65 15 
84 38 73 145 143 123 134 51 117 23 64 68 121 57 49 124 42 140 56 66 146 62 135 98 69 148 110 116 48 105 127 25 125 29 50 24 109 40 10 37 101 16 97 35 8 46 27 33 96 108 59 89 103 112 39 36 70 122 43 106 52 138 19 133 75 60 85 45 53 119 20 74 77 115 99 32 9 14 86 102 139 34 22 147 150 149 88 31 54 12 21 137 67 93 82 41 95 144 129 58 92 44 87 120 128 130 126 118 3 142 28 76 7 79 11 131 91 94 90 
150 145 100 116 21 105 7 73 37 120 26 38 56 126 23 109 15 94 91 131 12 58 46 14 19 80 121 128 34 118 54 35 99 6 39 103 88 40 78 57 1 71 85 31 117 143 20 69 90 89 123 93 30 111 64 60 83 3 4 76 48 84 65 130 141 27 132 112 32 79 95 50 43 33 42 49 2 18 62 97 77 107 133 81 47 147 36 5 61 11 13 17 45 55 8 22 63 86 136 82 72 51 106 115 44 129 74 66 139 134 
36 38 141 9 32 23 75 60 111 145 101 41 142 78 80 72 117 67 131 76 121 124 34 90 20 86 59 12 106 62 53 84 18 25 139 132 129 74 110 138 70 39 130 93 105 135 114 126 58 147 85 116 11 22 128 30 77 148 29 107 57 150 143 28 19 113 136 21 14 5 56 140 91 68 108 146 79 99 89 15 47 87 112 123 7 49 16 82 98 127 88 40 48 1 2 134 73 4 97 94 81 69 65 27 43 33 8 64 125 50 61 102 109 96 
147 108 36 109 82 38 15 13 81 48 59 64 136 144 49 119 121 150 89 85 127 8 137 105 20 50 107 138 122 80 149 117 41 111 2 110 45 76 53 60 9 19 22 61 124 78 146 72 132 44 91 42 65 54 143 4 55 95 17 102 37 1 128 52 115 99 131 68 31 16 26 96 87 103 98 114 58 135 71 35 33 139 69 29 3 14 106 92 66 18 27 83 100 86 104 6 134 28 70 97 101 47 126 142 94 148 113 130 56 88 120 
140 90 107 110 65 114 83 104 124 17 66 33 128 52 125 134 82 118 23 56 115 59 75 8 16 149 49 108 113 137 122 143 29 54 21 100 11 105 6 63 35 12 93 84 86 147 127 58 20 14 43 135 37 129 73 7 5 96 132 146 2 78 4 97 91 123 136 81 51 60 85 10 126 57 94 70 32 22 121 31 46 80 50 47 102 87 19 116 72 120 142 74 139 67 18 44 25 45 92 112 106 145 109 71 55 41 138 
68 58 108 133 30 134 112 66 80 143 87 45 7 145 81 65 14 137 19 86 149 95 93 99 49 139 110 52 10 150 148 50 146 3 113 131 144 55 105 12 29 129 136 103 18 84 102 2 132 141 51 97 74 54 83 71 9 69 20 75 57 40 8 138 140 11 64 117 135 22 63 77 47 125 56 91 28 43 5 31 123 1 79 15 111 59 121 114 16 53 106 98 35 100 89 24 46 109 73 96 61 32 21 76 85 127 37 130 26 90 
20 142 60 85 82 31 126 130 22 66 88 121 45 1 93 55 49 124 26 61 9 127 34 92 145 105 139 108 99 29 62 112 106 104 143 6 68 78 67 144 24 149 42 74 21 80 11 98 65 32 16 87 14 59 129 132 3 76 75 148 64 120 72 57 73 15 141 146 2 43 70 113 40 46 140 5 17 52 56 137 58 23 128 131 39 44 19 30 138 8 97 83 94 36 103 150 95 33 38 53 41 37 25 50 27 102 100 4 86 18 13 7 51 116 89 63 
52 35 39 30 90 144 73 3 29 12 57 80 93 106 135 59 108 67 37 31 87 68 17 88 13 2 71 25 146 109 77 75 133 41 10 70 16 112 113 110 18 139 149 23 5 26 96 47 143 7 43 63 53 66 134 14 46 65 116 131 64 119 28 32 24 128 126 51 94 140 61 8 123 107 99 130 95 105 34 145 84 42 132 91 141 150 114 102 78 22 148 4 72 101 121 89 117 79 44 54 55 49 129 103 36 92 100 104 137 136 60 19 85 
144 58 124 72 27 123 97 67 114 54 64 71 122 25 13 11 126 20 68 4 127 24 103 100 31 3 39 133 30 113 41 82 141 57 89 139 112 43 38 105 62 78 42 128 59 84 120 18 51 148 106 63 33 53 119 137 104 6 142 108 136 107 44 15 75 134 60 9 96 80 86 26 149 29 143 98 125 85 129 87 101 35 22 115 10 88 14 94 140 147 66 55 110 32 17 83 74 34 7 132 28 118 116 150 73 99 70 102 92 61 95 90 131 135 117 111 8 
93 83 33 11 102 37 6 129 95 62 70 84 108 30 69 90 31 42 63 150 92 57 1 148 99 67 71 29 89 5 12 96 18 32 147 97 34 36 61 101 134 19 50 121 136 149 126 8 24 111 125 60 45 82 139 65 86 116 27 58 105 3 133 87 106 39 128 38 78 135 104 46 107 68 43 137 77 75 91 109 51 117 56 53 74 59 100 9 124 15 146 127 112 14 113 49 28 21 131 20 79 141 81 2 55 94 52 
17 16 147 55 20 135 66 50 4 129 105 48 100 148 63 8 82 114 104 81 142 65 84 97 72 106 45 132 40 19 85 61 96 73 41 62 13 53 39 125 91 120 51 29 112 6 78 59 89 90 99 23 30 79 137 44 60 115 76 12 92 149 27 94 64 138 139 121 11 36 146 143 134 31 107 74 144 124 68 22 145 9 56 101 133 113 2 136 108 21 127 70 26 34 71 24 52 54 37 126 75 1 98 117 49 28 42 35 83 130 25 118 86 7 93 10 141 
76 109 89 8 150 81 16 72 27 139 102 79 30 36 28 140 134 86 20 57 23 48 80 103 58 75 66 121 142 29 92 97 96 117 112 110 1 9 62 123 115 51 85 77 10 38 95 43 63 138 14 125 24 71 100 132 84 116 56 13 19 32 107 61 40 133 60 129 68 46 49 6 7 47 35 145 91 73 131 135 144 106 136 83 45 21 108 37 44 147 11 41 42 34 59 94 113 119 33 105 26 87 149 104 122 88 52 143 
18 103 62 16 76 99 77 67 52 104 74 5 81 95 51 149 144 94 7 143 150 32 73 133 2 22 101 122 44 30 43 45 121 145 11 34 102 118 100 115 40 10 147 141 82 13 53 1 108 72 14 33 136 55 66 17 84 105 110 88 37 42 132 31 90 61 124 127 28 93 98 134 57 75 63 113 25 21 39 86 123 27 126 19 128 139 59 117 106 80 60 87 4 3 109 131 138 36 71 38 129 79 54 56 146 107 26 15 46 135 
146 74 91 79 63 40 139 130 30 18 21 113 116 47 129 44 62 104 31 4 135 108 84 38 121 131 65 100 57 85 5 137 99 49 61 6 37 98 71 88 115 58 119 147 105 89 68 3 16 73 92 55 103 144 149 101 12 42 120 46 53 134 51 56 107 109 54 143 7 28 82 95 150 15 43 70 33 122 14 13 78 45 90 128 69 39 148 140 125 106 50 67 34 145 102 111 22 77 133 27 114 117 123 87 93 41 59 36 9 86 48 141 35 29 138 76 66 17 127 2 
57 99 126 41 35 6 74 59 53 18 51 33 96 131 48 9 27 118 19 44 105 20 103 110 31 119 67 104 148 87 107 106 98 25 112 108 143 132 30 73 140 10 63 2 13 130 28 122 115 38 36 91 43 75 14 66 69 62 50 147 90 79 146 128 72 26 80 60 136 21 45 55 17 39 101 134 56 81 83 85 137 40 61 37 100 135 102 109 11 3 86 52 54 77 94 84 141 113 111 16 123 139 68 5 42 34 138 125 116 117 129 121 
72 17 139 95 50 98 40 110 146 45 36 55 34 84 88 24 109 132 80 135 4 122 64 16 59 23 3 20 147 73 35 86 148 76 52 103 138 8 116 144 96 31 120 77 46 79 107 2 14 29 87 54 131 99 66 94 113 5 25 47 11 125 42 92 43 37 78 74 121 67 83 19 136 6 32 137 53 130 1 129 21 10 44 114 141 105 56 75 149 106 39 15 126 119 58 100 51 22 41 117 127 49 69 57 93 7 150 115 48 108 62 9 
80 16 32 56 82 41 117 62 115 85 22 139 42 17 111 86 34 113 96 66 126 71 20 60 105 27 35 26 97 73 50 65 79 149 109 146 52 14 120 58 10 40 118 124 150 94 55 148 99 28 1 83 31 107 91 122 103 9 64 68 145 81 123 87 2 141 112 119 44 88 45 104 49 125 137 7 106 47 143 144 61 51 30 5 140 53 19 90 23 92 138 98 84 134 59 13 127 4 38 121 74 57 43 131 114 15 24 69 48 25 132 128 11 
82 115 71 42 139 68 126 20 64 119 58 40 31 37 16 111 13 140 128 47 54 123 14 98 94 63 142 114 138 99 33 141 48 65 22 101 24 147 62 102 107 56 61 30 2 67 145 1 95 120 32 84 118 150 39 23 7 70 76 52 127 66 108 143 73 49 100 103 75 11 41 146 96 35 97 38 135 51 18 93 113 89 72 50 132 10 106 34 104 112 109 46 27 116 133 29 91 8 45 69 149 78 83 26 53 21 
70 138 48 23 9 145 87 148 51 71 13 107 5 74 75 100 64 55 30 80 146 129 82 103 15 121 137 67 119 96 20 125 36 44 143 35 147 111 133 45 128 132 4 73 52 115 114 139 97 56 149 112 2 33 50 66 19 29 17 49 16 90 3 124 113 18 99 32 126 43 83 11 38 7 116 63 105 134 122 79 101 127 6 57 42 37 53 86 62 89 102 31 77 98 104 10 28 24 118 120 95 8 12 136 68 
147 80 148 27 79 48 81 117 53 10 44 90 114 40 135 87 85 125 20 16 127 34 131 28 67 73 30 18 12 128 46 21 76 32 137 83 6 50 140 92 55 120 101 2 105 49 1 108 64 31 133 91 62 139 47 111 138 25 71 129 146 17 72 45 51 15 8 118 103 119 144 70 13 142 37 96 99 121 124 42 29 116 115 104 26 65 150 130 123 23 19 39 77 102 82 38 58 41 35 112 110 22 136 63 106 57 84 141 
72 66 53 94 107 35 80 135 145 98 146 126 106 47 28 21 141 111 27 59 124 114 85 14 121 109 61 52 92 42 6 1 88 23 10 96 87 132 91 46 140 93 97 75 40 108 30 11 120 73 16 48 84 100 60 8 142 70 55 62 95 24 39 18 45 149 113 49 123 110 136 54 122 67 76 104 118 50 83 9 32 150 64 144 2 139 65 125 89 58 134 77 56 13 51 81 130 22 86 3 147 148 33 131 79 90 4 26 143 20 19 37 17 
60 131 139 14 32 95 100 73 9 127 78 59 123 74 13 120 136 26 117 83 113 3 30 55 42 62 25 137 63 54 101 98 105 118 88 103 129 114 92 148 121 108 141 27 86 20 143 57 7 12 109 75 97 68 125 70 80 19 145 61 66 84 69 146 96 29 116 8 11 71 93 17 135 94 72 124 111 122 6 58 133 65 1 147 126 102 53 81 44 41 40 33 99 48 64 85 22 45 36 76 112 34 23 46 115 107 110 31 106 39 
149 2 67 78 123 41 122 59 83 47 121 43 39 62 146 6 108 142 97 144 147 33 88 85 46 117 124 90 99 34 57 5 137 72 138 112 93 102 36 125 134 40 7 103 61 81 20 95 89 118 100 84 128 13 127 96 107 115 42 60 77 110 4 30 120 139 55 63 56 64 132 130 28 16 58 116 53 71 35 82 133 79 22 92 106 113 54 44 94 140 126 48 37 24 18 23 109 9 150 50 75 111 87 
63 86 36 30 81 141 39 148 61 88 1 107 66 44 32 89 43 138 50 91 8 2 131 106 111 99 74 25 62 42 117 94 132 114 79 121 14 118 78 31 52 54 16 100 46 58 115 75 34 103 19 97 49 56 22 12 70 59 124 53 57 143 137 48 29 47 27 3 38 84 127 102 11 26 122 109 69 40 20 17 140 145 116 87 77 150 149 10 60 134 13 68 120 98 55 142 125 82 65 146 7 104 51 112 123 35 133 37 6 128 
98 33 5 79 36 37 57 127 146 89 7 56 103 131 108 12 136 121 43 53 82 132 1 97 119 80 93 143 42 68 112 61 109 104 23 141 11 59 120 49 71 149 110 75 74 26 62 41 117 19 46 101 29 34 65 16 66 83 113 81 147 123 8 118 76 90 47 38 126 39 95 17 92 35 111 73 100 86 9 69 21 134 32 128 129 18 148 58 122 28 150 55 94 102 107 3 10 60 106 139 105 84 4 144 30 116 142 135 44 20 140 72 145 31 78 
99 104 50 17 18 39 91 125 126 47 46 150 7 83 43 77 52 55 117 110 63 8 116 128 37 143 35 112 25 60 12 132 33 51 73 29 87 31 48 136 49 103 115 101 109 4 113 5 92 22 118 130 139 123 79 105 34 1 71 67 11 106 131 135 57 38 64 24 102 127 82 53 84 107 10 119 28 13 36 129 26 140 65 68 95 41 80 81 97 96 94 62 20 85 124 69 98 145 142 141 2 70 111 100 93 44 16 6 
76 73 146 120 58 100 30 22 133 20 39 113 123 27 6 131 135 12 48 90 33 60 96 3 36 125 105 134 70 107 47 49 65 26 84 121 46 138 5 117 64 61 79 126 141 93 101 15 89 50 150 37 143 108 124 129 63 130 40 83 112 86 99 69 24 145 87 56 104 122 142 66 149 44 127 137 16 119 71 128 97 110 23 1 95 29 35 109 34 144 45 9 52 81 115 32 103 116 62 21 98 80 18 4 31 132 85 13 72 147 41 118 78 25 11 140 94 17 114 
121 52 103 44 17 18 41 72 9 109 138 94 105 124 95 60 133 62 120 47 74 28 148 10 35 12 69 100 34 91 33 110 38 104 106 112 78 97 46 141 81 150 51 127 32 23 144 143 43 6 61 129 126 19 21 119 4 45 1 15 113 50 111 65 115 79 90 136 5 85 40 54 96 101 117 67 16 64 30 20 22 76 142 3 82 36 68 59 98 39 13 26 130 55 99 66 73 108 149 42 87 132 86 77 70 27 71 139 135 58 56 145 102 118 137 
27 78 149 137 69 3 80 51 100 53 101 150 148 99 60 125 41 119 22 2 132 64 40 61 72 55 121 70 48 57 115 5 58 129 79 1 8 140 138 134 11 4 76 49 128 92 16 114 96 36 26 14 83 67 23 45 122 19 90 91 147 97 86 106 39 18 146 123 94 77 29 120 68 130 73 145 84 56 105 44 109 103 118 37 126 50 17 136 28 71 143 35 139 42 20 133 59 66 85 87 98 31 6 33 30 88 47 63 62 24 7 81 112 127 9 65 
15 116 121 56 32 77 102 101 54 11 21 76 28 97 49 61 58 139 89 90 140 24 104 88 41 84 80 79 74 130 25 87 31 2 94 45 1 100 16 99 117 75 92 71 66 95 64 40 148 105 111 17 143 70 138 39 145 4 78 59 68 91 150 8 42 19 123 83 132 51 108 35 33 81 63 62 43 86 26 133 149 67 98 115 107 36 57 137 23 119 136 93 147 14 135 20 46 109 113 124 22 9 12 10 
7 35 31 92 37 124 48 140 91 114 112 69 87 62 117 118 22 138 123 134 115 142 57 126 47 86 129 71 119 99 131 34 14 145 105 107 98 18 63 101 81 19 66 17 46 110 141 52 41 104 16 59 76 116 121 29 150 11 136 111 25 137 64 68 4 108 113 146 3 102 139 1 133 67 42 125 27 100 40 149 144 51 83 65 88 70 80 85 36 32 72 23 127 130 74 94 120 5 15 147 58 49 6 
16 102 101 38 56 125 60 59 22 87 84 149 72 55 126 71 109 10 78 21 70 27 4 19 29 23 74 14 90 79 37 28 137 118 12 66 104 20 18 82 46 68 81 133 106 95 15 49 69 67 111 62 140 91 132 119 97 124 45 35 9 107 120 85 92 96 146 39 147 6 112 34 135 145 26 121 43 51 89 143 3 44 113 73 25 150 24 128 57 105 129 31 40 65 11 36 116 98 76 77 123 52 88 139 94 80 48 1 75 30 
83 52 90 84 23 143 139 47 67 63 140 124 95 54 25 38 111 74 133 97 24 113 41 15 100 106 27 75 108 77 87 48 3 109 98 31 86 142 119 134 49 18 4 66 22 56 42 85 60 62 131 110 137 91 115 28 19 136 117 125 37 53 99 39 9 148 51 79 138 78 120 96 57 144 61 20 17 36 130 118 105 43 30 141 93 44 150 76 123 71 16 73 29 58 101 80 114 94 149 88 147 50 107 103 126 7 104 129 46 89 
136 106 110 130 15 96 72 105 128 108 137 53 98 75 117 10 20 74 131 120 127 82 104 139 3 125 50 147 17 13 51 37 102 40 21 78 61 19 144 63 133 103 73 24 46 80 122 60 26 129 85 47 1 119 112 45 48 9 8 135 65 14 99 64 16 43 6 18 56 123 25 66 90 70 116 113 58 11 143 134 118 87 132 55 41 88 39 76 59 44 115 92 69 28 4 27 34 93 36 7 148 29 141 67 126 86 94 
139 109 12 60 142 131 137 27 148 15 143 103 134 26 29 145 93 132 88 21 4 33 98 37 96 13 31 100 9 108 89 64 135 72 124 125 6 22 126 70 14 99 23 5 141 40 122 85 83 117 114 113 46 39 150 82 28 54 121 20 80 36 115 77 52 2 19 133 3 76 67 24 127 94 95 44 75 25 78 144 66 110 73 61 34 91 57 18 8 130 16 35 146 106 56 74 86 41 79 128 116 11 123 38 90 
98 128 80 35 28 18 32 81 95 115 68 99 82 111 51 21 31 131 15 13 122 147 17 20 36 55 123 121 76 8 52 96 57 127 47 149 38 88 137 132 109 60 71 105 59 85 87 134 93 107 73 7 54 6 63 133 49 94 103 74 70 116 126 97 136 129 140 11 39 42 91 62 5 84 30 101 110 92 86 75 79 141 44 100 16 119 9 146 25 10 118 24 46 27 113 142 90 1 145 33 65 22 56 108 67 37 120 58 40 104 
33 45 18 17 87 7 122 6 40 5 148 2 25 135 94 95 47 90 51 108 31 83 46 24 48 14 125 137 100 16 136 43 111 88 35 23 67 130 113 10 133 126 77 4 21 116 145 11 82 124 80 20 57 30 64 49 71 65 123 74 128 73 118 89 72 140 3 119 85 70 142 50 63 56 22 129 38 144 26 37 105 103 69 112 75 92 91 66 121 131 84 42 143 99 106 59 28 76 117 109 9 32 15 61 41 139 120 141 62 101 97 
24 114 93 99 109 51 65 119 138 139 63 23 29 142 74 5 41 113 33 55 118 72 50 141 62 125 54 12 78 112 126 61 36 39 143 105 85 40 140 135 52 45 53 8 75 121 49 70 6 144 130 64 115 46 136 79 129 116 22 21 111 56 132 16 32 17 107 27 133 124 103 145 80 7 128 66 137 58 86 81 31 25 98 106 95 20 101 122 59 120 91 2 37 9 108 1 147 88 43 26 47 104 60 18 35 87 
