150
96 59 137 109 28 53 110 17 31 97 63 104 85 7 42 150 139 16 141 26 115 76 149 135 44 9 128 11 75 22 13 27 2 8 116 130 101 71 56 54 90 140 77 125 68 93 5 58 87 23 60 112 127 142 113 3 131 18 33 100 21 99 12 147 67 43 111 6 107 81 102 62 39 69 114 48 32 50 66 82 129 118 70 25 117 108 20 24 122 103 73 124 38 74 132 41 79 123 89 30 61 19 78 92 35 64 65 45 72 106 91 119 134 29 14 10 57 80 88 55 146 84 36 94 120 126 145 95 47 40 86 15 138 148 4 51 83 52 34 98 136 105 143 133 49 121 144 37 46 
125 49 118 27 111 135 12 38 64 126 95 143 62 32 83 17 89 90 77 5 112 15 108 1 28 18 130 23 131 120 81 36 61 106 72 14 92 75 104 117 79 57 24 105 103 26 142 123 44 48 129 137 53 116 42 119 47 76 10 58 97 71 80 69 114 115 99 146 145 21 65 43 86 100 113 98 91 34 147 25 6 132 67 140 3 93 127 78 29 4 70 150 56 35 94 39 50 109 19 144 45 84 46 60 33 124 63 148 122 52 74 9 31 102 87 8 13 7 88 133 134 51 141 82 128 121 149 110 37 55 68 66 11 59 73 41 85 16 30 138 40 20 54 139 107 96 101 136 22 
53 89 128 140 47 8 14 107 79 118 60 120 66 35 48 39 16 97 10 58 114 18 68 109 33 41 136 59 148 9 17 150 111 96 76 132 44 138 5 105 121 93 90 92 51 75 37 124 70 22 29 129 137 32 88 99 77 52 104 12 56 102 101 125 62 26 21 71 130 85 49 126 115 119 50 7 57 28 84 65 144 122 146 110 133 81 78 13 38 27 100 23 61 1 31 34 54 46 30 139 112 147 103 134 145 98 117 86 135 24 73 6 2 25 131 74 4 80 20 91 106 43 94 108 36 127 11 63 67 82 113 19 123 143 42 40 149 87 95 45 141 142 69 72 55 64 15 83 116 
41 93 56 115 85 148 17 141 87 86 34 131 25 27 40 11 103 46 71 142 1 105 49 53 36 30 9 47 21 90 88 33 146 7 82 2 137 68 111 39 147 80 114 116 78 32 55 18 118 35 132 37 60 64 54 89 127 38 143 124 94 109 79 149 6 26 13 95 100 44 15 12 140 119 43 134 144 22 102 81 42 23 31 58 96 97 16 133 99 106 77 45 59 69 128 48 29 61 138 84 122 63 67 135 98 83 73 150 5 3 104 51 62 74 76 50 125 139 19 145 136 8 14 117 10 110 70 129 91 20 57 28 24 121 107 126 120 65 112 108 113 75 52 101 130 66 123 92 72 
12 117 15 44 56 30 150 125 129 120 92 93 108 143 128 77 81 10 132 89 22 58 100 136 149 28 6 122 95 139 90 146 13 110 47 63 96 126 9 112 68 23 113 83 57 140 131 105 109 16 17 24 78 123 121 69 66 55 141 8 80 46 26 144 48 118 88 133 21 134 135 97 11 42 82 67 84 50 3 76 85 1 29 145 107 137 72 39 32 38 4 114 52 53 102 18 111 59 61 98 71 86 49 119 43 19 138 34 127 25 60 45 115 41 94 33 79 101 70 104 75 147 87 14 116 20 65 51 148 54 106 142 74 37 36 35 64 7 31 91 124 73 62 40 130 2 27 103 99 
42 127 128 60 30 37 139 118 20 7 34 57 133 83 11 8 117 10 47 36 24 79 23 16 134 113 43 150 54 25 132 28 69 138 4 59 5 94 35 31 15 40 49 102 109 144 88 130 41 52 2 142 121 97 14 89 19 27 12 108 104 73 71 46 99 148 61 80 45 112 136 62 146 81 106 84 147 114 82 50 51 107 67 145 105 26 101 129 9 111 39 125 38 29 95 58 32 1 124 56 87 119 98 126 70 63 64 120 65 77 131 78 103 17 18 141 137 3 135 100 21 44 143 48 22 96 86 13 122 90 123 115 53 149 116 75 74 76 93 92 72 68 91 55 85 33 66 140 110 
97 100 52 79 3 68 107 133 128 47 92 74 61 143 18 95 26 140 105 25 59 135 4 45 126 73 119 8 124 111 96 24 40 57 113 76 48 116 132 129 62 109 101 23 66 114 121 83 82 16 77 34 14 75 104 69 39 86 67 53 102 6 146 60 93 42 130 31 94 141 137 9 20 64 99 55 118 35 88 89 12 142 103 37 138 139 136 106 70 72 5 80 149 33 10 28 148 63 85 127 150 91 15 36 21 41 43 2 38 123 134 54 11 49 131 58 29 147 125 145 78 30 19 44 90 27 110 144 120 50 13 56 81 112 115 87 117 51 122 98 84 17 1 108 46 32 22 65 71 
51 39 58 97 113 32 141 35 78 125 21 4 110 118 14 100 56 87 91 109 142 70 82 86 104 129 69 41 80 38 15 71 9 122 62 94 59 45 102 120 74 29 13 37 123 150 34 19 136 75 1 61 111 31 44 105 145 43 112 127 114 12 126 66 25 140 138 22 16 24 60 107 117 53 106 64 149 63 3 28 55 124 30 85 143 88 77 89 23 115 81 93 50 65 79 18 90 95 54 98 17 144 99 49 67 11 84 116 135 10 36 2 72 133 148 147 6 119 52 46 146 57 96 128 103 7 132 27 137 5 42 48 134 139 40 26 121 73 101 20 92 130 33 83 68 131 47 108 76 
21 47 119 4 87 2 98 95 23 137 57 102 16 35 99 12 25 115 82 71 100 69 37 79 32 138 110 146 83 65 108 7 148 121 64 40 50 58 10 24 111 106 113 147 135 78 120 131 8 129 33 60 46 86 91 27 142 124 77 6 134 20 31 53 88 66 67 144 92 34 49 62 38 118 89 104 105 72 28 70 17 126 145 122 19 96 85 29 59 116 73 117 149 1 150 41 132 81 141 136 93 75 139 45 76 43 39 3 74 36 103 140 55 11 101 123 133 128 127 15 61 94 22 114 52 84 68 30 42 18 5 26 107 125 44 48 54 143 97 13 90 56 130 80 51 63 112 109 14 
41 16 42 99 134 43 96 143 55 98 133 103 33 91 1 72 132 140 69 9 80 5 131 144 59 51 142 70 30 88 23 35 27 57 147 40 114 141 106 62 94 31 19 109 110 128 78 38 11 104 89 52 32 135 65 138 36 112 39 68 90 107 84 49 66 26 37 111 8 121 34 119 86 67 17 120 58 46 87 4 75 53 48 102 28 44 47 18 63 129 101 25 127 79 73 7 117 149 145 115 45 22 97 113 139 95 54 77 29 6 71 61 20 92 93 74 150 24 56 136 126 122 64 105 81 2 137 116 60 76 12 85 125 83 3 146 50 21 100 148 118 123 15 108 82 13 124 130 14 
127 33 49 99 83 120 39 128 143 139 1 135 148 65 122 17 53 31 93 80 88 124 123 56 64 72 118 51 67 98 61 7 116 54 86 96 79 18 66 125 91 43 129 24 112 12 126 37 40 92 62 32 25 145 102 48 107 90 22 103 114 68 2 69 82 63 70 89 147 35 59 47 41 138 105 110 29 137 84 9 46 42 71 141 13 8 81 121 75 58 57 21 133 119 132 95 44 115 111 87 150 26 104 85 108 94 97 15 27 19 117 20 5 146 10 52 30 60 130 36 74 101 109 106 6 55 16 144 50 142 73 140 134 4 149 28 100 23 131 3 38 77 113 14 34 45 78 136 76 
107 138 142 29 85 112 58 115 125 37 84 67 99 77 52 141 45 63 28 47 31 17 132 83 139 109 143 111 62 25 145 128 7 78 133 136 121 60 93 8 129 75 10 88 39 6 23 80 18 122 72 81 140 9 41 61 119 40 82 19 51 110 94 53 74 24 95 144 149 34 20 21 50 101 35 11 89 79 130 16 1 150 100 114 102 33 127 27 98 146 135 42 92 108 116 44 131 4 97 134 87 118 13 73 103 57 64 38 137 66 69 90 32 22 104 65 3 54 14 49 117 2 68 46 71 26 56 124 96 59 148 120 48 126 5 113 147 36 43 123 70 30 105 55 106 91 15 86 76 
24 68 130 39 142 145 147 128 111 25 34 95 16 133 1 19 134 26 28 136 150 35 89 32 88 146 38 120 45 74 116 11 118 84 6 135 85 112 123 149 105 97 87 122 104 48 119 46 33 75 2 70 141 124 41 12 56 3 18 138 71 37 125 59 80 9 131 22 8 62 63 94 17 20 5 58 54 15 144 101 44 110 140 67 27 61 137 96 43 113 4 121 83 72 29 127 66 93 98 49 139 114 51 21 126 115 55 78 36 7 52 69 79 108 53 30 57 23 47 102 107 77 82 86 91 73 40 81 64 10 132 99 50 100 109 117 90 14 106 148 92 31 60 103 129 76 65 42 143 
106 2 9 21 33 16 84 119 107 87 96 105 131 5 139 147 143 118 83 52 133 132 112 7 149 23 104 58 38 111 24 82 138 91 51 59 148 80 25 99 123 37 150 109 28 62 43 50 81 70 19 128 94 27 126 17 122 78 130 15 26 89 121 42 92 13 68 134 75 41 36 74 86 71 137 135 124 3 66 4 29 54 103 146 67 102 53 100 39 125 12 127 20 90 145 18 73 95 57 35 11 115 77 101 85 46 63 117 31 34 22 88 10 110 61 1 113 129 45 144 56 93 116 79 72 60 141 55 49 48 140 69 97 64 114 136 40 65 47 8 142 44 108 76 32 30 120 6 98 
87 45 110 102 94 52 56 82 19 35 20 122 115 124 57 135 147 120 67 10 103 119 100 106 137 42 92 126 28 61 78 148 8 3 40 63 143 43 117 109 85 93 73 118 39 140 121 84 65 30 150 58 14 71 9 54 37 26 36 142 34 136 132 22 66 104 7 48 5 77 149 125 33 25 88 24 127 113 128 98 60 89 96 90 21 6 49 114 134 129 17 46 62 99 70 51 139 27 131 55 31 1 32 141 145 16 11 72 12 64 130 76 23 38 101 146 80 95 29 4 112 2 133 116 59 144 47 86 53 108 83 107 81 50 75 91 74 138 111 79 18 69 44 105 123 97 68 13 41 
74 56 119 21 65 102 42 29 57 113 47 122 15 38 45 61 30 94 50 128 91 60 97 124 5 131 120 20 64 121 39 100 63 18 106 109 11 130 49 7 138 13 146 70 35 72 95 139 22 141 133 41 129 114 127 140 90 8 31 43 104 105 40 126 142 123 1 14 87 53 144 46 147 71 73 134 52 145 96 117 27 12 108 66 89 6 98 59 148 118 82 93 112 33 36 48 80 84 77 17 81 132 92 78 26 67 116 136 115 51 135 149 62 69 101 83 103 10 79 9 110 111 143 23 24 19 3 32 25 34 2 85 4 137 28 75 125 107 88 68 76 37 86 99 44 54 55 150 58 
135 43 129 128 95 29 64 117 69 10 66 106 24 4 80 18 91 118 76 62 121 141 12 85 48 100 127 150 78 67 112 143 81 134 96 126 46 104 130 49 115 108 111 21 140 57 86 102 144 63 22 1 84 92 125 116 27 71 20 38 37 93 148 73 138 109 8 9 14 40 139 13 98 60 147 32 68 74 75 72 61 52 3 136 70 39 15 33 51 41 105 103 30 131 124 45 35 42 90 89 23 122 114 123 53 82 16 2 83 25 54 137 142 101 132 119 55 88 145 7 56 65 110 47 133 107 59 26 19 113 28 50 79 11 149 36 94 31 44 34 97 146 77 120 5 58 99 87 6 
143 109 126 12 136 44 78 50 140 134 29 4 107 71 30 112 19 74 105 43 69 34 137 32 102 56 77 141 39 48 70 119 130 113 135 38 2 11 45 81 90 26 24 85 35 14 66 147 54 55 148 7 25 16 33 122 149 97 53 144 114 108 123 84 87 98 65 1 116 94 117 111 95 68 92 28 57 127 47 21 133 118 125 146 49 138 22 75 36 145 99 96 88 129 104 60 142 10 79 61 121 124 100 64 40 58 23 132 93 51 150 82 115 80 106 89 8 83 91 13 20 76 42 3 128 67 139 15 110 37 63 103 41 72 31 120 17 46 62 101 9 5 27 73 52 131 6 59 86 
125 120 107 114 73 86 131 105 66 4 25 17 21 136 106 47 53 67 124 15 76 82 18 74 48 57 121 148 81 40 52 117 123 109 39 6 85 84 138 119 38 144 95 59 91 113 146 45 31 7 28 35 1 149 110 8 58 116 60 50 37 5 29 68 98 22 44 134 11 135 23 126 34 99 72 70 143 33 20 104 13 63 90 122 132 16 61 62 42 2 56 32 3 96 141 112 79 12 30 83 108 64 14 55 54 133 139 36 101 137 128 41 118 78 75 130 27 140 26 142 102 150 87 127 129 93 69 97 92 9 10 65 111 24 77 94 145 115 49 43 51 80 88 147 89 103 46 71 100 
94 144 62 76 127 123 41 50 43 136 135 19 21 116 53 134 11 3 66 82 56 69 55 101 147 83 37 81 51 28 29 111 71 8 6 32 65 57 150 26 39 74 117 44 105 23 2 4 110 120 42 36 133 137 64 79 9 112 130 12 99 10 114 140 38 139 115 14 143 52 31 7 129 63 90 89 61 122 138 40 103 5 72 1 73 35 85 27 132 93 86 18 118 121 106 15 67 48 100 47 131 78 98 142 80 146 108 13 88 34 113 54 125 22 141 126 17 24 119 145 124 58 96 102 128 60 70 68 95 77 84 87 92 91 109 30 46 45 16 49 75 25 149 59 97 107 148 33 104 
146 45 88 145 149 135 98 91 73 34 106 143 62 136 80 94 144 140 85 33 35 134 142 78 63 111 10 81 37 126 52 36 96 128 92 7 108 49 79 127 27 118 47 116 133 25 72 122 113 38 32 41 24 13 123 95 5 100 84 44 121 56 104 3 59 101 64 107 148 26 17 77 58 82 71 70 16 105 97 69 51 67 11 4 39 75 8 18 61 54 43 42 109 1 53 46 66 60 117 139 141 93 31 112 131 55 29 87 22 102 74 89 103 130 65 147 14 132 138 120 6 57 76 20 12 90 23 99 114 150 125 68 115 119 137 15 40 50 2 9 129 83 28 110 19 86 30 124 48 
134 43 16 80 142 70 73 145 95 56 88 49 131 5 9 65 18 123 113 121 63 12 53 96 52 1 105 127 118 36 7 4 25 72 76 87 109 98 103 17 62 27 125 119 32 28 143 24 82 8 84 10 68 33 89 97 29 50 57 108 14 140 120 100 137 3 147 138 46 13 42 99 139 106 30 90 6 116 124 115 136 20 86 75 126 102 40 83 114 112 26 93 44 51 38 39 150 41 19 54 111 15 47 104 92 58 69 146 148 79 34 61 133 23 144 129 11 74 117 85 135 60 35 132 78 48 122 94 77 128 55 2 81 64 31 101 91 45 66 141 149 107 130 71 21 59 67 37 110 
56 45 82 77 14 3 5 73 6 81 115 41 139 131 70 66 118 146 110 42 130 116 55 1 101 88 96 147 9 129 22 58 25 38 142 33 75 29 122 49 17 12 108 60 68 95 32 57 121 78 59 141 135 24 64 37 13 63 106 92 102 97 7 120 149 72 87 44 31 114 61 27 39 74 48 2 98 50 145 123 134 35 8 104 113 86 117 53 80 26 34 15 11 65 54 140 30 21 67 46 43 137 4 85 148 10 47 90 105 119 107 136 71 111 124 40 127 89 83 79 143 126 84 112 51 109 125 52 19 103 138 36 28 16 144 94 18 133 62 20 76 128 100 132 91 150 99 69 93 
15 39 104 125 13 144 127 89 3 108 34 57 9 2 119 32 115 25 149 99 147 129 143 10 45 51 106 52 56 65 70 55 50 18 37 43 49 150 93 128 117 62 102 72 116 135 146 120 122 79 101 33 22 133 86 68 1 59 105 136 114 74 35 61 31 138 110 103 73 67 21 46 6 111 98 113 12 126 141 84 95 145 132 107 121 30 20 47 14 36 42 44 142 124 77 140 23 139 81 85 5 8 92 83 28 38 53 4 88 131 118 80 94 16 78 130 29 75 123 134 69 41 96 11 71 60 76 54 7 112 17 40 109 48 19 58 90 91 63 100 66 97 26 148 82 87 64 27 137 
145 100 108 148 90 29 33 109 121 39 37 51 8 84 38 67 140 134 125 54 52 130 116 16 46 80 55 13 143 14 22 101 144 57 146 114 131 62 107 119 103 123 71 99 11 3 34 59 74 50 132 98 64 122 102 17 31 85 96 42 137 61 36 89 65 126 18 138 81 97 9 32 117 76 23 21 75 150 40 139 120 41 92 118 58 4 149 113 10 1 82 93 86 19 49 133 104 15 70 2 60 24 128 44 68 7 27 6 112 127 94 45 63 12 87 43 142 30 141 47 77 69 28 105 48 95 5 136 88 78 20 73 91 135 26 124 53 147 72 129 83 66 110 115 111 106 56 79 35 
68 45 106 124 46 6 130 47 117 11 85 51 36 12 18 20 9 5 52 132 92 142 30 39 125 146 38 3 149 143 48 25 13 49 54 120 63 70 110 99 96 24 112 91 121 66 86 93 101 141 105 113 123 88 95 148 145 53 108 135 128 32 50 15 42 80 44 147 23 98 133 31 102 139 103 65 109 83 58 77 107 89 43 22 115 56 122 150 119 17 97 72 59 78 140 104 8 84 69 60 144 111 21 126 1 29 16 62 41 40 74 28 67 131 118 7 90 61 2 116 33 129 81 82 64 114 27 94 57 14 73 55 37 19 76 137 35 4 71 34 100 79 87 136 75 10 138 134 127 
135 9 76 37 60 117 138 30 58 118 90 105 136 12 73 120 31 3 94 149 113 107 40 35 116 86 103 133 97 52 65 99 122 53 8 88 63 148 36 111 101 47 26 141 70 38 75 23 1 46 39 49 74 108 123 119 25 32 98 112 137 143 130 146 6 80 59 147 15 28 18 83 92 2 100 33 91 128 110 34 21 126 93 150 7 29 115 125 134 131 132 85 48 54 106 102 67 20 145 16 72 19 84 144 10 45 57 77 4 79 51 24 5 95 22 56 17 127 64 68 14 66 13 62 11 96 41 42 124 44 89 71 78 121 114 142 109 87 50 82 55 43 61 104 140 69 139 81 129 
69 72 67 92 56 88 68 94 26 147 62 32 82 89 106 113 57 24 131 21 3 81 116 54 124 15 123 38 22 117 83 108 12 17 19 71 50 109 135 102 150 59 55 140 11 126 99 31 30 58 75 118 70 114 76 2 48 104 34 100 7 120 97 80 33 111 40 45 77 115 119 51 65 146 141 29 96 35 39 122 63 78 145 13 85 98 134 49 73 18 79 107 127 110 44 47 36 10 90 16 129 149 139 64 128 60 103 105 43 74 25 27 84 144 136 52 41 14 4 20 138 6 101 95 87 66 5 37 8 143 148 9 23 112 125 42 86 121 46 61 93 137 1 133 132 142 91 53 130 
9 26 25 94 55 115 77 102 137 78 37 142 31 1 10 146 48 35 106 150 116 96 136 45 39 81 131 42 56 16 80 52 32 67 147 41 99 44 110 148 141 23 86 40 76 60 63 50 126 140 74 73 11 113 13 91 85 107 66 68 122 114 138 70 83 53 98 97 20 130 79 127 144 132 124 143 89 87 34 123 24 14 118 119 58 69 46 108 43 72 59 4 71 82 75 54 27 38 64 65 100 103 22 104 49 19 90 134 112 3 12 93 92 15 8 5 88 84 149 33 145 120 18 139 7 117 101 61 111 128 51 2 109 21 30 57 95 47 17 121 125 133 36 129 28 105 6 62 135 
98 137 51 8 20 58 31 85 109 140 29 127 68 117 112 88 45 52 145 16 7 100 56 61 23 67 129 115 22 37 135 149 3 121 21 11 143 124 84 136 113 146 40 59 134 62 126 123 33 73 97 2 39 60 57 10 35 15 74 139 130 142 50 148 72 147 71 13 28 42 95 119 89 36 92 103 102 55 1 26 9 105 99 108 64 54 79 86 120 93 104 106 66 32 116 77 118 44 96 53 43 87 46 75 27 38 91 12 132 65 83 150 78 138 19 76 63 25 6 4 70 17 82 14 18 114 24 81 34 47 90 144 101 107 122 5 111 69 41 133 80 131 110 94 128 125 141 49 48 
142 29 149 134 141 81 105 120 83 133 132 12 13 55 131 52 110 33 24 128 1 44 16 39 8 88 126 32 90 116 57 4 119 135 145 102 50 53 124 94 97 99 139 69 89 21 66 136 71 138 144 130 137 103 84 78 51 140 82 111 60 104 87 18 100 112 121 114 77 56 70 91 49 93 73 95 40 61 27 117 23 22 54 2 15 63 80 75 14 9 108 25 115 92 146 79 122 19 41 26 20 147 3 113 123 45 59 46 143 42 125 65 118 76 85 38 106 101 129 109 10 58 5 107 148 6 150 86 28 7 67 36 96 62 74 43 68 64 47 37 34 30 35 127 48 17 98 11 72 
30 102 53 12 124 6 130 126 63 15 17 5 51 21 33 24 103 49 72 22 128 10 94 65 9 39 57 29 119 50 7 85 62 70 14 73 122 95 101 149 38 110 108 19 138 140 89 55 18 34 83 92 8 79 56 86 77 25 13 87 67 3 109 4 114 139 134 80 117 96 125 31 20 98 60 76 23 43 137 78 81 26 142 74 41 118 91 58 52 129 40 115 106 99 135 100 54 112 111 146 82 36 68 45 16 66 141 1 133 84 121 75 143 69 144 136 71 88 37 2 97 107 46 42 48 132 150 147 44 127 105 116 131 90 28 104 61 47 145 93 35 27 120 11 113 148 64 123 59 
122 97 101 82 119 90 99 14 58 12 42 21 25 73 138 89 102 77 145 24 4 45 76 146 93 7 35 36 10 50 94 118 6 81 74 26 38 92 40 71 91 69 107 84 78 44 47 29 70 96 75 123 114 142 54 100 60 41 66 148 56 140 141 136 87 20 53 61 124 104 8 43 137 64 150 110 11 46 80 62 111 67 128 144 2 129 5 109 59 135 48 130 83 134 103 98 113 65 57 3 139 149 22 133 117 51 125 79 34 127 17 16 143 55 108 28 13 52 9 95 19 15 18 120 86 85 49 39 126 131 121 116 63 132 32 1 30 31 106 88 23 105 37 68 147 27 115 112 72 
25 40 33 93 94 15 92 120 30 101 103 77 18 98 71 140 60 82 27 123 8 127 1 49 7 145 96 138 108 106 126 150 97 48 65 69 87 132 122 23 149 58 113 47 95 133 70 46 64 136 117 37 54 91 52 144 80 14 139 3 6 146 84 125 57 128 4 67 5 75 72 50 107 137 24 10 85 148 16 35 104 105 17 142 124 111 114 39 32 100 12 81 36 11 131 102 88 83 26 19 76 121 130 2 89 141 61 143 21 90 68 110 43 118 62 135 20 42 38 9 116 29 45 99 79 78 56 66 112 31 147 13 55 115 134 63 129 73 109 41 22 51 74 59 53 119 86 44 28 
62 8 71 1 74 10 110 24 48 69 115 2 72 83 142 131 93 47 94 144 38 126 5 32 134 84 65 68 44 42 108 97 90 34 129 18 81 23 104 145 31 132 98 116 63 36 123 136 107 122 76 16 27 49 109 60 21 54 121 6 117 88 45 91 106 143 86 46 14 89 26 101 100 78 19 130 29 149 96 95 138 92 103 53 51 80 50 7 82 25 141 15 113 73 17 28 128 135 146 22 57 140 66 59 13 40 112 118 87 120 77 114 56 79 30 33 105 3 111 11 67 37 139 20 125 9 41 148 55 58 64 70 12 85 43 133 119 147 61 124 127 75 99 52 150 4 137 102 39 
138 71 80 93 3 60 12 33 75 4 28 55 1 17 45 148 150 67 87 53 57 81 103 6 21 111 89 137 122 116 121 70 50 83 131 10 77 125 105 22 106 92 15 42 24 127 82 69 98 124 48 76 51 56 78 27 115 85 73 8 11 144 19 114 9 120 13 30 37 54 101 96 49 14 7 44 16 5 94 88 129 20 61 147 133 32 86 142 39 25 52 104 34 99 117 62 63 46 64 91 43 97 29 149 123 84 90 119 110 18 108 95 40 126 41 100 65 132 141 140 118 146 134 135 47 35 38 113 79 23 102 128 107 31 74 72 130 139 59 2 112 68 66 136 145 109 26 143 58 
143 131 49 130 85 45 71 68 67 74 65 145 122 111 133 76 105 72 121 70 50 106 54 27 89 16 24 99 120 96 135 150 126 11 13 10 8 95 88 9 42 59 35 3 94 104 142 108 98 6 128 102 61 21 84 117 78 79 116 81 82 66 87 22 113 132 119 93 149 56 63 64 62 124 41 20 83 28 31 30 43 136 123 147 33 52 109 137 129 26 25 91 146 14 47 19 39 75 23 73 1 112 97 44 12 46 55 141 90 18 148 69 4 32 36 29 125 34 17 77 40 38 118 115 127 138 100 139 5 57 101 2 103 7 140 51 110 58 60 48 144 114 107 53 80 92 134 15 86 
64 45 50 142 3 121 140 122 69 8 119 130 2 60 107 128 15 135 35 1 5 139 91 57 145 31 22 43 129 21 72 74 88 97 86 124 147 109 67 79 10 149 132 102 137 116 104 134 24 41 4 49 33 143 23 63 46 99 95 113 126 112 59 133 47 82 42 13 144 32 76 105 17 73 55 53 106 92 54 39 131 16 141 83 90 75 58 14 12 98 27 108 78 9 123 87 115 44 20 61 68 120 80 118 56 125 26 110 48 40 101 103 89 84 127 65 25 77 111 70 136 96 148 29 146 62 28 114 93 11 66 117 81 85 30 37 7 138 19 52 100 6 51 34 94 36 71 18 150 
101 53 1 95 125 12 4 100 37 116 68 145 35 118 27 79 40 32 9 24 58 112 61 13 91 126 22 115 132 6 122 113 110 139 25 42 131 19 90 17 121 43 150 105 16 130 2 14 44 74 21 84 50 65 71 51 120 146 82 28 124 73 80 26 133 77 86 117 103 147 38 46 85 142 33 49 123 41 106 88 20 114 76 45 30 57 144 5 108 52 78 47 7 69 96 99 81 60 72 148 137 36 62 129 136 111 134 48 64 92 11 23 31 135 66 128 102 98 75 34 141 104 3 67 10 140 93 63 138 54 97 143 18 107 149 87 94 83 89 70 119 59 127 15 109 29 55 56 8 
100 59 62 66 129 119 103 11 7 87 70 118 88 12 31 6 30 52 50 74 3 2 90 8 39 35 112 72 110 21 67 80 65 38 4 42 61 89 33 115 79 28 133 147 9 143 43 99 93 16 98 63 117 96 148 114 44 144 5 97 18 83 47 92 126 57 17 23 32 131 26 138 37 73 94 137 91 139 85 71 75 10 109 140 14 95 82 111 125 123 134 48 141 124 45 127 121 113 68 81 107 102 122 142 49 78 29 22 132 15 145 128 58 51 1 27 105 64 104 150 19 25 84 55 106 116 77 46 146 24 41 136 54 36 53 108 149 13 20 86 56 34 101 60 120 76 69 135 130 
119 34 149 63 6 47 26 55 11 45 132 86 77 79 13 44 58 102 36 4 150 2 128 48 146 70 133 129 19 131 16 37 68 107 124 116 40 32 109 89 76 80 92 46 104 59 53 96 122 17 137 138 135 8 20 54 35 24 113 82 69 9 148 62 85 7 22 15 29 31 134 105 83 112 71 21 115 12 52 43 121 66 143 60 84 120 78 74 125 3 101 49 100 118 87 147 51 65 108 130 72 139 98 136 127 56 50 114 91 14 126 99 1 88 90 64 140 141 42 142 81 39 123 103 5 18 67 33 57 97 94 38 75 73 23 144 145 61 110 28 117 10 27 30 95 25 93 111 106 
11 133 60 16 142 22 139 34 76 135 50 26 92 102 53 88 124 138 130 75 144 101 112 39 81 89 20 45 125 13 119 19 86 95 136 56 29 106 15 103 40 149 128 38 143 105 72 54 52 68 31 123 51 64 150 18 14 61 126 69 132 97 46 23 71 110 111 65 137 5 122 37 134 41 36 127 63 116 98 99 32 27 115 121 80 33 17 25 78 70 107 57 83 117 49 131 62 24 4 118 73 113 84 2 108 44 93 35 96 47 74 109 114 9 43 82 7 148 146 59 140 8 58 129 28 87 21 91 6 48 104 66 147 67 85 145 141 90 10 77 12 3 79 55 94 100 120 30 1 
147 9 20 45 4 92 60 71 97 56 27 72 89 145 5 95 122 64 105 76 53 128 17 133 66 130 109 107 138 110 42 90 62 75 84 93 127 10 8 35 123 96 50 14 87 111 26 77 108 140 115 23 148 61 46 55 132 38 112 118 33 69 121 100 37 116 41 31 83 102 79 1 129 51 12 101 18 119 70 39 120 142 103 6 80 125 134 65 28 136 57 49 137 91 99 22 52 106 114 58 7 44 86 13 15 32 117 126 139 29 149 59 81 141 85 144 48 73 40 36 63 143 67 74 131 146 150 68 54 135 82 21 2 24 98 34 124 16 88 94 25 3 30 47 11 19 104 78 113 
103 22 80 78 46 111 4 142 127 146 143 51 64 60 140 75 114 17 68 117 2 106 69 139 66 144 138 58 81 76 31 119 7 115 120 30 133 87 57 129 96 5 86 136 70 109 147 148 125 67 59 27 37 105 55 131 90 41 71 72 126 28 94 39 13 63 95 47 38 104 118 34 135 91 110 97 48 26 29 107 134 8 84 132 124 77 33 65 1 74 100 43 145 92 112 50 15 113 23 123 9 83 98 42 12 18 32 73 25 93 53 20 130 14 19 35 141 36 101 10 79 52 108 24 6 21 88 3 116 137 85 16 40 49 102 54 149 11 45 56 62 128 61 121 89 99 150 122 82 
17 50 118 136 150 38 70 148 59 93 129 137 5 100 20 39 79 94 120 104 110 36 29 22 75 72 28 114 88 135 41 111 103 105 119 84 64 71 96 66 30 56 106 144 37 116 15 35 134 9 32 130 132 26 23 97 6 85 73 19 101 3 65 67 127 57 92 142 8 53 69 95 76 2 108 122 52 34 82 11 7 107 121 63 140 33 77 123 10 133 14 47 81 125 98 61 143 60 149 31 12 124 49 141 48 78 40 126 131 138 74 117 102 13 91 128 86 99 44 139 43 54 51 146 18 115 21 27 46 42 145 16 87 83 90 58 112 113 80 147 24 25 1 109 62 89 68 4 55 
106 37 148 47 67 32 55 52 142 71 95 139 17 114 7 35 125 34 100 53 136 79 145 84 101 131 92 18 126 98 129 24 104 128 135 49 85 127 111 10 33 41 63 38 134 72 78 56 61 36 60 94 39 13 82 42 143 86 147 87 74 11 119 9 112 54 105 29 144 44 116 14 21 103 5 62 26 137 69 12 97 141 40 91 65 96 68 1 118 57 50 81 8 4 22 120 51 73 80 76 109 133 27 23 149 66 90 110 146 16 6 138 48 130 64 19 59 83 25 117 140 20 123 93 2 113 115 15 43 77 122 150 89 121 45 99 3 28 102 58 88 132 124 107 70 75 108 30 31 
2 122 32 110 115 132 75 131 69 40 114 35 15 71 39 146 121 29 77 91 149 85 120 90 31 113 27 96 45 126 138 1 11 99 7 3 6 128 130 65 139 106 147 93 55 145 140 33 73 61 16 100 38 72 136 104 67 50 46 98 51 87 108 63 89 21 64 134 14 54 17 53 133 43 105 86 94 26 118 127 103 74 5 137 24 144 101 58 13 119 143 12 79 83 30 129 112 41 49 148 116 66 78 124 84 70 37 52 111 80 44 92 59 102 141 4 117 107 28 20 81 150 135 82 60 23 36 88 123 109 97 76 42 18 142 19 34 48 57 62 8 95 22 25 10 125 9 68 56 
58 131 70 95 149 67 71 12 133 57 84 59 68 52 126 94 139 123 7 78 80 97 111 134 65 11 55 1 49 145 124 138 106 119 137 39 102 17 53 135 43 87 79 37 117 24 103 91 40 92 136 62 27 61 26 144 122 51 32 54 66 5 104 147 64 56 25 108 36 127 110 19 99 14 4 28 21 18 120 63 118 77 34 143 69 85 148 109 112 98 15 50 101 72 86 141 3 16 47 8 74 132 90 6 81 114 129 20 41 31 83 10 121 73 60 38 96 23 75 30 46 125 89 33 142 22 44 13 76 42 100 2 115 113 45 88 105 82 93 107 128 146 9 116 35 140 130 150 29 
86 135 149 30 142 17 143 9 90 61 127 94 148 97 4 29 99 2 144 91 6 129 108 26 136 121 126 88 51 75 125 95 20 16 25 38 39 47 53 54 42 79 84 116 74 55 134 14 80 100 8 96 120 102 68 35 31 43 107 109 110 124 130 37 98 33 115 45 111 93 78 133 23 13 85 118 137 48 10 114 56 7 132 101 89 67 52 41 22 18 60 3 71 34 104 113 139 140 1 28 103 69 64 141 70 122 24 59 19 62 76 150 12 65 82 40 123 138 66 11 145 15 32 83 117 146 106 131 119 58 27 105 63 44 72 5 92 36 57 81 77 46 50 73 21 147 112 128 87 
106 122 60 86 14 123 129 116 75 149 69 136 111 36 103 45 125 114 37 2 141 105 144 7 17 110 24 93 140 130 139 10 62 59 97 23 11 41 131 49 51 66 48 124 71 101 28 65 25 29 40 117 120 55 147 132 145 76 4 77 15 82 81 73 99 109 72 84 98 143 35 64 119 16 70 6 19 78 3 118 31 91 94 107 88 83 138 74 148 89 8 121 57 56 108 87 104 39 5 113 30 47 102 53 42 79 38 67 26 13 54 133 90 46 128 33 52 85 142 43 112 146 32 95 127 44 9 34 61 68 27 12 21 92 96 100 134 63 150 126 1 137 20 80 18 135 115 58 22 
61 30 131 67 73 94 122 88 127 96 116 103 25 143 7 123 110 95 115 15 40 145 34 42 77 100 69 86 149 140 65 13 12 31 93 124 50 22 72 89 118 87 29 146 27 49 16 37 82 36 4 97 59 14 113 48 119 80 84 5 52 141 28 11 98 1 104 139 137 105 17 9 107 60 38 3 68 147 120 81 130 20 78 64 121 63 92 142 91 112 35 56 128 33 134 150 102 129 79 111 23 45 10 8 83 47 144 53 125 32 62 85 54 71 75 41 138 24 2 70 74 136 135 132 6 101 148 21 90 46 19 114 26 43 126 44 57 55 133 39 106 99 18 109 66 76 58 108 117 
76 138 126 70 13 124 128 61 100 83 79 121 47 64 91 40 51 103 86 89 16 99 150 38 19 37 140 132 63 113 28 69 66 60 139 107 67 35 123 7 29 82 147 4 71 36 88 94 102 146 49 111 96 46 54 97 141 53 116 122 34 43 109 81 112 18 117 90 17 1 58 25 118 85 10 93 15 48 95 120 119 50 41 3 73 23 115 145 125 21 26 106 31 44 39 143 101 32 65 92 144 11 2 56 135 62 148 110 9 136 30 80 114 87 68 98 108 131 75 55 104 133 14 42 84 45 78 59 8 22 24 74 72 33 142 134 149 127 105 5 129 27 137 77 6 57 20 130 12 
8 100 32 133 52 22 16 141 150 85 42 142 28 44 36 64 95 148 26 65 2 102 21 34 5 60 1 10 54 38 110 61 128 78 75 120 111 17 70 30 73 4 104 55 103 116 91 37 45 94 18 149 121 97 84 129 20 56 79 92 43 19 66 143 24 14 123 13 105 89 144 137 31 29 138 106 130 109 35 90 76 67 41 77 115 25 127 119 117 48 57 50 146 58 6 68 86 118 39 47 3 27 69 107 93 59 136 87 80 126 88 99 140 46 71 113 124 81 9 112 7 72 147 23 122 101 63 82 145 62 135 125 51 83 74 131 132 15 11 49 114 139 98 12 134 40 108 33 96 
35 139 9 17 150 11 136 36 32 85 126 143 29 2 122 4 108 111 92 146 45 130 63 23 75 68 56 86 49 34 100 33 6 15 52 18 76 51 16 67 135 37 113 14 93 71 41 102 120 8 129 83 77 124 144 47 88 30 28 82 70 48 27 90 46 43 80 142 104 62 121 112 79 58 109 89 149 20 101 1 131 137 87 114 24 44 119 116 148 128 60 91 78 106 25 103 95 94 141 73 145 115 61 42 123 97 134 38 69 39 50 107 110 125 105 5 72 13 99 12 59 118 64 74 40 127 3 31 98 26 7 84 147 133 117 55 22 65 132 96 138 21 53 57 81 19 10 66 140 
122 41 143 71 93 120 148 88 104 82 105 78 5 39 16 7 145 86 15 103 10 89 42 91 106 29 129 58 76 87 34 9 84 3 22 23 140 52 107 38 125 37 123 13 60 150 99 30 64 114 46 65 6 11 48 18 130 69 44 97 27 70 31 73 112 45 102 25 77 101 8 2 133 75 66 116 136 108 139 62 124 142 19 132 50 109 4 24 115 127 92 33 80 12 146 56 40 43 28 63 121 90 21 138 61 14 83 57 35 111 141 32 79 26 1 118 85 110 94 72 119 53 117 20 81 135 128 68 96 126 147 149 59 134 67 47 17 144 74 95 51 49 36 98 137 54 131 113 100 
116 142 89 134 12 136 50 88 63 25 52 137 127 2 31 99 98 66 18 77 60 44 138 94 86 121 117 96 109 75 125 104 45 55 118 13 14 58 62 57 29 85 108 146 26 54 144 33 74 126 120 145 105 103 43 46 111 80 4 70 16 48 7 90 106 124 23 65 20 119 51 139 36 30 64 3 8 11 148 41 133 1 95 130 49 113 115 114 27 110 37 21 42 67 71 122 10 79 92 87 5 73 68 15 91 17 149 6 32 82 150 72 129 135 81 147 34 100 22 101 93 123 141 140 19 35 9 76 24 107 84 59 39 128 102 40 61 143 131 132 112 47 97 38 83 28 78 69 53 
62 110 97 82 136 88 78 134 129 145 26 28 48 102 33 137 135 77 90 34 37 27 24 75 146 80 52 31 81 61 30 9 73 25 29 20 133 148 95 44 46 83 144 15 76 53 107 18 56 111 84 115 142 70 124 74 118 139 147 96 128 120 71 22 87 8 131 127 119 49 51 12 65 108 35 45 64 58 150 149 21 4 23 105 91 50 104 132 17 41 40 11 98 103 14 143 117 116 3 66 94 2 47 126 89 113 69 63 38 39 10 1 59 114 112 125 32 13 54 72 5 130 121 141 140 123 43 86 36 138 19 42 6 68 16 67 60 100 106 55 92 93 122 101 109 85 79 99 7 
128 100 18 125 23 38 107 41 33 22 2 69 1 149 31 96 4 50 99 134 43 81 146 6 77 20 14 26 54 105 106 65 53 93 103 63 17 45 104 80 98 28 60 150 66 137 76 115 70 112 37 143 102 113 127 32 111 120 73 135 9 84 12 139 49 119 30 10 94 44 126 75 97 11 59 78 61 25 117 55 114 29 89 64 15 46 19 118 116 108 48 83 56 5 130 52 147 124 95 8 62 91 57 92 101 68 42 39 13 88 90 148 35 86 67 144 16 140 132 121 122 145 36 136 142 79 51 7 131 21 87 110 34 123 74 27 129 138 40 133 85 47 141 24 72 71 82 109 3 
17 31 112 74 99 128 145 77 142 81 127 43 139 85 14 61 68 75 19 45 91 32 88 3 47 84 140 33 71 1 58 109 137 116 28 129 123 13 141 108 41 94 92 72 52 147 8 6 69 34 7 26 119 70 118 12 148 131 87 110 46 120 103 20 144 18 16 97 11 132 143 57 89 149 138 79 54 37 96 90 136 23 66 100 133 15 62 4 101 38 82 27 49 73 22 10 5 51 60 113 121 35 50 64 105 126 135 24 86 53 76 25 95 93 9 40 125 44 124 39 56 83 122 65 29 78 48 63 104 107 106 42 36 117 111 55 150 67 30 21 134 115 130 98 146 80 114 102 2 
131 93 148 41 1 51 130 128 105 8 17 98 97 22 5 150 100 121 146 42 115 87 96 58 10 62 21 72 54 126 116 108 103 52 99 45 13 138 4 30 127 27 6 49 144 136 56 84 25 59 32 11 140 2 91 141 31 107 18 119 125 135 92 69 85 132 114 74 122 73 86 71 123 134 110 143 142 66 109 124 14 19 9 40 12 113 145 20 79 61 89 120 46 129 81 112 38 68 70 43 75 111 106 104 7 118 64 57 149 137 50 36 37 39 94 16 78 147 24 35 67 53 139 117 23 82 88 65 26 90 3 101 63 48 34 77 44 80 76 83 95 15 33 133 55 29 28 47 102 
17 130 64 122 121 24 125 58 129 50 48 6 44 2 132 38 142 69 144 89 55 12 133 117 10 65 147 37 102 114 139 36 123 56 110 39 73 9 20 119 42 16 95 97 113 68 32 47 11 80 150 40 52 49 85 111 88 78 126 51 76 33 107 62 120 7 26 115 128 79 59 18 131 29 74 134 4 99 82 86 101 148 53 98 75 28 46 22 35 66 70 94 43 100 19 140 124 67 149 116 8 108 106 112 34 54 105 143 87 135 45 15 81 96 103 27 83 127 25 13 91 72 57 77 90 1 146 109 137 136 3 141 30 31 21 104 145 93 60 14 84 23 63 41 138 5 71 92 118 
14 145 8 119 65 40 64 5 15 86 35 109 76 100 36 81 67 126 90 1 113 88 78 58 25 144 83 103 121 96 29 87 50 57 146 104 79 21 118 128 95 9 39 117 123 74 136 66 38 47 101 28 148 134 99 10 17 6 4 3 73 115 61 106 52 44 2 31 102 53 111 141 112 80 24 85 127 68 13 138 89 97 43 139 122 30 105 70 16 19 75 108 92 94 142 26 48 129 54 60 22 27 135 12 42 23 63 91 131 34 130 82 133 124 116 56 33 49 11 59 51 125 20 149 150 93 132 7 72 147 77 107 46 98 120 45 41 71 110 84 114 55 32 18 37 140 137 143 69 
10 117 149 57 122 29 28 125 39 31 140 12 8 86 40 68 22 148 35 113 55 66 109 85 50 4 76 62 137 119 3 73 99 136 67 142 27 6 38 36 30 60 75 134 37 81 94 127 133 24 87 26 115 41 121 7 120 106 130 128 89 34 15 20 47 97 9 46 13 17 51 112 16 95 18 107 88 71 118 105 52 32 54 64 74 80 139 124 42 23 103 145 132 101 70 116 21 92 19 96 114 59 5 138 43 108 93 11 78 83 49 91 53 143 110 123 135 98 141 111 33 131 126 147 65 56 90 48 146 150 77 100 84 44 45 61 79 69 1 82 2 102 129 25 144 14 104 72 58 
91 32 86 14 123 84 37 113 97 4 59 55 15 71 82 18 2 130 9 48 63 94 24 118 145 44 78 137 148 109 29 79 47 72 5 7 1 73 50 103 69 114 67 124 62 10 104 116 143 83 92 38 112 22 87 21 23 115 150 128 66 52 76 98 43 30 8 96 75 111 142 3 119 16 12 95 125 108 6 117 74 121 36 61 51 68 60 33 146 120 77 135 89 34 70 81 110 19 132 144 27 101 100 106 28 58 127 57 107 93 39 139 46 149 26 126 56 17 147 138 53 90 88 25 13 102 40 80 42 133 11 31 65 99 129 140 45 41 131 49 136 141 20 122 85 105 35 134 54 
47 79 72 66 114 137 4 112 76 134 2 118 7 10 31 6 141 57 150 60 103 129 144 120 48 5 108 77 49 84 61 95 54 75 1 9 20 11 82 30 27 111 55 123 16 24 138 63 92 41 139 105 45 35 33 43 107 147 146 136 23 71 8 29 87 80 58 99 68 74 44 143 130 12 132 110 89 52 101 70 117 26 64 121 145 140 91 67 128 56 28 73 39 133 102 94 135 62 127 104 131 98 13 85 126 97 148 21 88 59 109 22 40 18 51 93 96 14 115 69 25 46 15 122 86 81 42 100 32 34 3 125 78 50 119 37 17 83 124 90 19 142 53 149 116 106 36 38 113 
55 42 49 43 79 67 91 150 17 136 87 113 139 107 19 5 138 3 24 119 145 58 89 112 140 125 149 20 9 88 57 133 71 75 146 4 98 41 103 11 132 30 37 109 50 59 122 77 116 111 97 114 86 13 6 22 1 135 65 101 46 130 127 80 69 2 44 7 53 16 18 100 134 143 92 39 70 61 99 84 76 95 73 85 90 54 82 131 115 120 34 106 40 15 35 108 31 144 60 26 45 105 62 21 32 117 28 12 10 147 29 14 36 56 33 121 63 74 68 142 123 38 128 72 96 23 141 52 124 126 83 118 48 102 93 8 51 94 148 64 78 27 25 104 110 129 81 137 47 
86 94 76 23 17 108 1 46 63 114 6 58 103 134 45 4 113 111 145 44 50 39 91 80 125 20 109 126 84 38 16 121 81 93 149 55 18 49 122 29 106 128 5 35 104 71 68 85 78 31 132 33 26 118 129 146 115 57 32 140 102 148 69 130 124 15 127 66 88 110 83 61 97 89 27 11 54 9 82 116 123 72 64 117 43 105 119 7 21 3 47 136 22 90 30 77 100 48 141 87 120 99 42 96 19 52 79 60 41 74 37 62 95 40 147 13 51 59 75 56 144 8 135 2 133 112 10 24 73 138 101 98 142 139 70 14 92 131 12 107 143 150 25 34 137 53 28 65 36 
108 116 14 67 103 43 95 82 128 140 109 112 57 101 72 12 75 141 51 17 142 64 130 138 117 111 147 102 110 39 28 47 31 13 33 35 5 71 61 91 83 150 144 32 42 92 2 133 41 120 85 119 135 46 114 66 88 131 10 20 121 98 123 30 86 7 19 146 25 93 77 115 106 122 27 60 65 44 50 54 84 69 143 118 29 15 96 70 62 76 137 79 52 11 48 8 99 124 6 49 132 26 45 87 105 89 3 63 16 80 125 55 74 113 24 78 38 58 23 139 145 94 134 149 34 4 97 90 37 100 81 136 1 126 40 127 73 21 53 18 59 129 9 104 36 148 56 107 22 
91 12 149 112 94 98 142 39 123 63 84 132 127 83 116 3 97 113 134 99 86 111 23 126 62 20 40 90 7 124 5 121 59 117 71 46 74 1 44 25 18 115 147 143 89 35 73 38 109 57 26 96 14 32 28 52 68 78 30 64 80 42 19 114 110 6 36 10 22 148 24 56 79 76 67 55 105 66 145 4 54 150 9 31 120 108 17 102 138 33 48 128 53 81 72 130 139 104 107 146 135 34 100 122 49 50 41 141 82 88 58 131 21 60 15 75 95 144 70 137 118 65 93 8 119 140 125 2 92 16 47 61 51 27 77 87 13 11 133 29 106 101 103 37 85 129 45 136 43 
8 64 48 101 103 108 142 107 110 30 105 43 129 19 114 127 56 60 68 37 138 12 89 97 1 6 146 104 32 58 3 128 2 144 61 18 28 126 11 139 133 66 149 131 90 99 84 117 7 102 50 74 106 21 52 38 135 22 78 109 31 91 23 94 95 72 57 92 46 40 82 27 63 62 118 69 87 39 79 115 137 36 73 111 9 42 35 45 41 112 17 67 25 81 132 147 96 29 125 65 24 71 148 141 15 16 93 150 85 121 145 10 130 55 116 120 14 20 83 76 34 13 49 54 5 59 47 51 33 134 143 119 77 113 80 53 4 140 100 124 75 88 44 123 86 98 136 122 26 
29 93 90 122 65 84 24 126 145 7 28 51 124 52 121 11 31 99 8 133 49 9 64 111 37 10 85 57 61 16 41 13 62 107 76 58 33 116 74 138 88 131 104 67 69 150 130 92 35 63 108 46 73 132 125 81 139 128 101 106 79 127 38 102 39 91 89 59 53 114 23 136 80 83 2 137 5 18 40 27 50 34 14 68 103 45 3 100 109 141 70 115 1 87 6 15 113 36 77 54 147 144 148 94 117 96 26 60 120 135 110 134 75 66 56 4 123 44 86 149 129 43 112 21 146 25 12 105 30 82 17 98 95 47 143 142 78 20 32 22 42 72 118 55 48 19 97 119 140 
132 22 109 49 117 111 146 104 27 21 2 140 126 32 60 6 9 40 51 115 145 149 143 57 144 16 86 95 136 94 13 26 43 5 50 14 62 63 82 41 81 70 35 48 110 25 30 73 138 80 150 85 114 33 54 11 100 112 58 105 45 134 53 31 128 123 67 89 23 12 37 78 87 122 139 127 119 56 38 44 137 92 91 10 129 141 61 148 20 147 55 4 88 3 36 46 18 64 93 130 19 83 8 90 59 142 124 116 15 120 102 99 125 28 39 107 121 74 71 29 17 79 42 131 103 65 84 69 77 47 75 118 101 133 106 98 52 66 1 96 113 24 76 97 7 68 34 135 108 
90 124 61 115 99 25 74 117 107 14 103 120 89 142 129 81 49 1 42 24 26 40 28 27 149 92 119 113 85 5 86 80 147 91 6 93 36 111 82 134 67 35 109 44 101 143 130 20 137 55 38 88 22 66 77 78 100 54 116 121 108 63 146 16 94 128 9 41 29 68 70 141 51 112 150 23 148 125 132 138 7 97 126 76 13 139 144 58 34 11 32 87 95 96 105 47 2 56 104 69 4 136 17 15 122 65 43 145 52 3 12 114 106 33 102 131 60 71 18 46 135 30 110 84 39 57 10 31 48 79 118 123 59 133 45 53 19 140 72 21 62 127 83 50 98 64 37 8 75 
106 138 37 5 76 113 33 147 107 99 105 27 137 116 38 11 21 98 95 141 125 30 144 12 130 41 71 63 13 16 17 65 45 61 77 104 83 108 118 120 133 25 39 10 136 132 62 94 24 126 52 18 28 102 150 31 60 115 72 2 54 75 119 55 14 148 92 66 70 29 73 134 80 19 81 128 69 47 142 9 23 64 43 123 140 91 42 6 78 20 22 49 103 90 26 36 109 59 145 87 50 110 117 44 135 101 89 51 97 82 96 40 3 121 86 58 100 53 56 46 67 149 35 48 124 8 143 85 112 114 122 34 127 146 139 88 57 111 7 1 68 131 4 79 84 15 129 93 32 
132 72 35 122 88 21 24 34 83 40 112 16 52 106 119 39 4 127 7 104 48 101 89 59 37 140 76 41 22 111 91 129 144 8 87 62 27 64 14 61 86 49 31 2 1 134 120 118 147 68 150 92 124 70 60 128 110 19 79 136 42 126 78 137 102 131 63 146 3 93 69 135 13 138 149 77 50 80 11 117 46 145 56 18 26 45 55 82 66 54 12 90 142 43 38 114 109 32 58 81 20 84 96 139 23 133 33 71 9 6 148 5 67 116 100 73 125 28 103 108 98 97 30 17 65 57 94 123 107 15 113 141 99 10 44 143 130 74 25 51 85 29 47 115 95 53 36 105 121 
94 98 110 141 43 2 74 93 123 124 60 133 53 143 66 6 3 128 27 57 103 97 28 63 52 105 18 144 134 78 102 68 54 47 80 58 17 16 64 19 15 85 70 132 117 109 9 86 46 113 140 88 49 59 111 20 120 36 112 48 4 101 41 99 138 81 121 130 100 31 90 45 114 1 14 35 147 83 135 106 95 91 25 122 79 131 146 75 37 33 71 65 136 69 67 84 148 61 23 44 125 29 149 115 51 34 50 96 7 12 107 150 10 139 73 42 142 26 104 72 119 87 13 8 40 126 89 108 116 21 30 127 82 62 129 22 39 32 5 55 24 137 92 56 118 145 11 38 77 
100 59 48 150 114 8 86 20 14 117 103 101 75 131 120 64 37 25 22 107 144 122 126 17 13 102 99 30 115 3 127 134 130 28 10 85 41 145 97 35 113 119 90 56 94 106 11 45 66 98 1 104 146 67 29 87 108 53 51 5 44 61 110 23 78 82 125 24 80 147 72 12 123 69 36 149 68 2 39 83 135 136 140 60 33 73 71 19 121 141 95 137 63 21 49 52 84 58 142 18 138 111 129 40 4 96 91 118 54 31 27 74 62 50 89 9 55 124 70 148 79 65 105 42 38 7 46 57 43 76 16 26 133 116 112 132 128 93 109 81 139 143 92 6 15 88 47 32 34 
2 120 139 48 128 38 27 30 73 26 13 3 10 51 52 8 76 25 102 28 32 39 5 74 82 68 40 93 87 79 112 100 12 55 132 24 61 29 47 44 84 97 142 19 99 145 94 42 115 60 65 130 77 124 20 129 1 103 41 90 23 71 135 35 64 106 70 50 43 126 36 136 88 31 125 150 98 114 69 81 37 118 133 141 116 113 56 15 85 62 123 140 107 16 127 45 101 121 105 58 119 92 54 134 63 11 4 111 122 137 143 146 117 72 34 22 17 18 14 57 131 89 6 59 66 80 149 144 91 110 109 138 96 86 46 33 67 148 49 104 7 9 83 147 108 21 53 75 95 
149 23 37 32 45 100 29 38 50 124 102 70 39 82 92 94 118 119 80 34 139 55 112 138 103 105 64 141 69 129 135 46 43 67 11 8 81 22 84 150 147 61 113 137 12 9 1 109 52 36 89 48 91 18 72 62 104 108 14 65 90 28 21 31 116 60 131 133 106 33 51 87 98 110 77 17 24 132 6 41 13 121 40 99 73 95 75 97 101 83 134 127 57 7 143 16 145 2 96 85 54 136 5 42 144 117 126 19 27 111 128 47 88 15 107 59 35 71 4 114 63 74 76 148 130 78 123 93 44 115 146 140 10 53 142 25 68 66 26 86 58 122 56 30 125 3 120 49 20 
150 64 40 44 71 132 131 35 97 30 75 10 145 50 15 119 43 140 72 84 100 102 143 77 53 7 118 96 70 86 149 14 16 68 11 19 129 3 146 17 122 107 112 88 47 13 109 60 42 9 59 133 139 78 82 134 1 57 83 141 117 108 61 6 138 123 106 79 89 99 95 38 51 142 56 20 63 127 85 76 24 137 74 29 111 115 8 101 45 26 81 87 62 126 27 120 4 46 148 58 90 22 98 28 18 105 103 54 34 125 91 39 48 25 128 2 121 114 41 113 52 94 110 116 66 21 32 65 69 67 92 37 36 124 49 144 130 23 147 33 93 55 73 31 12 136 5 135 104 
120 65 36 124 137 10 104 56 37 54 132 75 144 136 4 18 133 131 114 64 5 84 113 76 106 62 89 148 111 128 118 59 30 138 145 70 108 110 50 67 72 9 122 15 6 135 63 96 102 17 105 83 80 25 94 60 61 129 73 8 48 51 11 100 58 97 92 14 20 42 77 116 147 103 35 139 12 55 1 127 57 47 34 125 39 49 150 40 16 107 68 32 23 41 27 69 146 98 143 149 24 130 123 115 3 109 74 87 90 93 44 95 22 13 71 26 86 43 46 99 45 112 38 79 121 7 85 53 140 29 119 52 126 66 78 19 21 101 31 28 141 91 33 142 2 88 117 82 134 
65 146 43 140 70 97 29 48 102 96 42 53 117 90 64 27 46 103 120 69 81 129 62 44 101 9 134 145 56 124 93 28 72 55 26 1 149 110 107 45 138 8 92 108 54 78 71 135 51 32 136 89 79 12 80 7 17 23 150 111 40 24 122 11 143 137 34 148 87 109 100 127 106 104 5 116 3 73 113 105 57 15 126 141 83 20 31 144 84 21 118 130 142 67 112 30 147 37 41 128 39 133 58 86 121 47 115 123 49 74 52 35 19 38 132 99 50 22 98 95 6 59 94 77 10 76 13 2 139 114 33 14 18 25 131 68 16 61 60 75 91 88 36 66 125 119 4 85 63 
97 39 61 129 93 1 54 75 51 138 128 87 53 60 78 80 43 113 57 19 110 135 84 114 144 82 72 148 24 103 34 17 85 88 25 47 76 29 150 49 146 143 12 10 62 15 98 86 134 59 119 115 109 94 99 147 71 108 112 42 40 123 16 141 68 64 91 21 69 70 44 66 149 102 18 30 13 6 33 55 105 50 8 58 127 37 111 28 38 107 101 27 116 20 52 104 121 14 79 35 139 7 125 63 23 95 100 145 9 140 26 136 89 73 32 118 137 46 132 117 122 90 11 67 81 3 133 124 4 130 5 31 126 41 36 142 106 65 120 48 56 131 96 22 74 77 92 45 2 
14 130 145 106 76 124 66 105 104 128 81 37 92 77 111 1 121 117 45 48 150 65 132 114 51 9 3 118 19 56 101 97 126 149 141 74 21 137 67 129 103 44 100 90 116 102 60 8 2 7 127 96 17 27 61 108 113 147 42 115 73 33 85 31 135 40 146 43 138 29 142 23 131 71 109 28 99 53 75 57 72 122 82 78 107 88 62 58 79 125 120 119 91 136 86 4 47 89 80 98 94 5 38 64 148 46 22 34 95 15 83 6 87 133 70 49 139 41 32 143 54 12 63 35 69 68 93 26 134 52 55 36 10 18 110 50 24 13 59 144 25 39 112 123 16 30 20 11 140 
113 71 6 121 43 51 77 92 135 81 96 88 125 112 123 21 150 37 4 16 131 2 10 103 129 30 91 28 70 104 127 115 122 116 65 143 42 97 59 147 58 80 106 41 111 68 54 9 11 12 14 26 48 83 38 55 61 138 62 107 56 45 19 66 110 102 74 90 118 101 142 17 67 53 95 35 132 1 84 49 69 120 117 44 133 47 105 94 87 149 119 114 75 39 78 146 145 50 137 128 29 139 109 15 124 13 22 34 40 8 134 64 46 100 140 20 130 99 108 3 141 76 136 31 82 126 98 72 7 27 63 86 60 5 18 24 79 57 144 52 36 33 148 32 93 25 23 89 73 
107 108 124 58 25 139 121 126 37 149 49 128 28 47 74 129 4 19 10 92 142 7 111 26 140 57 75 16 22 141 23 101 123 95 44 96 91 148 36 68 34 144 138 79 46 88 134 78 80 146 69 24 40 14 127 21 100 113 5 71 67 109 125 136 89 114 76 20 12 118 72 98 119 1 93 82 116 3 87 132 64 104 99 131 27 102 77 145 143 137 39 29 43 83 112 115 66 45 103 15 90 97 38 150 18 59 60 11 110 50 61 6 84 56 147 33 17 81 53 41 52 54 62 65 120 94 8 85 105 133 73 51 42 31 130 117 2 63 9 122 106 13 30 55 32 135 35 70 48 
7 91 145 108 133 84 148 8 30 57 47 68 54 76 94 36 139 78 4 99 17 18 131 115 15 112 140 58 49 56 138 42 41 24 23 79 33 59 80 121 82 102 74 136 123 60 96 75 63 130 101 77 100 50 137 126 95 62 14 9 19 66 73 55 88 147 109 52 22 135 44 93 117 103 92 83 105 51 35 29 70 97 89 128 119 113 125 25 28 129 53 38 37 72 127 132 64 124 144 120 32 6 43 10 3 48 27 143 40 146 104 1 98 149 111 86 65 26 150 13 71 107 20 61 5 110 142 106 122 67 141 2 90 39 85 46 31 11 12 69 118 16 134 116 21 114 81 34 45 
77 117 7 58 90 134 19 47 61 110 81 53 27 36 91 97 26 93 59 23 76 131 62 111 121 33 71 120 96 101 6 142 73 79 84 107 32 116 141 148 106 69 124 138 137 103 17 130 105 74 125 56 149 98 87 80 24 140 40 86 109 89 100 126 113 14 15 37 5 9 122 20 104 51 123 48 146 108 95 78 2 4 112 68 49 13 30 136 83 67 145 43 46 75 3 118 10 139 34 12 52 54 45 8 64 29 147 25 114 63 35 44 41 135 85 21 55 92 144 65 16 143 1 38 70 50 127 18 128 57 99 115 22 82 102 94 60 39 132 28 72 150 119 42 129 133 31 66 11 
83 54 57 132 34 30 120 114 58 138 1 142 67 23 86 98 66 141 104 4 65 62 91 12 112 13 60 108 6 147 87 35 53 93 113 92 130 106 122 31 129 77 115 102 136 150 14 48 96 134 27 17 123 29 81 78 146 9 111 88 127 36 5 18 125 47 46 32 137 38 121 28 19 99 90 135 63 16 79 140 76 56 55 119 59 69 131 22 128 2 148 8 50 71 126 117 68 97 24 110 40 124 15 10 39 37 95 145 101 75 82 26 43 143 44 84 72 73 100 11 33 116 94 51 64 133 20 105 49 61 139 21 25 80 52 118 45 7 107 144 85 70 103 149 109 3 42 74 41 
101 96 58 128 38 66 23 26 57 46 95 145 123 16 72 11 32 149 129 113 33 142 125 137 89 78 18 59 40 36 121 92 28 111 122 39 131 146 53 85 1 138 76 143 49 94 64 27 9 75 5 141 12 13 124 44 148 31 29 10 150 74 147 97 71 30 48 7 14 35 37 134 103 2 140 60 86 104 127 106 109 15 119 4 47 8 67 115 98 136 22 108 112 87 69 63 118 99 105 6 126 135 130 93 110 79 61 68 62 107 55 83 19 3 82 80 91 88 45 42 81 139 77 41 84 43 25 144 17 24 133 114 20 65 120 34 100 102 73 51 52 132 56 70 50 116 21 117 54 
112 104 38 32 126 117 49 106 10 74 15 13 135 54 22 79 68 80 137 146 98 141 105 134 48 99 21 69 25 129 66 100 109 114 20 72 83 18 52 84 107 5 89 29 150 19 113 123 101 148 130 17 7 128 43 125 144 36 110 30 14 35 58 75 149 108 138 96 50 133 143 92 1 86 2 55 97 131 127 53 6 39 132 37 59 122 41 87 47 73 119 111 42 85 28 65 57 64 77 116 115 9 78 23 44 95 118 81 3 67 34 31 16 82 136 120 140 11 61 71 93 88 103 90 145 51 124 12 121 56 26 24 60 70 63 76 94 62 27 45 40 46 142 33 147 8 4 139 102 
101 2 142 141 132 69 125 80 23 99 57 96 66 46 84 49 15 148 98 89 133 121 48 108 138 118 34 78 52 38 1 5 22 32 20 29 137 73 8 11 113 147 129 44 119 86 30 75 17 102 63 60 105 70 135 40 45 117 47 94 114 71 43 54 120 35 88 143 145 25 16 56 83 82 62 124 122 144 42 14 74 12 72 116 110 107 106 85 9 68 4 103 128 37 18 100 65 59 112 53 39 64 111 150 126 3 36 7 26 61 50 58 95 55 28 115 87 140 130 97 79 51 91 149 127 90 146 139 81 41 109 77 6 136 134 93 19 24 31 13 67 27 10 131 33 21 104 123 76 
16 59 101 58 55 125 4 100 10 75 57 64 127 135 136 47 94 14 143 51 49 146 107 76 92 21 120 7 44 29 41 122 95 149 98 148 66 8 67 1 115 89 77 106 80 111 65 121 87 104 126 97 144 88 38 117 3 31 53 96 109 91 123 73 40 50 139 69 79 110 13 102 36 37 137 2 129 74 105 60 84 134 32 124 147 52 116 46 63 112 28 23 138 17 35 70 119 128 81 82 133 30 9 56 15 114 118 141 83 140 132 103 54 86 78 6 24 45 85 62 42 90 33 19 71 68 26 22 99 150 72 131 142 27 18 108 20 34 113 130 145 12 39 5 48 25 43 61 11 
16 67 39 93 76 96 48 5 102 64 85 50 111 126 15 72 59 107 146 82 124 81 104 3 4 21 23 66 60 147 35 113 108 135 32 133 103 136 144 131 14 41 8 10 128 29 74 36 99 54 97 84 26 118 121 69 61 28 141 88 143 44 49 87 114 92 112 106 68 70 34 33 47 105 78 55 40 20 56 89 138 37 150 46 116 80 6 9 51 1 117 58 125 109 90 115 52 145 140 127 18 95 100 134 123 79 25 110 57 43 11 63 91 98 7 122 137 65 71 30 45 139 42 149 142 77 120 12 38 22 62 101 119 73 86 83 24 31 130 148 2 53 13 132 17 19 75 129 27 
85 146 105 110 2 23 87 18 79 143 108 121 10 123 150 88 9 49 94 112 102 32 147 104 131 61 1 17 149 100 114 21 54 27 84 44 122 38 86 52 70 106 130 13 141 125 55 64 19 97 25 63 116 6 139 74 69 75 80 3 56 15 83 103 138 29 31 140 53 128 142 30 78 11 107 93 60 39 111 58 119 76 133 12 59 118 67 98 22 115 68 62 48 120 7 65 81 47 66 40 73 124 57 8 77 72 71 126 134 26 129 24 20 5 89 96 109 92 16 37 91 113 35 51 144 145 50 33 117 36 99 4 137 135 90 45 42 127 28 43 101 148 34 41 132 14 46 136 82 
65 18 107 139 22 109 8 146 17 4 2 112 88 126 29 21 83 51 104 138 30 74 90 19 5 52 141 94 98 25 13 130 70 35 40 93 143 121 12 73 117 79 3 26 23 80 122 7 76 9 16 118 150 63 132 131 116 1 45 11 108 82 60 64 84 49 95 78 133 92 85 87 44 148 32 91 99 129 72 57 110 55 34 137 56 28 113 6 46 75 24 47 36 77 119 10 127 105 101 145 149 62 144 97 33 81 15 37 54 134 114 68 135 50 103 27 147 59 124 102 111 41 142 123 89 140 43 115 42 38 128 48 66 39 86 58 31 106 69 136 71 125 53 20 100 67 120 61 14 
26 1 127 77 114 12 61 101 110 41 69 53 78 51 82 22 23 95 92 133 56 4 33 71 125 147 40 74 21 137 113 80 13 128 3 25 42 75 57 19 27 72 108 29 14 37 50 39 5 129 121 112 32 117 36 106 52 94 70 18 98 2 111 73 145 31 76 54 89 115 16 9 148 85 68 140 47 109 49 86 43 102 138 99 6 135 58 10 15 105 96 24 90 62 136 46 67 65 146 104 28 139 150 122 87 8 66 20 55 116 45 64 35 93 63 144 123 124 126 30 100 120 59 141 83 131 84 7 88 48 134 103 130 34 11 119 79 118 44 132 91 149 60 142 81 17 38 143 107 
56 45 127 33 112 102 126 79 68 31 63 39 116 81 128 131 5 18 17 83 109 36 99 110 10 90 120 84 108 133 91 147 30 52 140 88 35 70 47 148 100 51 132 67 122 125 75 14 61 143 46 37 69 65 138 150 34 74 26 12 80 117 111 29 3 137 44 57 82 41 144 106 54 85 64 105 16 8 6 42 145 96 66 115 139 72 28 77 86 38 24 60 43 101 50 103 149 49 146 73 118 27 13 123 4 134 32 11 89 1 92 76 107 62 59 25 95 15 19 119 23 113 94 53 40 7 97 135 22 136 93 9 71 104 141 55 2 142 129 121 87 20 124 48 21 130 58 114 78 
89 46 104 81 44 149 111 37 3 112 148 129 34 30 24 69 71 116 52 32 10 140 90 68 82 120 48 22 36 93 134 25 88 130 17 97 133 136 53 98 6 64 47 28 21 29 142 38 87 35 132 15 118 121 20 13 135 103 107 122 31 61 72 115 63 124 62 74 7 94 79 33 117 67 4 126 146 125 75 23 84 8 51 78 119 49 128 19 77 45 145 60 5 85 59 80 14 58 86 83 92 42 100 147 2 65 127 110 16 95 105 40 9 50 91 144 141 39 102 114 27 55 131 76 109 73 123 56 101 137 139 106 108 11 138 12 26 43 150 66 41 70 1 54 96 113 143 57 18 
102 45 108 79 150 67 115 143 107 9 110 21 147 91 60 103 75 119 95 128 11 114 23 40 34 35 69 7 96 146 144 73 74 123 92 112 129 82 111 70 78 32 66 56 85 125 2 130 33 39 142 50 137 72 46 124 149 71 15 132 80 141 83 55 127 17 65 116 64 51 135 131 26 97 53 120 25 134 77 68 41 22 1 20 24 28 6 81 136 38 133 76 61 88 118 16 4 106 59 104 3 99 93 139 19 105 54 42 109 43 94 12 89 48 14 87 47 86 121 37 18 44 8 49 101 13 148 5 126 27 29 57 58 145 117 122 36 62 63 98 138 30 140 84 52 31 113 90 10 
48 124 120 110 29 77 8 145 35 51 106 96 95 146 98 86 115 72 42 10 53 131 26 62 61 112 134 99 22 149 36 46 118 148 19 113 1 90 21 104 12 68 78 125 63 9 50 100 142 81 121 114 32 108 28 136 52 56 65 20 66 24 76 5 18 130 111 92 41 25 135 94 105 57 129 126 150 102 137 88 93 107 59 73 60 27 13 80 55 127 6 122 70 116 109 39 40 128 138 44 89 79 75 30 7 38 97 11 37 31 34 33 67 143 140 4 3 14 64 45 144 123 132 103 82 74 58 84 85 54 2 17 139 117 23 15 133 83 141 47 119 87 43 147 16 91 49 69 71 
130 2 129 143 147 148 109 55 81 69 115 61 134 68 90 65 37 139 72 120 20 74 34 126 119 11 22 117 124 77 21 116 135 63 95 105 57 67 40 64 104 51 84 46 76 45 28 14 89 8 87 142 88 62 16 79 111 59 50 112 9 66 108 127 83 138 42 141 78 103 27 24 4 100 91 75 132 133 18 5 36 39 47 60 98 86 23 56 43 29 38 44 113 101 6 136 93 131 122 121 99 1 7 54 53 52 94 114 12 146 140 92 10 32 48 13 15 80 33 30 107 58 71 73 41 3 128 26 118 96 82 150 106 49 85 149 70 123 17 137 144 97 145 31 19 35 125 25 110 
105 74 19 10 3 77 59 76 144 116 55 9 73 121 104 66 122 85 113 39 145 149 34 134 26 147 78 45 6 81 135 146 47 124 24 133 84 2 43 119 82 79 28 112 95 56 137 11 87 86 31 8 150 7 100 58 109 97 53 49 61 132 117 139 57 138 1 142 129 17 118 90 143 108 23 68 35 101 48 37 40 42 75 33 16 128 140 71 106 13 12 18 110 91 130 88 65 67 98 46 15 125 29 80 107 111 14 123 141 32 131 25 52 89 50 127 94 22 120 30 72 62 60 44 93 36 92 70 64 41 99 69 114 5 51 83 63 136 115 27 102 54 96 148 38 20 4 21 126 
40 91 78 115 77 98 68 33 123 119 86 148 52 92 62 64 126 90 82 116 141 134 12 142 17 96 144 145 70 111 85 31 23 112 55 69 113 146 28 65 7 43 124 149 122 6 16 58 74 41 1 99 139 66 32 89 51 121 53 147 25 8 42 150 13 140 47 135 37 11 133 56 76 137 102 57 26 21 59 117 67 71 30 114 63 46 110 2 127 49 106 80 14 48 118 138 27 83 109 29 94 143 88 81 131 38 35 128 75 19 5 84 132 22 103 101 125 79 15 24 20 72 9 73 10 60 97 93 130 44 39 3 18 95 87 4 136 129 36 50 107 100 108 34 54 105 45 120 61 
123 40 121 148 59 46 120 10 9 36 127 149 78 29 136 122 39 117 146 19 4 67 69 82 71 80 109 79 7 150 2 23 3 90 68 83 12 104 30 77 26 25 132 28 144 124 138 53 116 94 129 51 21 84 147 49 44 114 18 58 35 55 108 142 45 113 64 145 41 5 1 48 14 22 130 100 126 143 13 17 56 20 133 31 63 107 43 140 99 16 38 60 137 27 92 125 76 8 47 91 54 115 119 135 75 33 118 32 98 57 24 52 37 6 96 86 50 66 87 61 70 112 88 73 62 42 93 111 85 72 101 141 65 106 128 34 97 74 110 95 15 139 102 11 131 89 81 103 134 
75 121 99 88 3 65 54 60 57 52 51 67 58 105 12 96 85 144 110 135 116 46 44 118 31 26 132 130 4 149 1 15 37 40 89 53 81 124 83 139 22 136 18 36 146 69 102 111 113 92 61 103 87 115 143 8 79 148 74 93 70 13 17 109 27 71 107 25 72 126 112 47 2 33 128 62 138 82 120 90 76 129 68 119 77 134 7 145 150 123 9 86 141 35 49 5 38 117 108 95 64 21 24 42 104 66 48 55 23 6 59 97 94 43 34 63 101 91 20 142 125 39 133 19 56 100 114 147 122 41 137 80 50 73 28 45 16 127 140 78 14 32 131 98 84 10 29 30 11 
74 67 146 89 94 76 129 137 40 56 72 21 62 100 119 8 10 108 45 19 126 46 9 123 132 12 11 131 130 138 58 1 2 92 112 104 141 81 16 110 127 140 87 80 84 39 99 111 95 37 57 49 96 3 41 148 133 98 55 65 26 135 118 33 97 145 71 36 128 20 102 70 114 147 51 24 115 117 142 31 143 75 105 122 69 139 144 30 88 50 60 91 38 43 63 4 78 113 77 28 34 83 68 13 93 125 5 149 48 14 86 101 42 136 64 121 90 25 29 150 79 22 17 59 66 103 27 54 106 35 116 124 23 61 32 109 52 120 18 82 47 53 15 44 134 6 73 7 85 
86 14 150 41 144 65 52 133 136 66 93 78 27 91 147 6 122 128 129 138 141 98 11 40 112 12 100 9 22 4 8 130 64 102 137 121 76 107 109 23 48 59 142 15 99 54 131 49 79 119 37 149 145 132 62 94 50 120 61 116 127 32 57 13 44 114 82 146 89 33 47 29 103 106 70 25 21 39 84 16 18 139 43 60 42 5 135 58 24 134 80 69 74 56 140 81 71 17 115 143 1 46 55 83 105 51 63 111 88 31 26 113 104 10 38 30 124 2 117 34 125 118 35 73 123 96 36 19 53 87 92 68 3 7 77 110 90 75 72 97 126 85 28 67 101 45 148 95 20 
79 80 107 111 88 82 5 95 110 6 42 50 36 47 123 127 74 90 104 73 55 97 136 27 56 119 108 131 137 11 87 26 72 24 135 117 41 2 149 63 146 67 1 121 96 12 116 113 14 130 76 86 102 66 85 59 37 120 129 141 38 54 98 92 8 139 3 28 21 20 23 103 32 144 9 134 94 29 57 106 143 70 128 147 114 17 46 61 132 71 126 10 124 44 45 81 83 148 145 13 33 34 16 101 77 15 25 89 93 100 125 68 99 31 69 30 43 64 150 18 115 118 40 91 51 4 84 58 19 60 53 142 35 62 52 140 122 49 138 105 65 112 7 22 39 133 78 48 75 
37 30 53 122 129 50 32 11 25 39 92 86 150 143 125 62 56 9 45 76 115 138 113 21 91 26 105 119 75 65 36 117 55 135 27 134 130 101 112 124 107 73 12 126 43 58 88 24 108 54 141 1 85 42 64 82 136 102 40 78 2 52 95 131 71 67 133 20 13 80 19 104 81 49 57 121 118 61 89 109 3 90 68 72 142 4 15 74 16 137 97 7 93 28 23 46 14 18 35 147 47 51 33 59 140 111 84 38 103 70 128 127 94 120 149 98 148 8 63 99 6 144 100 106 132 79 139 114 96 66 5 116 29 17 34 44 60 22 10 69 87 31 146 77 145 41 123 83 48 
54 34 118 97 71 33 52 117 114 81 103 66 46 27 68 90 49 1 44 48 9 35 146 127 92 107 31 133 93 2 47 129 75 6 82 76 145 15 136 53 64 115 56 99 106 124 36 8 5 59 3 142 128 10 12 43 65 39 89 109 14 125 85 98 60 102 24 112 95 130 131 70 141 29 21 74 126 63 13 86 23 147 138 96 105 16 67 20 91 73 110 38 132 22 50 30 139 140 88 104 135 119 116 7 84 72 57 28 144 87 62 55 143 123 79 78 61 41 134 19 58 18 51 69 42 11 120 77 17 148 108 150 94 122 40 83 32 37 4 101 80 45 121 137 26 149 113 100 25 
114 61 50 89 26 146 38 3 130 36 60 131 32 27 86 147 132 41 33 59 48 20 100 126 74 138 106 73 55 8 52 121 56 42 109 69 78 9 107 115 68 23 10 24 111 65 98 143 124 83 63 119 21 51 80 77 71 110 37 105 103 142 116 136 127 34 87 96 66 44 7 101 117 5 128 93 43 75 35 22 139 54 120 12 88 122 70 99 31 15 64 72 82 125 49 17 85 108 150 79 13 148 4 39 140 91 90 29 11 16 58 118 149 144 62 2 81 47 1 134 102 97 113 137 14 18 6 76 104 92 19 133 94 28 123 30 95 67 25 45 53 135 129 40 84 46 57 145 141 
131 25 109 69 76 49 74 23 59 72 22 149 143 7 2 137 86 14 48 51 66 133 52 108 100 70 60 45 56 64 38 30 32 106 27 115 97 98 92 134 140 93 99 21 132 120 79 13 121 105 43 53 11 145 33 117 63 73 124 95 112 40 91 71 148 110 129 44 39 94 31 78 41 128 122 75 126 15 3 104 138 20 142 18 147 12 85 101 77 83 84 34 68 111 61 130 50 123 118 82 26 146 29 6 16 96 55 80 144 125 19 42 135 58 35 141 57 90 28 46 10 37 9 136 4 5 116 87 89 107 65 24 67 88 36 139 17 150 47 81 127 1 8 54 114 103 119 62 102 
30 42 29 85 67 118 66 21 48 90 134 150 115 51 121 89 57 28 120 138 50 87 8 122 59 37 15 106 16 9 112 117 144 6 77 4 105 72 128 124 148 113 33 101 140 5 64 133 76 146 17 91 31 98 109 24 104 34 70 36 69 26 125 65 103 129 2 126 110 135 79 123 62 10 61 53 60 96 68 40 25 107 145 75 86 80 19 12 95 100 99 52 41 116 23 18 20 83 92 55 56 137 38 132 97 63 27 32 71 45 139 88 81 74 142 143 3 119 131 78 46 47 82 93 108 11 35 111 149 54 43 130 58 44 127 147 102 84 94 22 136 73 141 49 14 1 39 7 13 
129 13 15 74 98 92 49 35 21 135 12 136 59 75 29 24 79 26 139 134 111 38 76 53 87 27 96 144 56 143 72 132 124 150 16 97 51 128 68 101 69 73 77 149 7 94 130 5 6 126 1 142 119 2 47 114 43 103 93 40 36 140 89 82 105 23 71 25 95 28 116 121 18 88 64 131 146 62 147 91 22 44 39 14 108 46 32 83 33 65 3 52 55 100 85 17 57 106 137 54 141 113 60 42 61 104 145 37 99 123 80 41 30 148 20 70 63 118 109 48 112 81 102 138 50 58 9 31 4 120 66 10 34 86 117 122 19 125 78 127 45 67 11 84 133 90 110 107 8 
50 48 149 139 6 62 134 5 92 2 111 104 25 52 31 81 40 68 14 17 71 130 87 113 141 63 36 118 122 69 60 123 78 67 38 144 105 19 57 82 119 59 51 96 112 120 61 12 73 136 93 88 124 30 79 45 143 44 8 47 11 146 103 29 23 56 108 129 72 101 97 26 94 4 133 91 42 35 13 109 102 70 34 46 131 117 107 20 41 16 148 128 142 135 132 74 18 145 126 3 1 115 21 86 54 49 10 137 121 15 64 89 99 140 22 58 127 77 27 125 150 33 85 53 32 7 65 39 80 110 83 75 37 95 114 43 55 76 147 98 100 106 24 84 66 9 90 138 28 
45 18 145 136 112 14 126 69 72 13 81 78 79 36 17 124 130 132 122 73 65 22 21 41 149 94 121 114 120 142 28 147 5 10 51 47 91 24 108 8 86 85 49 7 34 77 63 33 1 83 62 109 104 71 74 105 20 139 16 27 58 107 99 54 11 9 102 26 134 46 64 2 6 135 60 40 127 4 103 119 29 39 80 53 113 133 82 66 87 57 140 106 129 138 12 97 144 96 67 115 89 32 148 25 84 43 61 59 131 101 146 123 48 118 23 100 70 31 111 76 50 150 30 92 143 68 90 52 110 15 42 75 95 98 88 116 56 38 55 141 125 35 128 137 37 3 93 44 19 
82 124 101 133 92 108 109 7 127 13 93 99 97 79 43 105 49 37 110 18 141 5 128 35 42 67 27 57 51 6 75 120 113 132 47 95 91 64 131 114 143 148 41 106 74 10 149 4 60 122 137 150 135 50 72 73 70 107 15 9 87 23 14 31 36 84 125 39 2 48 80 62 117 88 102 66 140 24 86 77 21 63 142 111 69 16 136 65 54 139 146 96 68 58 144 20 11 138 85 55 130 145 90 76 59 40 33 81 119 147 46 123 30 1 22 29 100 34 115 26 89 45 112 25 3 17 94 52 19 116 78 126 121 134 53 38 71 32 28 44 61 83 103 98 129 56 12 8 104 
35 48 25 105 113 101 23 2 15 73 94 137 89 66 150 129 127 9 125 41 79 109 6 87 10 47 75 71 4 146 135 45 142 21 59 43 42 1 91 134 82 55 122 144 27 64 11 77 18 50 26 74 130 126 117 13 72 148 88 62 67 106 84 103 30 63 149 124 54 14 140 76 38 53 98 46 128 136 29 131 56 34 51 115 132 78 116 86 52 139 80 17 31 65 57 40 12 60 28 99 95 104 110 108 114 61 107 141 58 100 44 118 22 69 138 85 49 70 120 96 3 32 93 83 7 20 68 19 92 33 37 16 8 39 81 97 24 145 5 121 147 90 133 123 112 102 143 36 111 
37 54 99 140 100 88 89 2 75 106 131 146 138 9 51 23 123 135 73 97 109 126 12 92 91 141 80 56 70 59 40 83 86 61 27 108 20 16 45 68 150 4 107 98 149 134 139 8 77 125 142 112 119 95 57 137 39 52 121 145 14 72 115 25 104 127 55 71 124 143 87 136 130 29 42 82 28 101 67 48 36 63 64 44 116 122 50 74 7 30 84 18 5 94 114 78 128 58 41 144 96 15 32 85 76 3 11 132 35 69 38 60 111 65 1 129 49 17 43 34 13 19 81 46 10 53 147 22 133 103 105 102 113 47 62 6 118 33 31 93 66 90 79 26 148 110 117 21 24 
11 84 72 149 100 25 79 35 56 1 127 144 6 106 73 27 128 41 36 105 52 57 126 129 39 21 88 80 142 64 98 141 26 28 38 60 17 85 113 120 2 23 54 107 51 148 4 3 110 75 71 116 62 22 77 125 90 95 150 44 15 104 145 92 143 133 99 94 132 103 18 134 86 69 9 122 40 10 29 123 66 124 67 119 118 147 42 70 109 63 32 16 137 138 91 48 33 135 20 8 112 65 31 49 114 5 139 30 14 43 111 7 47 97 101 131 89 24 96 45 87 37 19 115 76 68 34 50 13 58 81 93 102 146 59 61 130 108 136 46 82 117 78 53 12 140 83 55 74 
17 108 59 114 99 111 136 12 44 147 101 95 65 137 86 33 22 149 68 58 38 52 120 88 21 91 126 16 130 66 10 13 132 48 46 121 63 141 40 71 34 104 123 134 55 49 28 97 131 119 70 90 9 61 117 106 83 138 8 142 81 60 116 73 31 109 143 32 115 30 45 133 150 62 144 146 78 85 51 2 1 145 69 110 135 84 82 42 127 3 89 29 7 23 140 54 20 47 24 53 118 64 57 80 94 19 18 87 4 26 5 125 35 100 41 11 37 43 56 139 39 92 15 98 129 6 93 112 128 36 72 76 79 27 67 103 14 148 107 124 102 75 50 113 25 96 105 77 74 
137 136 107 86 49 45 93 64 5 34 88 15 8 72 94 19 138 84 40 145 148 48 95 97 144 131 103 76 134 133 83 26 59 7 112 108 129 52 111 98 13 61 25 20 68 14 135 32 90 81 115 56 70 17 12 124 140 105 41 150 43 51 79 121 80 67 10 91 53 149 60 122 37 146 42 100 63 118 147 22 66 85 18 23 132 54 24 46 106 6 55 128 2 120 139 44 1 58 117 69 3 116 36 99 31 9 96 142 71 75 104 57 82 47 143 87 141 126 73 77 92 110 125 130 28 101 102 127 78 38 35 89 29 119 113 30 21 114 11 50 27 109 65 4 16 33 74 39 62 
26 65 146 108 55 132 22 13 64 57 41 6 136 123 49 28 46 73 11 144 114 30 21 12 18 5 61 52 85 62 16 43 142 79 78 39 129 95 50 59 3 31 150 7 111 147 106 99 96 83 8 130 101 90 23 2 44 109 14 74 102 32 71 70 107 122 19 143 25 149 86 133 126 134 121 56 17 24 98 125 93 127 148 113 35 105 38 97 75 139 1 34 100 48 60 47 58 10 20 112 110 27 37 128 63 76 51 53 145 94 36 45 91 103 115 4 66 117 137 104 15 84 77 9 116 119 69 67 80 88 42 81 68 40 82 72 87 138 141 89 135 120 140 92 131 54 29 33 118 
66 38 20 55 133 68 31 47 96 136 23 32 137 86 67 119 51 49 58 140 19 52 16 62 37 61 41 85 83 117 26 72 7 112 14 40 30 22 88 29 120 12 3 79 56 36 43 13 108 106 131 103 24 138 110 57 100 10 114 126 48 141 123 80 17 94 127 89 15 50 130 116 1 93 109 144 69 33 65 149 73 2 145 77 101 111 53 18 46 25 105 39 107 34 128 54 118 8 70 59 81 6 91 63 21 135 5 132 139 124 113 121 99 78 90 9 84 76 122 150 82 143 134 11 44 115 45 60 75 95 98 87 4 142 64 28 92 27 148 104 146 74 102 71 42 129 97 35 147 
19 101 54 149 33 146 80 29 67 39 5 144 71 58 116 11 143 38 131 61 55 27 36 13 47 15 134 98 110 35 104 37 46 14 50 79 113 133 68 10 139 52 3 18 57 129 6 78 56 136 72 100 21 141 65 84 123 22 48 112 95 99 16 140 90 73 69 109 96 53 103 119 45 8 7 60 83 23 108 43 102 128 145 87 42 121 94 127 66 40 77 124 105 114 64 91 142 97 93 107 130 106 24 4 81 86 70 32 85 63 120 74 148 59 41 115 20 150 117 62 28 89 138 2 31 118 44 26 9 122 30 111 34 25 137 92 12 51 49 75 17 132 147 1 135 125 76 88 82 
93 85 147 99 83 18 44 30 117 24 66 59 106 69 125 76 140 2 43 1 7 130 35 33 45 64 122 123 101 139 19 109 17 56 143 47 38 96 12 142 23 133 135 79 112 11 70 107 63 4 145 74 94 49 60 20 3 29 131 108 37 51 105 111 102 25 90 15 75 65 34 92 58 39 87 68 78 62 5 134 32 118 141 71 46 132 53 8 86 128 36 88 73 31 28 149 10 104 54 50 138 116 150 124 55 21 89 119 120 121 97 91 126 26 103 16 146 129 61 81 84 80 52 95 136 57 100 22 110 114 113 13 98 144 67 41 6 40 27 82 72 148 42 77 48 14 9 137 115 
113 112 68 26 35 33 13 114 62 81 109 95 18 136 59 80 32 104 27 71 14 133 1 5 90 69 122 143 50 15 34 72 31 93 135 97 7 74 82 64 65 76 52 8 130 55 38 16 54 138 118 29 46 121 131 115 120 148 44 21 144 132 40 11 100 94 39 57 10 4 107 102 17 124 91 48 141 24 22 66 41 123 127 83 73 12 98 23 106 126 129 43 19 42 125 117 25 101 147 119 87 149 20 111 79 56 134 45 84 150 88 28 3 77 86 6 96 99 60 146 75 9 105 145 78 63 140 49 92 137 51 89 67 116 103 110 53 47 139 61 30 37 2 108 58 142 36 85 70 
104 60 132 5 32 76 141 13 143 12 24 116 46 113 66 19 150 85 6 64 98 149 126 145 134 124 130 133 30 35 56 1 112 146 92 148 25 51 31 50 48 111 137 17 82 28 57 87 63 135 58 147 74 72 114 29 3 33 121 22 122 71 16 88 140 138 78 125 95 7 68 27 21 93 53 20 120 42 40 84 59 55 9 86 144 109 115 102 36 110 67 118 54 128 2 4 79 52 89 47 41 100 45 103 18 119 75 107 91 10 11 14 81 37 77 73 61 39 70 142 8 97 83 43 117 94 34 80 136 123 131 101 69 96 127 99 23 38 62 139 108 26 106 105 49 15 44 90 65 
100 132 90 146 10 123 23 73 42 145 84 17 138 1 76 97 39 129 115 124 18 95 40 49 102 126 111 127 32 103 112 36 122 148 106 43 96 117 48 72 147 141 21 13 105 144 53 2 20 26 88 62 109 29 85 15 92 5 142 70 60 19 25 128 12 58 50 125 80 74 55 33 68 118 107 7 139 108 46 9 47 114 11 65 78 136 41 75 54 110 137 57 51 71 61 37 120 82 91 45 22 143 150 135 14 3 104 119 38 101 67 6 113 116 83 77 4 28 87 52 27 66 30 31 63 133 59 99 35 98 121 131 16 134 56 34 140 8 149 81 86 94 93 69 44 24 64 79 89 
12 125 81 76 70 51 139 18 107 116 115 74 113 90 86 91 48 20 111 27 65 55 130 7 150 56 100 102 146 53 25 35 71 79 67 36 75 6 46 109 144 72 31 140 142 34 26 77 119 97 93 83 101 62 126 32 42 117 87 39 41 80 22 69 94 103 92 148 10 23 11 108 60 145 44 21 2 121 68 13 82 16 54 110 143 37 29 52 57 28 50 19 149 43 61 8 112 141 127 33 99 137 96 105 5 4 147 9 49 123 118 104 17 1 64 95 88 134 78 132 30 15 24 114 59 73 38 124 89 84 122 98 106 40 85 136 47 128 133 14 138 45 135 63 58 3 66 129 120 
70 108 68 35 140 110 141 86 51 146 98 127 23 13 63 119 20 130 111 28 144 149 128 147 62 7 36 112 42 31 129 47 145 80 150 135 120 107 123 9 78 40 131 91 134 126 39 1 3 54 61 64 30 43 27 45 136 48 95 71 88 24 34 99 105 65 74 81 101 89 77 12 72 109 133 11 14 2 75 82 90 46 19 138 113 116 76 10 143 21 25 15 125 37 137 84 8 5 96 18 121 6 26 115 29 142 4 93 16 83 22 94 58 87 66 102 73 49 114 57 92 104 33 117 44 38 59 122 118 52 17 103 79 56 139 41 148 55 32 67 53 97 100 124 106 60 69 50 85 
68 86 83 98 134 109 139 31 63 82 115 131 35 37 19 80 49 132 141 119 144 100 111 52 7 51 4 22 128 94 66 1 6 14 116 39 10 107 23 41 8 89 102 126 13 60 120 38 85 9 20 73 43 30 62 148 21 53 79 130 12 3 122 121 25 127 67 56 40 77 46 142 59 5 129 42 69 123 78 113 72 11 147 124 125 104 93 33 61 110 101 58 28 74 146 143 24 112 50 97 45 99 15 2 16 27 44 34 90 71 105 54 47 65 149 140 48 103 88 64 96 136 135 137 36 106 76 32 84 75 150 81 57 138 92 117 95 114 145 29 18 87 91 118 108 55 70 26 17 
136 108 68 17 24 113 138 91 132 104 84 149 55 140 65 27 119 23 116 60 111 70 38 89 71 63 15 28 145 25 6 4 19 10 105 1 7 83 130 22 76 78 131 93 49 81 41 128 118 11 14 47 56 59 44 146 20 92 97 57 101 21 62 29 110 112 100 34 40 148 5 42 69 125 133 117 75 79 46 114 86 144 36 73 147 129 48 16 88 80 26 143 107 45 64 87 13 50 37 122 2 77 141 72 31 51 142 150 123 53 139 90 67 96 95 43 126 135 98 109 8 61 74 39 35 120 54 58 18 121 115 9 102 103 3 82 137 12 33 94 124 99 52 32 106 127 66 85 30 
56 37 28 6 150 63 2 26 89 121 78 52 20 116 130 124 144 81 66 61 143 112 22 100 111 42 129 23 71 16 133 113 34 44 32 3 11 54 39 120 99 105 59 109 125 82 79 72 75 8 14 10 117 84 140 43 62 91 138 46 132 87 31 33 114 68 65 49 4 38 7 24 50 13 90 67 149 40 83 35 51 145 127 74 76 102 12 86 119 45 69 47 104 95 115 106 85 134 96 147 122 60 107 80 58 141 30 41 17 70 77 57 123 98 110 148 126 48 108 19 9 21 136 64 97 146 29 103 18 27 25 93 131 1 92 88 137 55 94 53 128 36 118 5 73 139 101 142 15 
11 9 139 116 149 140 51 5 107 20 75 31 76 134 141 53 36 3 67 94 34 78 138 115 95 6 42 38 119 19 145 12 59 56 30 121 137 69 10 103 1 68 48 100 105 25 77 124 80 18 150 35 112 22 85 32 99 110 122 43 52 104 111 23 147 88 79 127 72 39 66 96 2 89 55 133 14 17 118 47 91 61 40 62 73 102 108 109 54 128 97 98 82 144 84 92 64 143 93 50 101 74 26 21 13 28 125 126 86 123 58 4 45 29 114 132 71 7 148 16 142 46 135 130 27 70 49 33 120 8 60 57 41 65 87 83 106 146 113 37 117 81 63 129 131 90 44 24 15 
6 81 91 36 80 24 77 61 70 74 97 141 27 5 19 84 86 69 143 29 56 57 83 144 7 111 42 17 30 65 102 48 100 92 104 71 130 85 133 12 43 62 49 76 108 134 32 26 89 10 140 73 136 58 107 127 96 78 66 64 95 120 53 142 117 126 88 116 119 125 51 123 28 121 16 45 122 34 40 139 112 94 59 15 90 135 37 128 68 114 87 149 115 67 33 72 138 101 31 110 105 54 113 131 50 79 13 147 146 132 52 35 63 150 75 22 41 11 55 25 109 23 106 103 14 129 2 18 82 1 60 93 145 44 46 124 118 3 20 21 9 39 4 8 148 99 38 47 98 
61 129 49 8 2 149 28 105 111 91 148 25 101 127 115 109 113 63 80 114 134 66 69 57 88 146 13 6 75 103 7 60 77 82 46 21 16 74 48 51 95 11 30 79 119 70 41 37 108 118 78 59 50 104 141 54 139 64 144 121 99 76 62 136 83 130 117 84 112 120 53 140 34 97 15 1 96 87 45 65 128 10 31 9 14 3 145 12 92 55 81 106 137 126 71 19 90 150 38 56 102 47 32 94 33 44 43 116 23 68 98 39 100 89 17 131 93 22 132 67 125 122 29 18 107 73 123 124 36 72 4 42 58 133 20 147 85 5 86 24 26 110 27 35 52 135 40 142 143 
109 82 107 24 105 113 73 115 44 111 45 123 65 16 101 29 56 34 50 42 66 4 59 52 95 75 20 125 35 135 81 46 92 149 78 69 79 11 60 63 93 86 76 40 10 90 85 131 77 49 83 146 124 7 112 118 1 97 21 144 22 110 122 47 2 25 18 70 87 17 148 55 91 106 28 41 108 67 62 74 51 8 36 15 9 68 19 48 142 3 128 145 57 140 23 58 89 126 33 116 121 14 134 27 43 136 32 130 31 114 102 26 103 99 39 120 61 100 72 117 150 133 98 96 13 88 127 104 137 71 84 119 129 38 53 80 64 147 5 37 141 94 54 138 132 143 6 30 12 
121 11 50 40 36 41 85 12 139 142 100 87 6 15 107 9 114 5 90 69 93 147 32 150 3 138 122 47 13 74 54 76 129 18 83 39 57 49 25 48 112 109 101 58 128 133 51 146 63 34 2 53 125 45 105 126 144 95 23 115 136 110 135 94 75 130 1 37 117 24 113 17 29 20 71 120 81 134 38 73 78 72 35 19 14 131 88 124 104 8 21 84 10 145 98 108 116 86 70 66 92 65 99 106 27 82 96 44 52 102 80 64 111 33 16 119 56 68 148 89 31 4 91 30 42 60 149 28 137 141 77 67 46 127 79 55 43 7 26 118 97 103 59 123 143 62 22 132 61 
139 137 144 68 32 60 6 115 112 7 101 117 42 79 48 72 75 66 96 9 95 133 134 136 103 126 105 18 104 11 121 108 88 22 1 15 20 36 49 84 98 39 35 125 31 71 85 86 107 58 10 16 45 100 90 77 57 142 23 114 140 41 109 64 21 76 63 135 102 33 128 8 29 127 148 143 46 124 111 24 52 69 150 3 138 97 47 147 26 43 14 12 122 67 132 51 78 131 54 89 130 59 74 94 30 61 129 27 70 34 44 2 19 55 50 116 92 17 62 82 118 25 123 81 99 38 37 113 106 65 93 80 91 145 40 4 146 13 53 83 110 149 56 73 87 28 120 5 119 
147 34 28 9 2 78 128 12 85 126 71 54 61 96 70 41 132 149 130 55 125 106 135 89 137 48 98 46 51 66 26 13 133 50 3 77 118 1 115 110 6 23 8 24 5 143 101 18 127 82 75 84 30 120 121 111 72 79 138 99 52 100 47 112 105 17 56 92 80 136 15 104 20 93 68 122 144 134 67 114 4 140 145 42 88 11 81 65 39 43 60 129 44 119 19 27 107 83 35 64 21 45 53 36 37 87 109 31 148 123 150 32 62 141 102 58 16 113 29 97 40 108 146 74 25 90 131 91 14 86 73 76 22 69 7 116 124 95 117 139 63 49 94 33 10 103 38 57 59 
6 5 69 127 27 30 139 146 24 110 135 138 73 31 136 17 120 116 112 2 15 8 117 85 34 98 71 10 36 62 93 128 23 77 61 106 123 38 37 4 39 124 18 26 83 130 33 65 53 76 59 126 11 142 9 46 19 55 13 107 57 95 97 134 94 21 84 149 45 58 108 42 64 104 103 44 52 66 145 60 79 144 50 82 121 32 67 141 80 115 150 49 131 119 102 1 140 125 22 96 100 35 105 16 133 129 51 14 137 40 47 20 92 75 111 78 48 3 109 88 86 74 7 89 147 81 90 25 43 122 101 68 29 113 28 41 118 114 148 70 12 99 132 87 91 54 72 63 56 
35 73 104 133 9 30 40 120 95 138 142 85 15 1 36 14 123 69 119 81 60 121 23 112 44 8 148 66 110 67 76 29 117 61 134 5 57 91 88 37 20 141 131 48 6 82 125 109 68 150 102 65 92 99 38 31 96 16 132 97 103 46 26 149 33 105 75 128 86 147 32 56 89 94 28 71 146 83 145 77 74 49 47 129 111 53 52 126 108 19 24 70 18 80 42 54 63 45 136 140 107 135 64 101 34 100 122 72 139 39 43 7 50 22 114 87 21 93 98 41 137 127 130 10 51 12 113 62 27 143 11 115 59 118 90 25 116 84 4 17 55 106 124 78 79 3 13 2 58 
124 141 150 29 27 131 80 26 90 139 111 30 84 44 118 65 87 147 143 35 142 140 132 3 57 50 128 120 39 18 133 99 22 74 146 41 117 4 23 24 6 85 55 20 48 83 130 19 81 7 56 15 67 101 122 31 95 76 52 61 91 86 113 78 8 40 126 94 136 66 34 102 100 47 45 21 144 135 88 9 103 1 51 58 25 14 62 2 129 17 109 104 96 46 115 49 64 16 112 43 10 138 79 110 68 12 28 149 5 107 123 121 97 60 42 36 105 38 119 71 11 37 125 13 54 134 106 108 116 72 148 33 93 70 59 77 75 127 32 114 82 98 53 69 137 63 73 89 92 
12 129 47 91 124 148 107 84 78 39 40 96 15 119 109 3 112 69 32 66 136 141 79 2 115 38 68 63 135 7 35 113 24 48 94 41 8 1 31 62 98 34 138 100 131 71 82 16 19 18 37 111 80 74 59 67 33 58 142 117 22 14 57 102 110 4 99 134 36 145 149 85 121 95 5 106 127 83 88 29 77 104 125 144 137 122 27 130 108 116 23 11 97 54 30 51 64 44 90 52 101 21 61 53 87 139 20 26 55 120 123 132 42 45 92 75 9 65 56 81 70 50 128 49 76 60 89 105 86 17 46 72 140 150 6 43 10 114 133 143 126 147 25 13 93 118 28 103 73 
71 5 82 85 65 95 138 60 92 56 131 64 144 15 119 8 99 148 133 117 84 25 135 81 7 127 12 115 89 43 18 58 57 142 22 107 24 134 39 83 63 106 116 53 31 4 130 77 76 34 139 1 122 59 109 75 102 36 40 74 44 50 14 145 80 23 141 93 69 78 124 10 37 46 150 87 104 143 48 67 27 90 73 54 26 29 120 110 125 19 11 132 61 20 79 52 129 86 41 113 105 33 6 140 62 9 35 68 123 70 149 51 101 17 13 114 111 121 103 128 118 42 91 100 38 49 2 96 108 16 3 21 88 126 137 94 28 45 72 97 30 66 136 55 47 32 146 98 112 
16 141 33 121 123 58 57 96 106 147 93 132 26 41 19 92 107 43 12 38 74 112 48 88 21 122 87 25 86 34 142 124 60 71 62 66 2 56 98 137 150 133 13 128 64 111 116 45 6 51 35 120 105 10 22 75 59 103 29 11 136 145 100 67 68 95 70 149 73 81 47 99 69 79 117 28 54 134 109 46 82 40 102 42 85 72 3 91 77 61 113 115 53 129 36 101 44 89 1 118 125 8 143 49 83 139 76 110 138 127 18 140 27 31 50 52 32 14 15 126 130 30 80 39 97 7 84 114 37 90 63 135 24 5 23 65 78 94 20 9 4 146 55 108 144 17 131 104 119 
85 55 47 128 133 3 109 54 4 70 32 40 56 131 64 24 87 105 123 95 130 57 26 82 48 112 60 17 46 33 103 21 143 145 45 97 78 120 61 36 117 31 19 84 94 58 80 52 124 16 68 129 137 136 34 122 35 41 7 138 91 127 25 126 37 146 150 2 10 63 9 71 53 110 119 38 49 67 14 65 15 113 59 22 134 28 62 6 114 27 81 121 92 8 1 93 86 111 51 50 100 39 66 96 18 72 135 116 77 142 12 74 90 141 30 147 75 118 11 73 132 107 104 69 106 148 108 102 13 42 29 5 88 115 23 20 79 125 140 144 76 99 98 101 139 43 89 44 83 
38 50 103 11 69 89 124 68 115 140 99 138 98 112 14 105 33 96 116 51 36 7 135 147 81 43 60 66 87 111 149 92 148 49 13 34 77 76 97 48 142 52 121 3 102 53 8 73 130 72 88 80 25 79 137 74 21 39 141 139 143 94 20 46 70 31 27 30 62 86 133 145 84 64 132 100 82 78 65 128 71 91 1 2 118 22 95 113 109 37 144 126 134 44 83 93 63 45 18 35 19 12 106 114 4 136 90 119 146 58 10 17 23 117 108 125 67 9 120 55 26 40 28 42 59 15 54 29 47 57 127 122 101 85 32 61 16 24 104 56 75 123 110 41 131 6 129 107 5 
