150
120 37 21 31 35 27 112 105 64 18 30 87 44 16 101 102 98 130 139 89 140 79 113 115 77 88 83 32 78 133 125 5 106 146 71 150 10 121 7 22 99 3 33 51 143 4 128 81 25 85 144 116 69 28 47 123 94 17 122 124 109 8 50 2 118 38 60 108 54 49 63 24 84 53 19 11 66 95 96 46 134 132 34 135 15 14 68 73 142 129 86 45 127 48 57 131 82 41 110 61 70 62 117 74 148 149 138 58 36 
89 3 123 31 75 35 98 90 148 109 116 83 84 57 74 82 37 96 7 141 129 5 67 76 108 86 59 112 104 149 134 146 139 71 28 99 87 79 52 70 24 61 81 77 80 6 62 118 133 111 107 94 54 120 126 122 38 132 58 102 41 105 91 11 53 1 85 113 16 127 46 12 135 138 9 64 48 145 150 131 136 49 51 25 23 14 17 103 32 4 22 143 69 100 142 26 63 55 21 50 18 8 92 43 19 15 45 88 117 13 36 33 124 47 130 115 20 10 40 110 78 65 39 
78 97 77 133 128 108 66 85 43 90 109 14 89 15 124 7 21 9 58 126 70 12 71 41 116 4 101 11 30 75 150 127 146 120 100 148 132 82 119 137 103 141 84 83 121 76 38 91 135 53 19 48 140 55 93 47 149 61 1 57 94 102 125 69 18 107 42 105 86 72 10 63 22 40 118 54 13 68 115 2 24 74 81 73 99 31 5 46 8 136 79 44 147 117 139 59 130 122 45 138 80 17 95 16 33 52 26 35 62 144 114 27 
125 13 70 17 38 88 59 18 19 106 102 92 90 48 144 111 100 108 14 73 83 35 116 148 40 30 78 133 131 33 135 122 50 72 149 124 5 103 34 3 62 74 6 43 36 57 47 115 66 139 118 87 120 46 85 114 105 141 138 127 126 29 132 55 28 10 42 146 49 86 82 81 21 67 142 24 37 20 71 147 69 45 51 94 60 15 77 2 101 7 104 130 16 109 96 11 123 22 84 99 98 44 75 80 1 136 68 31 143 56 137 61 
60 58 74 134 124 93 59 22 70 143 17 57 95 72 104 119 13 61 120 86 33 122 25 36 39 47 41 67 71 121 113 20 150 112 127 128 118 46 94 146 83 68 85 7 66 111 81 77 133 37 38 80 48 132 82 29 100 149 103 2 109 108 31 117 101 99 137 16 1 3 53 24 126 96 144 12 129 87 45 78 75 30 65 114 131 18 79 125 11 49 90 28 88 116 35 52 123 4 21 55 6 51 43 26 141 135 148 110 102 
111 9 68 60 57 81 74 135 118 22 32 147 33 27 142 80 91 134 18 104 35 78 42 113 44 46 70 25 132 94 23 82 146 86 56 92 102 59 26 85 93 141 16 24 126 64 129 139 110 39 149 48 63 121 107 2 115 112 95 37 125 148 55 105 72 119 54 5 17 106 36 45 34 136 52 30 83 88 43 144 133 38 140 130 41 87 77 109 90 128 67 137 99 29 58 79 143 8 98 51 4 89 65 123 96 10 114 50 69 62 11 145 
102 128 87 88 75 89 64 68 91 100 134 2 124 36 104 118 30 70 72 108 14 120 139 3 103 105 122 95 62 23 107 50 58 1 113 34 71 18 80 150 37 28 55 136 33 117 66 141 79 93 20 78 13 86 85 133 29 67 82 4 96 115 53 119 12 94 74 5 56 22 110 38 54 49 57 129 65 63 147 73 16 19 149 47 142 98 81 144 26 59 10 135 32 126 42 84 137 44 109 45 8 99 77 127 25 140 106 31 40 114 17 
71 107 146 86 30 20 48 78 62 25 3 70 40 54 52 1 51 72 33 2 124 132 37 116 102 11 143 26 14 53 32 106 112 91 36 6 110 65 41 148 68 98 84 22 34 44 140 108 99 50 73 15 56 115 89 97 67 131 63 130 7 100 83 69 136 104 139 149 147 105 42 76 150 55 94 24 57 113 121 134 96 135 61 114 128 129 74 64 21 38 138 28 19 80 12 79 60 93 119 45 58 92 13 18 126 85 31 123 16 
73 111 12 112 13 75 33 98 107 76 78 62 65 113 105 85 61 74 100 17 84 80 44 128 91 88 14 21 70 144 101 79 57 77 119 135 23 46 125 10 11 109 58 27 147 42 129 47 3 39 71 15 41 94 35 134 124 68 50 132 137 51 2 38 52 67 93 102 56 16 55 139 114 32 30 121 60 26 106 31 126 145 90 81 141 83 45 142 25 48 149 130 63 29 69 6 43 136 138 127 95 19 
106 29 4 21 6 23 72 7 41 141 52 98 108 80 84 60 32 112 62 138 103 88 101 89 147 124 96 86 35 49 1 145 126 125 110 64 100 97 65 13 139 111 144 42 91 48 38 118 113 117 3 43 25 77 24 135 132 69 127 26 22 59 27 57 99 76 28 102 19 83 134 50 93 58 129 16 142 30 149 11 90 61 71 74 56 47 140 123 122 133 78 146 40 73 107 9 143 136 105 104 109 67 45 148 39 2 131 120 
94 86 5 68 107 29 26 142 36 125 92 16 19 39 42 121 27 89 146 4 21 134 126 3 28 96 127 59 112 108 46 71 114 52 80 75 2 51 135 43 67 20 65 140 148 41 55 95 10 66 91 40 70 120 79 123 33 8 64 49 144 18 88 61 37 32 106 57 24 137 117 102 1 6 34 58 113 143 62 131 48 93 25 44 124 9 119 85 63 132 54 130 105 38 138 73 97 81 136 72 78 116 104 13 47 101 60 141 82 31 74 
53 2 24 37 148 47 63 17 93 79 59 50 116 54 110 134 29 8 131 22 3 101 51 72 42 91 123 97 132 92 34 120 113 138 36 33 55 62 128 102 39 56 150 139 31 40 27 43 87 104 85 144 23 106 60 146 130 95 94 5 122 32 80 98 119 108 133 114 75 57 140 15 127 38 84 67 109 105 65 45 78 70 137 117 69 99 46 41 9 103 82 118 149 58 126 107 125 14 68 7 81 115 25 76 61 66 26 
57 29 44 98 81 149 82 91 65 19 59 85 9 119 135 55 28 116 46 68 43 106 124 147 87 139 94 56 145 109 108 86 20 39 52 134 128 150 61 112 40 104 17 131 37 7 136 72 26 115 84 100 4 93 148 96 38 27 120 102 92 97 140 5 78 138 146 53 71 14 16 125 142 118 90 73 137 114 10 129 21 113 69 63 49 3 80 144 36 95 45 75 18 8 67 2 48 133 41 11 132 34 105 126 23 130 32 76 121 89 141 123 
66 116 142 114 144 86 65 3 30 56 48 148 111 41 20 150 122 143 74 33 38 21 15 108 121 118 93 138 128 67 9 36 90 1 4 105 82 72 23 81 29 115 32 109 106 53 104 149 37 59 13 135 80 73 70 25 79 24 98 100 103 119 71 27 91 16 83 39 96 45 8 107 28 19 124 146 7 69 123 2 76 47 31 147 43 117 133 137 51 58 55 95 127 18 46 40 130 110 12 131 141 89 26 140 52 139 120 132 22 84 34 17 63 60 57 54 145 75 
140 115 17 69 89 78 126 114 4 1 33 138 97 117 19 28 134 149 41 90 47 100 121 122 26 83 123 65 145 136 60 63 131 3 146 101 48 120 96 8 143 71 62 133 14 25 58 43 24 92 40 128 51 35 147 86 45 150 36 27 21 125 124 119 20 111 82 52 88 141 139 68 105 113 148 110 9 50 23 38 16 73 2 30 98 109 61 104 59 94 107 130 66 12 81 72 37 67 44 137 79 55 
60 105 21 61 27 130 75 87 46 29 115 14 8 45 11 140 66 7 42 94 141 72 106 49 125 102 19 26 145 41 78 50 79 84 127 20 119 76 37 6 136 59 88 4 111 116 54 30 100 53 90 24 133 97 31 44 15 67 17 95 5 82 91 99 62 13 103 89 2 146 143 58 150 112 71 80 137 126 93 68 83 38 32 57 96 110 69 43 148 121 122 23 132 73 107 3 120 81 1 18 36 144 104 117 131 98 135 118 9 77 10 65 147 52 138 47 114 
86 97 91 67 117 81 59 145 32 90 25 16 147 142 77 40 24 89 48 69 51 140 127 106 14 107 30 72 29 2 134 116 35 108 44 58 149 31 6 65 20 15 146 37 118 22 141 115 113 135 125 75 128 66 21 123 61 56 63 133 3 132 120 7 83 109 13 64 131 78 84 99 105 19 54 39 68 80 52 47 96 93 49 94 60 28 103 74 100 121 12 1 73 71 101 150 144 46 9 124 143 130 139 23 55 50 4 18 110 5 26 137 114 
66 67 143 70 5 124 52 109 29 69 79 56 81 14 137 48 61 38 117 133 83 90 43 127 85 94 11 129 100 80 35 34 47 51 49 41 115 113 104 141 114 77 50 28 26 128 99 105 42 21 17 31 150 134 125 40 130 6 20 22 76 1 2 64 13 8 37 39 116 144 131 136 86 4 16 27 58 123 146 95 3 106 36 108 45 60 120 101 32 142 135 54 148 98 97 23 63 107 72 112 102 91 7 55 93 126 30 82 73 84 57 96 68 
84 97 137 17 118 124 34 100 128 89 11 131 106 1 65 92 110 105 81 25 96 142 116 56 111 120 15 135 121 117 112 123 139 14 29 43 27 85 31 87 21 48 26 79 82 61 108 55 141 10 70 66 24 78 138 104 146 2 32 109 140 3 76 13 39 47 49 67 107 57 75 77 101 46 69 51 93 136 115 52 99 30 95 134 68 148 16 90 42 88 132 40 129 8 59 9 50 63 119 20 54 83 145 35 36 122 53 74 4 114 45 44 38 73 72 7 
111 76 122 15 110 141 124 147 149 21 79 52 4 65 11 120 144 109 58 140 96 29 13 103 47 31 139 53 43 85 33 105 81 143 45 99 84 59 121 91 134 25 28 54 69 130 48 17 135 95 30 70 2 22 5 82 125 56 7 100 119 35 97 116 8 19 83 67 42 98 117 104 86 113 150 14 50 75 132 16 49 18 80 73 66 77 26 106 123 129 27 127 63 137 64 118 44 
148 97 11 28 146 24 108 36 71 65 75 96 42 125 119 91 80 46 57 116 129 38 14 77 82 70 107 62 93 5 52 133 131 19 74 112 4 35 39 69 68 22 114 90 15 2 98 111 18 140 51 83 109 113 132 54 50 53 61 88 49 73 41 40 43 126 17 120 136 1 27 150 118 130 78 76 149 33 72 59 58 103 56 134 137 135 10 66 86 141 16 115 84 20 106 79 3 121 85 102 94 101 8 63 9 23 143 144 81 124 13 
104 2 88 54 38 85 134 132 23 67 44 34 128 129 99 121 98 97 21 43 45 101 108 118 138 60 116 141 24 51 72 8 69 100 12 130 136 124 5 110 125 102 111 113 139 131 106 27 59 133 119 6 109 52 112 17 62 144 91 80 46 41 137 107 29 70 143 48 79 32 55 82 42 49 10 73 3 105 90 142 14 31 53 20 150 57 87 86 1 114 18 92 35 140 4 84 89 68 36 94 30 145 95 61 7 37 75 56 147 122 
107 82 62 105 127 110 2 96 149 25 53 29 42 109 45 74 122 63 92 50 37 68 72 6 7 30 95 48 21 114 137 117 98 22 71 61 104 102 24 130 87 133 16 51 94 145 66 10 126 135 65 41 26 131 38 9 18 97 113 49 116 69 84 91 15 40 90 54 121 141 101 58 14 100 36 79 56 83 17 112 139 77 93 86 136 27 115 13 89 108 64 35 134 12 67 132 60 57 73 119 39 88 143 32 33 142 
150 130 106 111 30 86 6 21 141 113 16 144 129 28 116 122 39 74 70 32 108 112 60 134 87 49 110 33 117 1 100 41 38 8 77 93 78 63 136 26 55 31 2 88 76 107 10 92 42 50 48 3 139 54 79 61 51 138 15 98 114 124 137 67 23 95 142 44 123 140 62 35 101 56 46 11 84 17 81 69 43 120 27 146 53 103 109 128 29 99 89 36 59 85 5 4 94 57 19 14 115 118 72 22 80 58 52 12 64 125 45 145 
6 135 105 116 101 87 121 119 77 38 33 104 136 32 106 34 66 127 79 2 103 7 82 43 137 123 10 28 58 85 20 117 48 88 150 12 126 73 120 134 57 133 17 68 74 41 124 94 138 1 111 122 9 63 99 100 64 91 45 30 132 102 39 145 139 71 67 78 27 148 143 37 36 11 149 107 89 141 8 44 23 83 35 72 69 19 95 50 29 5 110 142 14 125 131 96 55 109 112 92 15 118 128 40 84 140 54 
110 12 111 54 51 92 44 2 100 72 71 147 33 3 62 86 141 137 91 108 115 11 39 77 146 5 47 87 53 138 150 31 16 76 66 101 24 49 78 34 88 40 75 42 35 74 68 94 55 124 38 84 149 27 90 119 103 140 32 83 97 131 13 37 117 19 129 80 132 96 8 10 50 41 15 95 46 82 134 63 79 102 121 107 73 105 106 126 9 93 17 98 48 144 57 143 58 23 6 127 65 29 128 20 7 112 14 125 45 64 136 18 
105 85 96 116 21 112 97 46 117 60 135 13 25 32 22 38 23 6 49 86 16 141 118 150 52 54 18 72 90 99 139 115 98 103 129 75 68 113 62 106 122 101 63 114 89 3 37 43 76 55 48 39 19 10 70 65 84 108 51 12 71 131 73 92 87 53 20 123 34 59 88 74 142 110 33 66 102 100 64 145 61 128 136 15 79 14 140 134 31 9 26 148 1 119 127 45 94 111 130 132 82 42 11 40 120 121 41 143 80 58 133 24 
101 7 93 15 95 78 41 34 31 55 25 49 110 88 115 2 117 48 11 39 45 146 52 141 84 133 51 56 65 124 75 46 134 144 104 77 74 89 81 116 98 62 139 53 80 106 121 43 126 30 17 135 44 107 79 129 72 50 99 138 10 73 125 59 119 14 113 20 5 86 1 29 148 91 118 131 40 82 142 97 132 42 136 122 123 66 140 69 83 54 36 102 21 100 109 4 35 24 8 18 37 70 13 71 87 143 127 128 92 137 64 105 47 
26 143 117 125 58 47 38 14 53 60 114 109 18 142 121 22 19 104 4 115 36 13 101 137 28 105 91 20 50 129 81 74 30 138 45 145 9 32 57 93 90 55 46 65 106 23 107 134 49 130 144 122 102 63 67 148 62 111 123 84 76 24 100 96 40 68 110 25 87 120 124 6 135 119 141 127 95 80 98 54 17 43 116 75 131 71 82 11 133 97 70 7 77 59 5 73 78 35 103 44 147 86 31 37 10 12 16 136 
86 138 14 58 8 121 56 10 128 33 150 92 44 123 72 63 5 93 59 61 62 95 130 135 7 134 144 57 25 9 77 91 15 146 148 129 122 29 35 16 79 110 4 97 65 127 49 74 19 66 3 23 34 136 38 143 20 17 142 28 140 84 22 90 94 111 115 107 103 73 83 96 99 24 133 108 69 18 104 40 67 117 100 126 51 46 64 98 141 1 109 54 116 47 125 50 36 145 112 76 45 81 78 6 89 75 137 82 114 31 68 101 131 102 
69 38 42 96 51 46 135 40 125 146 44 111 22 71 101 48 12 64 138 92 54 59 43 150 131 95 62 108 76 63 106 90 37 18 133 128 11 147 89 65 28 119 149 74 124 130 78 49 50 141 86 148 3 68 14 19 132 9 41 143 7 20 113 17 137 144 70 8 129 103 34 99 33 110 5 134 39 94 83 56 82 73 120 109 85 79 32 77 115 123 30 45 80 91 24 67 114 16 100 75 145 27 122 57 2 93 29 1 4 140 26 52 58 
6 100 46 29 48 8 138 45 18 71 105 64 89 37 90 22 68 93 106 147 122 126 1 134 65 97 86 43 41 124 38 101 144 26 148 62 107 123 52 31 34 120 103 19 77 117 10 51 121 27 114 74 11 110 82 17 16 127 23 67 146 7 87 129 24 13 108 79 140 55 92 128 57 42 75 76 66 91 137 2 78 53 49 133 14 70 56 130 25 60 59 113 9 139 35 132 12 85 150 99 131 36 58 102 104 81 112 80 
121 42 72 83 54 48 97 86 15 30 113 120 23 109 52 46 84 8 68 131 111 41 2 6 25 118 124 79 142 27 141 47 39 94 139 129 146 90 40 96 31 116 112 106 122 104 91 58 92 145 98 21 105 65 100 101 102 125 55 63 99 34 59 20 57 69 51 110 128 78 26 150 4 24 76 67 5 1 117 74 60 3 12 14 61 115 103 70 138 88 143 134 135 44 89 114 82 85 56 137 49 7 11 64 136 9 50 95 123 
46 30 138 18 12 7 19 13 135 144 81 32 83 122 127 77 68 148 6 11 115 95 86 137 147 114 38 76 55 59 118 89 133 119 45 91 1 35 41 65 28 39 94 134 22 136 48 36 100 105 33 128 129 62 110 126 93 111 60 49 54 70 141 146 42 99 73 117 131 124 125 74 40 72 90 63 123 37 43 97 80 142 145 4 66 51 14 31 82 130 52 149 8 143 47 121 120 139 104 79 103 102 98 87 57 69 61 27 84 25 67 26 
64 22 42 36 117 112 2 138 115 53 107 61 88 15 82 46 32 70 125 128 18 142 39 90 23 99 118 85 67 77 134 93 41 57 10 26 55 95 116 132 69 47 20 119 19 143 109 98 34 103 1 150 71 92 130 80 9 50 51 111 29 79 114 108 65 97 30 6 28 94 58 3 59 100 87 45 139 44 101 131 75 86 83 49 24 17 68 102 106 25 63 37 73 104 62 124 140 60 144 21 149 126 5 123 141 66 96 146 4 127 
136 58 129 51 45 64 4 63 148 122 91 16 47 5 15 119 100 83 102 112 85 43 99 6 18 19 134 77 143 104 107 121 61 142 84 12 7 101 103 32 75 114 30 89 62 1 40 21 50 135 74 149 35 127 39 53 14 79 46 71 146 133 88 109 23 118 37 42 38 80 87 125 24 113 111 22 90 25 49 126 131 28 95 140 124 34 96 78 60 147 93 8 72 52 66 41 137 132 144 2 73 98 13 150 68 48 29 59 92 57 82 11 94 65 
7 31 57 113 36 15 48 102 60 110 112 96 54 108 148 66 140 123 111 4 6 1 71 35 149 82 122 61 70 27 101 12 23 50 8 98 134 28 115 26 43 141 127 125 116 79 14 52 64 91 99 51 25 131 124 86 117 147 137 45 80 32 68 5 46 109 94 136 84 138 42 121 58 128 132 145 104 44 53 93 22 85 13 76 133 16 73 11 29 106 34 18 78 2 56 41 67 135 17 146 83 39 59 81 
60 82 108 58 8 103 99 70 55 34 73 42 40 104 31 85 123 130 62 133 144 14 32 101 83 112 47 80 23 13 29 72 16 78 86 10 6 149 106 147 91 148 75 3 145 15 116 5 43 105 92 84 25 66 26 110 56 134 71 46 54 53 67 63 143 88 18 98 7 107 118 4 139 45 146 122 11 69 68 90 12 74 125 79 19 142 27 97 114 93 9 121 138 126 2 87 21 59 36 48 30 150 61 131 1 141 128 22 96 41 24 
80 140 23 6 134 101 73 141 12 37 65 79 72 109 122 55 126 40 26 33 64 139 10 104 41 49 19 119 25 112 44 87 136 78 13 47 147 74 145 56 124 100 35 27 143 28 92 90 150 81 68 99 75 62 50 133 69 105 125 102 34 5 52 24 61 117 36 54 96 111 130 9 113 91 148 42 98 110 2 135 43 97 58 107 53 120 103 66 149 45 70 131 106 146 88 51 11 144 116 123 21 17 31 83 57 18 14 132 
128 49 43 67 2 78 77 115 131 89 8 23 136 57 17 65 41 44 127 134 142 54 83 34 36 100 118 92 116 60 140 28 33 72 4 39 150 144 7 76 30 61 106 74 146 71 145 96 31 27 88 66 14 138 42 133 68 117 98 29 132 99 38 55 102 86 107 85 110 13 125 51 119 97 112 12 69 64 122 139 137 109 126 3 91 18 10 80 108 26 103 147 82 93 121 143 123 130 15 53 52 11 21 47 79 101 148 114 135 19 25 
92 3 124 128 149 40 76 88 50 64 28 141 131 97 114 45 53 130 144 12 13 127 24 32 15 122 118 39 16 21 80 104 26 98 34 1 72 135 27 8 84 63 148 101 113 119 126 18 36 107 10 54 55 65 62 110 2 25 140 116 139 138 14 60 123 85 59 38 137 147 129 48 33 73 5 37 109 82 143 96 79 112 91 22 117 121 106 94 6 132 47 68 142 44 31 57 42 35 105 9 11 75 86 23 
110 38 78 127 111 7 93 118 24 10 98 145 37 36 130 82 16 117 88 83 142 18 144 90 80 48 28 106 12 139 103 11 77 57 134 56 133 148 22 62 116 81 43 97 67 95 45 140 120 33 63 3 52 73 35 86 114 26 31 75 20 123 41 94 124 23 34 4 76 109 49 105 61 72 8 21 55 149 66 138 47 99 102 147 53 40 104 141 6 44 19 74 132 65 92 64 137 70 27 91 59 58 143 121 126 9 46 39 150 32 135 69 129 89 96 
71 46 20 147 98 28 29 115 85 96 109 27 83 18 123 4 5 140 100 118 94 102 25 99 51 66 39 91 132 12 65 86 36 81 53 129 62 34 114 138 116 90 74 143 120 82 107 103 88 69 146 16 93 50 133 54 144 21 19 40 148 47 32 125 56 110 141 15 78 121 68 142 44 9 150 95 76 113 67 97 2 60 127 149 14 87 84 24 119 101 37 70 3 45 136 131 42 49 105 124 22 73 145 11 104 57 10 126 13 55 89 6 111 31 38 
90 19 83 37 68 77 141 55 31 6 133 96 25 7 143 94 72 119 144 3 46 66 111 136 47 60 89 118 9 91 67 1 43 73 116 64 28 20 124 13 24 115 29 41 79 86 33 81 134 103 93 16 127 49 42 122 142 63 54 101 56 123 40 15 121 98 4 50 120 131 146 45 95 30 114 126 85 148 35 39 105 104 48 74 102 65 8 22 62 58 70 107 11 112 109 88 76 84 17 69 80 52 108 129 100 130 26 99 
30 53 82 72 128 85 65 36 92 76 13 67 61 97 79 147 20 41 96 129 6 47 119 144 139 14 5 138 111 103 26 120 4 34 3 31 8 137 74 125 134 73 9 122 133 1 23 2 16 149 39 86 59 114 116 102 60 15 35 29 115 77 140 80 81 121 25 54 89 50 38 57 109 18 43 148 123 66 27 42 58 62 10 69 118 84 124 110 37 19 64 71 127 7 32 87 49 12 113 22 142 93 68 108 91 146 88 135 112 105 98 28 106 44 24 75 56 136 52 63 
52 11 115 29 21 93 81 124 142 83 43 120 148 61 37 103 67 5 24 59 82 104 51 88 74 119 122 9 1 55 139 38 147 132 16 138 2 84 116 65 91 32 137 4 73 19 66 107 114 68 128 62 34 95 42 149 60 69 92 28 127 26 33 36 53 113 100 72 108 70 140 30 96 117 44 63 35 50 14 109 17 129 22 79 54 98 31 12 105 136 3 57 101 56 76 130 87 27 13 58 143 90 125 99 49 85 94 131 78 6 145 133 80 134 
143 121 51 14 93 5 103 111 90 12 127 40 82 97 117 105 53 17 148 80 63 96 52 20 43 50 98 85 115 26 16 101 55 94 104 92 79 44 68 10 114 33 15 144 78 124 2 7 38 45 100 132 41 84 28 95 91 118 86 89 129 135 36 87 106 54 137 71 102 1 73 4 139 138 29 130 99 150 11 142 19 3 133 60 74 42 122 30 77 39 34 48 18 109 61 149 147 70 145 75 66 58 128 49 62 57 125 35 9 140 59 72 
103 36 2 8 70 110 69 10 31 94 18 85 52 138 81 5 3 61 150 86 20 75 128 32 88 13 9 116 49 68 78 135 139 145 113 120 96 62 38 98 34 90 97 63 1 28 41 37 17 14 101 19 44 125 149 118 104 89 124 143 134 140 50 141 11 33 58 137 54 24 27 51 4 144 114 123 22 117 93 106 71 77 53 119 133 112 131 15 148 56 146 102 76 109 6 105 42 127 47 72 73 115 84 121 25 91 126 60 23 26 
145 135 34 133 118 30 148 82 5 144 28 128 7 80 76 97 126 79 19 131 1 95 29 61 63 52 23 102 75 92 81 35 91 132 36 16 24 121 137 43 103 18 50 21 26 68 150 10 104 111 98 48 120 62 55 45 53 74 57 60 117 67 99 85 22 94 59 113 149 93 77 54 110 125 136 2 46 129 114 4 33 66 71 51 119 89 130 146 134 106 143 44 32 96 13 73 78 90 83 31 124 127 40 11 17 27 39 138 64 108 100 142 70 42 115 140 141 112 20 147 72 47 
150 146 140 59 121 129 20 106 75 92 67 94 41 29 117 128 55 8 98 112 54 149 103 15 147 125 136 80 36 47 7 37 90 77 25 84 9 88 124 86 145 118 143 108 35 28 57 119 4 66 12 60 6 105 58 43 109 21 26 52 95 64 123 100 33 10 24 141 65 148 131 111 45 126 130 39 2 139 79 48 122 23 1 132 85 51 116 91 62 46 83 44 110 74 137 19 87 115 30 53 31 120 18 102 99 96 49 101 16 17 73 
61 47 96 140 104 115 94 32 100 134 126 46 131 125 62 9 107 48 60 1 6 12 39 142 8 101 102 57 37 63 133 4 130 122 43 76 93 124 50 23 84 74 35 75 19 127 49 5 28 129 147 90 11 17 98 64 86 21 123 77 54 81 18 30 27 145 146 22 95 149 40 53 69 26 65 33 118 79 52 59 36 34 148 72 68 87 139 14 117 111 105 103 66 136 89 24 15 2 31 
34 5 54 73 75 89 84 60 62 142 15 137 50 138 96 9 64 124 20 42 16 99 3 58 150 46 59 56 45 27 24 115 37 120 65 49 102 146 39 36 126 71 111 149 69 66 85 13 8 19 101 2 92 98 106 139 21 105 67 17 83 80 143 141 103 114 55 81 130 44 87 121 140 109 51 107 86 100 94 82 22 40 28 14 93 125 48 68 131 128 132 47 148 129 76 33 31 97 53 110 18 145 90 79 88 11 6 134 61 10 144 32 123 
59 54 90 38 26 104 62 126 116 40 51 19 52 145 127 41 73 147 39 13 108 67 83 106 29 2 71 119 75 135 43 107 48 148 21 120 55 113 66 124 80 8 112 58 92 27 60 110 111 16 46 65 64 79 14 125 139 89 142 123 91 97 101 129 86 7 63 12 5 134 141 20 37 146 3 133 84 100 98 149 103 77 1 49 114 87 36 105 70 22 32 137 61 118 121 35 144 131 23 24 130 122 47 42 45 28 50 128 
131 148 104 115 16 90 64 91 138 100 142 75 106 3 74 37 99 88 122 26 77 22 62 146 84 107 97 69 29 40 58 110 7 33 70 30 12 119 126 20 52 39 18 11 98 125 103 51 95 82 47 46 112 101 43 71 139 1 19 38 8 111 144 137 128 145 17 86 31 63 66 105 143 34 28 132 81 48 24 2 68 140 72 21 65 114 44 60 94 124 123 53 118 55 45 50 49 141 25 83 93 23 102 76 127 136 61 59 108 130 41 56 27 14 87 117 6 109 
109 139 7 24 2 135 61 90 101 107 103 8 121 77 97 14 141 18 17 33 4 65 119 96 118 126 5 50 43 11 146 111 147 62 44 35 71 22 124 28 100 83 46 53 54 40 85 67 136 108 82 117 125 3 104 27 98 106 78 6 74 76 138 150 149 122 144 113 52 133 39 99 56 41 42 94 68 15 32 12 25 80 143 91 86 26 13 110 116 130 58 148 59 102 69 128 72 127 49 131 81 92 95 115 60 34 29 70 84 105 19 38 129 9 140 123 47 
19 141 110 148 18 85 135 12 93 86 60 55 45 83 104 84 102 82 20 23 123 54 128 147 64 21 17 149 124 88 78 92 120 111 61 129 119 133 28 132 59 68 13 144 42 130 44 138 146 140 77 150 103 114 74 63 79 131 90 22 8 125 24 65 139 142 107 117 10 98 118 81 39 43 7 48 57 46 145 62 66 30 33 122 94 97 32 6 4 136 37 108 126 9 73 76 38 52 121 116 67 58 14 143 70 137 100 89 75 134 31 
7 150 22 34 115 94 33 8 108 75 145 82 88 126 133 16 140 120 36 117 89 110 2 73 132 74 87 29 10 43 65 134 6 49 66 81 31 90 24 41 80 114 13 124 144 127 84 107 125 85 51 30 58 5 67 64 103 39 99 9 45 37 46 77 68 21 101 42 72 18 105 142 19 148 93 71 47 4 122 14 26 12 60 69 78 56 147 141 76 40 11 136 23 3 112 32 111 118 130 128 62 1 35 149 104 25 129 98 123 95 50 61 79 83 
39 21 110 52 79 42 136 126 59 6 45 14 118 144 2 70 35 147 138 83 73 106 15 46 18 53 149 113 69 123 112 64 108 11 86 125 26 30 38 63 54 75 71 8 65 116 87 94 66 103 92 85 82 68 100 88 105 44 57 47 128 131 16 109 72 107 3 48 20 7 67 137 10 132 117 50 96 56 9 93 12 17 36 142 55 25 102 120 141 99 148 104 31 95 74 124 32 140 143 29 78 27 84 24 37 145 62 115 60 127 23 1 33 146 122 90 133 5 
109 81 65 31 127 24 86 105 51 55 122 63 135 78 16 14 146 53 28 36 50 76 97 117 3 108 42 19 45 49 138 104 114 129 33 89 41 75 47 147 90 34 72 4 128 7 150 66 142 134 99 60 32 87 95 29 77 137 17 12 119 124 61 30 148 62 38 121 67 74 80 91 21 118 56 100 5 37 136 144 116 145 13 6 92 54 35 2 102 101 84 11 98 27 139 71 103 22 131 15 123 20 143 70 126 120 94 46 125 111 73 52 10 58 
122 58 17 95 119 124 82 76 29 81 67 132 64 70 11 136 140 87 96 55 4 23 83 131 138 144 107 73 49 145 88 104 91 106 75 78 24 10 86 44 52 62 72 84 116 59 147 27 33 97 41 142 127 65 85 22 133 48 38 50 53 113 101 9 1 90 103 141 89 15 100 56 5 18 114 43 137 99 46 105 40 37 36 115 126 102 47 123 80 98 8 109 77 108 14 148 79 45 51 134 34 54 32 121 12 68 35 143 112 110 94 57 16 6 93 111 
128 130 141 76 4 11 120 91 147 129 16 40 27 93 36 35 33 67 90 86 15 5 135 108 103 102 131 22 42 105 21 73 81 82 133 64 46 125 83 53 10 1 55 80 8 78 30 145 39 62 143 18 19 17 12 47 34 75 3 149 106 9 116 74 117 111 71 48 122 23 134 49 54 45 70 124 59 127 118 38 37 126 51 114 96 107 56 100 136 112 52 150 132 113 104 146 13 57 72 24 101 110 138 123 2 66 148 85 65 88 63 144 109 
84 108 141 78 116 27 74 23 114 56 115 53 111 149 121 85 31 10 7 99 30 95 138 55 132 26 57 125 150 34 54 128 87 129 112 109 134 143 70 113 4 1 59 21 147 103 9 82 64 69 43 39 102 81 15 38 73 48 90 133 36 100 71 46 42 127 117 3 76 75 142 67 104 110 24 124 79 61 120 11 41 144 8 122 50 80 105 49 45 51 52 44 29 16 92 126 63 94 135 60 12 47 35 77 140 22 2 139 6 137 119 86 28 123 58 96 148 32 106 
20 67 46 114 120 117 91 83 111 103 78 147 19 36 44 56 34 42 110 130 87 27 54 61 98 122 101 84 64 59 102 6 141 81 48 66 88 8 126 127 35 148 132 21 112 108 94 47 49 1 9 135 71 11 105 68 144 29 146 138 150 53 99 77 93 74 80 115 113 125 139 38 79 33 14 124 76 65 75 51 23 25 41 106 24 15 45 137 96 69 13 119 30 58 7 143 109 12 140 100 2 3 17 62 31 149 26 116 92 73 82 18 133 104 118 121 
40 86 108 42 28 105 68 18 37 36 146 1 115 128 6 2 80 44 117 27 35 138 45 20 147 25 63 118 95 49 120 90 73 121 91 61 65 50 24 52 53 11 144 98 41 136 126 101 123 133 129 100 141 67 17 83 87 78 142 134 62 26 31 58 143 30 97 74 132 125 111 92 8 94 109 96 57 149 7 104 82 99 103 77 102 112 51 71 137 81 33 10 127 122 39 145 148 75 32 140 76 54 23 113 106 114 135 60 56 116 
61 56 54 57 119 81 112 2 9 74 90 131 13 125 34 52 113 124 144 123 21 143 132 122 17 31 116 42 14 86 83 78 41 60 63 26 147 134 19 136 111 20 43 129 10 102 99 59 16 40 135 8 76 29 32 94 70 101 75 15 67 27 11 98 138 69 51 39 44 121 108 6 139 55 141 79 50 71 23 110 100 33 7 117 73 109 115 128 28 142 45 85 30 96 64 53 12 46 68 106 80 127 126 93 84 58 35 107 104 89 5 114 36 
124 127 38 88 63 91 39 137 73 149 104 123 72 107 12 110 139 23 4 97 52 130 43 50 112 32 84 121 57 18 28 143 40 99 20 147 101 3 132 98 83 59 126 122 141 35 128 118 145 7 85 95 92 14 17 119 25 53 87 115 90 150 114 148 30 86 109 129 51 93 79 102 78 34 42 27 47 5 61 117 69 1 77 100 113 68 16 71 80 111 81 144 54 108 125 15 103 140 36 46 136 37 21 116 106 45 142 49 58 26 120 44 19 11 146 56 
74 86 22 136 16 45 121 10 2 120 82 43 29 49 130 84 77 14 109 92 12 131 147 13 32 46 34 100 80 61 113 72 68 75 99 83 18 76 137 135 15 37 73 146 55 6 52 40 17 102 85 119 20 5 90 57 30 63 124 9 38 79 64 58 91 110 96 150 50 31 134 139 65 62 69 125 87 44 35 101 81 7 59 4 128 93 24 114 142 33 112 138 148 117 97 71 23 19 129 70 127 60 25 118 11 106 8 53 42 56 
80 6 148 108 35 72 34 95 38 137 30 139 134 15 57 142 111 56 31 92 54 77 90 32 98 39 7 81 70 97 121 48 89 22 1 46 45 125 63 129 113 47 13 82 41 58 138 118 128 87 73 17 85 79 131 3 19 21 84 140 36 112 27 88 18 135 11 29 103 64 51 146 16 100 9 117 101 94 74 5 119 116 4 67 65 83 49 26 69 141 144 99 60 55 147 107 40 8 109 106 76 33 66 44 37 23 25 120 52 12 43 149 104 133 
101 31 33 91 48 118 92 108 146 23 88 6 46 86 38 145 44 28 87 104 45 65 66 133 22 42 136 19 20 105 125 1 40 25 126 103 137 121 34 131 124 127 90 52 129 97 147 75 134 4 70 30 142 8 13 67 112 62 130 58 117 73 144 100 12 81 114 14 55 9 39 98 63 128 3 106 68 17 21 96 109 10 71 135 72 77 120 43 123 132 107 15 24 139 140 16 79 148 35 51 74 2 102 57 54 18 95 78 99 93 
84 24 53 49 129 136 110 62 9 44 150 76 135 59 19 7 106 21 94 74 108 29 119 97 22 68 60 118 92 111 12 55 104 145 11 56 1 38 65 144 88 3 54 143 127 134 34 33 81 83 5 120 101 42 28 103 39 2 58 123 69 32 93 117 105 31 126 61 43 130 113 124 72 67 142 146 37 95 100 131 137 98 121 46 71 125 14 79 48 77 141 139 8 132 86 122 35 47 4 115 85 20 109 99 6 116 27 18 114 
72 59 55 67 9 132 109 127 104 80 136 17 48 53 143 2 38 129 77 63 8 150 98 57 25 70 97 120 137 11 146 140 27 32 21 13 10 119 95 16 128 69 135 116 76 4 49 149 47 130 3 14 106 73 45 107 66 1 87 43 83 31 93 35 36 64 28 37 85 103 114 62 99 144 7 123 58 139 23 5 108 29 142 124 40 115 145 65 148 26 90 125 15 147 113 52 96 54 134 81 86 61 74 138 100 
15 51 93 23 105 18 24 140 44 92 49 33 144 28 17 40 107 54 147 135 68 116 74 125 100 42 118 145 34 30 25 77 94 19 133 3 113 137 142 82 80 127 70 39 21 139 91 78 47 59 7 71 97 106 95 112 5 138 4 128 46 57 10 148 102 141 126 150 111 16 58 69 38 131 36 14 61 45 48 75 81 60 11 146 55 88 79 134 99 84 26 89 12 119 121 123 13 76 27 22 143 67 149 87 6 8 66 104 41 103 
19 27 132 80 9 76 134 38 94 104 141 18 101 139 142 92 114 57 150 35 112 86 37 43 59 148 14 61 109 89 34 128 44 49 15 87 60 81 130 144 11 110 140 145 100 126 31 102 53 13 29 118 95 52 108 47 74 131 30 98 17 1 93 75 69 78 10 21 143 58 67 46 90 16 116 64 45 20 106 25 113 115 96 127 48 68 36 4 84 147 105 22 103 42 28 121 71 97 23 119 3 122 66 120 107 137 65 85 7 50 26 63 56 79 62 123 39 146 129 8 41 
93 144 87 62 84 137 99 96 32 29 34 6 81 17 7 4 146 27 133 31 105 44 42 24 49 127 148 125 86 141 14 130 128 113 57 61 97 71 40 79 126 90 64 73 39 118 19 138 65 25 149 54 11 147 80 83 63 95 43 51 2 139 136 36 76 134 68 111 9 103 10 89 121 26 47 77 120 5 67 142 101 1 59 45 72 115 23 50 28 56 100 110 21 75 116 69 88 33 8 46 91 102 132 58 55 30 129 70 119 107 106 3 78 38 
4 73 144 48 58 5 60 131 63 56 81 39 30 74 109 85 135 126 67 150 14 94 26 51 3 115 35 7 143 87 62 105 52 79 20 108 95 22 28 140 121 45 42 132 80 2 128 29 64 36 139 127 47 57 86 99 103 123 69 31 17 97 72 16 107 78 116 138 41 119 124 9 65 11 106 82 32 113 12 100 59 91 19 147 112 54 53 27 92 21 111 142 129 49 149 13 61 38 114 50 148 101 96 
29 143 33 56 134 150 71 32 61 139 109 148 30 48 40 77 65 63 52 68 130 145 127 79 14 34 131 59 49 144 54 92 42 46 45 113 106 67 118 8 72 82 27 135 107 91 99 96 57 10 20 24 86 44 70 123 74 13 120 111 18 122 83 87 78 37 103 16 9 31 41 104 2 60 73 89 98 114 64 43 51 88 62 115 102 26 147 3 94 55 100 80 12 95 137 19 21 141 81 126 
146 129 87 10 30 48 68 45 86 144 136 119 28 20 78 47 110 2 5 127 66 56 76 23 138 53 130 21 24 122 1 99 67 70 104 7 81 9 108 79 131 31 94 59 121 57 115 71 49 63 69 116 80 126 6 112 128 98 95 62 35 106 113 16 145 25 4 92 132 3 17 32 103 74 36 96 134 51 137 72 29 50 141 34 149 133 54 90 93 140 64 55 18 60 44 42 117 142 40 139 26 125 88 19 
58 117 36 13 118 7 150 37 60 95 146 74 10 62 105 96 77 84 12 26 61 19 123 126 46 100 128 130 94 112 64 79 25 141 104 86 139 122 49 149 119 99 124 76 47 32 134 15 31 89 30 120 17 2 56 3 75 148 33 57 39 6 43 135 102 5 42 131 9 69 24 21 72 92 110 48 63 40 140 65 129 80 16 133 144 4 59 90 125 66 103 115 87 28 106 55 1 11 88 8 73 38 132 29 107 
23 91 44 36 145 125 33 82 18 3 121 65 28 73 92 58 105 35 111 20 83 69 144 38 93 94 68 26 100 133 8 96 98 86 67 14 19 90 32 112 135 139 51 24 30 25 150 78 49 66 70 56 1 41 40 95 16 60 132 109 85 21 77 46 63 128 72 37 75 110 57 50 27 31 114 22 141 2 7 138 124 45 113 6 103 116 12 5 117 123 104 74 15 136 89 137 142 34 130 9 108 101 131 129 47 76 39 140 81 87 53 52 62 149 11 
10 45 71 82 17 12 47 131 146 87 140 75 95 141 73 86 3 113 29 40 83 64 120 55 9 62 41 60 101 103 74 127 2 52 148 76 92 57 24 104 102 145 11 26 4 53 27 61 63 130 28 6 72 94 84 89 88 96 37 34 7 91 110 59 99 16 66 20 22 8 36 13 115 128 106 31 44 137 38 32 138 107 125 118 122 123 14 65 116 105 93 114 39 42 81 5 143 67 98 133 78 68 77 112 35 46 21 139 144 50 150 18 119 49 
147 93 61 86 134 132 84 98 143 90 136 6 12 112 150 56 145 126 44 133 24 21 117 129 135 65 57 49 1 17 14 39 4 15 144 55 79 103 29 124 149 68 43 72 20 64 74 82 75 77 32 60 28 142 113 19 30 91 122 42 97 3 9 127 63 116 5 2 99 105 66 95 7 51 73 108 48 70 85 52 54 67 100 18 45 11 89 69 94 101 123 92 119 128 71 125 16 118 34 96 37 13 121 59 148 80 62 76 46 130 120 
79 34 119 130 58 108 6 96 16 62 3 68 36 107 111 15 117 122 1 99 72 64 18 91 20 28 2 60 22 38 121 25 139 143 88 29 97 92 84 54 75 13 42 102 118 43 135 23 106 11 55 81 63 137 76 46 41 27 61 7 14 33 80 4 5 140 103 45 113 104 138 49 134 35 124 32 133 52 47 40 148 67 30 110 87 127 21 94 100 150 19 57 12 95 146 56 37 31 105 116 109 145 98 26 
52 26 147 123 30 64 66 20 10 56 98 90 97 128 132 109 61 38 53 3 46 28 14 21 70 93 84 57 102 15 65 116 126 129 17 130 112 100 33 42 37 31 120 110 125 87 135 6 43 67 40 111 58 140 8 107 134 23 9 103 105 95 106 71 2 89 55 68 150 91 5 63 79 92 19 96 35 124 149 50 76 117 18 142 138 131 136 44 104 49 121 88 54 1 108 4 94 34 119 80 74 39 118 16 86 144 25 60 36 
149 130 147 101 129 83 139 24 95 81 34 112 63 68 87 16 99 19 62 58 121 7 96 74 17 104 18 22 94 72 150 70 13 115 12 56 28 65 8 44 117 33 135 141 120 113 45 30 111 88 66 80 73 98 90 126 3 1 100 51 60 119 47 25 27 37 57 67 36 118 133 148 23 46 38 134 137 142 59 146 48 114 14 21 26 52 4 140 9 105 128 132 122 20 110 55 143 109 50 43 10 97 53 41 54 123 92 2 125 29 82 78 102 
93 116 41 136 20 121 65 120 75 49 31 46 103 38 67 81 91 124 92 61 104 33 134 73 43 25 58 27 4 118 62 22 111 21 11 143 145 146 106 96 56 18 138 98 133 97 36 139 44 12 48 101 66 117 50 88 125 148 24 37 8 89 55 45 70 115 105 19 79 35 5 126 147 127 87 13 57 112 7 40 95 1 113 9 123 71 86 110 3 52 94 100 119 128 135 144 32 60 99 6 68 47 141 137 2 
136 4 48 122 11 78 110 89 29 133 50 108 45 65 135 131 100 88 40 2 55 67 139 30 71 74 129 134 83 102 97 56 24 27 123 53 18 52 148 76 125 127 106 149 8 31 21 70 150 5 75 44 81 15 26 115 147 69 64 54 43 47 42 132 145 33 96 61 126 1 17 20 73 77 113 62 3 121 99 116 93 28 10 32 124 141 105 22 38 142 111 94 59 23 60 58 41 34 13 80 37 51 138 92 7 85 79 35 66 6 14 107 104 
52 93 29 38 144 129 123 62 143 34 118 84 133 94 13 79 137 72 64 117 24 36 83 16 140 63 27 88 69 82 74 150 12 102 127 5 107 145 39 54 116 46 149 67 106 124 120 75 58 71 73 51 125 113 23 99 22 53 146 101 50 4 128 25 57 90 47 138 45 104 98 109 77 43 78 68 32 141 108 80 2 19 6 28 76 121 89 139 1 91 66 95 132 97 60 26 7 59 111 85 96 35 
89 102 25 142 5 2 137 61 24 108 116 100 41 78 63 33 127 105 128 56 74 129 91 140 136 19 103 60 134 27 69 72 124 125 138 66 40 150 93 26 113 94 148 44 45 110 9 97 46 38 10 111 131 68 57 43 135 101 42 28 145 83 48 84 96 85 16 118 23 39 146 112 133 50 149 77 117 70 15 144 147 58 86 76 52 141 36 21 90 132 35 87 115 7 92 120 80 22 104 1 11 6 4 54 107 82 
11 91 34 32 95 143 126 25 2 93 24 17 109 113 22 122 36 15 27 150 56 139 94 45 107 83 23 118 19 49 105 72 148 76 14 65 112 73 30 121 48 13 108 96 98 146 100 106 131 43 31 144 130 117 87 115 90 44 68 99 147 78 1 81 132 60 111 127 3 92 119 136 101 52 88 123 10 40 7 28 59 125 33 42 86 79 16 51 57 149 8 6 114 129 128 102 135 74 47 120 145 85 110 53 80 103 
30 98 10 99 52 38 122 96 32 69 60 58 116 29 94 50 150 71 138 123 27 87 103 47 113 142 42 115 48 51 66 68 62 16 124 61 5 39 147 106 35 141 101 88 13 83 73 126 129 114 2 14 77 53 4 92 143 67 139 21 26 78 79 54 148 56 43 65 111 97 104 44 64 23 33 105 74 91 117 120 84 137 93 34 110 149 19 17 55 131 15 49 18 146 3 145 127 22 6 46 9 31 36 57 59 112 81 89 
16 32 107 50 119 53 135 98 128 134 90 46 136 8 40 64 75 137 47 95 31 102 74 18 39 3 145 69 105 130 121 111 82 30 38 44 59 54 67 150 6 10 112 148 34 42 14 66 12 147 2 124 76 104 81 63 7 60 132 29 61 22 83 28 33 48 99 72 45 117 80 144 115 36 17 142 138 25 41 13 37 87 55 96 125 101 141 88 110 9 89 129 49 26 43 126 23 133 97 21 109 79 140 20 127 11 118 85 
113 135 126 122 56 39 2 45 32 15 93 121 95 106 42 46 99 133 59 40 110 134 49 89 104 64 140 28 66 112 41 24 69 13 78 22 125 81 128 141 6 75 107 130 111 23 88 77 47 115 145 116 124 84 118 30 102 82 68 108 70 72 33 117 4 146 38 83 62 8 63 52 144 80 27 35 67 119 138 26 127 136 85 109 86 58 123 36 101 98 50 19 31 73 150 103 132 79 148 53 11 76 139 105 25 96 129 55 12 90 
85 47 131 73 48 80 70 36 42 96 138 88 12 65 44 124 13 28 135 46 147 117 130 57 58 21 19 34 40 144 14 132 104 74 6 18 23 51 61 38 116 109 113 77 60 37 148 95 8 54 16 122 140 118 126 112 67 35 142 127 43 97 145 17 133 83 29 150 72 81 5 3 66 125 56 134 90 49 7 105 120 99 115 149 119 98 128 45 143 129 92 31 52 63 30 9 10 89 86 24 79 94 32 106 71 141 69 101 102 26 11 123 87 
88 135 138 87 117 13 64 143 142 129 50 58 65 44 136 24 60 3 146 17 134 47 145 101 6 36 4 70 42 80 103 147 23 2 43 114 108 33 55 48 82 37 95 9 119 93 78 46 1 16 75 118 63 79 127 123 49 25 77 124 131 31 62 73 56 54 51 27 86 113 148 120 84 90 7 8 89 112 81 59 98 15 144 57 30 76 34 18 52 26 85 133 22 72 121 5 122 141 35 12 83 21 102 97 106 68 11 41 137 150 
75 12 82 6 42 102 126 77 101 35 68 22 132 134 123 141 5 71 83 128 112 105 28 144 29 133 23 97 44 147 59 135 80 66 47 122 7 60 125 87 24 74 110 76 19 70 111 85 120 43 11 34 107 3 16 30 55 136 121 14 73 104 54 57 148 139 140 69 64 92 1 33 117 9 109 50 93 118 146 84 31 138 25 89 94 127 142 62 98 150 49 106 26 100 78 149 91 103 13 72 113 119 18 108 36 58 115 46 20 81 79 51 
38 97 127 124 150 132 142 25 20 55 35 81 6 40 107 80 14 42 47 48 2 117 61 15 74 4 31 104 21 126 67 41 87 93 91 39 19 122 109 60 102 64 105 7 90 119 13 5 26 86 51 106 27 83 98 121 45 108 29 77 65 1 137 101 139 92 128 63 33 37 148 36 30 123 82 62 114 145 43 129 73 103 17 76 140 85 11 46 16 149 50 144 49 116 10 52 79 89 23 78 115 44 18 75 147 58 88 71 8 69 84 141 136 134 99 135 
106 139 66 81 3 96 8 127 38 17 15 34 41 11 113 119 90 42 75 143 103 98 94 132 131 102 123 120 142 30 39 114 27 67 91 48 54 33 23 71 69 47 117 53 60 13 45 95 20 85 68 74 150 52 86 100 140 22 32 105 116 83 35 118 19 148 43 135 84 93 40 73 64 59 55 141 87 145 29 82 26 146 72 88 107 10 99 137 28 18 16 49 144 21 12 70 56 
92 149 81 79 44 123 128 69 91 87 52 94 33 143 89 35 68 76 129 66 102 108 39 1 26 20 24 107 135 43 110 9 14 80 8 99 137 82 23 27 90 12 48 34 22 70 144 95 59 28 54 148 139 97 122 57 113 138 40 45 71 10 63 49 7 38 60 64 15 29 125 120 46 36 85 30 111 84 96 50 93 118 51 55 115 130 106 121 13 146 6 132 116 124 112 2 150 53 21 133 56 134 41 103 77 65 42 16 47 37 73 4 126 18 83 136 
130 135 146 52 85 77 39 96 126 117 10 91 55 103 128 72 136 125 16 148 120 112 60 5 24 81 34 89 25 80 142 33 70 92 131 40 113 35 7 62 57 20 46 32 44 107 66 105 78 101 27 17 140 75 36 124 28 3 42 38 87 18 108 123 129 84 132 69 74 6 106 30 43 90 22 97 50 71 111 31 59 12 98 47 64 63 4 65 102 37 1 138 86 67 93 82 58 49 19 68 54 8 2 76 
4 5 3 114 66 149 68 81 147 56 19 69 95 128 16 148 17 132 142 32 118 13 112 110 7 78 127 28 29 105 36 34 46 86 53 14 10 33 75 145 35 76 88 146 62 30 58 51 2 15 103 129 25 50 84 44 124 122 131 70 82 104 20 47 97 59 18 67 117 121 52 64 141 101 120 108 63 144 40 134 143 107 61 136 60 73 23 85 150 138 8 125 9 54 22 106 27 55 123 115 26 109 79 139 116 71 31 111 89 74 49 72 83 39 65 24 43 113 126 135 
70 96 60 121 105 88 50 37 24 10 94 38 52 91 26 90 61 68 25 43 93 143 100 9 31 104 128 84 11 74 15 103 12 30 85 23 65 129 36 55 75 35 73 137 19 1 66 107 92 27 64 47 4 21 118 122 67 114 39 117 109 69 131 138 28 111 46 125 141 95 18 145 80 53 87 113 135 115 17 150 40 99 120 127 149 81 3 32 63 51 29 108 133 57 59 33 48 124 136 140 89 110 147 54 142 41 79 22 5 44 
54 120 116 140 119 51 82 92 86 111 33 98 105 104 135 5 30 65 34 141 56 123 58 132 6 125 43 55 69 49 23 8 18 60 4 10 138 94 22 42 28 143 128 47 9 108 72 36 118 84 88 62 147 103 91 67 40 61 29 2 115 13 145 97 52 21 112 96 78 117 107 99 12 73 48 32 149 144 26 89 25 106 142 44 121 74 37 137 16 136 50 39 76 11 66 93 124 27 113 59 7 45 64 126 129 109 35 63 114 83 1 3 87 95 80 
24 47 123 25 111 78 40 105 107 35 112 27 31 76 14 63 132 83 44 62 85 56 121 92 17 150 73 82 34 143 71 54 115 104 70 36 79 39 61 102 58 81 4 94 12 26 137 51 3 125 136 148 74 46 97 80 49 66 133 72 118 95 30 134 147 21 138 99 10 55 131 52 5 88 29 60 50 20 129 109 38 139 69 100 98 96 68 75 106 45 59 144 43 145 141 53 16 48 140 124 146 77 32 57 2 128 130 42 122 89 135 120 7 64 90 101 33 149 
100 136 19 34 103 122 132 64 18 72 149 105 86 61 46 20 29 93 68 47 71 13 5 15 66 78 10 23 137 49 44 51 87 145 101 4 65 108 102 59 140 127 11 2 113 43 53 36 73 56 138 16 135 126 33 134 54 60 128 96 39 133 90 77 57 42 114 38 130 123 141 129 88 25 120 8 12 146 41 144 14 58 28 95 6 22 142 35 63 79 92 131 62 147 30 107 48 55 124 148 80 115 117 139 69 116 7 106 76 82 84 91 32 70 37 83 85 
139 58 127 39 129 18 143 23 114 51 103 44 11 10 42 64 32 75 106 63 117 122 60 15 59 144 101 109 47 150 131 148 45 108 95 20 133 80 55 74 41 43 4 25 13 54 149 19 1 138 12 107 116 61 72 48 86 102 100 111 115 8 34 85 81 84 14 16 83 73 93 33 97 46 22 69 82 147 26 28 136 50 141 104 79 9 62 17 91 123 119 70 89 112 27 2 126 88 3 118 38 90 78 120 29 53 92 52 128 57 6 110 7 99 96 
75 26 61 35 7 111 94 141 4 74 22 47 55 137 73 54 129 68 17 135 116 85 132 39 66 83 107 134 147 108 100 120 144 28 145 20 127 52 70 8 41 140 149 14 102 64 98 53 21 139 118 133 31 62 24 10 65 130 19 115 110 18 45 124 96 142 32 13 128 27 117 12 48 6 103 104 150 131 80 76 71 72 50 99 42 40 37 33 89 25 90 105 143 29 87 125 58 82 119 69 92 67 49 63 38 1 78 16 122 11 97 9 86 114 138 121 60 77 95 146 136 113 93 
68 61 128 83 51 114 54 12 23 75 65 73 22 102 103 97 17 66 57 19 140 8 74 10 9 106 60 44 120 147 108 109 29 15 82 71 86 14 142 117 125 6 18 53 95 132 98 7 3 92 89 138 124 28 110 116 16 145 11 129 30 25 99 72 88 21 101 139 41 2 58 135 40 52 122 150 131 118 43 105 32 87 36 113 35 80 144 55 119 56 78 76 39 137 130 96 46 126 127 123 38 24 91 115 26 141 100 104 69 
8 122 75 89 100 22 11 95 87 50 27 46 56 98 23 38 77 66 49 86 145 116 123 32 146 140 136 54 101 104 35 109 17 113 45 2 110 138 82 69 62 99 53 64 88 115 26 73 68 12 60 3 31 40 1 79 63 150 44 117 55 61 14 96 58 65 70 4 94 111 30 71 57 107 83 125 106 130 124 105 13 147 37 114 92 18 129 7 59 24 134 120 19 21 127 102 139 81 10 5 
108 79 61 114 107 82 9 131 1 2 71 39 52 91 75 48 36 146 112 62 120 70 149 17 103 20 125 69 42 10 37 58 145 14 136 31 40 150 122 5 18 134 33 135 83 147 3 67 30 6 126 101 66 105 124 118 117 73 76 63 25 144 119 47 100 4 92 29 102 46 148 110 50 116 128 60 54 113 87 12 28 13 140 19 68 22 43 15 24 21 123 89 23 44 129 65 130 84 55 96 121 137 132 138 64 93 41 59 142 133 45 7 95 35 
107 48 73 141 6 5 7 10 67 82 32 111 45 128 83 2 43 50 15 101 80 37 66 70 84 114 148 60 52 63 119 54 30 26 92 137 78 58 79 74 142 53 28 49 12 140 88 117 14 22 38 24 61 100 143 98 121 136 132 144 105 109 120 124 95 40 135 89 108 56 16 145 77 134 146 90 57 118 20 86 42 129 106 17 55 25 91 41 34 125 33 23 138 8 1 62 85 122 19 130 29 39 127 31 27 65 
2 82 106 76 70 116 108 85 92 84 15 61 68 37 90 33 113 105 86 91 39 63 22 98 112 126 100 141 9 130 64 87 140 30 95 19 47 36 133 42 88 149 16 138 121 143 118 55 102 27 21 4 144 26 129 20 6 31 128 34 110 65 14 52 89 147 74 66 59 145 25 49 99 35 142 56 53 60 115 83 43 79 122 45 136 72 10 75 125 50 139 62 127 124 51 57 44 54 101 103 5 148 24 29 
92 128 38 57 126 129 77 23 131 13 44 30 83 10 115 144 66 35 117 123 63 40 41 61 88 133 21 139 75 8 137 149 45 143 145 99 6 67 94 93 36 65 140 146 37 124 90 130 64 125 19 116 134 60 132 103 39 141 11 18 91 114 98 89 24 54 95 58 25 33 1 79 122 105 135 136 100 84 2 22 78 72 121 85 53 68 49 69 16 127 26 109 50 147 27 73 48 32 118 111 102 5 9 150 81 62 80 
36 21 126 79 20 88 63 68 23 101 118 100 97 58 13 5 136 108 71 75 74 145 84 31 45 98 60 149 72 107 32 140 8 82 134 62 18 9 144 67 64 115 122 90 87 104 109 119 95 73 89 55 139 94 28 17 77 129 146 10 7 53 114 106 124 41 70 81 65 102 85 80 49 117 92 116 137 39 15 99 43 37 24 142 48 125 93 27 12 2 148 6 127 22 33 1 128 61 86 76 11 66 46 111 
13 97 128 46 22 30 53 18 115 69 130 12 135 127 116 148 109 90 34 63 23 147 94 52 138 42 84 62 29 125 146 31 134 32 7 124 5 71 44 47 8 49 60 56 96 79 61 24 141 133 106 41 76 33 43 150 21 137 14 121 38 70 45 36 123 65 40 100 16 9 3 19 105 104 80 57 75 113 17 112 59 107 129 35 89 54 66 110 139 67 48 102 11 64 15 131 6 108 101 122 140 27 4 73 
121 127 13 62 45 35 105 129 128 34 4 147 117 144 71 104 98 139 49 73 55 43 88 3 113 148 96 29 15 33 64 51 19 149 8 48 65 70 2 85 112 14 102 27 92 141 108 77 140 52 114 17 132 21 23 58 78 122 86 75 24 138 18 47 57 125 135 146 100 31 50 40 111 103 142 133 84 116 134 145 44 74 90 12 66 107 150 123 30 6 26 63 1 7 101 16 89 37 54 28 80 95 76 106 46 60 93 130 91 
145 25 90 87 119 131 28 130 35 2 146 16 106 83 105 68 39 1 138 56 92 11 85 108 149 5 102 33 14 118 64 112 43 17 113 74 120 121 65 20 73 62 38 104 125 107 117 41 40 27 18 142 77 37 4 144 66 82 88 114 147 150 127 97 140 13 139 79 96 93 148 12 111 135 45 58 42 19 30 98 44 100 71 50 53 141 55 29 80 81 46 21 126 48 75 137 115 24 22 60 70 86 59 123 63 8 109 23 72 61 3 
79 63 7 87 108 49 70 116 137 82 46 85 130 128 123 29 136 42 142 115 11 138 18 93 134 109 61 145 28 112 25 48 100 30 89 146 147 124 3 132 97 27 118 24 58 26 107 2 55 68 122 51 10 105 91 96 148 150 67 19 41 32 92 104 102 149 40 23 20 65 47 54 64 94 101 135 37 34 15 62 119 83 77 120 5 14 88 17 56 110 84 59 99 127 126 50 33 113 81 66 140 78 90 39 95 16 1 69 106 133 143 35 12 57 
106 134 17 6 88 49 35 92 126 148 100 135 81 105 61 70 94 33 19 149 142 63 14 132 34 146 111 150 89 116 24 72 48 10 93 95 22 103 119 87 25 40 16 38 143 67 47 138 5 27 113 83 123 84 68 4 97 64 54 91 36 120 112 74 80 82 107 12 59 51 57 28 101 53 98 20 50 78 42 73 117 69 43 136 1 2 45 7 3 110 147 131 66 124 58 127 13 139 102 76 41 121 44 129 133 85 55 109 125 56 21 145 144 
53 147 93 74 83 44 125 92 50 145 96 95 94 116 29 144 15 72 41 78 142 48 121 75 137 110 105 146 66 34 85 149 82 12 70 22 21 124 120 126 139 16 132 140 102 113 40 39 11 3 63 13 80 35 129 117 8 25 14 97 49 148 23 43 122 106 20 31 45 136 54 71 26 133 107 81 109 135 55 6 46 28 65 67 118 62 5 27 59 89 73 138 128 84 123 77 91 19 36 130 127 9 7 56 68 60 
145 107 93 29 78 19 87 95 106 10 104 53 33 7 94 24 5 25 74 61 137 63 48 99 119 129 127 110 15 141 50 14 68 144 85 70 18 136 4 27 148 3 13 1 45 83 64 56 58 89 143 126 125 21 116 81 57 43 97 140 149 12 138 69 100 103 39 150 90 88 66 67 62 132 130 105 122 98 11 142 32 147 84 139 17 73 102 101 2 34 71 59 31 42 135 20 108 123 46 80 44 117 52 128 49 118 16 76 109 
9 81 127 102 19 118 23 114 116 119 136 124 130 8 128 95 98 43 82 36 49 69 13 37 141 91 131 21 74 32 56 87 1 27 86 53 34 11 22 5 14 89 111 25 129 44 30 100 147 110 126 48 137 63 106 85 133 17 55 123 142 73 140 66 68 60 148 52 75 41 101 64 50 67 62 72 15 3 139 33 28 45 103 65 59 125 77 42 134 20 16 144 79 149 146 112 96 109 94 38 83 40 84 26 6 29 92 138 47 70 115 150 
119 133 62 61 95 114 73 30 15 39 37 76 136 10 41 128 127 86 131 109 89 101 63 145 46 113 27 150 137 82 135 115 103 34 23 110 96 7 130 64 94 60 32 139 78 51 19 125 33 5 58 80 28 134 65 56 124 57 16 59 25 142 111 4 77 104 12 54 92 126 100 44 90 112 24 107 98 117 132 140 146 2 47 93 148 20 40 84 36 55 29 81 14 108 147 66 1 105 38 45 3 70 120 53 22 106 50 31 149 
105 28 44 38 99 51 120 129 96 1 66 55 53 11 85 116 97 32 73 146 39 108 115 100 31 78 61 140 112 83 72 81 52 95 10 98 119 142 104 6 128 94 117 131 18 69 59 93 76 40 79 13 15 58 126 118 19 80 121 25 114 20 141 62 2 14 137 60 138 103 92 107 109 48 150 17 54 84 149 75 42 148 136 4 34 64 133 132 89 41 30 33 87 143 27 24 45 102 12 56 65 37 50 70 8 57 5 71 86 35 29 90 43 134 
18 33 48 112 25 78 108 92 7 146 122 63 142 32 144 45 52 114 91 127 2 88 143 117 14 53 148 34 19 131 57 82 5 102 136 51 75 20 69 132 29 96 41 10 98 46 147 107 81 113 3 109 94 24 90 47 59 39 137 140 55 104 99 56 100 28 4 93 149 54 22 43 17 35 13 70 31 129 101 126 150 119 36 106 42 15 44 110 118 50 1 26 49 58 87 138 121 133 21 61 60 71 141 83 37 65 111 79 103 8 62 145 11 85 86 66 67 9 
106 18 87 39 118 51 52 46 17 99 115 66 84 71 79 108 16 130 102 89 9 56 93 15 67 101 107 34 45 114 21 98 64 11 1 143 58 110 100 128 88 74 62 10 47 61 131 113 72 55 22 5 28 119 30 95 120 77 112 43 59 68 63 50 80 54 38 121 129 145 70 12 81 4 136 6 86 3 29 78 85 48 24 13 69 83 26 92 49 111 103 138 137 122 20 116 53 36 31 109 91 25 35 150 37 33 57 146 65 40 135 141 134 
130 121 57 62 60 42 141 149 11 107 50 132 53 36 123 55 105 3 113 92 70 26 58 90 75 39 74 13 12 96 16 4 25 95 8 112 52 134 6 144 84 35 78 10 81 73 48 2 150 34 98 15 129 28 91 139 118 72 61 119 145 76 124 146 43 59 21 63 140 64 40 44 116 143 49 66 38 32 89 65 18 136 9 100 56 5 122 99 93 86 120 111 109 23 77 117 127 7 138 41 147 51 102 54 83 133 30 104 69 85 
34 58 60 80 147 12 49 9 75 54 7 45 145 136 143 139 48 95 11 149 29 14 62 74 89 47 115 86 42 44 65 43 69 23 137 63 97 41 104 122 53 130 117 55 67 10 110 70 57 51 92 85 4 40 96 144 120 124 129 140 142 35 5 36 26 20 119 32 101 73 88 94 25 112 93 146 134 105 126 114 77 106 90 27 108 3 116 1 46 37 61 81 82 72 133 100 91 113 66 59 71 121 64 76 30 18 87 107 17 28 118 16 131 111 148 138 2 
52 148 93 34 109 65 121 141 40 140 45 13 81 68 14 87 69 71 106 100 103 135 3 27 122 117 37 26 17 74 107 119 98 58 32 95 134 41 143 102 28 49 61 35 53 96 59 101 12 64 113 110 7 47 50 67 15 91 114 77 54 149 112 84 92 22 38 5 129 18 66 33 46 48 125 25 78 79 83 105 120 131 88 30 8 139 123 56 57 31 72 6 85 111 138 73 89 75 145 62 9 115 99 132 146 142 19 80 24 147 55 1 104 
87 64 74 118 146 66 144 100 115 132 52 41 104 150 92 138 143 45 50 28 114 34 126 101 29 44 137 90 70 49 93 32 57 94 69 142 127 120 108 139 89 53 59 9 61 98 73 8 131 84 119 21 133 103 56 109 24 134 62 47 125 1 88 105 128 91 124 141 7 31 65 113 43 75 5 112 68 67 110 96 121 33 140 78 27 106 81 2 83 26 111 99 71 55 42 107 123 19 20 30 36 51 86 22 13 18 77 102 145 79 10 46 136 6 
14 137 31 99 40 148 141 35 57 34 50 143 79 114 83 92 39 119 16 41 22 110 38 56 77 78 147 24 122 13 112 3 61 139 69 23 30 52 144 131 138 109 135 81 134 93 149 121 116 1 82 49 120 51 80 44 66 8 63 2 111 46 84 89 12 55 73 107 67 11 32 9 74 29 21 125 53 18 127 71 103 146 136 108 54 15 115 117 17 104 142 47 133 132 126 98 42 145 27 20 76 4 6 70 106 91 
56 136 73 149 145 61 31 37 78 114 34 83 70 25 148 36 12 27 46 99 43 76 116 35 101 147 2 80 112 53 13 23 21 75 26 5 32 29 38 129 10 39 133 107 8 60 14 97 90 16 30 18 50 28 123 103 94 135 41 17 88 121 124 54 49 59 72 1 65 58 15 134 89 130 79 118 139 109 19 93 140 68 51 100 104 40 48 55 105 52 122 33 127 106 132 69 4 86 125 11 77 22 142 128 44 67 
5 14 62 56 81 104 42 92 23 73 11 9 66 103 32 87 110 77 52 102 64 50 79 63 2 78 41 117 60 88 89 12 129 22 124 35 43 148 135 137 98 69 57 118 71 17 46 8 139 4 20 99 58 13 83 122 1 143 131 16 134 96 120 91 84 123 100 147 70 109 146 115 74 112 40 37 31 93 3 106 141 138 142 61 86 75 19 128 47 126 26 150 39 54 95 28 10 97 130 25 119 133 21 107 6 49 27 36 65 
49 37 129 130 147 77 109 123 57 98 3 68 38 144 1 25 117 51 140 63 62 47 4 93 104 112 87 91 115 64 13 88 150 46 131 103 58 39 45 55 94 6 78 2 105 31 74 69 86 80 27 134 36 118 122 145 124 34 127 48 16 23 85 40 15 106 60 148 53 142 21 42 95 10 17 114 111 119 82 61 12 30 121 137 135 5 7 81 44 149 43 126 56 29 28 18 79 132 14 84 22 101 143 136 92 32 72 
51 94 32 110 9 33 92 49 147 22 150 21 24 113 129 29 65 30 11 61 27 48 143 13 44 125 62 46 117 112 132 126 109 121 148 81 93 69 86 82 59 145 60 91 53 130 115 118 88 108 84 17 136 106 18 95 8 7 2 28 39 139 72 34 35 138 76 25 73 104 5 137 6 36 1 12 133 38 20 42 100 26 78 23 71 15 19 70 122 131 135 40 83 57 68 114 37 142 52 56 77 67 85 45 127 103 98 74 64 123 141 10 128 31 96 
91 97 3 83 139 23 41 133 93 6 85 49 125 31 86 130 33 149 63 98 39 5 16 89 134 95 30 9 19 47 120 94 104 100 70 7 81 102 122 29 14 71 79 110 145 109 68 88 34 92 27 36 112 101 84 42 21 116 137 17 136 13 2 65 20 147 117 59 138 72 18 131 55 75 99 10 11 40 56 148 62 48 132 37 144 25 78 96 4 28 114 119 61 45 103 128 115 67 82 146 106 64 76 118 1 8 107 69 53 
11 6 101 120 111 130 9 59 26 92 10 54 61 150 64 142 51 131 102 135 139 27 123 83 104 8 16 98 100 112 143 55 129 60 110 19 37 58 103 7 89 39 117 71 96 109 86 95 85 3 22 108 50 65 56 34 81 91 119 13 149 126 40 45 121 4 127 25 67 30 29 77 125 2 43 148 28 88 33 74 138 24 66 57 145 99 46 134 106 146 18 133 124 36 49 69 23 118 44 79 15 21 105 122 70 113 94 137 
113 18 84 56 32 12 52 50 69 127 125 82 30 102 117 64 17 147 133 119 109 48 114 53 74 72 33 110 3 34 101 11 24 124 142 67 116 63 120 122 68 49 31 9 28 47 29 143 40 141 19 96 37 21 73 144 45 107 16 90 20 134 5 36 60 97 71 66 104 106 70 15 13 59 103 7 58 62 54 25 88 26 22 85 14 136 129 132 41 87 146 94 98 149 139 6 76 77 80 130 4 79 112 23 46 91 121 42 135 123 
24 48 62 86 123 120 3 93 22 83 135 12 37 117 92 94 71 134 106 100 104 80 34 103 56 38 126 1 111 60 115 45 29 90 82 19 10 42 54 149 125 74 52 49 127 11 110 55 25 101 8 107 87 91 99 147 40 14 64 118 32 116 35 136 68 77 128 59 114 67 75 13 43 26 58 61 63 148 15 129 65 142 46 121 141 2 140 33 16 4 72 88 47 98 105 102 130 132 95 30 124 28 79 85 41 109 119 9 108 31 
54 17 15 121 45 115 63 126 147 150 73 97 136 35 67 40 65 87 20 46 131 103 74 78 7 105 72 10 8 143 4 24 28 42 120 122 27 85 32 53 107 14 95 62 52 22 47 41 116 34 39 144 69 132 127 128 48 113 112 140 66 104 9 80 137 114 119 130 70 84 141 98 100 75 68 146 6 111 118 50 51 135 12 71 129 77 2 56 76 90 92 82 59 19 148 55 106 108 96 33 86 25 89 134 3 38 23 13 79 1 
13 71 104 112 129 60 119 80 124 92 68 115 45 126 111 7 31 69 106 103 144 145 64 97 128 107 66 14 52 78 47 88 8 138 37 123 114 121 110 24 21 16 146 28 20 102 48 77 62 51 113 93 79 19 116 149 63 36 49 54 6 11 57 84 95 39 3 43 127 82 46 133 50 143 56 73 25 75 99 35 141 26 150 12 17 87 41 120 55 122 147 139 148 22 91 109 117 40 30 108 1 42 15 83 101 96 10 142 27 58 131 72 32 
145 126 18 24 26 25 53 150 23 85 130 123 30 97 2 138 102 95 4 19 72 50 28 60 21 20 84 101 66 42 3 96 116 100 103 27 52 13 129 139 58 33 11 5 74 17 104 34 29 15 31 56 137 146 125 55 70 80 38 41 78 147 144 65 92 111 76 64 16 6 49 48 134 54 57 107 39 9 132 87 86 43 73 112 93 62 143 120 63 61 88 94 91 79 115 7 90 77 37 22 124 128 105 35 14 121 110 114 44 106 68 10 140 
71 99 35 144 33 13 86 6 75 49 118 116 17 102 146 22 70 42 73 68 62 127 64 51 129 124 60 59 25 52 72 120 101 95 30 67 45 100 128 53 24 47 36 14 19 38 58 140 1 121 134 123 122 88 43 23 104 41 44 106 137 119 40 115 9 18 7 148 66 10 11 83 84 65 132 29 117 81 97 147 34 93 143 130 136 138 133 96 28 91 110 113 54 107 69 111 79 57 74 109 2 77 4 27 56 94 46 131 90 
20 118 105 71 43 60 120 44 126 5 26 100 55 97 1 36 102 33 133 136 94 137 73 72 2 80 21 35 75 29 41 146 54 14 23 61 82 27 65 63 93 76 84 6 123 150 17 46 28 22 30 117 48 128 127 39 66 112 129 140 4 142 34 110 42 98 85 8 25 58 70 89 101 59 81 31 139 16 56 141 64 47 130 62 87 52 15 11 111 132 49 106 38 10 134 125 124 18 103 50 90 40 145 
91 28 61 127 56 113 89 69 74 26 40 65 7 77 110 111 100 72 60 96 135 79 139 45 24 76 14 145 17 97 30 137 83 18 92 112 66 12 70 53 1 73 94 107 3 59 148 81 78 85 115 48 80 64 49 6 9 142 133 141 126 29 38 130 21 39 22 116 129 71 32 57 103 87 98 150 75 31 102 13 120 105 109 41 5 93 55 118 95 63 52 20 104 11 34 124 140 119 36 58 10 4 43 62 68 106 121 35 16 47 42 44 149 88 54 
69 111 143 130 100 82 88 136 47 93 31 141 133 91 120 71 6 9 15 103 102 61 147 22 39 51 131 113 116 110 59 124 27 42 25 128 30 50 90 54 14 46 109 40 101 81 127 57 86 72 66 58 10 119 125 149 77 34 150 23 19 122 87 60 107 53 52 134 129 56 80 104 79 97 144 2 38 135 17 48 89 85 24 94 118 112 13 108 37 29 73 49 43 106 126 76 96 117 115 140 33 92 16 64 70 
19 24 100 112 68 55 66 4 71 18 49 94 8 142 99 103 44 98 35 61 140 67 54 28 97 1 13 110 2 118 15 59 70 3 78 10 114 45 34 26 30 148 80 150 109 104 88 40 52 63 14 126 128 124 73 51 82 17 77 11 141 85 95 69 6 129 137 116 39 89 119 32 115 84 125 121 135 127 74 117 53 33 136 31 43 147 16 36 12 113 37 38 139 143 132 58 106 87 72 130 122 56 123 92 5 21 108 64 50 90 48 
9 105 101 17 53 145 29 106 142 58 39 85 120 59 47 41 40 64 93 89 20 107 103 73 102 118 116 61 91 10 96 104 36 62 133 13 65 42 74 95 75 51 150 4 37 114 14 148 126 132 122 94 3 84 71 50 100 83 67 69 16 68 32 60 46 127 140 115 26 88 38 15 141 7 112 57 119 128 81 43 8 63 56 34 45 117 131 134 111 137 55 76 124 135 6 22 108 139 72 86 90 130 66 149 109 31 121 138 49 146 
74 30 105 127 138 12 93 56 60 116 47 27 11 41 36 50 42 114 66 99 51 75 133 97 3 80 57 68 124 136 81 140 13 144 55 38 128 67 122 4 89 69 61 82 44 113 90 46 117 132 111 31 147 121 92 40 21 37 54 64 139 48 100 86 84 76 146 52 109 104 53 88 2 85 71 119 115 110 39 78 91 98 120 58 149 63 72 15 14 6 131 130 73 45 150 49 8 32 28 16 5 34 142 43 103 96 29 123 95 94 19 25 134 62 59 1 135 118 18 10 
148 17 23 26 37 36 84 48 75 38 51 47 71 63 96 104 128 20 66 15 138 42 55 41 52 50 100 6 112 87 45 105 81 150 77 2 21 118 4 147 14 12 130 119 137 62 88 9 58 116 10 35 43 109 74 101 121 136 13 3 89 78 83 133 135 1 144 131 115 68 95 140 98 72 113 122 8 103 90 111 39 53 86 79 102 120 64 127 93 5 123 145 49 124 56 126 34 106 57 46 25 31 117 61 7 
70 122 43 108 7 76 118 1 66 109 93 96 52 40 22 120 5 117 107 121 144 24 49 57 82 14 148 123 30 141 126 71 94 98 139 27 90 48 3 13 132 56 112 61 101 116 12 63 149 88 2 79 92 17 124 50 143 87 15 136 20 106 83 55 31 16 26 33 97 105 114 39 78 81 62 25 18 80 145 36 147 89 72 73 129 134 8 86 103 35 91 115 42 67 75 95 47 84 32 125 140 133 100 146 59 38 21 
