150
31 66 106 80 113 96 64 61 147 56 25 94 28 23 57 21 95 85 73 110 90 41 142 102 24 150 116 130 33 107 140 133 26 54 7 88 59 38 131 48 78 123 63 49 2 13 20 114 62 139 53 15 92 17 121 55 39 97 6 67 37 137 101 27 9 22 109 51 65 134 127 120 70 144 
55 91 119 107 30 112 12 94 78 8 64 98 53 150 145 23 5 135 89 68 57 72 44 114 126 127 128 138 4 26 43 17 84 50 25 74 41 134 109 11 3 88 70 36 62 33 96 87 147 133 65 86 66 29 52 19 97 34 125 16 118 73 143 1 103 14 13 140 
59 90 34 14 24 12 30 82 137 102 35 65 61 54 41 8 16 96 22 45 120 121 32 126 72 79 47 104 29 146 144 111 67 37 10 145 89 26 103 23 91 80 63 131 133 28 114 117 17 109 81 86 31 132 119 46 136 13 138 2 53 150 5 101 48 58 51 60 44 123 19 27 25 99 118 97 75 100 105 33 88 57 149 93 
100 28 148 41 130 31 16 2 54 29 45 47 141 139 26 113 75 83 76 132 95 51 84 72 82 80 48 18 37 122 134 68 136 19 91 128 36 34 81 123 44 14 73 33 49 7 144 15 64 69 140 57 39 27 108 53 93 32 58 5 9 149 43 143 40 129 106 121 70 96 79 127 102 86 21 42 25 59 94 
2 67 83 135 4 88 82 42 41 54 8 124 62 116 118 85 14 138 81 23 24 132 114 79 34 57 95 70 101 89 96 31 84 49 117 36 43 28 109 115 65 127 16 3 120 141 145 147 30 146 66 26 47 125 38 133 72 105 87 19 123 44 59 15 56 18 11 29 144 86 100 
148 146 137 8 49 98 97 1 9 101 100 18 133 63 79 95 39 60 109 53 26 104 81 69 31 89 99 132 72 119 56 114 34 7 149 150 21 138 20 141 41 87 16 136 17 66 37 77 107 108 10 117 144 126 25 52 78 65 47 122 36 131 74 110 61 75 142 11 93 35 
128 79 66 47 42 70 63 17 26 91 107 33 94 143 148 11 6 20 88 104 28 54 37 127 77 108 64 36 40 51 1 19 82 25 50 68 103 117 105 123 147 58 89 99 61 12 141 21 122 4 114 9 101 111 115 34 41 27 146 135 93 62 86 137 73 125 121 16 10 29 69 100 142 120 35 14 144 139 13 106 150 76 39 
55 47 6 3 58 2 46 99 83 63 5 65 18 91 133 61 124 19 138 88 76 131 149 84 24 74 15 129 78 56 94 14 134 118 150 98 112 59 90 50 57 143 113 52 141 121 123 85 125 120 104 69 142 86 127 82 92 132 97 13 39 42 128 108 21 28 33 96 32 106 67 117 109 38 16 139 10 130 41 
54 72 81 13 135 101 39 88 104 6 94 40 44 131 118 106 64 49 121 99 60 108 83 29 140 147 19 124 18 97 55 133 146 31 51 32 102 71 115 15 4 78 37 87 43 128 143 95 68 136 65 66 137 34 27 48 107 111 109 12 7 30 84 134 100 62 75 114 103 98 10 1 46 125 130 21 149 116 126 56 
51 13 55 79 56 50 122 141 149 64 30 65 91 99 8 101 67 125 19 83 60 139 145 142 37 73 62 109 12 120 126 27 124 38 44 48 14 3 111 130 129 76 133 61 86 84 116 127 6 58 77 7 15 36 105 24 114 11 46 94 52 119 88 134 9 33 143 95 26 17 85 81 49 42 47 96 74 
44 41 7 115 31 29 6 111 72 48 105 19 38 2 35 84 23 101 50 110 117 32 125 93 63 25 109 119 86 67 73 20 98 91 56 27 21 12 88 146 150 62 89 49 36 142 96 102 129 69 59 90 14 22 52 18 81 10 92 71 97 103 147 104 133 13 134 131 85 64 37 24 39 95 66 51 55 5 
137 108 70 107 90 33 69 23 125 2 99 117 106 29 26 118 65 43 71 10 57 78 35 9 3 85 62 91 74 145 49 16 11 22 135 120 14 141 68 34 19 126 102 101 32 24 75 7 58 64 100 61 144 55 97 147 113 86 114 115 150 56 31 41 45 136 46 116 94 54 80 73 92 63 139 140 96 129 149 
27 117 147 124 110 19 38 137 11 122 102 1 7 116 2 51 71 94 146 50 89 34 79 24 132 65 77 55 114 103 9 17 35 81 57 141 41 28 134 33 95 106 87 21 48 31 3 60 15 93 123 99 22 127 105 8 52 37 66 10 16 144 112 63 54 56 20 45 
103 49 8 16 44 135 53 108 117 89 109 4 56 19 82 150 133 131 3 139 107 145 59 121 5 76 147 29 31 91 43 12 2 110 37 38 92 101 93 23 64 86 105 60 18 39 54 32 25 125 10 51 72 7 129 26 11 130 95 85 142 69 146 80 100 140 127 70 138 30 50 62 35 
139 9 5 69 60 145 54 115 95 32 140 57 79 21 107 31 136 49 58 13 90 8 37 23 117 47 28 135 142 104 84 143 77 22 113 29 64 100 119 99 67 78 20 147 38 106 71 35 48 110 40 39 87 96 52 1 148 93 33 103 65 94 10 122 16 61 17 124 62 92 4 81 27 66 101 83 109 98 55 45 19 86 
47 138 115 70 105 132 3 28 82 77 52 112 91 66 140 20 102 12 81 7 118 25 2 127 22 99 79 42 134 18 27 5 135 75 61 71 59 37 60 26 131 57 126 94 124 55 50 106 96 6 144 74 122 103 51 15 62 43 58 73 95 4 14 125 128 8 120 121 45 116 13 23 97 
3 45 54 83 115 68 29 39 85 20 96 104 47 46 62 2 78 69 128 91 147 77 1 135 86 48 61 149 65 79 121 114 72 30 6 80 56 92 94 95 26 38 63 10 13 99 21 145 41 76 73 36 111 88 7 42 106 108 60 142 102 146 137 50 24 15 55 28 129 110 74 89 22 97 105 117 113 64 98 43 143 126 
16 126 143 54 9 108 127 31 28 68 95 71 4 43 8 14 89 69 34 67 60 19 30 57 137 66 150 125 93 63 26 87 131 96 52 117 62 55 79 85 44 25 35 37 107 94 48 114 135 65 129 111 11 124 23 51 74 21 6 100 98 5 142 49 56 128 
74 126 32 31 48 71 108 12 107 44 131 81 99 98 127 144 3 97 9 15 102 128 60 92 40 150 58 101 93 85 14 37 34 25 96 116 11 8 4 67 129 73 147 105 142 54 7 123 140 24 103 124 94 10 22 42 118 5 18 125 13 133 59 65 145 46 53 121 77 149 41 2 45 26 
123 50 116 78 36 137 30 144 90 117 16 15 77 21 132 79 65 13 68 34 35 6 55 98 131 66 72 145 102 95 87 24 71 22 7 96 73 91 140 53 23 148 112 52 109 76 105 139 92 49 106 136 57 103 82 17 99 104 149 32 150 135 1 61 70 11 85 108 146 31 
69 90 76 49 6 112 64 15 55 26 24 134 93 25 78 17 28 150 107 1 96 137 20 39 9 52 18 106 136 34 102 138 77 109 35 53 50 40 23 51 104 72 37 8 31 130 33 146 73 11 60 56 111 65 83 7 99 79 122 44 13 121 48 87 110 145 85 4 94 143 29 41 128 
83 120 3 20 91 86 63 57 11 37 67 17 62 46 116 139 112 129 78 61 45 27 73 64 31 82 19 150 13 104 118 138 146 15 125 77 107 102 119 48 106 80 72 101 96 50 90 128 60 147 108 43 24 65 56 16 113 92 49 29 69 1 42 38 51 66 117 114 12 79 105 
138 42 94 96 113 92 41 86 145 105 121 50 146 24 51 124 78 32 106 55 64 5 71 82 103 28 69 18 84 112 43 91 70 20 62 147 65 90 74 61 37 104 85 88 81 129 130 14 66 123 75 95 133 134 15 140 40 57 100 83 102 39 2 27 12 144 125 149 16 29 118 87 107 63 117 1 73 11 120 3 21 108 114 
5 64 74 80 87 88 138 123 149 75 125 117 82 8 111 121 69 130 21 110 70 28 12 91 115 57 98 20 62 143 86 22 42 51 120 32 56 114 142 136 17 84 139 81 11 148 33 104 118 45 39 113 100 101 92 3 13 67 90 146 25 108 23 19 1 99 10 30 97 133 83 144 65 58 
31 88 69 126 72 139 123 18 118 38 34 28 51 60 116 127 99 39 135 96 36 76 48 3 87 49 122 24 130 41 128 107 104 6 26 40 119 136 43 19 114 80 58 137 133 102 148 21 149 86 140 150 143 144 7 125 134 111 32 4 66 37 121 93 16 11 145 94 95 30 78 63 77 33 44 73 113 14 2 1 
103 68 146 10 71 131 105 108 92 69 30 4 2 14 65 89 56 87 111 3 34 130 81 49 135 110 16 142 93 18 147 85 138 64 57 83 134 84 1 27 39 91 37 67 47 21 42 32 150 102 104 35 17 6 119 137 63 41 19 40 59 46 25 107 50 7 74 75 143 141 58 5 60 123 12 115 145 
40 23 88 54 15 75 106 148 92 82 48 117 134 104 22 33 32 53 13 56 26 43 37 52 3 127 10 28 11 100 105 9 4 120 94 95 45 67 80 89 83 133 143 139 71 1 59 125 58 29 68 62 99 84 50 146 141 74 85 138 63 90 135 66 7 55 69 70 137 111 47 78 76 51 112 91 107 93 16 126 128 79 109 
109 64 51 134 57 52 5 111 130 103 86 59 60 91 135 145 23 4 140 55 61 124 101 39 118 106 82 96 25 119 17 74 18 43 89 117 132 27 93 80 24 58 142 34 128 143 49 137 73 3 79 33 56 76 84 88 21 37 47 125 7 105 15 148 70 65 115 67 1 72 139 78 92 121 16 31 77 8 13 141 114 136 
72 90 146 43 93 46 34 140 145 51 65 141 83 74 38 32 109 5 23 102 12 136 100 61 22 73 110 62 129 94 36 48 105 66 84 130 45 3 135 85 137 82 17 9 144 71 67 7 40 41 149 14 97 128 21 79 77 139 39 55 47 80 68 107 104 86 37 63 4 35 58 44 2 52 124 92 147 11 15 87 88 27 
35 39 31 103 91 129 79 119 123 49 105 133 112 18 83 135 114 78 132 148 9 55 67 54 66 70 17 53 69 3 51 107 5 26 146 88 75 99 110 36 37 77 138 68 47 32 2 50 14 71 59 58 139 46 85 125 24 90 84 25 113 82 81 20 128 40 64 130 106 120 10 150 141 63 
62 12 80 128 138 14 78 48 13 141 120 11 81 83 127 150 144 22 49 9 30 54 58 101 103 87 52 56 125 69 112 77 108 136 88 37 90 147 99 111 96 45 107 129 113 33 86 5 41 3 126 19 132 66 1 149 79 135 106 28 6 131 25 32 130 116 59 15 115 148 57 55 20 93 21 4 64 18 74 82 121 145 91 
15 95 41 29 3 126 85 101 103 63 52 146 19 133 87 90 61 48 134 115 4 139 46 9 47 40 75 71 104 125 150 130 132 31 30 97 12 56 27 26 102 144 127 119 8 99 82 24 73 112 54 14 148 86 11 57 124 135 25 23 59 44 92 38 51 66 67 129 149 43 60 37 105 70 108 64 50 20 39 
36 143 35 122 100 38 89 84 130 108 24 62 109 69 28 83 81 104 10 92 52 27 47 50 55 111 8 142 131 12 37 80 40 124 2 141 93 73 78 137 57 114 25 110 86 74 128 39 125 134 70 115 103 15 48 127 1 4 64 68 71 132 112 3 101 13 118 31 105 60 88 94 117 21 7 123 106 95 66 
145 39 98 117 72 129 28 120 56 103 97 38 125 114 13 133 21 82 111 112 135 9 142 140 2 62 89 108 132 5 12 19 78 20 101 41 68 134 144 64 54 63 123 73 4 83 7 131 94 26 6 116 109 25 92 91 84 57 115 121 95 99 113 18 3 105 48 55 104 29 136 119 80 74 
117 13 73 44 67 127 89 107 143 26 140 123 82 14 81 108 12 21 15 74 124 36 95 114 20 49 145 42 136 30 11 45 59 50 142 3 129 53 141 115 87 111 94 39 97 18 91 29 47 65 128 84 119 6 33 7 112 
39 104 76 122 141 101 134 65 6 51 48 130 145 43 4 146 7 46 2 30 120 74 68 25 93 126 67 138 91 35 10 20 140 117 133 77 5 56 90 53 139 121 75 81 33 107 89 114 127 98 116 96 11 88 17 97 124 79 86 78 109 29 
127 100 28 97 78 13 106 74 15 143 108 107 11 26 10 149 16 147 9 64 125 69 3 80 135 131 136 75 70 102 21 27 4 144 53 63 33 22 112 32 46 109 110 146 116 123 114 95 93 51 96 92 7 142 55 48 132 104 40 18 66 6 138 87 25 54 29 45 1 19 113 84 101 23 30 31 68 62 59 14 103 
101 1 83 138 115 78 120 94 47 41 105 114 39 34 90 96 102 44 8 124 89 40 46 111 25 45 85 150 76 132 99 73 142 58 92 91 13 106 17 74 71 63 113 14 80 15 127 43 125 149 110 59 100 11 62 104 118 10 68 112 22 81 33 109 77 147 140 116 139 117 32 53 98 72 135 108 51 130 29 128 56 5 
26 113 69 97 53 14 140 149 46 38 81 52 68 117 34 128 28 74 35 25 77 64 61 57 136 7 36 32 17 94 126 9 11 75 29 107 120 67 148 65 116 21 121 23 92 1 55 104 76 102 56 78 66 143 33 47 48 8 4 58 15 145 30 24 131 6 122 
129 131 132 37 67 145 116 138 15 7 121 144 111 133 41 38 137 82 97 120 21 62 71 33 90 29 104 118 149 143 127 124 30 25 73 23 92 105 107 141 61 106 139 4 95 77 89 123 146 49 19 79 9 80 91 47 57 32 78 27 26 117 108 46 130 114 69 142 60 136 
97 63 60 25 56 90 31 80 50 112 130 51 114 104 101 75 17 6 99 4 150 142 34 74 133 83 8 137 139 32 127 132 140 5 7 85 86 26 141 21 145 13 69 91 11 3 38 40 19 119 42 76 128 124 1 147 105 146 55 2 120 54 29 148 61 111 65 93 12 100 73 23 122 72 113 
73 82 123 48 109 66 92 35 108 58 120 125 10 24 88 7 63 104 90 141 64 85 91 75 41 100 76 43 16 19 68 105 130 118 65 26 106 149 44 86 23 117 55 70 62 17 122 83 22 87 77 57 98 115 4 8 113 139 89 5 74 84 148 56 114 
99 42 97 17 135 94 146 80 54 18 2 143 45 63 58 126 5 28 23 60 130 12 71 62 122 136 69 125 128 86 140 9 76 96 56 110 27 14 108 32 149 100 68 22 114 64 131 38 148 82 48 133 138 118 36 95 66 129 29 107 137 4 89 119 112 83 16 106 25 132 115 134 50 104 
29 59 121 148 91 133 132 64 82 144 95 19 60 21 123 141 85 73 45 58 83 142 120 77 18 5 47 109 50 25 2 113 93 51 128 150 63 137 38 125 94 35 46 3 87 129 11 72 9 74 55 42 76 80 108 127 149 4 140 88 75 101 14 32 114 96 10 139 98 104 112 67 
29 144 27 142 72 19 37 38 106 108 55 4 13 127 81 128 121 47 119 31 57 16 113 117 35 79 90 148 73 62 24 63 118 77 94 96 58 74 22 53 51 136 70 15 56 84 12 146 107 71 3 114 102 80 116 17 98 44 129 110 135 43 78 126 122 
142 80 64 71 138 102 120 39 73 30 48 10 77 124 147 79 117 12 108 137 127 133 40 140 44 59 74 26 50 105 110 58 19 36 145 101 144 60 114 32 70 17 37 69 96 8 57 128 67 65 72 66 90 62 92 99 83 55 3 136 118 130 85 78 97 132 68 29 9 38 123 22 107 
73 76 29 134 80 146 17 111 15 93 35 129 94 91 40 4 128 110 123 137 81 131 3 100 7 58 56 79 5 86 150 136 68 115 44 105 52 32 39 30 122 27 113 64 28 67 16 8 38 149 125 141 142 45 33 48 107 49 60 144 97 85 6 82 69 95 77 132 10 88 78 26 147 63 83 74 
10 133 4 68 53 36 60 116 31 115 140 3 86 66 13 98 85 117 101 78 1 29 65 15 74 33 11 75 90 9 47 120 57 17 82 127 94 146 62 52 32 21 132 37 46 69 34 19 88 80 131 18 118 25 148 81 22 137 64 72 145 141 39 27 112 107 43 142 135 93 126 42 
69 72 149 15 142 9 10 14 116 47 104 140 144 133 143 145 18 110 88 77 128 89 58 100 70 118 6 66 75 132 113 123 82 114 127 136 101 4 71 99 25 35 120 90 22 111 40 1 92 26 74 103 105 28 12 129 98 31 125 115 5 20 87 11 56 30 150 119 21 
139 61 52 109 111 55 129 116 79 104 74 73 33 30 2 7 26 75 126 147 102 43 88 80 46 131 100 106 105 92 136 123 27 41 77 63 141 23 118 90 133 113 82 115 140 51 86 148 35 112 89 117 94 20 14 124 96 17 32 122 21 145 13 137 110 101 16 66 127 8 10 58 97 121 11 44 22 68 
102 58 37 137 87 146 29 106 150 28 27 30 136 32 97 96 10 125 121 36 122 24 148 78 7 129 115 145 110 50 41 71 70 80 83 60 56 104 91 45 25 18 149 95 14 76 82 4 13 133 66 120 44 142 23 118 1 144 59 141 11 89 132 94 9 108 61 74 130 134 114 135 38 75 85 21 16 54 67 93 3 22 
79 136 125 118 62 83 60 64 18 143 117 11 66 101 48 122 85 147 107 20 6 90 73 16 109 132 8 53 15 82 31 137 10 32 141 28 111 57 135 81 39 120 74 86 88 67 77 95 33 29 123 13 50 21 58 76 119 104 56 71 55 93 102 103 2 126 47 129 89 106 149 27 
3 6 73 89 38 102 14 65 36 103 123 111 52 37 2 85 88 54 113 45 121 141 58 145 120 136 48 59 98 39 35 109 126 78 104 75 64 133 150 82 63 67 80 1 62 81 27 143 118 20 112 114 130 91 21 30 4 93 83 84 19 146 117 100 147 
83 136 137 96 115 7 111 89 149 85 113 12 100 117 61 43 19 128 120 141 5 41 14 134 30 150 112 53 70 13 17 86 15 145 34 92 9 132 79 107 147 65 80 73 84 27 18 72 69 68 121 81 82 3 63 1 51 105 99 31 143 94 109 76 4 37 148 60 32 
45 96 133 72 65 91 148 123 18 89 118 97 100 29 34 125 131 84 15 138 103 31 129 17 42 78 141 46 33 10 8 16 39 2 94 62 137 41 20 70 105 11 87 30 12 76 56 124 119 23 71 9 136 132 21 27 83 111 37 130 60 98 28 69 101 44 52 79 13 110 1 50 
14 82 125 89 6 109 43 26 145 111 13 39 32 126 107 8 135 51 21 79 31 86 52 147 22 61 110 132 74 11 127 73 17 115 121 5 84 134 18 90 116 10 91 99 12 98 122 124 146 24 55 103 148 69 137 59 27 81 47 133 42 41 66 1 131 105 78 34 38 28 97 87 113 9 77 117 45 112 36 143 120 49 
1 59 81 93 12 80 74 39 4 120 31 101 3 128 134 85 60 137 2 8 86 71 18 75 114 68 105 135 34 52 111 133 129 113 64 126 20 69 107 40 110 77 118 104 13 24 123 42 121 26 22 45 136 146 28 150 32 96 70 67 122 83 23 148 48 139 46 33 16 131 140 106 15 5 87 
47 106 89 27 38 16 46 136 78 26 66 83 10 100 45 90 65 93 127 8 39 130 15 51 72 44 88 132 3 148 135 50 85 91 79 49 7 25 42 12 143 128 144 76 145 19 125 4 119 75 31 146 101 84 53 102 141 81 52 61 29 24 123 30 43 28 131 97 74 
150 4 86 35 85 14 96 67 124 61 89 137 28 62 119 133 108 83 57 8 3 19 37 68 122 81 69 138 31 135 130 27 139 131 92 71 132 125 100 146 114 51 53 87 44 107 104 11 46 70 148 102 1 38 26 30 142 127 121 5 110 32 79 75 118 123 73 109 56 94 16 
107 73 127 19 145 117 41 26 129 139 96 122 91 16 138 33 132 6 51 3 14 111 125 17 47 74 144 131 79 93 66 64 18 48 146 10 120 46 55 61 28 67 32 149 13 126 80 141 22 43 89 40 92 57 52 147 116 135 25 15 78 54 9 97 68 133 21 44 94 128 118 104 150 
8 90 66 104 50 109 93 138 74 80 78 85 20 118 72 97 67 113 94 23 103 29 144 3 39 71 137 92 142 12 56 28 145 58 17 59 139 69 40 133 22 81 1 60 41 134 63 7 54 79 149 125 16 86 10 32 51 129 15 6 102 108 75 
137 122 67 143 108 15 42 43 92 46 138 123 121 77 147 88 12 81 125 109 91 38 116 16 40 74 83 37 95 114 102 132 1 86 11 10 23 33 45 110 118 22 105 65 100 64 34 14 90 128 66 24 139 85 2 103 126 18 9 29 80 7 52 70 55 27 5 117 113 106 31 17 59 133 145 73 68 120 115 48 53 
3 109 25 101 102 122 38 84 41 129 90 50 43 145 67 26 22 74 27 23 44 7 111 120 47 140 112 106 8 12 133 13 54 139 127 147 118 29 1 64 115 79 68 141 130 53 91 34 66 61 6 42 30 149 17 18 116 138 45 150 144 69 11 72 121 37 131 32 96 143 
60 100 121 21 1 31 122 70 79 72 44 17 23 42 28 118 48 94 68 125 97 37 98 43 104 105 67 126 138 127 150 71 52 88 95 75 101 15 53 11 39 62 112 22 85 140 142 34 24 46 83 12 7 63 86 32 10 26 99 33 92 91 2 30 47 135 14 69 107 57 9 4 124 106 137 109 
109 6 143 28 93 41 112 22 144 105 114 1 120 90 81 117 80 67 20 19 107 42 137 46 78 68 74 91 82 138 89 150 71 83 29 15 98 18 5 2 9 3 139 26 115 10 24 35 55 23 58 13 141 36 95 121 54 75 101 88 12 21 103 62 17 8 53 140 135 125 39 48 73 149 
23 56 22 1 58 91 130 142 85 52 31 62 126 50 63 18 143 134 25 43 16 11 86 105 15 30 104 141 51 92 106 116 101 117 131 114 9 133 6 113 7 125 119 48 2 27 77 78 81 49 108 61 132 5 140 109 72 148 75 99 90 33 76 87 13 71 20 88 42 146 37 46 39 127 29 68 60 74 89 150 67 32 
35 79 26 27 1 15 39 135 108 105 66 61 83 113 101 104 63 51 46 53 40 119 118 52 132 64 30 65 22 77 68 109 117 10 18 74 62 5 92 47 59 146 32 60 29 126 91 57 28 44 90 111 127 112 150 3 100 36 80 11 19 8 123 71 96 24 148 107 76 89 133 97 139 
36 132 30 73 67 134 60 89 93 140 107 120 46 75 7 18 42 64 50 63 99 113 48 122 149 86 137 100 91 43 57 144 20 92 96 27 17 119 95 4 34 126 83 59 108 84 130 109 88 114 72 125 29 38 101 66 2 111 26 62 12 65 39 47 131 74 37 148 123 81 139 105 54 110 97 33 9 118 
30 120 138 113 54 132 56 23 8 78 82 15 43 59 103 129 93 7 124 47 142 109 143 136 39 140 128 14 90 22 37 21 96 48 97 135 41 18 55 31 111 127 150 11 57 76 115 46 100 84 106 144 25 86 95 116 72 126 17 26 33 87 73 89 24 64 40 149 117 4 137 61 12 83 27 141 71 49 102 6 63 
112 78 94 55 96 121 113 133 116 76 42 95 45 37 81 132 59 141 85 129 138 20 16 2 1 54 111 107 24 4 147 49 92 150 118 125 142 88 123 14 33 51 86 28 62 93 127 46 12 87 5 57 82 79 30 7 27 23 64 140 105 99 89 32 71 104 128 100 102 143 98 110 
108 11 146 80 61 45 30 129 20 70 43 136 67 116 23 27 64 77 88 149 18 69 51 128 9 12 145 96 91 101 82 32 29 38 89 19 140 135 94 76 26 127 120 57 123 52 55 59 65 81 66 115 16 15 139 13 95 46 40 93 112 141 75 33 73 104 99 134 144 138 86 49 74 106 
93 107 28 6 58 126 17 132 91 124 92 147 95 48 84 2 77 4 3 68 101 34 97 63 78 9 69 134 20 139 55 114 5 61 22 49 120 25 136 83 64 113 149 122 41 125 29 46 44 14 80 38 109 21 45 105 102 121 142 11 116 129 146 54 119 81 85 66 135 
115 124 40 69 139 71 68 102 34 62 128 4 87 140 121 120 45 16 76 129 2 132 60 78 112 53 10 54 86 123 119 116 32 47 131 59 23 145 38 11 100 138 7 95 117 12 113 22 52 20 142 56 17 125 98 19 35 93 148 89 25 29 46 92 81 109 137 50 28 33 21 42 105 41 74 122 1 65 99 44 84 77 136 106 
18 19 87 16 118 17 63 52 60 61 65 101 111 123 99 119 130 134 133 141 37 138 127 68 120 93 75 36 34 79 24 121 126 104 98 107 31 83 51 35 88 56 41 113 42 94 105 71 110 33 38 117 47 58 129 6 46 82 10 106 116 89 136 45 80 44 73 115 50 29 49 48 62 27 8 140 66 85 144 57 128 26 39 114 2 96 28 67 23 12 
148 87 112 109 51 98 12 92 65 64 134 16 53 135 133 141 123 143 95 78 107 137 23 84 90 30 24 89 41 74 150 118 4 105 68 59 6 122 147 48 100 9 71 57 58 39 94 36 3 146 42 49 119 26 44 91 66 82 77 32 124 136 149 114 128 27 37 61 76 121 99 50 
4 44 120 67 75 128 123 86 21 107 149 66 27 14 47 52 28 8 141 58 51 117 38 84 110 99 108 42 69 142 126 89 43 7 20 25 10 97 104 131 105 115 103 41 95 71 73 55 144 70 98 39 36 137 111 93 112 92 85 127 17 87 54 101 
17 67 121 71 127 83 38 15 132 99 62 73 50 145 82 22 21 36 52 39 30 109 81 44 101 13 148 31 7 16 126 57 49 141 128 20 92 72 86 102 46 100 29 93 144 75 78 122 47 84 87 10 147 25 135 124 66 138 96 116 91 108 56 133 123 125 129 40 119 19 28 6 42 45 
9 56 101 104 48 33 103 47 55 128 132 25 83 123 45 61 117 87 146 133 110 27 40 70 6 20 31 122 88 93 142 23 99 69 149 147 121 137 53 21 120 72 141 60 108 38 92 126 134 39 129 114 112 28 1 12 36 105 8 90 15 51 75 94 30 65 144 145 22 85 127 73 34 131 139 17 96 148 66 77 46 140 2 37 58 
81 46 5 61 20 52 144 64 132 118 29 21 121 22 139 18 94 40 101 107 147 54 106 122 55 6 87 58 143 99 120 116 60 56 85 111 84 136 10 70 110 95 90 3 80 67 114 133 148 108 47 89 63 28 17 74 100 27 31 36 96 109 13 59 15 83 113 50 4 146 30 45 117 7 16 86 135 
50 25 91 74 108 38 129 40 89 148 114 53 102 149 27 67 118 116 17 60 142 133 112 123 61 143 100 33 125 119 90 54 1 85 83 97 127 150 51 48 86 41 137 124 43 62 24 110 47 84 72 4 109 96 29 79 34 3 12 65 28 117 99 140 104 106 31 45 134 71 22 138 14 57 44 46 144 92 37 
145 115 129 125 107 16 30 62 45 128 19 26 73 3 131 58 15 38 136 148 122 53 13 140 82 57 54 142 120 10 117 9 23 114 52 72 39 47 143 5 4 65 36 31 95 61 56 33 11 94 147 59 127 144 91 116 102 88 48 71 6 97 85 24 68 121 134 112 138 110 146 105 79 35 70 77 109 100 119 66 83 
42 91 87 52 4 40 133 34 110 94 7 115 69 56 120 65 143 27 86 44 30 8 97 35 23 146 14 101 81 50 31 47 117 77 70 107 136 54 103 71 16 53 20 109 28 43 111 93 145 112 98 48 83 5 96 150 85 144 32 113 88 104 3 140 24 142 74 128 22 51 134 75 49 130 29 
65 8 129 69 23 134 68 55 103 33 81 21 99 64 24 78 67 119 82 38 17 46 87 51 86 62 15 102 9 44 80 77 41 137 79 26 104 34 42 106 10 4 59 31 139 5 143 47 54 100 57 29 74 52 58 30 53 124 141 72 22 144 27 135 97 95 93 43 
58 2 37 28 23 68 79 45 27 143 33 29 138 103 134 26 129 34 97 55 136 88 75 35 99 112 131 30 91 76 10 54 148 11 95 123 141 4 72 8 5 9 42 87 15 106 24 122 128 77 53 118 130 56 98 80 109 139 117 104 63 142 140 69 102 133 92 73 
87 143 10 120 127 5 102 135 148 30 29 21 76 117 57 90 126 137 48 132 61 66 20 41 97 80 32 145 17 42 92 81 147 100 19 99 1 72 112 44 128 74 46 105 138 58 38 59 14 121 64 12 95 150 47 70 18 23 101 79 11 53 62 123 119 109 142 115 125 26 27 141 51 140 108 52 104 8 86 78 54 82 
43 76 144 22 112 57 10 31 11 109 17 98 70 73 3 48 90 119 66 150 24 136 118 62 126 133 61 135 32 23 83 36 128 15 2 52 59 116 68 33 54 97 92 41 127 71 132 69 108 42 85 124 79 7 8 12 96 56 28 25 131 146 47 130 145 141 100 80 64 50 91 113 89 148 77 14 137 82 111 114 5 29 4 
143 137 42 73 35 69 149 20 144 78 77 31 13 79 92 57 29 134 127 44 84 23 132 139 140 37 120 5 114 82 117 59 119 32 9 85 108 75 76 94 129 124 51 99 26 56 25 121 138 24 83 6 142 100 141 109 102 70 49 15 74 2 21 55 18 133 66 128 
114 70 23 1 140 53 74 31 62 50 7 17 149 66 98 110 49 27 101 36 92 68 94 42 132 129 116 84 28 127 71 9 81 64 3 47 96 44 91 58 109 8 143 5 97 145 117 82 10 144 65 29 146 48 122 52 95 142 2 11 137 138 103 115 33 136 30 126 25 147 78 24 89 
53 14 76 43 107 42 13 7 60 128 18 69 114 51 33 38 99 115 11 74 143 129 80 103 56 101 108 54 2 59 65 67 100 86 139 28 70 73 66 71 124 26 6 118 17 34 58 95 5 90 110 68 3 88 104 52 50 142 36 148 126 145 106 109 112 130 137 35 49 79 91 123 75 55 40 120 27 
48 107 92 99 23 8 147 69 133 58 50 102 20 113 66 56 29 62 106 61 38 40 46 85 89 94 118 143 22 65 75 52 119 3 103 124 105 141 67 24 93 98 123 129 139 78 41 30 31 11 15 36 150 27 80 86 32 111 137 63 21 79 101 1 49 12 45 42 
129 26 68 110 89 75 139 27 24 42 100 3 81 77 143 108 93 11 119 56 94 65 7 2 66 67 23 107 58 53 82 38 145 84 95 60 64 147 44 47 109 20 137 97 41 71 30 124 12 102 72 134 127 10 31 150 8 4 28 22 34 14 62 86 112 36 88 138 122 141 16 35 113 80 17 117 125 111 63 51 115 55 40 
99 114 68 40 102 67 86 19 94 24 59 54 87 137 103 90 105 135 46 85 100 143 145 72 66 119 84 1 23 38 64 130 26 15 22 27 117 121 78 49 61 32 142 115 12 144 107 11 39 116 34 8 129 62 124 42 148 60 73 50 88 28 110 14 37 29 120 20 126 109 80 77 150 33 70 17 141 97 138 108 75 76 95 
98 125 123 57 52 143 73 25 104 44 19 14 132 36 91 131 3 28 60 31 77 18 4 37 26 71 103 13 116 76 108 53 96 124 134 61 15 6 74 82 117 72 100 94 51 7 83 135 90 11 150 33 113 137 140 110 47 69 48 121 70 147 133 27 78 21 144 68 58 65 29 41 127 122 
145 120 9 144 122 21 55 19 25 38 39 140 121 4 17 29 7 75 79 115 43 103 148 44 87 1 59 78 2 10 8 60 45 16 61 18 12 111 54 70 33 99 64 23 35 92 74 107 51 101 27 90 149 129 135 126 98 100 34 93 128 88 71 125 123 13 48 91 82 47 102 50 133 116 81 15 113 
132 107 144 72 44 11 83 143 34 9 73 17 20 84 15 150 71 123 35 101 16 14 116 97 27 69 131 91 88 18 85 70 130 1 147 4 68 76 5 79 33 110 47 105 140 13 62 43 136 51 126 89 124 40 115 65 139 133 75 121 127 118 23 135 6 96 134 10 37 25 64 149 117 52 109 125 32 141 81 92 
55 46 120 79 100 16 19 21 145 95 43 74 88 22 119 60 10 143 86 101 63 150 93 114 148 1 142 71 37 126 69 11 104 141 5 51 124 108 25 4 17 8 82 132 122 77 97 54 134 111 59 109 2 36 67 110 15 31 50 118 23 45 12 3 106 44 107 70 80 57 20 136 38 68 28 78 117 18 
2 55 88 123 146 17 67 91 144 36 141 143 95 110 76 6 86 64 81 37 69 43 134 39 8 56 11 107 24 19 148 61 120 51 109 119 46 118 47 102 50 29 85 40 32 145 103 58 92 35 131 101 1 140 34 135 147 83 84 72 150 41 129 80 82 68 12 9 3 60 96 106 16 
144 136 19 139 126 82 86 84 131 149 76 110 20 138 70 132 106 45 125 135 49 117 8 93 107 88 44 2 36 17 90 56 119 116 38 108 75 111 64 6 24 142 18 145 55 102 48 65 99 11 114 94 9 121 74 15 53 73 127 112 146 42 34 
89 56 8 98 126 132 54 15 12 38 20 124 43 119 117 121 49 76 114 92 137 138 115 125 111 10 140 107 3 134 101 112 13 146 75 74 79 70 32 64 41 78 68 21 123 17 25 148 116 73 80 7 46 71 83 122 24 90 87 94 77 9 16 31 128 66 34 110 27 30 6 147 19 130 105 85 84 
79 64 120 75 118 140 143 104 89 4 77 53 142 7 126 110 87 133 67 86 137 14 24 117 58 3 37 80 148 103 113 38 27 106 130 6 12 54 18 5 73 83 141 92 122 136 91 145 93 94 49 107 70 129 42 47 146 9 43 55 50 68 23 62 85 29 81 59 101 41 115 15 150 33 69 96 123 109 
96 114 58 65 74 31 88 99 94 1 68 127 79 19 113 64 66 9 7 112 90 50 37 124 132 115 48 44 107 3 143 89 46 57 12 72 77 63 11 49 22 33 6 55 5 142 106 128 78 136 32 38 95 120 148 24 71 82 97 67 102 52 126 10 14 76 110 28 100 36 145 103 104 85 15 109 41 130 131 34 
142 46 16 62 13 50 70 149 19 112 1 52 61 80 115 59 123 38 69 53 26 77 101 72 139 125 90 63 39 9 51 107 137 23 94 127 98 20 81 84 22 11 87 85 147 32 144 83 73 130 29 131 97 17 120 148 4 135 45 92 133 37 3 143 91 25 58 132 21 136 12 
124 61 101 16 150 33 3 55 107 30 149 9 118 84 11 13 14 112 34 78 115 108 128 97 140 52 49 116 56 125 82 145 109 94 69 100 126 31 93 105 92 23 120 7 26 19 15 28 62 37 53 144 123 127 76 88 83 2 65 90 110 20 89 134 32 
67 3 41 101 29 38 43 57 85 74 128 146 130 17 114 9 106 66 50 26 127 78 8 32 24 149 80 107 49 60 20 53 64 83 108 96 82 11 147 7 110 37 61 76 125 25 44 52 123 6 137 36 51 84 15 131 150 27 22 40 34 42 136 120 100 71 126 89 33 23 93 138 39 21 70 59 
141 54 42 7 92 75 72 67 57 113 33 78 26 64 126 133 20 32 139 107 65 23 103 146 112 55 50 27 17 56 28 14 109 5 11 99 16 41 81 10 19 125 29 38 95 142 68 30 74 70 66 73 13 22 118 90 34 143 46 62 140 119 40 85 131 76 47 3 116 49 110 
57 13 112 73 83 113 8 132 118 45 126 50 17 121 100 148 135 138 33 21 97 62 51 84 101 98 133 64 16 71 42 58 80 1 27 89 69 4 43 37 31 30 63 28 40 116 104 22 124 12 74 7 20 9 90 66 79 38 96 149 23 15 146 136 52 150 
70 6 81 103 65 2 31 90 92 54 26 22 101 99 100 30 40 15 23 122 136 45 138 109 35 128 104 142 105 57 18 130 75 97 47 111 110 48 137 79 29 68 60 74 39 123 126 21 7 76 95 9 82 14 25 135 98 19 118 102 89 64 91 140 116 43 94 1 67 59 27 52 115 72 56 12 37 96 46 36 
40 33 85 123 96 122 45 32 35 71 7 31 66 22 4 127 144 19 43 46 92 91 93 131 23 67 112 61 9 18 139 14 145 34 62 76 26 20 59 114 51 98 68 89 129 44 8 104 79 135 110 77 87 42 138 17 133 78 80 103 37 38 86 6 132 115 24 12 
62 126 72 145 95 141 144 134 79 20 119 77 88 54 65 97 10 96 36 137 21 56 68 107 75 67 14 132 114 80 86 92 2 6 101 8 150 82 81 37 87 103 27 121 125 28 111 69 117 147 138 135 50 140 100 53 91 42 73 59 61 52 84 15 44 1 85 89 64 115 9 105 5 29 3 34 11 63 38 66 33 
26 147 89 108 118 91 38 46 80 146 50 98 148 15 81 129 135 150 143 51 57 29 6 88 104 97 82 103 37 130 13 30 101 78 49 93 43 131 92 56 96 117 105 144 33 112 17 115 99 79 74 62 114 55 70 95 107 59 133 127 145 14 76 24 21 139 100 1 47 68 11 45 
96 50 47 17 90 69 86 11 57 142 60 27 91 26 79 49 38 35 21 99 137 52 131 63 70 94 18 68 33 146 67 54 76 31 56 9 98 3 24 74 34 107 40 130 41 143 10 124 149 121 28 140 7 82 53 55 117 25 125 141 109 
110 54 64 30 86 114 35 102 82 50 89 22 44 67 137 122 23 140 16 43 139 71 120 76 65 105 85 56 80 8 128 21 78 2 20 142 48 53 34 84 108 98 75 73 41 117 63 32 149 148 127 70 106 33 136 37 133 101 13 81 130 125 27 123 31 126 91 103 99 38 
23 93 126 12 86 105 8 129 37 47 128 50 130 67 146 101 82 142 38 61 53 25 115 133 145 22 41 91 30 70 143 62 44 100 56 125 39 17 140 132 94 34 72 54 24 15 68 73 1 57 141 144 106 42 119 69 45 74 79 127 4 31 114 148 66 49 90 
80 89 62 75 98 124 140 142 10 28 23 131 65 43 86 36 34 2 116 79 99 78 38 1 66 30 12 108 132 7 137 74 25 109 144 37 45 22 81 17 101 33 72 44 57 123 59 13 118 119 150 46 3 113 138 9 112 42 40 87 5 68 92 143 18 110 6 53 96 24 88 35 49 51 41 120 104 
145 118 107 33 50 62 35 108 48 17 110 125 95 134 38 102 43 126 82 49 136 141 26 122 15 89 32 91 148 85 74 5 11 129 42 142 92 34 119 144 76 31 7 54 99 9 103 113 69 47 88 150 16 51 63 100 94 109 120 65 12 101 146 71 81 28 24 130 73 56 149 128 131 116 117 
122 88 143 137 19 16 74 60 148 128 132 147 149 50 105 94 103 144 40 63 34 62 1 106 79 73 140 49 107 117 70 115 126 25 5 37 66 9 36 45 77 86 13 48 145 12 81 92 80 38 22 98 114 69 99 31 39 150 10 56 93 71 20 72 135 133 95 
14 121 66 22 95 112 24 74 20 96 128 12 73 62 80 109 145 93 76 18 79 99 111 23 87 38 36 53 67 85 116 65 42 28 92 7 98 123 78 40 56 50 39 81 110 5 11 118 33 100 34 140 48 138 134 115 137 54 35 91 3 149 126 88 8 82 122 45 119 84 27 6 15 52 46 143 69 60 13 17 
25 141 107 62 89 2 51 150 139 148 84 19 136 8 61 135 110 23 144 53 97 114 68 3 145 16 75 9 43 57 121 33 140 79 42 63 40 22 46 129 90 143 115 137 59 103 123 100 106 128 52 67 117 86 12 74 24 127 70 96 105 147 131 55 49 149 45 50 142 38 60 64 126 28 124 5 80 95 48 133 
131 6 2 30 34 130 146 59 52 35 85 75 117 139 135 49 83 90 72 25 138 77 137 73 96 123 28 98 55 41 45 15 120 99 10 81 43 142 125 58 11 80 134 32 22 115 105 92 97 86 26 113 87 144 122 109 145 126 66 114 147 91 143 3 68 74 67 
146 128 36 57 104 38 44 132 81 24 100 72 122 115 10 147 69 1 142 149 34 112 96 49 56 46 8 51 78 97 94 148 74 102 62 68 79 143 134 127 129 27 144 89 3 22 39 16 150 31 54 119 23 73 76 52 42 12 60 71 53 103 65 7 48 63 114 101 124 141 87 92 40 41 30 82 5 126 85 
51 25 98 44 95 64 149 21 137 7 19 146 31 74 16 23 1 122 79 99 117 40 109 3 65 87 106 139 34 62 24 14 28 72 73 8 94 134 75 136 81 141 45 93 111 123 70 77 63 148 59 85 133 78 57 142 53 125 54 92 39 36 50 144 129 4 118 138 9 17 56 147 
84 4 91 47 6 45 119 99 150 57 123 59 78 115 120 64 96 130 50 88 41 33 149 77 51 79 100 108 68 42 39 136 63 43 117 36 81 16 145 73 125 137 60 140 52 135 93 7 72 147 148 124 13 62 15 94 56 75 10 116 21 25 107 121 112 
122 138 85 121 53 108 55 130 100 107 4 89 5 52 76 1 20 103 97 102 8 49 19 73 93 94 33 57 70 78 71 77 58 90 132 47 134 145 139 140 74 131 114 25 50 75 67 84 24 40 68 149 95 26 59 34 118 112 99 7 80 46 13 104 126 133 141 3 119 117 44 23 42 37 35 30 62 
148 150 149 69 132 72 130 118 106 101 96 134 28 92 5 143 73 55 139 114 38 40 87 50 93 16 46 36 23 32 138 33 146 18 59 41 136 86 120 91 8 95 89 13 99 29 90 137 111 126 125 80 35 10 9 19 15 128 103 75 83 56 122 77 64 127 
22 139 105 103 37 55 16 38 61 73 137 9 49 43 150 124 147 31 18 32 27 122 11 33 8 109 121 28 145 115 12 65 68 102 30 24 91 59 56 149 66 138 81 104 62 60 141 44 119 7 5 132 93 98 113 94 47 34 14 99 130 128 80 85 42 70 19 131 58 10 72 111 52 25 112 64 135 95 51 136 23 2 127 77 
9 53 107 77 127 123 98 67 56 149 118 17 150 39 76 12 78 116 139 96 105 112 144 50 6 19 143 103 135 16 124 18 31 130 129 62 69 136 72 32 94 106 141 60 99 89 100 85 36 117 92 109 120 95 27 52 66 43 45 3 48 104 115 57 25 64 86 74 10 113 101 2 88 128 68 119 
8 112 56 133 130 27 131 86 2 66 143 33 46 104 5 110 126 118 58 70 124 98 113 125 1 102 31 64 49 95 13 16 87 37 76 19 50 80 77 59 101 7 36 93 85 60 18 38 48 88 71 144 91 103 4 14 141 74 35 63 120 10 78 44 40 108 45 149 32 67 69 25 139 148 41 81 
29 89 85 112 75 22 107 19 60 126 25 70 129 16 133 87 113 134 81 116 46 74 47 41 38 76 101 44 30 33 9 86 54 4 62 28 7 45 71 150 43 144 148 17 31 27 125 77 136 115 99 104 118 78 73 117 18 21 140 94 103 143 49 84 69 39 2 57 139 58 82 124 132 120 35 8 
126 100 11 94 18 57 146 71 77 12 44 97 69 32 63 49 61 88 121 108 92 40 81 139 135 115 118 31 83 128 133 134 10 131 43 74 143 35 51 47 136 55 8 50 34 45 14 113 52 22 19 89 23 120 4 78 132 72 60 148 30 90 80 87 91 73 70 17 142 29 84 110 
42 92 115 40 8 43 33 142 86 25 23 9 63 46 4 74 122 55 21 119 10 125 30 99 59 127 111 137 100 140 68 104 82 113 102 112 14 38 139 1 26 84 53 95 28 58 123 101 66 148 89 107 126 124 110 36 51 41 31 32 29 24 150 
59 9 47 68 144 133 110 127 11 18 66 20 134 39 40 81 104 125 73 1 98 143 33 26 123 37 34 50 129 6 55 86 93 119 105 149 150 56 43 111 3 48 58 137 97 57 118 108 31 78 148 19 63 102 76 136 135 60 16 115 8 114 142 84 101 14 138 95 
93 48 5 142 72 96 8 95 147 85 20 106 133 77 129 135 145 28 87 123 150 79 66 73 49 41 109 47 31 149 116 13 102 30 62 128 46 67 44 88 55 113 120 52 16 101 69 4 33 3 140 59 38 60 114 34 68 125 99 124 138 136 32 43 58 78 108 70 40 37 98 6 56 141 51 54 86 
79 48 134 24 56 66 1 14 121 11 40 5 136 8 19 60 46 86 144 30 63 70 10 9 53 106 146 93 75 62 77 32 131 44 113 100 27 108 116 61 138 80 23 139 140 95 59 49 148 34 149 105 25 78 132 129 128 127 43 142 6 90 55 41 2 123 57 3 82 145 84 50 36 51 112 118 94 110 67 102 87 74 
47 34 71 148 43 61 13 123 57 28 56 119 10 141 8 51 99 117 120 129 32 115 26 135 87 25 91 131 9 74 72 103 137 95 66 144 109 78 33 68 2 82 1 121 149 97 75 54 83 23 4 81 16 36 133 124 21 96 84 11 139 80 142 93 128 27 
30 119 126 15 150 148 18 102 27 58 32 7 25 108 75 86 141 109 28 93 77 116 145 79 16 57 131 95 92 83 64 2 98 38 118 9 65 71 14 107 67 72 106 31 142 59 12 129 56 97 29 60 122 137 132 134 51 43 34 140 5 20 125 37 45 52 17 26 138 110 69 94 48 85 
146 104 37 43 121 118 126 52 79 31 45 74 6 29 50 143 15 57 46 40 54 131 69 84 115 96 107 102 25 72 58 128 28 49 24 137 82 20 71 3 53 81 4 112 51 9 124 148 138 100 86 98 139 21 88 125 122 132 34 101 55 95 47 141 73 35 133 106 129 39 12 75 
65 121 83 139 26 33 119 56 87 150 13 118 64 111 100 9 114 131 6 107 59 102 135 90 28 122 73 104 146 3 112 148 140 1 124 29 54 47 62 50 136 48 12 20 142 7 89 69 144 43 68 61 80 125 88 46 57 92 51 78 145 138 149 99 116 41 134 91 44 55 75 130 93 18 109 25 21 27 76 86 52 85 117 17 40 
40 136 14 63 38 74 61 85 88 108 109 81 104 36 149 139 62 21 123 125 124 43 119 5 133 55 71 99 22 147 141 24 31 106 117 142 146 80 135 73 91 16 64 6 23 132 84 8 37 114 70 137 30 98 77 107 87 121 69 143 26 65 27 131 46 60 2 59 92 3 
41 95 14 124 29 36 121 89 73 4 110 32 83 79 72 98 125 78 130 8 61 84 65 145 67 87 149 10 102 91 105 147 50 108 15 63 28 57 129 60 71 62 118 22 12 137 40 7 119 126 44 1 90 134 24 59 148 123 128 27 136 146 127 20 112 38 30 144 138 133 42 68 25 
116 69 80 1 133 150 28 78 41 19 68 36 94 16 112 113 57 20 146 88 64 82 29 14 109 122 49 128 34 85 25 99 66 87 71 48 63 4 73 130 117 114 39 35 2 70 123 23 12 44 50 84 9 38 144 132 93 137 105 141 111 65 118 43 46 100 95 15 143 135 74 97 107 81 103 
30 60 76 132 109 13 8 58 63 7 78 66 12 126 115 83 147 44 145 100 135 95 96 53 125 47 26 6 136 105 41 91 70 118 29 146 123 121 85 75 71 86 52 87 10 113 142 31 120 69 65 92 36 40 84 50 4 54 97 42 51 35 27 48 138 74 5 127 90 111 144 28 55 33 77 134 140 
96 44 102 147 61 98 24 17 64 35 114 132 78 145 112 138 41 115 107 76 37 88 133 34 130 89 129 105 66 8 46 59 28 113 87 141 18 19 84 40 111 134 1 92 119 101 149 6 118 70 82 131 135 73 137 121 85 47 81 51 11 26 7 48 69 14 100 72 33 120 80 49 38 15 10 45 
131 27 114 43 58 81 69 40 25 140 66 97 124 119 88 63 70 90 79 65 92 54 35 85 28 129 144 128 110 138 87 105 15 89 146 56 17 120 82 116 147 37 18 95 52 101 83 127 62 53 145 33 100 126 4 75 91 49 111 7 113 136 80 117 8 84 96 39 26 93 21 102 10 2 24 118 9 
87 109 116 114 71 102 24 83 1 51 34 133 69 3 134 78 119 5 92 97 63 131 137 32 31 23 77 40 126 68 74 44 140 45 103 139 81 65 37 127 86 47 118 94 76 110 4 143 95 98 113 150 80 49 7 6 108 88 13 128 16 120 12 19 46 82 115 20 93 25 29 58 121 61 60 79 141 
88 15 109 29 137 98 21 39 17 103 148 78 46 108 26 36 58 101 3 89 139 123 5 14 142 110 117 19 85 150 141 119 97 71 113 91 28 50 61 53 143 92 31 133 135 51 35 20 2 63 23 100 149 12 77 115 82 132 60 48 116 40 73 118 62 81 147 56 86 10 54 49 34 96 125 25 122 94 41 
81 143 137 150 37 115 56 22 139 97 133 78 72 82 11 140 121 67 75 47 5 71 27 13 100 7 119 86 30 106 58 53 149 32 138 36 79 21 45 141 14 110 20 40 6 98 113 9 43 17 99 104 29 48 41 26 3 59 88 66 51 111 60 57 124 24 120 23 105 136 129 
52 148 15 141 138 120 29 97 150 143 77 72 7 13 41 47 37 88 70 53 38 26 54 22 122 90 95 1 14 125 110 19 63 104 31 109 11 50 46 81 78 139 121 119 79 99 149 23 9 85 93 12 132 145 91 62 56 5 75 118 2 142 102 17 60 116 
55 50 66 42 15 4 118 68 102 124 86 130 28 139 73 106 121 58 99 145 112 89 81 147 122 31 115 96 6 84 97 27 127 131 133 25 32 137 51 110 120 113 92 24 100 78 48 43 44 129 135 77 30 20 79 57 101 54 128 75 56 39 41 134 136 85 67 116 80 94 150 7 59 45 
104 44 6 134 38 146 42 24 43 121 125 98 65 19 132 12 54 20 52 8 117 123 116 102 29 118 112 23 75 76 142 145 32 60 72 31 111 133 25 4 68 88 3 40 17 37 80 122 106 78 49 61 10 94 51 127 120 69 138 137 47 103 126 87 131 71 9 95 147 115 63 124 139 39 
144 140 114 75 66 2 31 21 80 137 20 100 59 130 104 92 12 147 124 95 128 146 70 69 25 32 22 103 6 26 3 125 148 126 14 65 93 60 54 64 115 49 106 145 18 116 44 86 30 53 1 47 96 135 132 131 85 109 97 118 41 57 38 51 122 67 19 8 7 82 63 11 110 120 90 91 