150
142 80 20 63 84 134 139 74 10 60 72 68 82 61 14 64 128 102 148 25 97 32 145 125 133 100 29 41 43 67 91 118 141 131 42 51 88 136 22 77 147 81 11 12 126 21 66 35 112 123 49 101 115 19 55 59 93 140 7 24 150 26 39 90 73 94 119 120 138 114 31 6 47 37 38 130 127 48 50 132 62 83 69 79 70 103 46 45 30 122 109 17 87 18 58 3 89 28 2 105 99 92 129 13 106 111 144 107 40 86 117 23 116 9 57 8 149 36 65 121 52 27 71 98 108 135 96 113 124 54 15 95 146 75 44 85 143 16 5 76 53 33 4 56 34 137 104 110 78 
62 145 114 96 82 113 33 20 80 109 5 103 57 27 14 150 1 121 118 29 39 24 95 4 11 149 46 115 138 137 19 17 31 106 49 50 18 94 100 43 116 110 72 12 85 48 45 93 65 71 127 70 53 141 76 108 117 47 10 73 144 51 134 3 64 63 35 16 132 9 26 56 92 148 119 58 102 34 126 75 122 74 125 79 107 78 28 142 130 36 136 91 61 133 37 54 67 55 23 98 66 120 112 97 139 8 52 146 128 6 131 32 90 147 21 68 105 42 88 22 104 30 111 83 124 59 15 99 60 77 13 40 69 41 140 87 89 84 44 123 143 86 101 129 135 81 38 7 25 
58 56 62 12 36 64 113 132 15 2 108 109 75 61 11 94 84 110 114 13 128 117 67 5 46 145 78 104 95 18 44 82 30 111 80 92 129 77 141 29 146 91 37 34 102 47 4 130 105 66 93 45 7 28 148 39 9 136 48 42 23 72 87 112 14 100 149 116 10 85 147 89 90 63 27 143 79 121 81 131 54 17 115 51 49 33 99 142 144 41 32 71 6 21 83 124 65 126 122 1 38 35 57 59 119 97 52 19 8 118 40 139 137 55 106 69 50 60 103 22 70 24 73 134 68 88 140 20 98 43 16 150 76 127 26 53 74 123 86 107 31 96 101 138 25 135 133 125 120 
128 134 133 53 74 83 130 98 2 73 7 38 6 102 103 127 18 142 150 110 119 100 90 70 89 75 81 72 114 10 28 117 139 13 31 82 57 15 17 131 86 118 104 115 77 136 33 95 55 24 88 120 137 50 11 16 19 92 108 41 45 54 144 49 71 52 97 111 3 132 96 148 143 42 35 40 122 140 46 62 124 32 101 109 47 149 61 76 22 80 85 21 30 65 106 63 94 69 113 135 105 48 5 59 138 64 39 25 84 141 56 23 20 99 116 51 146 68 125 129 112 34 123 147 60 67 29 58 87 44 78 66 145 27 107 37 9 126 79 91 43 14 36 8 121 26 1 93 12 
148 126 93 9 109 56 85 54 88 131 64 34 51 29 119 143 12 110 78 59 98 120 134 28 100 117 113 49 129 23 114 38 66 89 80 112 84 45 108 150 111 76 96 69 101 71 24 7 10 136 147 144 83 43 37 62 60 47 79 138 87 72 25 16 123 40 39 116 145 17 133 146 1 90 102 33 32 13 68 22 106 15 18 97 104 42 63 36 19 70 3 46 30 8 86 74 137 103 130 26 6 128 53 14 107 125 140 41 65 141 20 121 82 57 122 105 21 132 31 91 118 149 61 142 99 67 27 139 4 44 115 2 11 77 35 55 58 75 95 135 124 48 127 50 73 92 81 94 52 
62 66 63 81 93 13 61 128 102 76 143 89 98 110 25 18 109 54 56 57 69 145 73 33 53 111 46 5 148 70 79 68 88 72 123 16 15 132 150 20 104 7 32 121 42 59 135 67 138 50 90 134 77 23 37 4 58 129 87 14 31 130 127 124 125 36 48 38 22 108 97 35 106 55 80 47 144 75 92 71 27 126 74 119 94 113 49 34 78 91 100 85 141 17 120 139 82 146 115 43 105 95 30 117 149 84 136 2 133 19 8 3 103 51 65 12 26 11 107 118 142 21 116 140 9 114 147 29 52 44 99 10 40 60 86 28 1 83 64 24 122 137 45 101 41 39 96 112 131 
16 123 60 92 100 36 59 14 105 132 69 144 68 134 46 9 99 12 78 67 62 90 22 108 55 82 115 98 71 88 106 77 91 80 118 94 111 23 5 72 11 10 150 38 96 20 140 43 133 53 79 129 107 33 109 89 39 48 87 51 41 116 130 143 61 29 70 137 30 40 84 50 24 76 101 63 146 136 145 49 35 32 13 52 148 124 34 54 142 75 117 6 28 147 125 4 18 3 126 73 42 113 57 114 65 37 31 149 102 17 27 58 139 103 95 64 112 141 26 120 135 74 81 104 15 83 1 93 127 2 85 21 119 19 122 110 138 44 56 128 8 45 97 66 121 86 25 131 47 
89 28 118 50 97 91 23 68 63 141 39 88 81 61 84 67 11 54 95 71 87 21 66 40 142 143 120 56 52 9 133 148 124 51 10 55 78 73 14 32 13 72 43 25 140 134 93 150 117 147 74 123 110 3 126 69 33 127 105 135 130 82 112 45 70 36 20 86 77 38 27 113 104 22 76 48 75 29 107 19 94 92 42 53 60 137 99 121 31 16 46 65 132 129 62 24 100 101 109 96 83 131 44 145 17 4 49 34 80 41 122 116 149 57 128 115 146 79 98 108 15 85 47 37 111 7 26 106 58 125 139 59 90 114 103 6 35 18 144 5 102 30 12 2 136 64 119 1 138 
55 86 102 57 116 1 11 101 146 136 29 17 69 53 84 121 111 15 76 140 60 150 39 138 100 34 104 105 18 144 135 133 20 142 119 62 54 14 117 139 68 49 88 93 47 148 99 123 44 4 98 38 26 33 94 28 37 129 40 59 85 124 56 113 50 36 80 83 95 114 65 125 132 115 110 10 126 66 75 128 35 82 42 71 73 77 141 143 25 137 106 21 64 45 145 108 89 67 149 16 112 51 19 74 32 12 91 92 90 43 96 81 72 52 122 2 7 130 24 87 3 78 13 118 109 8 48 107 131 147 127 134 31 103 70 41 22 79 30 6 97 5 23 46 63 120 61 27 58 
75 103 80 87 137 148 37 12 128 93 144 77 96 142 99 89 126 131 98 111 73 123 118 26 112 2 55 100 88 45 70 31 140 121 64 54 24 66 95 83 129 46 32 104 68 60 19 145 76 71 114 35 72 14 43 38 63 78 139 8 40 146 85 3 27 52 15 28 4 22 59 5 25 133 116 65 56 106 130 94 97 105 21 11 107 69 49 109 50 108 30 149 150 117 13 90 41 62 57 42 138 74 44 134 29 115 18 36 132 61 92 113 141 16 86 58 23 81 125 101 47 135 51 119 79 127 147 67 1 124 6 53 102 82 20 110 17 143 9 39 48 34 84 33 7 120 136 91 122 
22 145 18 109 100 148 90 95 63 96 135 78 35 31 127 52 47 42 144 49 32 92 85 40 72 12 38 4 75 58 118 81 131 59 26 57 24 68 142 2 5 87 128 51 140 113 55 83 25 116 7 138 139 80 120 146 6 60 39 91 15 13 56 20 133 122 50 105 48 121 136 67 123 82 3 36 29 44 108 103 114 76 27 17 106 64 46 8 34 21 130 73 28 9 117 77 84 45 94 10 126 101 70 147 54 132 137 86 43 19 102 79 33 41 150 110 104 99 125 37 69 88 71 97 66 124 134 149 53 111 112 129 143 23 141 74 30 16 89 119 107 62 14 61 1 65 93 115 98 
37 118 41 83 65 135 117 53 127 138 48 95 57 16 122 114 82 11 74 76 145 6 46 45 125 108 67 109 86 9 97 60 52 147 66 4 129 36 142 25 42 100 29 44 107 119 73 110 80 133 88 2 121 79 8 111 39 120 85 104 78 141 54 72 64 112 136 139 21 96 30 71 19 89 14 99 134 55 106 102 148 143 28 59 20 131 92 126 115 43 62 27 81 7 50 34 113 17 70 140 123 22 98 38 105 128 51 149 5 35 56 13 132 10 63 47 40 144 18 24 87 58 137 75 26 61 68 69 103 150 94 15 31 101 3 90 116 49 93 32 124 23 146 77 33 1 91 130 84 
66 39 110 6 128 137 37 21 35 122 79 85 68 33 49 20 69 73 126 88 120 4 109 31 60 27 87 82 116 124 101 41 115 117 46 86 43 8 30 50 22 67 62 11 95 14 54 105 59 24 77 144 80 89 34 148 118 9 72 75 45 57 92 99 10 2 71 121 18 132 63 61 70 134 48 149 142 119 112 25 129 53 32 40 125 7 114 140 12 145 147 84 55 76 104 65 29 143 135 141 150 26 19 51 93 16 90 139 3 98 52 100 1 56 36 123 64 44 138 96 28 113 81 23 15 91 94 111 42 103 130 102 131 47 106 97 74 127 78 133 83 136 5 38 58 17 108 107 146 
45 109 140 9 4 114 86 104 97 31 23 90 66 18 28 147 22 136 96 48 68 58 120 131 110 116 21 46 111 87 89 117 75 132 40 122 80 51 82 34 149 93 47 35 13 101 70 95 37 77 134 112 92 17 125 143 36 85 145 65 146 59 42 27 69 39 126 57 61 119 11 150 33 19 30 129 121 73 2 52 94 44 10 41 135 81 50 138 20 67 53 83 54 115 127 62 76 88 139 3 60 15 124 106 24 25 29 71 16 107 12 26 63 43 5 144 1 148 8 108 99 72 103 123 130 38 91 100 98 55 7 133 142 78 141 128 64 56 32 6 118 49 74 137 102 105 84 79 113 
92 12 42 7 130 50 138 134 123 31 144 126 80 75 1 145 81 53 11 87 38 70 26 136 61 111 30 133 150 54 57 147 118 21 95 13 35 107 122 74 88 89 117 90 119 124 108 84 23 56 66 140 2 114 106 101 17 36 125 5 120 109 51 110 44 65 39 73 85 25 142 141 146 67 116 55 40 77 6 52 47 135 29 72 98 37 71 137 10 97 131 104 14 129 59 105 46 76 48 99 49 27 82 60 63 41 83 78 93 3 115 18 139 91 4 96 100 113 86 128 8 149 58 143 103 79 64 9 127 24 22 69 32 16 62 43 20 121 112 34 45 28 132 148 33 102 68 19 94 
95 105 36 38 14 101 7 52 58 66 53 63 13 23 141 82 116 115 71 99 107 85 91 145 27 90 39 146 114 83 127 10 103 119 121 51 131 143 45 78 111 94 33 37 25 113 70 123 47 97 133 8 2 49 73 89 62 88 46 29 3 55 68 92 150 61 84 69 57 136 87 59 112 118 125 74 138 67 128 132 129 5 135 11 139 6 48 41 134 147 149 124 98 108 28 100 4 30 93 144 56 80 54 24 32 117 130 86 42 31 64 1 19 140 106 65 60 44 26 34 22 79 96 120 104 110 126 15 142 75 18 148 76 109 77 35 102 20 137 21 12 43 9 72 50 17 122 40 81 
11 141 127 90 27 123 93 47 58 16 29 126 125 79 130 53 87 149 108 24 65 75 10 42 69 129 142 80 134 63 91 50 146 81 147 26 132 22 96 64 85 118 112 6 77 135 140 25 41 66 115 72 36 101 61 13 107 110 40 150 105 34 5 28 86 3 32 136 38 56 83 1 35 104 97 12 67 106 68 120 78 9 139 33 128 19 113 143 148 2 103 117 51 121 60 71 98 92 114 20 109 37 74 43 70 137 131 49 31 23 18 62 39 52 84 145 133 95 57 15 94 4 99 138 8 7 122 21 144 44 82 111 14 119 73 54 55 124 48 89 76 45 46 100 30 102 59 88 116 
74 53 47 120 141 123 69 44 13 11 128 82 15 45 105 137 75 149 71 4 31 19 52 2 10 111 127 70 33 56 20 117 22 131 65 107 108 85 99 129 9 143 103 32 134 77 126 23 148 80 84 97 136 91 40 63 109 49 96 79 98 118 95 139 55 25 146 124 130 88 102 101 94 36 3 12 122 5 67 110 43 1 135 92 76 27 54 7 87 90 140 60 73 106 30 132 50 78 16 58 104 125 81 37 28 142 42 17 8 112 114 35 138 51 66 41 89 72 119 93 144 64 86 145 39 133 21 6 83 62 100 61 29 57 115 116 150 48 147 34 38 46 26 14 113 24 68 121 59 
119 87 50 82 32 95 72 14 108 41 5 9 139 122 31 85 4 63 144 93 114 86 121 84 40 125 97 98 24 29 104 137 150 46 3 111 113 26 38 112 34 149 81 37 100 22 36 83 53 2 67 6 80 25 130 70 120 33 147 59 52 7 43 62 77 79 61 11 35 136 28 90 73 140 103 10 17 146 68 23 18 49 74 56 133 75 51 39 92 1 20 135 129 105 13 76 145 126 30 54 78 42 124 118 110 134 143 102 116 45 117 128 12 16 109 106 96 48 21 127 69 71 8 57 142 107 94 60 65 101 99 123 15 66 131 91 58 148 44 55 27 132 64 115 47 138 88 89 141 
123 60 98 115 109 102 16 4 90 116 76 108 5 13 48 65 43 12 66 132 74 1 52 73 97 25 145 112 111 82 40 91 128 41 14 29 124 53 71 36 3 135 148 141 42 8 136 96 34 87 62 117 47 30 17 50 142 114 24 51 122 77 119 120 121 46 125 83 2 44 86 56 31 10 72 139 140 147 9 80 134 126 39 75 23 32 15 81 58 110 55 104 103 45 143 78 11 131 38 138 57 54 79 149 92 37 113 67 144 88 133 107 21 35 6 68 99 106 84 27 137 105 19 69 64 26 130 22 118 94 18 61 63 100 49 146 7 95 85 101 93 127 150 70 59 33 129 89 28 
126 61 109 140 59 73 94 146 123 31 71 7 131 115 70 80 68 150 104 50 6 111 89 78 18 65 103 124 11 44 119 41 57 107 66 25 9 47 5 22 20 39 129 75 55 144 17 29 46 67 90 53 143 105 23 27 106 81 8 42 38 69 52 34 100 93 36 63 121 117 130 58 60 139 28 118 24 86 74 12 88 14 32 64 110 76 135 87 19 84 127 148 125 15 145 56 96 108 95 1 30 142 51 134 147 4 33 2 113 112 98 26 136 116 122 133 48 49 85 97 114 40 138 83 137 54 149 16 92 101 132 120 102 10 43 45 82 72 99 77 79 128 141 35 13 37 62 3 91 
23 82 24 16 40 112 90 37 28 126 91 75 135 54 113 35 133 19 122 5 21 71 34 140 77 142 73 65 88 66 123 17 64 10 59 44 116 70 121 120 128 27 93 33 138 102 26 107 30 105 87 62 132 41 119 96 8 55 99 76 80 47 114 43 48 148 14 50 68 3 136 57 4 53 130 98 58 67 95 81 25 11 49 1 97 9 109 45 124 7 129 150 134 85 31 104 100 84 20 137 52 110 147 72 101 38 127 143 36 78 29 61 115 145 86 79 18 83 149 108 111 32 13 12 146 2 141 56 69 131 46 74 94 106 42 144 89 15 125 51 60 103 117 118 139 39 63 92 6 
91 129 57 145 73 104 63 128 56 18 34 89 78 32 126 10 140 115 2 15 75 48 82 87 74 69 28 21 35 137 50 61 71 6 122 11 4 90 85 86 98 88 55 147 124 120 93 8 46 95 39 141 79 68 146 59 22 117 106 70 119 150 26 118 130 43 113 139 84 121 83 66 1 142 52 58 42 25 135 12 29 36 149 13 60 3 41 96 148 27 110 9 94 44 38 102 114 20 131 103 24 112 97 64 62 54 105 72 76 101 108 109 143 133 80 5 92 40 53 49 16 7 116 19 17 111 125 81 31 77 107 144 37 136 45 127 65 134 123 30 51 67 100 132 99 14 138 33 47 
118 74 123 144 101 121 51 133 98 19 111 71 83 139 81 36 41 45 5 26 145 68 7 38 150 97 14 128 138 28 149 37 148 87 64 62 80 67 130 3 48 100 142 70 12 78 108 15 77 6 134 57 99 46 16 104 23 39 131 125 116 129 119 132 42 122 9 120 61 88 72 92 76 47 112 141 69 10 30 54 91 50 95 22 52 106 124 4 35 93 66 143 79 84 86 127 65 147 58 90 31 146 40 107 1 13 75 32 33 82 105 27 18 94 63 59 43 49 60 96 102 113 135 34 8 20 85 56 103 126 25 2 11 17 115 110 140 109 44 29 53 21 137 73 114 55 136 89 117 
45 143 89 129 146 90 104 92 133 10 76 3 44 96 18 20 141 59 84 137 31 65 21 69 145 2 49 52 51 119 43 71 57 144 8 98 134 128 38 56 85 123 16 100 108 68 7 32 75 19 124 33 102 142 42 93 136 83 114 63 39 131 1 107 36 72 132 37 140 94 113 88 80 24 26 126 28 112 105 148 106 121 41 79 13 120 122 110 55 70 27 116 117 149 150 61 50 15 73 40 14 12 86 115 53 138 147 81 127 139 47 35 118 4 54 135 48 11 67 103 99 5 64 46 78 87 17 62 74 101 91 23 9 109 111 95 34 82 29 60 6 77 30 125 58 130 97 22 66 
7 21 39 138 89 30 5 54 145 6 97 36 43 65 58 131 83 84 135 143 82 124 102 100 20 18 77 11 129 63 150 92 48 40 46 61 118 115 53 27 147 119 23 37 51 86 148 103 72 9 14 12 117 22 113 80 62 108 70 132 126 98 25 136 101 107 105 110 137 104 24 73 127 116 10 64 42 144 56 95 112 111 44 13 125 41 66 134 1 8 130 94 4 45 76 114 2 3 32 29 38 140 142 35 81 123 141 74 34 78 68 75 16 31 50 122 149 69 93 90 121 99 67 87 33 85 106 47 17 139 28 52 19 109 120 133 55 57 146 88 96 60 49 79 71 59 15 128 91 
101 118 11 112 73 23 111 33 19 134 110 147 38 105 12 26 17 122 124 66 91 123 1 102 83 140 25 125 94 44 130 87 24 127 46 149 114 86 104 135 79 137 60 3 143 98 120 62 129 138 65 131 75 35 10 93 142 99 63 133 16 8 126 6 31 141 7 89 128 43 42 92 100 29 53 109 150 78 85 115 21 68 108 146 37 88 90 76 55 116 54 70 80 97 61 58 40 28 119 18 132 41 96 77 57 148 15 14 20 144 84 9 103 67 106 13 59 50 22 139 49 47 64 52 32 5 48 30 74 71 121 56 81 107 36 95 34 69 117 4 136 45 2 82 113 72 145 51 39 
147 149 90 61 141 102 82 25 22 26 128 144 39 119 72 15 107 109 58 143 111 11 125 112 40 142 113 32 103 34 51 99 44 121 115 68 33 78 94 84 13 56 100 66 123 20 101 120 122 126 1 2 81 86 18 75 135 89 10 85 92 110 79 65 133 95 50 63 62 59 140 49 124 93 29 77 47 16 17 70 55 67 145 136 4 37 31 6 9 73 23 36 38 105 41 131 42 134 98 74 7 80 19 88 76 69 83 139 12 87 148 138 106 71 60 132 43 57 129 8 24 130 150 97 52 3 116 64 27 21 104 35 48 5 46 108 127 14 96 146 54 118 114 53 137 45 117 30 91 
35 87 56 139 148 39 13 125 69 102 26 108 40 66 52 62 90 83 110 57 141 103 67 38 22 7 113 129 124 149 100 99 73 130 132 104 53 63 25 51 58 33 50 70 136 77 54 144 89 142 17 3 140 65 16 97 81 147 109 133 15 82 95 23 59 71 86 74 64 145 107 46 121 24 150 92 116 135 114 88 21 127 12 11 49 37 106 20 8 96 137 60 143 43 68 1 28 93 72 32 131 115 118 18 5 126 80 101 138 9 119 34 42 105 146 98 91 4 14 128 134 94 41 111 27 117 2 75 10 123 84 30 76 78 36 55 19 85 47 6 112 120 44 61 79 48 31 122 45 
123 127 55 101 136 106 17 16 34 88 128 22 75 3 92 121 54 80 5 74 51 25 105 140 146 131 107 70 35 142 64 50 104 52 9 66 84 86 79 44 130 38 45 31 4 112 8 41 73 36 90 62 68 129 109 117 119 47 114 39 97 145 13 21 124 98 143 110 26 71 19 96 133 120 7 122 61 135 23 149 43 116 58 29 69 59 42 28 118 125 6 134 95 32 53 1 93 78 67 83 89 102 15 148 40 10 48 147 113 46 82 14 141 81 63 139 100 111 57 115 87 108 65 85 11 20 91 132 60 144 138 37 99 137 12 103 126 72 150 18 56 2 77 94 49 76 24 33 27 
124 93 17 50 135 69 28 87 88 104 61 29 126 133 59 110 143 34 51 80 55 52 73 108 107 83 19 128 122 84 53 96 39 142 115 130 15 91 10 21 101 121 68 147 38 146 78 36 123 103 127 45 116 18 92 129 102 90 44 120 25 145 12 7 97 6 71 41 114 63 119 77 131 8 95 3 141 136 150 16 20 105 64 100 139 48 148 106 76 109 43 82 66 26 24 11 32 14 42 89 58 54 117 99 111 40 140 85 118 67 81 46 132 30 47 4 5 9 49 149 75 2 57 144 79 74 137 94 37 60 138 35 112 62 56 134 23 1 65 98 86 33 13 22 70 125 27 72 113 
141 79 85 145 78 94 55 44 16 127 8 82 31 76 98 116 128 109 131 59 37 24 102 130 147 48 117 46 83 99 19 95 129 124 108 72 144 86 120 4 92 20 115 23 64 7 45 30 101 13 123 27 118 126 33 135 137 10 47 121 150 15 49 75 77 39 60 57 80 106 43 122 88 62 93 29 68 149 91 110 61 25 41 21 119 42 63 81 90 54 133 22 148 136 53 51 142 125 143 111 5 138 28 9 107 67 84 71 100 134 34 40 65 69 73 58 36 103 6 140 105 56 132 3 52 146 89 14 113 104 17 87 96 112 70 74 139 114 97 50 1 35 18 11 2 12 38 26 66 
84 15 50 70 8 62 148 135 77 82 88 6 7 47 95 98 102 107 10 32 40 14 64 101 145 93 19 26 130 121 4 57 140 5 66 129 147 92 131 43 115 72 90 99 126 68 124 110 150 17 44 69 79 149 36 139 58 86 83 9 97 59 29 134 51 1 11 25 52 65 31 144 85 45 103 22 146 114 106 16 53 127 117 39 21 109 113 96 24 87 20 2 18 12 141 122 37 100 49 138 136 60 116 75 128 38 55 119 27 91 81 118 34 46 89 3 35 74 143 112 48 23 94 63 111 105 137 132 120 67 76 13 42 56 71 80 61 123 28 78 104 30 108 125 142 73 133 41 54 
82 140 60 85 127 18 136 98 27 86 139 128 23 17 6 50 7 118 77 129 24 66 83 150 29 40 134 51 114 5 76 121 14 4 57 12 93 70 73 137 69 111 130 8 36 54 19 149 103 101 146 132 42 64 25 87 30 115 75 62 28 63 32 35 145 58 99 131 21 119 102 71 2 33 147 122 61 138 96 144 126 95 79 94 108 56 80 37 41 65 81 141 116 104 143 125 48 67 105 26 142 49 107 109 92 74 47 100 106 10 16 148 55 117 1 91 123 78 72 31 20 110 13 44 59 88 39 89 46 97 9 43 133 11 38 53 45 22 90 124 68 120 84 52 15 3 135 112 113 
24 47 54 67 64 74 87 9 100 124 44 68 97 56 66 20 61 71 70 137 1 31 144 23 134 52 28 136 106 83 6 16 3 132 19 139 107 113 128 146 18 148 73 46 72 147 10 42 58 80 95 140 62 75 55 115 104 131 102 60 45 65 43 89 27 63 17 39 99 127 94 13 59 135 48 108 119 111 33 34 116 118 98 15 84 143 78 85 138 88 91 32 40 117 86 8 22 112 29 12 114 93 96 51 149 7 26 76 105 101 150 122 120 142 133 21 25 109 92 110 53 41 130 4 36 121 81 145 50 37 103 82 69 2 38 14 141 57 90 30 11 123 125 77 129 79 126 49 5 
40 112 85 88 114 130 74 145 18 13 102 64 122 91 100 51 127 104 135 52 92 65 119 143 79 83 90 69 116 108 60 101 14 125 2 66 133 1 97 17 149 80 27 29 86 63 34 46 144 57 61 50 42 23 56 43 128 16 118 5 21 115 147 59 45 7 106 77 32 103 109 38 41 84 120 134 93 141 94 78 15 8 31 71 139 49 19 70 3 72 12 82 30 10 54 138 99 35 148 110 53 73 95 6 132 123 9 58 20 136 129 26 48 96 124 22 98 146 81 11 131 142 150 113 4 75 68 55 140 137 117 62 67 33 76 121 107 28 37 105 47 87 89 111 24 44 39 25 126 
110 31 17 50 94 54 135 29 139 145 53 132 26 88 102 42 84 98 83 58 44 15 70 38 78 10 81 18 47 14 90 2 91 40 100 129 48 75 71 33 118 148 117 106 67 34 46 109 16 131 92 72 62 119 124 45 68 73 3 130 86 97 56 23 147 6 1 87 19 61 114 27 146 149 60 123 144 134 49 128 9 65 96 32 7 140 95 120 113 77 59 20 52 143 103 51 36 8 82 127 89 99 107 22 125 93 85 116 112 28 133 111 41 35 142 137 141 64 115 80 69 30 39 66 126 122 57 12 21 74 25 121 105 13 104 11 150 76 24 55 101 79 5 136 108 43 138 4 63 
2 147 41 137 27 129 45 121 116 78 14 35 21 118 12 26 92 7 107 81 65 93 150 55 90 37 96 103 91 79 100 106 61 60 6 34 54 69 119 42 117 142 110 48 1 46 132 51 11 22 4 32 40 94 20 66 124 87 102 122 62 49 72 67 52 16 74 85 80 23 39 25 70 130 126 15 18 5 28 58 29 139 59 120 84 97 13 19 53 71 43 75 143 47 148 33 136 76 131 140 3 133 57 128 95 36 88 24 9 125 89 101 109 127 17 64 83 144 50 44 82 115 149 99 105 98 146 134 77 113 8 56 68 123 114 73 112 111 108 30 31 145 104 86 141 135 63 138 10 
28 96 142 87 90 119 131 149 110 98 22 128 45 126 146 40 111 64 11 89 78 55 113 125 35 107 102 95 25 121 70 77 63 116 86 46 140 12 68 109 148 94 130 75 137 30 1 15 36 14 2 136 17 20 115 72 56 138 26 8 81 27 49 41 5 71 34 7 29 38 85 62 103 83 50 80 16 73 3 18 66 145 129 51 91 101 99 118 108 60 144 48 53 4 74 76 6 9 143 82 43 127 69 106 150 133 54 23 139 93 120 58 61 19 104 59 147 52 134 88 42 67 122 124 132 123 24 33 112 10 114 97 141 13 57 84 79 135 37 100 21 47 92 31 105 44 65 117 32 
73 133 68 144 23 99 110 136 92 114 55 33 111 128 46 80 103 142 10 123 112 139 56 64 108 17 30 39 50 14 130 75 8 141 77 125 12 5 27 51 100 146 138 98 18 95 6 31 69 42 102 124 66 113 21 83 49 97 25 121 71 132 74 7 88 147 37 11 67 85 1 15 127 140 119 93 61 120 19 60 135 34 62 29 52 116 148 101 79 86 70 35 20 145 105 45 38 94 87 41 131 143 149 150 65 22 47 91 36 82 126 13 24 122 53 32 117 2 48 107 89 78 90 76 58 129 96 109 72 81 59 4 28 26 134 3 16 106 9 84 43 118 63 115 54 44 137 57 104 
83 134 131 25 18 119 65 125 64 55 129 44 124 115 91 114 148 50 76 118 79 127 9 5 6 4 82 133 120 145 81 89 66 11 27 62 108 22 58 135 20 13 90 52 141 98 29 146 149 63 40 144 56 92 94 143 37 14 23 136 61 111 49 117 123 38 86 2 48 84 130 96 43 104 10 132 33 116 93 39 113 68 32 99 3 26 107 150 54 128 47 142 60 85 17 53 30 46 110 102 126 139 95 97 147 112 100 74 35 75 101 138 45 12 88 70 28 106 16 122 87 103 36 42 121 59 15 77 21 67 8 69 80 19 57 78 1 105 31 72 109 71 137 7 51 73 34 24 140 
144 35 105 70 36 101 16 11 137 58 9 30 85 26 32 86 63 61 124 125 25 127 13 23 142 1 39 24 47 81 14 54 44 66 107 5 82 73 145 31 21 119 128 140 27 34 143 28 80 126 98 109 83 134 84 59 112 77 102 7 110 56 132 135 46 65 114 8 129 55 2 150 146 76 49 104 131 100 50 67 106 38 148 108 12 60 93 90 29 37 141 18 117 97 64 87 94 74 75 15 68 89 19 122 71 130 62 20 79 133 6 115 95 116 92 120 136 99 111 17 51 123 45 149 88 78 52 118 57 4 33 96 43 22 41 103 91 53 138 113 40 72 147 3 10 139 121 69 48 
37 127 50 143 102 3 41 142 133 98 90 81 71 93 15 77 16 78 105 107 114 33 100 75 131 135 136 65 141 26 18 117 106 1 88 111 89 6 22 129 42 83 70 112 36 19 96 48 29 137 144 94 139 27 123 59 108 34 54 14 44 101 134 140 126 5 103 39 58 84 56 55 147 115 150 45 124 113 2 60 24 110 119 148 11 64 69 68 62 30 79 121 97 12 31 47 13 8 130 73 120 125 9 149 118 92 20 128 99 46 28 21 40 52 35 82 53 74 87 25 7 61 80 66 86 145 67 109 51 132 91 122 4 138 85 49 23 72 116 17 146 95 76 57 32 63 104 38 10 
68 1 117 27 65 104 52 88 118 131 17 72 98 148 103 49 66 127 77 106 53 23 82 109 125 51 81 116 122 145 28 102 107 75 11 29 54 150 71 43 108 63 93 119 69 147 9 50 56 10 149 57 115 61 96 58 99 31 97 22 144 80 34 33 143 30 21 110 91 24 105 132 135 86 47 36 20 76 137 62 79 64 84 13 35 48 124 83 78 70 60 90 3 141 37 114 129 19 74 89 130 15 4 121 87 6 111 39 55 42 8 85 12 25 45 140 123 2 146 40 32 73 38 18 94 95 100 26 128 7 59 136 92 142 134 133 101 5 67 139 46 14 138 120 126 113 16 112 41 
1 91 13 126 113 98 44 129 111 127 31 143 3 116 59 14 46 84 103 52 43 7 112 118 9 97 15 54 38 58 68 63 51 28 93 83 125 138 61 42 18 78 12 131 86 53 149 80 102 81 29 107 24 85 30 150 49 66 142 145 140 76 106 56 2 105 92 115 32 22 110 101 69 37 10 104 120 114 75 39 5 74 109 122 144 77 136 21 95 19 62 130 134 26 41 64 72 117 36 16 137 96 11 35 17 146 100 34 121 65 108 20 88 50 135 87 71 48 8 139 123 79 4 73 132 82 47 141 90 60 57 147 89 119 99 6 67 94 25 124 70 148 55 40 33 128 133 27 23 
3 56 115 14 63 141 37 129 112 102 78 135 13 124 53 49 81 97 64 77 6 8 101 45 120 24 117 54 60 150 114 95 122 19 72 128 79 40 103 106 143 34 11 89 68 36 136 20 92 88 108 38 71 148 146 149 57 76 58 43 90 1 22 147 10 25 41 5 118 75 123 35 133 94 138 21 42 144 23 29 140 55 109 73 17 50 91 70 16 86 69 82 98 137 121 126 130 65 51 125 99 96 39 28 15 107 132 9 84 26 111 2 52 48 85 30 7 27 74 61 142 62 104 87 93 127 134 105 139 83 33 12 4 59 44 80 110 100 116 31 131 32 47 145 18 66 67 113 119 
149 65 133 130 57 134 74 71 121 88 67 138 101 109 141 124 11 107 58 56 114 14 52 36 145 116 69 1 93 95 104 144 143 2 94 10 115 75 40 7 13 16 15 44 27 37 8 34 5 100 80 81 148 48 29 103 45 46 73 70 32 131 129 97 42 137 55 146 119 147 96 85 26 122 102 59 125 4 63 72 17 61 35 18 25 113 91 6 31 28 21 66 105 127 50 12 117 132 86 87 51 90 30 54 140 79 108 78 33 62 64 99 112 150 3 41 82 77 106 20 84 9 98 22 49 128 111 53 110 136 60 76 135 39 120 139 123 126 89 24 43 142 23 83 92 118 38 68 19 
122 90 81 26 69 36 30 120 101 75 91 150 129 67 138 74 4 115 71 139 136 25 137 28 27 19 146 53 34 6 125 135 3 102 5 10 22 111 118 77 17 104 31 73 149 12 24 97 148 43 145 40 62 82 94 123 84 11 50 38 127 56 72 41 89 51 13 37 86 93 7 99 107 144 54 14 52 58 68 140 45 9 88 66 124 132 57 23 79 119 63 46 29 61 2 20 106 39 147 109 141 16 114 76 70 55 133 96 49 87 98 32 35 143 65 116 42 105 33 80 92 130 110 44 78 95 21 60 113 128 142 8 121 85 47 103 83 108 131 100 18 117 134 1 112 59 126 15 64 
95 128 77 9 118 67 3 106 123 85 78 145 144 55 42 22 143 114 112 24 29 109 120 60 6 54 41 71 13 40 134 87 99 135 39 21 26 46 34 98 48 51 126 69 53 117 32 103 36 96 133 44 137 132 75 43 107 124 147 136 73 116 82 83 2 59 38 4 47 27 58 140 148 7 79 104 56 50 142 110 68 30 88 92 45 20 80 121 16 14 19 86 122 84 108 63 10 138 28 94 70 146 18 91 131 23 141 25 130 65 102 52 111 150 62 33 66 139 12 57 17 97 31 90 35 100 76 105 5 101 93 149 72 113 119 11 37 89 127 74 125 8 1 115 61 129 15 81 64 
125 126 118 56 13 102 117 94 105 79 135 139 87 31 130 114 77 148 88 91 95 110 144 39 99 18 131 147 80 63 73 14 108 27 24 142 41 90 100 74 61 93 42 149 150 1 98 82 2 78 128 89 92 136 32 33 112 69 122 116 7 23 84 59 10 51 62 12 21 11 58 38 121 143 103 83 109 75 36 43 57 45 60 146 40 133 55 85 29 34 101 20 30 53 35 70 37 119 16 28 141 81 19 54 3 48 8 68 127 66 25 44 115 65 120 71 145 17 97 138 129 22 6 5 96 134 137 67 76 111 64 4 72 104 26 47 86 52 124 9 107 132 123 113 15 106 49 140 46 
57 87 39 75 19 2 144 132 53 150 149 121 105 106 8 13 114 82 125 76 146 128 70 96 69 136 88 48 137 89 15 91 12 62 127 18 43 117 100 86 98 108 103 56 107 109 126 21 90 32 29 124 102 4 138 49 143 92 24 27 64 28 135 54 94 46 20 1 101 145 148 110 30 118 6 122 37 31 111 147 61 35 119 60 41 140 67 55 120 134 45 66 133 131 16 95 73 71 83 22 52 74 112 59 36 3 116 58 84 80 14 78 113 11 33 97 5 44 141 85 99 123 10 77 72 68 93 42 81 34 65 104 79 139 26 7 17 142 40 9 50 115 129 23 25 130 38 47 63 
88 55 98 134 44 22 138 97 130 127 16 84 120 93 105 31 11 140 61 118 74 87 70 116 40 20 122 57 79 92 80 56 96 115 149 113 43 144 62 54 141 107 68 100 21 29 49 63 53 148 4 27 39 136 110 103 3 6 119 91 7 112 69 32 41 137 129 73 51 46 78 145 150 65 14 128 109 126 142 23 86 30 99 59 15 47 72 17 10 13 81 102 108 36 121 35 24 42 143 19 146 2 60 50 111 1 117 123 114 82 28 37 104 48 101 58 8 89 5 124 38 45 83 135 106 71 85 133 76 9 34 18 139 95 25 12 67 75 33 147 90 94 66 132 26 77 125 64 131 
74 19 114 73 37 45 89 55 127 149 76 134 111 137 23 13 41 60 87 112 68 52 83 144 40 147 33 81 136 96 67 4 124 85 107 92 57 150 86 109 143 26 97 32 98 5 24 113 48 3 140 14 104 46 43 61 31 71 80 100 126 16 94 63 30 79 84 21 103 133 66 15 9 106 39 125 2 93 117 25 35 99 38 116 122 130 145 65 123 42 77 91 50 18 20 27 75 70 119 59 105 62 17 118 72 11 120 29 128 10 28 139 101 131 78 90 47 148 54 135 132 49 129 138 22 95 1 64 36 6 108 69 142 7 115 44 146 8 88 51 58 141 121 34 56 82 102 12 110 
53 33 9 126 52 91 120 74 95 22 111 90 119 148 83 61 25 142 117 34 15 94 45 6 60 7 75 47 23 144 28 59 77 55 56 131 103 16 72 5 69 3 115 136 12 48 82 105 37 93 57 139 14 99 135 19 97 49 10 129 20 43 71 147 84 2 128 149 140 41 11 141 85 146 1 31 137 35 38 109 39 32 78 138 107 65 133 21 114 124 106 63 122 13 64 36 134 42 46 17 118 132 87 121 98 108 112 104 116 88 27 76 44 92 30 145 113 26 73 80 100 125 123 58 67 96 8 51 110 86 150 79 29 127 102 24 50 66 70 89 4 62 40 101 81 143 130 68 18 
72 10 102 111 23 92 127 149 140 138 59 86 4 103 46 105 136 144 96 134 82 65 69 139 47 51 132 94 56 129 125 133 75 146 68 27 77 29 43 118 84 126 119 88 52 89 22 70 110 78 74 73 63 61 8 20 45 121 81 141 148 101 62 97 49 5 142 36 48 64 80 143 95 130 67 90 115 91 76 66 116 147 21 7 25 137 58 6 107 33 26 85 50 41 18 98 112 120 12 71 57 9 35 30 108 17 104 131 44 54 1 79 113 114 60 99 128 106 93 100 38 34 15 14 145 13 28 117 31 42 39 37 123 87 53 135 83 32 3 16 109 124 11 19 2 150 122 40 24 
136 109 3 140 35 20 75 145 137 39 46 111 40 86 60 49 66 115 99 101 25 141 44 130 93 18 27 150 149 129 102 70 124 84 142 91 144 78 116 16 41 126 17 85 63 9 96 123 47 146 100 67 62 88 21 68 92 8 108 1 31 65 15 6 55 48 83 148 147 98 131 53 57 51 125 139 19 72 143 122 30 45 34 37 54 104 128 138 2 133 23 106 97 26 118 95 38 79 80 52 28 82 42 58 110 11 12 127 94 50 134 36 33 107 69 59 105 90 61 77 4 119 132 7 89 87 64 22 120 74 24 43 10 114 73 113 117 103 121 81 5 76 112 14 32 29 13 71 135 
58 145 103 21 73 131 133 96 1 130 76 48 50 7 138 3 127 87 113 148 121 88 8 40 27 17 146 86 126 41 14 30 42 83 98 91 45 4 118 122 43 15 66 28 82 23 63 105 119 39 37 2 56 64 18 68 44 116 13 109 134 31 115 53 65 85 36 147 49 135 150 35 11 10 32 140 70 72 26 129 100 22 143 51 124 95 132 149 69 80 93 24 38 59 16 120 77 89 139 61 107 34 94 62 111 6 79 106 9 19 128 137 104 52 29 136 144 141 33 47 112 25 5 60 55 46 75 108 74 54 102 142 78 114 20 110 90 97 12 92 125 84 101 81 99 71 117 67 123 
39 53 143 141 130 88 129 25 81 102 33 112 1 133 15 56 31 54 76 119 148 70 52 44 57 92 93 145 105 110 136 75 10 83 4 62 118 67 23 16 126 116 80 89 49 45 108 21 34 95 98 59 146 28 106 144 20 77 30 78 109 101 74 135 73 50 138 132 117 27 90 103 36 2 38 24 127 131 137 113 140 17 61 35 19 40 41 134 3 97 91 26 63 111 69 12 150 9 79 115 5 82 94 22 14 86 65 8 125 66 64 114 100 32 139 85 29 71 7 37 84 18 149 87 48 147 42 72 124 6 96 13 122 121 142 60 46 51 99 68 11 123 43 128 55 104 120 47 107 
142 68 71 66 119 67 54 72 39 35 107 83 88 47 33 139 130 99 135 129 149 75 50 114 104 8 27 70 11 92 15 18 57 144 25 76 20 26 19 101 73 131 63 146 30 37 10 46 51 9 108 143 14 113 17 100 109 80 81 90 48 141 127 77 97 137 41 115 94 150 82 44 23 58 45 74 98 22 95 126 7 16 86 12 102 79 3 93 117 31 103 56 6 24 84 111 128 110 43 148 120 96 61 4 138 40 116 13 134 78 106 2 87 49 85 55 28 42 140 34 5 65 52 53 122 32 133 62 1 112 132 147 60 118 105 145 136 38 69 123 21 29 125 64 91 124 121 36 89 
97 53 116 30 141 85 105 71 142 27 63 44 86 146 90 92 140 51 100 94 46 138 137 42 102 107 61 123 52 22 32 99 12 72 148 41 89 145 98 37 39 20 49 132 81 48 64 38 109 13 133 91 3 119 25 19 70 5 68 65 11 82 115 127 88 121 113 35 67 124 93 26 112 80 55 106 144 57 43 47 130 110 36 18 143 10 83 139 77 6 54 126 66 108 147 7 24 58 59 150 34 2 73 56 129 95 131 136 120 96 134 114 16 78 103 75 9 104 118 15 62 40 76 87 4 111 8 125 149 31 69 50 14 28 79 117 29 122 1 45 128 33 23 21 17 135 101 74 84 
50 36 44 20 107 24 42 117 7 82 147 102 134 51 146 22 32 145 63 66 110 114 37 128 105 104 68 56 35 77 95 9 34 125 54 2 129 99 90 13 75 109 70 141 80 115 23 81 28 59 113 149 1 78 15 14 108 38 84 127 142 62 4 40 92 12 67 11 16 91 26 86 33 3 85 140 57 148 93 64 121 143 119 103 69 21 123 144 73 45 43 39 130 98 88 58 74 72 150 101 19 8 124 71 87 131 79 83 126 49 136 139 5 41 111 106 116 76 100 18 52 96 10 53 89 120 112 27 60 65 48 29 47 55 46 97 122 94 138 133 31 118 135 25 137 6 132 17 30 
68 116 93 47 14 29 45 12 130 128 63 117 43 18 105 23 5 38 111 146 120 61 11 113 17 91 64 103 1 50 137 135 82 52 143 129 10 140 21 97 37 59 112 67 87 27 136 48 28 109 99 9 80 85 89 65 123 31 122 132 72 30 60 73 24 147 90 2 15 108 51 107 83 4 84 78 6 58 8 56 54 41 40 76 150 145 66 148 110 13 125 98 36 134 16 119 22 42 33 46 142 75 106 118 44 20 39 94 102 138 144 70 88 26 121 34 35 101 124 131 53 149 71 95 115 100 81 7 74 49 25 79 104 57 77 139 92 141 69 86 133 32 3 19 55 127 96 114 126 
126 50 137 10 93 141 109 91 146 56 75 99 97 101 124 128 113 133 36 73 57 98 9 95 80 42 105 114 29 74 142 64 129 88 68 115 28 83 143 72 51 149 5 89 111 131 21 11 55 24 8 13 77 47 19 31 44 125 22 7 12 92 110 25 112 134 135 121 104 108 122 81 148 17 49 119 147 139 96 87 79 78 127 37 48 71 18 150 145 86 70 4 1 100 85 62 76 52 2 46 118 102 106 138 140 120 43 58 33 32 130 82 84 15 20 60 30 41 144 54 123 132 26 116 69 53 94 59 3 6 117 39 103 45 34 35 14 61 90 27 66 38 16 23 136 40 107 67 65 
148 66 44 124 111 108 105 21 40 137 126 48 149 37 139 104 76 96 35 67 39 54 70 120 81 113 57 117 60 27 31 97 146 89 98 10 58 143 25 24 85 62 131 86 15 4 82 106 28 91 2 109 17 94 99 133 115 150 134 71 114 75 16 14 36 50 122 79 33 84 51 69 140 74 119 52 18 118 78 130 56 92 132 61 20 34 41 100 5 73 80 128 147 7 103 116 6 1 53 32 30 42 125 129 123 107 135 38 101 88 141 12 144 72 65 26 23 83 138 102 90 29 19 22 87 127 77 142 43 47 136 121 3 63 95 145 13 112 11 68 93 8 46 59 45 55 49 110 9 
13 108 105 41 110 111 87 22 69 30 57 19 35 128 70 131 137 127 31 138 112 93 36 121 139 101 45 79 88 123 34 98 150 32 96 76 68 122 117 15 27 16 66 28 46 61 74 67 103 129 52 134 107 14 12 116 55 63 130 23 58 143 118 33 114 8 145 42 90 6 102 86 149 133 89 85 72 37 10 7 148 78 113 119 11 77 75 125 20 80 17 73 91 95 97 124 120 135 64 48 84 71 9 60 109 146 144 81 126 53 47 140 136 141 24 59 147 38 56 115 62 25 82 43 3 5 29 44 21 92 104 142 18 2 100 39 94 1 50 4 49 26 51 54 83 99 40 132 106 
128 25 104 112 103 14 93 56 10 39 88 19 44 97 132 71 22 1 55 111 40 73 41 34 81 63 74 127 78 90 48 125 49 91 143 115 130 12 69 65 43 133 13 126 16 100 57 76 137 144 35 96 70 138 135 118 110 67 36 85 9 18 124 113 98 142 147 122 114 61 134 107 53 6 108 42 141 77 82 86 123 47 5 145 140 51 105 7 15 8 17 64 83 58 46 30 68 4 99 72 26 37 54 75 38 50 102 129 117 148 45 52 29 27 89 87 116 84 21 79 146 139 24 101 119 136 20 131 60 23 95 149 33 150 32 62 121 31 94 109 92 120 80 3 59 2 106 28 11 
74 88 112 61 95 65 27 44 113 132 100 28 1 2 114 45 40 124 47 137 108 32 134 110 107 89 98 6 138 26 63 72 14 11 105 20 119 96 56 52 59 76 22 149 31 91 103 102 146 21 144 13 36 66 85 136 106 38 141 18 5 39 54 145 86 42 133 131 34 143 97 109 139 50 120 41 51 140 83 80 148 58 12 37 23 84 24 62 35 73 115 71 122 118 46 79 49 78 7 69 33 68 93 104 16 150 90 9 15 142 43 147 70 55 77 87 116 82 123 64 57 92 121 10 130 29 125 30 128 111 53 48 99 19 4 60 94 25 8 129 3 75 135 101 127 117 17 126 81 
1 133 112 23 86 41 100 101 61 131 127 144 42 74 65 96 93 53 147 145 94 84 13 82 79 113 35 29 91 90 104 37 111 4 136 77 102 103 8 11 64 45 24 143 66 78 139 106 105 114 107 109 98 33 72 26 49 54 9 128 121 70 117 10 141 95 150 87 81 73 116 6 16 19 59 146 118 14 30 97 135 55 62 20 69 52 124 85 71 46 134 63 60 12 132 76 3 21 5 125 88 99 123 149 7 25 36 50 48 32 44 92 108 140 28 57 148 75 122 17 27 129 130 40 43 110 2 51 18 58 137 126 142 15 67 80 39 31 34 115 138 119 89 83 38 47 56 22 120 
130 148 137 44 52 140 17 67 70 125 146 82 139 13 8 38 133 50 5 72 71 76 107 91 113 93 26 128 29 127 79 123 14 94 87 86 92 47 104 98 45 77 105 28 60 134 75 30 43 18 33 68 51 53 149 3 109 108 22 78 88 27 84 112 73 9 99 48 64 62 54 35 97 119 15 59 103 142 101 122 126 150 36 20 83 141 111 80 25 110 6 116 40 131 41 135 65 132 144 24 23 1 136 34 61 21 58 106 115 16 56 7 74 46 118 96 100 138 31 57 124 2 120 32 4 145 114 121 39 102 147 12 129 81 63 95 55 66 117 143 19 10 89 49 85 37 42 11 90 
6 98 82 60 132 8 95 36 115 37 78 131 73 103 40 120 59 113 85 144 143 18 109 149 118 121 55 3 35 7 11 27 139 81 13 1 89 53 127 150 134 28 107 32 41 48 110 66 147 136 51 26 61 44 4 39 91 87 45 86 33 145 47 129 83 106 71 116 17 123 9 68 80 122 23 65 30 15 38 72 74 16 69 20 58 14 12 90 10 135 49 133 19 101 64 79 117 114 88 94 62 142 34 52 21 46 126 138 125 146 54 99 84 108 102 141 77 97 124 111 57 22 105 25 128 31 148 5 140 75 43 96 93 104 119 50 92 137 130 112 24 63 100 2 42 56 29 76 67 
30 137 145 31 124 8 125 40 111 128 63 65 21 129 105 10 90 140 25 17 85 96 50 24 35 100 147 95 73 99 19 141 32 2 53 42 113 82 86 91 23 4 122 34 77 26 68 62 133 7 146 66 106 80 70 52 44 67 5 144 114 102 118 3 112 115 120 12 27 150 148 109 123 78 47 61 11 149 103 74 48 60 101 79 16 36 131 46 127 6 84 57 14 92 69 88 58 142 51 117 143 89 139 83 116 126 132 29 75 136 18 45 54 38 9 110 55 37 39 76 98 13 104 81 87 59 93 97 49 33 135 94 56 72 20 119 43 107 134 28 108 41 64 1 138 15 130 22 121 
129 150 14 42 131 32 50 127 46 125 99 77 23 28 111 128 105 140 17 43 109 86 8 75 56 22 47 116 123 83 65 113 139 145 100 5 73 34 88 1 68 71 69 92 85 117 82 40 134 41 4 144 38 124 74 39 148 87 136 149 98 119 19 2 51 11 6 114 36 3 143 10 29 126 48 67 21 76 93 81 89 53 49 30 137 15 90 60 96 7 54 95 9 45 147 12 35 55 133 37 59 120 104 25 64 44 112 31 130 57 106 78 63 84 62 103 79 122 138 110 27 18 135 16 146 108 66 118 121 102 26 132 107 101 33 52 13 80 115 91 141 61 142 94 97 70 58 20 24 
110 118 53 74 42 5 60 95 24 55 30 36 76 72 91 3 31 21 23 67 20 82 13 17 133 25 63 105 54 124 45 78 64 147 148 116 102 18 57 129 38 125 35 98 65 114 75 32 9 71 80 70 126 106 77 109 66 144 12 29 121 149 49 33 4 139 62 146 140 14 130 7 104 8 1 100 97 6 44 94 142 28 120 41 88 123 85 145 26 37 11 10 51 22 15 2 48 115 27 113 136 61 59 84 141 47 101 93 50 143 52 103 68 96 81 89 87 79 108 122 83 107 111 134 92 99 39 19 117 132 150 112 86 127 58 46 40 135 138 69 56 34 137 119 131 16 128 43 90 
54 85 38 125 119 14 3 17 40 52 1 76 145 139 6 56 124 53 110 102 83 97 88 15 55 116 37 141 146 77 16 80 122 142 137 117 121 23 104 101 10 36 144 4 41 140 42 5 62 64 11 63 92 93 149 58 78 120 123 18 118 99 26 86 33 49 48 21 70 66 51 46 130 9 129 147 90 8 112 136 87 28 50 25 22 103 65 68 89 111 91 19 134 96 73 81 60 20 79 95 39 82 29 61 128 109 113 69 127 44 30 2 13 32 57 67 59 12 131 35 84 126 43 45 71 98 72 27 105 31 47 135 138 132 150 133 107 106 24 108 114 143 94 115 75 7 34 100 148 
58 109 22 52 135 121 48 127 81 117 112 88 51 37 60 18 35 106 148 27 57 80 113 63 11 122 7 104 46 6 34 42 3 64 105 139 94 53 59 36 29 143 40 93 43 8 78 50 120 47 79 130 71 119 21 1 28 85 20 145 41 72 136 102 26 110 15 141 97 5 10 23 9 13 92 49 62 54 138 33 107 123 77 87 55 132 70 67 150 111 100 126 14 39 24 125 86 68 12 115 91 69 17 16 129 101 82 108 25 116 65 32 147 131 99 61 128 144 118 73 140 19 30 98 38 134 2 31 4 96 74 84 137 44 90 76 83 95 149 66 142 133 103 146 56 89 124 45 114 
115 88 117 62 122 28 20 84 113 147 29 107 130 38 13 68 70 89 32 134 5 36 71 149 116 30 25 43 91 143 65 15 97 79 96 66 47 61 105 21 31 125 55 1 17 63 3 2 59 146 4 106 132 34 142 42 48 111 144 100 109 45 56 57 39 99 123 49 53 33 24 95 52 54 104 148 46 12 140 78 98 7 67 16 6 60 51 138 64 93 40 139 150 124 128 120 131 77 87 85 83 22 44 8 82 137 103 119 58 112 110 72 126 92 73 80 10 102 133 86 75 27 50 136 23 129 135 41 141 9 145 69 18 118 19 35 90 81 74 26 121 127 94 14 11 101 37 114 108 
120 5 66 42 111 144 71 59 56 83 82 110 10 7 107 76 15 101 113 130 2 3 102 114 117 57 105 127 94 33 112 104 30 9 99 106 72 73 98 11 39 116 67 108 37 14 69 95 148 1 61 54 26 129 24 145 118 79 133 51 149 85 70 139 49 135 150 122 136 84 97 78 63 38 20 36 80 86 16 12 93 35 121 53 132 32 50 27 146 74 40 140 91 65 28 18 90 47 137 92 124 44 89 17 6 60 88 103 19 13 62 125 87 68 141 109 134 43 46 64 115 126 45 58 22 23 142 48 21 4 119 25 41 34 123 143 81 96 138 147 75 131 52 31 100 55 8 29 128 
113 91 72 74 95 9 20 77 96 53 46 69 85 92 114 138 84 28 37 81 75 62 116 60 146 136 7 1 54 11 41 99 132 123 93 12 103 118 127 56 117 32 35 83 121 38 82 68 61 76 34 125 137 73 112 49 29 39 148 149 18 63 47 58 110 79 15 105 22 27 8 94 43 120 13 48 31 80 30 108 142 16 51 141 42 115 102 97 14 126 104 107 17 44 24 55 26 135 109 119 144 6 52 70 36 4 111 57 133 50 40 129 101 33 23 130 140 5 19 143 2 150 147 100 21 67 45 71 88 90 106 122 25 87 3 134 59 145 10 64 89 65 66 86 98 131 139 128 124 
130 118 111 112 26 19 120 70 21 3 71 109 108 65 123 90 2 44 128 75 88 24 48 81 68 67 137 84 62 143 39 103 47 5 146 113 86 145 127 141 117 115 121 74 97 1 73 83 28 14 8 66 116 52 133 94 119 49 91 11 50 60 59 25 125 56 149 106 96 9 124 132 78 34 139 148 131 30 61 92 76 57 126 85 42 13 12 38 122 35 15 6 45 41 77 102 107 55 142 144 33 31 27 36 134 129 7 136 93 135 101 40 17 138 150 100 147 87 98 95 10 80 105 23 29 22 51 63 104 64 82 46 18 69 54 37 114 72 89 20 140 58 99 53 43 110 16 32 4 
102 58 44 137 88 9 70 85 42 26 63 5 46 121 12 6 146 49 68 62 92 29 75 28 59 45 87 19 69 67 134 55 145 126 17 123 66 25 107 127 133 149 100 109 72 144 124 139 32 135 2 96 84 141 150 79 21 16 20 82 56 101 36 76 31 52 113 131 125 136 13 1 83 147 129 43 41 11 4 53 8 38 78 95 48 122 3 50 37 47 54 14 110 119 105 23 73 130 35 106 34 40 61 60 115 64 142 74 77 143 117 140 104 148 112 22 114 108 15 91 98 51 90 118 132 86 81 18 94 111 65 33 30 99 138 39 27 24 93 128 7 10 57 89 103 120 116 97 71 
30 39 60 47 149 121 80 72 56 106 37 17 62 34 101 7 33 35 76 84 69 43 142 112 96 83 32 122 107 24 5 75 68 89 102 28 36 100 77 126 42 88 105 104 1 146 31 50 135 97 41 98 59 95 19 67 148 143 119 93 74 124 114 23 26 132 14 11 21 87 137 51 150 40 141 25 54 85 140 145 58 20 136 57 38 117 134 129 82 79 10 108 48 64 8 73 125 49 110 144 66 53 130 115 65 91 99 139 44 63 29 118 128 113 27 71 111 2 103 45 16 109 9 61 138 52 92 123 90 116 133 6 120 127 70 94 78 147 46 131 12 3 15 22 86 55 4 13 18 
42 67 99 28 101 115 27 20 76 111 59 102 12 47 71 94 36 38 141 81 70 23 35 125 131 145 114 48 65 31 69 61 122 132 149 136 90 147 142 86 68 6 29 126 91 80 8 96 26 5 14 108 84 98 100 7 24 73 88 133 17 110 49 134 11 78 93 140 139 85 72 75 118 148 56 18 57 74 138 105 87 1 44 40 15 16 120 30 21 117 60 130 124 119 41 104 9 103 95 146 54 4 127 58 51 123 106 53 10 107 55 19 45 63 46 109 43 77 112 143 116 13 50 64 37 129 150 22 83 25 3 33 121 97 34 144 92 32 2 137 135 66 113 62 128 89 79 39 52 
58 87 68 38 70 59 116 13 86 2 41 77 80 111 135 112 108 141 104 28 148 118 139 18 48 95 133 146 109 19 145 14 79 102 6 33 1 124 24 5 120 110 149 23 61 134 115 46 94 129 105 53 35 43 25 101 131 36 103 60 142 117 56 64 32 12 55 132 73 72 65 34 74 21 93 89 88 76 69 15 92 130 119 11 150 29 40 75 144 9 30 26 125 16 91 54 45 42 4 20 128 50 143 99 52 8 51 98 140 37 121 49 123 147 107 85 63 114 106 82 126 100 97 127 71 84 47 136 81 3 67 113 66 39 57 7 22 96 137 122 78 44 138 17 27 90 10 62 31 
136 96 14 55 6 118 17 141 95 32 65 36 16 46 40 139 20 147 137 133 115 111 126 39 58 92 123 76 59 91 100 106 112 44 18 88 60 23 113 22 78 1 94 27 107 85 3 50 56 145 89 73 35 122 72 67 64 143 97 4 53 12 117 105 34 41 146 69 134 83 116 148 11 114 5 47 90 25 103 82 37 26 125 71 33 132 129 38 128 149 61 42 19 131 130 7 119 9 120 86 68 2 31 81 66 10 138 28 77 144 108 93 51 57 121 79 15 13 70 63 98 62 142 75 127 135 24 21 109 29 124 102 30 104 101 74 150 43 80 49 140 48 8 45 110 54 99 87 52 
144 117 69 29 4 49 107 139 64 2 15 126 96 62 28 63 31 91 23 118 83 25 41 79 103 46 55 137 47 66 11 72 22 39 44 6 122 45 133 10 53 131 57 127 115 145 70 73 84 104 78 109 76 125 121 16 34 146 100 65 136 123 90 77 110 82 68 106 61 128 99 24 95 142 132 35 17 148 108 74 98 50 33 130 138 124 1 140 80 143 71 8 21 40 3 51 48 38 18 120 88 119 58 7 67 111 59 141 14 101 89 114 27 13 134 112 116 5 94 43 93 102 52 105 129 20 86 87 75 97 54 26 36 150 12 56 30 32 92 9 149 42 37 147 19 135 113 81 60 
102 70 96 71 8 135 127 61 37 32 130 46 12 30 148 6 143 15 109 137 82 115 1 150 117 111 33 140 77 74 107 78 92 50 100 103 116 136 27 99 119 147 87 44 64 134 49 104 26 62 3 36 83 145 35 91 38 65 43 81 41 105 89 48 80 132 69 10 90 106 29 84 67 52 121 51 59 19 120 112 94 22 88 98 113 23 131 141 14 21 123 34 126 28 108 31 75 76 118 5 17 24 66 133 146 25 60 101 122 73 13 139 55 144 2 149 39 53 124 97 40 114 93 7 68 110 58 11 9 57 4 138 16 54 95 72 20 56 85 18 142 129 47 128 42 125 79 63 45 
10 79 122 108 20 69 146 130 104 43 84 55 95 91 120 82 80 27 107 101 11 105 16 45 14 139 90 67 38 26 53 86 51 114 94 85 25 58 47 64 76 62 125 117 78 68 129 106 116 61 23 115 50 9 97 81 149 119 141 49 30 41 136 42 13 138 63 92 1 83 89 134 150 54 33 142 8 66 29 59 93 112 102 52 48 123 118 19 137 140 24 40 35 71 56 15 133 34 5 77 111 143 99 18 88 2 127 6 31 124 148 37 103 74 44 96 28 57 72 73 132 32 128 22 135 39 4 21 70 17 144 60 131 100 3 109 36 110 46 145 126 121 98 7 65 147 75 12 113 
132 76 14 34 108 60 115 119 58 138 143 105 85 127 40 63 145 51 70 101 86 110 3 21 11 150 72 18 122 71 83 50 57 147 23 116 10 95 75 45 65 62 131 90 69 92 126 2 55 22 74 6 137 91 78 123 13 97 133 136 118 33 139 43 61 128 135 117 140 100 54 121 30 35 120 89 84 20 59 79 47 87 144 68 104 8 125 130 52 9 82 27 1 64 98 53 93 81 39 36 129 5 16 49 111 114 107 146 67 4 77 42 19 94 99 15 141 103 17 46 96 148 25 106 80 112 134 28 29 38 66 44 149 102 56 31 7 73 142 37 124 41 32 113 26 12 24 109 48 
10 91 119 97 120 140 34 94 116 64 66 118 2 84 112 33 83 132 16 4 51 50 135 28 58 8 77 69 30 139 46 146 98 134 54 63 148 88 99 104 71 127 111 131 108 41 102 133 22 20 59 12 76 109 121 48 43 45 72 147 26 105 57 44 29 49 130 56 61 144 62 87 150 117 55 110 122 79 18 126 65 9 90 81 136 145 27 93 141 142 137 19 23 129 67 100 73 70 25 78 125 96 123 35 103 21 15 38 74 82 5 60 95 24 42 107 86 47 31 138 149 68 7 115 52 17 37 40 36 92 14 53 114 3 85 113 6 80 1 128 13 143 75 106 101 39 32 124 11 
110 44 122 144 85 135 50 136 65 83 76 123 68 2 10 97 141 69 101 88 61 8 99 116 150 54 20 23 31 127 64 105 131 78 67 107 26 53 4 17 89 109 106 128 5 114 52 28 27 63 3 143 21 120 15 62 14 80 91 79 56 37 1 16 75 134 117 35 40 66 32 145 108 33 124 42 103 140 77 13 51 71 147 119 59 84 25 72 30 49 19 133 29 82 46 36 92 93 95 94 48 86 113 6 118 34 126 60 18 98 73 148 139 9 24 39 104 132 142 138 100 102 74 22 41 7 96 57 58 11 129 112 121 149 111 55 45 87 38 146 81 130 43 125 12 47 115 137 70 
107 8 128 102 64 25 67 111 117 145 101 99 133 12 72 28 70 53 85 146 148 127 11 37 20 52 54 7 142 44 4 79 47 62 113 33 21 14 86 59 2 71 75 32 45 112 82 83 103 81 40 126 80 3 93 60 96 23 109 123 108 87 119 42 35 38 24 134 49 57 105 39 125 147 41 17 27 5 115 94 26 131 1 15 50 9 106 120 61 114 18 84 124 46 137 121 16 132 130 43 150 90 29 98 68 58 143 36 100 77 22 31 65 110 135 30 74 13 10 6 76 51 141 97 69 88 19 63 139 149 140 92 34 136 73 118 122 138 55 89 129 104 116 66 78 144 56 95 48 
77 23 43 37 124 10 61 25 75 53 35 55 89 59 69 80 72 52 150 103 101 48 7 129 134 65 12 136 44 97 54 36 132 98 135 11 109 93 70 28 76 88 40 125 22 148 56 42 71 106 66 144 13 50 30 84 100 81 20 127 149 82 21 78 73 67 95 111 138 140 105 91 3 8 137 45 131 47 96 147 128 64 142 32 6 112 24 133 15 39 16 121 51 68 19 139 60 34 38 119 17 123 110 14 141 18 117 99 122 116 9 26 104 27 4 49 102 58 74 90 126 120 107 41 86 63 79 130 118 29 31 33 57 1 146 114 113 5 145 108 87 94 46 83 2 85 62 143 115 
96 19 59 51 13 78 84 3 30 22 139 118 127 121 75 32 55 133 138 146 112 149 111 95 142 5 113 130 125 4 6 105 140 29 34 107 116 74 39 2 10 40 110 91 26 147 64 87 150 23 35 76 81 94 103 70 83 62 20 123 37 129 24 44 104 11 56 144 31 41 28 77 18 1 48 43 14 49 66 46 25 148 61 117 67 122 73 79 69 7 57 88 131 65 132 109 71 97 137 17 92 141 136 115 98 9 119 106 72 60 50 45 36 54 100 82 21 16 143 63 27 52 12 90 15 128 85 145 47 33 101 114 8 108 68 134 102 80 86 99 135 126 53 58 42 38 124 89 120 
130 92 47 28 39 9 134 77 36 69 83 135 84 116 29 42 145 43 18 113 147 91 15 115 26 71 136 70 64 63 79 52 93 124 58 114 54 137 33 150 5 44 23 127 132 110 95 131 40 11 100 55 149 6 109 67 108 49 146 97 123 76 78 129 50 32 118 45 13 86 66 41 2 48 19 59 96 46 3 60 30 85 125 10 82 133 72 1 21 24 141 27 34 102 148 88 140 4 31 20 120 142 143 75 89 56 126 51 65 87 73 8 14 107 101 144 80 138 7 37 57 81 103 128 16 122 17 121 111 99 74 117 62 104 90 105 112 68 98 53 12 106 38 119 22 25 61 35 139 
129 139 84 12 55 66 133 83 14 32 78 23 106 8 120 89 138 26 69 30 119 22 61 136 125 102 28 24 64 140 88 72 48 128 130 90 51 82 42 104 29 112 116 5 131 63 11 56 127 10 44 96 135 117 81 79 105 67 147 92 141 68 144 52 71 58 59 108 54 118 137 132 124 85 60 41 111 109 40 33 19 74 7 149 126 86 100 121 93 3 98 15 50 145 31 123 16 6 13 37 35 25 97 87 80 34 17 65 150 91 94 73 142 114 39 101 1 143 49 107 57 115 20 2 36 38 18 99 122 77 62 9 75 43 110 134 45 103 47 53 148 27 4 76 21 113 146 46 70 
20 62 105 17 61 146 136 134 111 36 69 128 68 121 112 77 82 7 25 142 118 89 67 143 106 47 80 101 145 84 14 86 116 51 125 8 39 64 37 79 28 21 65 54 93 78 5 59 109 85 29 144 45 147 60 107 114 91 55 88 71 135 141 95 53 148 15 138 140 10 26 12 16 19 57 11 63 102 73 139 150 117 99 9 74 46 98 126 13 87 35 97 34 76 113 58 124 4 43 49 66 129 115 100 30 1 123 133 22 132 72 94 42 149 70 32 131 75 50 6 44 48 120 33 23 56 41 24 92 108 104 119 122 83 31 2 130 18 3 81 110 103 52 40 27 38 127 137 90 
55 23 38 59 93 26 49 4 132 54 31 18 28 68 81 131 91 116 113 75 64 70 96 72 110 144 108 37 16 140 102 119 103 122 63 137 57 34 22 134 87 82 48 45 10 138 129 66 145 6 24 141 89 56 13 5 33 90 27 149 107 62 120 118 99 142 88 11 46 94 25 136 139 19 12 105 69 143 127 2 15 80 21 95 92 51 32 98 115 123 104 58 85 121 8 71 135 74 20 9 7 111 50 147 117 146 39 133 78 35 100 86 30 73 41 83 130 43 17 1 101 60 40 150 84 14 125 47 128 61 67 148 76 29 112 124 36 126 109 44 42 77 53 52 106 3 65 79 114 
68 128 22 55 138 56 51 146 46 119 96 16 11 20 75 8 44 21 87 49 130 99 23 41 34 71 62 139 53 101 58 131 94 83 92 145 38 79 100 15 93 45 118 107 104 90 127 140 65 40 26 133 42 143 63 113 85 82 123 147 110 149 25 132 1 89 9 73 141 48 29 2 31 129 102 136 43 109 4 77 6 54 61 74 108 27 80 39 50 14 3 117 67 66 125 144 60 7 18 81 134 124 150 86 36 64 35 24 88 97 32 57 120 30 12 148 33 78 37 114 142 28 69 122 13 115 106 121 52 105 91 59 19 135 84 126 10 112 70 111 17 76 137 47 72 95 116 103 5 
33 75 7 26 98 100 38 109 8 103 46 71 82 148 65 110 90 108 141 57 11 18 114 106 79 34 58 2 70 83 56 120 54 23 95 145 17 52 135 35 1 131 86 55 76 101 30 12 138 139 49 28 45 113 128 93 72 136 94 107 137 66 134 61 88 146 111 59 147 37 85 142 77 80 36 143 144 116 43 48 10 3 74 51 24 22 5 150 129 4 32 104 105 97 132 127 91 62 68 44 21 84 102 89 63 41 27 92 78 53 125 29 31 9 50 64 40 130 15 81 149 42 73 16 126 87 123 69 115 25 124 121 19 112 14 39 67 117 140 118 122 20 6 47 60 133 96 119 13 
104 7 103 44 39 2 24 119 146 46 56 64 136 79 81 91 76 54 17 84 110 137 13 70 138 127 77 129 69 114 34 3 121 37 68 6 10 35 118 1 107 60 41 99 90 12 50 29 33 89 141 112 42 75 31 143 97 82 144 142 63 122 92 131 123 58 8 85 113 30 14 4 20 133 80 18 94 115 65 126 128 86 108 27 62 148 15 116 71 67 23 66 147 57 150 53 95 26 25 83 120 98 22 19 102 16 132 87 49 61 48 105 52 96 47 38 125 117 111 124 74 134 59 135 140 139 55 36 32 40 88 78 43 72 145 109 106 9 21 5 11 93 28 51 130 45 101 149 73 
47 11 76 97 18 62 124 70 45 115 119 92 144 29 59 143 1 96 94 105 110 49 134 149 81 77 31 12 107 42 109 122 32 35 34 10 57 20 128 60 41 136 116 23 90 80 93 53 129 19 2 38 82 25 79 98 46 30 121 33 72 132 74 24 85 63 26 13 125 66 148 150 133 113 120 22 114 43 9 108 137 8 112 106 56 99 52 88 84 40 142 48 86 140 139 67 117 58 50 145 91 123 44 135 37 95 130 27 118 21 102 68 16 126 138 51 17 28 3 87 127 61 104 39 89 141 69 103 75 4 100 147 111 131 15 36 55 54 7 146 65 78 14 64 83 71 5 6 73 
82 56 55 136 54 135 148 75 18 46 4 92 17 137 15 116 43 25 30 107 71 33 47 145 42 21 90 19 117 8 109 115 28 120 57 128 104 129 23 62 53 40 3 12 121 11 94 123 52 80 50 20 74 96 88 119 134 76 83 106 122 35 144 100 140 13 32 132 66 41 48 60 73 31 118 34 111 6 51 89 1 95 27 101 150 103 45 38 2 86 98 147 63 141 84 87 138 146 36 59 99 29 67 114 105 9 7 78 70 97 126 142 79 5 39 16 131 68 24 139 127 81 10 93 125 61 69 149 124 22 91 58 143 49 85 130 14 37 65 112 110 64 72 44 108 133 26 77 113 
15 86 90 24 144 17 87 95 55 88 37 61 136 93 84 80 134 105 13 129 147 146 120 124 28 83 139 31 97 47 23 138 77 49 60 19 133 81 36 58 143 118 121 111 65 12 75 96 66 115 141 148 43 71 29 42 56 44 52 30 132 64 150 25 131 98 45 126 130 149 73 2 145 54 53 72 116 113 82 119 69 4 74 89 62 101 35 135 110 125 106 67 33 59 9 39 140 26 11 20 14 18 108 8 91 123 85 137 127 104 76 102 3 109 48 68 79 128 46 117 10 63 100 22 51 34 5 27 94 32 122 142 112 38 16 6 99 92 78 57 70 107 21 7 50 1 114 41 40 
121 129 110 65 83 123 145 101 108 75 43 141 32 107 86 28 3 45 62 27 1 54 34 99 91 130 42 56 4 120 115 113 106 139 114 150 9 102 98 97 112 95 93 8 118 11 128 30 80 37 18 119 60 124 66 41 14 133 46 26 55 13 148 143 142 131 69 36 71 149 132 105 77 51 74 84 94 146 147 33 19 17 58 7 81 40 100 29 87 35 138 53 47 52 12 136 49 116 79 125 109 67 72 96 2 89 64 73 50 59 23 10 122 6 70 144 57 137 44 111 24 76 5 92 25 78 103 63 140 22 61 15 48 126 135 90 127 117 134 82 31 68 85 21 20 38 88 16 39 
73 94 86 56 113 88 44 140 14 12 22 71 28 119 52 110 31 118 64 129 42 68 147 1 19 2 69 126 74 24 103 101 13 106 54 38 60 149 37 55 48 50 150 141 133 51 125 63 46 116 114 30 18 66 25 123 27 92 75 47 80 109 7 29 121 21 131 132 41 124 77 143 32 90 130 104 65 5 128 67 35 17 134 53 59 108 136 49 82 148 45 117 4 139 112 70 115 120 142 97 99 10 138 43 62 40 58 39 61 144 20 96 93 9 6 79 23 89 76 137 72 127 81 34 3 85 16 95 15 91 102 26 33 107 78 83 84 8 87 36 98 100 57 122 145 146 11 135 111 
98 121 8 88 148 32 18 80 14 117 40 53 24 58 72 132 41 136 21 125 86 105 69 73 33 124 122 28 76 34 27 75 92 5 9 95 11 68 113 142 146 137 38 23 60 70 31 141 90 78 37 103 63 116 51 22 35 134 1 29 87 19 64 143 16 123 74 10 97 36 129 25 127 56 82 39 43 66 3 79 46 108 135 81 89 145 7 47 140 109 149 120 20 91 13 101 45 71 17 115 147 15 126 83 57 42 84 110 67 4 30 102 85 49 139 104 52 144 118 50 107 61 94 131 59 55 2 96 128 44 130 99 48 100 12 119 112 114 54 26 62 77 133 93 138 6 65 111 150 
96 73 90 2 145 52 79 84 74 63 138 67 7 56 136 58 93 19 20 140 100 115 87 110 122 15 47 92 108 128 148 28 33 3 141 144 76 38 37 66 55 57 103 21 48 17 14 109 64 69 82 61 88 72 85 124 22 25 135 142 30 5 68 102 44 40 114 6 34 91 123 116 86 77 78 51 26 125 11 43 9 50 143 104 133 98 49 31 130 39 75 101 113 126 71 32 146 35 120 18 8 65 1 127 29 150 117 36 16 60 137 95 24 99 111 70 106 81 105 139 45 4 80 131 121 23 27 112 118 62 41 147 129 119 53 83 46 134 10 59 149 89 12 13 94 54 97 42 132 
93 24 92 99 144 96 11 14 35 137 39 36 32 78 125 54 65 127 4 73 90 42 31 98 113 67 3 29 15 94 49 43 23 53 69 70 25 129 46 145 62 134 102 120 114 64 146 83 109 66 57 44 91 86 87 123 72 47 128 142 30 48 34 122 27 12 33 105 5 140 97 110 80 104 107 74 51 68 130 26 95 118 50 89 38 124 18 58 28 55 81 56 126 63 59 41 8 117 147 1 115 119 121 100 143 37 16 111 141 88 103 40 132 71 101 52 60 22 106 7 61 45 79 138 20 17 21 75 76 85 2 19 9 139 136 135 149 148 13 6 10 116 77 82 133 112 150 84 131 
42 134 17 73 148 64 98 37 94 102 113 48 6 91 40 77 57 80 141 147 46 29 36 107 76 150 24 122 119 139 136 86 125 78 84 56 68 62 145 120 129 83 127 149 3 106 30 87 88 116 10 45 16 44 71 132 12 66 118 31 11 34 18 60 51 13 61 65 104 26 110 114 28 105 43 130 140 8 32 21 5 108 33 144 128 14 55 53 103 95 4 59 131 112 19 58 41 70 111 50 52 63 123 20 146 137 49 15 79 99 1 69 54 143 93 117 25 101 35 142 133 81 135 121 138 75 126 96 115 38 27 100 74 97 47 82 85 92 90 67 39 2 89 124 23 7 22 72 9 
109 131 120 136 65 58 43 95 12 23 103 145 85 83 94 48 148 112 13 74 135 76 38 10 51 3 97 144 57 8 28 20 101 27 40 21 93 11 30 81 140 50 1 68 102 141 138 54 128 18 31 121 47 123 150 36 37 35 62 67 66 129 137 98 39 72 59 80 19 111 61 52 146 96 22 7 69 16 130 53 34 147 149 89 92 116 2 5 41 56 88 139 122 118 99 79 105 44 133 24 100 87 15 4 125 45 42 46 115 73 14 124 126 49 26 6 90 32 142 91 143 106 9 117 127 75 104 55 60 82 114 25 29 108 86 70 33 64 71 78 77 113 63 119 132 84 134 107 17 
62 18 6 136 118 24 85 84 141 27 57 31 133 29 110 117 14 81 128 127 4 19 55 25 43 150 78 32 65 99 86 66 108 120 123 149 97 95 121 54 10 143 40 44 70 83 64 115 37 23 126 148 56 144 45 16 9 72 47 21 138 49 87 8 88 35 125 28 39 112 51 50 105 42 11 73 22 12 109 76 146 71 69 59 48 63 103 114 13 93 102 79 98 34 77 119 147 145 80 134 46 61 15 96 124 94 101 67 113 74 130 82 75 89 106 41 30 58 52 20 142 17 33 129 100 60 53 107 7 135 104 26 3 2 132 90 36 122 1 5 139 116 68 92 38 140 91 131 137 
30 47 25 50 110 144 106 24 97 128 52 19 38 113 14 145 143 114 100 31 21 72 124 84 117 82 12 115 80 77 150 120 95 33 141 142 132 81 34 70 107 109 119 23 87 67 133 103 73 131 36 53 136 102 138 28 37 64 85 111 130 56 139 134 46 9 94 89 147 129 121 39 69 79 1 29 65 96 125 66 76 68 44 123 2 146 40 18 8 16 78 71 75 26 58 7 62 59 135 108 35 48 126 90 57 122 27 116 11 32 98 127 5 92 41 22 6 54 55 149 83 61 42 43 10 99 86 15 20 45 93 13 137 3 118 148 104 101 51 88 91 49 63 140 74 17 60 105 4 
82 14 23 145 21 18 9 72 39 146 31 58 6 61 70 38 147 101 80 83 55 77 120 125 4 86 44 92 94 52 93 62 142 41 69 53 8 17 12 132 109 37 42 3 110 36 121 111 15 91 97 133 64 81 95 107 115 103 73 117 27 35 54 124 50 106 84 2 112 67 56 102 65 11 10 76 40 5 126 137 85 20 75 1 88 149 79 68 25 136 47 66 116 128 138 74 24 114 22 26 141 144 104 118 96 122 98 57 150 78 139 29 45 129 60 46 105 19 143 130 134 33 140 148 135 89 48 28 7 100 119 108 90 51 34 59 123 49 127 32 43 131 71 30 87 16 13 99 63 
148 113 143 40 146 101 20 133 57 48 25 16 14 138 132 38 102 63 3 74 82 8 79 90 6 121 13 131 2 54 64 44 75 98 71 81 106 100 103 104 111 19 94 123 10 37 144 118 53 141 62 31 93 55 4 26 61 145 96 135 1 76 41 51 128 83 124 9 46 130 12 134 125 87 92 67 49 73 33 116 108 42 23 34 32 86 137 36 105 80 39 56 109 7 15 126 139 95 142 72 149 117 11 84 97 88 22 115 85 5 50 147 17 119 112 47 150 129 66 99 91 21 110 120 35 140 58 52 136 127 60 27 122 65 28 45 89 78 18 69 77 29 68 24 43 70 107 59 30 
68 145 51 94 117 138 45 98 15 56 103 84 107 54 143 64 121 9 59 10 44 149 24 39 89 128 16 36 70 132 95 11 114 134 38 78 48 123 49 23 27 57 85 37 108 55 137 28 148 86 8 88 2 14 4 52 25 58 46 22 20 96 30 41 31 5 53 131 7 43 140 135 136 6 35 32 26 102 69 34 77 50 12 87 81 82 97 126 66 111 19 113 116 100 90 18 142 71 62 124 110 144 106 21 99 33 147 29 76 83 104 74 101 133 109 80 150 73 91 125 130 40 122 92 141 120 3 146 67 129 63 139 119 13 112 118 61 127 75 93 79 42 72 47 105 1 17 65 60 
24 65 80 137 34 13 83 99 144 53 77 102 148 142 94 63 79 10 23 84 22 58 1 85 5 27 19 96 49 125 18 70 36 130 127 12 42 131 123 75 107 150 88 20 87 114 106 25 31 7 8 56 62 93 139 50 69 64 60 35 98 129 2 133 120 97 33 121 59 57 41 45 100 76 109 66 89 110 117 26 11 16 82 44 143 115 118 71 6 103 81 67 40 46 105 140 37 78 136 47 68 14 122 145 28 72 9 43 146 124 32 95 55 74 29 61 92 90 48 138 149 38 17 132 134 101 86 135 141 73 119 52 51 91 112 147 15 3 128 30 126 104 21 4 113 108 39 54 111 
114 103 64 63 145 134 24 90 51 57 93 3 111 43 126 72 16 138 92 14 44 7 33 135 144 104 88 76 115 49 47 113 108 37 140 71 109 4 129 148 123 106 130 38 67 82 27 45 41 68 102 54 13 124 83 99 122 17 28 70 143 35 77 141 95 97 23 112 53 127 131 107 118 69 133 48 61 2 15 80 101 1 147 50 125 84 55 74 85 60 139 6 146 34 30 32 89 58 29 91 22 94 9 66 19 142 31 25 100 52 119 18 150 11 137 5 20 62 75 136 26 36 87 42 120 110 128 132 56 65 96 8 73 39 116 105 59 149 10 21 78 12 81 79 98 121 86 46 40 
87 125 48 146 139 82 9 25 128 147 21 33 24 17 142 58 130 35 109 70 78 120 68 83 95 133 1 19 7 94 72 16 99 76 116 71 145 15 137 113 26 101 20 117 150 28 110 77 131 56 8 141 69 143 122 36 10 84 62 85 47 59 114 66 55 107 30 65 91 74 40 5 124 34 63 92 132 104 3 115 32 103 29 57 108 81 86 60 80 102 61 31 121 38 140 22 106 112 119 123 79 27 88 54 23 50 111 53 14 129 46 96 98 73 127 2 18 126 105 93 11 42 45 89 135 138 148 4 149 64 49 6 75 52 100 13 39 67 134 37 51 97 12 136 43 41 90 44 144 
55 14 72 65 141 60 11 4 125 27 41 63 35 39 142 75 19 29 34 79 144 106 56 103 13 15 6 36 133 87 117 126 98 132 16 101 91 80 145 118 54 137 66 114 62 121 123 12 52 138 32 44 30 86 51 92 57 49 17 135 53 115 110 26 84 69 120 8 28 112 90 48 113 149 128 108 134 94 45 25 78 116 50 42 124 33 40 148 37 82 7 9 46 18 147 109 89 31 130 21 96 1 76 67 127 111 59 10 146 43 131 64 100 95 85 104 74 70 71 68 3 139 20 38 23 99 105 58 88 83 22 150 47 2 122 5 24 143 136 140 93 61 73 129 102 97 77 81 107 
9 148 23 99 62 22 92 115 129 17 114 64 136 37 57 67 74 132 11 111 4 30 145 88 63 101 5 49 34 15 95 33 61 51 138 118 8 76 35 103 2 25 31 27 50 93 86 46 52 127 126 97 133 90 13 96 73 104 121 146 68 10 107 150 75 87 66 106 117 69 105 3 16 26 122 141 112 128 20 7 21 65 91 139 80 55 47 84 144 83 124 36 28 102 45 135 140 119 41 100 78 6 142 38 109 108 89 42 81 130 72 29 44 58 70 12 54 43 125 116 53 137 113 48 77 39 82 134 79 94 147 18 14 56 123 59 60 149 71 19 85 32 1 143 40 110 24 98 131 
124 149 15 146 1 142 55 93 44 9 140 109 10 52 69 4 65 139 123 66 111 100 82 11 2 30 53 125 79 107 34 92 134 63 14 104 20 130 128 46 102 73 126 78 22 99 127 38 42 101 50 47 71 17 61 115 88 5 141 97 116 148 135 114 91 95 87 98 143 26 29 138 49 35 37 12 58 54 76 31 68 137 56 24 40 6 131 94 118 120 28 67 129 119 106 39 96 105 13 36 19 108 8 21 150 23 84 133 110 83 77 32 18 27 59 48 41 64 117 122 33 60 144 57 136 72 90 75 74 86 45 3 89 85 132 7 112 70 113 147 51 25 145 103 81 16 62 80 43 
21 28 44 55 37 23 150 93 65 131 62 52 95 17 94 31 34 11 12 123 72 85 132 116 2 88 3 19 118 45 29 125 9 82 13 5 135 119 46 114 57 74 105 22 87 128 98 49 63 107 35 91 137 126 115 108 79 148 20 138 97 117 139 32 140 14 54 67 66 83 78 71 130 106 56 33 68 36 60 40 53 120 50 146 4 75 142 81 133 77 141 144 127 124 6 24 42 1 147 90 8 16 86 43 51 48 110 84 25 26 143 59 92 96 64 111 113 100 129 58 73 61 30 103 99 145 39 18 47 89 70 69 149 102 41 7 104 15 109 38 101 10 76 134 27 112 80 121 136 
6 130 81 47 91 52 29 124 133 73 20 128 51 129 5 27 58 131 35 18 75 77 13 95 102 12 79 139 83 4 150 46 45 119 50 118 71 115 90 2 144 125 88 25 60 42 23 70 78 26 69 138 132 135 148 32 38 120 34 24 146 121 86 103 54 106 100 114 22 149 61 39 3 116 97 53 140 111 113 74 137 15 36 59 8 108 109 1 99 19 62 76 66 64 134 67 11 21 136 33 44 48 9 98 145 56 37 40 142 93 63 49 17 85 72 127 89 147 92 117 7 143 94 112 30 105 104 87 14 107 122 28 84 65 126 55 10 31 110 68 43 16 96 41 82 57 101 141 80 
7 133 94 18 130 66 120 45 62 142 114 137 35 128 89 122 32 77 57 127 113 79 144 140 1 106 67 84 88 93 102 56 48 87 145 46 28 36 149 23 19 10 22 39 50 92 108 141 105 61 125 31 9 17 73 136 71 3 69 111 115 81 37 91 82 107 146 95 131 101 54 90 51 40 20 44 68 29 24 138 75 65 103 70 100 34 109 134 21 11 96 52 53 15 5 16 12 119 85 112 83 49 60 64 118 14 6 43 117 30 80 33 63 110 76 41 38 27 78 74 4 59 8 97 26 86 47 98 139 135 116 2 58 123 99 42 25 132 143 126 104 72 150 13 148 121 129 55 147 
57 51 114 106 109 13 111 5 118 62 142 29 146 20 84 31 8 23 102 113 22 123 76 17 52 25 134 81 44 9 30 98 33 108 35 94 115 15 68 4 79 122 24 99 119 26 78 117 148 48 73 46 116 43 92 128 135 77 39 103 21 18 10 110 132 131 86 136 100 74 7 130 144 90 67 137 56 61 133 150 95 37 138 60 36 58 91 149 55 107 75 49 53 93 126 41 19 16 96 129 88 42 112 59 139 63 121 120 66 54 69 65 6 80 32 40 97 45 28 104 89 127 85 70 27 3 72 71 124 12 50 14 82 147 101 47 83 140 11 141 38 105 34 64 87 2 145 143 1 
149 82 111 94 62 128 65 135 85 22 44 35 58 59 64 23 110 20 19 98 89 49 1 53 96 21 42 112 8 24 15 55 68 69 138 50 106 105 143 70 52 132 47 144 66 37 91 150 29 99 54 12 88 113 11 74 90 17 10 34 109 3 117 45 79 26 39 6 136 95 92 131 14 114 83 120 133 103 43 142 124 57 7 100 116 122 27 61 76 127 107 119 148 115 146 102 41 46 33 97 36 130 145 104 84 108 125 81 75 9 25 137 140 2 87 86 72 28 5 141 78 48 40 16 129 121 139 4 147 18 73 32 93 77 13 56 67 51 123 101 118 71 80 134 63 30 31 60 38 
113 58 123 32 61 26 34 87 92 56 112 22 5 46 130 47 78 149 118 109 7 99 42 55 129 121 74 63 35 31 41 96 25 67 97 11 136 146 102 40 104 60 24 65 77 75 17 134 62 13 73 21 38 88 50 139 81 39 12 143 57 44 110 48 2 84 27 90 148 105 86 18 89 91 115 107 14 80 15 64 69 10 131 138 30 111 116 95 6 1 45 59 137 29 125 49 4 70 128 145 140 150 124 85 23 119 126 72 144 100 98 37 76 142 133 132 93 20 52 106 103 8 101 147 9 83 28 66 122 94 33 71 82 120 108 68 51 54 3 43 141 79 117 135 36 53 19 114 16 
56 79 26 70 143 33 55 106 11 10 50 131 14 105 114 73 98 74 104 135 66 30 110 38 91 78 19 71 99 22 52 43 107 2 85 31 64 23 8 29 12 35 84 54 149 150 146 47 6 46 112 40 67 17 142 15 101 100 148 53 134 27 124 109 90 108 102 51 32 20 57 92 63 65 136 3 25 147 103 121 61 119 94 18 81 62 69 13 75 5 80 49 89 116 7 96 127 137 113 82 77 60 111 95 117 72 4 88 24 120 118 76 42 97 1 86 115 41 59 132 68 133 28 21 58 45 126 125 37 139 83 144 130 36 123 93 129 48 9 16 44 138 140 34 141 122 145 87 39 
56 80 72 38 24 53 11 67 44 91 96 77 150 142 55 9 139 111 126 15 108 64 112 23 130 146 148 62 76 41 133 4 134 128 69 13 90 135 18 83 106 49 74 104 6 51 2 122 37 98 33 117 114 93 3 141 25 40 46 14 137 45 28 12 8 101 109 84 5 140 95 94 116 39 75 107 42 68 99 89 21 124 27 81 30 103 63 52 86 66 88 110 125 26 71 127 22 1 16 34 144 102 131 54 73 136 138 145 65 119 92 48 59 147 78 60 10 61 57 85 32 79 17 115 20 35 123 29 58 50 149 82 31 19 7 36 121 132 105 120 70 113 97 118 100 143 87 47 43 
17 124 52 37 70 102 23 49 3 50 61 75 44 106 88 79 22 93 125 13 6 30 85 104 101 137 45 9 67 73 142 147 8 66 99 90 19 42 41 59 91 128 14 145 123 144 10 35 28 149 58 136 54 55 34 12 74 82 24 86 43 15 115 110 77 113 109 16 83 146 80 87 133 18 108 33 1 129 11 148 116 51 141 2 65 68 139 118 72 92 107 29 46 138 39 57 126 81 32 95 21 31 105 94 40 60 53 135 127 38 62 26 143 111 112 121 56 27 122 97 76 36 117 132 63 25 48 131 69 84 71 119 78 5 64 140 114 7 96 89 103 98 150 120 4 134 100 20 47 
66 45 27 128 1 123 17 112 14 138 3 88 139 2 78 146 41 57 108 60 115 9 117 4 82 20 51 103 119 142 149 42 143 147 69 124 15 13 26 23 54 92 91 89 72 74 12 71 87 113 121 19 73 48 25 36 84 136 75 53 52 22 6 122 44 102 134 40 148 118 29 105 80 61 55 79 28 24 129 135 10 46 90 58 114 43 65 56 101 76 8 93 97 37 130 38 141 126 32 140 96 116 11 150 30 86 77 70 81 49 95 104 107 127 62 94 64 50 39 5 110 120 111 35 31 144 67 98 85 33 109 16 83 21 137 7 68 106 133 100 34 132 59 145 125 63 18 99 47 
99 95 69 14 130 22 129 28 118 46 147 36 139 74 140 73 116 131 134 111 143 63 66 40 79 41 98 113 31 3 32 37 71 25 65 76 5 17 83 121 124 62 96 92 136 70 114 91 60 6 15 18 20 26 61 112 105 101 56 9 75 85 8 2 12 52 30 93 87 42 81 38 133 104 82 23 110 34 13 59 145 102 51 115 58 1 128 39 33 144 48 122 68 57 55 117 146 53 150 7 142 94 44 84 27 141 137 89 149 109 103 97 88 29 78 50 11 43 108 148 120 21 49 77 125 10 119 123 54 19 100 127 64 47 45 4 107 106 67 16 126 86 35 80 72 135 138 90 24 
22 142 48 30 136 147 84 139 17 146 27 61 28 7 150 123 64 140 3 91 70 90 80 58 83 135 148 56 39 121 66 96 67 88 149 127 37 36 95 101 74 12 99 52 116 35 33 109 72 24 25 60 141 43 46 110 113 50 1 134 124 137 105 122 112 77 126 63 29 14 82 55 81 114 59 117 125 62 89 75 19 20 138 102 71 144 92 53 21 57 31 132 8 11 106 10 79 42 87 131 128 26 15 118 98 41 34 45 23 38 54 6 143 51 32 111 69 107 86 9 130 4 120 119 73 47 145 13 44 129 65 68 103 85 18 40 93 104 78 49 108 5 76 115 97 16 94 2 100 
110 2 86 139 43 36 70 50 93 123 37 97 31 122 103 40 109 33 118 121 96 35 128 39 117 69 113 94 77 146 145 98 8 135 78 57 143 90 76 20 82 81 149 108 9 107 148 25 79 80 111 3 63 15 120 19 17 24 126 144 60 71 88 129 13 119 18 84 125 29 132 141 12 137 64 140 85 22 23 91 38 83 46 4 61 99 87 112 59 95 106 49 68 27 1 92 114 138 74 131 51 133 41 7 89 42 55 66 52 150 28 115 11 32 100 14 73 102 147 72 116 124 65 10 54 47 62 67 53 136 6 75 48 30 101 142 104 105 21 56 44 130 127 34 45 5 58 16 26 
93 31 10 129 11 68 140 123 35 124 137 116 119 133 111 24 117 106 75 71 131 81 115 47 14 139 56 62 98 38 5 130 89 110 7 80 64 27 134 25 43 9 150 21 66 94 82 26 33 104 72 95 132 87 70 77 63 8 73 146 1 34 128 52 76 65 121 108 149 54 67 51 125 142 126 19 20 45 79 136 147 109 12 143 97 102 141 2 78 40 23 148 112 118 36 92 114 29 100 58 145 57 41 90 127 55 60 17 22 86 85 4 16 61 13 96 44 28 99 49 30 32 138 84 107 6 144 120 101 39 53 91 42 3 69 18 83 15 113 59 103 46 37 50 105 88 74 48 122 
7 18 36 142 61 46 29 110 55 66 91 102 87 72 98 111 58 42 123 149 99 43 80 95 31 137 65 90 38 22 114 3 73 50 120 59 100 101 97 85 108 13 112 146 105 74 34 68 122 134 37 23 150 14 40 109 104 28 129 106 17 62 9 56 75 93 70 33 51 53 124 44 144 27 30 96 35 5 132 63 64 89 57 148 49 81 133 82 25 147 125 143 115 103 88 83 67 48 92 135 71 126 121 19 128 119 107 76 39 117 16 20 8 94 15 118 32 24 52 26 4 145 1 77 138 10 79 69 116 2 60 127 130 140 54 84 11 78 6 45 131 21 47 139 113 12 141 41 86 
87 17 9 138 27 88 4 46 30 43 96 66 86 113 131 49 119 147 71 121 35 79 139 136 98 129 47 101 132 148 15 75 70 106 107 19 83 52 110 105 146 51 109 118 54 126 38 115 90 122 33 48 7 40 21 112 133 73 81 2 97 42 128 76 108 102 5 55 89 14 28 142 56 91 116 104 29 18 11 8 120 130 95 77 32 127 114 149 92 99 44 37 3 123 141 93 41 72 64 26 60 82 100 16 143 74 135 31 20 39 58 62 53 145 140 67 6 69 63 24 124 144 111 68 12 25 23 125 80 45 84 94 57 78 134 117 150 22 34 59 85 61 10 1 103 36 50 65 13 
108 117 92 99 24 58 43 82 11 25 12 137 115 67 119 13 41 69 130 5 4 59 48 77 129 94 17 96 37 76 91 3 45 26 140 62 79 124 134 15 113 44 101 103 139 36 102 52 123 7 72 107 42 125 18 10 27 64 30 38 2 51 33 66 46 14 81 56 104 114 111 97 50 28 105 40 71 49 34 109 53 70 23 22 149 128 1 127 148 95 116 145 54 9 87 89 147 98 32 20 142 146 39 150 136 121 74 85 118 88 100 133 35 144 31 86 47 8 120 93 80 57 84 19 106 65 6 131 75 141 126 60 55 135 68 132 78 143 83 110 112 29 16 21 122 90 73 61 63 
59 96 80 44 137 150 37 62 106 2 66 146 68 8 20 132 125 27 48 114 70 89 24 61 58 123 107 113 81 121 43 11 104 32 54 9 145 91 30 65 116 41 77 103 34 53 31 29 75 142 21 94 78 124 144 85 136 141 18 86 83 60 117 42 46 99 134 90 149 110 50 14 138 51 16 98 47 52 25 10 35 87 57 13 111 84 55 118 76 38 109 39 143 129 148 79 4 100 49 22 73 140 119 74 102 26 5 82 40 88 115 3 56 36 71 15 92 127 95 133 147 12 67 108 97 28 128 63 93 122 105 69 131 64 1 120 19 17 72 112 130 33 7 135 23 45 126 6 101 
88 149 43 28 103 82 86 8 92 49 3 128 62 56 114 95 106 50 78 146 135 16 68 19 71 63 17 45 59 38 76 147 70 77 129 23 24 39 55 122 30 83 1 141 9 22 80 98 101 107 116 75 110 46 109 148 144 13 42 84 138 136 26 115 60 66 36 40 143 93 41 15 29 121 125 20 7 133 57 108 73 27 72 5 34 18 127 91 96 81 33 105 113 97 47 124 94 120 14 6 118 25 119 12 52 131 48 35 51 87 150 139 37 64 74 54 112 10 111 85 61 53 117 90 31 89 67 137 32 104 11 102 100 79 65 134 4 69 21 145 58 44 132 2 142 126 130 99 123 
135 1 94 147 138 18 7 45 113 87 89 92 140 34 83 5 126 31 54 76 118 90 73 98 52 120 131 149 85 150 97 91 74 66 16 106 128 117 93 104 81 24 57 62 32 39 134 144 6 64 15 107 27 42 4 99 96 88 124 127 41 38 110 137 80 13 12 49 143 20 82 55 69 75 139 125 17 102 109 50 53 46 122 33 26 29 130 35 86 40 60 19 114 23 77 136 10 25 115 70 142 68 9 105 51 129 30 132 37 100 43 133 103 112 63 71 116 72 48 3 21 8 2 148 101 56 145 121 119 78 36 108 67 58 146 22 14 95 65 84 28 111 44 11 59 47 123 79 61 
17 13 12 138 84 72 16 34 105 60 31 91 77 50 57 21 30 61 129 143 127 18 122 104 134 5 140 43 100 32 103 9 66 7 69 26 49 81 108 78 38 58 149 133 98 125 120 45 92 132 130 37 6 86 97 36 67 53 89 87 95 101 25 48 14 46 85 68 126 22 75 135 117 93 54 94 19 65 150 145 118 40 124 102 47 79 128 41 23 83 62 146 24 2 29 4 15 35 71 110 114 82 1 137 112 90 27 70 121 136 59 39 139 148 123 88 33 20 52 106 63 119 76 73 141 28 11 115 147 107 74 99 3 42 111 44 109 80 10 56 131 8 64 51 116 113 144 55 96 
34 22 80 119 132 2 113 47 20 68 139 54 150 101 97 110 135 35 21 134 77 130 137 23 30 142 69 48 19 104 73 49 141 24 90 66 114 116 117 43 76 1 105 138 46 42 108 149 111 51 15 28 52 64 79 60 61 18 57 8 62 102 99 100 83 89 91 126 115 93 74 16 13 7 63 56 70 144 123 125 5 120 118 67 40 26 87 36 106 98 4 124 107 25 55 88 109 85 146 96 50 12 29 133 82 122 3 81 86 92 10 17 6 147 59 145 38 129 127 94 103 32 14 41 45 128 136 121 148 33 37 11 71 31 75 131 44 27 65 53 58 9 39 72 84 78 140 112 95 
83 135 5 79 116 123 86 88 47 81 48 76 95 11 77 28 46 92 9 20 141 133 14 1 112 73 26 129 21 33 25 98 126 35 118 131 84 15 75 82 85 143 56 4 130 12 40 23 19 38 102 80 17 45 90 108 119 105 29 63 30 8 121 150 122 74 104 137 78 44 7 111 107 132 66 67 6 39 61 27 32 93 36 24 2 70 146 71 103 147 138 16 99 22 127 142 64 18 34 65 100 115 42 52 53 109 96 41 68 101 128 114 31 72 97 43 50 134 136 69 148 51 13 37 110 59 113 89 54 140 87 10 149 60 94 117 145 120 58 57 55 106 124 139 62 49 125 3 91 
51 66 87 73 123 95 13 142 43 15 54 94 103 125 21 104 26 75 3 67 99 65 116 77 106 97 28 78 105 2 131 36 19 61 41 88 22 23 9 141 57 18 89 121 150 85 91 147 148 84 50 92 42 71 109 8 4 111 83 56 68 63 108 7 136 126 120 74 60 140 139 76 1 55 53 132 144 24 119 37 20 98 40 81 64 10 32 107 58 118 135 59 45 12 117 100 16 112 17 62 122 46 101 115 39 149 5 96 143 137 25 48 110 70 146 33 133 124 80 93 35 14 6 49 69 113 34 79 29 47 130 31 127 86 52 30 128 38 27 82 129 134 44 11 114 72 102 90 138 
55 133 74 54 11 148 114 43 62 17 36 124 99 84 65 69 107 93 130 2 103 142 14 98 96 12 61 10 110 18 56 90 83 34 139 87 82 122 66 25 150 39 9 128 32 70 102 105 26 21 49 126 79 48 67 131 33 30 29 138 4 120 119 145 81 121 40 44 106 16 1 85 45 113 68 73 64 118 123 143 28 78 57 117 129 37 13 46 111 141 149 135 27 136 92 77 3 22 108 80 100 20 95 50 47 5 52 8 127 76 115 132 19 60 86 94 15 88 75 89 125 116 24 7 140 51 147 109 58 112 134 101 104 91 23 144 42 59 41 38 72 35 63 31 53 6 137 71 97 
64 37 137 109 126 106 32 69 15 5 16 45 141 100 38 103 95 47 27 52 111 89 77 92 31 3 101 130 76 22 39 125 66 33 96 148 112 81 36 143 58 119 53 19 136 82 61 14 63 88 124 46 13 123 133 59 122 107 73 24 8 30 149 34 83 48 144 80 71 60 90 28 117 135 114 131 139 78 75 42 26 41 98 138 129 72 67 10 99 43 128 116 54 150 79 50 11 110 104 9 113 74 146 70 18 1 62 55 23 57 134 145 118 51 108 4 56 21 115 20 44 25 65 140 85 94 127 91 35 40 105 12 102 17 87 6 132 120 84 29 49 97 86 2 7 142 93 121 68 
53 96 79 119 142 114 73 9 144 140 69 20 143 64 26 75 29 6 67 15 77 10 31 58 88 78 25 50 22 80 1 98 90 39 124 28 89 93 44 101 38 86 42 84 146 74 18 35 43 132 97 27 54 45 125 57 145 11 62 47 56 40 12 130 136 5 113 3 92 127 65 81 23 2 137 121 123 112 120 71 37 36 133 99 17 82 109 21 131 48 52 61 91 14 34 19 100 70 46 103 111 41 147 138 149 60 106 4 94 139 141 63 83 13 49 134 8 129 118 117 104 66 76 85 105 55 87 115 150 32 16 72 95 24 110 107 126 68 122 51 108 30 59 135 33 128 102 7 116 
71 4 102 41 125 18 13 143 122 105 90 112 73 123 106 62 126 103 75 49 114 67 38 83 8 14 28 74 96 139 33 19 6 16 36 138 45 5 129 95 80 69 51 121 132 17 145 82 58 64 107 84 22 7 86 47 52 87 119 48 104 88 37 124 116 142 27 110 54 56 70 100 127 136 24 150 117 137 32 11 115 99 42 21 76 9 2 92 43 39 111 25 101 12 93 128 89 1 91 98 79 130 20 131 44 134 72 29 77 135 109 30 60 15 46 108 141 55 148 120 147 34 3 40 50 113 63 133 81 59 10 118 65 94 66 146 31 26 144 97 68 53 78 140 61 23 35 85 57 
13 30 62 123 33 94 48 19 37 106 109 79 81 99 26 11 53 136 73 89 67 82 68 108 6 55 21 1 95 45 145 130 27 100 17 8 10 149 87 128 14 137 139 147 104 65 148 59 133 98 88 46 43 80 92 124 34 86 69 41 116 3 141 112 29 56 97 25 4 18 138 7 117 61 144 16 71 127 28 60 35 20 143 64 110 2 24 121 140 115 84 102 146 101 105 9 85 132 39 131 54 103 113 75 49 31 23 135 129 12 91 22 36 90 114 120 77 125 83 78 50 58 72 111 70 15 5 52 57 47 51 40 42 142 107 134 126 63 76 96 118 119 122 44 38 32 66 93 74 
