150
138 102 146 54 65 101 16 33 24 61 25 148 121 60 150 76 4 49 30 17 52 13 5 35 34 22 134 112 111 110 147 74 115 100 71 47 113 82 8 122 116 97 63 21 78 123 26 129 45 86 9 95 37 36 2 98 104 130 142 103 143 41 118 136 69 83 29 109 77 46 75 93 72 7 38 87 
136 1 76 66 144 140 131 81 46 35 95 30 100 146 141 45 23 26 29 48 93 147 107 15 78 63 96 73 43 17 97 89 145 101 38 90 91 109 58 121 84 69 120 54 19 115 8 70 128 119 126 50 83 133 11 132 135 127 139 77 4 94 62 87 40 14 68 44 106 80 51 149 116 3 138 10 36 75 123 47 85 53 114 
79 99 62 83 77 32 60 150 50 7 144 44 109 11 146 64 106 96 138 58 115 9 117 20 34 65 141 39 110 116 118 122 63 55 143 101 24 140 139 93 119 82 46 107 23 4 47 90 59 6 125 25 26 129 137 14 54 13 52 42 41 61 2 100 21 72 36 142 104 127 133 148 66 105 
103 55 128 129 13 54 33 70 104 45 20 95 101 25 119 113 65 51 62 40 102 3 78 84 111 9 26 76 2 99 134 122 7 82 41 1 148 105 116 108 32 77 96 150 114 19 74 17 12 66 130 72 67 57 126 94 90 68 97 60 11 140 80 
84 49 68 103 148 16 145 48 141 42 94 8 124 77 100 126 75 38 118 135 82 101 150 67 95 132 60 110 6 20 122 116 83 127 85 22 1 46 65 58 113 70 66 7 71 89 37 86 79 45 12 62 99 112 44 88 36 87 21 39 69 147 106 102 105 104 128 119 9 34 123 25 40 
68 77 82 52 45 29 32 137 15 128 27 131 87 139 23 126 141 140 92 20 80 63 124 21 83 86 113 84 90 12 93 116 28 85 70 17 142 78 129 65 53 69 115 149 118 100 64 42 60 72 33 119 145 103 55 108 104 44 147 5 114 48 3 89 111 19 74 31 7 94 25 110 88 40 
51 99 106 6 4 138 135 86 49 126 25 72 74 122 26 9 3 85 110 21 48 57 118 127 125 15 111 140 93 89 32 97 50 121 14 54 104 146 91 65 56 100 77 133 16 39 142 149 71 27 115 40 19 80 119 150 94 130 46 66 13 147 96 107 105 90 22 5 24 103 11 1 64 143 81 37 98 88 95 141 8 
81 18 50 2 125 97 45 54 25 33 66 76 86 73 139 48 20 134 149 30 19 123 1 39 16 61 132 29 106 90 15 129 51 22 100 93 84 121 5 128 35 133 91 137 7 56 21 9 10 117 60 138 103 118 24 96 40 74 71 142 42 119 58 49 130 98 46 
64 94 142 97 1 110 20 45 33 56 54 71 120 77 136 61 55 17 127 43 23 130 84 8 72 21 4 116 148 149 126 96 106 119 76 68 66 105 143 24 5 117 7 41 107 95 50 137 51 25 13 118 81 114 48 124 62 47 82 34 93 12 59 49 79 60 131 10 87 101 135 16 88 109 22 89 3 65 28 38 37 108 
107 24 49 150 57 100 26 114 12 87 77 33 17 75 140 127 52 102 89 105 83 34 20 139 147 103 53 30 45 85 81 70 2 38 134 93 67 142 56 60 28 143 118 25 54 41 58 92 96 94 141 130 79 40 22 69 15 36 43 19 46 21 99 91 76 32 82 128 111 137 125 39 8 129 90 124 112 80 9 110 66 113 
35 2 108 49 143 77 115 144 65 147 42 137 110 31 122 29 84 81 66 45 96 54 118 114 32 93 44 113 21 62 98 7 103 112 22 14 145 52 127 56 87 136 37 57 119 67 50 13 101 3 90 123 48 23 134 106 60 92 55 86 128 15 61 4 80 73 18 146 130 131 120 63 68 28 88 70 89 12 
93 57 97 120 90 34 42 98 86 60 5 119 76 138 58 48 9 108 54 22 63 125 52 43 150 79 10 51 37 4 15 24 35 73 144 130 110 146 89 112 50 116 46 114 147 137 80 71 106 32 128 95 85 11 88 132 14 55 124 104 44 134 6 20 75 66 30 141 36 25 59 136 126 
94 41 52 69 25 134 86 130 148 68 73 96 4 110 1 75 76 145 71 131 36 150 91 129 38 120 98 31 142 103 55 137 144 32 20 67 30 42 90 51 105 15 141 16 100 119 53 140 123 9 11 3 106 127 92 54 19 46 79 136 40 50 43 87 29 80 17 93 7 114 128 58 62 48 111 66 121 84 
49 148 21 135 52 36 76 80 35 136 144 140 139 7 90 79 11 29 75 74 26 72 27 91 103 25 51 100 104 134 61 116 142 109 23 124 70 102 138 47 93 120 112 92 3 129 133 99 32 41 44 78 132 147 65 40 64 67 38 12 84 71 108 54 2 89 114 137 143 96 141 28 
87 64 124 117 126 76 19 148 90 145 107 91 101 122 27 56 84 70 140 110 108 131 55 134 2 149 40 82 21 120 116 30 100 98 139 96 123 73 135 130 97 147 121 79 136 104 26 61 118 25 53 77 128 34 39 23 7 51 105 106 71 54 52 13 12 81 38 111 43 10 6 88 11 46 37 138 8 102 83 143 62 68 112 80 57 
64 38 65 80 116 104 56 28 145 46 52 7 73 138 84 99 43 9 98 83 135 139 5 41 13 91 147 1 150 27 18 8 86 23 30 141 112 76 24 53 113 34 21 140 88 131 57 33 120 36 66 122 126 133 146 45 82 137 63 125 29 22 132 39 136 58 89 142 42 102 32 
129 97 68 131 141 91 146 121 35 19 126 27 122 4 6 81 87 113 135 102 46 71 64 2 10 36 69 120 84 13 38 63 61 79 89 54 134 49 58 24 132 72 9 145 75 34 124 74 149 65 114 30 103 94 22 99 117 118 25 26 139 106 109 56 66 1 88 47 148 115 40 90 92 39 150 
35 140 58 119 116 50 132 112 53 80 145 59 47 40 68 123 101 34 63 90 135 46 89 95 122 49 124 128 87 8 92 27 16 22 52 32 81 144 136 11 114 110 45 29 120 20 74 137 148 134 94 36 133 108 126 98 130 118 66 97 41 69 103 104 65 73 
104 100 15 118 46 26 149 21 102 25 74 86 35 141 114 39 83 43 71 4 13 91 78 51 135 77 126 96 17 7 92 128 75 62 138 111 124 72 127 28 140 52 20 53 112 10 64 136 121 116 65 22 61 84 30 60 130 6 103 85 70 2 33 48 67 109 8 139 119 89 41 
141 140 77 150 35 12 113 6 94 145 86 18 76 87 10 121 111 67 139 138 68 44 81 50 27 56 118 110 80 126 19 116 36 69 129 92 4 28 22 58 63 5 127 73 98 122 9 125 107 29 3 13 108 123 135 130 105 96 117 46 99 131 66 30 26 54 38 124 95 88 128 8 71 
19 93 119 123 130 116 117 7 31 103 118 1 80 110 55 65 142 47 44 37 109 87 124 92 3 14 60 141 63 78 115 138 81 6 147 51 50 106 146 77 23 66 143 107 11 35 33 48 9 95 52 29 45 69 73 10 74 72 100 46 113 39 30 5 15 16 85 121 90 145 144 133 8 99 88 70 26 149 28 98 
43 48 120 77 9 101 126 109 125 7 67 16 106 30 10 70 60 54 5 37 147 142 82 87 134 61 115 144 132 38 62 149 25 24 57 63 20 28 95 26 65 55 50 19 129 46 128 131 35 94 116 47 40 23 141 108 81 146 64 86 17 93 143 122 8 112 84 103 11 83 136 18 90 148 53 1 104 97 44 12 
71 15 66 6 101 61 138 119 16 85 3 89 74 120 48 99 88 64 81 11 47 137 103 14 126 46 51 93 70 56 109 2 36 132 148 94 79 102 130 9 145 136 146 122 50 84 33 58 22 24 125 121 75 27 52 41 72 112 57 34 127 21 83 100 
41 3 92 118 127 124 84 103 79 147 81 114 7 93 117 122 23 136 115 26 144 42 33 38 133 113 101 12 132 69 22 17 99 40 28 59 16 30 35 87 1 149 68 97 90 128 112 110 61 54 137 78 107 53 109 46 64 8 55 70 27 135 131 82 67 141 134 9 140 138 91 10 63 95 60 
99 5 78 75 70 129 120 19 114 26 7 22 69 104 13 34 32 38 40 9 15 77 14 66 144 101 147 123 103 10 46 94 64 96 4 119 112 115 44 148 93 146 122 88 124 41 12 62 90 54 47 110 6 8 132 84 80 3 143 43 1 58 98 106 42 72 134 59 50 108 37 60 117 33 128 17 
69 128 138 121 97 75 20 110 39 85 96 122 10 103 25 48 92 1 62 117 119 42 24 129 142 125 83 65 68 52 55 44 72 104 14 112 139 76 4 31 136 106 148 22 78 36 21 41 102 49 2 113 33 67 34 50 19 134 53 79 51 15 149 88 40 150 81 84 3 63 7 143 99 17 57 131 100 74 140 54 132 28 70 37 
150 108 43 81 65 115 48 32 84 24 7 114 49 38 46 111 14 96 6 147 73 120 145 20 140 141 137 109 53 36 106 119 116 89 64 18 127 99 93 101 23 37 74 86 144 78 33 85 148 67 58 97 39 113 15 31 88 44 95 16 110 112 107 55 17 136 76 41 130 83 117 45 90 139 98 
135 16 38 43 50 102 147 123 107 63 37 9 39 61 122 6 47 146 67 79 144 98 87 32 106 99 70 121 71 21 52 114 136 26 19 140 68 20 124 145 57 127 83 31 10 120 90 40 73 94 30 92 14 46 104 24 100 134 137 142 29 44 41 11 65 22 108 
14 112 137 134 53 72 68 90 131 94 101 13 77 32 35 119 140 51 52 2 60 136 125 84 62 138 93 6 130 110 18 49 11 116 1 148 28 39 34 96 42 67 118 81 36 64 143 114 20 85 65 120 16 126 87 122 113 37 45 127 141 115 144 123 73 61 43 41 124 46 70 117 56 21 8 109 47 
94 128 12 89 106 10 95 127 137 41 108 1 42 149 102 77 28 119 113 142 2 86 43 51 57 70 146 84 134 76 36 105 88 19 21 13 145 103 139 133 99 138 98 111 79 8 56 120 93 78 140 100 17 143 20 68 46 69 150 116 58 16 35 39 22 107 24 15 135 53 129 
26 101 75 42 100 87 68 28 110 134 104 48 66 77 138 96 102 55 74 50 98 135 11 127 133 36 88 95 114 72 51 38 6 35 117 124 70 53 106 34 131 21 122 58 144 13 139 84 85 60 125 111 136 73 76 113 146 105 63 89 90 67 27 40 56 80 132 41 115 137 
85 49 112 12 117 28 95 75 89 138 62 44 135 129 3 107 59 13 11 42 144 6 39 82 130 27 108 147 40 46 33 29 50 10 36 94 74 99 91 16 143 14 83 86 111 56 73 76 104 67 18 65 84 102 96 69 66 7 45 115 41 146 105 114 110 25 55 140 70 48 122 4 120 47 98 109 128 
10 115 102 114 32 94 43 87 50 84 74 147 69 107 105 36 108 140 92 44 77 19 76 51 127 23 121 1 46 57 9 150 129 113 4 63 6 93 80 98 96 91 88 64 143 39 75 133 85 132 137 119 61 59 21 26 128 24 82 122 124 130 27 106 135 79 78 112 95 103 104 48 47 8 25 148 99 54 62 16 144 125 
69 23 80 88 112 37 60 130 116 1 84 36 127 79 10 16 140 64 142 119 128 93 35 12 25 120 49 129 77 52 145 117 9 86 38 133 91 17 122 58 31 63 26 15 72 47 141 115 108 5 3 66 61 103 92 29 97 149 137 43 74 81 109 106 18 99 123 100 
65 68 125 136 113 82 78 14 124 145 34 79 122 148 110 143 48 128 75 126 109 130 19 69 29 11 129 24 146 31 12 70 131 141 59 21 149 111 83 85 77 81 50 18 98 63 1 30 92 134 94 89 103 17 147 53 118 40 96 22 138 87 132 142 91 8 76 20 107 62 2 39 42 
138 31 147 17 105 57 14 48 40 123 64 149 34 116 12 108 136 139 16 52 32 65 30 90 109 49 130 26 137 102 71 126 83 20 58 68 82 33 29 110 76 89 69 94 23 98 3 74 1 128 18 79 88 5 47 148 129 99 27 141 10 41 37 112 54 114 103 2 131 125 115 111 81 61 100 127 143 45 96 86 13 146 
50 119 83 93 21 60 34 59 82 11 68 115 109 42 87 58 15 43 9 112 1 99 79 54 118 89 141 105 132 67 77 98 51 106 116 64 27 117 114 140 123 25 45 49 81 72 103 29 133 125 120 69 22 134 47 12 146 5 28 78 139 86 56 101 26 124 91 41 7 36 
14 48 20 149 45 143 130 74 145 51 80 132 121 42 71 138 94 10 139 54 17 89 110 13 41 73 146 44 81 147 25 120 88 84 15 55 78 114 67 111 52 131 31 9 16 27 126 85 82 128 150 47 34 144 83 61 137 57 63 28 2 123 5 140 24 116 1 77 60 112 69 22 95 
94 15 92 120 54 5 116 32 77 41 7 107 102 47 112 127 145 33 17 29 88 30 16 76 130 124 35 103 26 72 70 114 10 104 8 99 27 28 119 21 144 93 147 137 66 3 40 43 100 51 55 53 146 71 101 126 129 45 140 148 105 139 122 19 115 57 90 136 
95 48 6 93 32 41 66 142 4 77 149 54 133 50 8 100 44 131 64 53 137 96 94 117 115 127 80 87 112 17 138 126 7 103 150 116 85 22 10 65 26 36 139 69 31 39 15 18 107 47 13 55 140 99 105 25 81 35 57 62 2 128 24 5 67 113 73 42 132 28 14 144 56 146 
107 52 76 28 36 1 118 13 51 77 4 66 141 84 70 39 121 124 93 148 25 114 123 38 132 26 81 140 19 144 9 32 3 43 49 16 18 27 30 68 122 139 138 29 75 24 23 65 115 10 37 63 142 143 44 14 83 149 72 69 40 94 112 64 108 73 103 105 87 131 127 119 88 95 50 62 86 31 85 
90 144 30 32 103 45 8 134 112 104 43 66 57 93 95 137 12 51 37 132 54 88 35 85 108 24 13 44 76 118 145 106 31 111 113 67 131 84 74 142 47 5 69 127 91 143 141 64 48 38 65 99 3 11 26 25 146 62 138 75 110 61 87 46 128 125 126 16 115 149 6 120 96 73 135 78 29 60 82 40 
76 69 103 48 34 19 79 77 67 70 45 110 127 39 144 22 15 46 44 94 126 72 37 29 53 2 16 63 140 111 81 100 30 146 41 115 117 106 33 123 25 102 99 54 42 9 97 84 27 125 12 60 82 137 55 13 129 28 10 98 142 78 89 
99 144 51 103 45 115 79 28 113 22 100 42 27 57 58 3 55 104 131 61 139 91 146 65 21 5 82 123 92 6 49 107 142 33 46 59 81 54 12 120 41 2 117 84 145 64 89 85 20 149 133 98 14 96 11 43 25 56 147 68 143 135 90 126 130 134 93 26 40 88 32 80 94 38 
55 9 37 61 81 71 92 112 139 4 64 148 136 123 18 130 49 32 89 43 44 42 122 117 114 85 1 78 60 54 62 103 67 74 27 83 105 106 2 127 84 88 142 138 11 128 39 137 140 65 16 21 58 133 38 50 46 36 29 126 101 115 131 80 6 8 107 73 143 52 5 10 100 77 87 120 135 86 
45 136 95 84 56 100 8 23 47 27 110 147 78 120 16 24 81 3 18 98 131 60 97 68 117 43 124 64 55 76 122 127 121 116 93 66 53 134 2 143 25 59 107 142 1 87 138 10 20 50 12 83 82 135 28 15 118 72 96 73 132 145 88 19 74 21 102 13 49 57 123 115 129 141 52 109 111 33 30 5 42 32 126 133 7 44 71 22 17 29 
89 115 139 53 73 107 28 114 130 119 85 62 75 131 39 129 116 51 106 22 29 88 23 147 86 132 123 69 97 117 101 66 79 135 80 64 46 2 150 14 32 42 21 93 125 3 1 18 38 146 105 34 95 25 91 50 102 94 65 142 37 144 9 63 133 17 56 141 78 137 33 76 40 143 148 140 90 100 36 70 112 145 124 61 127 74 
27 22 60 33 97 40 68 13 7 123 139 132 116 107 74 31 51 103 95 102 76 59 121 137 144 80 122 21 99 32 98 135 12 147 73 72 108 6 88 89 8 77 23 2 55 42 138 35 5 38 142 106 112 133 78 19 79 65 127 120 131 114 9 84 36 83 81 53 43 75 52 26 11 
36 73 34 112 46 29 45 122 85 124 125 68 98 32 64 1 26 18 101 7 5 127 37 119 84 115 80 74 44 136 142 96 137 95 99 11 8 138 107 53 41 120 76 135 60 146 9 51 141 71 94 14 109 72 145 88 17 50 100 27 10 
73 31 46 26 80 126 55 21 47 65 131 116 37 83 115 8 128 96 130 107 11 41 33 49 76 40 32 136 28 7 138 35 79 149 18 139 52 106 81 59 77 142 114 3 70 78 62 108 137 143 23 20 120 56 84 103 122 146 117 25 91 129 22 12 2 148 9 89 82 95 87 13 45 
146 76 39 19 85 147 81 8 120 82 145 80 143 99 104 122 2 124 128 139 119 115 52 12 149 59 144 21 83 126 138 4 123 30 102 37 29 118 33 131 130 48 14 97 13 23 15 26 113 49 54 41 135 53 95 58 100 44 60 79 62 141 7 9 101 47 150 106 31 111 61 66 42 38 70 
100 3 83 138 105 54 96 75 55 29 26 46 16 21 102 64 79 98 11 50 142 125 91 101 123 134 12 61 76 67 117 136 148 15 23 6 124 119 104 51 72 41 112 80 14 85 56 13 118 10 58 92 71 36 132 1 48 28 65 140 53 38 34 121 77 81 45 18 141 19 
71 39 48 72 79 107 46 126 51 54 19 130 16 149 35 68 94 122 139 31 49 88 146 91 27 141 144 104 138 6 2 87 120 102 40 18 52 62 15 81 123 140 109 111 78 82 13 59 26 83 137 147 143 132 127 24 114 125 89 145 10 55 43 128 96 30 115 73 124 29 135 103 148 22 112 47 
14 111 109 91 96 3 70 37 59 20 77 12 132 40 146 119 78 72 8 13 144 24 43 39 15 57 85 44 10 100 4 55 82 102 74 60 38 150 25 45 26 105 69 98 131 97 2 64 118 53 71 88 134 145 127 101 33 17 123 36 7 106 66 11 51 1 83 42 138 90 142 9 124 84 81 114 89 128 143 76 52 120 108 140 22 
105 102 146 147 97 50 109 141 9 76 84 73 143 139 117 4 87 130 44 12 115 125 38 69 3 40 11 13 122 126 81 43 31 22 121 114 90 6 118 112 113 45 124 24 83 53 123 15 58 27 92 70 107 52 39 100 131 26 48 120 32 54 77 21 142 46 
17 50 75 132 147 104 31 30 29 110 23 111 88 120 142 76 37 137 46 15 32 127 66 90 135 20 143 99 44 70 11 83 52 9 57 130 144 71 140 40 82 85 16 8 7 98 10 101 102 146 47 95 77 124 136 93 60 81 106 
147 150 15 30 60 122 22 85 143 108 127 11 132 63 119 134 70 77 74 16 12 106 69 120 54 136 76 94 59 56 98 93 23 80 58 145 44 110 61 105 133 118 62 10 95 103 67 121 101 146 111 39 40 128 26 36 46 38 42 83 139 141 33 4 28 100 125 73 107 116 7 
116 109 20 34 75 78 82 143 76 140 13 139 23 70 111 93 66 148 57 51 102 67 2 52 10 150 115 31 144 96 30 126 80 98 142 16 84 59 45 63 106 44 36 3 73 74 85 132 25 18 8 12 131 123 119 55 79 90 108 27 87 127 95 65 120 61 99 113 17 103 5 72 100 37 133 145 86 
133 149 58 91 101 103 57 84 33 150 110 77 100 126 37 129 102 74 107 12 9 82 69 48 98 139 18 138 85 112 32 72 3 134 136 146 50 81 94 93 44 51 76 125 46 24 95 109 118 35 115 54 145 148 143 53 25 83 
90 131 117 143 80 148 22 21 108 12 102 4 100 37 98 110 149 81 24 19 111 103 89 119 72 29 139 109 6 146 61 134 34 42 132 49 45 101 56 48 114 96 31 51 76 9 92 142 136 74 1 122 63 86 120 112 126 8 3 38 5 25 70 10 54 57 46 67 113 69 97 11 65 144 71 91 68 43 121 118 124 
74 8 133 115 9 24 22 51 84 112 17 80 63 131 3 15 100 36 29 97 126 136 88 122 44 134 95 150 58 94 149 146 148 116 140 92 145 102 132 33 77 38 128 11 66 57 96 82 14 70 78 28 45 138 111 65 81 135 120 129 108 1 86 109 47 19 93 123 34 52 60 147 23 42 124 
26 97 127 130 89 29 105 146 3 92 149 40 11 101 91 144 53 68 94 45 70 51 116 112 41 147 140 104 22 67 95 90 42 57 35 73 93 103 15 136 150 113 88 50 19 77 109 25 4 33 32 5 2 125 107 9 13 119 47 
119 133 70 1 35 77 16 122 124 58 114 38 89 76 140 24 131 108 47 22 74 72 18 85 120 113 109 41 60 148 3 87 61 21 99 79 6 95 43 145 104 26 12 136 137 142 33 116 11 144 101 149 139 135 94 81 57 17 34 2 102 84 129 130 31 96 78 121 28 112 20 
100 75 74 16 125 36 78 143 25 117 69 37 112 95 119 66 81 46 40 65 94 45 44 49 71 113 67 15 124 9 148 29 79 23 7 145 54 52 3 127 139 72 123 138 76 22 17 141 14 142 126 89 42 6 140 88 132 92 19 41 101 34 24 97 27 111 146 102 129 70 136 68 134 98 120 47 144 130 33 110 
73 60 17 148 11 122 61 99 9 113 83 132 47 29 107 117 22 98 97 131 58 26 147 48 45 126 89 67 86 7 114 32 111 44 150 143 93 1 14 74 16 40 119 76 77 135 84 85 19 35 134 66 108 71 92 18 27 146 6 21 95 64 3 78 94 138 50 112 28 42 36 41 4 105 52 5 139 120 125 
113 32 61 9 25 105 41 134 34 16 84 39 119 71 94 51 107 65 7 75 40 13 124 4 74 106 110 5 85 8 121 145 18 46 56 115 47 17 142 122 111 10 20 2 54 98 23 120 91 143 82 11 103 147 128 137 123 148 108 31 12 64 3 42 21 109 114 140 83 76 126 139 69 58 88 
121 110 86 132 26 62 135 14 118 32 70 100 144 71 133 128 22 64 77 105 60 20 125 13 119 91 65 5 96 117 42 57 24 140 40 83 136 102 31 45 38 141 127 19 149 4 150 89 79 120 97 29 10 28 37 52 82 111 106 11 69 43 122 27 146 81 99 58 95 98 
60 46 4 115 29 64 82 84 137 2 17 53 125 70 9 145 74 132 96 104 30 20 49 143 134 24 13 18 15 28 106 11 148 110 37 103 119 75 113 98 44 124 114 80 133 140 62 77 35 99 142 36 112 109 90 6 129 136 138 95 31 108 48 26 149 41 121 5 
122 40 5 59 70 26 72 118 57 98 75 124 101 21 42 128 81 133 66 109 1 117 141 74 96 24 119 55 25 138 60 77 34 20 127 64 30 2 17 38 67 47 148 147 100 35 88 6 41 111 87 33 104 18 32 105 73 80 13 90 36 94 37 137 43 86 93 10 54 145 
106 64 39 24 14 32 68 26 67 72 5 19 76 57 85 25 130 128 104 99 55 100 21 143 29 108 54 61 144 10 98 56 138 73 63 114 58 75 51 4 60 141 23 115 43 15 113 136 35 6 47 125 80 146 107 50 119 41 90 126 139 102 95 30 150 121 83 2 62 71 69 94 22 31 28 123 140 116 137 111 11 
135 138 19 38 67 142 52 23 12 150 64 36 121 120 100 86 75 97 98 149 106 5 103 66 90 39 127 87 7 102 49 70 104 140 126 1 136 134 112 118 137 116 54 115 9 13 17 96 84 77 20 78 65 117 80 83 15 139 109 8 89 91 14 60 45 132 110 46 53 28 56 128 
87 43 21 14 125 142 122 1 111 95 29 93 114 90 23 31 74 132 41 25 4 75 6 135 3 54 53 104 9 139 137 81 64 143 34 7 112 98 60 107 88 120 52 19 100 59 136 82 69 105 133 17 119 70 37 86 48 84 130 63 92 46 49 26 39 149 58 
11 80 86 58 107 142 130 27 102 53 32 145 50 134 85 108 41 46 28 110 115 29 42 31 120 47 84 57 69 140 135 2 8 12 106 143 103 55 38 114 113 20 97 82 94 126 127 83 21 76 144 49 18 62 128 111 48 123 89 13 92 70 116 15 16 93 40 81 45 74 99 101 65 132 
97 66 104 113 125 48 91 18 126 46 145 59 57 17 88 31 63 136 90 128 98 118 58 68 78 94 79 65 33 61 124 92 45 26 130 60 75 150 135 69 120 110 108 139 54 129 111 27 32 101 19 119 23 85 64 6 73 49 121 140 7 36 8 14 1 81 93 34 143 72 77 4 38 89 144 87 42 138 21 47 122 86 
52 68 77 104 14 23 138 58 72 83 71 111 116 110 35 70 10 103 146 137 150 112 123 115 31 74 25 66 140 32 42 13 143 81 122 48 131 47 85 5 1 12 142 17 125 118 144 99 56 69 64 80 26 86 41 92 2 136 124 33 93 79 76 82 101 100 106 19 
10 46 100 88 39 92 64 78 35 54 148 32 132 122 113 149 13 16 120 73 128 20 42 126 8 27 60 75 31 57 138 135 26 15 108 47 119 87 94 103 58 1 118 134 30 116 9 33 137 36 129 52 131 59 43 50 150 90 55 112 130 66 70 4 63 14 56 12 114 49 48 83 85 109 65 51 41 2 
126 55 75 137 5 37 1 132 48 99 35 9 139 19 117 83 41 128 80 146 50 52 82 113 2 65 127 88 120 10 136 63 11 67 57 40 34 109 92 4 38 62 22 29 110 94 141 31 6 93 43 25 138 98 30 45 71 7 61 68 118 112 121 21 20 69 102 86 33 39 56 54 130 103 74 3 15 59 84 133 
61 54 42 2 147 58 45 80 30 37 6 14 120 91 27 26 47 142 110 64 88 74 19 108 146 65 149 63 145 38 43 76 124 46 21 33 53 1 87 134 125 71 94 122 111 25 127 141 115 50 105 24 137 48 104 121 96 113 114 93 4 35 
30 149 87 117 124 75 137 23 9 131 48 17 64 13 136 82 51 133 26 130 14 142 58 12 139 53 24 90 110 10 36 34 118 50 121 119 140 109 115 97 89 15 141 63 52 3 67 143 134 91 5 28 44 43 35 146 83 150 129 107 132 103 37 47 74 99 33 
104 4 45 18 115 47 20 109 21 14 97 16 128 49 124 31 89 33 145 120 88 134 105 121 95 106 57 78 11 117 71 10 50 93 138 34 132 68 137 7 129 73 25 75 82 91 83 70 12 15 87 146 144 94 143 40 38 6 149 51 2 84 148 60 69 107 108 77 58 127 141 85 13 52 147 61 111 112 48 130 133 44 86 
136 135 113 54 84 43 103 46 89 102 20 137 112 86 21 118 74 83 64 8 87 143 27 15 61 121 132 35 48 67 142 75 44 130 125 11 101 73 18 69 29 9 134 106 117 24 23 45 17 10 139 52 38 40 72 41 51 98 50 36 128 59 116 7 60 96 22 26 146 56 55 37 53 122 133 91 63 144 34 123 2 141 
119 117 109 123 67 73 35 79 32 91 122 50 22 145 129 95 133 44 5 140 93 24 43 75 15 36 108 4 128 59 68 130 56 98 10 61 58 46 146 1 6 135 102 77 88 103 110 83 66 3 80 89 37 124 90 54 147 120 9 138 33 87 114 53 141 51 38 16 42 142 127 99 72 
90 53 98 117 94 124 81 2 16 148 100 75 50 32 95 23 46 15 79 48 91 139 105 6 129 137 65 101 35 45 26 56 88 59 73 51 96 116 77 66 5 107 86 131 27 84 119 57 67 140 37 1 38 55 71 54 70 93 28 133 36 118 89 76 85 3 109 19 82 22 127 10 80 136 97 52 41 106 
146 29 46 49 5 31 61 83 65 50 68 123 137 117 15 100 24 34 87 93 113 2 148 149 48 44 90 103 16 138 11 19 66 59 129 25 111 9 140 63 128 32 33 42 4 38 54 81 127 13 30 72 89 124 22 94 144 45 91 26 73 43 107 58 23 6 17 14 112 8 80 104 99 88 71 77 110 27 147 143 41 55 139 
57 70 119 120 106 112 26 98 126 58 128 146 137 105 51 65 6 116 56 41 42 59 29 2 27 52 7 93 74 140 63 102 115 33 100 54 129 5 92 147 94 80 144 32 21 104 38 23 19 150 86 127 130 47 122 123 75 110 12 66 96 97 95 44 90 40 45 10 73 83 132 35 31 88 117 49 101 76 
132 137 20 13 60 19 80 73 134 91 71 58 22 147 119 124 69 144 133 5 30 36 6 7 34 118 113 27 85 129 72 32 128 41 92 83 125 8 16 65 95 98 139 67 130 77 142 111 81 74 121 75 112 61 1 109 11 37 88 126 12 47 146 45 
28 13 98 79 150 130 55 121 20 46 91 115 142 1 35 100 122 41 123 69 63 143 15 107 97 112 135 42 40 90 31 141 76 109 9 125 119 80 21 22 99 144 140 82 81 78 45 33 5 2 133 71 136 50 18 24 84 102 72 10 17 53 147 126 37 118 11 29 96 148 74 6 58 124 
26 11 100 42 46 122 112 84 130 72 83 69 145 9 21 49 31 104 139 12 149 25 133 124 101 16 39 106 66 77 85 20 144 54 6 129 102 41 44 108 113 36 23 137 135 17 34 126 30 125 64 80 91 94 45 47 5 7 109 74 27 53 78 61 33 48 86 97 38 76 56 103 105 15 111 82 118 62 
30 17 133 141 74 82 145 126 112 19 63 80 146 103 48 37 65 134 2 45 53 5 7 64 60 148 84 105 138 23 32 116 10 95 67 54 36 83 92 6 104 137 132 43 143 47 14 62 38 91 73 31 50 81 9 139 16 18 12 106 79 27 115 118 11 71 110 130 44 102 96 35 
22 36 79 128 44 17 96 110 92 42 15 12 141 58 124 47 28 29 132 108 91 121 85 87 95 21 113 11 144 2 70 39 148 55 60 120 112 3 62 10 6 8 71 31 134 74 149 69 4 102 68 56 84 27 150 54 93 76 25 72 7 24 14 82 119 105 136 18 83 13 
13 81 108 60 59 80 142 131 62 67 143 33 34 47 82 7 140 135 42 78 149 129 84 54 122 121 107 52 87 66 35 96 88 37 103 137 136 83 8 44 79 125 16 128 71 112 53 104 17 2 86 10 50 14 92 74 89 24 15 19 90 32 113 
62 52 139 60 133 64 76 102 147 26 65 14 137 105 125 130 18 110 72 96 111 89 149 108 74 100 24 19 45 11 13 106 86 21 75 93 73 90 17 114 135 148 85 39 33 131 144 34 77 124 113 20 44 10 123 6 91 55 122 28 107 35 99 61 146 143 
78 126 80 75 74 95 97 42 69 24 47 12 127 39 106 119 113 7 9 123 58 141 22 116 13 143 25 109 83 150 41 140 65 92 102 107 82 3 72 10 59 14 84 57 44 23 103 90 61 29 111 104 46 6 1 137 139 2 130 37 11 112 77 30 99 8 62 27 56 105 98 21 128 148 94 147 108 138 33 73 85 34 110 40 
13 18 20 85 69 130 74 121 119 88 126 47 9 33 10 39 63 110 25 53 64 80 5 41 17 28 100 146 109 150 123 2 83 57 145 133 4 111 22 30 73 95 23 139 32 135 128 29 59 76 114 35 66 78 70 84 77 62 40 49 141 93 149 131 61 38 101 6 44 125 36 105 96 43 65 106 117 7 
68 63 51 121 123 102 20 56 1 98 2 94 31 4 139 130 41 40 57 144 143 101 47 48 61 32 72 58 90 22 7 83 136 59 30 93 137 149 9 134 127 67 132 110 103 62 138 21 122 82 65 89 46 120 148 106 50 70 24 12 85 86 18 27 38 115 124 5 49 80 42 128 64 33 
87 15 14 61 124 91 8 123 100 40 60 3 115 81 98 143 104 4 110 119 121 31 58 10 53 36 114 90 92 7 139 9 125 20 99 50 102 42 49 120 138 83 144 113 136 94 78 26 19 2 105 71 67 116 27 33 63 128 126 52 44 89 117 69 25 46 85 54 11 103 106 13 68 29 35 32 
83 27 2 150 127 48 110 24 55 12 129 137 34 22 80 118 144 15 141 143 125 109 132 46 79 88 62 104 67 111 65 134 139 26 138 140 119 122 85 8 9 115 18 108 106 116 7 51 4 61 54 107 17 103 117 60 64 128 43 121 126 1 73 74 146 47 99 71 87 93 102 147 
66 149 11 70 32 56 69 145 138 109 71 115 93 95 60 86 8 25 57 72 124 58 112 116 16 30 52 18 27 7 134 123 59 100 68 103 77 137 44 43 35 107 120 83 65 49 37 143 141 81 1 105 33 54 48 85 21 142 87 127 20 36 96 28 31 82 13 132 74 64 130 125 114 46 15 12 99 67 
128 144 96 147 39 123 136 27 102 65 10 101 44 126 124 7 3 70 92 24 103 107 5 97 4 139 79 16 67 129 82 14 32 112 40 75 133 51 28 73 113 20 21 98 37 36 49 148 33 121 30 43 134 25 119 117 137 93 26 105 84 17 77 42 63 142 87 48 150 135 114 68 23 109 58 116 34 56 
1 7 15 128 3 47 118 45 75 13 10 133 106 58 6 148 126 30 51 57 39 92 113 67 110 85 64 72 70 71 108 98 49 26 117 141 40 140 125 88 5 122 36 69 2 61 54 138 14 84 120 114 43 143 46 123 76 87 145 96 131 8 31 28 94 121 130 19 59 23 60 132 52 83 21 55 34 44 
88 144 69 137 54 150 147 127 131 56 124 110 3 37 49 25 121 1 99 62 57 83 132 39 52 64 135 15 94 23 141 24 4 139 85 60 47 74 73 22 31 107 126 146 27 103 105 63 51 81 45 2 123 115 5 133 120 9 129 18 75 95 11 29 59 122 130 143 
77 30 63 118 122 146 48 1 4 109 93 46 15 96 51 133 119 23 125 47 95 108 137 136 32 70 33 150 52 67 14 97 99 58 61 71 132 124 85 10 53 39 55 148 105 88 36 144 64 59 82 43 31 139 104 60 147 89 111 19 134 90 81 92 28 5 26 87 54 17 16 138 56 73 
66 34 84 101 71 120 14 1 21 133 26 36 18 35 91 33 148 41 79 8 57 116 114 81 75 73 97 11 132 50 126 82 53 44 96 93 95 124 107 10 42 59 117 43 22 6 145 30 128 118 89 146 121 19 140 48 17 76 138 4 13 62 88 98 112 37 39 23 68 40 7 5 131 45 58 143 60 141 147 99 77 25 123 24 108 
121 72 68 25 140 14 15 39 1 145 139 7 105 18 96 33 44 148 106 136 88 135 53 42 130 138 74 16 32 75 62 4 118 78 71 31 84 102 22 117 91 19 56 63 125 6 108 97 131 70 93 26 51 133 85 128 126 80 149 89 52 5 3 12 107 132 28 69 134 150 
15 109 116 148 47 135 110 144 136 137 139 80 146 149 145 138 90 54 106 33 20 89 78 40 83 37 119 120 30 101 85 128 4 41 62 113 32 31 3 52 102 104 108 150 9 36 127 72 65 96 123 13 115 121 133 67 92 88 57 66 111 69 45 99 39 10 5 93 94 98 7 140 55 
138 43 136 141 81 108 132 88 114 83 121 27 22 34 12 30 47 149 143 31 25 96 126 51 75 9 7 115 33 45 144 5 110 97 133 48 2 131 57 67 89 139 104 125 3 17 140 42 15 85 28 37 50 80 116 8 150 118 135 120 66 122 100 56 26 11 95 54 13 129 105 68 145 71 94 58 92 93 21 147 70 73 
134 21 129 113 103 144 117 35 127 44 53 70 125 65 39 73 80 48 46 49 50 72 47 20 84 32 98 149 45 15 10 148 143 55 104 99 132 3 128 66 124 28 147 9 123 57 2 30 97 91 135 62 118 40 79 101 41 139 121 27 83 87 33 114 59 7 24 93 150 136 92 
115 22 93 137 100 60 129 74 118 42 28 33 133 15 121 111 6 97 80 149 109 91 70 134 141 90 65 112 143 92 25 30 82 110 117 14 27 131 78 120 63 48 20 103 41 12 57 102 50 11 104 126 68 54 61 150 58 66 18 144 142 76 9 4 136 34 105 113 32 106 73 88 36 146 
86 127 35 79 105 121 34 62 126 82 128 23 98 148 149 112 80 3 1 21 29 55 19 58 77 69 83 145 46 108 87 59 120 129 53 136 76 17 24 49 60 63 61 102 137 134 93 133 9 99 27 118 147 2 37 66 113 36 130 116 88 94 68 71 54 22 32 14 97 
77 84 25 92 123 136 7 56 128 11 71 122 117 26 101 78 106 6 64 13 21 112 24 137 93 10 12 66 121 59 15 131 94 75 150 67 130 139 18 120 90 97 74 145 141 73 32 132 82 1 147 29 27 140 43 105 38 46 96 31 3 100 9 135 20 42 95 79 138 85 35 68 57 126 108 89 113 60 5 36 
36 75 125 30 15 54 66 56 122 105 38 114 61 58 46 1 78 73 86 80 108 43 31 4 51 35 144 149 116 141 27 64 118 93 97 135 146 147 128 57 130 124 102 88 32 94 19 117 92 7 84 120 6 42 13 123 74 53 115 20 65 10 70 133 129 138 60 67 69 145 72 
72 24 132 63 77 71 139 93 19 128 42 34 149 5 103 110 148 53 64 27 47 40 32 10 76 109 48 37 61 89 38 143 65 129 1 115 85 98 80 60 11 26 116 12 55 49 29 125 25 131 86 133 75 84 91 134 88 39 18 52 140 130 90 22 45 33 68 15 16 14 59 117 81 36 147 87 99 23 146 108 62 41 
26 77 119 24 127 137 145 124 90 100 64 120 33 16 91 66 51 21 148 129 76 68 27 4 93 65 144 11 62 81 117 92 20 6 105 134 42 84 121 55 44 142 140 1 29 35 60 96 107 40 139 58 17 99 31 30 86 74 70 108 109 110 10 63 5 128 73 88 78 
12 125 6 120 147 13 47 126 73 122 33 36 146 99 31 39 98 76 70 48 11 134 137 17 32 4 54 128 66 111 103 135 25 94 18 121 55 41 38 123 53 143 63 133 19 107 27 50 82 10 68 65 92 45 115 72 37 29 106 136 2 28 60 14 96 100 9 24 139 78 
143 95 121 119 53 22 97 6 132 2 105 49 89 29 40 130 138 34 11 117 139 101 37 51 70 43 31 79 42 39 27 96 50 111 87 133 32 7 61 3 112 58 71 47 106 68 75 120 128 80 125 17 108 21 44 45 55 131 148 59 73 85 98 136 24 78 41 142 66 36 1 33 46 149 124 25 114 
61 131 138 119 127 18 129 126 128 73 71 133 121 144 63 48 40 22 98 38 1 148 20 14 83 97 3 99 109 39 85 46 4 89 93 76 147 111 75 146 57 132 137 30 29 112 12 125 2 143 27 149 81 36 62 103 19 123 122 105 5 70 106 15 34 37 58 118 140 16 50 134 47 21 6 9 96 
84 80 103 81 148 150 45 139 140 20 123 3 26 8 133 96 136 147 9 119 104 77 50 40 15 110 43 69 37 52 137 85 71 60 99 65 44 141 82 135 17 107 132 24 21 31 34 47 131 138 32 145 25 64 113 111 55 27 97 115 100 94 46 125 29 67 83 108 126 128 79 112 
77 119 136 141 88 111 86 133 51 120 59 15 87 83 100 42 104 8 143 89 9 19 146 107 37 144 52 57 17 3 74 71 67 81 109 103 1 60 76 75 102 20 55 7 35 6 5 69 139 145 54 122 18 10 46 128 97 130 108 138 134 131 125 106 79 41 11 129 116 149 21 24 29 
4 83 72 97 64 76 65 7 117 146 25 6 8 30 134 62 105 2 63 115 33 149 102 58 9 37 67 21 118 126 113 18 147 86 3 150 125 99 85 57 52 47 94 49 23 74 54 41 12 139 137 127 29 79 60 11 131 69 27 34 51 19 128 5 90 96 141 66 116 13 82 68 93 39 132 87 26 70 
37 147 90 146 61 56 85 105 144 12 109 38 125 82 66 29 2 115 110 27 131 42 148 14 72 23 140 100 138 16 73 50 65 53 30 77 108 114 39 18 67 80 106 111 13 34 49 55 142 128 11 76 96 63 58 9 25 95 122 98 48 71 45 60 134 15 57 22 78 113 133 143 54 28 46 135 17 64 118 32 126 103 44 74 101 51 
100 143 97 7 19 55 109 13 21 132 139 67 77 41 115 63 145 91 38 113 52 23 28 96 80 106 95 48 20 46 79 116 125 66 2 122 78 107 70 124 8 114 123 90 99 128 110 33 86 26 60 68 74 15 103 108 71 101 105 144 81 1 142 94 17 104 87 57 
74 5 76 55 101 39 91 88 116 53 18 22 61 139 136 148 120 137 60 26 126 3 92 110 87 128 50 16 145 45 31 67 124 85 4 34 118 20 69 63 57 7 78 23 82 95 32 111 28 65 1 114 81 46 132 100 15 106 35 97 17 143 66 123 29 146 51 11 25 72 41 24 141 33 138 48 102 121 75 49 
53 38 92 11 48 13 18 1 52 117 81 126 66 107 29 121 82 125 51 5 25 100 85 148 138 21 146 41 128 131 20 144 96 133 54 75 34 2 55 44 122 87 101 114 143 116 95 105 15 47 36 110 150 103 99 94 64 8 136 61 141 111 124 98 73 58 45 70 93 28 46 84 43 37 
88 35 46 98 18 113 52 54 74 68 33 25 135 55 121 149 143 102 86 60 101 66 20 31 115 75 19 29 125 140 84 103 123 51 14 12 47 82 92 10 83 53 132 5 137 96 90 111 28 126 87 64 107 37 6 122 9 56 99 79 134 61 63 21 49 17 15 78 95 69 144 24 80 41 39 
87 64 59 22 62 53 37 10 55 3 8 81 124 42 106 94 57 31 114 133 67 102 36 86 7 104 26 78 65 35 98 123 92 118 100 149 33 140 107 47 52 117 68 121 72 70 49 29 139 16 74 96 20 119 120 129 23 132 112 91 97 43 12 75 148 143 111 115 116 88 138 
39 46 18 58 65 61 4 66 43 2 117 6 97 103 60 86 35 135 122 142 93 100 29 137 108 70 96 128 144 120 15 5 85 133 104 55 19 76 87 77 89 132 16 106 59 73 64 88 116 38 20 50 9 71 99 17 101 136 7 94 40 110 109 119 12 44 42 53 124 51 123 145 23 36 131 74 22 114 45 
34 11 48 20 54 5 95 116 78 83 33 80 36 53 107 105 62 27 7 2 85 3 147 45 73 135 41 30 39 31 77 19 98 28 101 144 133 138 10 23 56 93 119 69 64 67 42 40 43 57 58 29 146 13 131 113 47 9 142 97 49 84 71 46 109 139 82 150 24 
42 93 116 90 10 114 111 138 96 61 123 15 26 110 80 22 6 107 105 40 4 30 150 140 122 119 24 71 147 81 33 38 99 100 34 118 104 70 20 57 117 45 67 136 134 95 66 13 137 94 12 113 74 112 97 120 133 129 141 19 69 76 86 84 77 18 35 103 51 115 149 82 32 50 36 8 2 131 54 91 73 121 109 25 85 53 11 5 126 143 
35 33 14 20 107 147 97 50 64 109 91 149 142 17 74 133 135 112 138 13 10 101 113 46 128 43 61 59 108 82 80 26 36 79 32 39 143 76 1 144 63 141 30 111 85 47 68 118 116 22 88 3 83 130 125 150 86 134 4 99 8 6 34 84 106 25 
27 50 89 101 15 56 7 53 23 74 34 32 77 94 12 35 149 104 140 112 118 20 36 47 129 4 63 18 76 11 81 137 111 29 141 115 45 33 150 80 88 93 21 110 79 8 95 86 44 144 19 64 92 10 138 109 9 100 139 82 55 72 87 70 85 98 148 73 62 51 39 13 1 38 
126 55 101 29 50 20 38 65 54 6 117 63 61 79 40 75 15 17 91 146 108 134 136 112 13 148 31 44 106 46 145 94 47 116 123 100 76 60 16 58 104 36 22 120 127 128 119 48 115 41 140 133 110 118 11 2 42 132 9 92 51 24 45 35 26 83 103 
125 142 106 47 60 12 54 67 48 107 68 46 14 16 65 37 2 102 97 144 110 122 72 121 76 58 53 80 61 119 41 112 89 33 23 79 77 90 117 64 52 116 40 133 101 57 5 131 8 42 24 17 35 126 38 18 73 103 22 115 124 56 85 81 31 146 95 145 138 86 98 100 25 104 26 71 
92 7 83 128 14 125 109 129 63 44 45 117 79 37 3 94 116 132 143 118 146 150 145 89 108 127 126 57 100 115 111 58 40 80 21 103 34 88 102 69 131 82 67 137 46 112 99 18 104 24 81 149 148 105 120 77 136 61 140 31 114 68 16 141 87 106 123 47 30 59 101 8 48 86 33 147 2 72 
29 37 79 76 119 10 12 44 145 108 11 102 22 138 136 146 46 143 104 97 73 68 109 30 54 128 64 35 114 99 124 17 131 31 86 107 25 52 28 78 65 8 71 61 4 18 57 42 26 112 140 150 89 129 113 66 60 141 98 90 24 137 120 81 95 14 1 13 59 15 80 116 118 
76 117 56 114 2 87 150 88 145 142 61 53 17 32 14 107 5 24 104 30 105 65 45 51 82 9 110 33 72 111 136 15 126 67 81 42 149 46 127 74 7 101 92 28 20 19 47 49 129 94 31 18 16 91 99 140 106 120 124 73 71 139 141 143 63 44 48 
12 144 87 67 14 49 105 142 71 81 31 114 123 9 79 134 90 62 102 145 122 29 133 70 63 23 36 91 72 107 117 13 83 131 140 99 19 15 95 56 74 59 135 2 115 141 1 128 106 39 126 28 148 26 18 139 77 138 150 75 52 27 96 118 11 45 110 35 61 16 57 46 108 50 104 68 22 60 24 64 109 
133 97 49 66 77 143 69 105 89 83 85 45 68 3 93 138 31 63 124 95 28 144 40 147 86 84 48 8 18 88 150 30 23 134 109 101 128 102 9 24 16 71 33 34 142 141 56 12 98 29 117 76 75 36 92 126 42 13 110 119 80 113 6 79 39 114 70 53 50 38 11 122 81 43 149 116 72 91 146 27 14 78 47 99 130 108 10 
128 117 100 141 12 122 8 20 105 21 23 144 32 123 35 45 130 64 132 16 127 14 71 118 42 89 69 120 52 29 97 31 26 1 40 98 7 53 48 54 96 115 2 50 70 148 106 95 19 75 110 102 142 134 136 149 140 80 111 38 3 15 77 76 49 147 84 103 61 24 65 82 46 104 129 30 93 137 36 51 74 68 116 125 59 41 
104 44 3 118 119 19 127 99 97 53 40 148 130 142 92 45 140 106 31 72 84 125 95 47 27 51 112 48 113 88 121 94 50 89 26 71 101 70 105 59 64 143 10 135 38 20 79 77 107 65 58 16 114 30 66 17 122 8 81 36 117 74 37 55 63 93 6 83 39 146 115 2 57 102 60 96 14 41 15 110 86 136 
112 79 2 67 91 7 61 68 28 125 84 150 18 117 26 110 83 19 62 24 131 39 133 20 34 53 30 6 66 149 87 74 73 33 130 47 43 106 120 64 15 116 100 13 38 105 56 128 93 82 138 104 147 16 45 141 27 41 3 136 29 75 10 142 139 63 103 143 37 32 113 97 70 134 85 71 40 4 54 14 58 124 52 135 
135 17 140 36 130 100 81 90 20 144 2 97 24 137 37 10 150 29 148 35 79 89 93 136 98 42 128 64 14 82 138 53 22 133 6 118 19 119 27 7 70 16 12 13 21 108 87 110 47 49 94 34 101 3 5 129 78 103 46 41 52 51 77 69 106 67 80 57 111 55 123 122 134 117 
78 138 43 113 52 30 14 137 40 45 82 127 143 139 50 54 86 16 47 55 46 115 9 91 56 132 79 121 63 41 136 64 6 73 44 126 129 68 98 10 108 150 8 13 3 71 72 66 28 34 42 81 1 21 140 87 135 60 75 58 99 7 120 35 148 49 22 26 48 
11 79 44 92 58 64 128 93 54 116 137 66 124 134 114 9 145 22 140 14 97 133 123 91 125 142 53 41 129 122 26 30 150 50 135 115 68 72 25 47 106 103 57 21 45 120 118 51 101 139 60 95 74 7 107 35 89 75 36 10 81 33 144 148 112 98 46 56 38 1 87 65 42 73 108 59 15 70 96 55 29 84 121 3 149 32 80 100 
113 12 95 29 107 132 102 84 137 25 32 126 88 96 129 27 73 145 105 85 40 111 74 106 124 33 101 121 118 44 120 21 141 11 64 18 116 86 39 41 80 67 62 38 54 53 24 136 75 130 90 127 48 92 143 14 42 58 60 56 97 3 81 28 43 13 123 22 31 47 108 148 138 51 63 87 2 147 70 99 
94 17 78 68 110 27 106 74 63 69 54 103 11 118 13 126 35 133 100 21 53 66 82 23 134 42 88 16 28 113 6 57 58 136 46 143 64 15 98 109 59 105 38 47 148 2 117 5 18 80 39 121 34 111 144 49 73 104 20 44 122 131 61 132 135 30 89 51 
30 38 75 50 84 60 132 101 7 94 17 53 137 112 2 78 111 59 122 1 70 39 79 40 123 133 42 57 92 86 77 56 44 23 22 67 61 118 81 62 108 25 114 85 31 21 120 82 32 89 127 119 147 51 105 54 55 12 11 139 3 65 97 28 103 35 43 36 47 49 149 131 116 134 16 64 80 37 102 
57 22 32 112 16 11 28 103 128 106 69 44 25 12 10 127 140 48 99 80 133 46 146 144 109 107 149 101 56 21 35 6 1 102 47 87 117 62 78 36 2 85 138 38 61 5 92 110 65 119 7 14 120 27 114 129 33 66 82 39 86 24 93 84 137 51 55 116 53 111 97 15 
33 17 63 90 80 120 45 103 122 149 141 99 115 144 105 107 66 65 133 138 92 131 41 36 26 35 39 68 123 59 15 53 117 104 3 23 116 87 60 109 102 5 4 13 145 61 113 112 18 14 64 52 93 125 50 1 47 58 22 29 89 69 76 100 84 25 136 139 142 130 27 9 143 95 83 
116 90 119 36 133 78 62 94 150 138 91 72 95 68 24 109 38 112 129 143 79 130 51 148 125 146 107 21 40 104 17 105 92 60 19 108 140 35 98 76 111 147 80 41 137 7 9 115 135 22 50 34 2 44 71 8 118 30 63 59 124 106 53 88 26 84 67 61 6 128 15 42 
133 26 94 62 130 134 61 140 27 141 102 105 65 12 99 7 79 136 76 38 135 85 59 107 127 51 74 128 143 16 58 4 123 119 97 101 90 129 71 106 117 33 104 137 13 108 17 54 142 40 5 67 87 10 70 75 110 149 20 57 1 3 30 47 93 