150
68 67 94 74 99 40 84 81 82 146 85 19 2 90 39 89 73 10 110 8 21 124 132 3 38 126 42 148 142 50 128 69 44 139 
20 3 105 76 73 79 111 122 58 17 1 142 42 30 61 16 124 51 106 25 46 65 71 139 66 113 70 56 88 120 150 47 100 13 127 29 123 23 132 48 
33 5 83 122 46 123 23 1 66 2 50 142 30 58 147 111 95 138 37 126 136 55 70 10 36 149 82 17 
150 38 17 114 96 48 83 68 92 28 112 59 118 31 110 144 130 43 30 63 131 113 98 120 9 95 135 20 126 47 37 149 147 132 21 16 
22 39 125 7 90 84 38 113 20 62 64 105 81 43 57 146 3 83 103 140 18 68 96 27 31 37 76 119 
119 74 90 121 139 143 86 105 125 41 18 96 118 53 54 117 102 32 137 51 9 124 30 144 27 132 115 99 93 101 17 113 
5 103 142 135 143 123 14 139 107 51 128 109 61 86 70 102 108 42 68 114 96 75 82 111 81 110 52 56 89 119 95 31 24 32 87 35 28 141 44 77 36 91 104 
35 79 36 140 116 54 43 1 67 100 26 77 69 41 147 15 133 73 114 121 107 44 127 117 76 21 123 136 20 63 103 101 28 86 128 97 14 102 85 
23 117 88 49 84 47 6 120 86 34 147 91 79 21 44 4 118 40 109 68 32 62 33 132 126 133 74 100 71 116 28 113 102 99 41 121 148 146 
113 38 14 39 126 118 121 49 1 94 78 72 96 133 62 134 71 3 40 92 55 70 140 84 21 132 103 80 122 36 69 37 138 18 95 85 
108 80 19 76 136 71 103 145 62 51 47 150 101 106 38 42 31 99 126 13 143 130 36 91 144 43 54 137 128 
114 126 39 95 100 94 13 112 45 144 20 29 92 91 73 109 78 19 51 148 99 135 87 140 66 18 63 77 54 81 50 103 137 67 
107 89 22 56 12 79 34 125 103 130 137 99 147 77 108 14 58 141 98 100 2 101 26 148 28 70 127 88 11 52 43 128 39 29 47 124 67 129 31 93 143 49 112 53 
110 134 76 39 36 50 57 16 72 115 13 10 75 144 43 102 123 28 27 87 148 67 7 121 111 56 8 150 147 66 74 101 21 29 83 105 41 37 32 94 129 17 85 88 125 
145 45 97 74 64 63 44 67 31 75 58 27 146 52 143 55 59 90 139 22 149 81 114 142 68 66 130 8 106 17 78 150 20 
85 33 14 49 4 72 77 79 76 2 101 89 107 38 18 86 78 66 46 27 68 54 30 41 118 19 122 81 80 112 125 26 52 150 88 
49 36 42 27 4 55 114 15 104 78 107 102 25 113 144 31 150 130 3 79 56 14 110 2 52 133 61 37 75 125 57 98 28 99 132 6 66 109 
91 105 127 109 43 118 74 6 129 19 22 25 55 16 139 83 50 5 132 46 57 38 68 89 10 103 53 84 138 82 86 75 72 42 30 125 85 12 119 52 
145 147 12 50 52 40 26 18 97 34 57 82 115 47 138 53 83 135 129 91 1 63 45 85 43 149 87 11 80 106 16 142 78 28 27 75 60 94 
143 62 81 124 40 51 4 145 2 72 67 41 140 46 98 121 58 144 53 64 79 108 88 47 95 76 30 39 118 12 147 28 5 8 93 133 71 104 35 15 134 131 29 
14 1 10 82 88 143 127 148 4 106 38 113 65 95 116 44 50 9 118 86 123 104 136 79 53 61 8 22 133 56 66 70 81 73 97 109 92 
124 86 53 120 103 141 89 106 149 76 95 84 113 18 21 15 5 77 26 41 67 29 131 112 13 55 132 88 62 42 64 80 39 82 118 60 137 75 
3 70 96 101 125 86 116 2 106 133 77 104 130 49 52 95 123 33 69 150 9 117 111 83 61 58 78 146 57 107 71 115 84 60 28 113 
44 47 7 120 36 147 108 141 98 118 87 88 104 39 124 25 30 100 63 75 85 144 115 138 83 58 72 71 77 43 50 35 97 
39 32 17 100 82 149 110 53 69 78 135 2 146 18 136 24 85 58 46 122 107 57 80 26 28 49 
134 39 138 104 140 8 46 105 132 13 69 93 112 36 41 98 51 101 84 126 125 33 61 135 27 19 78 25 147 63 22 47 16 123 119 120 146 55 143 118 122 64 
126 118 5 70 28 19 26 98 114 62 69 85 100 86 14 50 34 74 119 54 150 6 79 121 120 141 147 103 115 15 80 36 17 61 75 76 111 97 68 57 48 16 49 
117 94 134 130 66 19 25 4 115 37 139 20 108 145 97 63 23 111 17 112 27 142 54 14 92 106 121 49 42 69 40 52 7 43 13 73 123 51 131 9 120 8 
93 134 144 37 13 39 88 138 102 72 58 141 146 135 48 66 124 75 40 81 12 90 137 14 136 2 132 62 22 71 46 78 43 20 59 
31 124 65 130 126 4 110 75 55 147 87 62 24 6 105 140 3 136 16 114 122 40 18 20 59 2 33 92 146 98 85 102 80 47 103 123 101 
143 93 115 7 67 82 49 106 129 57 11 32 42 35 78 15 13 74 141 113 81 139 142 108 36 30 62 4 52 87 5 125 34 135 98 102 37 17 
7 25 111 40 147 119 38 68 93 103 67 43 6 41 125 100 140 131 118 49 129 81 80 14 88 150 9 31 126 55 121 48 42 70 
102 67 46 69 70 74 9 16 150 87 26 99 85 30 146 101 23 82 124 103 134 91 104 59 113 138 108 80 137 55 119 83 3 92 90 136 
104 96 114 119 9 45 91 63 117 130 31 126 19 107 35 73 106 47 66 125 69 64 133 147 138 136 62 121 122 78 108 89 41 150 54 13 27 128 
31 135 52 42 7 75 113 67 43 105 117 137 56 60 120 88 46 53 8 103 102 87 38 73 24 34 36 143 62 116 108 141 89 54 20 57 130 
115 144 133 31 98 130 58 53 118 113 95 7 8 148 101 73 70 17 27 77 74 89 14 42 47 24 38 69 146 107 3 136 10 26 105 85 35 11 127 57 65 112 
126 83 63 3 141 4 61 106 113 92 91 41 114 139 58 84 10 17 69 149 90 147 56 127 71 38 14 29 88 144 28 31 5 65 130 67 72 94 57 135 105 73 64 
16 32 123 87 122 80 125 81 98 45 10 129 63 35 4 37 113 1 85 55 21 86 121 93 108 119 54 5 18 36 110 106 50 105 41 84 39 11 75 146 76 
20 14 112 102 12 41 121 45 47 52 96 101 10 83 1 60 38 120 126 91 107 122 116 74 61 29 133 25 22 59 124 138 5 56 58 130 145 40 129 71 46 82 63 26 24 79 13 99 44 123 
104 32 79 111 20 149 116 57 81 121 1 10 43 73 93 29 19 99 55 83 122 28 86 30 61 98 9 125 70 68 126 78 110 39 135 141 67 133 
100 131 81 92 142 16 32 112 39 9 91 46 77 126 140 34 54 136 90 8 114 6 20 48 85 88 14 26 65 144 62 22 68 37 63 38 128 150 139 129 
59 113 75 50 35 61 126 90 18 71 67 63 22 2 54 44 31 49 119 84 85 36 124 11 58 17 32 142 28 122 115 73 1 108 137 95 80 114 7 70 125 
114 141 4 14 19 113 102 8 40 49 143 56 91 5 13 138 83 28 103 107 92 35 127 29 11 124 55 58 111 104 131 77 18 90 61 149 32 51 65 115 134 82 63 46 24 
77 129 93 99 46 115 24 55 42 92 9 105 88 100 51 111 8 39 21 83 145 1 90 146 57 15 7 133 
62 117 104 34 93 90 15 140 56 77 83 60 86 107 87 39 141 142 126 101 75 116 12 80 91 50 47 54 19 147 146 38 
136 65 43 26 55 91 83 127 75 16 81 105 20 96 143 114 51 35 39 148 144 76 49 128 57 94 119 125 33 25 29 41 18 87 3 2 122 44 115 
19 129 45 113 4 101 64 117 118 36 34 109 50 67 62 83 91 30 78 11 90 70 13 39 2 116 49 123 53 26 110 115 148 9 59 24 20 140 75 105 
106 123 27 89 91 60 2 129 29 105 49 81 54 84 93 146 32 88 131 113 4 111 109 114 112 41 70 148 145 119 69 101 141 
28 105 120 117 123 70 94 147 77 31 137 149 32 48 16 53 23 126 54 68 17 131 142 43 10 73 47 144 135 42 103 121 13 90 59 9 25 46 122 89 61 27 
60 65 120 27 42 24 111 75 14 21 79 89 143 137 3 38 95 78 45 94 110 118 12 18 134 64 139 19 70 103 108 47 66 1 
139 44 117 11 127 108 126 58 74 73 112 85 115 120 26 132 28 118 12 43 130 123 137 91 46 125 90 6 20 7 111 2 
28 115 15 39 77 53 13 17 134 82 16 54 59 18 31 108 60 110 122 113 23 86 137 143 35 65 117 112 66 144 129 70 128 19 89 69 92 7 109 148 
18 89 77 20 47 83 122 105 13 35 22 52 95 25 92 71 72 81 67 56 6 123 148 49 147 118 117 99 112 88 91 21 120 65 96 135 104 19 82 136 121 124 36 68 
99 48 95 74 79 109 73 16 52 68 59 12 72 117 6 11 126 94 108 27 66 135 118 45 49 41 8 35 106 128 28 34 38 42 82 
139 44 111 121 59 60 105 33 22 109 3 43 93 10 18 142 70 26 77 15 128 94 102 30 46 130 143 32 136 135 65 40 126 86 140 17 134 38 
65 80 142 58 66 62 35 61 7 17 13 131 76 37 82 21 14 112 126 148 45 116 143 133 57 78 39 141 64 2 99 121 43 90 111 59 53 71 84 
137 44 102 113 35 147 36 117 103 95 124 37 148 17 150 96 69 5 140 141 25 40 46 122 14 56 89 133 64 97 90 18 19 127 62 27 31 136 77 142 23 78 
149 43 124 133 3 72 25 39 23 37 102 90 64 15 85 51 56 2 136 29 13 115 144 67 69 20 148 134 112 88 24 110 42 77 140 65 87 139 86 36 123 137 68 96 
66 138 112 103 33 70 30 119 52 69 15 96 113 54 106 49 144 131 132 78 125 42 56 74 4 61 65 29 98 55 47 39 76 
96 86 91 89 81 39 85 48 149 50 150 22 102 109 100 107 71 141 55 124 19 52 23 140 35 129 45 
17 112 150 126 75 64 23 87 37 98 106 70 92 104 42 113 26 93 148 2 122 119 62 56 40 91 27 7 21 59 74 43 39 141 49 
117 47 10 20 45 31 56 29 35 144 96 138 41 57 114 150 5 70 121 27 145 61 65 113 103 11 72 134 30 34 22 136 9 
110 126 34 41 43 104 39 38 145 12 102 93 147 15 28 109 64 113 136 88 19 103 94 138 137 69 123 26 37 8 42 24 4 
109 97 61 69 50 56 105 86 15 88 85 37 127 131 82 110 34 116 81 111 63 117 76 26 20 58 108 118 91 22 89 5 145 98 57 47 
107 108 43 144 74 134 52 46 146 77 92 37 58 50 2 62 97 138 147 115 71 41 21 30 133 56 85 120 140 93 59 55 66 36 53 143 82 
56 16 72 29 50 59 34 92 79 2 54 14 21 146 28 122 118 102 12 71 52 130 114 126 95 80 123 89 128 15 3 148 17 145 83 116 139 65 121 104 133 
122 47 142 135 127 97 35 8 82 80 114 148 130 101 99 113 138 42 108 31 149 71 37 15 131 146 22 1 73 120 32 12 20 33 98 96 53 111 140 103 58 40 13 93 14 150 89 
150 86 27 5 80 49 90 100 133 97 123 98 106 104 18 54 16 130 116 41 58 84 9 149 79 4 109 101 87 7 1 40 53 15 32 145 
37 10 93 36 148 25 23 145 82 28 110 134 48 141 126 8 27 147 107 149 26 119 87 59 146 112 33 121 142 34 85 58 88 105 1 52 120 63 64 78 57 124 
62 61 33 23 112 76 55 113 131 13 97 142 93 107 136 2 125 47 144 117 42 21 3 102 59 82 129 50 126 40 85 27 78 118 7 135 115 143 52 32 91 36 103 48 10 49 
2 65 128 147 121 23 77 66 67 9 78 37 53 24 109 150 10 81 116 11 56 90 106 86 39 20 149 142 60 76 29 42 93 82 
147 73 75 91 141 82 102 105 54 108 128 18 123 16 14 150 66 58 62 37 20 146 117 10 107 85 95 127 143 24 53 138 29 
94 146 1 36 49 122 21 117 106 34 42 119 76 148 37 121 90 113 67 72 110 131 74 115 2 108 95 8 54 88 51 12 28 35 40 
103 65 100 27 86 31 6 78 33 102 81 15 91 54 109 39 14 110 136 144 51 98 113 125 9 104 146 101 73 122 61 18 85 128 59 1 36 
24 139 47 100 17 46 72 61 18 7 127 112 27 38 19 80 15 45 120 117 14 35 29 95 140 50 22 99 85 142 133 94 87 103 135 30 42 
95 92 97 135 112 130 16 84 106 98 27 102 2 14 22 20 56 8 46 70 91 11 147 114 71 5 88 142 38 73 64 128 59 111 
122 148 52 79 23 86 142 8 80 133 116 44 124 22 36 110 43 58 53 71 57 7 41 24 65 16 45 55 49 106 78 12 132 13 
59 110 139 70 149 19 142 25 74 71 12 26 77 83 79 29 15 111 103 89 113 117 23 69 98 56 116 17 97 80 47 31 115 10 57 50 85 40 34 104 16 
8 150 106 113 125 129 17 128 77 21 2 9 91 145 78 50 13 66 99 27 40 16 108 101 127 20 126 144 95 122 147 80 39 54 134 68 146 
27 127 125 138 16 140 45 75 66 77 93 83 118 42 30 32 67 68 142 22 78 10 79 11 38 33 56 25 19 82 
7 46 31 116 122 144 64 103 130 137 141 71 41 121 40 60 38 101 32 82 142 12 115 15 133 1 5 84 53 108 93 16 86 21 139 74 111 20 140 29 48 
147 81 124 43 150 116 18 56 115 113 65 21 7 25 80 31 1 69 52 22 99 110 127 3 19 33 123 86 139 39 70 72 54 100 64 131 53 71 67 
19 78 18 149 53 112 128 33 43 44 14 116 40 45 96 39 84 118 119 37 132 138 5 143 47 24 108 80 66 137 4 120 46 105 23 95 3 
48 81 141 23 42 108 83 68 136 91 5 37 76 10 113 147 110 26 1 38 138 146 9 18 131 114 22 86 56 111 
142 1 38 65 41 94 69 30 95 107 36 126 16 78 8 86 123 110 19 14 42 149 33 58 64 100 97 18 148 75 51 127 24 72 104 139 74 144 25 27 114 70 111 60 136 10 132 
85 124 22 137 140 27 45 77 55 81 121 135 82 89 133 52 8 7 111 94 118 40 104 117 96 60 23 119 68 139 129 90 64 16 21 9 120 74 114 84 71 6 38 18 58 
104 132 24 38 35 58 97 14 68 94 133 98 61 19 31 127 75 12 115 142 33 46 45 124 7 69 30 
13 21 16 76 53 89 94 63 32 37 64 22 24 29 20 44 145 69 119 103 134 73 58 112 125 148 14 48 100 9 41 35 2 
126 143 108 88 135 57 16 53 66 147 13 110 148 133 36 7 106 52 78 22 34 145 60 104 86 1 18 99 119 150 48 50 35 67 102 64 49 107 
118 143 109 114 56 33 43 49 86 45 41 127 71 57 29 73 1 44 128 51 58 42 68 141 105 6 100 129 37 47 15 5 144 
39 53 115 12 9 144 7 92 64 19 76 79 43 70 72 48 140 127 34 128 108 98 118 84 149 60 114 146 124 142 46 33 139 37 45 18 51 47 41 74 61 110 11 
53 21 149 112 91 147 61 65 43 94 102 95 115 140 4 66 30 144 139 129 128 44 28 131 10 98 37 33 41 76 145 99 12 52 
114 102 69 138 44 70 65 81 31 126 20 32 80 13 137 71 144 135 128 113 40 147 26 48 6 111 29 45 61 55 38 67 63 
143 139 46 134 119 37 114 128 55 54 96 86 85 28 87 49 1 145 88 73 10 110 19 131 117 50 125 102 63 103 112 115 75 12 14 92 111 126 
76 75 127 12 53 110 22 92 120 100 10 107 147 42 4 79 21 57 103 138 20 66 50 146 83 73 23 3 113 72 85 36 54 111 7 
106 4 23 83 62 6 67 99 97 34 10 128 46 109 116 39 108 94 143 7 5 57 148 59 86 137 145 149 60 139 53 113 58 
28 70 78 85 142 148 65 110 19 57 150 124 76 101 103 15 128 96 64 119 116 67 87 140 27 130 68 24 8 21 135 
115 30 119 24 74 36 17 61 4 76 38 13 26 78 64 135 91 40 31 100 59 67 27 150 87 101 68 116 130 20 144 92 
56 134 17 138 89 67 6 143 82 54 75 79 133 9 39 112 44 33 111 92 96 101 102 53 127 1 13 11 40 123 12 114 
137 74 2 9 113 125 44 115 98 139 82 12 90 27 138 132 120 107 131 41 129 85 102 143 24 68 13 60 25 111 88 95 75 32 123 8 128 
16 132 39 97 118 126 81 13 48 79 30 127 141 33 99 121 11 47 23 131 45 109 138 8 115 26 145 106 6 68 67 36 116 123 148 14 98 74 
35 39 148 63 107 133 100 99 66 57 74 9 108 14 7 147 43 8 127 58 123 140 89 114 31 29 128 92 6 60 94 93 33 30 55 17 142 76 72 118 70 
70 50 135 88 81 11 10 12 95 62 33 32 43 74 67 145 8 94 49 30 57 78 7 75 5 13 27 59 35 63 18 97 22 
74 142 78 121 107 33 86 17 127 87 108 7 114 23 63 139 113 136 61 24 66 34 26 131 45 125 68 89 21 40 53 130 43 85 20 129 
126 5 48 114 44 35 6 147 90 69 36 55 135 106 18 38 83 72 53 26 37 49 30 113 46 47 149 131 134 121 14 64 2 108 
37 38 112 48 11 23 79 76 149 131 89 22 105 28 31 107 34 15 73 68 71 124 2 147 77 108 21 19 59 61 116 96 54 146 101 
100 106 116 39 95 122 69 16 140 45 23 13 85 147 8 118 70 138 43 7 146 89 111 65 130 72 121 104 17 108 137 135 112 60 34 102 36 119 114 25 
33 52 7 50 11 34 31 72 127 113 96 35 73 65 79 102 64 149 54 42 106 28 67 109 51 83 24 13 107 91 105 20 130 84 38 89 124 104 132 81 
123 112 108 21 48 147 60 96 52 18 63 90 127 74 110 54 128 68 55 12 47 17 9 126 142 64 7 71 101 121 
112 50 84 139 120 30 63 25 73 128 89 40 58 77 140 17 149 133 78 74 95 14 94 1 136 91 109 52 4 38 82 47 69 150 7 64 97 85 
143 93 117 32 107 3 99 126 14 76 86 81 27 85 112 55 28 51 95 134 2 84 67 128 56 48 44 100 50 40 78 64 94 144 147 43 23 130 7 
92 58 149 16 106 48 51 107 53 94 39 36 147 145 70 136 150 110 139 41 132 123 111 140 61 52 56 88 83 26 109 59 69 75 4 22 99 12 76 13 28 
132 79 17 148 6 52 22 70 84 62 104 74 61 42 38 78 82 33 105 21 96 5 59 2 43 127 100 10 4 67 37 63 108 73 9 95 48 93 57 35 118 115 36 126 123 125 47 31 23 
99 7 42 85 102 122 126 30 135 86 46 94 147 76 93 91 34 27 120 105 8 104 144 118 17 66 137 4 62 90 43 15 67 41 149 107 12 37 84 48 
36 78 82 91 129 27 125 120 92 81 24 46 122 14 136 44 65 117 101 42 58 98 147 19 113 6 135 94 87 31 145 100 138 28 51 43 70 23 52 47 73 150 
56 40 21 81 82 45 68 66 101 47 39 23 138 64 148 9 35 97 96 107 98 140 8 124 83 150 136 118 106 77 71 78 
34 141 57 53 150 121 35 137 73 52 51 128 125 122 54 28 45 115 6 120 119 49 8 86 9 135 94 64 47 23 70 111 72 62 75 78 
146 107 86 141 6 50 91 24 101 16 9 20 32 70 129 54 36 10 131 116 26 102 51 27 83 137 139 66 21 4 140 22 113 64 53 90 18 114 80 47 128 
88 86 149 141 97 117 107 98 6 89 18 33 94 147 27 73 34 46 142 140 69 61 131 5 42 7 123 120 83 59 137 48 26 146 38 138 144 148 32 
75 49 53 142 110 35 28 69 9 149 4 65 150 50 115 2 22 86 127 119 144 83 129 130 100 141 132 26 51 117 27 67 24 139 95 39 114 
140 38 56 107 40 71 27 62 49 53 32 128 81 8 130 20 34 55 69 73 122 28 131 6 101 66 104 9 10 109 39 117 86 105 14 
121 73 132 74 117 140 133 61 42 77 46 53 30 40 3 144 49 79 146 16 57 26 149 2 34 38 39 145 114 81 52 115 107 10 67 25 66 
66 14 146 144 128 85 109 72 38 58 147 47 99 8 26 3 2 21 49 39 145 143 100 23 101 102 148 131 48 112 63 53 68 7 82 51 113 30 28 119 
1 77 39 42 22 60 33 87 43 82 134 2 108 57 116 137 106 144 146 58 30 135 69 53 24 86 13 20 29 129 6 91 97 
132 40 6 70 51 88 14 31 46 42 13 16 32 26 18 100 5 148 104 38 79 17 94 131 113 59 23 34 80 74 144 115 117 138 
27 3 109 149 131 39 93 55 11 69 32 133 51 12 130 105 34 85 42 135 45 61 66 49 56 148 63 143 94 101 111 41 79 26 89 129 30 114 37 9 10 139 134 150 4 70 113 40 54 1 
148 67 131 87 57 80 36 18 21 91 8 101 13 136 51 140 113 43 109 75 64 72 120 90 99 37 2 95 102 135 79 108 85 46 82 132 104 
34 129 46 94 96 66 117 13 142 11 145 130 121 102 111 143 90 52 76 92 136 93 7 137 71 83 91 123 41 110 100 54 97 109 74 55 72 8 79 118 1 
44 31 130 70 38 126 140 115 41 128 92 118 19 134 104 79 145 100 52 60 18 48 124 47 14 13 120 39 32 86 90 135 
97 13 128 98 126 104 68 17 67 34 28 108 111 30 23 129 66 120 138 11 51 81 134 37 55 36 15 107 121 76 39 4 35 
104 100 32 92 70 49 127 148 101 125 121 118 59 56 119 73 22 106 64 126 84 28 149 43 105 123 67 4 94 20 48 82 41 
1 100 4 144 85 77 127 22 139 125 26 120 6 83 10 9 146 122 101 18 51 29 17 59 2 87 113 108 112 
56 136 10 68 122 99 75 66 58 21 39 135 40 140 146 89 150 86 102 65 23 77 9 8 87 81 44 20 143 34 126 57 17 110 36 
88 26 50 99 58 10 28 33 105 20 65 29 146 111 14 130 52 124 79 140 138 94 69 126 129 145 55 62 43 
114 117 105 19 54 4 55 89 129 86 133 107 97 67 25 70 53 124 126 98 75 7 149 103 76 40 12 146 137 127 26 31 29 115 35 37 145 49 93 
36 84 30 138 85 25 29 53 34 63 70 33 104 127 112 128 74 55 110 58 3 133 57 115 62 21 41 11 46 116 8 
12 11 42 119 143 83 81 93 22 128 50 124 86 142 33 135 96 148 107 49 63 13 114 149 57 58 52 51 100 29 118 6 35 117 
136 134 26 141 39 107 95 3 83 145 84 33 72 67 93 115 24 43 19 130 59 62 29 99 34 125 18 80 65 119 100 63 116 10 101 144 
96 145 78 15 91 100 51 50 55 2 147 6 31 94 82 120 7 140 112 66 86 75 37 58 1 110 118 126 81 41 85 18 132 28 104 92 
8 139 57 97 60 102 133 58 107 119 5 127 86 67 112 121 32 129 65 20 10 91 116 26 134 55 75 80 47 81 122 110 45 12 118 41 92 30 
101 35 43 69 119 57 48 27 90 60 45 24 138 31 56 117 13 81 7 40 22 37 72 120 84 61 29 118 
57 71 75 3 81 7 49 28 41 87 69 15 45 55 56 104 70 137 91 1 85 31 2 67 77 119 76 102 78 97 19 42 120 128 109 80 
7 21 31 11 123 83 96 15 56 52 137 6 55 126 20 43 26 94 46 90 99 13 65 50 72 35 100 128 70 89 133 111 
70 41 93 98 24 125 49 74 90 36 85 37 124 65 11 79 123 119 17 138 92 91 20 12 58 120 52 14 6 4 29 132 46 114 122 62 81 111 59 
11 39 89 139 138 122 69 92 48 68 79 28 112 94 62 19 64 66 96 88 20 128 101 135 129 115 123 63 15 44 103 134 146 
65 135 45 33 73 30 134 36 123 72 26 66 79 74 9 133 1 106 132 29 84 5 67 122 95 23 145 124 118 44 91 38 15 48 25 119 107 69 
65 63 53 89 84 20 139 76 149 92 49 82 115 34 24 19 105 106 8 4 57 9 30 109 112 37 72 111 79 14 71 69 119 27 26 114 32 102 45 123 93 13 95 107 3 
56 13 36 67 46 126 96 53 85 1 61 47 77 52 101 21 123 137 88 9 69 57 127 150 12 89 97 119 58 125 113 14 102 131 73 48 116 66 
108 137 85 96 135 25 131 67 4 83 78 126 71 120 92 112 40 119 19 60 114 43 3 91 37 106 68 58 147 15 105 49 110 22 69 122 
17 57 148 71 117 15 120 110 89 61 27 97 60 34 115 72 41 4 14 126 62 11 2 16 32 67 33 116 133 112 82 68 98 23 79 